AutoSaveFileName0237.ASC
 IFORMY    0    .00
 (6E13.7)
 IFORMT    0    .00
 (6E13.7)
 IFORMW    0    .00
 (6E13.7)
 NINTT     0   -1.00
 DOUSNQ    0    1.00
 IQUAD          1.00
 PRWT      0    1.00
 PRY       0    1.00
 IPLRES    1    3.00
 IPLRES    2    3.00
 IPRINT    1    0.00
 IPRINT    2    2.00
 IPLFIT    1    0.00
 IPLFIT    2    0.00
 LINEPG    0   50.
 NONNEG    1    1.00
 IWT       0    5.00
 NQPROG    1    5.00
 NQPROG    2    5.00
 GMNMX     1    8.326E-06
 GMNMX     2    8.326E-03
 RUSER    10    -1.00
 NG        0    200.00
 NLINF     0    0.00
 IUSER    10    4.00
 RUSER    21    1.0
 RUSER    22   -1.0
 RUSER    23    0.0
 RUSER    18         292.24355
 RUSER    17         129.99900
 RUSER    19         1.02431
 RUSER    15         1.33200
 RUSER    16         632.80000
 RUSER    25         1
 RUSER    26         0
 END       0    0.00
 NY      188
  5.00000E-07  6.25000E-07  7.50000E-07  8.75000E-07  1.00000E-06  1.12500E-06
  1.25000E-06  1.37500E-06  1.50000E-06  1.62500E-06  1.75000E-06  1.87500E-06
  2.00000E-06  2.25000E-06  2.50000E-06  2.75000E-06  3.00000E-06  3.25000E-06
  3.50000E-06  3.75000E-06  4.00000E-06  4.50000E-06  5.00000E-06  5.50000E-06
  6.00000E-06  6.50000E-06  7.00000E-06  7.50000E-06  8.00000E-06  9.00000E-06
  1.00000E-05  1.10000E-05  1.20000E-05  1.30000E-05  1.40000E-05  1.50000E-05
  1.60000E-05  1.80000E-05  2.00000E-05  2.20000E-05  2.40000E-05  2.60000E-05
  2.80000E-05  3.00000E-05  3.20000E-05  3.60000E-05  4.00000E-05  4.40000E-05
  4.80000E-05  5.20000E-05  5.60000E-05  6.00000E-05  6.40000E-05  7.20000E-05
  8.00000E-05  8.80000E-05  9.60000E-05  1.04000E-04  1.12000E-04  1.20000E-04
  1.28000E-04  1.44000E-04  1.60000E-04  1.76000E-04  1.92000E-04  2.08000E-04
  2.24000E-04  2.40000E-04  2.56000E-04  2.88000E-04  3.20000E-04  3.52000E-04
  3.84000E-04  4.16000E-04  4.48000E-04  4.80000E-04  5.12000E-04  5.76000E-04
  6.40000E-04  7.04000E-04  7.68000E-04  8.32000E-04  8.96000E-04  9.60000E-04
  1.02400E-03  1.15200E-03  1.28000E-03  1.40800E-03  1.53600E-03  1.66400E-03
  1.79200E-03  1.92000E-03  2.01600E-03  2.27200E-03  2.52800E-03  2.78400E-03
  3.04000E-03  3.29600E-03  3.55200E-03  3.80800E-03  4.06400E-03  4.57600E-03
  5.08800E-03  5.60000E-03  6.11200E-03  6.62400E-03  7.13600E-03  7.64800E-03
  8.16000E-03  9.18400E-03  1.02080E-02  1.12320E-02  1.22560E-02  1.32800E-02
  1.43040E-02  1.53280E-02  1.63520E-02  1.84000E-02  2.04480E-02  2.24960E-02
  2.45440E-02  2.65920E-02  2.86400E-02  3.06880E-02  3.27360E-02  3.68320E-02
  4.09280E-02  4.50240E-02  4.91200E-02  5.32160E-02  5.73120E-02  6.14080E-02
  6.55040E-02  7.36960E-02  8.18880E-02  9.00800E-02  9.82720E-02  1.06464E-01
  1.14656E-01  1.22848E-01  1.31040E-01  1.47424E-01  1.63808E-01  1.80192E-01
  1.96576E-01  2.12960E-01  2.29344E-01  2.45728E-01  2.62112E-01  2.94880E-01
  3.27648E-01  3.60416E-01  3.93184E-01  4.25952E-01  4.58720E-01  4.91488E-01
  5.24256E-01  5.89792E-01  6.55328E-01  7.20864E-01  7.86400E-01  8.51936E-01
  9.17472E-01  9.83008E-01  1.04854E+00  1.17962E+00  1.31069E+00  1.44176E+00
  1.57283E+00  1.70390E+00  1.83498E+00  1.96605E+00  2.09712E+00  2.35926E+00
  2.62141E+00  2.88355E+00  3.14570E+00  3.40784E+00  3.66998E+00  3.93213E+00
  4.19427E+00  4.71856E+00  5.24285E+00  5.76714E+00  6.29142E+00  6.81571E+00
  7.34000E+00  7.86429E+00
  9.94278E-01  9.93373E-01  9.91590E-01  9.92949E-01  9.92056E-01  9.89176E-01
  9.91187E-01  9.89602E-01  9.90920E-01  9.88710E-01  9.88960E-01  9.89145E-01
  9.89651E-01  9.89684E-01  9.89409E-01  9.89066E-01  9.88690E-01  9.88540E-01
  9.87740E-01  9.88877E-01  9.89650E-01  9.88414E-01  9.87995E-01  9.86691E-01
  9.88172E-01  9.88235E-01  9.87447E-01  9.87156E-01  9.87636E-01  9.86556E-01
  9.86107E-01  9.85411E-01  9.85301E-01  9.85036E-01  9.84396E-01  9.84544E-01
  9.84076E-01  9.83122E-01  9.82387E-01  9.81431E-01  9.80863E-01  9.79776E-01
  9.79070E-01  9.78267E-01  9.77474E-01  9.76149E-01  9.74501E-01  9.72759E-01
  9.71163E-01  9.69534E-01  9.67985E-01  9.66546E-01  9.64896E-01  9.61671E-01
  9.58520E-01  9.55205E-01  9.52192E-01  9.49129E-01  9.45931E-01  9.42672E-01
  9.39699E-01  9.33441E-01  9.27233E-01  9.20923E-01  9.14836E-01  9.08600E-01
  9.02873E-01  8.96635E-01  8.90885E-01  8.79178E-01  8.67509E-01  8.55953E-01
  8.44668E-01  8.33488E-01  8.22568E-01  8.11921E-01  8.01265E-01  7.80214E-01
  7.60001E-01  7.40283E-01  7.21156E-01  7.02753E-01  6.84807E-01  6.67539E-01
  6.50640E-01  6.17982E-01  5.87406E-01  5.58329E-01  5.30612E-01  5.04504E-01
  4.79777E-01  4.56105E-01  4.39582E-01  3.97811E-01  3.60317E-01  3.26768E-01
  2.96595E-01  2.69251E-01  2.44637E-01  2.22581E-01  2.02936E-01  1.69283E-01
  1.42533E-01  1.20760E-01  1.02443E-01  8.79525E-02  7.59358E-02  6.57271E-02
  5.74552E-02  4.36395E-02  3.30987E-02  2.51826E-02  1.86226E-02  1.45802E-02
  1.04057E-02  6.12483E-03  3.36178E-03  2.42098E-03  2.75104E-03  2.11709E-03
  1.18492E-03  6.59574E-04  1.36226E-03  4.57227E-03  4.70772E-03  1.16705E-03
  1.17524E-03  4.89491E-03  9.03955E-04  1.30321E-04 -2.43182E-03  3.57559E-04
  4.54467E-04  1.16425E-03 -2.78376E-03 -9.37931E-04  2.48526E-03 -9.69556E-04
  2.23410E-03 -7.33311E-04 -2.59093E-03  1.53799E-03  5.08595E-03  2.25563E-03
 -1.40592E-03 -2.80874E-03  1.39687E-03  3.78650E-03  1.18774E-04 -3.11348E-03
  1.91111E-03 -1.74012E-04 -6.31686E-04  2.02138E-04  2.05303E-03  8.30281E-04
 -6.40596E-04  2.31608E-03  1.54359E-03  1.64599E-04 -1.58259E-03 -5.29069E-04
  1.60583E-03  2.20937E-04 -1.15361E-03 -2.57607E-03 -7.35914E-04 -1.55035E-03
 -5.56172E-04 -8.92151E-04 -1.40944E-03  7.07513E-04  2.85597E-04  3.46538E-04
  1.14574E-03 -1.10506E-03  1.22530E-03  7.94274E-04 -2.88098E-03  3.83744E-04
 -1.79562E-04 -1.45270E-03  2.95711E-04  4.12367E-04  4.24094E-04 -6.22394E-04
 -4.01660E-04  6.63622E-04
