AutoSaveFileName0209.ASC
 IFORMY    0    .00
 (6E13.7)
 IFORMT    0    .00
 (6E13.7)
 IFORMW    0    .00
 (6E13.7)
 NINTT     0   -1.00
 DOUSNQ    0    1.00
 IQUAD          1.00
 PRWT      0    1.00
 PRY       0    1.00
 IPLRES    1    3.00
 IPLRES    2    3.00
 IPRINT    1    0.00
 IPRINT    2    2.00
 IPLFIT    1    0.00
 IPLFIT    2    0.00
 LINEPG    0   50.
 NONNEG    1    1.00
 IWT       0    5.00
 NQPROG    1    5.00
 NQPROG    2    5.00
 GMNMX     1    1.536E-05
 GMNMX     2    1.536E-02
 RUSER    10    -1.00
 NG        0    200.00
 NLINF     0    0.00
 IUSER    10    4.00
 RUSER    21    1.0
 RUSER    22   -1.0
 RUSER    23    0.0
 RUSER    18         292.04100
 RUSER    17         83.99900
 RUSER    19         1.02945
 RUSER    15         1.33200
 RUSER    16         632.80000
 RUSER    25         1
 RUSER    26         0
 END       0    0.00
 NY      131
  3.75000E-07  5.00000E-07  6.25000E-07  7.50000E-07  8.75000E-07  1.00000E-06
  1.12500E-06  1.25000E-06  1.37500E-06  1.50000E-06  1.62500E-06  1.75000E-06
  1.87500E-06  2.00000E-06  2.25000E-06  2.50000E-06  2.75000E-06  3.00000E-06
  3.25000E-06  3.50000E-06  3.75000E-06  4.00000E-06  4.50000E-06  5.00000E-06
  5.50000E-06  6.00000E-06  6.50000E-06  7.00000E-06  7.50000E-06  8.00000E-06
  9.00000E-06  1.00000E-05  1.10000E-05  1.20000E-05  1.30000E-05  1.40000E-05
  1.50000E-05  1.60000E-05  1.80000E-05  2.00000E-05  2.20000E-05  2.40000E-05
  2.60000E-05  2.80000E-05  3.00000E-05  3.20000E-05  3.60000E-05  4.00000E-05
  4.40000E-05  4.80000E-05  5.20000E-05  5.60000E-05  6.00000E-05  6.40000E-05
  7.20000E-05  8.00000E-05  8.80000E-05  9.60000E-05  1.04000E-04  1.12000E-04
  1.20000E-04  1.28000E-04  1.44000E-04  1.60000E-04  1.76000E-04  1.92000E-04
  2.08000E-04  2.24000E-04  2.40000E-04  2.56000E-04  2.88000E-04  3.20000E-04
  3.52000E-04  3.84000E-04  4.16000E-04  4.48000E-04  4.80000E-04  5.12000E-04
  5.76000E-04  6.40000E-04  7.04000E-04  7.68000E-04  8.32000E-04  8.96000E-04
  9.60000E-04  1.02400E-03  1.15200E-03  1.28000E-03  1.40800E-03  1.53600E-03
  1.66400E-03  1.79200E-03  1.92000E-03  2.01600E-03  2.27200E-03  2.52800E-03
  2.78400E-03  3.04000E-03  3.29600E-03  3.55200E-03  3.80800E-03  4.06400E-03
  4.57600E-03  5.08800E-03  5.60000E-03  6.11200E-03  6.62400E-03  7.13600E-03
  7.64800E-03  8.16000E-03  9.18400E-03  1.02080E-02  1.12320E-02  1.22560E-02
  1.32800E-02  1.43040E-02  1.53280E-02  1.63520E-02  1.84000E-02  2.04480E-02
  2.24960E-02  2.45440E-02  2.65920E-02  2.86400E-02  3.06880E-02  3.27360E-02
  3.68320E-02  4.09280E-02  4.50240E-02  4.91200E-02  5.32160E-02
  2.33298E+00  2.33007E+00  2.32807E+00  2.33000E+00  2.32076E+00  2.32370E+00
  2.32240E+00  2.32319E+00  2.31741E+00  2.32402E+00  2.31386E+00  2.32029E+00
  2.31983E+00  2.32014E+00  2.32158E+00  2.32137E+00  2.31854E+00  2.31804E+00
  2.31710E+00  2.31815E+00  2.31582E+00  2.31703E+00  2.31513E+00  2.31703E+00
  2.31601E+00  2.31381E+00  2.31629E+00  2.31673E+00  2.31496E+00  2.31342E+00
  2.31355E+00  2.31151E+00  2.30990E+00  2.30882E+00  2.30586E+00  2.30682E+00
  2.30607E+00  2.30561E+00  2.30413E+00  2.30278E+00  2.29953E+00  2.29653E+00
  2.29590E+00  2.29182E+00  2.29091E+00  2.28820E+00  2.28592E+00  2.28140E+00
  2.27754E+00  2.27340E+00  2.26787E+00  2.26438E+00  2.26035E+00  2.25661E+00
  2.24851E+00  2.24013E+00  2.23166E+00  2.22414E+00  2.21570E+00  2.20800E+00
  2.19990E+00  2.19207E+00  2.17681E+00  2.16060E+00  2.14514E+00  2.12966E+00
  2.11435E+00  2.09938E+00  2.08459E+00  2.06967E+00  2.04000E+00  2.01136E+00
  1.98297E+00  1.95441E+00  1.92661E+00  1.89937E+00  1.87262E+00  1.79773E+00
  1.74691E+00  1.69776E+00  1.64921E+00  1.60327E+00  1.55835E+00  1.51485E+00
  1.47327E+00  1.25331E+00  1.18304E+00  1.11708E+00  1.05576E+00  9.98434E-01
  9.44570E-01  8.93563E-01  8.45666E-01  9.64194E-01  8.65548E-01  7.77002E-01
  6.97786E-01  6.27620E-01  5.65664E-01  5.07882E-01  4.56045E-01  4.11820E-01
  3.33139E-01  2.68859E-01  2.17089E-01  1.76860E-01  1.46729E-01  1.22937E-01
  1.03984E-01  8.82233E-02  6.36626E-02  4.49471E-02  3.19691E-02  2.75266E-02
  2.65837E-02  2.18751E-02  1.32408E-02  1.09361E-02  9.43492E-03  6.34660E-03
 -1.12578E-02 -2.14940E-02 -1.34560E-02 -4.32695E-03  9.63083E-03  7.54100E-03
  1.67107E-03  4.00183E-03  4.82913E-04  7.25192E-03  4.10646E-03
