AutoSaveFileName0347.ASC
 IFORMY    0    .00
 (6E13.7)
 IFORMT    0    .00
 (6E13.7)
 IFORMW    0    .00
 (6E13.7)
 NINTT     0   -1.00
 DOUSNQ    0    1.00
 IQUAD          1.00
 PRWT      0    1.00
 PRY       0    1.00
 IPLRES    1    3.00
 IPLRES    2    3.00
 IPRINT    1    0.00
 IPRINT    2    2.00
 IPLFIT    1    0.00
 IPLFIT    2    0.00
 LINEPG    0   50.
 NONNEG    1    1.00
 IWT       0    5.00
 NQPROG    1    5.00
 NQPROG    2    5.00
 GMNMX     1    8.322E-06
 GMNMX     2    8.322E-03
 RUSER    10    -1.00
 NG        0    200.00
 NLINF     0    0.00
 IUSER    10    4.00
 RUSER    21    1.0
 RUSER    22   -1.0
 RUSER    23    0.0
 RUSER    18         292.26134
 RUSER    17         129.99900
 RUSER    19         1.02386
 RUSER    15         1.33200
 RUSER    16         632.80000
 RUSER    25         1
 RUSER    26         0
 END       0    0.00
 NY      131
  3.75000E-07  5.00000E-07  6.25000E-07  7.50000E-07  8.75000E-07  1.00000E-06
  1.12500E-06  1.25000E-06  1.37500E-06  1.50000E-06  1.62500E-06  1.75000E-06
  1.87500E-06  2.00000E-06  2.25000E-06  2.50000E-06  2.75000E-06  3.00000E-06
  3.25000E-06  3.50000E-06  3.75000E-06  4.00000E-06  4.50000E-06  5.00000E-06
  5.50000E-06  6.00000E-06  6.50000E-06  7.00000E-06  7.50000E-06  8.00000E-06
  9.00000E-06  1.00000E-05  1.10000E-05  1.20000E-05  1.30000E-05  1.40000E-05
  1.50000E-05  1.60000E-05  1.80000E-05  2.00000E-05  2.20000E-05  2.40000E-05
  2.60000E-05  2.80000E-05  3.00000E-05  3.20000E-05  3.60000E-05  4.00000E-05
  4.40000E-05  4.80000E-05  5.20000E-05  5.60000E-05  6.00000E-05  6.40000E-05
  7.20000E-05  8.00000E-05  8.80000E-05  9.60000E-05  1.04000E-04  1.12000E-04
  1.20000E-04  1.28000E-04  1.44000E-04  1.60000E-04  1.76000E-04  1.92000E-04
  2.08000E-04  2.24000E-04  2.40000E-04  2.56000E-04  2.88000E-04  3.20000E-04
  3.52000E-04  3.84000E-04  4.16000E-04  4.48000E-04  4.80000E-04  5.12000E-04
  5.76000E-04  6.40000E-04  7.04000E-04  7.68000E-04  8.32000E-04  8.96000E-04
  9.60000E-04  1.02400E-03  1.15200E-03  1.28000E-03  1.40800E-03  1.53600E-03
  1.66400E-03  1.79200E-03  1.92000E-03  2.01600E-03  2.27200E-03  2.52800E-03
  2.78400E-03  3.04000E-03  3.29600E-03  3.55200E-03  3.80800E-03  4.06400E-03
  4.57600E-03  5.08800E-03  5.60000E-03  6.11200E-03  6.62400E-03  7.13600E-03
  7.64800E-03  8.16000E-03  9.18400E-03  1.02080E-02  1.12320E-02  1.22560E-02
  1.32800E-02  1.43040E-02  1.53280E-02  1.63520E-02  1.84000E-02  2.04480E-02
  2.24960E-02  2.45440E-02  2.65920E-02  2.86400E-02  3.06880E-02  3.27360E-02
  3.68320E-02  4.09280E-02  4.50240E-02  4.91200E-02  5.32160E-02
  2.51410E+00  2.49528E+00  2.50767E+00  2.49900E+00  2.49253E+00  2.49310E+00
  2.48110E+00  2.49871E+00  2.48738E+00  2.48740E+00  2.49859E+00  2.48825E+00
  2.48730E+00  2.48539E+00  2.48352E+00  2.48238E+00  2.48346E+00  2.48968E+00
  2.48642E+00  2.47730E+00  2.48651E+00  2.48655E+00  2.48549E+00  2.47873E+00
  2.48030E+00  2.48144E+00  2.47821E+00  2.47911E+00  2.47754E+00  2.47612E+00
  2.47299E+00  2.46841E+00  2.46854E+00  2.46522E+00  2.46633E+00  2.46157E+00
  2.46242E+00  2.45826E+00  2.45380E+00  2.45095E+00  2.44772E+00  2.44116E+00
  2.43607E+00  2.43601E+00  2.43128E+00  2.42685E+00  2.42033E+00  2.41023E+00
  2.40280E+00  2.39634E+00  2.38782E+00  2.38064E+00  2.37254E+00  2.36436E+00
  2.34835E+00  2.33218E+00  2.31677E+00  2.30345E+00  2.28721E+00  2.27264E+00
  2.25665E+00  2.24270E+00  2.21381E+00  2.18416E+00  2.15527E+00  2.12895E+00
  2.10096E+00  2.07357E+00  2.04585E+00  2.01950E+00  1.96707E+00  1.91728E+00
  1.86808E+00  1.82004E+00  1.77241E+00  1.72708E+00  1.68274E+00  1.64031E+00
  1.55744E+00  1.48004E+00  1.40647E+00  1.33716E+00  1.27056E+00  1.20762E+00
  1.14704E+00  1.08762E+00  9.82510E-01  8.88686E-01  8.03801E-01  7.26685E-01
  6.57739E-01  5.95061E-01  5.39510E-01  5.04335E-01  4.15735E-01  3.43138E-01
  2.84749E-01  2.35238E-01  1.94363E-01  1.60282E-01  1.30310E-01  1.08572E-01
  7.79771E-02  6.06378E-02  4.94440E-02  3.46090E-02  2.16829E-02  1.17751E-02
  4.42151E-03 -1.01980E-03 -7.72716E-03 -7.68493E-03 -1.04087E-02 -1.02999E-02
 -2.81717E-03  3.84887E-03  1.28408E-02  1.17477E-02  2.48656E-03  7.03909E-03
  6.14301E-03  1.36606E-03  1.14790E-03  6.61514E-03  1.07797E-02  4.90176E-03
  1.27089E-02  3.29852E-03 -7.43489E-03  1.20061E-03  6.11850E-03
