AutoSaveFileName0265.ASC
 IFORMY    0    .00
 (6E13.7)
 IFORMT    0    .00
 (6E13.7)
 IFORMW    0    .00
 (6E13.7)
 NINTT     0   -1.00
 DOUSNQ    0    1.00
 IQUAD     0    1.00
 PRWT      0    1.00
 PRY       0    1.00
 IPLRES    1    3.00
 IPLRES    2    3.00
 IPRINT    1    0.00
 IPRINT    2    2.00
 IPLFIT    1    0.00
 IPLFIT    2    0.00
 LINEPG    0   50.
 NONNEG    1    1.00
 IWT       0    5.00
 NQPROG    1    5.00
 NQPROG    2    5.00
 GMNMX     1    2.94065E-03
 GMNMX     2    1.05562E-03
 RUSER    10    -1.00
 NG        0    500.00
 NLINF     0    1.00
 IUSER    10    4.00
 RUSER    21    1.0
 RUSER    22   -1.0
 RUSER    23    0.0
 RUSER    18         292.14455
 RUSER    17         144.99900
 RUSER    19         1.02682
 RUSER    15         1.33200
 RUSER    16         632.80000
 RUSER    25         1
 RUSER    26         0
 END       0    0.00
 NY      162
  7.50000E-07  8.75000E-07  1.00000E-06  1.12500E-06  1.25000E-06  1.37500E-06
  1.50000E-06  1.62500E-06  1.75000E-06  1.87500E-06  2.00000E-06  2.25000E-06
  2.50000E-06  2.75000E-06  3.00000E-06  3.25000E-06  3.50000E-06  3.75000E-06
  4.00000E-06  4.50000E-06  5.00000E-06  5.50000E-06  6.00000E-06  6.50000E-06
  7.00000E-06  7.50000E-06  8.00000E-06  9.00000E-06  1.00000E-05  1.10000E-05
  1.20000E-05  1.30000E-05  1.40000E-05  1.50000E-05  1.60000E-05  1.80000E-05
  2.00000E-05  2.20000E-05  2.40000E-05  2.60000E-05  2.80000E-05  3.00000E-05
  3.20000E-05  3.60000E-05  4.00000E-05  4.40000E-05  4.80000E-05  5.20000E-05
  5.60000E-05  6.00000E-05  6.40000E-05  7.20000E-05  8.00000E-05  8.80000E-05
  9.60000E-05  1.04000E-04  1.12000E-04  1.20000E-04  1.28000E-04  1.44000E-04
  1.60000E-04  1.76000E-04  1.92000E-04  2.08000E-04  2.24000E-04  2.40000E-04
  2.56000E-04  2.88000E-04  3.20000E-04  3.52000E-04  3.84000E-04  4.16000E-04
  4.48000E-04  4.80000E-04  5.12000E-04  5.76000E-04  6.40000E-04  7.04000E-04
  7.68000E-04  8.32000E-04  8.96000E-04  9.60000E-04  1.02400E-03  1.15200E-03
  1.28000E-03  1.40800E-03  1.53600E-03  1.66400E-03  1.79200E-03  1.92000E-03
  2.01600E-03  2.27200E-03  2.52800E-03  2.78400E-03  3.04000E-03  3.29600E-03
  3.55200E-03  3.80800E-03  4.06400E-03  4.57600E-03  5.08800E-03  5.60000E-03
  6.11200E-03  6.62400E-03  7.13600E-03  7.64800E-03  8.16000E-03  9.18400E-03
  1.02080E-02  1.12320E-02  1.22560E-02  1.32800E-02  1.43040E-02  1.53280E-02
  1.63520E-02  1.84000E-02  2.04480E-02  2.24960E-02  2.45440E-02  2.65920E-02
  2.86400E-02  3.06880E-02  3.27360E-02  3.68320E-02  4.09280E-02  4.50240E-02
  4.91200E-02  5.32160E-02  5.73120E-02  6.14080E-02  6.55040E-02  7.36960E-02
  8.18880E-02  9.00800E-02  9.82720E-02  1.06464E-01  1.14656E-01  1.22848E-01
  1.31040E-01  1.47424E-01  1.63808E-01  1.80192E-01  1.96576E-01  2.12960E-01
  2.29344E-01  2.45728E-01  2.62112E-01  2.94880E-01  3.27648E-01  3.60416E-01
  3.93184E-01  4.25952E-01  4.58720E-01  4.91488E-01  5.24256E-01  5.89792E-01
  6.55328E-01  7.20864E-01  7.86400E-01  8.51936E-01  9.17472E-01  9.83008E-01
  9.96967E-01  1.00000E+00  9.96753E-01  9.94814E-01  9.95288E-01  9.92292E-01
  9.90904E-01  9.91067E-01  9.92617E-01  9.90704E-01  9.89702E-01  9.87405E-01
  9.86520E-01  9.83936E-01  9.80779E-01  9.81690E-01  9.78703E-01  9.79485E-01
  9.76192E-01  9.73622E-01  9.71066E-01  9.67539E-01  9.65749E-01  9.63135E-01
  9.58552E-01  9.55244E-01  9.52870E-01  9.47113E-01  9.41201E-01  9.35064E-01
  9.29072E-01  9.24174E-01  9.17859E-01  9.12792E-01  9.06675E-01  8.96532E-01
  8.84513E-01  8.74516E-01  8.63047E-01  8.52375E-01  8.41606E-01  8.31179E-01
  8.21426E-01  8.00982E-01  7.82092E-01  7.62091E-01  7.43739E-01  7.25450E-01
  7.07443E-01  6.90717E-01  6.73778E-01  6.41243E-01  6.10148E-01  5.80955E-01
  5.53047E-01  5.26453E-01  5.00987E-01  4.76713E-01  4.54096E-01  4.11551E-01
  3.72870E-01  3.37936E-01  3.06332E-01  2.77568E-01  2.51325E-01  2.27801E-01
  2.06883E-01  1.69769E-01  1.39200E-01  1.14049E-01  9.32037E-02  7.64625E-02
  6.27789E-02  5.15845E-02  4.28244E-02  2.86364E-02  1.89999E-02  1.16468E-02
  6.08820E-03  2.98814E-03  1.29393E-03  3.41411E-04 -3.10821E-06 -3.63347E-04
 -6.78686E-04 -6.07994E-04 -7.94316E-04 -3.01652E-04  6.60038E-04  1.50570E-03
  4.97203E-04 -6.57418E-04 -3.48778E-04 -5.55889E-04 -7.40492E-04  1.63404E-04
  1.14843E-03 -2.05591E-04 -5.27687E-04 -1.48461E-03 -1.40168E-03  1.23320E-03
  4.11493E-05 -4.20515E-04 -4.24449E-04  1.78544E-03  6.46943E-04 -1.59710E-03
 -1.38843E-05 -1.86771E-03 -1.05732E-03 -1.58069E-04  8.04462E-04 -7.30543E-04
 -4.29208E-04 -3.12147E-04 -4.20660E-04  8.38121E-04 -1.01114E-03  1.18270E-04
 -2.63880E-04 -4.85906E-05  5.18246E-04  4.03686E-04  3.83900E-04 -3.04639E-04
 -2.85184E-04 -6.71660E-04 -2.80577E-04 -2.41714E-04  3.57570E-04  3.70643E-04
 -4.25743E-04  6.72734E-04  1.83232E-04 -9.82636E-05 -4.52623E-04 -2.72333E-04
 -6.34926E-05  1.17887E-04  1.96183E-04 -4.04676E-04  2.01995E-04 -3.98311E-04
 -9.45886E-06 -4.45115E-06 -1.21331E-04  2.51174E-04  1.20389E-04 -3.60279E-05
  2.14200E-04 -3.18270E-04 -2.20454E-04  9.30751E-05 -2.09171E-04  7.49546E-05
  9.62559E-05  1.25456E-04  6.67780E-05 -5.72917E-05 -1.54234E-04  1.99275E-04
