AutoSaveFileName0021.ASC
 IFORMY    0    .00
 (6E13.7)
 IFORMT    0    .00
 (6E13.7)
 IFORMW    0    .00
 (6E13.7)
 NINTT     0   -1.00
 DOUSNQ    0    1.00
 IQUAD     0    1.00
 PRWT      0    1.00
 PRY       0    1.00
 IPLRES    1    3.00
 IPLRES    2    3.00
 IPRINT    1    0.00
 IPRINT    2    2.00
 IPLFIT    1    0.00
 IPLFIT    2    0.00
 LINEPG    0   50.
 NONNEG    1    1.00
 IWT       0    5.00
 NQPROG    1    5.00
 NQPROG    2    5.00
 GMNMX     1    5.74946E-02
 GMNMX     2    2.06391E-02
 RUSER    10    -1.00
 NG        0    500.00
 NLINF     0    1.00
 IUSER    10    4.00
 RUSER    21    1.0
 RUSER    22   -1.0
 RUSER    23    0.0
 RUSER    18         291.90329
 RUSER    17         24.99800
 RUSER    19         1.03297
 RUSER    15         1.33200
 RUSER    16         632.80000
 RUSER    25         1
 RUSER    26         0
 END       0    0.00
 NY      162
  7.50000E-07  8.75000E-07  1.00000E-06  1.12500E-06  1.25000E-06  1.37500E-06
  1.50000E-06  1.62500E-06  1.75000E-06  1.87500E-06  2.00000E-06  2.25000E-06
  2.50000E-06  2.75000E-06  3.00000E-06  3.25000E-06  3.50000E-06  3.75000E-06
  4.00000E-06  4.50000E-06  5.00000E-06  5.50000E-06  6.00000E-06  6.50000E-06
  7.00000E-06  7.50000E-06  8.00000E-06  9.00000E-06  1.00000E-05  1.10000E-05
  1.20000E-05  1.30000E-05  1.40000E-05  1.50000E-05  1.60000E-05  1.80000E-05
  2.00000E-05  2.20000E-05  2.40000E-05  2.60000E-05  2.80000E-05  3.00000E-05
  3.20000E-05  3.60000E-05  4.00000E-05  4.40000E-05  4.80000E-05  5.20000E-05
  5.60000E-05  6.00000E-05  6.40000E-05  7.20000E-05  8.00000E-05  8.80000E-05
  9.60000E-05  1.04000E-04  1.12000E-04  1.20000E-04  1.28000E-04  1.44000E-04
  1.60000E-04  1.76000E-04  1.92000E-04  2.08000E-04  2.24000E-04  2.40000E-04
  2.56000E-04  2.88000E-04  3.20000E-04  3.52000E-04  3.84000E-04  4.16000E-04
  4.48000E-04  4.80000E-04  5.12000E-04  5.76000E-04  6.40000E-04  7.04000E-04
  7.68000E-04  8.32000E-04  8.96000E-04  9.60000E-04  1.02400E-03  1.15200E-03
  1.28000E-03  1.40800E-03  1.53600E-03  1.66400E-03  1.79200E-03  1.92000E-03
  2.01600E-03  2.27200E-03  2.52800E-03  2.78400E-03  3.04000E-03  3.29600E-03
  3.55200E-03  3.80800E-03  4.06400E-03  4.57600E-03  5.08800E-03  5.60000E-03
  6.11200E-03  6.62400E-03  7.13600E-03  7.64800E-03  8.16000E-03  9.18400E-03
  1.02080E-02  1.12320E-02  1.22560E-02  1.32800E-02  1.43040E-02  1.53280E-02
  1.63520E-02  1.84000E-02  2.04480E-02  2.24960E-02  2.45440E-02  2.65920E-02
  2.86400E-02  3.06880E-02  3.27360E-02  3.68320E-02  4.09280E-02  4.50240E-02
  4.91200E-02  5.32160E-02  5.73120E-02  6.14080E-02  6.55040E-02  7.36960E-02
  8.18880E-02  9.00800E-02  9.82720E-02  1.06464E-01  1.14656E-01  1.22848E-01
  1.31040E-01  1.47424E-01  1.63808E-01  1.80192E-01  1.96576E-01  2.12960E-01
  2.29344E-01  2.45728E-01  2.62112E-01  2.94880E-01  3.27648E-01  3.60416E-01
  3.93184E-01  4.25952E-01  4.58720E-01  4.91488E-01  5.24256E-01  5.89792E-01
  6.55328E-01  7.20864E-01  7.86400E-01  8.51936E-01  9.17472E-01  9.83008E-01
  9.96439E-01  1.00000E+00  9.99672E-01  9.94870E-01  9.97041E-01  9.93433E-01
  9.99630E-01  9.96546E-01  9.95843E-01  9.91476E-01  9.94196E-01  9.93958E-01
  9.93451E-01  9.96528E-01  9.93683E-01  9.92860E-01  9.93606E-01  9.92604E-01
  9.94005E-01  9.94154E-01  9.91172E-01  9.95043E-01  9.93665E-01  9.93755E-01
  9.93725E-01  9.91798E-01  9.92490E-01  9.93880E-01  9.92878E-01  9.93576E-01
  9.92204E-01  9.91667E-01  9.91840E-01  9.91101E-01  9.90194E-01  9.90963E-01
  9.89466E-01  9.89454E-01  9.88506E-01  9.88458E-01  9.87993E-01  9.86800E-01
  9.86370E-01  9.85464E-01  9.84396E-01  9.82458E-01  9.82392E-01  9.81199E-01
  9.80579E-01  9.79278E-01  9.78413E-01  9.76582E-01  9.74578E-01  9.72013E-01
  9.70009E-01  9.67832E-01  9.65661E-01  9.63871E-01  9.62046E-01  9.57930E-01
  9.54125E-01  9.50254E-01  9.46186E-01  9.42684E-01  9.38586E-01  9.34960E-01
  9.31381E-01  9.23907E-01  9.16427E-01  9.09210E-01  9.02082E-01  8.94817E-01
  8.87868E-01  8.80984E-01  8.74524E-01  8.61163E-01  8.48136E-01  8.35306E-01
  8.22428E-01  8.10128E-01  7.98115E-01  7.86162E-01  7.69705E-01  7.46675E-01
  7.24999E-01  7.03746E-01  6.83281E-01  6.63442E-01  6.44635E-01  6.26418E-01
  6.17441E-01  5.82976E-01  5.50700E-01  5.20737E-01  4.92910E-01  4.66500E-01
  4.42061E-01  4.19299E-01  3.97636E-01  3.57306E-01  3.21657E-01  2.90758E-01
  2.63510E-01  2.39136E-01  2.17929E-01  1.99300E-01  1.83117E-01  1.55152E-01
  1.32954E-01  1.15418E-01  1.01639E-01  9.02183E-02  8.19332E-02  7.74429E-02
  7.39081E-02  6.83251E-02  6.28512E-02  5.44169E-02  4.31065E-02  3.07581E-02
  1.90952E-02  1.24341E-02  1.05501E-02  9.75276E-03  1.68532E-02  8.27814E-03
  3.23077E-03  8.49925E-03  1.47384E-02  9.93659E-03  8.63716E-03  4.81336E-03
  5.93114E-03  6.89293E-03 -2.60304E-03 -1.56818E-02 -1.01687E-02  1.14548E-03
 -6.14536E-03  9.38097E-03  1.48493E-02  1.64549E-03 -9.20024E-03  2.10183E-03
 -1.98813E-03 -1.80049E-03 -6.97155E-03 -8.53606E-03  1.07869E-02 -1.09218E-02
 -1.07439E-02 -4.64824E-03  1.80539E-03  7.60370E-03  3.56433E-04  5.22379E-03
  4.20469E-03  6.39093E-03  2.13928E-03  1.23506E-03  1.14660E-02  1.17398E-02
