AutoSaveFileName0211.ASC
 IFORMY    0    .00
 (6E13.7)
 IFORMT    0    .00
 (6E13.7)
 IFORMW    0    .00
 (6E13.7)
 NINTT     0   -1.00
 DOUSNQ    0    1.00
 IQUAD          1.00
 PRWT      0    1.00
 PRY       0    1.00
 IPLRES    1    3.00
 IPLRES    2    3.00
 IPRINT    1    0.00
 IPRINT    2    2.00
 IPLFIT    1    0.00
 IPLFIT    2    0.00
 LINEPG    0   50.
 NONNEG    1    1.00
 IWT       0    5.00
 NQPROG    1    5.00
 NQPROG    2    5.00
 GMNMX     1    1.507E-05
 GMNMX     2    1.507E-02
 RUSER    10    -1.00
 NG        0    200.00
 NLINF     0    0.00
 IUSER    10    4.00
 RUSER    21    1.0
 RUSER    22   -1.0
 RUSER    23    0.0
 RUSER    18         292.04381
 RUSER    17         84.99900
 RUSER    19         1.02938
 RUSER    15         1.33200
 RUSER    16         632.80000
 RUSER    25         1
 RUSER    26         0
 END       0    0.00
 NY      131
  3.75000E-07  5.00000E-07  6.25000E-07  7.50000E-07  8.75000E-07  1.00000E-06
  1.12500E-06  1.25000E-06  1.37500E-06  1.50000E-06  1.62500E-06  1.75000E-06
  1.87500E-06  2.00000E-06  2.25000E-06  2.50000E-06  2.75000E-06  3.00000E-06
  3.25000E-06  3.50000E-06  3.75000E-06  4.00000E-06  4.50000E-06  5.00000E-06
  5.50000E-06  6.00000E-06  6.50000E-06  7.00000E-06  7.50000E-06  8.00000E-06
  9.00000E-06  1.00000E-05  1.10000E-05  1.20000E-05  1.30000E-05  1.40000E-05
  1.50000E-05  1.60000E-05  1.80000E-05  2.00000E-05  2.20000E-05  2.40000E-05
  2.60000E-05  2.80000E-05  3.00000E-05  3.20000E-05  3.60000E-05  4.00000E-05
  4.40000E-05  4.80000E-05  5.20000E-05  5.60000E-05  6.00000E-05  6.40000E-05
  7.20000E-05  8.00000E-05  8.80000E-05  9.60000E-05  1.04000E-04  1.12000E-04
  1.20000E-04  1.28000E-04  1.44000E-04  1.60000E-04  1.76000E-04  1.92000E-04
  2.08000E-04  2.24000E-04  2.40000E-04  2.56000E-04  2.88000E-04  3.20000E-04
  3.52000E-04  3.84000E-04  4.16000E-04  4.48000E-04  4.80000E-04  5.12000E-04
  5.76000E-04  6.40000E-04  7.04000E-04  7.68000E-04  8.32000E-04  8.96000E-04
  9.60000E-04  1.02400E-03  1.15200E-03  1.28000E-03  1.40800E-03  1.53600E-03
  1.66400E-03  1.79200E-03  1.92000E-03  2.01600E-03  2.27200E-03  2.52800E-03
  2.78400E-03  3.04000E-03  3.29600E-03  3.55200E-03  3.80800E-03  4.06400E-03
  4.57600E-03  5.08800E-03  5.60000E-03  6.11200E-03  6.62400E-03  7.13600E-03
  7.64800E-03  8.16000E-03  9.18400E-03  1.02080E-02  1.12320E-02  1.22560E-02
  1.32800E-02  1.43040E-02  1.53280E-02  1.63520E-02  1.84000E-02  2.04480E-02
  2.24960E-02  2.45440E-02  2.65920E-02  2.86400E-02  3.06880E-02  3.27360E-02
  3.68320E-02  4.09280E-02  4.50240E-02  4.91200E-02  5.32160E-02
  1.43783E+00  1.43592E+00  1.43464E+00  1.43869E+00  1.43195E+00  1.43463E+00
  1.43403E+00  1.43261E+00  1.43296E+00  1.42988E+00  1.43408E+00  1.42665E+00
  1.43318E+00  1.43119E+00  1.43212E+00  1.42970E+00  1.43286E+00  1.43444E+00
  1.43004E+00  1.43082E+00  1.43027E+00  1.43017E+00  1.42840E+00  1.42977E+00
  1.42947E+00  1.42762E+00  1.42948E+00  1.42548E+00  1.42786E+00  1.42728E+00
  1.42601E+00  1.42699E+00  1.42483E+00  1.42547E+00  1.42385E+00  1.42366E+00
  1.42361E+00  1.42261E+00  1.42104E+00  1.41999E+00  1.41798E+00  1.41786E+00
  1.41573E+00  1.41480E+00  1.41412E+00  1.41154E+00  1.40881E+00  1.40642E+00
  1.40326E+00  1.40015E+00  1.39802E+00  1.39560E+00  1.39235E+00  1.38999E+00
  1.38493E+00  1.37956E+00  1.37426E+00  1.36877E+00  1.36390E+00  1.35867E+00
  1.35337E+00  1.34806E+00  1.33770E+00  1.32708E+00  1.31732E+00  1.30717E+00
  1.29735E+00  1.28747E+00  1.27756E+00  1.26795E+00  1.24854E+00  1.22967E+00
  1.21089E+00  1.19254E+00  1.17439E+00  1.15664E+00  1.13943E+00  1.12264E+00
  1.08909E+00  1.05694E+00  1.02594E+00  9.95339E-01  9.66121E-01  9.37878E-01
  9.10119E-01  8.83860E-01  8.32767E-01  7.84649E-01  7.38767E-01  6.95771E-01
  6.55636E-01  6.18235E-01  5.82796E-01  5.56504E-01  4.94512E-01  4.40222E-01
  3.92095E-01  3.49783E-01  3.11808E-01  2.78212E-01  2.48775E-01  2.23733E-01
  1.80386E-01  1.46961E-01  1.22636E-01  1.04855E-01  8.92787E-02  7.43102E-02
  6.20789E-02  5.24957E-02  3.63957E-02  2.73049E-02  2.05230E-02  1.80685E-02
  1.27516E-02  1.01163E-02  9.54022E-03  6.77577E-03  2.15630E-03 -3.58214E-04
 -6.70885E-03 -5.18903E-03 -4.77386E-03 -5.73741E-03 -4.50757E-03 -8.61813E-03
 -8.39572E-03  2.22665E-04 -5.49526E-03 -2.48809E-03  7.64090E-03
