AutoSaveFileName0367.ASC
 IFORMY    0    .00
 (6E13.7)
 IFORMT    0    .00
 (6E13.7)
 IFORMW    0    .00
 (6E13.7)
 NINTT     0   -1.00
 DOUSNQ    0    1.00
 IQUAD          1.00
 PRWT      0    1.00
 PRY       0    1.00
 IPLRES    1    3.00
 IPLRES    2    3.00
 IPRINT    1    0.00
 IPRINT    2    2.00
 IPLFIT    1    0.00
 IPLFIT    2    0.00
 LINEPG    0   50.
 NONNEG    1    1.00
 IWT       0    5.00
 NQPROG    1    5.00
 NQPROG    2    5.00
 GMNMX     1    7.889E-06
 GMNMX     2    7.889E-03
 RUSER    10    -1.00
 NG        0    200.00
 NLINF     0    0.00
 IUSER    10    4.00
 RUSER    21    1.0
 RUSER    22   -1.0
 RUSER    23    0.0
 RUSER    18         292.29428
 RUSER    17         136.99900
 RUSER    19         1.02303
 RUSER    15         1.33200
 RUSER    16         632.80000
 RUSER    25         1
 RUSER    26         0
 END       0    0.00
 NY      131
  3.75000E-07  5.00000E-07  6.25000E-07  7.50000E-07  8.75000E-07  1.00000E-06
  1.12500E-06  1.25000E-06  1.37500E-06  1.50000E-06  1.62500E-06  1.75000E-06
  1.87500E-06  2.00000E-06  2.25000E-06  2.50000E-06  2.75000E-06  3.00000E-06
  3.25000E-06  3.50000E-06  3.75000E-06  4.00000E-06  4.50000E-06  5.00000E-06
  5.50000E-06  6.00000E-06  6.50000E-06  7.00000E-06  7.50000E-06  8.00000E-06
  9.00000E-06  1.00000E-05  1.10000E-05  1.20000E-05  1.30000E-05  1.40000E-05
  1.50000E-05  1.60000E-05  1.80000E-05  2.00000E-05  2.20000E-05  2.40000E-05
  2.60000E-05  2.80000E-05  3.00000E-05  3.20000E-05  3.60000E-05  4.00000E-05
  4.40000E-05  4.80000E-05  5.20000E-05  5.60000E-05  6.00000E-05  6.40000E-05
  7.20000E-05  8.00000E-05  8.80000E-05  9.60000E-05  1.04000E-04  1.12000E-04
  1.20000E-04  1.28000E-04  1.44000E-04  1.60000E-04  1.76000E-04  1.92000E-04
  2.08000E-04  2.24000E-04  2.40000E-04  2.56000E-04  2.88000E-04  3.20000E-04
  3.52000E-04  3.84000E-04  4.16000E-04  4.48000E-04  4.80000E-04  5.12000E-04
  5.76000E-04  6.40000E-04  7.04000E-04  7.68000E-04  8.32000E-04  8.96000E-04
  9.60000E-04  1.02400E-03  1.15200E-03  1.28000E-03  1.40800E-03  1.53600E-03
  1.66400E-03  1.79200E-03  1.92000E-03  2.01600E-03  2.27200E-03  2.52800E-03
  2.78400E-03  3.04000E-03  3.29600E-03  3.55200E-03  3.80800E-03  4.06400E-03
  4.57600E-03  5.08800E-03  5.60000E-03  6.11200E-03  6.62400E-03  7.13600E-03
  7.64800E-03  8.16000E-03  9.18400E-03  1.02080E-02  1.12320E-02  1.22560E-02
  1.32800E-02  1.43040E-02  1.53280E-02  1.63520E-02  1.84000E-02  2.04480E-02
  2.24960E-02  2.45440E-02  2.65920E-02  2.86400E-02  3.06880E-02  3.27360E-02
  3.68320E-02  4.09280E-02  4.50240E-02  4.91200E-02  5.32160E-02
  1.67151E+00  1.65054E+00  1.65527E+00  1.66093E+00  1.64381E+00  1.64164E+00
  1.64636E+00  1.64738E+00  1.64445E+00  1.65572E+00  1.64982E+00  1.64906E+00
  1.64711E+00  1.64100E+00  1.64277E+00  1.64692E+00  1.64827E+00  1.63720E+00
  1.64201E+00  1.64557E+00  1.64200E+00  1.64134E+00  1.64102E+00  1.64008E+00
  1.64214E+00  1.63772E+00  1.63469E+00  1.63781E+00  1.63457E+00  1.63590E+00
  1.63643E+00  1.63473E+00  1.63372E+00  1.63426E+00  1.63104E+00  1.63234E+00
  1.63235E+00  1.62917E+00  1.62452E+00  1.62251E+00  1.61993E+00  1.61913E+00
  1.61436E+00  1.61235E+00  1.60913E+00  1.60619E+00  1.60293E+00  1.59480E+00
  1.59147E+00  1.58650E+00  1.58246E+00  1.57686E+00  1.57081E+00  1.56530E+00
  1.55626E+00  1.54574E+00  1.53613E+00  1.52932E+00  1.51842E+00  1.50684E+00
  1.49758E+00  1.48833E+00  1.46952E+00  1.45071E+00  1.43287E+00  1.41408E+00
  1.39646E+00  1.37892E+00  1.36159E+00  1.34576E+00  1.31179E+00  1.27968E+00
  1.24692E+00  1.21631E+00  1.18636E+00  1.15791E+00  1.12988E+00  1.10251E+00
  1.04934E+00  9.99616E-01  9.52266E-01  9.07648E-01  8.64840E-01  8.24164E-01
  7.84952E-01  7.48773E-01  6.80888E-01  6.19127E-01  5.63296E-01  5.12306E-01
  4.66641E-01  4.24900E-01  3.86528E-01  3.61465E-01  2.99220E-01  2.47219E-01
  2.05214E-01  1.72188E-01  1.45778E-01  1.23987E-01  1.07317E-01  9.39875E-02
  7.38454E-02  6.26844E-02  5.31610E-02  4.40433E-02  3.78994E-02  3.15828E-02
  2.74777E-02  2.70193E-02  1.85603E-02  1.58865E-02  2.01458E-02  1.70277E-02
  9.16251E-03  3.91244E-03  2.82967E-03  4.92322E-03  4.81417E-03 -2.61271E-03
 -3.45940E-03 -3.16388E-03 -1.76649E-03  2.82297E-03 -2.65800E-03 -8.70387E-03
 -8.89958E-03 -1.00920E-02 -1.06267E-02  2.20372E-03  6.33239E-03
