AutoSaveFileName0108.ASC
 IFORMY    0    .00
 (6E13.7)
 IFORMT    0    .00
 (6E13.7)
 IFORMW    0    .00
 (6E13.7)
 NINTT     0   -1.00
 DOUSNQ    0    1.00
 IQUAD          1.00
 PRWT      0    1.00
 PRY       0    1.00
 IPLRES    1    3.00
 IPLRES    2    3.00
 IPRINT    1    0.00
 IPRINT    2    2.00
 IPLFIT    1    0.00
 IPLFIT    2    0.00
 LINEPG    0   50.
 NONNEG    1    1.00
 IWT       0    5.00
 NQPROG    1    5.00
 NQPROG    2    5.00
 GMNMX     1    2.372E-05
 GMNMX     2    2.372E-02
 RUSER    10    -1.00
 NG        0    200.00
 NLINF     0    0.00
 IUSER    10    4.00
 RUSER    21    1.0
 RUSER    22   -1.0
 RUSER    23    0.0
 RUSER    18         292.19851
 RUSER    17         64.99800
 RUSER    19         1.02545
 RUSER    15         1.33200
 RUSER    16         632.80000
 RUSER    25         1
 RUSER    26         0
 END       0    0.00
 NY      188
  5.00000E-07  6.25000E-07  7.50000E-07  8.75000E-07  1.00000E-06  1.12500E-06
  1.25000E-06  1.37500E-06  1.50000E-06  1.62500E-06  1.75000E-06  1.87500E-06
  2.00000E-06  2.25000E-06  2.50000E-06  2.75000E-06  3.00000E-06  3.25000E-06
  3.50000E-06  3.75000E-06  4.00000E-06  4.50000E-06  5.00000E-06  5.50000E-06
  6.00000E-06  6.50000E-06  7.00000E-06  7.50000E-06  8.00000E-06  9.00000E-06
  1.00000E-05  1.10000E-05  1.20000E-05  1.30000E-05  1.40000E-05  1.50000E-05
  1.60000E-05  1.80000E-05  2.00000E-05  2.20000E-05  2.40000E-05  2.60000E-05
  2.80000E-05  3.00000E-05  3.20000E-05  3.60000E-05  4.00000E-05  4.40000E-05
  4.80000E-05  5.20000E-05  5.60000E-05  6.00000E-05  6.40000E-05  7.20000E-05
  8.00000E-05  8.80000E-05  9.60000E-05  1.04000E-04  1.12000E-04  1.20000E-04
  1.28000E-04  1.44000E-04  1.60000E-04  1.76000E-04  1.92000E-04  2.08000E-04
  2.24000E-04  2.40000E-04  2.56000E-04  2.88000E-04  3.20000E-04  3.52000E-04
  3.84000E-04  4.16000E-04  4.48000E-04  4.80000E-04  5.12000E-04  5.76000E-04
  6.40000E-04  7.04000E-04  7.68000E-04  8.32000E-04  8.96000E-04  9.60000E-04
  1.02400E-03  1.15200E-03  1.28000E-03  1.40800E-03  1.53600E-03  1.66400E-03
  1.79200E-03  1.92000E-03  2.01600E-03  2.27200E-03  2.52800E-03  2.78400E-03
  3.04000E-03  3.29600E-03  3.55200E-03  3.80800E-03  4.06400E-03  4.57600E-03
  5.08800E-03  5.60000E-03  6.11200E-03  6.62400E-03  7.13600E-03  7.64800E-03
  8.16000E-03  9.18400E-03  1.02080E-02  1.12320E-02  1.22560E-02  1.32800E-02
  1.43040E-02  1.53280E-02  1.63520E-02  1.84000E-02  2.04480E-02  2.24960E-02
  2.45440E-02  2.65920E-02  2.86400E-02  3.06880E-02  3.27360E-02  3.68320E-02
  4.09280E-02  4.50240E-02  4.91200E-02  5.32160E-02  5.73120E-02  6.14080E-02
  6.55040E-02  7.36960E-02  8.18880E-02  9.00800E-02  9.82720E-02  1.06464E-01
  1.14656E-01  1.22848E-01  1.31040E-01  1.47424E-01  1.63808E-01  1.80192E-01
  1.96576E-01  2.12960E-01  2.29344E-01  2.45728E-01  2.62112E-01  2.94880E-01
  3.27648E-01  3.60416E-01  3.93184E-01  4.25952E-01  4.58720E-01  4.91488E-01
  5.24256E-01  5.89792E-01  6.55328E-01  7.20864E-01  7.86400E-01  8.51936E-01
  9.17472E-01  9.83008E-01  1.04854E+00  1.17962E+00  1.31069E+00  1.44176E+00
  1.57283E+00  1.70390E+00  1.83498E+00  1.96605E+00  2.09712E+00  2.35926E+00
  2.62141E+00  2.88355E+00  3.14570E+00  3.40784E+00  3.66998E+00  3.93213E+00
  4.19427E+00  4.71856E+00  5.24285E+00  5.76714E+00  6.29142E+00  6.81571E+00
  7.34000E+00  7.86429E+00
  9.97596E-01  9.94755E-01  9.95357E-01  9.93876E-01  9.92866E-01  9.92408E-01
  9.91261E-01  9.92667E-01  9.93422E-01  9.91725E-01  9.92928E-01  9.90707E-01
  9.91179E-01  9.92674E-01  9.92218E-01  9.91677E-01  9.92131E-01  9.91610E-01
  9.91251E-01  9.91650E-01  9.91589E-01  9.92225E-01  9.90929E-01  9.90983E-01
  9.92354E-01  9.91629E-01  9.91113E-01  9.91363E-01  9.91339E-01  9.90550E-01
  9.90280E-01  9.90582E-01  9.91065E-01  9.90466E-01  9.89995E-01  9.90328E-01
  9.90294E-01  9.89617E-01  9.90042E-01  9.89183E-01  9.89296E-01  9.88741E-01
  9.89104E-01  9.88389E-01  9.87987E-01  9.87202E-01  9.86971E-01  9.86448E-01
  9.85838E-01  9.85413E-01  9.84714E-01  9.84183E-01  9.83540E-01  9.82615E-01
  9.81521E-01  9.80549E-01  9.79494E-01  9.78030E-01  9.77278E-01  9.76098E-01
  9.75036E-01  9.72707E-01  9.70560E-01  9.68382E-01  9.66243E-01  9.64069E-01
  9.61954E-01  9.59855E-01  9.57646E-01  9.53327E-01  9.49019E-01  9.44807E-01
  9.40540E-01  9.36491E-01  9.32303E-01  9.28140E-01  9.23997E-01  9.15672E-01
  9.07615E-01  8.99654E-01  8.91620E-01  8.83735E-01  8.75847E-01  8.68113E-01
  8.43696E-01  8.28857E-01  8.14304E-01  7.99979E-01  7.85965E-01  7.72051E-01
  7.58563E-01  7.45301E-01  7.50262E-01  7.24646E-01  7.00036E-01  6.76469E-01
  6.53552E-01  6.31477E-01  6.10406E-01  5.90051E-01  5.70597E-01  5.33228E-01
  4.98520E-01  4.66334E-01  4.36249E-01  4.08404E-01  3.82278E-01  3.57875E-01
  3.35315E-01  2.93718E-01  2.57694E-01  2.26789E-01  2.00192E-01  1.76901E-01
  1.56006E-01  1.37115E-01  1.20996E-01  9.29838E-02  6.99456E-02  5.29395E-02
  4.07648E-02  3.01950E-02  2.43997E-02  1.99355E-02  1.65015E-02  1.38344E-02
  1.21373E-02  9.39332E-03  5.66747E-03  8.60103E-05 -2.38782E-03 -4.27064E-03
 -4.97049E-03 -2.15354E-03  4.60535E-04 -3.68899E-04 -3.28747E-03 -1.08995E-05
  3.46749E-03  5.36103E-03  4.05591E-03  1.03444E-03 -2.10264E-03  2.38762E-04
 -4.02263E-03 -5.85045E-03 -5.73546E-03 -9.68309E-03 -3.10107E-04 -9.05680E-05
 -2.46480E-03 -2.27013E-03 -1.29910E-03 -5.00692E-03 -1.18795E-03 -1.26341E-03
  1.13397E-03  1.45028E-03 -3.99480E-03  5.30512E-03  3.45406E-03  2.23182E-03
 -1.65851E-03 -1.59583E-03  3.64284E-03 -1.82938E-04 -2.36211E-03  8.01279E-05
 -5.72341E-03  2.20633E-03 -2.22938E-03  7.28005E-03  3.22199E-03 -3.71665E-03
 -2.65642E-03 -4.89121E-03 -4.22338E-03  9.89641E-04 -3.92327E-03  6.09260E-04
 -2.81194E-03 -6.70861E-04 -3.27495E-05 -1.80820E-03 -1.40109E-03  1.93002E-04
  5.14282E-04  1.14461E-03
