AutoSaveFileName0054.ASC
 IFORMY    0    .00
 (6E13.7)
 IFORMT    0    .00
 (6E13.7)
 IFORMW    0    .00
 (6E13.7)
 NINTT     0   -1.00
 DOUSNQ    0    1.00
 IQUAD          1.00
 PRWT      0    1.00
 PRY       0    1.00
 IPLRES    1    3.00
 IPLRES    2    3.00
 IPRINT    1    0.00
 IPRINT    2    2.00
 IPLFIT    1    0.00
 IPLFIT    2    0.00
 LINEPG    0   50.
 NONNEG    1    1.00
 IWT       0    5.00
 NQPROG    1    5.00
 NQPROG    2    5.00
 GMNMX     1    8.575E-05
 GMNMX     2    8.575E-02
 RUSER    10    -1.00
 NG        0    200.00
 NLINF     0    0.00
 IUSER    10    4.00
 RUSER    21    1.0
 RUSER    22   -1.0
 RUSER    23    0.0
 RUSER    18         291.84502
 RUSER    17         32.99900
 RUSER    19         1.03447
 RUSER    15         1.33200
 RUSER    16         632.80000
 RUSER    25         1
 RUSER    26         0
 END       0    0.00
 NY      131
  3.75000E-07  5.00000E-07  6.25000E-07  7.50000E-07  8.75000E-07  1.00000E-06
  1.12500E-06  1.25000E-06  1.37500E-06  1.50000E-06  1.62500E-06  1.75000E-06
  1.87500E-06  2.00000E-06  2.25000E-06  2.50000E-06  2.75000E-06  3.00000E-06
  3.25000E-06  3.50000E-06  3.75000E-06  4.00000E-06  4.50000E-06  5.00000E-06
  5.50000E-06  6.00000E-06  6.50000E-06  7.00000E-06  7.50000E-06  8.00000E-06
  9.00000E-06  1.00000E-05  1.10000E-05  1.20000E-05  1.30000E-05  1.40000E-05
  1.50000E-05  1.60000E-05  1.80000E-05  2.00000E-05  2.20000E-05  2.40000E-05
  2.60000E-05  2.80000E-05  3.00000E-05  3.20000E-05  3.60000E-05  4.00000E-05
  4.40000E-05  4.80000E-05  5.20000E-05  5.60000E-05  6.00000E-05  6.40000E-05
  7.20000E-05  8.00000E-05  8.80000E-05  9.60000E-05  1.04000E-04  1.12000E-04
  1.20000E-04  1.28000E-04  1.44000E-04  1.60000E-04  1.76000E-04  1.92000E-04
  2.08000E-04  2.24000E-04  2.40000E-04  2.56000E-04  2.88000E-04  3.20000E-04
  3.52000E-04  3.84000E-04  4.16000E-04  4.48000E-04  4.80000E-04  5.12000E-04
  5.76000E-04  6.40000E-04  7.04000E-04  7.68000E-04  8.32000E-04  8.96000E-04
  9.60000E-04  1.02400E-03  1.15200E-03  1.28000E-03  1.40800E-03  1.53600E-03
  1.66400E-03  1.79200E-03  1.92000E-03  2.01600E-03  2.27200E-03  2.52800E-03
  2.78400E-03  3.04000E-03  3.29600E-03  3.55200E-03  3.80800E-03  4.06400E-03
  4.57600E-03  5.08800E-03  5.60000E-03  6.11200E-03  6.62400E-03  7.13600E-03
  7.64800E-03  8.16000E-03  9.18400E-03  1.02080E-02  1.12320E-02  1.22560E-02
  1.32800E-02  1.43040E-02  1.53280E-02  1.63520E-02  1.84000E-02  2.04480E-02
  2.24960E-02  2.45440E-02  2.65920E-02  2.86400E-02  3.06880E-02  3.27360E-02
  3.68320E-02  4.09280E-02  4.50240E-02  4.91200E-02  5.32160E-02
  8.22128E-01  8.20020E-01  8.15323E-01  8.21243E-01  8.19052E-01  8.16246E-01
  8.16768E-01  8.14551E-01  8.18662E-01  8.18651E-01  8.15267E-01  8.18339E-01
  8.15552E-01  8.15836E-01  8.13535E-01  8.16118E-01  8.15863E-01  8.17122E-01
  8.13023E-01  8.14589E-01  8.15214E-01  8.15589E-01  8.17926E-01  8.14780E-01
  8.17414E-01  8.15838E-01  8.14430E-01  8.14616E-01  8.15831E-01  8.16228E-01
  8.15734E-01  8.13922E-01  8.14313E-01  8.15506E-01  8.15394E-01  8.16293E-01
  8.16162E-01  8.15540E-01  8.14944E-01  8.13554E-01  8.15990E-01  8.13459E-01
  8.13859E-01  8.14704E-01  8.14173E-01  8.14235E-01  8.14504E-01  8.13141E-01
  8.12930E-01  8.13162E-01  8.12457E-01  8.11952E-01  8.11076E-01  8.11417E-01
  8.10798E-01  8.10475E-01  8.09556E-01  8.09386E-01  8.08967E-01  8.08294E-01
  8.07601E-01  8.07077E-01  8.05659E-01  8.05054E-01  8.03874E-01  8.02662E-01
  8.01682E-01  8.00359E-01  7.99090E-01  7.98016E-01  7.95815E-01  7.93542E-01
  7.91429E-01  7.88954E-01  7.86860E-01  7.84488E-01  7.82477E-01  7.80020E-01
  7.75686E-01  7.71473E-01  7.66883E-01  7.62456E-01  7.58267E-01  7.53730E-01
  7.49691E-01  7.45223E-01  7.36836E-01  7.28721E-01  7.20487E-01  7.12078E-01
  7.04137E-01  6.96018E-01  6.88167E-01  6.80192E-01  6.64596E-01  6.49382E-01
  6.34031E-01  6.18849E-01  6.04325E-01  5.90225E-01  5.76495E-01  5.63500E-01
  5.37751E-01  5.13474E-01  4.90627E-01  4.68590E-01  4.48254E-01  4.28834E-01
  4.09511E-01  3.91796E-01  3.57435E-01  3.25491E-01  2.96354E-01  2.69098E-01
  2.43406E-01  2.20705E-01  2.00340E-01  1.83693E-01  1.53675E-01  1.31800E-01
  1.15616E-01  1.04854E-01  9.77297E-02  9.19879E-02  8.50257E-02  7.43799E-02
  5.06165E-02  3.31711E-02  2.52534E-02  1.94105E-02  1.74678E-02
