AutoSaveFileName0016.ASC
 IFORMY    0    .00
 (6E13.7)
 IFORMT    0    .00
 (6E13.7)
 IFORMW    0    .00
 (6E13.7)
 NINTT     0   -1.00
 DOUSNQ    0    1.00
 IQUAD     0    1.00
 PRWT      0    1.00
 PRY       0    1.00
 IPLRES    1    3.00
 IPLRES    2    3.00
 IPRINT    1    0.00
 IPRINT    2    2.00
 IPLFIT    1    0.00
 IPLFIT    2    0.00
 LINEPG    0   50.
 NONNEG    1    1.00
 IWT       0    5.00
 NQPROG    1    5.00
 NQPROG    2    5.00
 GMNMX     1    8.93309E-02
 GMNMX     2    3.20675E-02
 RUSER    10    -1.00
 NG        0    500.00
 NLINF     0    1.00
 IUSER    10    4.00
 RUSER    21    1.0
 RUSER    22   -1.0
 RUSER    23    0.0
 RUSER    18         291.90142
 RUSER    17         19.99800
 RUSER    19         1.03302
 RUSER    15         1.33200
 RUSER    16         632.80000
 RUSER    25         1
 RUSER    26         0
 END       0    0.00
 NY      162
  7.50000E-07  8.75000E-07  1.00000E-06  1.12500E-06  1.25000E-06  1.37500E-06
  1.50000E-06  1.62500E-06  1.75000E-06  1.87500E-06  2.00000E-06  2.25000E-06
  2.50000E-06  2.75000E-06  3.00000E-06  3.25000E-06  3.50000E-06  3.75000E-06
  4.00000E-06  4.50000E-06  5.00000E-06  5.50000E-06  6.00000E-06  6.50000E-06
  7.00000E-06  7.50000E-06  8.00000E-06  9.00000E-06  1.00000E-05  1.10000E-05
  1.20000E-05  1.30000E-05  1.40000E-05  1.50000E-05  1.60000E-05  1.80000E-05
  2.00000E-05  2.20000E-05  2.40000E-05  2.60000E-05  2.80000E-05  3.00000E-05
  3.20000E-05  3.60000E-05  4.00000E-05  4.40000E-05  4.80000E-05  5.20000E-05
  5.60000E-05  6.00000E-05  6.40000E-05  7.20000E-05  8.00000E-05  8.80000E-05
  9.60000E-05  1.04000E-04  1.12000E-04  1.20000E-04  1.28000E-04  1.44000E-04
  1.60000E-04  1.76000E-04  1.92000E-04  2.08000E-04  2.24000E-04  2.40000E-04
  2.56000E-04  2.88000E-04  3.20000E-04  3.52000E-04  3.84000E-04  4.16000E-04
  4.48000E-04  4.80000E-04  5.12000E-04  5.76000E-04  6.40000E-04  7.04000E-04
  7.68000E-04  8.32000E-04  8.96000E-04  9.60000E-04  1.02400E-03  1.15200E-03
  1.28000E-03  1.40800E-03  1.53600E-03  1.66400E-03  1.79200E-03  1.92000E-03
  2.01600E-03  2.27200E-03  2.52800E-03  2.78400E-03  3.04000E-03  3.29600E-03
  3.55200E-03  3.80800E-03  4.06400E-03  4.57600E-03  5.08800E-03  5.60000E-03
  6.11200E-03  6.62400E-03  7.13600E-03  7.64800E-03  8.16000E-03  9.18400E-03
  1.02080E-02  1.12320E-02  1.22560E-02  1.32800E-02  1.43040E-02  1.53280E-02
  1.63520E-02  1.84000E-02  2.04480E-02  2.24960E-02  2.45440E-02  2.65920E-02
  2.86400E-02  3.06880E-02  3.27360E-02  3.68320E-02  4.09280E-02  4.50240E-02
  4.91200E-02  5.32160E-02  5.73120E-02  6.14080E-02  6.55040E-02  7.36960E-02
  8.18880E-02  9.00800E-02  9.82720E-02  1.06464E-01  1.14656E-01  1.22848E-01
  1.31040E-01  1.47424E-01  1.63808E-01  1.80192E-01  1.96576E-01  2.12960E-01
  2.29344E-01  2.45728E-01  2.62112E-01  2.94880E-01  3.27648E-01  3.60416E-01
  3.93184E-01  4.25952E-01  4.58720E-01  4.91488E-01  5.24256E-01  5.89792E-01
  6.55328E-01  7.20864E-01  7.86400E-01  8.51936E-01  9.17472E-01  9.83008E-01
  9.96590E-01  9.98254E-01  9.97079E-01  9.94696E-01  9.95797E-01  1.00000E+00
  9.94680E-01  9.95349E-01  9.95774E-01  9.93576E-01  9.92511E-01  9.92540E-01
  9.95759E-01  9.94993E-01  9.93263E-01  9.96376E-01  9.92191E-01  9.94321E-01
  9.95116E-01  9.93382E-01  9.94614E-01  9.92710E-01  9.93923E-01  9.92031E-01
  9.93249E-01  9.94010E-01  9.93025E-01  9.91827E-01  9.92115E-01  9.92957E-01
  9.92168E-01  9.91955E-01  9.92323E-01  9.91668E-01  9.91158E-01  9.90865E-01
  9.90879E-01  9.89905E-01  9.89008E-01  9.89828E-01  9.89915E-01  9.89337E-01
  9.88656E-01  9.87586E-01  9.87517E-01  9.86631E-01  9.85911E-01  9.85543E-01
  9.84172E-01  9.83762E-01  9.83280E-01  9.81804E-01  9.80081E-01  9.79039E-01
  9.77651E-01  9.76475E-01  9.74925E-01  9.74580E-01  9.72612E-01  9.69872E-01
  9.67598E-01  9.64776E-01  9.62893E-01  9.60004E-01  9.57835E-01  9.55125E-01
  9.52787E-01  9.48362E-01  9.43485E-01  9.38786E-01  9.34399E-01  9.29949E-01
  9.25068E-01  9.20943E-01  9.16397E-01  9.07950E-01  8.99435E-01  8.91114E-01
  8.83085E-01  8.74993E-01  8.67070E-01  8.59205E-01  8.29571E-01  8.14856E-01
  8.00364E-01  7.86124E-01  7.72163E-01  7.58309E-01  7.44654E-01  7.31751E-01
  7.41288E-01  7.15932E-01  6.91531E-01  6.68188E-01  6.45595E-01  6.23607E-01
  6.02504E-01  5.82505E-01  5.62943E-01  5.25784E-01  4.91443E-01  4.59648E-01
  4.30147E-01  4.03029E-01  3.77785E-01  3.54318E-01  3.32843E-01  2.94476E-01
  2.61722E-01  2.34133E-01  2.10197E-01  1.89623E-01  1.71112E-01  1.55106E-01
  1.41474E-01  1.15519E-01  9.48293E-02  7.99354E-02  6.94758E-02  6.13314E-02
  5.45709E-02  4.97435E-02  4.36516E-02  3.45734E-02  2.86856E-02  2.88059E-02
  2.76758E-02  2.65598E-02  3.04993E-02  3.22309E-02  2.77381E-02  2.21555E-02
  2.58374E-02  2.09131E-02  1.77541E-02  1.44412E-02  3.09944E-03  5.98830E-03
  1.21615E-02  1.81629E-02  1.49707E-02  6.98320E-03  1.02339E-02  6.11367E-03
  7.87865E-03  8.44630E-04 -1.52848E-03  1.17966E-03  9.30363E-03  7.48238E-03
 -1.01024E-04  4.03337E-03 -2.83618E-03 -2.12045E-03 -8.01034E-04 -4.14384E-03
  1.29224E-02  1.14931E-03 -3.02171E-03 -3.22723E-03 -6.91773E-04  5.39213E-03
