AutoSaveFileName0101.ASC
 IFORMY    0    .00
 (6E13.7)
 IFORMT    0    .00
 (6E13.7)
 IFORMW    0    .00
 (6E13.7)
 NINTT     0   -1.00
 DOUSNQ    0    1.00
 IQUAD     0    1.00
 PRWT      0    1.00
 PRY       0    1.00
 IPLRES    1    3.00
 IPLRES    2    3.00
 IPRINT    1    0.00
 IPRINT    2    2.00
 IPLFIT    1    0.00
 IPLFIT    2    0.00
 LINEPG    0   50.
 NONNEG    1    1.00
 IWT       0    5.00
 NQPROG    1    5.00
 NQPROG    2    5.00
 GMNMX     1    9.31205E-03
 GMNMX     2    3.34279E-03
 RUSER    10    -1.00
 NG        0    500.00
 NLINF     0    1.00
 IUSER    10    4.00
 RUSER    21    1.0
 RUSER    22   -1.0
 RUSER    23    0.0
 RUSER    18         291.96572
 RUSER    17         64.99900
 RUSER    19         1.03137
 RUSER    15         1.33200
 RUSER    16         632.80000
 RUSER    25         1
 RUSER    26         0
 END       0    0.00
 NY      162
  7.50000E-07  8.75000E-07  1.00000E-06  1.12500E-06  1.25000E-06  1.37500E-06
  1.50000E-06  1.62500E-06  1.75000E-06  1.87500E-06  2.00000E-06  2.25000E-06
  2.50000E-06  2.75000E-06  3.00000E-06  3.25000E-06  3.50000E-06  3.75000E-06
  4.00000E-06  4.50000E-06  5.00000E-06  5.50000E-06  6.00000E-06  6.50000E-06
  7.00000E-06  7.50000E-06  8.00000E-06  9.00000E-06  1.00000E-05  1.10000E-05
  1.20000E-05  1.30000E-05  1.40000E-05  1.50000E-05  1.60000E-05  1.80000E-05
  2.00000E-05  2.20000E-05  2.40000E-05  2.60000E-05  2.80000E-05  3.00000E-05
  3.20000E-05  3.60000E-05  4.00000E-05  4.40000E-05  4.80000E-05  5.20000E-05
  5.60000E-05  6.00000E-05  6.40000E-05  7.20000E-05  8.00000E-05  8.80000E-05
  9.60000E-05  1.04000E-04  1.12000E-04  1.20000E-04  1.28000E-04  1.44000E-04
  1.60000E-04  1.76000E-04  1.92000E-04  2.08000E-04  2.24000E-04  2.40000E-04
  2.56000E-04  2.88000E-04  3.20000E-04  3.52000E-04  3.84000E-04  4.16000E-04
  4.48000E-04  4.80000E-04  5.12000E-04  5.76000E-04  6.40000E-04  7.04000E-04
  7.68000E-04  8.32000E-04  8.96000E-04  9.60000E-04  1.02400E-03  1.15200E-03
  1.28000E-03  1.40800E-03  1.53600E-03  1.66400E-03  1.79200E-03  1.92000E-03
  2.01600E-03  2.27200E-03  2.52800E-03  2.78400E-03  3.04000E-03  3.29600E-03
  3.55200E-03  3.80800E-03  4.06400E-03  4.57600E-03  5.08800E-03  5.60000E-03
  6.11200E-03  6.62400E-03  7.13600E-03  7.64800E-03  8.16000E-03  9.18400E-03
  1.02080E-02  1.12320E-02  1.22560E-02  1.32800E-02  1.43040E-02  1.53280E-02
  1.63520E-02  1.84000E-02  2.04480E-02  2.24960E-02  2.45440E-02  2.65920E-02
  2.86400E-02  3.06880E-02  3.27360E-02  3.68320E-02  4.09280E-02  4.50240E-02
  4.91200E-02  5.32160E-02  5.73120E-02  6.14080E-02  6.55040E-02  7.36960E-02
  8.18880E-02  9.00800E-02  9.82720E-02  1.06464E-01  1.14656E-01  1.22848E-01
  1.31040E-01  1.47424E-01  1.63808E-01  1.80192E-01  1.96576E-01  2.12960E-01
  2.29344E-01  2.45728E-01  2.62112E-01  2.94880E-01  3.27648E-01  3.60416E-01
  3.93184E-01  4.25952E-01  4.58720E-01  4.91488E-01  5.24256E-01  5.89792E-01
  6.55328E-01  7.20864E-01  7.86400E-01  8.51936E-01  9.17472E-01  9.83008E-01
  9.99757E-01  1.00000E+00  9.97915E-01  9.96139E-01  9.97258E-01  9.95547E-01
  9.96678E-01  9.91691E-01  9.96553E-01  9.92515E-01  9.92899E-01  9.96731E-01
  9.95742E-01  9.94487E-01  9.93427E-01  9.92864E-01  9.92301E-01  9.87617E-01
  9.92414E-01  9.87700E-01  9.89056E-01  9.86664E-01  9.86468E-01  9.83774E-01
  9.86012E-01  9.84437E-01  9.83963E-01  9.81162E-01  9.79249E-01  9.78550E-01
  9.75127E-01  9.74026E-01  9.72397E-01  9.70455E-01  9.68909E-01  9.64545E-01
  9.60938E-01  9.57734E-01  9.53891E-01  9.49278E-01  9.46032E-01  9.41940E-01
  9.39038E-01  9.31754E-01  9.24618E-01  9.18116E-01  9.10778E-01  9.03808E-01
  8.96903E-01  8.89672E-01  8.83246E-01  8.69454E-01  8.57485E-01  8.44350E-01
  8.31890E-01  8.19199E-01  8.06887E-01  7.95227E-01  7.83667E-01  7.60381E-01
  7.37978E-01  7.16345E-01  6.94907E-01  6.75098E-01  6.55277E-01  6.36806E-01
  6.18418E-01  5.82851E-01  5.49545E-01  5.18485E-01  4.89105E-01  4.61279E-01
  4.35538E-01  4.10821E-01  3.88390E-01  3.46102E-01  3.08826E-01  2.75377E-01
  2.45473E-01  2.19240E-01  1.95436E-01  1.74027E-01  1.55676E-01  1.24087E-01
  9.98454E-02  8.03891E-02  6.43598E-02  5.12343E-02  4.04095E-02  3.19125E-02
  2.72277E-02  1.75659E-02  1.11050E-02  4.15416E-03 -1.26238E-04 -2.22284E-03
 -2.60017E-03 -3.75396E-04  1.66446E-03  5.51190E-03  8.91721E-03  1.41488E-02
  9.78592E-03  3.09930E-03  1.59311E-03 -1.77577E-03 -1.55357E-03 -2.19780E-03
 -2.62972E-03  2.87181E-04  5.25242E-03 -5.68405E-04  3.47191E-04  2.33563E-03
  1.93951E-03 -2.04446E-03 -1.63747E-03  2.03508E-03  2.02729E-03  8.31725E-03
  4.25791E-03  1.50647E-03  9.43450E-05  2.95846E-03  9.55188E-04 -1.97623E-03
 -3.39883E-03 -1.33617E-03 -1.14899E-03  1.39179E-03  1.65312E-03  1.34054E-03
 -3.67083E-03 -2.32731E-03  1.43575E-03 -2.66415E-03 -1.81130E-04 -1.11247E-03
 -1.52812E-03 -3.61720E-04 -1.16687E-03 -2.02670E-03  1.04737E-03 -3.25248E-04
  1.43034E-03  1.10725E-03  9.77070E-04 -3.79828E-04 -3.33124E-04 -1.33014E-04
 -5.03477E-04  2.18574E-05 -1.11508E-03  1.74908E-04 -1.35893E-03  5.44183E-04
 -2.74314E-05 -5.54652E-04  4.40988E-04  9.46062E-04 -5.72976E-04  1.47560E-03
