AutoSaveFileName0125.ASC
 IFORMY    0    .00
 (6E13.7)
 IFORMT    0    .00
 (6E13.7)
 IFORMW    0    .00
 (6E13.7)
 NINTT     0   -1.00
 DOUSNQ    0    1.00
 IQUAD          1.00
 PRWT      0    1.00
 PRY       0    1.00
 IPLRES    1    3.00
 IPLRES    2    3.00
 IPRINT    1    0.00
 IPRINT    2    2.00
 IPLFIT    1    0.00
 IPLFIT    2    0.00
 LINEPG    0   50.
 NONNEG    1    1.00
 IWT       0    5.00
 NQPROG    1    5.00
 NQPROG    2    5.00
 GMNMX     1    3.131E-05
 GMNMX     2    3.131E-02
 RUSER    10    -1.00
 NG        0    200.00
 NLINF     0    0.00
 IUSER    10    4.00
 RUSER    21    1.0
 RUSER    22   -1.0
 RUSER    23    0.0
 RUSER    18         291.92267
 RUSER    17         55.99900
 RUSER    19         1.03248
 RUSER    15         1.33200
 RUSER    16         632.80000
 RUSER    25         1
 RUSER    26         0
 END       0    0.00
 NY      131
  3.75000E-07  5.00000E-07  6.25000E-07  7.50000E-07  8.75000E-07  1.00000E-06
  1.12500E-06  1.25000E-06  1.37500E-06  1.50000E-06  1.62500E-06  1.75000E-06
  1.87500E-06  2.00000E-06  2.25000E-06  2.50000E-06  2.75000E-06  3.00000E-06
  3.25000E-06  3.50000E-06  3.75000E-06  4.00000E-06  4.50000E-06  5.00000E-06
  5.50000E-06  6.00000E-06  6.50000E-06  7.00000E-06  7.50000E-06  8.00000E-06
  9.00000E-06  1.00000E-05  1.10000E-05  1.20000E-05  1.30000E-05  1.40000E-05
  1.50000E-05  1.60000E-05  1.80000E-05  2.00000E-05  2.20000E-05  2.40000E-05
  2.60000E-05  2.80000E-05  3.00000E-05  3.20000E-05  3.60000E-05  4.00000E-05
  4.40000E-05  4.80000E-05  5.20000E-05  5.60000E-05  6.00000E-05  6.40000E-05
  7.20000E-05  8.00000E-05  8.80000E-05  9.60000E-05  1.04000E-04  1.12000E-04
  1.20000E-04  1.28000E-04  1.44000E-04  1.60000E-04  1.76000E-04  1.92000E-04
  2.08000E-04  2.24000E-04  2.40000E-04  2.56000E-04  2.88000E-04  3.20000E-04
  3.52000E-04  3.84000E-04  4.16000E-04  4.48000E-04  4.80000E-04  5.12000E-04
  5.76000E-04  6.40000E-04  7.04000E-04  7.68000E-04  8.32000E-04  8.96000E-04
  9.60000E-04  1.02400E-03  1.15200E-03  1.28000E-03  1.40800E-03  1.53600E-03
  1.66400E-03  1.79200E-03  1.92000E-03  2.01600E-03  2.27200E-03  2.52800E-03
  2.78400E-03  3.04000E-03  3.29600E-03  3.55200E-03  3.80800E-03  4.06400E-03
  4.57600E-03  5.08800E-03  5.60000E-03  6.11200E-03  6.62400E-03  7.13600E-03
  7.64800E-03  8.16000E-03  9.18400E-03  1.02080E-02  1.12320E-02  1.22560E-02
  1.32800E-02  1.43040E-02  1.53280E-02  1.63520E-02  1.84000E-02  2.04480E-02
  2.24960E-02  2.45440E-02  2.65920E-02  2.86400E-02  3.06880E-02  3.27360E-02
  3.68320E-02  4.09280E-02  4.50240E-02  4.91200E-02  5.32160E-02
  2.42508E+00  2.42681E+00  2.42985E+00  2.41935E+00  2.41777E+00  2.41408E+00
  2.42230E+00  2.41544E+00  2.41671E+00  2.42113E+00  2.41524E+00  2.41818E+00
  2.41453E+00  2.41869E+00  2.41732E+00  2.41658E+00  2.41502E+00  2.41654E+00
  2.41203E+00  2.41371E+00  2.41703E+00  2.41350E+00  2.41163E+00  2.41470E+00
  2.41275E+00  2.41273E+00  2.40993E+00  2.41155E+00  2.40943E+00  2.41269E+00
  2.40981E+00  2.41062E+00  2.41020E+00  2.40927E+00  2.40864E+00  2.40991E+00
  2.40984E+00  2.40993E+00  2.40747E+00  2.40524E+00  2.40362E+00  2.40570E+00
  2.40184E+00  2.40182E+00  2.40067E+00  2.39889E+00  2.39783E+00  2.39487E+00
  2.39258E+00  2.39187E+00  2.38959E+00  2.38675E+00  2.38486E+00  2.38231E+00
  2.37921E+00  2.37458E+00  2.37018E+00  2.36642E+00  2.36177E+00  2.35781E+00
  2.35420E+00  2.34995E+00  2.34052E+00  2.33177E+00  2.32416E+00  2.31618E+00
  2.30821E+00  2.29996E+00  2.29197E+00  2.28393E+00  2.26772E+00  2.25201E+00
  2.23650E+00  2.22058E+00  2.20517E+00  2.18942E+00  2.17439E+00  2.15873E+00
  2.12817E+00  2.09898E+00  2.06940E+00  2.04056E+00  2.01253E+00  1.98453E+00
  1.95718E+00  1.92994E+00  1.87684E+00  1.82528E+00  1.77543E+00  1.72717E+00
  1.68008E+00  1.63440E+00  1.58937E+00  1.55903E+00  1.47457E+00  1.39412E+00
  1.31803E+00  1.24534E+00  1.17692E+00  1.11277E+00  1.05238E+00  9.96258E-01
  8.91585E-01  7.98422E-01  7.14748E-01  6.38589E-01  5.71343E-01  5.13202E-01
  4.62242E-01  4.17369E-01  3.40784E-01  2.78470E-01  2.27344E-01  1.85446E-01
  1.53589E-01  1.28097E-01  1.04720E-01  8.48312E-02  5.54787E-02  3.34748E-02
  2.18802E-02  2.09690E-02  2.30904E-02  1.95301E-02  8.91173E-03  5.61517E-03
 -7.84865E-03 -7.97726E-03  2.18714E-03  1.57340E-02  8.65584E-03
