AutoSaveFileName0204.ASC
 IFORMY    0    .00
 (6E13.7)
 IFORMT    0    .00
 (6E13.7)
 IFORMW    0    .00
 (6E13.7)
 NINTT     0   -1.00
 DOUSNQ    0    1.00
 IQUAD     0    1.00
 PRWT      0    1.00
 PRY       0    1.00
 IPLRES    1    3.00
 IPLRES    2    3.00
 IPRINT    1    0.00
 IPRINT    2    2.00
 IPLFIT    1    0.00
 IPLFIT    2    0.00
 LINEPG    0   50.
 NONNEG    1    1.00
 IWT       0    5.00
 NQPROG    1    5.00
 NQPROG    2    5.00
 GMNMX     1    3.76801E-03
 GMNMX     2    1.35262E-03
 RUSER    10    -1.00
 NG        0    500.00
 NLINF     0    1.00
 IUSER    10    4.00
 RUSER    21    1.0
 RUSER    22   -1.0
 RUSER    23    0.0
 RUSER    18         292.07191
 RUSER    17         114.99900
 RUSER    19         1.02866
 RUSER    15         1.33200
 RUSER    16         632.80000
 RUSER    25         1
 RUSER    26         0
 END       0    0.00
 NY      162
  7.50000E-07  8.75000E-07  1.00000E-06  1.12500E-06  1.25000E-06  1.37500E-06
  1.50000E-06  1.62500E-06  1.75000E-06  1.87500E-06  2.00000E-06  2.25000E-06
  2.50000E-06  2.75000E-06  3.00000E-06  3.25000E-06  3.50000E-06  3.75000E-06
  4.00000E-06  4.50000E-06  5.00000E-06  5.50000E-06  6.00000E-06  6.50000E-06
  7.00000E-06  7.50000E-06  8.00000E-06  9.00000E-06  1.00000E-05  1.10000E-05
  1.20000E-05  1.30000E-05  1.40000E-05  1.50000E-05  1.60000E-05  1.80000E-05
  2.00000E-05  2.20000E-05  2.40000E-05  2.60000E-05  2.80000E-05  3.00000E-05
  3.20000E-05  3.60000E-05  4.00000E-05  4.40000E-05  4.80000E-05  5.20000E-05
  5.60000E-05  6.00000E-05  6.40000E-05  7.20000E-05  8.00000E-05  8.80000E-05
  9.60000E-05  1.04000E-04  1.12000E-04  1.20000E-04  1.28000E-04  1.44000E-04
  1.60000E-04  1.76000E-04  1.92000E-04  2.08000E-04  2.24000E-04  2.40000E-04
  2.56000E-04  2.88000E-04  3.20000E-04  3.52000E-04  3.84000E-04  4.16000E-04
  4.48000E-04  4.80000E-04  5.12000E-04  5.76000E-04  6.40000E-04  7.04000E-04
  7.68000E-04  8.32000E-04  8.96000E-04  9.60000E-04  1.02400E-03  1.15200E-03
  1.28000E-03  1.40800E-03  1.53600E-03  1.66400E-03  1.79200E-03  1.92000E-03
  2.01600E-03  2.27200E-03  2.52800E-03  2.78400E-03  3.04000E-03  3.29600E-03
  3.55200E-03  3.80800E-03  4.06400E-03  4.57600E-03  5.08800E-03  5.60000E-03
  6.11200E-03  6.62400E-03  7.13600E-03  7.64800E-03  8.16000E-03  9.18400E-03
  1.02080E-02  1.12320E-02  1.22560E-02  1.32800E-02  1.43040E-02  1.53280E-02
  1.63520E-02  1.84000E-02  2.04480E-02  2.24960E-02  2.45440E-02  2.65920E-02
  2.86400E-02  3.06880E-02  3.27360E-02  3.68320E-02  4.09280E-02  4.50240E-02
  4.91200E-02  5.32160E-02  5.73120E-02  6.14080E-02  6.55040E-02  7.36960E-02
  8.18880E-02  9.00800E-02  9.82720E-02  1.06464E-01  1.14656E-01  1.22848E-01
  1.31040E-01  1.47424E-01  1.63808E-01  1.80192E-01  1.96576E-01  2.12960E-01
  2.29344E-01  2.45728E-01  2.62112E-01  2.94880E-01  3.27648E-01  3.60416E-01
  3.93184E-01  4.25952E-01  4.58720E-01  4.91488E-01  5.24256E-01  5.89792E-01
  6.55328E-01  7.20864E-01  7.86400E-01  8.51936E-01  9.17472E-01  9.83008E-01
  9.97189E-01  1.00000E+00  9.97475E-01  9.89986E-01  9.93815E-01  9.90160E-01
  9.94725E-01  9.91208E-01  9.92251E-01  9.88758E-01  9.89271E-01  9.87712E-01
  9.87398E-01  9.86638E-01  9.86069E-01  9.84728E-01  9.83051E-01  9.82435E-01
  9.78627E-01  9.77950E-01  9.74899E-01  9.73289E-01  9.70438E-01  9.68614E-01
  9.67563E-01  9.63158E-01  9.60935E-01  9.56474E-01  9.51979E-01  9.48671E-01
  9.43679E-01  9.38803E-01  9.34953E-01  9.28986E-01  9.25071E-01  9.17287E-01
  9.07060E-01  8.99653E-01  8.91518E-01  8.82379E-01  8.73575E-01  8.65615E-01
  8.57400E-01  8.41277E-01  8.25064E-01  8.10556E-01  7.94611E-01  7.79383E-01
  7.64795E-01  7.50737E-01  7.36260E-01  7.08709E-01  6.82706E-01  6.57070E-01
  6.31921E-01  6.08578E-01  5.85670E-01  5.63678E-01  5.43266E-01  5.04072E-01
  4.67596E-01  4.33424E-01  4.01939E-01  3.72797E-01  3.45724E-01  3.19948E-01
  2.97101E-01  2.55412E-01  2.19215E-01  1.88044E-01  1.61028E-01  1.38200E-01
  1.18251E-01  1.01715E-01  8.74541E-02  6.40412E-02  4.68229E-02  3.37199E-02
  2.44194E-02  1.73197E-02  1.17242E-02  8.19810E-03  5.50902E-03  1.82046E-03
  4.34714E-04 -1.61442E-04  8.73920E-04  2.05920E-03  2.78016E-03  1.82836E-03
  1.86622E-03  1.15697E-03 -5.32842E-04 -1.43700E-03 -1.38460E-03 -8.39263E-04
  1.94662E-04  7.77031E-04  1.50271E-03  1.06717E-03  1.70254E-03  9.88885E-04
  2.80473E-04 -1.09613E-03 -3.72820E-04  7.12861E-04  2.09012E-04  3.54451E-04
  6.33212E-04  3.00826E-04  1.70814E-03 -7.79866E-04 -6.56637E-04  2.92862E-04
 -4.86451E-04  9.27268E-04  2.18426E-04  5.98605E-04  9.46659E-04  1.42052E-04
  6.12841E-04  4.71699E-04 -4.03829E-04 -4.24236E-04  1.10373E-04  5.39255E-04
  1.05566E-03 -3.51581E-04 -1.19736E-03  4.55200E-04  6.71911E-04 -1.02639E-04
  4.82882E-04 -2.35221E-04 -7.53635E-05 -3.83755E-04 -6.86999E-05 -4.67594E-04
 -1.77053E-04 -2.65086E-04 -1.78051E-04  2.21224E-04 -6.51397E-04 -2.81116E-04
 -1.18691E-04  3.30363E-04  1.06811E-04 -2.96409E-05  1.68702E-04  4.97674E-05
 -3.32932E-04  9.14173E-05 -3.35120E-04 -1.77575E-04  5.56846E-06 -1.01016E-04
  1.31884E-04  4.32803E-05 -1.71544E-04  3.60542E-05  1.43975E-04 -7.46578E-05
