AutoSaveFileName0044.ASC
 IFORMY    0    .00
 (6E13.7)
 IFORMT    0    .00
 (6E13.7)
 IFORMW    0    .00
 (6E13.7)
 NINTT     0   -1.00
 DOUSNQ    0    1.00
 IQUAD     0    1.00
 PRWT      0    1.00
 PRY       0    1.00
 IPLRES    1    3.00
 IPLRES    2    3.00
 IPRINT    1    0.00
 IPRINT    2    2.00
 IPLFIT    1    0.00
 IPLFIT    2    0.00
 LINEPG    0   50.
 NONNEG    1    1.00
 IWT       0    5.00
 NQPROG    1    5.00
 NQPROG    2    5.00
 GMNMX     1    2.97689E-02
 GMNMX     2    1.06863E-02
 RUSER    10    -1.00
 NG        0    500.00
 NLINF     0    1.00
 IUSER    10    4.00
 RUSER    21    1.0
 RUSER    22   -1.0
 RUSER    23    0.0
 RUSER    18         291.92252
 RUSER    17         34.99800
 RUSER    19         1.03248
 RUSER    15         1.33200
 RUSER    16         632.80000
 RUSER    25         1
 RUSER    26         0
 END       0    0.00
 NY      162
  7.50000E-07  8.75000E-07  1.00000E-06  1.12500E-06  1.25000E-06  1.37500E-06
  1.50000E-06  1.62500E-06  1.75000E-06  1.87500E-06  2.00000E-06  2.25000E-06
  2.50000E-06  2.75000E-06  3.00000E-06  3.25000E-06  3.50000E-06  3.75000E-06
  4.00000E-06  4.50000E-06  5.00000E-06  5.50000E-06  6.00000E-06  6.50000E-06
  7.00000E-06  7.50000E-06  8.00000E-06  9.00000E-06  1.00000E-05  1.10000E-05
  1.20000E-05  1.30000E-05  1.40000E-05  1.50000E-05  1.60000E-05  1.80000E-05
  2.00000E-05  2.20000E-05  2.40000E-05  2.60000E-05  2.80000E-05  3.00000E-05
  3.20000E-05  3.60000E-05  4.00000E-05  4.40000E-05  4.80000E-05  5.20000E-05
  5.60000E-05  6.00000E-05  6.40000E-05  7.20000E-05  8.00000E-05  8.80000E-05
  9.60000E-05  1.04000E-04  1.12000E-04  1.20000E-04  1.28000E-04  1.44000E-04
  1.60000E-04  1.76000E-04  1.92000E-04  2.08000E-04  2.24000E-04  2.40000E-04
  2.56000E-04  2.88000E-04  3.20000E-04  3.52000E-04  3.84000E-04  4.16000E-04
  4.48000E-04  4.80000E-04  5.12000E-04  5.76000E-04  6.40000E-04  7.04000E-04
  7.68000E-04  8.32000E-04  8.96000E-04  9.60000E-04  1.02400E-03  1.15200E-03
  1.28000E-03  1.40800E-03  1.53600E-03  1.66400E-03  1.79200E-03  1.92000E-03
  2.01600E-03  2.27200E-03  2.52800E-03  2.78400E-03  3.04000E-03  3.29600E-03
  3.55200E-03  3.80800E-03  4.06400E-03  4.57600E-03  5.08800E-03  5.60000E-03
  6.11200E-03  6.62400E-03  7.13600E-03  7.64800E-03  8.16000E-03  9.18400E-03
  1.02080E-02  1.12320E-02  1.22560E-02  1.32800E-02  1.43040E-02  1.53280E-02
  1.63520E-02  1.84000E-02  2.04480E-02  2.24960E-02  2.45440E-02  2.65920E-02
  2.86400E-02  3.06880E-02  3.27360E-02  3.68320E-02  4.09280E-02  4.50240E-02
  4.91200E-02  5.32160E-02  5.73120E-02  6.14080E-02  6.55040E-02  7.36960E-02
  8.18880E-02  9.00800E-02  9.82720E-02  1.06464E-01  1.14656E-01  1.22848E-01
  1.31040E-01  1.47424E-01  1.63808E-01  1.80192E-01  1.96576E-01  2.12960E-01
  2.29344E-01  2.45728E-01  2.62112E-01  2.94880E-01  3.27648E-01  3.60416E-01
  3.93184E-01  4.25952E-01  4.58720E-01  4.91488E-01  5.24256E-01  5.89792E-01
  6.55328E-01  7.20864E-01  7.86400E-01  8.51936E-01  9.17472E-01  9.83008E-01
  1.00000E+00  9.98018E-01  9.95756E-01  9.96810E-01  9.96522E-01  9.98047E-01
  9.94749E-01  9.95729E-01  9.96497E-01  9.94339E-01  9.93520E-01  9.95016E-01
  9.96458E-01  9.93454E-01  9.94087E-01  9.92610E-01  9.94189E-01  9.96037E-01
  9.95747E-01  9.93334E-01  9.93591E-01  9.94397E-01  9.92131E-01  9.93730E-01
  9.91545E-01  9.91501E-01  9.91843E-01  9.90731E-01  9.91483E-01  9.91149E-01
  9.89528E-01  9.89198E-01  9.88362E-01  9.88589E-01  9.87792E-01  9.86448E-01
  9.85570E-01  9.84033E-01  9.83576E-01  9.81813E-01  9.81640E-01  9.79212E-01
  9.78872E-01  9.76694E-01  9.74394E-01  9.72311E-01  9.69928E-01  9.67941E-01
  9.65320E-01  9.63291E-01  9.61223E-01  9.57280E-01  9.52888E-01  9.48957E-01
  9.44329E-01  9.39944E-01  9.36272E-01  9.31955E-01  9.27827E-01  9.19965E-01
  9.11911E-01  9.03744E-01  8.95948E-01  8.88253E-01  8.80582E-01  8.72682E-01
  8.65272E-01  8.50501E-01  8.35993E-01  8.21951E-01  8.08006E-01  7.94434E-01
  7.80931E-01  7.68082E-01  7.55217E-01  7.30479E-01  7.06330E-01  6.83046E-01
  6.60621E-01  6.39046E-01  6.18136E-01  5.97856E-01  5.78848E-01  5.41931E-01
  5.07454E-01  4.75285E-01  4.45272E-01  4.17527E-01  3.91398E-01  3.67193E-01
  3.49763E-01  3.08752E-01  2.72449E-01  2.40384E-01  2.12854E-01  1.88493E-01
  1.67501E-01  1.49398E-01  1.33665E-01  1.07070E-01  8.73777E-02  7.26042E-02
  6.04517E-02  5.08000E-02  4.26999E-02  3.65440E-02  3.14543E-02  2.38613E-02
  1.87571E-02  1.66170E-02  1.28815E-02  9.65054E-03  6.38461E-03  1.80237E-03
 -6.90250E-04  6.78886E-04  7.04910E-04 -9.17689E-04 -7.88279E-04  4.04632E-04
  4.05715E-04 -1.06425E-03  1.02435E-03  5.99430E-03  1.11341E-02  6.39769E-03
 -3.34243E-04 -1.67536E-03 -2.72357E-04 -1.49619E-03  8.39053E-05  4.26087E-03
  2.09846E-03  1.36847E-03 -1.21043E-03 -3.15538E-03 -5.47783E-03 -1.14154E-03
  2.85733E-03  3.23368E-03  1.83126E-04 -7.31892E-03 -7.07462E-04 -1.33748E-03
  2.33699E-03 -6.04681E-05 -4.68054E-04 -3.12405E-03 -1.90526E-03  3.11679E-03
 -1.82035E-04  3.48534E-03  6.14173E-04  2.04130E-03  1.79492E-03  1.62155E-03
 -8.00056E-05  1.23489E-03 -2.19126E-03 -2.53187E-03  9.51675E-04 -3.59964E-03
