AutoSaveFileName0398.ASC
 IFORMY    0    .00
 (6E13.7)
 IFORMT    0    .00
 (6E13.7)
 IFORMW    0    .00
 (6E13.7)
 NINTT     0   -1.00
 DOUSNQ    0    1.00
 IQUAD          1.00
 PRWT      0    1.00
 PRY       0    1.00
 IPLRES    1    3.00
 IPLRES    2    3.00
 IPRINT    1    0.00
 IPRINT    2    2.00
 IPLFIT    1    0.00
 IPLFIT    2    0.00
 LINEPG    0   50.
 NONNEG    1    1.00
 IWT       0    5.00
 NQPROG    1    5.00
 NQPROG    2    5.00
 GMNMX     1    7.420E-06
 GMNMX     2    7.420E-03
 RUSER    10    -1.00
 NG        0    200.00
 NLINF     0    0.00
 IUSER    10    4.00
 RUSER    21    1.0
 RUSER    22   -1.0
 RUSER    23    0.0
 RUSER    18         292.33582
 RUSER    17         146.99900
 RUSER    19         1.02198
 RUSER    15         1.33200
 RUSER    16         632.80000
 RUSER    25         1
 RUSER    26         0
 END       0    0.00
 NY      131
  3.75000E-07  5.00000E-07  6.25000E-07  7.50000E-07  8.75000E-07  1.00000E-06
  1.12500E-06  1.25000E-06  1.37500E-06  1.50000E-06  1.62500E-06  1.75000E-06
  1.87500E-06  2.00000E-06  2.25000E-06  2.50000E-06  2.75000E-06  3.00000E-06
  3.25000E-06  3.50000E-06  3.75000E-06  4.00000E-06  4.50000E-06  5.00000E-06
  5.50000E-06  6.00000E-06  6.50000E-06  7.00000E-06  7.50000E-06  8.00000E-06
  9.00000E-06  1.00000E-05  1.10000E-05  1.20000E-05  1.30000E-05  1.40000E-05
  1.50000E-05  1.60000E-05  1.80000E-05  2.00000E-05  2.20000E-05  2.40000E-05
  2.60000E-05  2.80000E-05  3.00000E-05  3.20000E-05  3.60000E-05  4.00000E-05
  4.40000E-05  4.80000E-05  5.20000E-05  5.60000E-05  6.00000E-05  6.40000E-05
  7.20000E-05  8.00000E-05  8.80000E-05  9.60000E-05  1.04000E-04  1.12000E-04
  1.20000E-04  1.28000E-04  1.44000E-04  1.60000E-04  1.76000E-04  1.92000E-04
  2.08000E-04  2.24000E-04  2.40000E-04  2.56000E-04  2.88000E-04  3.20000E-04
  3.52000E-04  3.84000E-04  4.16000E-04  4.48000E-04  4.80000E-04  5.12000E-04
  5.76000E-04  6.40000E-04  7.04000E-04  7.68000E-04  8.32000E-04  8.96000E-04
  9.60000E-04  1.02400E-03  1.15200E-03  1.28000E-03  1.40800E-03  1.53600E-03
  1.66400E-03  1.79200E-03  1.92000E-03  2.01600E-03  2.27200E-03  2.52800E-03
  2.78400E-03  3.04000E-03  3.29600E-03  3.55200E-03  3.80800E-03  4.06400E-03
  4.57600E-03  5.08800E-03  5.60000E-03  6.11200E-03  6.62400E-03  7.13600E-03
  7.64800E-03  8.16000E-03  9.18400E-03  1.02080E-02  1.12320E-02  1.22560E-02
  1.32800E-02  1.43040E-02  1.53280E-02  1.63520E-02  1.84000E-02  2.04480E-02
  2.24960E-02  2.45440E-02  2.65920E-02  2.86400E-02  3.06880E-02  3.27360E-02
  3.68320E-02  4.09280E-02  4.50240E-02  4.91200E-02  5.32160E-02
  2.40300E+00  2.39807E+00  2.41165E+00  2.39061E+00  2.38869E+00  2.39048E+00
  2.38744E+00  2.39560E+00  2.39023E+00  2.38196E+00  2.38244E+00  2.38355E+00
  2.37947E+00  2.38489E+00  2.38353E+00  2.38349E+00  2.39005E+00  2.38425E+00
  2.38097E+00  2.38127E+00  2.38232E+00  2.38040E+00  2.37910E+00  2.37608E+00
  2.38280E+00  2.38128E+00  2.37667E+00  2.37342E+00  2.37804E+00  2.37432E+00
  2.37540E+00  2.37587E+00  2.37135E+00  2.36790E+00  2.36742E+00  2.36416E+00
  2.36394E+00  2.36192E+00  2.36011E+00  2.35703E+00  2.35288E+00  2.34939E+00
  2.34674E+00  2.34644E+00  2.34308E+00  2.34142E+00  2.33493E+00  2.32810E+00
  2.32342E+00  2.31786E+00  2.31088E+00  2.30618E+00  2.30061E+00  2.29391E+00
  2.28251E+00  2.27131E+00  2.26230E+00  2.25051E+00  2.23891E+00  2.22800E+00
  2.21755E+00  2.20661E+00  2.18353E+00  2.16354E+00  2.14193E+00  2.12278E+00
  2.10115E+00  2.08151E+00  2.06194E+00  2.04284E+00  2.00408E+00  1.96719E+00
  1.93098E+00  1.89541E+00  1.86058E+00  1.82773E+00  1.79407E+00  1.76230E+00
  1.70123E+00  1.64226E+00  1.58650E+00  1.53253E+00  1.48117E+00  1.43247E+00
  1.38568E+00  1.33834E+00  1.25487E+00  1.17928E+00  1.11110E+00  1.04737E+00
  9.88921E-01  9.35231E-01  8.86997E-01  8.57726E-01  7.76103E-01  7.07964E-01
  6.48622E-01  5.98219E-01  5.54498E-01  5.17339E-01  4.84893E-01  4.57500E-01
  4.11335E-01  3.75999E-01  3.48657E-01  3.20946E-01  2.97149E-01  2.75926E-01
  2.57484E-01  2.38808E-01  2.08511E-01  1.90703E-01  1.77212E-01  1.65104E-01
  1.51028E-01  1.38888E-01  1.28203E-01  1.17092E-01  9.86948E-02  7.64342E-02
  5.57879E-02  4.49936E-02  2.82136E-02  2.42217E-02  3.27381E-02  3.58594E-02
  2.52126E-02  2.20003E-02  1.55260E-02  1.21678E-02  1.03791E-02
