AutoSaveFileName0109.ASC
 IFORMY    0    .00
 (6E13.7)
 IFORMT    0    .00
 (6E13.7)
 IFORMW    0    .00
 (6E13.7)
 NINTT     0   -1.00
 DOUSNQ    0    1.00
 IQUAD          1.00
 PRWT      0    1.00
 PRY       0    1.00
 IPLRES    1    3.00
 IPLRES    2    3.00
 IPRINT    1    0.00
 IPRINT    2    2.00
 IPLFIT    1    0.00
 IPLFIT    2    0.00
 LINEPG    0   50.
 NONNEG    1    1.00
 IWT       0    5.00
 NQPROG    1    5.00
 NQPROG    2    5.00
 GMNMX     1    3.726E-05
 GMNMX     2    3.726E-02
 RUSER    10    -1.00
 NG        0    200.00
 NLINF     0    0.00
 IUSER    10    4.00
 RUSER    21    1.0
 RUSER    22   -1.0
 RUSER    23    0.0
 RUSER    18         291.90516
 RUSER    17         50.99900
 RUSER    19         1.03292
 RUSER    15         1.33200
 RUSER    16         632.80000
 RUSER    25         1
 RUSER    26         0
 END       0    0.00
 NY      131
  3.75000E-07  5.00000E-07  6.25000E-07  7.50000E-07  8.75000E-07  1.00000E-06
  1.12500E-06  1.25000E-06  1.37500E-06  1.50000E-06  1.62500E-06  1.75000E-06
  1.87500E-06  2.00000E-06  2.25000E-06  2.50000E-06  2.75000E-06  3.00000E-06
  3.25000E-06  3.50000E-06  3.75000E-06  4.00000E-06  4.50000E-06  5.00000E-06
  5.50000E-06  6.00000E-06  6.50000E-06  7.00000E-06  7.50000E-06  8.00000E-06
  9.00000E-06  1.00000E-05  1.10000E-05  1.20000E-05  1.30000E-05  1.40000E-05
  1.50000E-05  1.60000E-05  1.80000E-05  2.00000E-05  2.20000E-05  2.40000E-05
  2.60000E-05  2.80000E-05  3.00000E-05  3.20000E-05  3.60000E-05  4.00000E-05
  4.40000E-05  4.80000E-05  5.20000E-05  5.60000E-05  6.00000E-05  6.40000E-05
  7.20000E-05  8.00000E-05  8.80000E-05  9.60000E-05  1.04000E-04  1.12000E-04
  1.20000E-04  1.28000E-04  1.44000E-04  1.60000E-04  1.76000E-04  1.92000E-04
  2.08000E-04  2.24000E-04  2.40000E-04  2.56000E-04  2.88000E-04  3.20000E-04
  3.52000E-04  3.84000E-04  4.16000E-04  4.48000E-04  4.80000E-04  5.12000E-04
  5.76000E-04  6.40000E-04  7.04000E-04  7.68000E-04  8.32000E-04  8.96000E-04
  9.60000E-04  1.02400E-03  1.15200E-03  1.28000E-03  1.40800E-03  1.53600E-03
  1.66400E-03  1.79200E-03  1.92000E-03  2.01600E-03  2.27200E-03  2.52800E-03
  2.78400E-03  3.04000E-03  3.29600E-03  3.55200E-03  3.80800E-03  4.06400E-03
  4.57600E-03  5.08800E-03  5.60000E-03  6.11200E-03  6.62400E-03  7.13600E-03
  7.64800E-03  8.16000E-03  9.18400E-03  1.02080E-02  1.12320E-02  1.22560E-02
  1.32800E-02  1.43040E-02  1.53280E-02  1.63520E-02  1.84000E-02  2.04480E-02
  2.24960E-02  2.45440E-02  2.65920E-02  2.86400E-02  3.06880E-02  3.27360E-02
  3.68320E-02  4.09280E-02  4.50240E-02  4.91200E-02  5.32160E-02
  1.51394E+00  1.51316E+00  1.51207E+00  1.51147E+00  1.50932E+00  1.51196E+00
  1.50704E+00  1.50899E+00  1.50703E+00  1.50689E+00  1.50707E+00  1.50632E+00
  1.50795E+00  1.50714E+00  1.50545E+00  1.50776E+00  1.50494E+00  1.50690E+00
  1.50748E+00  1.50772E+00  1.50691E+00  1.50668E+00  1.50653E+00  1.50729E+00
  1.50680E+00  1.50615E+00  1.50675E+00  1.50548E+00  1.50701E+00  1.50537E+00
  1.50624E+00  1.50501E+00  1.50520E+00  1.50390E+00  1.50511E+00  1.50456E+00
  1.50381E+00  1.50310E+00  1.50326E+00  1.50229E+00  1.50194E+00  1.50135E+00
  1.50031E+00  1.49991E+00  1.49889E+00  1.49881E+00  1.49754E+00  1.49673E+00
  1.49599E+00  1.49420E+00  1.49327E+00  1.49258E+00  1.49090E+00  1.49002E+00
  1.48749E+00  1.48552E+00  1.48331E+00  1.48082E+00  1.47901E+00  1.47615E+00
  1.47440E+00  1.47197E+00  1.46734E+00  1.46269E+00  1.45826E+00  1.45368E+00
  1.44928E+00  1.44493E+00  1.44025E+00  1.43594E+00  1.42707E+00  1.41830E+00
  1.40970E+00  1.40094E+00  1.39270E+00  1.38391E+00  1.37546E+00  1.36159E+00
  1.34487E+00  1.32857E+00  1.31239E+00  1.29643E+00  1.28067E+00  1.26528E+00
  1.24978E+00  1.23364E+00  1.20404E+00  1.17531E+00  1.14737E+00  1.12003E+00
  1.09334E+00  1.06748E+00  1.04248E+00  1.02837E+00  9.80423E-01  9.34833E-01
  8.91894E-01  8.50879E-01  8.11827E-01  7.74474E-01  7.39324E-01  7.06126E-01
  6.42395E-01  5.83852E-01  5.30607E-01  4.83198E-01  4.42005E-01  4.04502E-01
  3.70070E-01  3.39868E-01  2.85485E-01  2.39630E-01  1.99842E-01  1.68222E-01
  1.42345E-01  1.19283E-01  1.00698E-01  8.54657E-02  6.12161E-02  4.57736E-02
  3.45837E-02  2.39435E-02  1.19359E-02  1.43112E-03 -1.04959E-02 -1.73767E-02
 -1.35726E-02 -1.00317E-02  2.22368E-03  3.11402E-03 -2.80216E-03
