AutoSaveFileName0172.ASC
 IFORMY    0    .00
 (6E13.7)
 IFORMT    0    .00
 (6E13.7)
 IFORMW    0    .00
 (6E13.7)
 NINTT     0   -1.00
 DOUSNQ    0    1.00
 IQUAD          1.00
 PRWT      0    1.00
 PRY       0    1.00
 IPLRES    1    3.00
 IPLRES    2    3.00
 IPRINT    1    0.00
 IPRINT    2    2.00
 IPLFIT    1    0.00
 IPLFIT    2    0.00
 LINEPG    0   50.
 NONNEG    1    1.00
 IWT       0    5.00
 NQPROG    1    5.00
 NQPROG    2    5.00
 GMNMX     1    1.994E-05
 GMNMX     2    1.994E-02
 RUSER    10    -1.00
 NG        0    200.00
 NLINF     0    0.00
 IUSER    10    4.00
 RUSER    21    1.0
 RUSER    22   -1.0
 RUSER    23    0.0
 RUSER    18         291.98717
 RUSER    17         71.99900
 RUSER    19         1.03083
 RUSER    15         1.33200
 RUSER    16         632.80000
 RUSER    25         1
 RUSER    26         0
 END       0    0.00
 NY      131
  3.75000E-07  5.00000E-07  6.25000E-07  7.50000E-07  8.75000E-07  1.00000E-06
  1.12500E-06  1.25000E-06  1.37500E-06  1.50000E-06  1.62500E-06  1.75000E-06
  1.87500E-06  2.00000E-06  2.25000E-06  2.50000E-06  2.75000E-06  3.00000E-06
  3.25000E-06  3.50000E-06  3.75000E-06  4.00000E-06  4.50000E-06  5.00000E-06
  5.50000E-06  6.00000E-06  6.50000E-06  7.00000E-06  7.50000E-06  8.00000E-06
  9.00000E-06  1.00000E-05  1.10000E-05  1.20000E-05  1.30000E-05  1.40000E-05
  1.50000E-05  1.60000E-05  1.80000E-05  2.00000E-05  2.20000E-05  2.40000E-05
  2.60000E-05  2.80000E-05  3.00000E-05  3.20000E-05  3.60000E-05  4.00000E-05
  4.40000E-05  4.80000E-05  5.20000E-05  5.60000E-05  6.00000E-05  6.40000E-05
  7.20000E-05  8.00000E-05  8.80000E-05  9.60000E-05  1.04000E-04  1.12000E-04
  1.20000E-04  1.28000E-04  1.44000E-04  1.60000E-04  1.76000E-04  1.92000E-04
  2.08000E-04  2.24000E-04  2.40000E-04  2.56000E-04  2.88000E-04  3.20000E-04
  3.52000E-04  3.84000E-04  4.16000E-04  4.48000E-04  4.80000E-04  5.12000E-04
  5.76000E-04  6.40000E-04  7.04000E-04  7.68000E-04  8.32000E-04  8.96000E-04
  9.60000E-04  1.02400E-03  1.15200E-03  1.28000E-03  1.40800E-03  1.53600E-03
  1.66400E-03  1.79200E-03  1.92000E-03  2.01600E-03  2.27200E-03  2.52800E-03
  2.78400E-03  3.04000E-03  3.29600E-03  3.55200E-03  3.80800E-03  4.06400E-03
  4.57600E-03  5.08800E-03  5.60000E-03  6.11200E-03  6.62400E-03  7.13600E-03
  7.64800E-03  8.16000E-03  9.18400E-03  1.02080E-02  1.12320E-02  1.22560E-02
  1.32800E-02  1.43040E-02  1.53280E-02  1.63520E-02  1.84000E-02  2.04480E-02
  2.24960E-02  2.45440E-02  2.65920E-02  2.86400E-02  3.06880E-02  3.27360E-02
  3.68320E-02  4.09280E-02  4.50240E-02  4.91200E-02  5.32160E-02
  1.61965E+00  1.62437E+00  1.61335E+00  1.62450E+00  1.62006E+00  1.61321E+00
  1.61615E+00  1.61165E+00  1.60737E+00  1.61238E+00  1.61008E+00  1.61470E+00
  1.61177E+00  1.60985E+00  1.61311E+00  1.61410E+00  1.60907E+00  1.61221E+00
  1.60720E+00  1.60790E+00  1.60565E+00  1.60928E+00  1.60738E+00  1.60792E+00
  1.60571E+00  1.60850E+00  1.60805E+00  1.60808E+00  1.60666E+00  1.60747E+00
  1.60653E+00  1.60418E+00  1.60353E+00  1.60635E+00  1.60516E+00  1.60667E+00
  1.60349E+00  1.60196E+00  1.60217E+00  1.60302E+00  1.59950E+00  1.59864E+00
  1.59846E+00  1.59918E+00  1.59555E+00  1.59470E+00  1.59362E+00  1.59120E+00
  1.58953E+00  1.58838E+00  1.58505E+00  1.58354E+00  1.58093E+00  1.57943E+00
  1.57519E+00  1.57008E+00  1.56657E+00  1.56337E+00  1.55892E+00  1.55522E+00
  1.55075E+00  1.54745E+00  1.53971E+00  1.53162E+00  1.52461E+00  1.51638E+00
  1.50904E+00  1.50173E+00  1.49311E+00  1.48576E+00  1.47119E+00  1.45608E+00
  1.44111E+00  1.42716E+00  1.41270E+00  1.39892E+00  1.38452E+00  1.37105E+00
  1.34397E+00  1.31765E+00  1.29154E+00  1.26608E+00  1.24091E+00  1.21620E+00
  1.19242E+00  1.16631E+00  1.12039E+00  1.07658E+00  1.03395E+00  9.92844E-01
  9.53590E-01  9.16923E-01  8.81584E-01  8.59098E-01  7.94828E-01  7.35937E-01
  6.82856E-01  6.33543E-01  5.88754E-01  5.48187E-01  5.10739E-01  4.76781E-01
  4.12883E-01  3.57747E-01  3.10700E-01  2.71458E-01  2.38436E-01  2.09016E-01
  1.83506E-01  1.60403E-01  1.21659E-01  9.28042E-02  7.26483E-02  5.59006E-02
  3.95353E-02  2.95255E-02  2.35566E-02  2.22579E-02  1.56658E-02  2.01739E-02
  2.88082E-02  3.08499E-02  2.72482E-02  2.49976E-02  1.24417E-02  3.05013E-04
  2.66691E-05  2.11548E-03  6.48972E-03 -3.29822E-03 -6.31585E-03
