AutoSaveFileName0215.ASC
 IFORMY    0    .00
 (6E13.7)
 IFORMT    0    .00
 (6E13.7)
 IFORMW    0    .00
 (6E13.7)
 NINTT     0   -1.00
 DOUSNQ    0    1.00
 IQUAD          1.00
 PRWT      0    1.00
 PRY       0    1.00
 IPLRES    1    3.00
 IPLRES    2    3.00
 IPRINT    1    0.00
 IPRINT    2    2.00
 IPLFIT    1    0.00
 IPLFIT    2    0.00
 LINEPG    0   50.
 NONNEG    1    1.00
 IWT       0    5.00
 NQPROG    1    5.00
 NQPROG    2    5.00
 GMNMX     1    9.121E-06
 GMNMX     2    9.121E-03
 RUSER    10    -1.00
 NG        0    200.00
 NLINF     0    0.00
 IUSER    10    4.00
 RUSER    21    1.0
 RUSER    22   -1.0
 RUSER    23    0.0
 RUSER    18         292.23705
 RUSER    17         119.99900
 RUSER    19         1.02447
 RUSER    15         1.33200
 RUSER    16         632.80000
 RUSER    25         1
 RUSER    26         0
 END       0    0.00
 NY      188
  5.00000E-07  6.25000E-07  7.50000E-07  8.75000E-07  1.00000E-06  1.12500E-06
  1.25000E-06  1.37500E-06  1.50000E-06  1.62500E-06  1.75000E-06  1.87500E-06
  2.00000E-06  2.25000E-06  2.50000E-06  2.75000E-06  3.00000E-06  3.25000E-06
  3.50000E-06  3.75000E-06  4.00000E-06  4.50000E-06  5.00000E-06  5.50000E-06
  6.00000E-06  6.50000E-06  7.00000E-06  7.50000E-06  8.00000E-06  9.00000E-06
  1.00000E-05  1.10000E-05  1.20000E-05  1.30000E-05  1.40000E-05  1.50000E-05
  1.60000E-05  1.80000E-05  2.00000E-05  2.20000E-05  2.40000E-05  2.60000E-05
  2.80000E-05  3.00000E-05  3.20000E-05  3.60000E-05  4.00000E-05  4.40000E-05
  4.80000E-05  5.20000E-05  5.60000E-05  6.00000E-05  6.40000E-05  7.20000E-05
  8.00000E-05  8.80000E-05  9.60000E-05  1.04000E-04  1.12000E-04  1.20000E-04
  1.28000E-04  1.44000E-04  1.60000E-04  1.76000E-04  1.92000E-04  2.08000E-04
  2.24000E-04  2.40000E-04  2.56000E-04  2.88000E-04  3.20000E-04  3.52000E-04
  3.84000E-04  4.16000E-04  4.48000E-04  4.80000E-04  5.12000E-04  5.76000E-04
  6.40000E-04  7.04000E-04  7.68000E-04  8.32000E-04  8.96000E-04  9.60000E-04
  1.02400E-03  1.15200E-03  1.28000E-03  1.40800E-03  1.53600E-03  1.66400E-03
  1.79200E-03  1.92000E-03  2.01600E-03  2.27200E-03  2.52800E-03  2.78400E-03
  3.04000E-03  3.29600E-03  3.55200E-03  3.80800E-03  4.06400E-03  4.57600E-03
  5.08800E-03  5.60000E-03  6.11200E-03  6.62400E-03  7.13600E-03  7.64800E-03
  8.16000E-03  9.18400E-03  1.02080E-02  1.12320E-02  1.22560E-02  1.32800E-02
  1.43040E-02  1.53280E-02  1.63520E-02  1.84000E-02  2.04480E-02  2.24960E-02
  2.45440E-02  2.65920E-02  2.86400E-02  3.06880E-02  3.27360E-02  3.68320E-02
  4.09280E-02  4.50240E-02  4.91200E-02  5.32160E-02  5.73120E-02  6.14080E-02
  6.55040E-02  7.36960E-02  8.18880E-02  9.00800E-02  9.82720E-02  1.06464E-01
  1.14656E-01  1.22848E-01  1.31040E-01  1.47424E-01  1.63808E-01  1.80192E-01
  1.96576E-01  2.12960E-01  2.29344E-01  2.45728E-01  2.62112E-01  2.94880E-01
  3.27648E-01  3.60416E-01  3.93184E-01  4.25952E-01  4.58720E-01  4.91488E-01
  5.24256E-01  5.89792E-01  6.55328E-01  7.20864E-01  7.86400E-01  8.51936E-01
  9.17472E-01  9.83008E-01  1.04854E+00  1.17962E+00  1.31069E+00  1.44176E+00
  1.57283E+00  1.70390E+00  1.83498E+00  1.96605E+00  2.09712E+00  2.35926E+00
  2.62141E+00  2.88355E+00  3.14570E+00  3.40784E+00  3.66998E+00  3.93213E+00
  4.19427E+00  4.71856E+00  5.24285E+00  5.76714E+00  6.29142E+00  6.81571E+00
  7.34000E+00  7.86429E+00
  9.95028E-01  9.95569E-01  9.93092E-01  9.94033E-01  9.92056E-01  9.90642E-01
  9.89410E-01  9.90814E-01  9.93270E-01  9.90035E-01  9.90434E-01  9.88968E-01
  9.90694E-01  9.92079E-01  9.90648E-01  9.91608E-01  9.92174E-01  9.89668E-01
  9.89990E-01  9.89763E-01  9.89503E-01  9.90665E-01  9.89371E-01  9.88975E-01
  9.90023E-01  9.88281E-01  9.89879E-01  9.88069E-01  9.88281E-01  9.88907E-01
  9.88304E-01  9.87621E-01  9.86195E-01  9.86777E-01  9.86675E-01  9.85414E-01
  9.84851E-01  9.84001E-01  9.83743E-01  9.83204E-01  9.81739E-01  9.81534E-01
  9.81138E-01  9.80001E-01  9.79000E-01  9.77648E-01  9.75828E-01  9.74736E-01
  9.73078E-01  9.71341E-01  9.69925E-01  9.68670E-01  9.67002E-01  9.64169E-01
  9.60720E-01  9.57643E-01  9.54571E-01  9.51577E-01  9.48462E-01  9.45688E-01
  9.42535E-01  9.36168E-01  9.30319E-01  9.24280E-01  9.18197E-01  9.12142E-01
  9.06260E-01  9.00497E-01  8.94590E-01  8.83001E-01  8.71520E-01  8.60327E-01
  8.49129E-01  8.38134E-01  8.27511E-01  8.16802E-01  8.06365E-01  7.85761E-01
  7.65673E-01  7.46154E-01  7.27181E-01  7.08643E-01  6.90613E-01  6.72937E-01
  6.55692E-01  6.22737E-01  5.91630E-01  5.61990E-01  5.33839E-01  5.07307E-01
  4.82008E-01  4.58201E-01  4.41052E-01  3.98783E-01  3.60607E-01  3.25853E-01
  2.94339E-01  2.66047E-01  2.40123E-01  2.17005E-01  1.96831E-01  1.61471E-01
  1.32819E-01  1.09811E-01  9.14942E-02  7.65175E-02  6.39500E-02  5.35678E-02
  4.52158E-02  3.22276E-02  2.35760E-02  1.80081E-02  1.44420E-02  1.11949E-02
  7.30698E-03  5.24819E-03  3.34187E-03  6.04245E-04 -2.52603E-04  5.60100E-05
  4.18702E-03  5.75360E-03  4.04944E-03  3.95995E-05 -1.12773E-03 -5.24667E-03
 -8.81004E-03 -4.73168E-03 -1.42092E-03 -1.05531E-03 -4.69226E-03 -2.51505E-03
 -9.18459E-04 -1.48224E-04  1.37536E-03 -8.05360E-04 -3.55976E-03 -1.24106E-03
 -4.47004E-03 -6.43015E-03  3.21593E-03 -2.63575E-04  1.12232E-04 -7.08915E-04
 -5.15433E-04  3.93956E-03 -1.13968E-03 -5.27325E-03 -1.47480E-03  1.50966E-03
  4.92377E-04 -4.01448E-03 -3.56322E-04  2.84276E-03  1.78542E-03 -2.47322E-03
 -2.48058E-04 -1.92610E-03 -6.16397E-05 -1.35690E-03  1.14058E-03 -7.01514E-04
 -3.45844E-03 -2.47256E-03  5.00046E-04  1.76462E-03 -1.42530E-03 -1.07185E-03
 -2.45024E-04 -1.54669E-03 -8.20736E-04  6.06579E-04  1.41332E-04 -4.98880E-04
  2.53947E-04  1.14565E-03  1.12014E-03 -2.19401E-04  7.05865E-05  1.20940E-03
  3.01293E-04 -2.14146E-03 -2.61849E-04  1.90465E-03  5.83688E-04 -3.09464E-04
  2.16704E-03 -8.06325E-04
