AutoSaveFileName0184.ASC
 IFORMY    0    .00
 (6E13.7)
 IFORMT    0    .00
 (6E13.7)
 IFORMW    0    .00
 (6E13.7)
 NINTT     0   -1.00
 DOUSNQ    0    1.00
 IQUAD     0    1.00
 PRWT      0    1.00
 PRY       0    1.00
 IPLRES    1    3.00
 IPLRES    2    3.00
 IPRINT    1    0.00
 IPRINT    2    2.00
 IPLFIT    1    0.00
 IPLFIT    2    0.00
 LINEPG    0   50.
 NONNEG    1    1.00
 IWT       0    5.00
 NQPROG    1    5.00
 NQPROG    2    5.00
 GMNMX     1    4.26138E-03
 GMNMX     2    1.52973E-03
 RUSER    10    -1.00
 NG        0    500.00
 NLINF     0    1.00
 IUSER    10    4.00
 RUSER    21    1.0
 RUSER    22   -1.0
 RUSER    23    0.0
 RUSER    18         292.04642
 RUSER    17         104.99900
 RUSER    19         1.02931
 RUSER    15         1.33200
 RUSER    16         632.80000
 RUSER    25         1
 RUSER    26         0
 END       0    0.00
 NY      162
  7.50000E-07  8.75000E-07  1.00000E-06  1.12500E-06  1.25000E-06  1.37500E-06
  1.50000E-06  1.62500E-06  1.75000E-06  1.87500E-06  2.00000E-06  2.25000E-06
  2.50000E-06  2.75000E-06  3.00000E-06  3.25000E-06  3.50000E-06  3.75000E-06
  4.00000E-06  4.50000E-06  5.00000E-06  5.50000E-06  6.00000E-06  6.50000E-06
  7.00000E-06  7.50000E-06  8.00000E-06  9.00000E-06  1.00000E-05  1.10000E-05
  1.20000E-05  1.30000E-05  1.40000E-05  1.50000E-05  1.60000E-05  1.80000E-05
  2.00000E-05  2.20000E-05  2.40000E-05  2.60000E-05  2.80000E-05  3.00000E-05
  3.20000E-05  3.60000E-05  4.00000E-05  4.40000E-05  4.80000E-05  5.20000E-05
  5.60000E-05  6.00000E-05  6.40000E-05  7.20000E-05  8.00000E-05  8.80000E-05
  9.60000E-05  1.04000E-04  1.12000E-04  1.20000E-04  1.28000E-04  1.44000E-04
  1.60000E-04  1.76000E-04  1.92000E-04  2.08000E-04  2.24000E-04  2.40000E-04
  2.56000E-04  2.88000E-04  3.20000E-04  3.52000E-04  3.84000E-04  4.16000E-04
  4.48000E-04  4.80000E-04  5.12000E-04  5.76000E-04  6.40000E-04  7.04000E-04
  7.68000E-04  8.32000E-04  8.96000E-04  9.60000E-04  1.02400E-03  1.15200E-03
  1.28000E-03  1.40800E-03  1.53600E-03  1.66400E-03  1.79200E-03  1.92000E-03
  2.01600E-03  2.27200E-03  2.52800E-03  2.78400E-03  3.04000E-03  3.29600E-03
  3.55200E-03  3.80800E-03  4.06400E-03  4.57600E-03  5.08800E-03  5.60000E-03
  6.11200E-03  6.62400E-03  7.13600E-03  7.64800E-03  8.16000E-03  9.18400E-03
  1.02080E-02  1.12320E-02  1.22560E-02  1.32800E-02  1.43040E-02  1.53280E-02
  1.63520E-02  1.84000E-02  2.04480E-02  2.24960E-02  2.45440E-02  2.65920E-02
  2.86400E-02  3.06880E-02  3.27360E-02  3.68320E-02  4.09280E-02  4.50240E-02
  4.91200E-02  5.32160E-02  5.73120E-02  6.14080E-02  6.55040E-02  7.36960E-02
  8.18880E-02  9.00800E-02  9.82720E-02  1.06464E-01  1.14656E-01  1.22848E-01
  1.31040E-01  1.47424E-01  1.63808E-01  1.80192E-01  1.96576E-01  2.12960E-01
  2.29344E-01  2.45728E-01  2.62112E-01  2.94880E-01  3.27648E-01  3.60416E-01
  3.93184E-01  4.25952E-01  4.58720E-01  4.91488E-01  5.24256E-01  5.89792E-01
  6.55328E-01  7.20864E-01  7.86400E-01  8.51936E-01  9.17472E-01  9.83008E-01
  1.00000E+00  9.98365E-01  9.97285E-01  9.91915E-01  9.93412E-01  9.96399E-01
  9.87724E-01  9.91676E-01  9.89535E-01  9.91643E-01  9.89519E-01  9.88778E-01
  9.93225E-01  9.86358E-01  9.85358E-01  9.83697E-01  9.84753E-01  9.84229E-01
  9.79993E-01  9.80211E-01  9.78290E-01  9.76006E-01  9.71796E-01  9.70563E-01
  9.69298E-01  9.67216E-01  9.64955E-01  9.61542E-01  9.57210E-01  9.53082E-01
  9.49966E-01  9.47021E-01  9.41980E-01  9.35996E-01  9.33047E-01  9.25775E-01
  9.17079E-01  9.10812E-01  9.02689E-01  8.94174E-01  8.86616E-01  8.78929E-01
  8.72084E-01  8.57730E-01  8.43936E-01  8.29331E-01  8.15867E-01  8.02558E-01
  7.88874E-01  7.76083E-01  7.62774E-01  7.38034E-01  7.13475E-01  6.89929E-01
  6.66935E-01  6.44871E-01  6.23924E-01  6.03043E-01  5.83097E-01  5.45557E-01
  5.10357E-01  4.77367E-01  4.46403E-01  4.17189E-01  3.90423E-01  3.65520E-01
  3.42291E-01  2.99583E-01  2.61949E-01  2.28998E-01  2.00511E-01  1.75143E-01
  1.52875E-01  1.34329E-01  1.18304E-01  9.15310E-02  7.13333E-02  5.60169E-02
  4.38044E-02  3.42795E-02  2.74026E-02  2.14060E-02  1.69221E-02  1.02299E-02
  6.32740E-03  3.64128E-03  1.71396E-03  9.06105E-04  1.03765E-03  1.25070E-03
  6.15771E-04 -5.20900E-04 -4.55015E-04 -1.13661E-03 -1.26993E-03  1.43680E-04
  3.98177E-04  5.69535E-05 -1.13808E-03 -1.37015E-03  1.62316E-03  1.52484E-03
 -1.23769E-03 -1.36448E-03 -1.52218E-03 -1.92052E-03 -6.53682E-04 -5.16120E-04
  1.26927E-04 -3.51140E-04 -8.41570E-04  1.17898E-03  1.40536E-03  1.82053E-03
 -9.74558E-04 -7.43118E-04  6.30369E-04 -2.64008E-03  4.41207E-05 -3.53618E-04
  1.18173E-04 -3.83381E-04 -5.09746E-05  4.39372E-04  4.72482E-04  3.53349E-05
 -1.97225E-04 -6.46639E-04 -1.76742E-04 -5.28228E-04  2.89329E-04  1.03294E-03
 -1.64042E-04  2.26793E-04  7.46101E-04  1.00383E-04  2.49465E-04 -1.10374E-03
 -1.63743E-04 -3.11496E-04  3.86166E-05 -3.52939E-04  3.86124E-04 -4.03610E-04
 -6.53832E-04  1.20408E-04 -6.37838E-06  2.75680E-04 -1.15434E-04  1.18482E-04
  1.14357E-04  4.09601E-05 -3.73825E-04  1.13379E-04  3.37910E-04  9.36465E-05
  1.48056E-04 -6.20914E-05 -3.52876E-05 -1.98828E-04 -7.61106E-05  4.07963E-04
