AutoSaveFileName0111.ASC
 IFORMY    0    .00
 (6E13.7)
 IFORMT    0    .00
 (6E13.7)
 IFORMW    0    .00
 (6E13.7)
 NINTT     0   -1.00
 DOUSNQ    0    1.00
 IQUAD          1.00
 PRWT      0    1.00
 PRY       0    1.00
 IPLRES    1    3.00
 IPLRES    2    3.00
 IPRINT    1    0.00
 IPRINT    2    2.00
 IPLFIT    1    0.00
 IPLFIT    2    0.00
 LINEPG    0   50.
 NONNEG    1    1.00
 IWT       0    5.00
 NQPROG    1    5.00
 NQPROG    2    5.00
 GMNMX     1    3.593E-05
 GMNMX     2    3.593E-02
 RUSER    10    -1.00
 NG        0    200.00
 NLINF     0    0.00
 IUSER    10    4.00
 RUSER    21    1.0
 RUSER    22   -1.0
 RUSER    23    0.0
 RUSER    18         291.90726
 RUSER    17         51.99900
 RUSER    19         1.03287
 RUSER    15         1.33200
 RUSER    16         632.80000
 RUSER    25         1
 RUSER    26         0
 END       0    0.00
 NY      131
  3.75000E-07  5.00000E-07  6.25000E-07  7.50000E-07  8.75000E-07  1.00000E-06
  1.12500E-06  1.25000E-06  1.37500E-06  1.50000E-06  1.62500E-06  1.75000E-06
  1.87500E-06  2.00000E-06  2.25000E-06  2.50000E-06  2.75000E-06  3.00000E-06
  3.25000E-06  3.50000E-06  3.75000E-06  4.00000E-06  4.50000E-06  5.00000E-06
  5.50000E-06  6.00000E-06  6.50000E-06  7.00000E-06  7.50000E-06  8.00000E-06
  9.00000E-06  1.00000E-05  1.10000E-05  1.20000E-05  1.30000E-05  1.40000E-05
  1.50000E-05  1.60000E-05  1.80000E-05  2.00000E-05  2.20000E-05  2.40000E-05
  2.60000E-05  2.80000E-05  3.00000E-05  3.20000E-05  3.60000E-05  4.00000E-05
  4.40000E-05  4.80000E-05  5.20000E-05  5.60000E-05  6.00000E-05  6.40000E-05
  7.20000E-05  8.00000E-05  8.80000E-05  9.60000E-05  1.04000E-04  1.12000E-04
  1.20000E-04  1.28000E-04  1.44000E-04  1.60000E-04  1.76000E-04  1.92000E-04
  2.08000E-04  2.24000E-04  2.40000E-04  2.56000E-04  2.88000E-04  3.20000E-04
  3.52000E-04  3.84000E-04  4.16000E-04  4.48000E-04  4.80000E-04  5.12000E-04
  5.76000E-04  6.40000E-04  7.04000E-04  7.68000E-04  8.32000E-04  8.96000E-04
  9.60000E-04  1.02400E-03  1.15200E-03  1.28000E-03  1.40800E-03  1.53600E-03
  1.66400E-03  1.79200E-03  1.92000E-03  2.01600E-03  2.27200E-03  2.52800E-03
  2.78400E-03  3.04000E-03  3.29600E-03  3.55200E-03  3.80800E-03  4.06400E-03
  4.57600E-03  5.08800E-03  5.60000E-03  6.11200E-03  6.62400E-03  7.13600E-03
  7.64800E-03  8.16000E-03  9.18400E-03  1.02080E-02  1.12320E-02  1.22560E-02
  1.32800E-02  1.43040E-02  1.53280E-02  1.63520E-02  1.84000E-02  2.04480E-02
  2.24960E-02  2.45440E-02  2.65920E-02  2.86400E-02  3.06880E-02  3.27360E-02
  3.68320E-02  4.09280E-02  4.50240E-02  4.91200E-02  5.32160E-02
  7.83436E-01  7.79358E-01  7.81379E-01  7.80094E-01  7.78838E-01  7.80872E-01
  7.78563E-01  7.78051E-01  7.80965E-01  7.80543E-01  7.77779E-01  7.77846E-01
  7.78590E-01  7.79470E-01  7.79364E-01  7.78120E-01  7.78093E-01  7.79188E-01
  7.78623E-01  7.78594E-01  7.77523E-01  7.77855E-01  7.78838E-01  7.78268E-01
  7.78154E-01  7.78114E-01  7.78932E-01  7.78923E-01  7.78546E-01  7.77044E-01
  7.77136E-01  7.77524E-01  7.77901E-01  7.76572E-01  7.77502E-01  7.76705E-01
  7.76356E-01  7.76329E-01  7.76316E-01  7.75893E-01  7.75584E-01  7.75447E-01
  7.75145E-01  7.74743E-01  7.74295E-01  7.74335E-01  7.73459E-01  7.72711E-01
  7.72548E-01  7.72427E-01  7.71150E-01  7.70527E-01  7.70042E-01  7.69305E-01
  7.67977E-01  7.67254E-01  7.65631E-01  7.64440E-01  7.63312E-01  7.62318E-01
  7.60981E-01  7.59935E-01  7.57338E-01  7.55185E-01  7.52625E-01  7.50249E-01
  7.47994E-01  7.45634E-01  7.43282E-01  7.41249E-01  7.36450E-01  7.31975E-01
  7.27475E-01  7.22945E-01  7.18198E-01  7.13791E-01  7.09446E-01  7.04972E-01
  6.96063E-01  6.87101E-01  6.78214E-01  6.69602E-01  6.61095E-01  6.52659E-01
  6.44383E-01  6.36684E-01  6.20586E-01  6.04911E-01  5.89650E-01  5.74526E-01
  5.59643E-01  5.45356E-01  5.31396E-01  5.21639E-01  4.95666E-01  4.71035E-01
  4.47653E-01  4.25426E-01  4.03992E-01  3.83674E-01  3.64459E-01  3.46378E-01
  3.11950E-01  2.81275E-01  2.54258E-01  2.29948E-01  2.08631E-01  1.90072E-01
  1.73701E-01  1.59570E-01  1.36258E-01  1.16570E-01  9.91792E-02  8.42852E-02
  7.11801E-02  5.85041E-02  4.63734E-02  3.89014E-02  2.61994E-02  1.48537E-02
  5.45398E-03 -1.37316E-03 -7.04130E-03 -7.13620E-03 -1.83230E-04  4.41628E-03
  5.97333E-03  6.75517E-04 -4.04091E-03 -1.52661E-02 -2.23776E-02
