AutoSaveFileName0078.ASC
 IFORMY    0    .00
 (6E13.7)
 IFORMT    0    .00
 (6E13.7)
 IFORMW    0    .00
 (6E13.7)
 NINTT     0   -1.00
 DOUSNQ    0    1.00
 IQUAD     0    1.00
 PRWT      0    1.00
 PRY       0    1.00
 IPLRES    1    3.00
 IPLRES    2    3.00
 IPRINT    1    0.00
 IPRINT    2    2.00
 IPLFIT    1    0.00
 IPLFIT    2    0.00
 LINEPG    0   50.
 NONNEG    1    1.00
 IWT       0    5.00
 NQPROG    1    5.00
 NQPROG    2    5.00
 GMNMX     1    1.50604E-02
 GMNMX     2    5.40630E-03
 RUSER    10    -1.00
 NG        0    500.00
 NLINF     0    1.00
 IUSER    10    4.00
 RUSER    21    1.0
 RUSER    22   -1.0
 RUSER    23    0.0
 RUSER    18         291.94692
 RUSER    17         49.99800
 RUSER    19         1.03186
 RUSER    15         1.33200
 RUSER    16         632.80000
 RUSER    25         1
 RUSER    26         0
 END       0    0.00
 NY      162
  7.50000E-07  8.75000E-07  1.00000E-06  1.12500E-06  1.25000E-06  1.37500E-06
  1.50000E-06  1.62500E-06  1.75000E-06  1.87500E-06  2.00000E-06  2.25000E-06
  2.50000E-06  2.75000E-06  3.00000E-06  3.25000E-06  3.50000E-06  3.75000E-06
  4.00000E-06  4.50000E-06  5.00000E-06  5.50000E-06  6.00000E-06  6.50000E-06
  7.00000E-06  7.50000E-06  8.00000E-06  9.00000E-06  1.00000E-05  1.10000E-05
  1.20000E-05  1.30000E-05  1.40000E-05  1.50000E-05  1.60000E-05  1.80000E-05
  2.00000E-05  2.20000E-05  2.40000E-05  2.60000E-05  2.80000E-05  3.00000E-05
  3.20000E-05  3.60000E-05  4.00000E-05  4.40000E-05  4.80000E-05  5.20000E-05
  5.60000E-05  6.00000E-05  6.40000E-05  7.20000E-05  8.00000E-05  8.80000E-05
  9.60000E-05  1.04000E-04  1.12000E-04  1.20000E-04  1.28000E-04  1.44000E-04
  1.60000E-04  1.76000E-04  1.92000E-04  2.08000E-04  2.24000E-04  2.40000E-04
  2.56000E-04  2.88000E-04  3.20000E-04  3.52000E-04  3.84000E-04  4.16000E-04
  4.48000E-04  4.80000E-04  5.12000E-04  5.76000E-04  6.40000E-04  7.04000E-04
  7.68000E-04  8.32000E-04  8.96000E-04  9.60000E-04  1.02400E-03  1.15200E-03
  1.28000E-03  1.40800E-03  1.53600E-03  1.66400E-03  1.79200E-03  1.92000E-03
  2.01600E-03  2.27200E-03  2.52800E-03  2.78400E-03  3.04000E-03  3.29600E-03
  3.55200E-03  3.80800E-03  4.06400E-03  4.57600E-03  5.08800E-03  5.60000E-03
  6.11200E-03  6.62400E-03  7.13600E-03  7.64800E-03  8.16000E-03  9.18400E-03
  1.02080E-02  1.12320E-02  1.22560E-02  1.32800E-02  1.43040E-02  1.53280E-02
  1.63520E-02  1.84000E-02  2.04480E-02  2.24960E-02  2.45440E-02  2.65920E-02
  2.86400E-02  3.06880E-02  3.27360E-02  3.68320E-02  4.09280E-02  4.50240E-02
  4.91200E-02  5.32160E-02  5.73120E-02  6.14080E-02  6.55040E-02  7.36960E-02
  8.18880E-02  9.00800E-02  9.82720E-02  1.06464E-01  1.14656E-01  1.22848E-01
  1.31040E-01  1.47424E-01  1.63808E-01  1.80192E-01  1.96576E-01  2.12960E-01
  2.29344E-01  2.45728E-01  2.62112E-01  2.94880E-01  3.27648E-01  3.60416E-01
  3.93184E-01  4.25952E-01  4.58720E-01  4.91488E-01  5.24256E-01  5.89792E-01
  6.55328E-01  7.20864E-01  7.86400E-01  8.51936E-01  9.17472E-01  9.83008E-01
  1.00000E+00  9.99888E-01  9.99997E-01  9.99247E-01  9.99549E-01  9.98604E-01
  9.96911E-01  9.98618E-01  9.97823E-01  9.96527E-01  9.97606E-01  9.97179E-01
  9.96096E-01  9.96255E-01  9.96204E-01  9.95463E-01  9.93519E-01  9.95764E-01
  9.95354E-01  9.95270E-01  9.93474E-01  9.93745E-01  9.92101E-01  9.92039E-01
  9.91613E-01  9.91178E-01  9.89684E-01  9.88661E-01  9.87052E-01  9.86256E-01
  9.85142E-01  9.84538E-01  9.82807E-01  9.81696E-01  9.80862E-01  9.78853E-01
  9.76466E-01  9.74031E-01  9.71590E-01  9.69674E-01  9.67067E-01  9.64540E-01
  9.62579E-01  9.58343E-01  9.53812E-01  9.49616E-01  9.44949E-01  9.40535E-01
  9.36272E-01  9.32065E-01  9.27637E-01  9.19096E-01  9.10604E-01  9.02373E-01
  8.94149E-01  8.85719E-01  8.77654E-01  8.69779E-01  8.61861E-01  8.46261E-01
  8.30958E-01  8.15719E-01  8.01125E-01  7.86769E-01  7.72393E-01  7.58623E-01
  7.45125E-01  7.18478E-01  6.92908E-01  6.68345E-01  6.44748E-01  6.21850E-01
  5.99939E-01  5.78713E-01  5.58521E-01  5.20056E-01  4.84520E-01  4.51561E-01
  4.20858E-01  3.92599E-01  3.66170E-01  3.41473E-01  3.18725E-01  2.77703E-01
  2.42417E-01  2.11728E-01  1.84963E-01  1.61984E-01  1.42216E-01  1.25124E-01
  1.14219E-01  8.88599E-02  6.92300E-02  5.37110E-02  4.14729E-02  3.19257E-02
  2.46575E-02  1.89242E-02  1.53404E-02  9.65986E-03  6.05034E-03  4.36608E-03
  3.15350E-03  2.31437E-03  1.57866E-03  1.69039E-03  8.59280E-04  7.83542E-04
  1.89376E-03 -1.37643E-03 -3.13576E-03 -5.98863E-04  7.37008E-06 -8.65752E-04
 -1.57394E-03  6.44088E-04  9.63017E-04  1.73691E-03 -4.85148E-04  1.69822E-03
  7.52165E-04  1.08487E-03 -1.85111E-03  2.05157E-03  4.04309E-04 -2.36015E-03
 -4.29491E-04  6.74804E-04  3.25054E-03  4.11211E-04  9.98862E-04  2.00064E-03
  1.58253E-03  1.37981E-03  8.49013E-04  1.22843E-03  1.13213E-03  2.04141E-03
  1.37261E-03 -4.58261E-04 -1.63602E-03  4.78688E-04  8.55591E-04  1.18456E-03
  1.83151E-05  8.39957E-04  1.62991E-04 -4.17117E-04  5.52573E-04  1.90674E-04
  3.36065E-04  8.80852E-04 -1.12708E-04 -8.31644E-04 -1.47563E-04  4.61287E-04
  4.61479E-04  5.18328E-05  1.71099E-04 -4.27332E-05 -3.94688E-04  1.14031E-03
