AutoSaveFileName0224.ASC
 IFORMY    0    .00
 (6E13.7)
 IFORMT    0    .00
 (6E13.7)
 IFORMW    0    .00
 (6E13.7)
 NINTT     0   -1.00
 DOUSNQ    0    1.00
 IQUAD          1.00
 PRWT      0    1.00
 PRY       0    1.00
 IPLRES    1    3.00
 IPLRES    2    3.00
 IPRINT    1    0.00
 IPRINT    2    2.00
 IPLFIT    1    0.00
 IPLFIT    2    0.00
 LINEPG    0   50.
 NONNEG    1    1.00
 IWT       0    5.00
 NQPROG    1    5.00
 NQPROG    2    5.00
 GMNMX     1    1.399E-05
 GMNMX     2    1.399E-02
 RUSER    10    -1.00
 NG        0    200.00
 NLINF     0    0.00
 IUSER    10    4.00
 RUSER    21    1.0
 RUSER    22   -1.0
 RUSER    23    0.0
 RUSER    18         292.06148
 RUSER    17         88.99900
 RUSER    19         1.02893
 RUSER    15         1.33200
 RUSER    16         632.80000
 RUSER    25         1
 RUSER    26         0
 END       0    0.00
 NY      131
  3.75000E-07  5.00000E-07  6.25000E-07  7.50000E-07  8.75000E-07  1.00000E-06
  1.12500E-06  1.25000E-06  1.37500E-06  1.50000E-06  1.62500E-06  1.75000E-06
  1.87500E-06  2.00000E-06  2.25000E-06  2.50000E-06  2.75000E-06  3.00000E-06
  3.25000E-06  3.50000E-06  3.75000E-06  4.00000E-06  4.50000E-06  5.00000E-06
  5.50000E-06  6.00000E-06  6.50000E-06  7.00000E-06  7.50000E-06  8.00000E-06
  9.00000E-06  1.00000E-05  1.10000E-05  1.20000E-05  1.30000E-05  1.40000E-05
  1.50000E-05  1.60000E-05  1.80000E-05  2.00000E-05  2.20000E-05  2.40000E-05
  2.60000E-05  2.80000E-05  3.00000E-05  3.20000E-05  3.60000E-05  4.00000E-05
  4.40000E-05  4.80000E-05  5.20000E-05  5.60000E-05  6.00000E-05  6.40000E-05
  7.20000E-05  8.00000E-05  8.80000E-05  9.60000E-05  1.04000E-04  1.12000E-04
  1.20000E-04  1.28000E-04  1.44000E-04  1.60000E-04  1.76000E-04  1.92000E-04
  2.08000E-04  2.24000E-04  2.40000E-04  2.56000E-04  2.88000E-04  3.20000E-04
  3.52000E-04  3.84000E-04  4.16000E-04  4.48000E-04  4.80000E-04  5.12000E-04
  5.76000E-04  6.40000E-04  7.04000E-04  7.68000E-04  8.32000E-04  8.96000E-04
  9.60000E-04  1.02400E-03  1.15200E-03  1.28000E-03  1.40800E-03  1.53600E-03
  1.66400E-03  1.79200E-03  1.92000E-03  2.01600E-03  2.27200E-03  2.52800E-03
  2.78400E-03  3.04000E-03  3.29600E-03  3.55200E-03  3.80800E-03  4.06400E-03
  4.57600E-03  5.08800E-03  5.60000E-03  6.11200E-03  6.62400E-03  7.13600E-03
  7.64800E-03  8.16000E-03  9.18400E-03  1.02080E-02  1.12320E-02  1.22560E-02
  1.32800E-02  1.43040E-02  1.53280E-02  1.63520E-02  1.84000E-02  2.04480E-02
  2.24960E-02  2.45440E-02  2.65920E-02  2.86400E-02  3.06880E-02  3.27360E-02
  3.68320E-02  4.09280E-02  4.50240E-02  4.91200E-02  5.32160E-02
  2.50943E+00  2.50592E+00  2.50513E+00  2.50062E+00  2.49503E+00  2.50067E+00
  2.49107E+00  2.50183E+00  2.49122E+00  2.49929E+00  2.49030E+00  2.48645E+00
  2.49421E+00  2.49268E+00  2.49194E+00  2.49307E+00  2.49031E+00  2.49101E+00
  2.48331E+00  2.48958E+00  2.48616E+00  2.48888E+00  2.48821E+00  2.48647E+00
  2.48778E+00  2.49124E+00  2.48545E+00  2.48842E+00  2.48507E+00  2.48296E+00
  2.48273E+00  2.48155E+00  2.48021E+00  2.47801E+00  2.47971E+00  2.47362E+00
  2.47454E+00  2.47410E+00  2.47172E+00  2.46878E+00  2.46765E+00  2.46538E+00
  2.46151E+00  2.45994E+00  2.45638E+00  2.45386E+00  2.44992E+00  2.44437E+00
  2.43885E+00  2.43455E+00  2.42961E+00  2.42423E+00  2.41843E+00  2.41396E+00
  2.40593E+00  2.39622E+00  2.38561E+00  2.37460E+00  2.36532E+00  2.35663E+00
  2.34666E+00  2.33710E+00  2.31746E+00  2.29836E+00  2.28037E+00  2.26156E+00
  2.24429E+00  2.22504E+00  2.20719E+00  2.18884E+00  2.15337E+00  2.11856E+00
  2.08463E+00  2.05127E+00  2.01822E+00  1.98543E+00  1.95368E+00  1.92203E+00
  1.86051E+00  1.80065E+00  1.74225E+00  1.68679E+00  1.63294E+00  1.58084E+00
  1.53080E+00  1.46600E+00  1.37497E+00  1.29019E+00  1.21098E+00  1.13644E+00
  1.06555E+00  9.99401E-01  9.37444E-01  9.03517E-01  7.95027E-01  7.01505E-01
  6.19090E-01  5.46523E-01  4.79799E-01  4.20370E-01  3.68600E-01  3.23704E-01
  2.47459E-01  1.90412E-01  1.45885E-01  1.12384E-01  8.70485E-02  6.66311E-02
  5.09970E-02  3.94045E-02  2.08952E-02  6.14942E-03 -1.05668E-03 -1.91106E-03
 -2.48735E-03  2.50307E-03  1.04496E-02  1.01263E-02 -1.80263E-04 -6.24554E-03
 -7.95834E-03 -7.46553E-03  4.42494E-03  1.77492E-02  1.83313E-02  1.42432E-02
  5.09014E-03 -1.35329E-02 -1.31260E-02  4.76760E-03 -1.11479E-02
