AutoSaveFileName0342.ASC
 IFORMY    0    .00
 (6E13.7)
 IFORMT    0    .00
 (6E13.7)
 IFORMW    0    .00
 (6E13.7)
 NINTT     0   -1.00
 DOUSNQ    0    1.00
 IQUAD          1.00
 PRWT      0    1.00
 PRY       0    1.00
 IPLRES    1    3.00
 IPLRES    2    3.00
 IPRINT    1    0.00
 IPRINT    2    2.00
 IPLFIT    1    0.00
 IPLFIT    2    0.00
 LINEPG    0   50.
 NONNEG    1    1.00
 IWT       0    5.00
 NQPROG    1    5.00
 NQPROG    2    5.00
 GMNMX     1    8.393E-06
 GMNMX     2    8.393E-03
 RUSER    10    -1.00
 NG        0    200.00
 NLINF     0    0.00
 IUSER    10    4.00
 RUSER    21    1.0
 RUSER    22   -1.0
 RUSER    23    0.0
 RUSER    18         292.25270
 RUSER    17         128.99900
 RUSER    19         1.02408
 RUSER    15         1.33200
 RUSER    16         632.80000
 RUSER    25         1
 RUSER    26         0
 END       0    0.00
 NY      131
  3.75000E-07  5.00000E-07  6.25000E-07  7.50000E-07  8.75000E-07  1.00000E-06
  1.12500E-06  1.25000E-06  1.37500E-06  1.50000E-06  1.62500E-06  1.75000E-06
  1.87500E-06  2.00000E-06  2.25000E-06  2.50000E-06  2.75000E-06  3.00000E-06
  3.25000E-06  3.50000E-06  3.75000E-06  4.00000E-06  4.50000E-06  5.00000E-06
  5.50000E-06  6.00000E-06  6.50000E-06  7.00000E-06  7.50000E-06  8.00000E-06
  9.00000E-06  1.00000E-05  1.10000E-05  1.20000E-05  1.30000E-05  1.40000E-05
  1.50000E-05  1.60000E-05  1.80000E-05  2.00000E-05  2.20000E-05  2.40000E-05
  2.60000E-05  2.80000E-05  3.00000E-05  3.20000E-05  3.60000E-05  4.00000E-05
  4.40000E-05  4.80000E-05  5.20000E-05  5.60000E-05  6.00000E-05  6.40000E-05
  7.20000E-05  8.00000E-05  8.80000E-05  9.60000E-05  1.04000E-04  1.12000E-04
  1.20000E-04  1.28000E-04  1.44000E-04  1.60000E-04  1.76000E-04  1.92000E-04
  2.08000E-04  2.24000E-04  2.40000E-04  2.56000E-04  2.88000E-04  3.20000E-04
  3.52000E-04  3.84000E-04  4.16000E-04  4.48000E-04  4.80000E-04  5.12000E-04
  5.76000E-04  6.40000E-04  7.04000E-04  7.68000E-04  8.32000E-04  8.96000E-04
  9.60000E-04  1.02400E-03  1.15200E-03  1.28000E-03  1.40800E-03  1.53600E-03
  1.66400E-03  1.79200E-03  1.92000E-03  2.01600E-03  2.27200E-03  2.52800E-03
  2.78400E-03  3.04000E-03  3.29600E-03  3.55200E-03  3.80800E-03  4.06400E-03
  4.57600E-03  5.08800E-03  5.60000E-03  6.11200E-03  6.62400E-03  7.13600E-03
  7.64800E-03  8.16000E-03  9.18400E-03  1.02080E-02  1.12320E-02  1.22560E-02
  1.32800E-02  1.43040E-02  1.53280E-02  1.63520E-02  1.84000E-02  2.04480E-02
  2.24960E-02  2.45440E-02  2.65920E-02  2.86400E-02  3.06880E-02  3.27360E-02
  3.68320E-02  4.09280E-02  4.50240E-02  4.91200E-02  5.32160E-02
  8.21958E-01  8.20478E-01  8.16371E-01  8.20744E-01  8.18893E-01  8.16129E-01
  8.22072E-01  8.21515E-01  8.19812E-01  8.20897E-01  8.15834E-01  8.17380E-01
  8.14044E-01  8.16252E-01  8.16517E-01  8.17940E-01  8.13100E-01  8.15955E-01
  8.15801E-01  8.15346E-01  8.13578E-01  8.14627E-01  8.14899E-01  8.13583E-01
  8.15026E-01  8.14946E-01  8.15123E-01  8.14546E-01  8.09497E-01  8.10356E-01
  8.12585E-01  8.11937E-01  8.10118E-01  8.08284E-01  8.10690E-01  8.09154E-01
  8.08877E-01  8.07595E-01  8.06101E-01  8.04769E-01  8.04158E-01  8.01144E-01
  8.01364E-01  7.99164E-01  7.98042E-01  7.96363E-01  7.93401E-01  7.91164E-01
  7.87791E-01  7.86224E-01  7.83965E-01  7.80734E-01  7.77681E-01  7.75587E-01
  7.69999E-01  7.64868E-01  7.59486E-01  7.53955E-01  7.49287E-01  7.44268E-01
  7.39353E-01  7.34625E-01  7.24975E-01  7.14026E-01  7.04916E-01  6.95167E-01
  6.85703E-01  6.76552E-01  6.66830E-01  6.58021E-01  6.40151E-01  6.23537E-01
  6.06789E-01  5.90526E-01  5.75060E-01  5.59822E-01  5.45030E-01  5.31058E-01
  5.03765E-01  4.78044E-01  4.53400E-01  4.30318E-01  4.08399E-01  3.87704E-01
  3.68259E-01  3.48249E-01  3.12851E-01  2.81725E-01  2.53946E-01  2.28882E-01
  2.06847E-01  1.88034E-01  1.71056E-01  1.60509E-01  1.34467E-01  1.11983E-01
  9.32868E-02  7.63769E-02  6.17569E-02  4.80818E-02  3.66380E-02  2.76147E-02
  1.49522E-02  7.04699E-03  1.81149E-03 -1.73828E-03 -1.37226E-03 -1.42507E-03
 -3.21753E-03 -4.46498E-03 -9.11989E-03 -8.33763E-03 -5.30185E-03 -2.41386E-03
 -8.99224E-04 -6.69001E-04 -6.37289E-04  2.82531E-03  4.58286E-03  3.95577E-03
 -1.28229E-03 -8.26465E-03 -6.82927E-03 -9.40826E-03 -4.24940E-03  3.87773E-04
  8.41774E-03  3.22485E-03 -6.85105E-03 -1.79572E-04 -1.34681E-03
