AutoSaveFileName0183.ASC
 IFORMY    0    .00
 (6E13.7)
 IFORMT    0    .00
 (6E13.7)
 IFORMW    0    .00
 (6E13.7)
 NINTT     0   -1.00
 DOUSNQ    0    1.00
 IQUAD          1.00
 PRWT      0    1.00
 PRY       0    1.00
 IPLRES    1    3.00
 IPLRES    2    3.00
 IPRINT    1    0.00
 IPRINT    2    2.00
 IPLFIT    1    0.00
 IPLFIT    2    0.00
 LINEPG    0   50.
 NONNEG    1    1.00
 IWT       0    5.00
 NQPROG    1    5.00
 NQPROG    2    5.00
 GMNMX     1    1.817E-05
 GMNMX     2    1.817E-02
 RUSER    10    -1.00
 NG        0    200.00
 NLINF     0    0.00
 IUSER    10    4.00
 RUSER    21    1.0
 RUSER    22   -1.0
 RUSER    23    0.0
 RUSER    18         292.00403
 RUSER    17         75.99900
 RUSER    19         1.03040
 RUSER    15         1.33200
 RUSER    16         632.80000
 RUSER    25         1
 RUSER    26         0
 END       0    0.00
 NY      131
  3.75000E-07  5.00000E-07  6.25000E-07  7.50000E-07  8.75000E-07  1.00000E-06
  1.12500E-06  1.25000E-06  1.37500E-06  1.50000E-06  1.62500E-06  1.75000E-06
  1.87500E-06  2.00000E-06  2.25000E-06  2.50000E-06  2.75000E-06  3.00000E-06
  3.25000E-06  3.50000E-06  3.75000E-06  4.00000E-06  4.50000E-06  5.00000E-06
  5.50000E-06  6.00000E-06  6.50000E-06  7.00000E-06  7.50000E-06  8.00000E-06
  9.00000E-06  1.00000E-05  1.10000E-05  1.20000E-05  1.30000E-05  1.40000E-05
  1.50000E-05  1.60000E-05  1.80000E-05  2.00000E-05  2.20000E-05  2.40000E-05
  2.60000E-05  2.80000E-05  3.00000E-05  3.20000E-05  3.60000E-05  4.00000E-05
  4.40000E-05  4.80000E-05  5.20000E-05  5.60000E-05  6.00000E-05  6.40000E-05
  7.20000E-05  8.00000E-05  8.80000E-05  9.60000E-05  1.04000E-04  1.12000E-04
  1.20000E-04  1.28000E-04  1.44000E-04  1.60000E-04  1.76000E-04  1.92000E-04
  2.08000E-04  2.24000E-04  2.40000E-04  2.56000E-04  2.88000E-04  3.20000E-04
  3.52000E-04  3.84000E-04  4.16000E-04  4.48000E-04  4.80000E-04  5.12000E-04
  5.76000E-04  6.40000E-04  7.04000E-04  7.68000E-04  8.32000E-04  8.96000E-04
  9.60000E-04  1.02400E-03  1.15200E-03  1.28000E-03  1.40800E-03  1.53600E-03
  1.66400E-03  1.79200E-03  1.92000E-03  2.01600E-03  2.27200E-03  2.52800E-03
  2.78400E-03  3.04000E-03  3.29600E-03  3.55200E-03  3.80800E-03  4.06400E-03
  4.57600E-03  5.08800E-03  5.60000E-03  6.11200E-03  6.62400E-03  7.13600E-03
  7.64800E-03  8.16000E-03  9.18400E-03  1.02080E-02  1.12320E-02  1.22560E-02
  1.32800E-02  1.43040E-02  1.53280E-02  1.63520E-02  1.84000E-02  2.04480E-02
  2.24960E-02  2.45440E-02  2.65920E-02  2.86400E-02  3.06880E-02  3.27360E-02
  3.68320E-02  4.09280E-02  4.50240E-02  4.91200E-02  5.32160E-02
  6.62983E-01  6.62884E-01  6.62144E-01  6.60639E-01  6.61752E-01  6.62657E-01
  6.60799E-01  6.60912E-01  6.61168E-01  6.60798E-01  6.60323E-01  6.60678E-01
  6.60673E-01  6.60085E-01  6.59865E-01  6.60003E-01  6.60563E-01  6.60106E-01
  6.59243E-01  6.59829E-01  6.59871E-01  6.60463E-01  6.60000E-01  6.59825E-01
  6.59097E-01  6.59871E-01  6.59586E-01  6.59700E-01  6.59549E-01  6.59233E-01
  6.58980E-01  6.58905E-01  6.58399E-01  6.58118E-01  6.57843E-01  6.58290E-01
  6.57601E-01  6.57351E-01  6.56919E-01  6.56485E-01  6.55969E-01  6.55554E-01
  6.55019E-01  6.54702E-01  6.54067E-01  6.53738E-01  6.52656E-01  6.51864E-01
  6.50835E-01  6.49866E-01  6.49060E-01  6.47955E-01  6.47309E-01  6.46130E-01
  6.44528E-01  6.42784E-01  6.40868E-01  6.39105E-01  6.37232E-01  6.35430E-01
  6.33735E-01  6.31833E-01  6.28321E-01  6.24843E-01  6.21302E-01  6.17829E-01
  6.14370E-01  6.11007E-01  6.07461E-01  6.04133E-01  5.97422E-01  5.90829E-01
  5.84211E-01  5.77714E-01  5.71234E-01  5.64869E-01  5.58560E-01  5.52538E-01
  5.40319E-01  5.28341E-01  5.16781E-01  5.05350E-01  4.94233E-01  4.83329E-01
  4.72601E-01  4.62287E-01  4.42126E-01  4.22978E-01  4.04744E-01  3.87252E-01
  3.70455E-01  3.54530E-01  3.39486E-01  3.29242E-01  3.02260E-01  2.77603E-01
  2.55327E-01  2.35068E-01  2.16609E-01  1.99731E-01  1.83815E-01  1.69187E-01
  1.42685E-01  1.20613E-01  1.01954E-01  8.55283E-02  7.01459E-02  5.60293E-02
  4.44247E-02  3.64494E-02  2.34853E-02  1.40761E-02  8.19893E-03  7.63759E-03
  1.04301E-02  1.19616E-02  1.24867E-02  1.35369E-02  1.27014E-02  1.03749E-02
  7.91919E-03  5.98042E-03  2.69789E-03 -5.16651E-03 -9.24633E-03 -6.99431E-03
  6.08689E-04  7.87795E-03  7.05667E-03  8.59626E-03  5.98634E-03
