AutoSaveFileName0103.ASC
 IFORMY    0    .00
 (6E13.7)
 IFORMT    0    .00
 (6E13.7)
 IFORMW    0    .00
 (6E13.7)
 NINTT     0   -1.00
 DOUSNQ    0    1.00
 IQUAD          1.00
 PRWT      0    1.00
 PRY       0    1.00
 IPLRES    1    3.00
 IPLRES    2    3.00
 IPRINT    1    0.00
 IPRINT    2    2.00
 IPLFIT    1    0.00
 IPLFIT    2    0.00
 LINEPG    0   50.
 NONNEG    1    1.00
 IWT       0    5.00
 NQPROG    1    5.00
 NQPROG    2    5.00
 GMNMX     1    2.372E-05
 GMNMX     2    2.372E-02
 RUSER    10    -1.00
 NG        0    200.00
 NLINF     0    0.00
 IUSER    10    4.00
 RUSER    21    1.0
 RUSER    22   -1.0
 RUSER    23    0.0
 RUSER    18         292.19648
 RUSER    17         64.99800
 RUSER    19         1.02550
 RUSER    15         1.33200
 RUSER    16         632.80000
 RUSER    25         1
 RUSER    26         0
 END       0    0.00
 NY      188
  5.00000E-07  6.25000E-07  7.50000E-07  8.75000E-07  1.00000E-06  1.12500E-06
  1.25000E-06  1.37500E-06  1.50000E-06  1.62500E-06  1.75000E-06  1.87500E-06
  2.00000E-06  2.25000E-06  2.50000E-06  2.75000E-06  3.00000E-06  3.25000E-06
  3.50000E-06  3.75000E-06  4.00000E-06  4.50000E-06  5.00000E-06  5.50000E-06
  6.00000E-06  6.50000E-06  7.00000E-06  7.50000E-06  8.00000E-06  9.00000E-06
  1.00000E-05  1.10000E-05  1.20000E-05  1.30000E-05  1.40000E-05  1.50000E-05
  1.60000E-05  1.80000E-05  2.00000E-05  2.20000E-05  2.40000E-05  2.60000E-05
  2.80000E-05  3.00000E-05  3.20000E-05  3.60000E-05  4.00000E-05  4.40000E-05
  4.80000E-05  5.20000E-05  5.60000E-05  6.00000E-05  6.40000E-05  7.20000E-05
  8.00000E-05  8.80000E-05  9.60000E-05  1.04000E-04  1.12000E-04  1.20000E-04
  1.28000E-04  1.44000E-04  1.60000E-04  1.76000E-04  1.92000E-04  2.08000E-04
  2.24000E-04  2.40000E-04  2.56000E-04  2.88000E-04  3.20000E-04  3.52000E-04
  3.84000E-04  4.16000E-04  4.48000E-04  4.80000E-04  5.12000E-04  5.76000E-04
  6.40000E-04  7.04000E-04  7.68000E-04  8.32000E-04  8.96000E-04  9.60000E-04
  1.02400E-03  1.15200E-03  1.28000E-03  1.40800E-03  1.53600E-03  1.66400E-03
  1.79200E-03  1.92000E-03  2.01600E-03  2.27200E-03  2.52800E-03  2.78400E-03
  3.04000E-03  3.29600E-03  3.55200E-03  3.80800E-03  4.06400E-03  4.57600E-03
  5.08800E-03  5.60000E-03  6.11200E-03  6.62400E-03  7.13600E-03  7.64800E-03
  8.16000E-03  9.18400E-03  1.02080E-02  1.12320E-02  1.22560E-02  1.32800E-02
  1.43040E-02  1.53280E-02  1.63520E-02  1.84000E-02  2.04480E-02  2.24960E-02
  2.45440E-02  2.65920E-02  2.86400E-02  3.06880E-02  3.27360E-02  3.68320E-02
  4.09280E-02  4.50240E-02  4.91200E-02  5.32160E-02  5.73120E-02  6.14080E-02
  6.55040E-02  7.36960E-02  8.18880E-02  9.00800E-02  9.82720E-02  1.06464E-01
  1.14656E-01  1.22848E-01  1.31040E-01  1.47424E-01  1.63808E-01  1.80192E-01
  1.96576E-01  2.12960E-01  2.29344E-01  2.45728E-01  2.62112E-01  2.94880E-01
  3.27648E-01  3.60416E-01  3.93184E-01  4.25952E-01  4.58720E-01  4.91488E-01
  5.24256E-01  5.89792E-01  6.55328E-01  7.20864E-01  7.86400E-01  8.51936E-01
  9.17472E-01  9.83008E-01  1.04854E+00  1.17962E+00  1.31069E+00  1.44176E+00
  1.57283E+00  1.70390E+00  1.83498E+00  1.96605E+00  2.09712E+00  2.35926E+00
  2.62141E+00  2.88355E+00  3.14570E+00  3.40784E+00  3.66998E+00  3.93213E+00
  4.19427E+00  4.71856E+00  5.24285E+00  5.76714E+00  6.29142E+00  6.81571E+00
  7.34000E+00  7.86429E+00
  9.99597E-01  9.95131E-01  9.95550E-01  9.93853E-01  9.94528E-01  9.94344E-01
  9.93672E-01  9.92527E-01  9.94173E-01  9.93963E-01  9.94169E-01  9.91772E-01
  9.92246E-01  9.92850E-01  9.93289E-01  9.92624E-01  9.92743E-01  9.92117E-01
  9.90978E-01  9.91365E-01  9.91907E-01  9.92908E-01  9.91591E-01  9.90991E-01
  9.92311E-01  9.91966E-01  9.91143E-01  9.92411E-01  9.91911E-01  9.92082E-01
  9.90901E-01  9.91443E-01  9.91949E-01  9.91081E-01  9.91533E-01  9.90659E-01
  9.90681E-01  9.90252E-01  9.90514E-01  9.89807E-01  9.90404E-01  9.89449E-01
  9.89336E-01  9.89239E-01  9.88387E-01  9.88197E-01  9.87664E-01  9.87187E-01
  9.86158E-01  9.85954E-01  9.85141E-01  9.84893E-01  9.84228E-01  9.83402E-01
  9.82460E-01  9.81166E-01  9.80304E-01  9.78814E-01  9.77936E-01  9.76690E-01
  9.75658E-01  9.73454E-01  9.71199E-01  9.69063E-01  9.66885E-01  9.64613E-01
  9.62393E-01  9.60412E-01  9.58040E-01  9.53842E-01  9.49522E-01  9.45479E-01
  9.41042E-01  9.36980E-01  9.32759E-01  9.28574E-01  9.24276E-01  9.16009E-01
  9.07927E-01  8.99921E-01  8.91880E-01  8.83994E-01  8.76192E-01  8.68364E-01
  8.40457E-01  8.25550E-01  8.11013E-01  7.96729E-01  7.82764E-01  7.69047E-01
  7.55676E-01  7.42501E-01  7.48851E-01  7.23477E-01  6.99277E-01  6.76167E-01
  6.53564E-01  6.31681E-01  6.10807E-01  5.90570E-01  5.71135E-01  5.34048E-01
  4.99626E-01  4.67953E-01  4.37861E-01  4.09798E-01  3.83891E-01  3.59936E-01
  3.37333E-01  2.95214E-01  2.57978E-01  2.26946E-01  2.00431E-01  1.76938E-01
  1.56731E-01  1.39339E-01  1.23598E-01  9.54246E-02  6.93875E-02  5.03962E-02
  3.67035E-02  2.76713E-02  2.32598E-02  1.84972E-02  1.74778E-02  1.95975E-02
  2.11831E-02  2.18677E-02  1.78076E-02  1.38024E-02  8.64647E-03  8.33158E-04
 -6.45491E-03 -1.61935E-02 -1.61392E-02 -1.34561E-02 -6.03354E-03  4.96764E-03
  8.76776E-03  7.03365E-03  8.36223E-03  1.26732E-02  6.57994E-03  5.86959E-03
  1.60345E-03 -6.29832E-03 -6.41248E-03 -1.29830E-02 -1.17452E-03  3.09894E-03
 -5.01139E-03  7.15113E-03  7.00700E-04  1.76519E-03 -7.94299E-03 -2.91723E-03
  1.37934E-03 -8.05015E-03 -4.23089E-03  2.20634E-03  4.08459E-03  2.02793E-03
 -2.82419E-03 -2.83496E-03  6.80120E-03  4.74393E-03  4.47141E-04  1.10734E-04
 -3.23384E-03  4.69459E-03  1.05736E-03  1.08922E-02  2.13975E-03 -4.73932E-03
 -6.12150E-03 -6.08900E-03 -5.49878E-03  1.55118E-03 -7.14732E-03 -3.67561E-03
 -8.09881E-03 -2.00497E-03  2.72310E-04 -1.04791E-03 -1.65013E-03  2.19654E-03
  4.68072E-03  6.12247E-03
