AutoSaveFileName0246.ASC
 IFORMY    0    .00
 (6E13.7)
 IFORMT    0    .00
 (6E13.7)
 IFORMW    0    .00
 (6E13.7)
 NINTT     0   -1.00
 DOUSNQ    0    1.00
 IQUAD     0    1.00
 PRWT      0    1.00
 PRY       0    1.00
 IPLRES    1    3.00
 IPLRES    2    3.00
 IPRINT    1    0.00
 IPRINT    2    2.00
 IPLFIT    1    0.00
 IPLFIT    2    0.00
 LINEPG    0   50.
 NONNEG    1    1.00
 IWT       0    5.00
 NQPROG    1    5.00
 NQPROG    2    5.00
 GMNMX     1    3.13530E-03
 GMNMX     2    1.12549E-03
 RUSER    10    -1.00
 NG        0    500.00
 NLINF     0    1.00
 IUSER    10    4.00
 RUSER    21    1.0
 RUSER    22   -1.0
 RUSER    23    0.0
 RUSER    18         292.12594
 RUSER    17         134.99900
 RUSER    19         1.02729
 RUSER    15         1.33200
 RUSER    16         632.80000
 RUSER    25         1
 RUSER    26         0
 END       0    0.00
 NY      162
  7.50000E-07  8.75000E-07  1.00000E-06  1.12500E-06  1.25000E-06  1.37500E-06
  1.50000E-06  1.62500E-06  1.75000E-06  1.87500E-06  2.00000E-06  2.25000E-06
  2.50000E-06  2.75000E-06  3.00000E-06  3.25000E-06  3.50000E-06  3.75000E-06
  4.00000E-06  4.50000E-06  5.00000E-06  5.50000E-06  6.00000E-06  6.50000E-06
  7.00000E-06  7.50000E-06  8.00000E-06  9.00000E-06  1.00000E-05  1.10000E-05
  1.20000E-05  1.30000E-05  1.40000E-05  1.50000E-05  1.60000E-05  1.80000E-05
  2.00000E-05  2.20000E-05  2.40000E-05  2.60000E-05  2.80000E-05  3.00000E-05
  3.20000E-05  3.60000E-05  4.00000E-05  4.40000E-05  4.80000E-05  5.20000E-05
  5.60000E-05  6.00000E-05  6.40000E-05  7.20000E-05  8.00000E-05  8.80000E-05
  9.60000E-05  1.04000E-04  1.12000E-04  1.20000E-04  1.28000E-04  1.44000E-04
  1.60000E-04  1.76000E-04  1.92000E-04  2.08000E-04  2.24000E-04  2.40000E-04
  2.56000E-04  2.88000E-04  3.20000E-04  3.52000E-04  3.84000E-04  4.16000E-04
  4.48000E-04  4.80000E-04  5.12000E-04  5.76000E-04  6.40000E-04  7.04000E-04
  7.68000E-04  8.32000E-04  8.96000E-04  9.60000E-04  1.02400E-03  1.15200E-03
  1.28000E-03  1.40800E-03  1.53600E-03  1.66400E-03  1.79200E-03  1.92000E-03
  2.01600E-03  2.27200E-03  2.52800E-03  2.78400E-03  3.04000E-03  3.29600E-03
  3.55200E-03  3.80800E-03  4.06400E-03  4.57600E-03  5.08800E-03  5.60000E-03
  6.11200E-03  6.62400E-03  7.13600E-03  7.64800E-03  8.16000E-03  9.18400E-03
  1.02080E-02  1.12320E-02  1.22560E-02  1.32800E-02  1.43040E-02  1.53280E-02
  1.63520E-02  1.84000E-02  2.04480E-02  2.24960E-02  2.45440E-02  2.65920E-02
  2.86400E-02  3.06880E-02  3.27360E-02  3.68320E-02  4.09280E-02  4.50240E-02
  4.91200E-02  5.32160E-02  5.73120E-02  6.14080E-02  6.55040E-02  7.36960E-02
  8.18880E-02  9.00800E-02  9.82720E-02  1.06464E-01  1.14656E-01  1.22848E-01
  1.31040E-01  1.47424E-01  1.63808E-01  1.80192E-01  1.96576E-01  2.12960E-01
  2.29344E-01  2.45728E-01  2.62112E-01  2.94880E-01  3.27648E-01  3.60416E-01
  3.93184E-01  4.25952E-01  4.58720E-01  4.91488E-01  5.24256E-01  5.89792E-01
  6.55328E-01  7.20864E-01  7.86400E-01  8.51936E-01  9.17472E-01  9.83008E-01
  1.00000E+00  9.98792E-01  9.94423E-01  9.94709E-01  9.90918E-01  9.94428E-01
  9.92808E-01  9.93776E-01  9.91649E-01  9.90072E-01  9.89591E-01  9.87466E-01
  9.86497E-01  9.83672E-01  9.80958E-01  9.82639E-01  9.79707E-01  9.76441E-01
  9.76504E-01  9.73725E-01  9.71758E-01  9.68850E-01  9.66236E-01  9.63873E-01
  9.60235E-01  9.56834E-01  9.55074E-01  9.49099E-01  9.43387E-01  9.38318E-01
  9.32764E-01  9.27812E-01  9.22084E-01  9.17714E-01  9.11355E-01  9.00772E-01
  8.90700E-01  8.80542E-01  8.70329E-01  8.60152E-01  8.50113E-01  8.40370E-01
  8.30818E-01  8.11300E-01  7.92813E-01  7.74333E-01  7.56393E-01  7.38925E-01
  7.22410E-01  7.06221E-01  6.89866E-01  6.58588E-01  6.28622E-01  6.00128E-01
  5.72790E-01  5.46751E-01  5.21926E-01  4.98684E-01  4.76435E-01  4.34203E-01
  3.96244E-01  3.61335E-01  3.29456E-01  3.00391E-01  2.74026E-01  2.50003E-01
  2.28781E-01  1.90291E-01  1.58365E-01  1.31682E-01  1.09427E-01  9.13079E-02
  7.62159E-02  6.40486E-02  5.43661E-02  3.87505E-02  2.76999E-02  1.97100E-02
  1.39251E-02  9.57981E-03  6.82773E-03  5.03286E-03  3.86496E-03  2.32261E-03
  1.53385E-03 -3.40841E-05 -1.01150E-03 -7.95313E-04 -5.28834E-04 -3.00477E-04
 -3.88493E-04  7.70326E-04  6.89193E-04  1.61351E-03  6.07470E-04 -1.19738E-03
 -1.49846E-03 -9.41547E-04 -1.51832E-03 -2.16878E-03 -1.30512E-03 -7.41116E-04
 -3.23557E-04 -2.45813E-04 -5.98590E-04 -1.73545E-03 -1.40556E-03  7.15317E-04
  9.59864E-04 -7.03410E-06  4.20122E-05  1.39777E-03  4.06999E-04  5.67413E-04
  4.45452E-04 -4.11339E-04  2.98122E-04 -5.91115E-04 -3.61211E-04 -2.94641E-04
 -3.78192E-04 -2.57519E-04 -5.09321E-06  4.96637E-04 -1.01073E-03  4.92332E-04
  6.17901E-04  2.51896E-04 -9.64440E-05 -8.24935E-05 -3.29577E-04  1.08541E-04
 -3.98909E-04  3.03041E-04 -3.45285E-04 -1.21454E-04  1.59731E-05 -6.60505E-04
 -2.97606E-04 -3.77043E-04 -2.18976E-04  1.63406E-04 -2.28466E-04  1.52536E-04
 -1.22389E-05 -2.31122E-04 -1.52507E-04  1.16050E-05  3.39752E-04  9.14611E-07
  1.01456E-04 -6.72296E-05  3.18168E-06  1.09418E-04 -1.50764E-05 -4.69875E-05
 -7.50881E-05  1.49359E-04  7.43487E-05 -1.05861E-04  1.95922E-05  8.29447E-05
