AutoSaveFileName0001.ASC
 IFORMY    0    .00
 (6E13.7)
 IFORMT    0    .00
 (6E13.7)
 IFORMW    0    .00
 (6E13.7)
 NINTT     0   -1.00
 DOUSNQ    0    1.00
 IQUAD     0    1.00
 PRWT      0    1.00
 PRY       0    1.00
 IPLRES    1    3.00
 IPLRES    2    3.00
 IPRINT    1    0.00
 IPRINT    2    2.00
 IPLFIT    1    0.00
 IPLFIT    2    0.00
 LINEPG    0   50.
 NONNEG    1    1.00
 IWT       0    5.00
 NQPROG    1    5.00
 NQPROG    2    5.00
 GMNMX     1    1.58029E-01
 GMNMX     2    5.67282E-02
 RUSER    10    -1.00
 NG        0    500.00
 NLINF     0    1.00
 IUSER    10    4.00
 RUSER    21    1.0
 RUSER    22   -1.0
 RUSER    23    0.0
 RUSER    18         291.89761
 RUSER    17         15.00300
 RUSER    19         1.03312
 RUSER    15         1.33200
 RUSER    16         632.80000
 RUSER    25         1
 RUSER    26         0
 END       0    0.00
 NY      162
  7.50000E-07  8.75000E-07  1.00000E-06  1.12500E-06  1.25000E-06  1.37500E-06
  1.50000E-06  1.62500E-06  1.75000E-06  1.87500E-06  2.00000E-06  2.25000E-06
  2.50000E-06  2.75000E-06  3.00000E-06  3.25000E-06  3.50000E-06  3.75000E-06
  4.00000E-06  4.50000E-06  5.00000E-06  5.50000E-06  6.00000E-06  6.50000E-06
  7.00000E-06  7.50000E-06  8.00000E-06  9.00000E-06  1.00000E-05  1.10000E-05
  1.20000E-05  1.30000E-05  1.40000E-05  1.50000E-05  1.60000E-05  1.80000E-05
  2.00000E-05  2.20000E-05  2.40000E-05  2.60000E-05  2.80000E-05  3.00000E-05
  3.20000E-05  3.60000E-05  4.00000E-05  4.40000E-05  4.80000E-05  5.20000E-05
  5.60000E-05  6.00000E-05  6.40000E-05  7.20000E-05  8.00000E-05  8.80000E-05
  9.60000E-05  1.04000E-04  1.12000E-04  1.20000E-04  1.28000E-04  1.44000E-04
  1.60000E-04  1.76000E-04  1.92000E-04  2.08000E-04  2.24000E-04  2.40000E-04
  2.56000E-04  2.88000E-04  3.20000E-04  3.52000E-04  3.84000E-04  4.16000E-04
  4.48000E-04  4.80000E-04  5.12000E-04  5.76000E-04  6.40000E-04  7.04000E-04
  7.68000E-04  8.32000E-04  8.96000E-04  9.60000E-04  1.02400E-03  1.15200E-03
  1.28000E-03  1.40800E-03  1.53600E-03  1.66400E-03  1.79200E-03  1.92000E-03
  2.01600E-03  2.27200E-03  2.52800E-03  2.78400E-03  3.04000E-03  3.29600E-03
  3.55200E-03  3.80800E-03  4.06400E-03  4.57600E-03  5.08800E-03  5.60000E-03
  6.11200E-03  6.62400E-03  7.13600E-03  7.64800E-03  8.16000E-03  9.18400E-03
  1.02080E-02  1.12320E-02  1.22560E-02  1.32800E-02  1.43040E-02  1.53280E-02
  1.63520E-02  1.84000E-02  2.04480E-02  2.24960E-02  2.45440E-02  2.65920E-02
  2.86400E-02  3.06880E-02  3.27360E-02  3.68320E-02  4.09280E-02  4.50240E-02
  4.91200E-02  5.32160E-02  5.73120E-02  6.14080E-02  6.55040E-02  7.36960E-02
  8.18880E-02  9.00800E-02  9.82720E-02  1.06464E-01  1.14656E-01  1.22848E-01
  1.31040E-01  1.47424E-01  1.63808E-01  1.80192E-01  1.96576E-01  2.12960E-01
  2.29344E-01  2.45728E-01  2.62112E-01  2.94880E-01  3.27648E-01  3.60416E-01
  3.93184E-01  4.25952E-01  4.58720E-01  4.91488E-01  5.24256E-01  5.89792E-01
  6.55328E-01  7.20864E-01  7.86400E-01  8.51936E-01  9.17472E-01  9.83008E-01
  9.96545E-01  9.96782E-01  9.96222E-01  9.92939E-01  1.00000E+00  9.96936E-01
  9.89250E-01  9.92431E-01  9.95856E-01  9.94813E-01  9.94538E-01  9.96085E-01
  9.93633E-01  9.97537E-01  9.95046E-01  9.96667E-01  9.95884E-01  9.98367E-01
  9.97151E-01  9.93180E-01  9.95939E-01  9.94581E-01  9.93247E-01  9.95504E-01
  9.93746E-01  9.92994E-01  9.94458E-01  9.93983E-01  9.93922E-01  9.94054E-01
  9.93797E-01  9.95204E-01  9.93148E-01  9.94008E-01  9.95749E-01  9.93777E-01
  9.92611E-01  9.94019E-01  9.94573E-01  9.95085E-01  9.93535E-01  9.94204E-01
  9.93952E-01  9.94430E-01  9.93606E-01  9.93861E-01  9.93308E-01  9.93189E-01
  9.92071E-01  9.92877E-01  9.92585E-01  9.92896E-01  9.92068E-01  9.92663E-01
  9.91393E-01  9.91164E-01  9.90769E-01  9.90308E-01  9.90784E-01  9.90490E-01
  9.89117E-01  9.88750E-01  9.87858E-01  9.87482E-01  9.87012E-01  9.86629E-01
  9.85652E-01  9.84634E-01  9.83621E-01  9.82524E-01  9.81393E-01  9.80484E-01
  9.79512E-01  9.77657E-01  9.76904E-01  9.74695E-01  9.72748E-01  9.70980E-01
  9.69030E-01  9.67265E-01  9.65072E-01  9.63225E-01  9.61061E-01  9.57299E-01
  9.53758E-01  9.49906E-01  9.46374E-01  9.43153E-01  9.39470E-01  9.36072E-01
  9.38754E-01  9.31920E-01  9.25004E-01  9.18466E-01  9.11908E-01  9.05553E-01
  8.99128E-01  8.92787E-01  8.86303E-01  8.74184E-01  8.62335E-01  8.50884E-01
  8.39877E-01  8.29394E-01  8.19064E-01  8.09067E-01  7.98507E-01  7.80013E-01
  7.62502E-01  7.45903E-01  7.30118E-01  7.15334E-01  7.01035E-01  6.87838E-01
  6.74320E-01  6.50860E-01  6.28748E-01  6.08300E-01  5.89722E-01  5.72083E-01
  5.55650E-01  5.40465E-01  5.26374E-01  5.02903E-01  4.78891E-01  4.56267E-01
  4.34841E-01  4.17216E-01  4.04036E-01  3.91976E-01  3.81012E-01  3.57600E-01
  3.37067E-01  3.19633E-01  3.08055E-01  2.98961E-01  2.86989E-01  2.81409E-01
  2.70807E-01  2.43378E-01  2.27059E-01  2.19567E-01  2.04759E-01  1.80783E-01
  1.44559E-01  1.18721E-01  9.47174E-02  6.02695E-02  4.16747E-02  1.28117E-02
 -1.75469E-03  9.92151E-04 -3.12154E-04 -9.22611E-03 -1.66910E-03 -2.47880E-03
 -1.33657E-02 -3.94134E-02 -4.47213E-02 -4.70218E-02 -4.20259E-02 -2.92887E-02
