AutoSaveFileName0229.ASC
 IFORMY    0    .00
 (6E13.7)
 IFORMT    0    .00
 (6E13.7)
 IFORMW    0    .00
 (6E13.7)
 NINTT     0   -1.00
 DOUSNQ    0    1.00
 IQUAD          1.00
 PRWT      0    1.00
 PRY       0    1.00
 IPLRES    1    3.00
 IPLRES    2    3.00
 IPRINT    1    0.00
 IPRINT    2    2.00
 IPLFIT    1    0.00
 IPLFIT    2    0.00
 LINEPG    0   50.
 NONNEG    1    1.00
 IWT       0    5.00
 NQPROG    1    5.00
 NQPROG    2    5.00
 GMNMX     1    8.693E-06
 GMNMX     2    8.693E-03
 RUSER    10    -1.00
 NG        0    200.00
 NLINF     0    0.00
 IUSER    10    4.00
 RUSER    21    1.0
 RUSER    22   -1.0
 RUSER    23    0.0
 RUSER    18         292.24121
 RUSER    17         124.99900
 RUSER    19         1.02437
 RUSER    15         1.33200
 RUSER    16         632.80000
 RUSER    25         1
 RUSER    26         0
 END       0    0.00
 NY      188
  5.00000E-07  6.25000E-07  7.50000E-07  8.75000E-07  1.00000E-06  1.12500E-06
  1.25000E-06  1.37500E-06  1.50000E-06  1.62500E-06  1.75000E-06  1.87500E-06
  2.00000E-06  2.25000E-06  2.50000E-06  2.75000E-06  3.00000E-06  3.25000E-06
  3.50000E-06  3.75000E-06  4.00000E-06  4.50000E-06  5.00000E-06  5.50000E-06
  6.00000E-06  6.50000E-06  7.00000E-06  7.50000E-06  8.00000E-06  9.00000E-06
  1.00000E-05  1.10000E-05  1.20000E-05  1.30000E-05  1.40000E-05  1.50000E-05
  1.60000E-05  1.80000E-05  2.00000E-05  2.20000E-05  2.40000E-05  2.60000E-05
  2.80000E-05  3.00000E-05  3.20000E-05  3.60000E-05  4.00000E-05  4.40000E-05
  4.80000E-05  5.20000E-05  5.60000E-05  6.00000E-05  6.40000E-05  7.20000E-05
  8.00000E-05  8.80000E-05  9.60000E-05  1.04000E-04  1.12000E-04  1.20000E-04
  1.28000E-04  1.44000E-04  1.60000E-04  1.76000E-04  1.92000E-04  2.08000E-04
  2.24000E-04  2.40000E-04  2.56000E-04  2.88000E-04  3.20000E-04  3.52000E-04
  3.84000E-04  4.16000E-04  4.48000E-04  4.80000E-04  5.12000E-04  5.76000E-04
  6.40000E-04  7.04000E-04  7.68000E-04  8.32000E-04  8.96000E-04  9.60000E-04
  1.02400E-03  1.15200E-03  1.28000E-03  1.40800E-03  1.53600E-03  1.66400E-03
  1.79200E-03  1.92000E-03  2.01600E-03  2.27200E-03  2.52800E-03  2.78400E-03
  3.04000E-03  3.29600E-03  3.55200E-03  3.80800E-03  4.06400E-03  4.57600E-03
  5.08800E-03  5.60000E-03  6.11200E-03  6.62400E-03  7.13600E-03  7.64800E-03
  8.16000E-03  9.18400E-03  1.02080E-02  1.12320E-02  1.22560E-02  1.32800E-02
  1.43040E-02  1.53280E-02  1.63520E-02  1.84000E-02  2.04480E-02  2.24960E-02
  2.45440E-02  2.65920E-02  2.86400E-02  3.06880E-02  3.27360E-02  3.68320E-02
  4.09280E-02  4.50240E-02  4.91200E-02  5.32160E-02  5.73120E-02  6.14080E-02
  6.55040E-02  7.36960E-02  8.18880E-02  9.00800E-02  9.82720E-02  1.06464E-01
  1.14656E-01  1.22848E-01  1.31040E-01  1.47424E-01  1.63808E-01  1.80192E-01
  1.96576E-01  2.12960E-01  2.29344E-01  2.45728E-01  2.62112E-01  2.94880E-01
  3.27648E-01  3.60416E-01  3.93184E-01  4.25952E-01  4.58720E-01  4.91488E-01
  5.24256E-01  5.89792E-01  6.55328E-01  7.20864E-01  7.86400E-01  8.51936E-01
  9.17472E-01  9.83008E-01  1.04854E+00  1.17962E+00  1.31069E+00  1.44176E+00
  1.57283E+00  1.70390E+00  1.83498E+00  1.96605E+00  2.09712E+00  2.35926E+00
  2.62141E+00  2.88355E+00  3.14570E+00  3.40784E+00  3.66998E+00  3.93213E+00
  4.19427E+00  4.71856E+00  5.24285E+00  5.76714E+00  6.29142E+00  6.81571E+00
  7.34000E+00  7.86429E+00
  9.95735E-01  9.93777E-01  9.91960E-01  9.93085E-01  9.92043E-01  9.91706E-01
  9.90309E-01  9.89581E-01  9.91009E-01  9.89742E-01  9.90405E-01  9.91234E-01
  9.89734E-01  9.89581E-01  9.90657E-01  9.89940E-01  9.89367E-01  9.89802E-01
  9.89497E-01  9.90528E-01  9.89538E-01  9.88731E-01  9.89531E-01  9.88996E-01
  9.88612E-01  9.88709E-01  9.88286E-01  9.88022E-01  9.87797E-01  9.87423E-01
  9.87146E-01  9.86748E-01  9.85832E-01  9.85605E-01  9.86062E-01  9.85213E-01
  9.84898E-01  9.84250E-01  9.83249E-01  9.82863E-01  9.81786E-01  9.81312E-01
  9.80284E-01  9.79511E-01  9.78760E-01  9.76929E-01  9.75449E-01  9.73719E-01
  9.72410E-01  9.70881E-01  9.69083E-01  9.67876E-01  9.66190E-01  9.62977E-01
  9.59961E-01  9.56607E-01  9.53597E-01  9.50615E-01  9.47192E-01  9.44243E-01
  9.41249E-01  9.35149E-01  9.29019E-01  9.22754E-01  9.16776E-01  9.10631E-01
  9.04713E-01  8.98635E-01  8.92883E-01  8.81157E-01  8.69539E-01  8.58098E-01
  8.46777E-01  8.35594E-01  8.24745E-01  8.13954E-01  8.03470E-01  7.82603E-01
  7.62337E-01  7.42540E-01  7.23290E-01  7.04640E-01  6.86405E-01  6.68818E-01
  6.51825E-01  6.18944E-01  5.87814E-01  5.58415E-01  5.30631E-01  5.04268E-01
  4.79269E-01  4.55498E-01  4.39449E-01  3.97178E-01  3.59328E-01  3.25420E-01
  2.94625E-01  2.66730E-01  2.41628E-01  2.18660E-01  1.98436E-01  1.63354E-01
  1.35015E-01  1.12056E-01  9.35502E-02  7.84164E-02  6.59299E-02  5.63585E-02
  4.89430E-02  3.76665E-02  3.06724E-02  2.38626E-02  1.69695E-02  1.05766E-02
  6.76198E-03  4.02664E-03  2.54803E-03  1.61327E-03  4.39571E-03  7.38334E-03
  7.36559E-03  5.35401E-03  1.31969E-03 -9.86086E-04 -1.39276E-03  5.33647E-04
  4.35936E-06 -1.17923E-04  1.12258E-03  8.77085E-04  1.12608E-03  3.92458E-03
  4.93181E-03  6.09899E-03  2.69217E-03 -2.21344E-03 -4.40697E-03  3.99333E-04
  2.64442E-03  4.76697E-04 -1.20475E-04  9.12699E-05  2.52018E-03  6.73487E-05
  2.45320E-04 -3.98138E-03  4.32008E-04 -8.11437E-04 -2.15652E-03  9.85354E-04
  8.36103E-04 -1.19997E-03 -1.29861E-03 -3.62684E-04  8.09567E-04 -1.36739E-03
 -3.04059E-03  8.33410E-04  1.05297E-03  1.87220E-04  2.12653E-03  6.58992E-04
  1.11006E-04 -1.50802E-03 -6.38835E-04 -1.62226E-03  3.31774E-04  5.85939E-04
  7.61631E-04 -6.46289E-04 -1.42897E-03 -6.60190E-05 -2.53515E-04 -2.58910E-03
 -1.29359E-04  3.72019E-04  2.09050E-05  6.92590E-04 -1.81383E-03 -1.96132E-03
 -2.85380E-04  4.55287E-04 -1.46250E-04 -4.14756E-04  3.53201E-04 -4.00117E-04
 -1.49751E-04 -1.55600E-04
