AutoSaveFileName0158.ASC
 IFORMY    0    .00
 (6E13.7)
 IFORMT    0    .00
 (6E13.7)
 IFORMW    0    .00
 (6E13.7)
 NINTT     0   -1.00
 DOUSNQ    0    1.00
 IQUAD     0    1.00
 PRWT      0    1.00
 PRY       0    1.00
 IPLRES    1    3.00
 IPLRES    2    3.00
 IPRINT    1    0.00
 IPRINT    2    2.00
 IPLFIT    1    0.00
 IPLFIT    2    0.00
 LINEPG    0   50.
 NONNEG    1    1.00
 IWT       0    5.00
 NQPROG    1    5.00
 NQPROG    2    5.00
 GMNMX     1    5.36901E-03
 GMNMX     2    1.92734E-03
 RUSER    10    -1.00
 NG        0    500.00
 NLINF     0    1.00
 IUSER    10    4.00
 RUSER    21    1.0
 RUSER    22   -1.0
 RUSER    23    0.0
 RUSER    18         292.01578
 RUSER    17         89.99900
 RUSER    19         1.03010
 RUSER    15         1.33200
 RUSER    16         632.80000
 RUSER    25         1
 RUSER    26         0
 END       0    0.00
 NY      162
  7.50000E-07  8.75000E-07  1.00000E-06  1.12500E-06  1.25000E-06  1.37500E-06
  1.50000E-06  1.62500E-06  1.75000E-06  1.87500E-06  2.00000E-06  2.25000E-06
  2.50000E-06  2.75000E-06  3.00000E-06  3.25000E-06  3.50000E-06  3.75000E-06
  4.00000E-06  4.50000E-06  5.00000E-06  5.50000E-06  6.00000E-06  6.50000E-06
  7.00000E-06  7.50000E-06  8.00000E-06  9.00000E-06  1.00000E-05  1.10000E-05
  1.20000E-05  1.30000E-05  1.40000E-05  1.50000E-05  1.60000E-05  1.80000E-05
  2.00000E-05  2.20000E-05  2.40000E-05  2.60000E-05  2.80000E-05  3.00000E-05
  3.20000E-05  3.60000E-05  4.00000E-05  4.40000E-05  4.80000E-05  5.20000E-05
  5.60000E-05  6.00000E-05  6.40000E-05  7.20000E-05  8.00000E-05  8.80000E-05
  9.60000E-05  1.04000E-04  1.12000E-04  1.20000E-04  1.28000E-04  1.44000E-04
  1.60000E-04  1.76000E-04  1.92000E-04  2.08000E-04  2.24000E-04  2.40000E-04
  2.56000E-04  2.88000E-04  3.20000E-04  3.52000E-04  3.84000E-04  4.16000E-04
  4.48000E-04  4.80000E-04  5.12000E-04  5.76000E-04  6.40000E-04  7.04000E-04
  7.68000E-04  8.32000E-04  8.96000E-04  9.60000E-04  1.02400E-03  1.15200E-03
  1.28000E-03  1.40800E-03  1.53600E-03  1.66400E-03  1.79200E-03  1.92000E-03
  2.01600E-03  2.27200E-03  2.52800E-03  2.78400E-03  3.04000E-03  3.29600E-03
  3.55200E-03  3.80800E-03  4.06400E-03  4.57600E-03  5.08800E-03  5.60000E-03
  6.11200E-03  6.62400E-03  7.13600E-03  7.64800E-03  8.16000E-03  9.18400E-03
  1.02080E-02  1.12320E-02  1.22560E-02  1.32800E-02  1.43040E-02  1.53280E-02
  1.63520E-02  1.84000E-02  2.04480E-02  2.24960E-02  2.45440E-02  2.65920E-02
  2.86400E-02  3.06880E-02  3.27360E-02  3.68320E-02  4.09280E-02  4.50240E-02
  4.91200E-02  5.32160E-02  5.73120E-02  6.14080E-02  6.55040E-02  7.36960E-02
  8.18880E-02  9.00800E-02  9.82720E-02  1.06464E-01  1.14656E-01  1.22848E-01
  1.31040E-01  1.47424E-01  1.63808E-01  1.80192E-01  1.96576E-01  2.12960E-01
  2.29344E-01  2.45728E-01  2.62112E-01  2.94880E-01  3.27648E-01  3.60416E-01
  3.93184E-01  4.25952E-01  4.58720E-01  4.91488E-01  5.24256E-01  5.89792E-01
  6.55328E-01  7.20864E-01  7.86400E-01  8.51936E-01  9.17472E-01  9.83008E-01
  9.99643E-01  1.00000E+00  9.98431E-01  9.97644E-01  9.95919E-01  9.97410E-01
  9.94552E-01  9.95692E-01  9.93436E-01  9.93209E-01  9.94246E-01  9.91053E-01
  9.92295E-01  9.89993E-01  9.89875E-01  9.88589E-01  9.88840E-01  9.87323E-01
  9.85404E-01  9.84923E-01  9.84310E-01  9.81755E-01  9.81289E-01  9.77382E-01
  9.75449E-01  9.75961E-01  9.72263E-01  9.69437E-01  9.67734E-01  9.62865E-01
  9.60662E-01  9.57642E-01  9.53595E-01  9.51963E-01  9.48676E-01  9.41655E-01
  9.34871E-01  9.29160E-01  9.22805E-01  9.16127E-01  9.10676E-01  9.05335E-01
  8.99147E-01  8.86690E-01  8.74819E-01  8.63180E-01  8.52295E-01  8.40671E-01
  8.29557E-01  8.18841E-01  8.07540E-01  7.86139E-01  7.65475E-01  7.45665E-01
  7.25868E-01  7.07290E-01  6.88788E-01  6.70756E-01  6.53226E-01  6.19232E-01
  5.87180E-01  5.56636E-01  5.27934E-01  5.00886E-01  4.74673E-01  4.50470E-01
  4.27584E-01  3.84866E-01  3.46319E-01  3.11502E-01  2.80486E-01  2.52124E-01
  2.27298E-01  2.05013E-01  1.85294E-01  1.50919E-01  1.22933E-01  1.00225E-01
  8.15325E-02  6.61374E-02  5.38676E-02  4.40671E-02  3.67913E-02  2.49298E-02
  1.69473E-02  1.11881E-02  6.96922E-03  4.18351E-03  2.63046E-03  2.13772E-03
  1.70682E-03  1.24047E-03  1.34679E-03  1.05943E-03  9.03220E-05 -2.17655E-04
  7.66259E-04  1.80393E-03  1.34881E-03  3.51152E-03  3.69667E-05 -2.07858E-03
 -2.26415E-03 -2.48478E-03 -1.00197E-03 -1.25297E-03 -1.25077E-03 -1.97224E-03
 -2.68425E-04 -9.83630E-04 -6.27285E-04  4.36138E-04 -3.55796E-04 -3.30067E-04
 -7.42793E-04  5.64289E-04  1.51930E-03 -1.62215E-03 -9.48452E-04 -8.17306E-05
 -2.05572E-04  1.13092E-03  4.99524E-04 -9.45307E-04 -5.71461E-04 -1.52113E-04
  9.52602E-04 -5.40460E-04 -4.48112E-04  3.77324E-04  3.96771E-04 -1.40239E-04
  2.63082E-04  1.53029E-04  1.01025E-03  1.28846E-04 -9.07757E-06 -4.97812E-05
 -2.76029E-04 -3.82018E-04  1.77018E-05 -7.34067E-06  2.47809E-04 -1.91827E-04
  1.55777E-04  5.55783E-04  1.25563E-04 -1.78854E-04  2.33057E-05  2.49950E-04
 -1.56718E-04 -1.51889E-04 -3.17963E-05  2.27920E-04  5.27027E-05 -1.29314E-04
  3.64489E-05 -2.61456E-05 -3.59226E-04 -4.75798E-05 -2.43665E-05 -3.04216E-05
