AutoSaveFileName0317.ASC
 IFORMY    0    .00
 (6E13.7)
 IFORMT    0    .00
 (6E13.7)
 IFORMW    0    .00
 (6E13.7)
 NINTT     0   -1.00
 DOUSNQ    0    1.00
 IQUAD          1.00
 PRWT      0    1.00
 PRY       0    1.00
 IPLRES    1    3.00
 IPLRES    2    3.00
 IPRINT    1    0.00
 IPRINT    2    2.00
 IPLFIT    1    0.00
 IPLFIT    2    0.00
 LINEPG    0   50.
 NONNEG    1    1.00
 IWT       0    5.00
 NQPROG    1    5.00
 NQPROG    2    5.00
 GMNMX     1    9.128E-06
 GMNMX     2    9.128E-03
 RUSER    10    -1.00
 NG        0    200.00
 NLINF     0    0.00
 IUSER    10    4.00
 RUSER    21    1.0
 RUSER    22   -1.0
 RUSER    23    0.0
 RUSER    18         292.20793
 RUSER    17         119.99900
 RUSER    19         1.02521
 RUSER    15         1.33200
 RUSER    16         632.80000
 RUSER    25         1
 RUSER    26         0
 END       0    0.00
 NY      131
  3.75000E-07  5.00000E-07  6.25000E-07  7.50000E-07  8.75000E-07  1.00000E-06
  1.12500E-06  1.25000E-06  1.37500E-06  1.50000E-06  1.62500E-06  1.75000E-06
  1.87500E-06  2.00000E-06  2.25000E-06  2.50000E-06  2.75000E-06  3.00000E-06
  3.25000E-06  3.50000E-06  3.75000E-06  4.00000E-06  4.50000E-06  5.00000E-06
  5.50000E-06  6.00000E-06  6.50000E-06  7.00000E-06  7.50000E-06  8.00000E-06
  9.00000E-06  1.00000E-05  1.10000E-05  1.20000E-05  1.30000E-05  1.40000E-05
  1.50000E-05  1.60000E-05  1.80000E-05  2.00000E-05  2.20000E-05  2.40000E-05
  2.60000E-05  2.80000E-05  3.00000E-05  3.20000E-05  3.60000E-05  4.00000E-05
  4.40000E-05  4.80000E-05  5.20000E-05  5.60000E-05  6.00000E-05  6.40000E-05
  7.20000E-05  8.00000E-05  8.80000E-05  9.60000E-05  1.04000E-04  1.12000E-04
  1.20000E-04  1.28000E-04  1.44000E-04  1.60000E-04  1.76000E-04  1.92000E-04
  2.08000E-04  2.24000E-04  2.40000E-04  2.56000E-04  2.88000E-04  3.20000E-04
  3.52000E-04  3.84000E-04  4.16000E-04  4.48000E-04  4.80000E-04  5.12000E-04
  5.76000E-04  6.40000E-04  7.04000E-04  7.68000E-04  8.32000E-04  8.96000E-04
  9.60000E-04  1.02400E-03  1.15200E-03  1.28000E-03  1.40800E-03  1.53600E-03
  1.66400E-03  1.79200E-03  1.92000E-03  2.01600E-03  2.27200E-03  2.52800E-03
  2.78400E-03  3.04000E-03  3.29600E-03  3.55200E-03  3.80800E-03  4.06400E-03
  4.57600E-03  5.08800E-03  5.60000E-03  6.11200E-03  6.62400E-03  7.13600E-03
  7.64800E-03  8.16000E-03  9.18400E-03  1.02080E-02  1.12320E-02  1.22560E-02
  1.32800E-02  1.43040E-02  1.53280E-02  1.63520E-02  1.84000E-02  2.04480E-02
  2.24960E-02  2.45440E-02  2.65920E-02  2.86400E-02  3.06880E-02  3.27360E-02
  3.68320E-02  4.09280E-02  4.50240E-02  4.91200E-02  5.32160E-02
  2.45726E+00  2.45302E+00  2.45566E+00  2.45026E+00  2.44679E+00  2.44671E+00
  2.44317E+00  2.44617E+00  2.44295E+00  2.44716E+00  2.44458E+00  2.43790E+00
  2.44561E+00  2.44371E+00  2.43774E+00  2.43918E+00  2.44134E+00  2.43987E+00
  2.43917E+00  2.43237E+00  2.43922E+00  2.43803E+00  2.43937E+00  2.44046E+00
  2.43046E+00  2.43413E+00  2.43398E+00  2.43097E+00  2.43147E+00  2.42988E+00
  2.42831E+00  2.42607E+00  2.42406E+00  2.42204E+00  2.42324E+00  2.42009E+00
  2.41734E+00  2.41579E+00  2.41174E+00  2.40753E+00  2.40447E+00  2.40068E+00
  2.39649E+00  2.39441E+00  2.38981E+00  2.38533E+00  2.37739E+00  2.36988E+00
  2.36406E+00  2.35526E+00  2.34836E+00  2.34014E+00  2.33386E+00  2.32669E+00
  2.31293E+00  2.29706E+00  2.28152E+00  2.26752E+00  2.25299E+00  2.23930E+00
  2.22503E+00  2.21069E+00  2.18280E+00  2.15578E+00  2.12848E+00  2.10173E+00
  2.07514E+00  2.04829E+00  2.02242E+00  1.99753E+00  1.94728E+00  1.89831E+00
  1.85085E+00  1.80441E+00  1.75885E+00  1.71497E+00  1.67218E+00  1.63095E+00
  1.55064E+00  1.47433E+00  1.40187E+00  1.33356E+00  1.26838E+00  1.20644E+00
  1.14719E+00  1.09132E+00  9.86743E-01  8.92153E-01  8.06008E-01  7.28186E-01
  6.57611E-01  5.94574E-01  5.37678E-01  4.99798E-01  4.09206E-01  3.37253E-01
  2.79488E-01  2.31436E-01  1.92470E-01  1.61517E-01  1.36579E-01  1.17245E-01
  8.47791E-02  6.02816E-02  4.38104E-02  3.10474E-02  1.96905E-02  1.56735E-02
  1.47352E-02  1.44259E-02  1.07340E-02  5.48026E-03  4.25895E-04 -1.12573E-02
 -1.21694E-02 -1.54898E-02 -1.40984E-02 -7.39929E-03  9.86720E-03  1.41904E-02
 -1.34408E-03 -1.31459E-02  6.24707E-04  9.23845E-03  1.00971E-02  3.49028E-04
 -5.52407E-03 -1.12317E-02 -7.95459E-03  4.95214E-04  1.25474E-02
