AutoSaveFileName0262.ASC
 IFORMY    0    .00
 (6E13.7)
 IFORMT    0    .00
 (6E13.7)
 IFORMW    0    .00
 (6E13.7)
 NINTT     0   -1.00
 DOUSNQ    0    1.00
 IQUAD     0    1.00
 PRWT      0    1.00
 PRY       0    1.00
 IPLRES    1    3.00
 IPLRES    2    3.00
 IPRINT    1    0.00
 IPRINT    2    2.00
 IPLFIT    1    0.00
 IPLFIT    2    0.00
 LINEPG    0   50.
 NONNEG    1    1.00
 IWT       0    5.00
 NQPROG    1    5.00
 NQPROG    2    5.00
 GMNMX     1    2.94085E-03
 GMNMX     2    1.05569E-03
 RUSER    10    -1.00
 NG        0    500.00
 NLINF     0    1.00
 IUSER    10    4.00
 RUSER    21    1.0
 RUSER    22   -1.0
 RUSER    23    0.0
 RUSER    18         292.14210
 RUSER    17         144.99900
 RUSER    19         1.02688
 RUSER    15         1.33200
 RUSER    16         632.80000
 RUSER    25         1
 RUSER    26         0
 END       0    0.00
 NY      162
  7.50000E-07  8.75000E-07  1.00000E-06  1.12500E-06  1.25000E-06  1.37500E-06
  1.50000E-06  1.62500E-06  1.75000E-06  1.87500E-06  2.00000E-06  2.25000E-06
  2.50000E-06  2.75000E-06  3.00000E-06  3.25000E-06  3.50000E-06  3.75000E-06
  4.00000E-06  4.50000E-06  5.00000E-06  5.50000E-06  6.00000E-06  6.50000E-06
  7.00000E-06  7.50000E-06  8.00000E-06  9.00000E-06  1.00000E-05  1.10000E-05
  1.20000E-05  1.30000E-05  1.40000E-05  1.50000E-05  1.60000E-05  1.80000E-05
  2.00000E-05  2.20000E-05  2.40000E-05  2.60000E-05  2.80000E-05  3.00000E-05
  3.20000E-05  3.60000E-05  4.00000E-05  4.40000E-05  4.80000E-05  5.20000E-05
  5.60000E-05  6.00000E-05  6.40000E-05  7.20000E-05  8.00000E-05  8.80000E-05
  9.60000E-05  1.04000E-04  1.12000E-04  1.20000E-04  1.28000E-04  1.44000E-04
  1.60000E-04  1.76000E-04  1.92000E-04  2.08000E-04  2.24000E-04  2.40000E-04
  2.56000E-04  2.88000E-04  3.20000E-04  3.52000E-04  3.84000E-04  4.16000E-04
  4.48000E-04  4.80000E-04  5.12000E-04  5.76000E-04  6.40000E-04  7.04000E-04
  7.68000E-04  8.32000E-04  8.96000E-04  9.60000E-04  1.02400E-03  1.15200E-03
  1.28000E-03  1.40800E-03  1.53600E-03  1.66400E-03  1.79200E-03  1.92000E-03
  2.01600E-03  2.27200E-03  2.52800E-03  2.78400E-03  3.04000E-03  3.29600E-03
  3.55200E-03  3.80800E-03  4.06400E-03  4.57600E-03  5.08800E-03  5.60000E-03
  6.11200E-03  6.62400E-03  7.13600E-03  7.64800E-03  8.16000E-03  9.18400E-03
  1.02080E-02  1.12320E-02  1.22560E-02  1.32800E-02  1.43040E-02  1.53280E-02
  1.63520E-02  1.84000E-02  2.04480E-02  2.24960E-02  2.45440E-02  2.65920E-02
  2.86400E-02  3.06880E-02  3.27360E-02  3.68320E-02  4.09280E-02  4.50240E-02
  4.91200E-02  5.32160E-02  5.73120E-02  6.14080E-02  6.55040E-02  7.36960E-02
  8.18880E-02  9.00800E-02  9.82720E-02  1.06464E-01  1.14656E-01  1.22848E-01
  1.31040E-01  1.47424E-01  1.63808E-01  1.80192E-01  1.96576E-01  2.12960E-01
  2.29344E-01  2.45728E-01  2.62112E-01  2.94880E-01  3.27648E-01  3.60416E-01
  3.93184E-01  4.25952E-01  4.58720E-01  4.91488E-01  5.24256E-01  5.89792E-01
  6.55328E-01  7.20864E-01  7.86400E-01  8.51936E-01  9.17472E-01  9.83008E-01
  9.97155E-01  1.00000E+00  9.96388E-01  9.93753E-01  9.93539E-01  9.92058E-01
  9.89027E-01  9.90944E-01  9.94063E-01  9.88756E-01  9.88276E-01  9.87634E-01
  9.86932E-01  9.83134E-01  9.80168E-01  9.82811E-01  9.79260E-01  9.80071E-01
  9.75947E-01  9.73904E-01  9.71963E-01  9.67415E-01  9.66119E-01  9.64000E-01
  9.58193E-01  9.54072E-01  9.52494E-01  9.47462E-01  9.40238E-01  9.34894E-01
  9.28861E-01  9.23275E-01  9.18178E-01  9.13371E-01  9.06999E-01  8.96610E-01
  8.84563E-01  8.74559E-01  8.62701E-01  8.52043E-01  8.41683E-01  8.31484E-01
  8.21322E-01  8.00695E-01  7.81969E-01  7.61410E-01  7.43233E-01  7.24729E-01
  7.06806E-01  6.89992E-01  6.72622E-01  6.40412E-01  6.08792E-01  5.80073E-01
  5.51717E-01  5.25210E-01  4.99489E-01  4.75153E-01  4.52484E-01  4.09737E-01
  3.71013E-01  3.36192E-01  3.04696E-01  2.75827E-01  2.49846E-01  2.26539E-01
  2.05607E-01  1.68738E-01  1.38301E-01  1.13369E-01  9.30652E-02  7.69538E-02
  6.34964E-02  5.24738E-02  4.37398E-02  2.95666E-02  1.95126E-02  1.08790E-02
  4.94780E-03  2.36505E-03  6.63433E-04 -5.76287E-04 -6.53839E-04 -4.92499E-04
 -5.85344E-04 -6.67670E-05 -4.83298E-05  1.00117E-03  1.36837E-03  2.86734E-03
  1.46135E-03  1.04345E-03  3.78167E-04 -6.79846E-04 -7.03411E-04 -9.80426E-05
  3.44539E-04  2.44580E-05 -4.33367E-04 -7.29794E-04 -1.31692E-03  1.08911E-03
  1.28239E-03  3.31680E-04 -8.78150E-04  3.03741E-03  1.37024E-03 -1.97875E-03
  4.76142E-04 -2.18209E-03 -1.98089E-03  5.55922E-04  1.20717E-03  3.90674E-05
 -3.09146E-04  1.29175E-04  1.54386E-04  2.12174E-03 -1.16422E-03 -4.16315E-04
 -3.05989E-04 -1.14794E-03  5.92390E-04  3.35751E-04  8.62019E-04 -5.10870E-04
  1.87294E-04 -2.23818E-03  7.68372E-04  7.96106E-05  3.19338E-04  7.89334E-04
 -5.36078E-04 -4.09067E-05  1.60622E-04 -9.23711E-07 -2.09044E-04 -3.33698E-04
 -8.11281E-05  2.07541E-04  1.38088E-04 -5.14696E-05  1.25283E-04 -3.41057E-04
 -9.63044E-05  1.58223E-04 -7.35347E-05  3.32468E-04  1.58424E-04 -1.01952E-04
  3.24668E-04 -1.62341E-04 -7.96243E-06  6.56737E-05 -1.23721E-04  1.11085E-04
  6.35973E-05 -2.10819E-04  1.77264E-04 -1.86481E-04 -1.62178E-04  1.67721E-04
