AutoSaveFileName0338.ASC
 IFORMY    0    .00
 (6E13.7)
 IFORMT    0    .00
 (6E13.7)
 IFORMW    0    .00
 (6E13.7)
 NINTT     0   -1.00
 DOUSNQ    0    1.00
 IQUAD          1.00
 PRWT      0    1.00
 PRY       0    1.00
 IPLRES    1    3.00
 IPLRES    2    3.00
 IPRINT    1    0.00
 IPRINT    2    2.00
 IPLFIT    1    0.00
 IPLFIT    2    0.00
 LINEPG    0   50.
 NONNEG    1    1.00
 IWT       0    5.00
 NQPROG    1    5.00
 NQPROG    2    5.00
 GMNMX     1    8.539E-06
 GMNMX     2    8.539E-03
 RUSER    10    -1.00
 NG        0    200.00
 NLINF     0    0.00
 IUSER    10    4.00
 RUSER    21    1.0
 RUSER    22   -1.0
 RUSER    23    0.0
 RUSER    18         292.24604
 RUSER    17         126.99900
 RUSER    19         1.02424
 RUSER    15         1.33200
 RUSER    16         632.80000
 RUSER    25         1
 RUSER    26         0
 END       0    0.00
 NY      131
  3.75000E-07  5.00000E-07  6.25000E-07  7.50000E-07  8.75000E-07  1.00000E-06
  1.12500E-06  1.25000E-06  1.37500E-06  1.50000E-06  1.62500E-06  1.75000E-06
  1.87500E-06  2.00000E-06  2.25000E-06  2.50000E-06  2.75000E-06  3.00000E-06
  3.25000E-06  3.50000E-06  3.75000E-06  4.00000E-06  4.50000E-06  5.00000E-06
  5.50000E-06  6.00000E-06  6.50000E-06  7.00000E-06  7.50000E-06  8.00000E-06
  9.00000E-06  1.00000E-05  1.10000E-05  1.20000E-05  1.30000E-05  1.40000E-05
  1.50000E-05  1.60000E-05  1.80000E-05  2.00000E-05  2.20000E-05  2.40000E-05
  2.60000E-05  2.80000E-05  3.00000E-05  3.20000E-05  3.60000E-05  4.00000E-05
  4.40000E-05  4.80000E-05  5.20000E-05  5.60000E-05  6.00000E-05  6.40000E-05
  7.20000E-05  8.00000E-05  8.80000E-05  9.60000E-05  1.04000E-04  1.12000E-04
  1.20000E-04  1.28000E-04  1.44000E-04  1.60000E-04  1.76000E-04  1.92000E-04
  2.08000E-04  2.24000E-04  2.40000E-04  2.56000E-04  2.88000E-04  3.20000E-04
  3.52000E-04  3.84000E-04  4.16000E-04  4.48000E-04  4.80000E-04  5.12000E-04
  5.76000E-04  6.40000E-04  7.04000E-04  7.68000E-04  8.32000E-04  8.96000E-04
  9.60000E-04  1.02400E-03  1.15200E-03  1.28000E-03  1.40800E-03  1.53600E-03
  1.66400E-03  1.79200E-03  1.92000E-03  2.01600E-03  2.27200E-03  2.52800E-03
  2.78400E-03  3.04000E-03  3.29600E-03  3.55200E-03  3.80800E-03  4.06400E-03
  4.57600E-03  5.08800E-03  5.60000E-03  6.11200E-03  6.62400E-03  7.13600E-03
  7.64800E-03  8.16000E-03  9.18400E-03  1.02080E-02  1.12320E-02  1.22560E-02
  1.32800E-02  1.43040E-02  1.53280E-02  1.63520E-02  1.84000E-02  2.04480E-02
  2.24960E-02  2.45440E-02  2.65920E-02  2.86400E-02  3.06880E-02  3.27360E-02
  3.68320E-02  4.09280E-02  4.50240E-02  4.91200E-02  5.32160E-02
  2.47059E+00  2.46192E+00  2.45228E+00  2.45482E+00  2.44547E+00  2.45332E+00
  2.45833E+00  2.44895E+00  2.44734E+00  2.45135E+00  2.44522E+00  2.44885E+00
  2.44234E+00  2.44592E+00  2.45177E+00  2.45064E+00  2.44468E+00  2.44559E+00
  2.44151E+00  2.44744E+00  2.44353E+00  2.44430E+00  2.44307E+00  2.44278E+00
  2.44514E+00  2.44075E+00  2.43582E+00  2.43710E+00  2.43895E+00  2.43667E+00
  2.43391E+00  2.43279E+00  2.43033E+00  2.42631E+00  2.42474E+00  2.42542E+00
  2.42315E+00  2.42058E+00  2.41624E+00  2.41265E+00  2.40651E+00  2.40510E+00
  2.39979E+00  2.39647E+00  2.39283E+00  2.38763E+00  2.37996E+00  2.37233E+00
  2.36411E+00  2.35650E+00  2.34932E+00  2.33967E+00  2.33133E+00  2.32416E+00
  2.30863E+00  2.29283E+00  2.27892E+00  2.26213E+00  2.24654E+00  2.23158E+00
  2.21612E+00  2.20171E+00  2.17164E+00  2.14206E+00  2.11315E+00  2.08445E+00
  2.05576E+00  2.02856E+00  2.00110E+00  1.97483E+00  1.92266E+00  1.87123E+00
  1.82147E+00  1.77229E+00  1.72501E+00  1.67848E+00  1.63430E+00  1.59100E+00
  1.50830E+00  1.43115E+00  1.35771E+00  1.28864E+00  1.22307E+00  1.16003E+00
  1.10080E+00  1.04596E+00  9.42956E-01  8.50039E-01  7.67655E-01  6.94389E-01
  6.28276E-01  5.69067E-01  5.15842E-01  4.79577E-01  3.96551E-01  3.28258E-01
  2.69059E-01  2.19290E-01  1.78798E-01  1.43652E-01  1.15749E-01  9.40589E-02
  5.92860E-02  3.34959E-02  1.62988E-02  8.90012E-03  6.63852E-03  6.59009E-03
  7.38111E-03  1.33083E-05 -2.91452E-03  3.71013E-03  7.26115E-03 -5.82463E-04
 -1.23561E-02 -8.15206E-03  1.40873E-05 -5.14573E-03 -1.10677E-02  1.01088E-02
  3.35368E-03 -3.99867E-03  1.54134E-03  1.91912E-03  5.47089E-03 -1.91234E-03
 -3.07038E-03  2.14572E-03 -7.89118E-03  1.00283E-02  1.57557E-02
