AutoSaveFileName0087.ASC
 IFORMY    0    .00
 (6E13.7)
 IFORMT    0    .00
 (6E13.7)
 IFORMW    0    .00
 (6E13.7)
 NINTT     0   -1.00
 DOUSNQ    0    1.00
 IQUAD          1.00
 PRWT      0    1.00
 PRY       0    1.00
 IPLRES    1    3.00
 IPLRES    2    3.00
 IPRINT    1    0.00
 IPRINT    2    2.00
 IPLFIT    1    0.00
 IPLFIT    2    0.00
 LINEPG    0   50.
 NONNEG    1    1.00
 IWT       0    5.00
 NQPROG    1    5.00
 NQPROG    2    5.00
 GMNMX     1    3.213E-05
 GMNMX     2    3.213E-02
 RUSER    10    -1.00
 NG        0    200.00
 NLINF     0    0.00
 IUSER    10    4.00
 RUSER    21    1.0
 RUSER    22   -1.0
 RUSER    23    0.0
 RUSER    18         292.19045
 RUSER    17         54.99800
 RUSER    19         1.02565
 RUSER    15         1.33200
 RUSER    16         632.80000
 RUSER    25         1
 RUSER    26         0
 END       0    0.00
 NY      188
  5.00000E-07  6.25000E-07  7.50000E-07  8.75000E-07  1.00000E-06  1.12500E-06
  1.25000E-06  1.37500E-06  1.50000E-06  1.62500E-06  1.75000E-06  1.87500E-06
  2.00000E-06  2.25000E-06  2.50000E-06  2.75000E-06  3.00000E-06  3.25000E-06
  3.50000E-06  3.75000E-06  4.00000E-06  4.50000E-06  5.00000E-06  5.50000E-06
  6.00000E-06  6.50000E-06  7.00000E-06  7.50000E-06  8.00000E-06  9.00000E-06
  1.00000E-05  1.10000E-05  1.20000E-05  1.30000E-05  1.40000E-05  1.50000E-05
  1.60000E-05  1.80000E-05  2.00000E-05  2.20000E-05  2.40000E-05  2.60000E-05
  2.80000E-05  3.00000E-05  3.20000E-05  3.60000E-05  4.00000E-05  4.40000E-05
  4.80000E-05  5.20000E-05  5.60000E-05  6.00000E-05  6.40000E-05  7.20000E-05
  8.00000E-05  8.80000E-05  9.60000E-05  1.04000E-04  1.12000E-04  1.20000E-04
  1.28000E-04  1.44000E-04  1.60000E-04  1.76000E-04  1.92000E-04  2.08000E-04
  2.24000E-04  2.40000E-04  2.56000E-04  2.88000E-04  3.20000E-04  3.52000E-04
  3.84000E-04  4.16000E-04  4.48000E-04  4.80000E-04  5.12000E-04  5.76000E-04
  6.40000E-04  7.04000E-04  7.68000E-04  8.32000E-04  8.96000E-04  9.60000E-04
  1.02400E-03  1.15200E-03  1.28000E-03  1.40800E-03  1.53600E-03  1.66400E-03
  1.79200E-03  1.92000E-03  2.01600E-03  2.27200E-03  2.52800E-03  2.78400E-03
  3.04000E-03  3.29600E-03  3.55200E-03  3.80800E-03  4.06400E-03  4.57600E-03
  5.08800E-03  5.60000E-03  6.11200E-03  6.62400E-03  7.13600E-03  7.64800E-03
  8.16000E-03  9.18400E-03  1.02080E-02  1.12320E-02  1.22560E-02  1.32800E-02
  1.43040E-02  1.53280E-02  1.63520E-02  1.84000E-02  2.04480E-02  2.24960E-02
  2.45440E-02  2.65920E-02  2.86400E-02  3.06880E-02  3.27360E-02  3.68320E-02
  4.09280E-02  4.50240E-02  4.91200E-02  5.32160E-02  5.73120E-02  6.14080E-02
  6.55040E-02  7.36960E-02  8.18880E-02  9.00800E-02  9.82720E-02  1.06464E-01
  1.14656E-01  1.22848E-01  1.31040E-01  1.47424E-01  1.63808E-01  1.80192E-01
  1.96576E-01  2.12960E-01  2.29344E-01  2.45728E-01  2.62112E-01  2.94880E-01
  3.27648E-01  3.60416E-01  3.93184E-01  4.25952E-01  4.58720E-01  4.91488E-01
  5.24256E-01  5.89792E-01  6.55328E-01  7.20864E-01  7.86400E-01  8.51936E-01
  9.17472E-01  9.83008E-01  1.04854E+00  1.17962E+00  1.31069E+00  1.44176E+00
  1.57283E+00  1.70390E+00  1.83498E+00  1.96605E+00  2.09712E+00  2.35926E+00
  2.62141E+00  2.88355E+00  3.14570E+00  3.40784E+00  3.66998E+00  3.93213E+00
  4.19427E+00  4.71856E+00  5.24285E+00  5.76714E+00  6.29142E+00  6.81571E+00
  7.34000E+00  7.86429E+00
  9.96691E-01  9.97203E-01  9.93220E-01  9.93966E-01  9.92732E-01  9.92707E-01
  9.93395E-01  9.92513E-01  9.93052E-01  9.91690E-01  9.91958E-01  9.93542E-01
  9.92746E-01  9.92872E-01  9.91557E-01  9.92179E-01  9.92073E-01  9.92391E-01
  9.91879E-01  9.91526E-01  9.91403E-01  9.91641E-01  9.91879E-01  9.91927E-01
  9.92041E-01  9.91362E-01  9.91554E-01  9.92077E-01  9.91345E-01  9.91319E-01
  9.91266E-01  9.91018E-01  9.91370E-01  9.90941E-01  9.91007E-01  9.91237E-01
  9.90717E-01  9.90254E-01  9.90416E-01  9.89953E-01  9.89951E-01  9.89839E-01
  9.89441E-01  9.89325E-01  9.89263E-01  9.88738E-01  9.88153E-01  9.87888E-01
  9.87666E-01  9.87120E-01  9.86815E-01  9.86582E-01  9.86062E-01  9.85293E-01
  9.84245E-01  9.83590E-01  9.82628E-01  9.81826E-01  9.80901E-01  9.80224E-01
  9.79387E-01  9.77653E-01  9.75947E-01  9.74379E-01  9.72615E-01  9.71065E-01
  9.69359E-01  9.67683E-01  9.66163E-01  9.62877E-01  9.59649E-01  9.56252E-01
  9.53047E-01  9.49796E-01  9.46577E-01  9.43370E-01  9.40226E-01  9.33839E-01
  9.27464E-01  9.21170E-01  9.14939E-01  9.08790E-01  9.02640E-01  8.96533E-01
  8.40399E-01  8.28897E-01  8.17678E-01  8.06477E-01  7.95456E-01  7.84678E-01
  7.74028E-01  7.63499E-01  8.02861E-01  7.81637E-01  7.61151E-01  7.41302E-01
  7.22044E-01  7.03341E-01  6.85173E-01  6.67574E-01  6.50777E-01  6.18280E-01
  5.87428E-01  5.58169E-01  5.30464E-01  5.04185E-01  4.79569E-01  4.56375E-01
  4.35089E-01  3.94672E-01  3.57594E-01  3.23523E-01  2.92671E-01  2.64391E-01
  2.38621E-01  2.14742E-01  1.93894E-01  1.55608E-01  1.24049E-01  9.75320E-02
  7.61341E-02  5.90502E-02  4.50811E-02  3.37644E-02  2.47867E-02  1.01497E-02
 -5.73144E-04 -6.01480E-03 -8.94158E-03 -9.67182E-03 -5.68491E-03 -2.52982E-03
 -1.61196E-03 -3.42457E-03 -1.55074E-02 -1.32748E-02 -4.01596E-03  3.53887E-03
  2.88042E-03  9.00290E-03  9.23026E-03 -1.55614E-03 -4.45921E-03 -3.21930E-03
 -5.51172E-03  1.28226E-03  2.65785E-03  8.83762E-04 -9.30197E-03  2.73027E-03
 -8.68389E-04 -5.00551E-03 -1.74115E-02 -5.47082E-03 -6.15329E-03  5.03817E-03
 -1.17323E-03 -6.14555E-03  5.69618E-03 -3.17319E-03  1.75804E-03  1.64710E-04
 -4.97886E-04 -4.58142E-03 -5.43878E-03  7.67024E-04  2.98745E-03  2.49533E-03
 -4.31884E-03 -2.88227E-03 -3.70736E-03 -8.73641E-04 -3.14941E-03 -5.92162E-03
 -3.85516E-03 -2.16727E-03  1.29845E-03 -2.04945E-03 -4.84484E-03 -2.74294E-03
  2.90241E-03  2.99414E-04 -4.09224E-04 -1.18638E-03  6.38759E-04  9.18354E-04
 -1.19606E-03  3.39981E-03
