AutoSaveFileName0401.ASC
 IFORMY    0    .00
 (6E13.7)
 IFORMT    0    .00
 (6E13.7)
 IFORMW    0    .00
 (6E13.7)
 NINTT     0   -1.00
 DOUSNQ    0    1.00
 IQUAD          1.00
 PRWT      0    1.00
 PRY       0    1.00
 IPLRES    1    3.00
 IPLRES    2    3.00
 IPRINT    1    0.00
 IPRINT    2    2.00
 IPLFIT    1    0.00
 IPLFIT    2    0.00
 LINEPG    0   50.
 NONNEG    1    1.00
 IWT       0    5.00
 NQPROG    1    5.00
 NQPROG    2    5.00
 GMNMX     1    7.382E-06
 GMNMX     2    7.382E-03
 RUSER    10    -1.00
 NG        0    200.00
 NLINF     0    0.00
 IUSER    10    4.00
 RUSER    21    1.0
 RUSER    22   -1.0
 RUSER    23    0.0
 RUSER    18         292.33960
 RUSER    17         147.99900
 RUSER    19         1.02188
 RUSER    15         1.33200
 RUSER    16         632.80000
 RUSER    25         1
 RUSER    26         0
 END       0    0.00
 NY      131
  3.75000E-07  5.00000E-07  6.25000E-07  7.50000E-07  8.75000E-07  1.00000E-06
  1.12500E-06  1.25000E-06  1.37500E-06  1.50000E-06  1.62500E-06  1.75000E-06
  1.87500E-06  2.00000E-06  2.25000E-06  2.50000E-06  2.75000E-06  3.00000E-06
  3.25000E-06  3.50000E-06  3.75000E-06  4.00000E-06  4.50000E-06  5.00000E-06
  5.50000E-06  6.00000E-06  6.50000E-06  7.00000E-06  7.50000E-06  8.00000E-06
  9.00000E-06  1.00000E-05  1.10000E-05  1.20000E-05  1.30000E-05  1.40000E-05
  1.50000E-05  1.60000E-05  1.80000E-05  2.00000E-05  2.20000E-05  2.40000E-05
  2.60000E-05  2.80000E-05  3.00000E-05  3.20000E-05  3.60000E-05  4.00000E-05
  4.40000E-05  4.80000E-05  5.20000E-05  5.60000E-05  6.00000E-05  6.40000E-05
  7.20000E-05  8.00000E-05  8.80000E-05  9.60000E-05  1.04000E-04  1.12000E-04
  1.20000E-04  1.28000E-04  1.44000E-04  1.60000E-04  1.76000E-04  1.92000E-04
  2.08000E-04  2.24000E-04  2.40000E-04  2.56000E-04  2.88000E-04  3.20000E-04
  3.52000E-04  3.84000E-04  4.16000E-04  4.48000E-04  4.80000E-04  5.12000E-04
  5.76000E-04  6.40000E-04  7.04000E-04  7.68000E-04  8.32000E-04  8.96000E-04
  9.60000E-04  1.02400E-03  1.15200E-03  1.28000E-03  1.40800E-03  1.53600E-03
  1.66400E-03  1.79200E-03  1.92000E-03  2.01600E-03  2.27200E-03  2.52800E-03
  2.78400E-03  3.04000E-03  3.29600E-03  3.55200E-03  3.80800E-03  4.06400E-03
  4.57600E-03  5.08800E-03  5.60000E-03  6.11200E-03  6.62400E-03  7.13600E-03
  7.64800E-03  8.16000E-03  9.18400E-03  1.02080E-02  1.12320E-02  1.22560E-02
  1.32800E-02  1.43040E-02  1.53280E-02  1.63520E-02  1.84000E-02  2.04480E-02
  2.24960E-02  2.45440E-02  2.65920E-02  2.86400E-02  3.06880E-02  3.27360E-02
  3.68320E-02  4.09280E-02  4.50240E-02  4.91200E-02  5.32160E-02
  2.15718E+00  2.15019E+00  2.14928E+00  2.14966E+00  2.14180E+00  2.14303E+00
  2.13254E+00  2.13760E+00  2.14170E+00  2.14102E+00  2.13744E+00  2.13931E+00
  2.14258E+00  2.14454E+00  2.13747E+00  2.13224E+00  2.13405E+00  2.13359E+00
  2.13449E+00  2.13476E+00  2.13845E+00  2.13621E+00  2.13578E+00  2.13061E+00
  2.13240E+00  2.13137E+00  2.12842E+00  2.12974E+00  2.12660E+00  2.12702E+00
  2.12582E+00  2.12609E+00  2.12418E+00  2.12311E+00  2.11969E+00  2.11937E+00
  2.11761E+00  2.11717E+00  2.11351E+00  2.11211E+00  2.10785E+00  2.10960E+00
  2.10374E+00  2.10341E+00  2.09962E+00  2.09689E+00  2.09326E+00  2.08748E+00
  2.08157E+00  2.07623E+00  2.07087E+00  2.06598E+00  2.06238E+00  2.05663E+00
  2.04568E+00  2.03658E+00  2.02729E+00  2.01735E+00  2.00667E+00  1.99799E+00
  1.98734E+00  1.97779E+00  1.95953E+00  1.94003E+00  1.92142E+00  1.90294E+00
  1.88486E+00  1.86717E+00  1.84856E+00  1.83197E+00  1.79754E+00  1.76423E+00
  1.73134E+00  1.70035E+00  1.66915E+00  1.63867E+00  1.60880E+00  1.58095E+00
  1.52525E+00  1.47267E+00  1.42171E+00  1.37399E+00  1.32812E+00  1.28534E+00
  1.24396E+00  1.20435E+00  1.12957E+00  1.06151E+00  9.98342E-01  9.40173E-01
  8.88128E-01  8.39272E-01  7.94648E-01  7.65221E-01  6.92340E-01  6.30603E-01
  5.79848E-01  5.36959E-01  4.99453E-01  4.66217E-01  4.35069E-01  4.09165E-01
  3.64733E-01  3.29933E-01  3.00267E-01  2.76907E-01  2.57116E-01  2.41414E-01
  2.28186E-01  2.18666E-01  1.99347E-01  1.80904E-01  1.59735E-01  1.38826E-01
  1.21975E-01  1.11589E-01  1.06010E-01  9.95109E-02  8.89364E-02  7.65684E-02
  6.21615E-02  4.21218E-02  4.77791E-02  4.63400E-02  3.93889E-02  2.52270E-02
 -1.22024E-02 -1.29099E-02  9.05584E-03  3.13680E-03  2.53142E-03
