AutoSaveFileName0027.ASC
 IFORMY    0    .00
 (6E13.7)
 IFORMT    0    .00
 (6E13.7)
 IFORMW    0    .00
 (6E13.7)
 NINTT     0   -1.00
 DOUSNQ    0    1.00
 IQUAD          1.00
 PRWT      0    1.00
 PRY       0    1.00
 IPLRES    1    3.00
 IPLRES    2    3.00
 IPRINT    1    0.00
 IPRINT    2    2.00
 IPLFIT    1    0.00
 IPLFIT    2    0.00
 LINEPG    0   50.
 NONNEG    1    1.00
 IWT       0    5.00
 NQPROG    1    5.00
 NQPROG    2    5.00
 GMNMX     1    1.601E-04
 GMNMX     2    1.601E-01
 RUSER    10    -1.00
 NG        0    200.00
 NLINF     0    0.00
 IUSER    10    4.00
 RUSER    21    1.0
 RUSER    22   -1.0
 RUSER    23    0.0
 RUSER    18         291.81794
 RUSER    17         23.99900
 RUSER    19         1.03516
 RUSER    15         1.33200
 RUSER    16         632.80000
 RUSER    25         1
 RUSER    26         0
 END       0    0.00
 NY      131
  3.75000E-07  5.00000E-07  6.25000E-07  7.50000E-07  8.75000E-07  1.00000E-06
  1.12500E-06  1.25000E-06  1.37500E-06  1.50000E-06  1.62500E-06  1.75000E-06
  1.87500E-06  2.00000E-06  2.25000E-06  2.50000E-06  2.75000E-06  3.00000E-06
  3.25000E-06  3.50000E-06  3.75000E-06  4.00000E-06  4.50000E-06  5.00000E-06
  5.50000E-06  6.00000E-06  6.50000E-06  7.00000E-06  7.50000E-06  8.00000E-06
  9.00000E-06  1.00000E-05  1.10000E-05  1.20000E-05  1.30000E-05  1.40000E-05
  1.50000E-05  1.60000E-05  1.80000E-05  2.00000E-05  2.20000E-05  2.40000E-05
  2.60000E-05  2.80000E-05  3.00000E-05  3.20000E-05  3.60000E-05  4.00000E-05
  4.40000E-05  4.80000E-05  5.20000E-05  5.60000E-05  6.00000E-05  6.40000E-05
  7.20000E-05  8.00000E-05  8.80000E-05  9.60000E-05  1.04000E-04  1.12000E-04
  1.20000E-04  1.28000E-04  1.44000E-04  1.60000E-04  1.76000E-04  1.92000E-04
  2.08000E-04  2.24000E-04  2.40000E-04  2.56000E-04  2.88000E-04  3.20000E-04
  3.52000E-04  3.84000E-04  4.16000E-04  4.48000E-04  4.80000E-04  5.12000E-04
  5.76000E-04  6.40000E-04  7.04000E-04  7.68000E-04  8.32000E-04  8.96000E-04
  9.60000E-04  1.02400E-03  1.15200E-03  1.28000E-03  1.40800E-03  1.53600E-03
  1.66400E-03  1.79200E-03  1.92000E-03  2.01600E-03  2.27200E-03  2.52800E-03
  2.78400E-03  3.04000E-03  3.29600E-03  3.55200E-03  3.80800E-03  4.06400E-03
  4.57600E-03  5.08800E-03  5.60000E-03  6.11200E-03  6.62400E-03  7.13600E-03
  7.64800E-03  8.16000E-03  9.18400E-03  1.02080E-02  1.12320E-02  1.22560E-02
  1.32800E-02  1.43040E-02  1.53280E-02  1.63520E-02  1.84000E-02  2.04480E-02
  2.24960E-02  2.45440E-02  2.65920E-02  2.86400E-02  3.06880E-02  3.27360E-02
  3.68320E-02  4.09280E-02  4.50240E-02  4.91200E-02  5.32160E-02
  7.45236E-01  7.46487E-01  7.44078E-01  7.42908E-01  7.42575E-01  7.43129E-01
  7.43387E-01  7.42739E-01  7.43567E-01  7.42514E-01  7.42307E-01  7.42150E-01
  7.42321E-01  7.42774E-01  7.41585E-01  7.42192E-01  7.42475E-01  7.42106E-01
  7.43190E-01  7.41745E-01  7.42718E-01  7.43062E-01  7.42011E-01  7.41274E-01
  7.41930E-01  7.41180E-01  7.42117E-01  7.42582E-01  7.42276E-01  7.42261E-01
  7.41525E-01  7.42575E-01  7.42739E-01  7.41314E-01  7.41698E-01  7.42099E-01
  7.41821E-01  7.41849E-01  7.41578E-01  7.42107E-01  7.41500E-01  7.42032E-01
  7.41515E-01  7.41775E-01  7.41784E-01  7.41345E-01  7.41477E-01  7.41208E-01
  7.40997E-01  7.40889E-01  7.40762E-01  7.40443E-01  7.40655E-01  7.40490E-01
  7.39871E-01  7.39682E-01  7.39631E-01  7.39289E-01  7.38884E-01  7.38566E-01
  7.38674E-01  7.38390E-01  7.37645E-01  7.37107E-01  7.36592E-01  7.36053E-01
  7.35462E-01  7.35015E-01  7.34397E-01  7.34129E-01  7.32772E-01  7.31813E-01
  7.30715E-01  7.29815E-01  7.28565E-01  7.27545E-01  7.26557E-01  7.25314E-01
  7.23211E-01  7.21101E-01  7.18974E-01  7.16848E-01  7.14784E-01  7.12740E-01
  7.10508E-01  7.08235E-01  7.04035E-01  6.99856E-01  6.95585E-01  6.91431E-01
  6.87307E-01  6.83127E-01  6.78978E-01  6.77354E-01  6.69204E-01  6.61353E-01
  6.53515E-01  6.45887E-01  6.38214E-01  6.30768E-01  6.23368E-01  6.15802E-01
  6.01312E-01  5.86773E-01  5.72639E-01  5.58519E-01  5.44683E-01  5.31343E-01
  5.18444E-01  5.05785E-01  4.81794E-01  4.59691E-01  4.38204E-01  4.17736E-01
  3.98709E-01  3.80754E-01  3.63590E-01  3.46879E-01  3.17222E-01  2.88864E-01
  2.61765E-01  2.36470E-01  2.13050E-01  1.91423E-01  1.72956E-01  1.57344E-01
  1.31556E-01  1.11812E-01  8.95853E-02  6.91527E-02  5.16455E-02
