AutoSaveFileName0405.ASC
 IFORMY    0    .00
 (6E13.7)
 IFORMT    0    .00
 (6E13.7)
 IFORMW    0    .00
 (6E13.7)
 NINTT     0   -1.00
 DOUSNQ    0    1.00
 IQUAD          1.00
 PRWT      0    1.00
 PRY       0    1.00
 IPLRES    1    3.00
 IPLRES    2    3.00
 IPRINT    1    0.00
 IPRINT    2    2.00
 IPLFIT    1    0.00
 IPLFIT    2    0.00
 LINEPG    0   50.
 NONNEG    1    1.00
 IWT       0    5.00
 NQPROG    1    5.00
 NQPROG    2    5.00
 GMNMX     1    7.310E-06
 GMNMX     2    7.310E-03
 RUSER    10    -1.00
 NG        0    200.00
 NLINF     0    0.00
 IUSER    10    4.00
 RUSER    21    1.0
 RUSER    22   -1.0
 RUSER    23    0.0
 RUSER    18         292.34372
 RUSER    17         149.99900
 RUSER    19         1.02178
 RUSER    15         1.33200
 RUSER    16         632.80000
 RUSER    25         1
 RUSER    26         0
 END       0    0.00
 NY      131
  3.75000E-07  5.00000E-07  6.25000E-07  7.50000E-07  8.75000E-07  1.00000E-06
  1.12500E-06  1.25000E-06  1.37500E-06  1.50000E-06  1.62500E-06  1.75000E-06
  1.87500E-06  2.00000E-06  2.25000E-06  2.50000E-06  2.75000E-06  3.00000E-06
  3.25000E-06  3.50000E-06  3.75000E-06  4.00000E-06  4.50000E-06  5.00000E-06
  5.50000E-06  6.00000E-06  6.50000E-06  7.00000E-06  7.50000E-06  8.00000E-06
  9.00000E-06  1.00000E-05  1.10000E-05  1.20000E-05  1.30000E-05  1.40000E-05
  1.50000E-05  1.60000E-05  1.80000E-05  2.00000E-05  2.20000E-05  2.40000E-05
  2.60000E-05  2.80000E-05  3.00000E-05  3.20000E-05  3.60000E-05  4.00000E-05
  4.40000E-05  4.80000E-05  5.20000E-05  5.60000E-05  6.00000E-05  6.40000E-05
  7.20000E-05  8.00000E-05  8.80000E-05  9.60000E-05  1.04000E-04  1.12000E-04
  1.20000E-04  1.28000E-04  1.44000E-04  1.60000E-04  1.76000E-04  1.92000E-04
  2.08000E-04  2.24000E-04  2.40000E-04  2.56000E-04  2.88000E-04  3.20000E-04
  3.52000E-04  3.84000E-04  4.16000E-04  4.48000E-04  4.80000E-04  5.12000E-04
  5.76000E-04  6.40000E-04  7.04000E-04  7.68000E-04  8.32000E-04  8.96000E-04
  9.60000E-04  1.02400E-03  1.15200E-03  1.28000E-03  1.40800E-03  1.53600E-03
  1.66400E-03  1.79200E-03  1.92000E-03  2.01600E-03  2.27200E-03  2.52800E-03
  2.78400E-03  3.04000E-03  3.29600E-03  3.55200E-03  3.80800E-03  4.06400E-03
  4.57600E-03  5.08800E-03  5.60000E-03  6.11200E-03  6.62400E-03  7.13600E-03
  7.64800E-03  8.16000E-03  9.18400E-03  1.02080E-02  1.12320E-02  1.22560E-02
  1.32800E-02  1.43040E-02  1.53280E-02  1.63520E-02  1.84000E-02  2.04480E-02
  2.24960E-02  2.45440E-02  2.65920E-02  2.86400E-02  3.06880E-02  3.27360E-02
  3.68320E-02  4.09280E-02  4.50240E-02  4.91200E-02  5.32160E-02
  7.79988E-01  7.78810E-01  7.73585E-01  7.68441E-01  7.74271E-01  7.76934E-01
  7.65771E-01  7.74894E-01  7.68857E-01  7.75492E-01  7.73641E-01  7.76802E-01
  7.67629E-01  7.69464E-01  7.70352E-01  7.75688E-01  7.73251E-01  7.70125E-01
  7.73972E-01  7.70610E-01  7.73516E-01  7.70766E-01  7.68596E-01  7.71046E-01
  7.70058E-01  7.70299E-01  7.66329E-01  7.70848E-01  7.68918E-01  7.68440E-01
  7.68907E-01  7.66862E-01  7.67345E-01  7.67342E-01  7.66075E-01  7.66969E-01
  7.67362E-01  7.64891E-01  7.65837E-01  7.63890E-01  7.63579E-01  7.63277E-01
  7.63245E-01  7.61600E-01  7.60161E-01  7.59262E-01  7.57052E-01  7.55205E-01
  7.54467E-01  7.52216E-01  7.50591E-01  7.48426E-01  7.48176E-01  7.46243E-01
  7.43186E-01  7.39802E-01  7.37217E-01  7.33476E-01  7.29354E-01  7.26735E-01
  7.24310E-01  7.20721E-01  7.15006E-01  7.08989E-01  7.03017E-01  6.97020E-01
  6.91011E-01  6.85387E-01  6.79835E-01  6.74378E-01  6.62879E-01  6.52169E-01
  6.41059E-01  6.31222E-01  6.20311E-01  6.10279E-01  6.00728E-01  5.91356E-01
  5.73040E-01  5.55657E-01  5.39271E-01  5.23629E-01  5.08423E-01  4.94037E-01
  4.80613E-01  4.67541E-01  4.43398E-01  4.21423E-01  4.01414E-01  3.82904E-01
  3.65454E-01  3.49333E-01  3.33886E-01  3.23116E-01  2.97703E-01  2.75772E-01
  2.57378E-01  2.41211E-01  2.26659E-01  2.13253E-01  2.01177E-01  1.90507E-01
  1.71427E-01  1.55287E-01  1.42785E-01  1.33252E-01  1.24943E-01  1.17929E-01
  1.10023E-01  1.02843E-01  9.02869E-02  8.34652E-02  7.57972E-02  6.83961E-02
  6.47248E-02  6.27401E-02  6.08797E-02  5.67127E-02  4.76115E-02  4.02864E-02
  4.14179E-02  4.53203E-02  4.47556E-02  3.67546E-02  3.29475E-02  3.02291E-02
  3.48133E-02  2.42955E-02  1.59519E-02  1.65181E-02  1.36758E-02
