AutoSaveFileName0277.ASC
 IFORMY    0    .00
 (6E13.7)
 IFORMT    0    .00
 (6E13.7)
 IFORMW    0    .00
 (6E13.7)
 NINTT     0   -1.00
 DOUSNQ    0    1.00
 IQUAD     0    1.00
 PRWT      0    1.00
 PRY       0    1.00
 IPLRES    1    3.00
 IPLRES    2    3.00
 IPRINT    1    0.00
 IPRINT    2    2.00
 IPLFIT    1    0.00
 IPLFIT    2    0.00
 LINEPG    0   50.
 NONNEG    1    1.00
 IWT       0    5.00
 NQPROG    1    5.00
 NQPROG    2    5.00
 GMNMX     1    2.86589E-03
 GMNMX     2    1.02878E-03
 RUSER    10    -1.00
 NG        0    500.00
 NLINF     0    1.00
 IUSER    10    4.00
 RUSER    21    1.0
 RUSER    22   -1.0
 RUSER    23    0.0
 RUSER    18         292.15541
 RUSER    17         149.99900
 RUSER    19         1.02654
 RUSER    15         1.33200
 RUSER    16         632.80000
 RUSER    25         1
 RUSER    26         0
 END       0    0.00
 NY      162
  7.50000E-07  8.75000E-07  1.00000E-06  1.12500E-06  1.25000E-06  1.37500E-06
  1.50000E-06  1.62500E-06  1.75000E-06  1.87500E-06  2.00000E-06  2.25000E-06
  2.50000E-06  2.75000E-06  3.00000E-06  3.25000E-06  3.50000E-06  3.75000E-06
  4.00000E-06  4.50000E-06  5.00000E-06  5.50000E-06  6.00000E-06  6.50000E-06
  7.00000E-06  7.50000E-06  8.00000E-06  9.00000E-06  1.00000E-05  1.10000E-05
  1.20000E-05  1.30000E-05  1.40000E-05  1.50000E-05  1.60000E-05  1.80000E-05
  2.00000E-05  2.20000E-05  2.40000E-05  2.60000E-05  2.80000E-05  3.00000E-05
  3.20000E-05  3.60000E-05  4.00000E-05  4.40000E-05  4.80000E-05  5.20000E-05
  5.60000E-05  6.00000E-05  6.40000E-05  7.20000E-05  8.00000E-05  8.80000E-05
  9.60000E-05  1.04000E-04  1.12000E-04  1.20000E-04  1.28000E-04  1.44000E-04
  1.60000E-04  1.76000E-04  1.92000E-04  2.08000E-04  2.24000E-04  2.40000E-04
  2.56000E-04  2.88000E-04  3.20000E-04  3.52000E-04  3.84000E-04  4.16000E-04
  4.48000E-04  4.80000E-04  5.12000E-04  5.76000E-04  6.40000E-04  7.04000E-04
  7.68000E-04  8.32000E-04  8.96000E-04  9.60000E-04  1.02400E-03  1.15200E-03
  1.28000E-03  1.40800E-03  1.53600E-03  1.66400E-03  1.79200E-03  1.92000E-03
  2.01600E-03  2.27200E-03  2.52800E-03  2.78400E-03  3.04000E-03  3.29600E-03
  3.55200E-03  3.80800E-03  4.06400E-03  4.57600E-03  5.08800E-03  5.60000E-03
  6.11200E-03  6.62400E-03  7.13600E-03  7.64800E-03  8.16000E-03  9.18400E-03
  1.02080E-02  1.12320E-02  1.22560E-02  1.32800E-02  1.43040E-02  1.53280E-02
  1.63520E-02  1.84000E-02  2.04480E-02  2.24960E-02  2.45440E-02  2.65920E-02
  2.86400E-02  3.06880E-02  3.27360E-02  3.68320E-02  4.09280E-02  4.50240E-02
  4.91200E-02  5.32160E-02  5.73120E-02  6.14080E-02  6.55040E-02  7.36960E-02
  8.18880E-02  9.00800E-02  9.82720E-02  1.06464E-01  1.14656E-01  1.22848E-01
  1.31040E-01  1.47424E-01  1.63808E-01  1.80192E-01  1.96576E-01  2.12960E-01
  2.29344E-01  2.45728E-01  2.62112E-01  2.94880E-01  3.27648E-01  3.60416E-01
  3.93184E-01  4.25952E-01  4.58720E-01  4.91488E-01  5.24256E-01  5.89792E-01
  6.55328E-01  7.20864E-01  7.86400E-01  8.51936E-01  9.17472E-01  9.83008E-01
  1.00000E+00  9.99692E-01  9.96471E-01  9.96543E-01  9.94110E-01  9.93224E-01
  9.93195E-01  9.93474E-01  9.90580E-01  9.91515E-01  9.89026E-01  9.86433E-01
  9.85125E-01  9.83634E-01  9.82751E-01  9.81272E-01  9.79560E-01  9.78536E-01
  9.77391E-01  9.73646E-01  9.71027E-01  9.67565E-01  9.64704E-01  9.60557E-01
  9.58076E-01  9.54860E-01  9.51786E-01  9.46149E-01  9.39928E-01  9.34809E-01
  9.28385E-01  9.22509E-01  9.16747E-01  9.11413E-01  9.05110E-01  8.93749E-01
  8.82532E-01  8.71786E-01  8.60434E-01  8.49585E-01  8.39190E-01  8.28094E-01
  8.17815E-01  7.97339E-01  7.77063E-01  7.57900E-01  7.38920E-01  7.20457E-01
  7.02020E-01  6.84866E-01  6.67619E-01  6.34646E-01  6.03179E-01  5.73547E-01
  5.45145E-01  5.18303E-01  4.92720E-01  4.68427E-01  4.45794E-01  4.02902E-01
  3.64385E-01  3.29605E-01  2.97897E-01  2.69901E-01  2.44357E-01  2.21281E-01
  2.01169E-01  1.65586E-01  1.36040E-01  1.12125E-01  9.26139E-02  7.65103E-02
  6.33828E-02  5.25229E-02  4.38362E-02  3.04355E-02  2.12011E-02  1.46319E-02
  1.06163E-02  7.54313E-03  5.25714E-03  3.46674E-03  2.01091E-03  8.64892E-04
  2.76019E-04 -2.33980E-05  5.32049E-04  7.47952E-04  4.24895E-04 -1.93102E-04
 -2.35989E-04 -2.71063E-04  3.89274E-04  6.65713E-04  1.71658E-03  1.01792E-03
 -2.57835E-04 -5.00880E-04 -7.88245E-04  6.15847E-04  8.90760E-04 -1.44665E-03
 -6.58659E-04 -5.84149E-04 -1.30494E-03 -1.25231E-03 -6.78396E-04 -2.42895E-04
 -4.30541E-04 -2.77090E-04  9.40056E-06 -6.80163E-04 -1.32373E-03 -6.70156E-04
  2.92195E-05  3.11763E-04  4.57928E-06  2.78618E-04 -5.46313E-04  3.28806E-05
 -1.58411E-03  9.34954E-04 -1.46639E-04 -5.14452E-04  1.62668E-04  6.45587E-04
 -4.36874E-04  2.12700E-04 -1.77281E-04  1.04275E-04 -6.34156E-05 -1.48376E-04
 -4.01140E-04  5.60701E-04 -1.96313E-05 -4.08810E-04 -1.70113E-04 -2.29404E-04
  4.53820E-04  3.94528E-05 -7.31699E-05 -5.80675E-05 -1.55335E-04  5.65292E-05
 -7.56260E-05 -1.93234E-04 -4.01065E-05 -7.19482E-05 -6.33545E-05  6.70969E-05
  1.05392E-04 -2.96542E-04 -2.92515E-04  2.56840E-04  6.93215E-05  8.61470E-05
  4.04046E-05  6.19494E-05 -7.85272E-05  3.04306E-05 -1.05819E-05 -8.26079E-05
