AutoSaveFileName0017.ASC
 IFORMY    0    .00
 (6E13.7)
 IFORMT    0    .00
 (6E13.7)
 IFORMW    0    .00
 (6E13.7)
 NINTT     0   -1.00
 DOUSNQ    0    1.00
 IQUAD          1.00
 PRWT      0    1.00
 PRY       0    1.00
 IPLRES    1    3.00
 IPLRES    2    3.00
 IPRINT    1    0.00
 IPRINT    2    2.00
 IPLFIT    1    0.00
 IPLFIT    2    0.00
 LINEPG    0   50.
 NONNEG    1    1.00
 IWT       0    5.00
 NQPROG    1    5.00
 NQPROG    2    5.00
 GMNMX     1    2.274E-04
 GMNMX     2    2.274E-01
 RUSER    10    -1.00
 NG        0    200.00
 NLINF     0    0.00
 IUSER    10    4.00
 RUSER    21    1.0
 RUSER    22   -1.0
 RUSER    23    0.0
 RUSER    18         292.15740
 RUSER    17         19.99800
 RUSER    19         1.02649
 RUSER    15         1.33200
 RUSER    16         632.80000
 RUSER    25         1
 RUSER    26         0
 END       0    0.00
 NY      188
  5.00000E-07  6.25000E-07  7.50000E-07  8.75000E-07  1.00000E-06  1.12500E-06
  1.25000E-06  1.37500E-06  1.50000E-06  1.62500E-06  1.75000E-06  1.87500E-06
  2.00000E-06  2.25000E-06  2.50000E-06  2.75000E-06  3.00000E-06  3.25000E-06
  3.50000E-06  3.75000E-06  4.00000E-06  4.50000E-06  5.00000E-06  5.50000E-06
  6.00000E-06  6.50000E-06  7.00000E-06  7.50000E-06  8.00000E-06  9.00000E-06
  1.00000E-05  1.10000E-05  1.20000E-05  1.30000E-05  1.40000E-05  1.50000E-05
  1.60000E-05  1.80000E-05  2.00000E-05  2.20000E-05  2.40000E-05  2.60000E-05
  2.80000E-05  3.00000E-05  3.20000E-05  3.60000E-05  4.00000E-05  4.40000E-05
  4.80000E-05  5.20000E-05  5.60000E-05  6.00000E-05  6.40000E-05  7.20000E-05
  8.00000E-05  8.80000E-05  9.60000E-05  1.04000E-04  1.12000E-04  1.20000E-04
  1.28000E-04  1.44000E-04  1.60000E-04  1.76000E-04  1.92000E-04  2.08000E-04
  2.24000E-04  2.40000E-04  2.56000E-04  2.88000E-04  3.20000E-04  3.52000E-04
  3.84000E-04  4.16000E-04  4.48000E-04  4.80000E-04  5.12000E-04  5.76000E-04
  6.40000E-04  7.04000E-04  7.68000E-04  8.32000E-04  8.96000E-04  9.60000E-04
  1.02400E-03  1.15200E-03  1.28000E-03  1.40800E-03  1.53600E-03  1.66400E-03
  1.79200E-03  1.92000E-03  2.01600E-03  2.27200E-03  2.52800E-03  2.78400E-03
  3.04000E-03  3.29600E-03  3.55200E-03  3.80800E-03  4.06400E-03  4.57600E-03
  5.08800E-03  5.60000E-03  6.11200E-03  6.62400E-03  7.13600E-03  7.64800E-03
  8.16000E-03  9.18400E-03  1.02080E-02  1.12320E-02  1.22560E-02  1.32800E-02
  1.43040E-02  1.53280E-02  1.63520E-02  1.84000E-02  2.04480E-02  2.24960E-02
  2.45440E-02  2.65920E-02  2.86400E-02  3.06880E-02  3.27360E-02  3.68320E-02
  4.09280E-02  4.50240E-02  4.91200E-02  5.32160E-02  5.73120E-02  6.14080E-02
  6.55040E-02  7.36960E-02  8.18880E-02  9.00800E-02  9.82720E-02  1.06464E-01
  1.14656E-01  1.22848E-01  1.31040E-01  1.47424E-01  1.63808E-01  1.80192E-01
  1.96576E-01  2.12960E-01  2.29344E-01  2.45728E-01  2.62112E-01  2.94880E-01
  3.27648E-01  3.60416E-01  3.93184E-01  4.25952E-01  4.58720E-01  4.91488E-01
  5.24256E-01  5.89792E-01  6.55328E-01  7.20864E-01  7.86400E-01  8.51936E-01
  9.17472E-01  9.83008E-01  1.04854E+00  1.17962E+00  1.31069E+00  1.44176E+00
  1.57283E+00  1.70390E+00  1.83498E+00  1.96605E+00  2.09712E+00  2.35926E+00
  2.62141E+00  2.88355E+00  3.14570E+00  3.40784E+00  3.66998E+00  3.93213E+00
  4.19427E+00  4.71856E+00  5.24285E+00  5.76714E+00  6.29142E+00  6.81571E+00
  7.34000E+00  7.86429E+00
  9.99423E-01  9.98888E-01  9.98776E-01  9.98496E-01  9.98377E-01  9.98061E-01
  9.98325E-01  9.98163E-01  9.98001E-01  9.97937E-01  9.98032E-01  9.97840E-01
  9.97918E-01  9.97799E-01  9.97866E-01  9.97892E-01  9.97604E-01  9.97716E-01
  9.97431E-01  9.97509E-01  9.97555E-01  9.97457E-01  9.97248E-01  9.97025E-01
  9.96984E-01  9.96979E-01  9.96865E-01  9.96483E-01  9.96568E-01  9.96252E-01
  9.96057E-01  9.95860E-01  9.95584E-01  9.95356E-01  9.95142E-01  9.94929E-01
  9.94674E-01  9.94313E-01  9.94113E-01  9.93947E-01  9.93721E-01  9.93536E-01
  9.93296E-01  9.93027E-01  9.92892E-01  9.92452E-01  9.92212E-01  9.91834E-01
  9.91480E-01  9.91102E-01  9.90841E-01  9.90522E-01  9.90235E-01  9.89622E-01
  9.88997E-01  9.88431E-01  9.87858E-01  9.87340E-01  9.86765E-01  9.86247E-01
  9.85781E-01  9.84783E-01  9.83830E-01  9.82899E-01  9.81977E-01  9.81104E-01
  9.80275E-01  9.79403E-01  9.78716E-01  9.77143E-01  9.75600E-01  9.74108E-01
  9.72642E-01  9.71199E-01  9.69797E-01  9.68601E-01  9.69414E-01  9.68758E-01
  9.67406E-01  9.65762E-01  9.63996E-01  9.62223E-01  9.60464E-01  9.58708E-01
  9.58000E-01  9.55500E-01  9.52465E-01  9.49223E-01  9.46616E-01  9.43898E-01
  9.40853E-01  9.37809E-01  9.37186E-01  9.32198E-01  9.27243E-01  9.22231E-01
  9.16967E-01  9.11905E-01  9.06841E-01  9.01824E-01  8.96674E-01  8.86735E-01
  8.77274E-01  8.67711E-01  8.58688E-01  8.49426E-01  8.40502E-01  8.31583E-01
  8.23073E-01  8.05938E-01  7.89232E-01  7.73033E-01  7.56916E-01  7.41114E-01
  7.25767E-01  7.10854E-01  6.96555E-01  6.68652E-01  6.42750E-01  6.17542E-01
  5.94051E-01  5.71060E-01  5.48904E-01  5.28143E-01  5.08149E-01  4.69581E-01
  4.35599E-01  4.04935E-01  3.76181E-01  3.49469E-01  3.25568E-01  3.04075E-01
  2.83537E-01  2.45663E-01  2.12610E-01  1.83939E-01  1.60353E-01  1.41529E-01
  1.27737E-01  1.13951E-01  9.66349E-02  7.05436E-02  4.99639E-02  3.37437E-02
  2.33949E-02  1.72625E-02  1.49634E-02  1.55261E-02  1.26934E-02  1.09113E-02
  8.90421E-03  5.85536E-03  5.90191E-03  1.36204E-02  1.97420E-02  2.48560E-02
  2.54161E-02  1.86934E-02  1.20861E-02  3.75147E-04 -7.23193E-03 -1.18416E-02
 -1.04165E-02 -9.74388E-04  5.86120E-03 -2.15653E-02 -4.37205E-02 -4.09849E-02
 -3.99640E-02 -1.07830E-02 -9.46754E-03 -1.63361E-02 -7.83010E-03 -2.41803E-02
 -8.16716E-03  1.60986E-02  1.23259E-03  1.54703E-02 -3.38074E-03  7.71137E-03
 -3.04558E-02 -2.87993E-02  1.74537E-02  4.23657E-02  3.47323E-02 -5.21843E-03
 -1.87853E-02 -3.81764E-02
