AutoSaveFileName0197.ASC
 IFORMY    0    .00
 (6E13.7)
 IFORMT    0    .00
 (6E13.7)
 IFORMW    0    .00
 (6E13.7)
 NINTT     0   -1.00
 DOUSNQ    0    1.00
 IQUAD          1.00
 PRWT      0    1.00
 PRY       0    1.00
 IPLRES    1    3.00
 IPLRES    2    3.00
 IPRINT    1    0.00
 IPRINT    2    2.00
 IPLFIT    1    0.00
 IPLFIT    2    0.00
 LINEPG    0   50.
 NONNEG    1    1.00
 IWT       0    5.00
 NQPROG    1    5.00
 NQPROG    2    5.00
 GMNMX     1    1.666E-05
 GMNMX     2    1.666E-02
 RUSER    10    -1.00
 NG        0    200.00
 NLINF     0    0.00
 IUSER    10    4.00
 RUSER    21    1.0
 RUSER    22   -1.0
 RUSER    23    0.0
 RUSER    18         292.02427
 RUSER    17         79.99900
 RUSER    19         1.02988
 RUSER    15         1.33200
 RUSER    16         632.80000
 RUSER    25         1
 RUSER    26         0
 END       0    0.00
 NY      131
  3.75000E-07  5.00000E-07  6.25000E-07  7.50000E-07  8.75000E-07  1.00000E-06
  1.12500E-06  1.25000E-06  1.37500E-06  1.50000E-06  1.62500E-06  1.75000E-06
  1.87500E-06  2.00000E-06  2.25000E-06  2.50000E-06  2.75000E-06  3.00000E-06
  3.25000E-06  3.50000E-06  3.75000E-06  4.00000E-06  4.50000E-06  5.00000E-06
  5.50000E-06  6.00000E-06  6.50000E-06  7.00000E-06  7.50000E-06  8.00000E-06
  9.00000E-06  1.00000E-05  1.10000E-05  1.20000E-05  1.30000E-05  1.40000E-05
  1.50000E-05  1.60000E-05  1.80000E-05  2.00000E-05  2.20000E-05  2.40000E-05
  2.60000E-05  2.80000E-05  3.00000E-05  3.20000E-05  3.60000E-05  4.00000E-05
  4.40000E-05  4.80000E-05  5.20000E-05  5.60000E-05  6.00000E-05  6.40000E-05
  7.20000E-05  8.00000E-05  8.80000E-05  9.60000E-05  1.04000E-04  1.12000E-04
  1.20000E-04  1.28000E-04  1.44000E-04  1.60000E-04  1.76000E-04  1.92000E-04
  2.08000E-04  2.24000E-04  2.40000E-04  2.56000E-04  2.88000E-04  3.20000E-04
  3.52000E-04  3.84000E-04  4.16000E-04  4.48000E-04  4.80000E-04  5.12000E-04
  5.76000E-04  6.40000E-04  7.04000E-04  7.68000E-04  8.32000E-04  8.96000E-04
  9.60000E-04  1.02400E-03  1.15200E-03  1.28000E-03  1.40800E-03  1.53600E-03
  1.66400E-03  1.79200E-03  1.92000E-03  2.01600E-03  2.27200E-03  2.52800E-03
  2.78400E-03  3.04000E-03  3.29600E-03  3.55200E-03  3.80800E-03  4.06400E-03
  4.57600E-03  5.08800E-03  5.60000E-03  6.11200E-03  6.62400E-03  7.13600E-03
  7.64800E-03  8.16000E-03  9.18400E-03  1.02080E-02  1.12320E-02  1.22560E-02
  1.32800E-02  1.43040E-02  1.53280E-02  1.63520E-02  1.84000E-02  2.04480E-02
  2.24960E-02  2.45440E-02  2.65920E-02  2.86400E-02  3.06880E-02  3.27360E-02
  3.68320E-02  4.09280E-02  4.50240E-02  4.91200E-02  5.32160E-02
  2.17175E+00  2.17633E+00  2.17549E+00  2.17035E+00  2.16920E+00  2.17120E+00
  2.16959E+00  2.16248E+00  2.17022E+00  2.16084E+00  2.16590E+00  2.16034E+00
  2.16774E+00  2.16991E+00  2.16930E+00  2.16742E+00  2.16133E+00  2.16365E+00
  2.16735E+00  2.16522E+00  2.16804E+00  2.16671E+00  2.16241E+00  2.16613E+00
  2.16295E+00  2.16159E+00  2.16200E+00  2.16174E+00  2.16118E+00  2.16016E+00
  2.16110E+00  2.15811E+00  2.15852E+00  2.15817E+00  2.15829E+00  2.15700E+00
  2.15735E+00  2.15570E+00  2.15359E+00  2.15225E+00  2.15018E+00  2.14763E+00
  2.14593E+00  2.14538E+00  2.14396E+00  2.14103E+00  2.13905E+00  2.13508E+00
  2.13227E+00  2.12894E+00  2.12394E+00  2.12111E+00  2.11753E+00  2.11434E+00
  2.10808E+00  2.10103E+00  2.09461E+00  2.08837E+00  2.08197E+00  2.07494E+00
  2.06899E+00  2.06280E+00  2.04955E+00  2.03700E+00  2.02375E+00  2.01130E+00
  1.99894E+00  1.98562E+00  1.97289E+00  1.96117E+00  1.93679E+00  1.91273E+00
  1.88870E+00  1.86482E+00  1.84201E+00  1.81894E+00  1.79651E+00  1.77463E+00
  1.73115E+00  1.68935E+00  1.64808E+00  1.60796E+00  1.56881E+00  1.53090E+00
  1.49386E+00  1.45827E+00  1.38846E+00  1.32222E+00  1.25887E+00  1.19795E+00
  1.14047E+00  1.08618E+00  1.03420E+00  9.97365E-01  9.03643E-01  8.19441E-01
  7.43537E-01  6.75470E-01  6.13587E-01  5.57166E-01  5.05949E-01  4.60393E-01
  3.80288E-01  3.16119E-01  2.63674E-01  2.20708E-01  1.87039E-01  1.59785E-01
  1.37313E-01  1.18528E-01  8.76718E-02  6.72856E-02  5.03462E-02  3.48508E-02
  2.40364E-02  1.94493E-02  1.52029E-02  1.16233E-02 -4.03173E-03  3.63073E-03
  5.91643E-03  2.47365E-03  2.84247E-03  9.14864E-03  6.71297E-03  5.16638E-03
  3.86842E-03  1.48858E-02 -3.98662E-03  1.28772E-02  1.27145E-02
