AutoSaveFileName0086.ASC
 IFORMY    0    .00
 (6E13.7)
 IFORMT    0    .00
 (6E13.7)
 IFORMW    0    .00
 (6E13.7)
 NINTT     0   -1.00
 DOUSNQ    0    1.00
 IQUAD          1.00
 PRWT      0    1.00
 PRY       0    1.00
 IPLRES    1    3.00
 IPLRES    2    3.00
 IPRINT    1    0.00
 IPRINT    2    2.00
 IPLFIT    1    0.00
 IPLFIT    2    0.00
 LINEPG    0   50.
 NONNEG    1    1.00
 IWT       0    5.00
 NQPROG    1    5.00
 NQPROG    2    5.00
 GMNMX     1    5.145E-05
 GMNMX     2    5.145E-02
 RUSER    10    -1.00
 NG        0    200.00
 NLINF     0    0.00
 IUSER    10    4.00
 RUSER    21    1.0
 RUSER    22   -1.0
 RUSER    23    0.0
 RUSER    18         291.87784
 RUSER    17         42.99900
 RUSER    19         1.03363
 RUSER    15         1.33200
 RUSER    16         632.80000
 RUSER    25         1
 RUSER    26         0
 END       0    0.00
 NY      131
  3.75000E-07  5.00000E-07  6.25000E-07  7.50000E-07  8.75000E-07  1.00000E-06
  1.12500E-06  1.25000E-06  1.37500E-06  1.50000E-06  1.62500E-06  1.75000E-06
  1.87500E-06  2.00000E-06  2.25000E-06  2.50000E-06  2.75000E-06  3.00000E-06
  3.25000E-06  3.50000E-06  3.75000E-06  4.00000E-06  4.50000E-06  5.00000E-06
  5.50000E-06  6.00000E-06  6.50000E-06  7.00000E-06  7.50000E-06  8.00000E-06
  9.00000E-06  1.00000E-05  1.10000E-05  1.20000E-05  1.30000E-05  1.40000E-05
  1.50000E-05  1.60000E-05  1.80000E-05  2.00000E-05  2.20000E-05  2.40000E-05
  2.60000E-05  2.80000E-05  3.00000E-05  3.20000E-05  3.60000E-05  4.00000E-05
  4.40000E-05  4.80000E-05  5.20000E-05  5.60000E-05  6.00000E-05  6.40000E-05
  7.20000E-05  8.00000E-05  8.80000E-05  9.60000E-05  1.04000E-04  1.12000E-04
  1.20000E-04  1.28000E-04  1.44000E-04  1.60000E-04  1.76000E-04  1.92000E-04
  2.08000E-04  2.24000E-04  2.40000E-04  2.56000E-04  2.88000E-04  3.20000E-04
  3.52000E-04  3.84000E-04  4.16000E-04  4.48000E-04  4.80000E-04  5.12000E-04
  5.76000E-04  6.40000E-04  7.04000E-04  7.68000E-04  8.32000E-04  8.96000E-04
  9.60000E-04  1.02400E-03  1.15200E-03  1.28000E-03  1.40800E-03  1.53600E-03
  1.66400E-03  1.79200E-03  1.92000E-03  2.01600E-03  2.27200E-03  2.52800E-03
  2.78400E-03  3.04000E-03  3.29600E-03  3.55200E-03  3.80800E-03  4.06400E-03
  4.57600E-03  5.08800E-03  5.60000E-03  6.11200E-03  6.62400E-03  7.13600E-03
  7.64800E-03  8.16000E-03  9.18400E-03  1.02080E-02  1.12320E-02  1.22560E-02
  1.32800E-02  1.43040E-02  1.53280E-02  1.63520E-02  1.84000E-02  2.04480E-02
  2.24960E-02  2.45440E-02  2.65920E-02  2.86400E-02  3.06880E-02  3.27360E-02
  3.68320E-02  4.09280E-02  4.50240E-02  4.91200E-02  5.32160E-02
  2.56495E+00  2.55342E+00  2.55056E+00  2.55261E+00  2.54948E+00  2.54481E+00
  2.54193E+00  2.54401E+00  2.55490E+00  2.54238E+00  2.54537E+00  2.54172E+00
  2.54233E+00  2.54424E+00  2.54524E+00  2.53894E+00  2.54526E+00  2.54654E+00
  2.53229E+00  2.54090E+00  2.54277E+00  2.54376E+00  2.53972E+00  2.54180E+00
  2.54082E+00  2.53922E+00  2.53873E+00  2.54076E+00  2.54303E+00  2.53943E+00
  2.53979E+00  2.53608E+00  2.53547E+00  2.53833E+00  2.53748E+00  2.53764E+00
  2.53912E+00  2.53741E+00  2.53611E+00  2.53424E+00  2.53372E+00  2.53380E+00
  2.53717E+00  2.53213E+00  2.53094E+00  2.53038E+00  2.52896E+00  2.52792E+00
  2.52752E+00  2.52468E+00  2.52423E+00  2.52446E+00  2.51832E+00  2.51841E+00
  2.51699E+00  2.51416E+00  2.51042E+00  2.50852E+00  2.50584E+00  2.50176E+00
  2.50063E+00  2.49683E+00  2.49123E+00  2.48575E+00  2.48009E+00  2.47398E+00
  2.46892E+00  2.46328E+00  2.45850E+00  2.45132E+00  2.44036E+00  2.42919E+00
  2.41786E+00  2.40712E+00  2.39585E+00  2.38494E+00  2.37398E+00  2.36314E+00
  2.34118E+00  2.32034E+00  2.29907E+00  2.27858E+00  2.25849E+00  2.23864E+00
  2.21835E+00  2.19705E+00  2.15797E+00  2.11980E+00  2.08239E+00  2.04597E+00
  2.01025E+00  1.97560E+00  1.94156E+00  1.91775E+00  1.85191E+00  1.78864E+00
  1.72709E+00  1.66758E+00  1.61105E+00  1.55589E+00  1.50253E+00  1.45189E+00
  1.35527E+00  1.26584E+00  1.18094E+00  1.10181E+00  1.02949E+00  9.61089E-01
  8.97055E-01  8.39363E-01  7.34131E-01  6.43698E-01  5.63759E-01  4.93585E-01
  4.32145E-01  3.77340E-01  3.29436E-01  2.88552E-01  2.13253E-01  1.48610E-01
  9.75527E-02  5.62375E-02  2.82770E-02  9.43567E-03  1.32043E-03 -9.30746E-03
 -2.36745E-02 -2.31301E-02 -3.33396E-02 -4.58604E-02 -4.38952E-02
