AutoSaveFileName0216.ASC
 IFORMY    0    .00
 (6E13.7)
 IFORMT    0    .00
 (6E13.7)
 IFORMW    0    .00
 (6E13.7)
 NINTT     0   -1.00
 DOUSNQ    0    1.00
 IQUAD          1.00
 PRWT      0    1.00
 PRY       0    1.00
 IPLRES    1    3.00
 IPLRES    2    3.00
 IPRINT    1    0.00
 IPRINT    2    2.00
 IPLFIT    1    0.00
 IPLFIT    2    0.00
 LINEPG    0   50.
 NONNEG    1    1.00
 IWT       0    5.00
 NQPROG    1    5.00
 NQPROG    2    5.00
 GMNMX     1    9.120E-06
 GMNMX     2    9.120E-03
 RUSER    10    -1.00
 NG        0    200.00
 NLINF     0    0.00
 IUSER    10    4.00
 RUSER    21    1.0
 RUSER    22   -1.0
 RUSER    23    0.0
 RUSER    18         292.23790
 RUSER    17         119.99900
 RUSER    19         1.02445
 RUSER    15         1.33200
 RUSER    16         632.80000
 RUSER    25         1
 RUSER    26         0
 END       0    0.00
 NY      188
  5.00000E-07  6.25000E-07  7.50000E-07  8.75000E-07  1.00000E-06  1.12500E-06
  1.25000E-06  1.37500E-06  1.50000E-06  1.62500E-06  1.75000E-06  1.87500E-06
  2.00000E-06  2.25000E-06  2.50000E-06  2.75000E-06  3.00000E-06  3.25000E-06
  3.50000E-06  3.75000E-06  4.00000E-06  4.50000E-06  5.00000E-06  5.50000E-06
  6.00000E-06  6.50000E-06  7.00000E-06  7.50000E-06  8.00000E-06  9.00000E-06
  1.00000E-05  1.10000E-05  1.20000E-05  1.30000E-05  1.40000E-05  1.50000E-05
  1.60000E-05  1.80000E-05  2.00000E-05  2.20000E-05  2.40000E-05  2.60000E-05
  2.80000E-05  3.00000E-05  3.20000E-05  3.60000E-05  4.00000E-05  4.40000E-05
  4.80000E-05  5.20000E-05  5.60000E-05  6.00000E-05  6.40000E-05  7.20000E-05
  8.00000E-05  8.80000E-05  9.60000E-05  1.04000E-04  1.12000E-04  1.20000E-04
  1.28000E-04  1.44000E-04  1.60000E-04  1.76000E-04  1.92000E-04  2.08000E-04
  2.24000E-04  2.40000E-04  2.56000E-04  2.88000E-04  3.20000E-04  3.52000E-04
  3.84000E-04  4.16000E-04  4.48000E-04  4.80000E-04  5.12000E-04  5.76000E-04
  6.40000E-04  7.04000E-04  7.68000E-04  8.32000E-04  8.96000E-04  9.60000E-04
  1.02400E-03  1.15200E-03  1.28000E-03  1.40800E-03  1.53600E-03  1.66400E-03
  1.79200E-03  1.92000E-03  2.01600E-03  2.27200E-03  2.52800E-03  2.78400E-03
  3.04000E-03  3.29600E-03  3.55200E-03  3.80800E-03  4.06400E-03  4.57600E-03
  5.08800E-03  5.60000E-03  6.11200E-03  6.62400E-03  7.13600E-03  7.64800E-03
  8.16000E-03  9.18400E-03  1.02080E-02  1.12320E-02  1.22560E-02  1.32800E-02
  1.43040E-02  1.53280E-02  1.63520E-02  1.84000E-02  2.04480E-02  2.24960E-02
  2.45440E-02  2.65920E-02  2.86400E-02  3.06880E-02  3.27360E-02  3.68320E-02
  4.09280E-02  4.50240E-02  4.91200E-02  5.32160E-02  5.73120E-02  6.14080E-02
  6.55040E-02  7.36960E-02  8.18880E-02  9.00800E-02  9.82720E-02  1.06464E-01
  1.14656E-01  1.22848E-01  1.31040E-01  1.47424E-01  1.63808E-01  1.80192E-01
  1.96576E-01  2.12960E-01  2.29344E-01  2.45728E-01  2.62112E-01  2.94880E-01
  3.27648E-01  3.60416E-01  3.93184E-01  4.25952E-01  4.58720E-01  4.91488E-01
  5.24256E-01  5.89792E-01  6.55328E-01  7.20864E-01  7.86400E-01  8.51936E-01
  9.17472E-01  9.83008E-01  1.04854E+00  1.17962E+00  1.31069E+00  1.44176E+00
  1.57283E+00  1.70390E+00  1.83498E+00  1.96605E+00  2.09712E+00  2.35926E+00
  2.62141E+00  2.88355E+00  3.14570E+00  3.40784E+00  3.66998E+00  3.93213E+00
  4.19427E+00  4.71856E+00  5.24285E+00  5.76714E+00  6.29142E+00  6.81571E+00
  7.34000E+00  7.86429E+00
  9.95660E-01  9.95463E-01  9.92871E-01  9.94040E-01  9.91861E-01  9.90635E-01
  9.89462E-01  9.91043E-01  9.92544E-01  9.90353E-01  9.90367E-01  9.89364E-01
  9.90623E-01  9.91852E-01  9.90482E-01  9.91818E-01  9.91809E-01  9.89655E-01
  9.90205E-01  9.89833E-01  9.89753E-01  9.90504E-01  9.89497E-01  9.89015E-01
  9.90285E-01  9.88320E-01  9.89748E-01  9.88314E-01  9.88439E-01  9.89058E-01
  9.88366E-01  9.87658E-01  9.86340E-01  9.86763E-01  9.86646E-01  9.85380E-01
  9.84924E-01  9.84149E-01  9.83830E-01  9.83229E-01  9.81842E-01  9.81575E-01
  9.81250E-01  9.80085E-01  9.79190E-01  9.77826E-01  9.75958E-01  9.74852E-01
  9.73178E-01  9.71487E-01  9.69980E-01  9.68746E-01  9.67152E-01  9.64240E-01
  9.60816E-01  9.57766E-01  9.54673E-01  9.51660E-01  9.48560E-01  9.45805E-01
  9.42601E-01  9.36305E-01  9.30446E-01  9.24397E-01  9.18321E-01  9.12279E-01
  9.06461E-01  9.00698E-01  8.94759E-01  8.83168E-01  8.71692E-01  8.60519E-01
  8.49308E-01  8.38323E-01  8.27703E-01  8.16990E-01  8.06553E-01  7.85994E-01
  7.65904E-01  7.46412E-01  7.27432E-01  7.08896E-01  6.90850E-01  6.73201E-01
  6.55998E-01  6.23104E-01  5.92041E-01  5.62470E-01  5.34390E-01  5.07954E-01
  4.82802E-01  4.59052E-01  4.42013E-01  3.99873E-01  3.61936E-01  3.27432E-01
  2.96214E-01  2.68207E-01  2.42529E-01  2.19616E-01  1.99372E-01  1.63757E-01
  1.34851E-01  1.11574E-01  9.30930E-02  7.79416E-02  6.54120E-02  5.51385E-02
  4.65096E-02  3.29327E-02  2.42139E-02  1.82681E-02  1.46314E-02  1.12997E-02
  7.11159E-03  4.89648E-03  2.35498E-03 -1.22855E-03 -2.37636E-03 -2.34267E-03
  1.67284E-03  2.33922E-03  9.96197E-04 -1.16266E-03  1.09815E-04 -2.85108E-03
 -5.74552E-03 -3.63384E-03 -2.46753E-03 -2.52107E-03 -5.12870E-03 -3.10051E-03
 -1.92552E-03 -1.32633E-04 -1.29779E-03 -3.69572E-03 -3.42348E-03 -7.51152E-04
 -2.98800E-03 -6.15109E-03  2.77420E-03 -1.13210E-03  8.85674E-04 -1.29452E-03
 -2.01744E-03  3.79465E-03  1.57685E-03 -2.73961E-03 -1.18619E-03  2.31690E-03
 -5.03870E-05 -4.53120E-03 -8.59772E-04  2.99154E-03  1.93516E-03 -2.13759E-03
 -5.35946E-04 -1.18279E-03 -1.79913E-05 -3.75452E-04  1.31234E-03 -4.71350E-04
 -2.35870E-03 -1.63262E-03  3.42094E-05  1.11639E-03 -1.47673E-03 -9.88320E-04
  2.26484E-04 -1.53085E-03 -1.23749E-04  3.95480E-04  4.43363E-04 -5.96573E-04
  1.31117E-04  6.16435E-04  6.54137E-04 -5.82712E-04 -2.60723E-05  1.32335E-03
  2.28634E-04 -1.68904E-03 -1.62944E-04  1.60012E-03  7.65859E-04  2.31314E-04
  2.03765E-03 -9.00615E-04
