AutoSaveFileName0281.ASC
 IFORMY    0    .00
 (6E13.7)
 IFORMT    0    .00
 (6E13.7)
 IFORMW    0    .00
 (6E13.7)
 NINTT     0   -1.00
 DOUSNQ    0    1.00
 IQUAD     0    1.00
 PRWT      0    1.00
 PRY       0    1.00
 IPLRES    1    3.00
 IPLRES    2    3.00
 IPRINT    1    0.00
 IPRINT    2    2.00
 IPLFIT    1    0.00
 IPLFIT    2    0.00
 LINEPG    0   50.
 NONNEG    1    1.00
 IWT       0    5.00
 NQPROG    1    5.00
 NQPROG    2    5.00
 GMNMX     1    2.80505E-03
 GMNMX     2    1.00694E-03
 RUSER    10    -1.00
 NG        0    500.00
 NLINF     0    1.00
 IUSER    10    4.00
 RUSER    21    1.0
 RUSER    22   -1.0
 RUSER    23    0.0
 RUSER    18         292.15907
 RUSER    17         154.99900
 RUSER    19         1.02645
 RUSER    15         1.33200
 RUSER    16         632.80000
 RUSER    25         1
 RUSER    26         0
 END       0    0.00
 NY      162
  7.50000E-07  8.75000E-07  1.00000E-06  1.12500E-06  1.25000E-06  1.37500E-06
  1.50000E-06  1.62500E-06  1.75000E-06  1.87500E-06  2.00000E-06  2.25000E-06
  2.50000E-06  2.75000E-06  3.00000E-06  3.25000E-06  3.50000E-06  3.75000E-06
  4.00000E-06  4.50000E-06  5.00000E-06  5.50000E-06  6.00000E-06  6.50000E-06
  7.00000E-06  7.50000E-06  8.00000E-06  9.00000E-06  1.00000E-05  1.10000E-05
  1.20000E-05  1.30000E-05  1.40000E-05  1.50000E-05  1.60000E-05  1.80000E-05
  2.00000E-05  2.20000E-05  2.40000E-05  2.60000E-05  2.80000E-05  3.00000E-05
  3.20000E-05  3.60000E-05  4.00000E-05  4.40000E-05  4.80000E-05  5.20000E-05
  5.60000E-05  6.00000E-05  6.40000E-05  7.20000E-05  8.00000E-05  8.80000E-05
  9.60000E-05  1.04000E-04  1.12000E-04  1.20000E-04  1.28000E-04  1.44000E-04
  1.60000E-04  1.76000E-04  1.92000E-04  2.08000E-04  2.24000E-04  2.40000E-04
  2.56000E-04  2.88000E-04  3.20000E-04  3.52000E-04  3.84000E-04  4.16000E-04
  4.48000E-04  4.80000E-04  5.12000E-04  5.76000E-04  6.40000E-04  7.04000E-04
  7.68000E-04  8.32000E-04  8.96000E-04  9.60000E-04  1.02400E-03  1.15200E-03
  1.28000E-03  1.40800E-03  1.53600E-03  1.66400E-03  1.79200E-03  1.92000E-03
  2.01600E-03  2.27200E-03  2.52800E-03  2.78400E-03  3.04000E-03  3.29600E-03
  3.55200E-03  3.80800E-03  4.06400E-03  4.57600E-03  5.08800E-03  5.60000E-03
  6.11200E-03  6.62400E-03  7.13600E-03  7.64800E-03  8.16000E-03  9.18400E-03
  1.02080E-02  1.12320E-02  1.22560E-02  1.32800E-02  1.43040E-02  1.53280E-02
  1.63520E-02  1.84000E-02  2.04480E-02  2.24960E-02  2.45440E-02  2.65920E-02
  2.86400E-02  3.06880E-02  3.27360E-02  3.68320E-02  4.09280E-02  4.50240E-02
  4.91200E-02  5.32160E-02  5.73120E-02  6.14080E-02  6.55040E-02  7.36960E-02
  8.18880E-02  9.00800E-02  9.82720E-02  1.06464E-01  1.14656E-01  1.22848E-01
  1.31040E-01  1.47424E-01  1.63808E-01  1.80192E-01  1.96576E-01  2.12960E-01
  2.29344E-01  2.45728E-01  2.62112E-01  2.94880E-01  3.27648E-01  3.60416E-01
  3.93184E-01  4.25952E-01  4.58720E-01  4.91488E-01  5.24256E-01  5.89792E-01
  6.55328E-01  7.20864E-01  7.86400E-01  8.51936E-01  9.17472E-01  9.83008E-01
  9.98412E-01  9.98500E-01  1.00000E+00  9.97624E-01  9.98168E-01  9.96687E-01
  9.95837E-01  9.94492E-01  9.94843E-01  9.92248E-01  9.91123E-01  9.90391E-01
  9.88235E-01  9.86359E-01  9.84534E-01  9.83165E-01  9.80983E-01  9.79414E-01
  9.78814E-01  9.75707E-01  9.71287E-01  9.69030E-01  9.66711E-01  9.63766E-01
  9.59390E-01  9.57359E-01  9.54145E-01  9.47956E-01  9.41211E-01  9.35916E-01
  9.29890E-01  9.23319E-01  9.18018E-01  9.10841E-01  9.05578E-01  8.93881E-01
  8.82853E-01  8.71451E-01  8.59529E-01  8.49089E-01  8.37455E-01  8.26690E-01
  8.16138E-01  7.95339E-01  7.75853E-01  7.55661E-01  7.36381E-01  7.17983E-01
  6.99541E-01  6.81912E-01  6.64470E-01  6.31287E-01  5.99664E-01  5.69317E-01
  5.41084E-01  5.14269E-01  4.88428E-01  4.64060E-01  4.41140E-01  3.97667E-01
  3.59272E-01  3.24109E-01  2.92571E-01  2.63714E-01  2.37806E-01  2.14431E-01
  1.94068E-01  1.57924E-01  1.28895E-01  1.05583E-01  8.70738E-02  7.13338E-02
  5.84455E-02  4.77978E-02  3.96981E-02  2.66830E-02  1.76322E-02  1.10002E-02
  6.58450E-03  3.89386E-03  2.72802E-03  2.21126E-03  2.65948E-03  3.62190E-03
  2.05012E-03  1.49060E-03  2.45955E-03  2.76384E-03  1.40037E-03  3.19478E-04
  4.04332E-04 -7.41870E-05  2.25779E-03  1.06368E-03 -7.12175E-04 -1.90171E-03
 -1.69604E-03 -1.87323E-03 -1.45312E-03 -3.04585E-03  1.17176E-03  6.42052E-05
 -1.26854E-03 -6.25230E-04 -1.30193E-03 -8.82135E-04 -3.27537E-04 -6.35695E-04
  5.02256E-05  2.63749E-04  1.12133E-03 -2.24252E-03 -7.20852E-04  2.35146E-04
  5.71999E-04  3.86019E-04  4.11121E-04  5.13599E-04 -1.09604E-03 -6.61113E-04
 -3.15592E-04 -1.86417E-03 -5.07779E-04  1.13711E-03  8.83735E-04  5.38700E-04
  4.66397E-04  9.58353E-04  8.79828E-04  8.94625E-04 -3.16486E-04  5.33301E-04
 -6.31769E-05 -1.40842E-04 -7.28592E-04 -4.17482E-04 -1.06852E-03 -8.57035E-05
  1.15290E-04 -1.05965E-04  5.28953E-04 -3.13027E-04 -6.33813E-05  3.86019E-04
 -5.82169E-04 -1.77221E-04  3.11545E-04 -5.68788E-04  3.39570E-04  2.89264E-04
  9.62229E-05 -4.64897E-05  5.03995E-05 -1.57013E-04 -1.72103E-04  2.66984E-04
 -2.01247E-04  3.22150E-05  1.51415E-04  4.41841E-04 -1.67445E-06  4.51371E-04
