AutoSaveFileName0135.ASC
 IFORMY    0    .00
 (6E13.7)
 IFORMT    0    .00
 (6E13.7)
 IFORMW    0    .00
 (6E13.7)
 NINTT     0   -1.00
 DOUSNQ    0    1.00
 IQUAD          1.00
 PRWT      0    1.00
 PRY       0    1.00
 IPLRES    1    3.00
 IPLRES    2    3.00
 IPRINT    1    0.00
 IPRINT    2    2.00
 IPLFIT    1    0.00
 IPLFIT    2    0.00
 LINEPG    0   50.
 NONNEG    1    1.00
 IWT       0    5.00
 NQPROG    1    5.00
 NQPROG    2    5.00
 GMNMX     1    1.657E-05
 GMNMX     2    1.657E-02
 RUSER    10    -1.00
 NG        0    200.00
 NLINF     0    0.00
 IUSER    10    4.00
 RUSER    21    1.0
 RUSER    22   -1.0
 RUSER    23    0.0
 RUSER    18         292.20972
 RUSER    17         79.99800
 RUSER    19         1.02516
 RUSER    15         1.33200
 RUSER    16         632.80000
 RUSER    25         1
 RUSER    26         0
 END       0    0.00
 NY      188
  5.00000E-07  6.25000E-07  7.50000E-07  8.75000E-07  1.00000E-06  1.12500E-06
  1.25000E-06  1.37500E-06  1.50000E-06  1.62500E-06  1.75000E-06  1.87500E-06
  2.00000E-06  2.25000E-06  2.50000E-06  2.75000E-06  3.00000E-06  3.25000E-06
  3.50000E-06  3.75000E-06  4.00000E-06  4.50000E-06  5.00000E-06  5.50000E-06
  6.00000E-06  6.50000E-06  7.00000E-06  7.50000E-06  8.00000E-06  9.00000E-06
  1.00000E-05  1.10000E-05  1.20000E-05  1.30000E-05  1.40000E-05  1.50000E-05
  1.60000E-05  1.80000E-05  2.00000E-05  2.20000E-05  2.40000E-05  2.60000E-05
  2.80000E-05  3.00000E-05  3.20000E-05  3.60000E-05  4.00000E-05  4.40000E-05
  4.80000E-05  5.20000E-05  5.60000E-05  6.00000E-05  6.40000E-05  7.20000E-05
  8.00000E-05  8.80000E-05  9.60000E-05  1.04000E-04  1.12000E-04  1.20000E-04
  1.28000E-04  1.44000E-04  1.60000E-04  1.76000E-04  1.92000E-04  2.08000E-04
  2.24000E-04  2.40000E-04  2.56000E-04  2.88000E-04  3.20000E-04  3.52000E-04
  3.84000E-04  4.16000E-04  4.48000E-04  4.80000E-04  5.12000E-04  5.76000E-04
  6.40000E-04  7.04000E-04  7.68000E-04  8.32000E-04  8.96000E-04  9.60000E-04
  1.02400E-03  1.15200E-03  1.28000E-03  1.40800E-03  1.53600E-03  1.66400E-03
  1.79200E-03  1.92000E-03  2.01600E-03  2.27200E-03  2.52800E-03  2.78400E-03
  3.04000E-03  3.29600E-03  3.55200E-03  3.80800E-03  4.06400E-03  4.57600E-03
  5.08800E-03  5.60000E-03  6.11200E-03  6.62400E-03  7.13600E-03  7.64800E-03
  8.16000E-03  9.18400E-03  1.02080E-02  1.12320E-02  1.22560E-02  1.32800E-02
  1.43040E-02  1.53280E-02  1.63520E-02  1.84000E-02  2.04480E-02  2.24960E-02
  2.45440E-02  2.65920E-02  2.86400E-02  3.06880E-02  3.27360E-02  3.68320E-02
  4.09280E-02  4.50240E-02  4.91200E-02  5.32160E-02  5.73120E-02  6.14080E-02
  6.55040E-02  7.36960E-02  8.18880E-02  9.00800E-02  9.82720E-02  1.06464E-01
  1.14656E-01  1.22848E-01  1.31040E-01  1.47424E-01  1.63808E-01  1.80192E-01
  1.96576E-01  2.12960E-01  2.29344E-01  2.45728E-01  2.62112E-01  2.94880E-01
  3.27648E-01  3.60416E-01  3.93184E-01  4.25952E-01  4.58720E-01  4.91488E-01
  5.24256E-01  5.89792E-01  6.55328E-01  7.20864E-01  7.86400E-01  8.51936E-01
  9.17472E-01  9.83008E-01  1.04854E+00  1.17962E+00  1.31069E+00  1.44176E+00
  1.57283E+00  1.70390E+00  1.83498E+00  1.96605E+00  2.09712E+00  2.35926E+00
  2.62141E+00  2.88355E+00  3.14570E+00  3.40784E+00  3.66998E+00  3.93213E+00
  4.19427E+00  4.71856E+00  5.24285E+00  5.76714E+00  6.29142E+00  6.81571E+00
  7.34000E+00  7.86429E+00
  9.91981E-01  9.89567E-01  9.89784E-01  9.88701E-01  9.89337E-01  9.86792E-01
  9.87904E-01  9.89042E-01  9.83770E-01  9.84024E-01  9.87890E-01  9.87715E-01
  9.86652E-01  9.87357E-01  9.87853E-01  9.86916E-01  9.86243E-01  9.86199E-01
  9.86733E-01  9.86176E-01  9.86601E-01  9.86414E-01  9.84627E-01  9.85914E-01
  9.86038E-01  9.84900E-01  9.85410E-01  9.86977E-01  9.86384E-01  9.85847E-01
  9.84945E-01  9.84471E-01  9.84900E-01  9.84127E-01  9.84453E-01  9.83847E-01
  9.83770E-01  9.83162E-01  9.83123E-01  9.82570E-01  9.82688E-01  9.81896E-01
  9.81406E-01  9.81038E-01  9.80562E-01  9.79753E-01  9.78737E-01  9.78019E-01
  9.77003E-01  9.76336E-01  9.75212E-01  9.74151E-01  9.73373E-01  9.71836E-01
  9.70082E-01  9.68381E-01  9.66407E-01  9.64988E-01  9.63118E-01  9.61425E-01
  9.59561E-01  9.56210E-01  9.53031E-01  9.49348E-01  9.45967E-01  9.42762E-01
  9.39219E-01  9.35947E-01  9.32585E-01  9.25873E-01  9.19009E-01  9.12694E-01
  9.06090E-01  8.99569E-01  8.93134E-01  8.86796E-01  8.80475E-01  8.67828E-01
  8.55383E-01  8.43152E-01  8.31059E-01  8.19231E-01  8.07533E-01  7.96171E-01
  7.81912E-01  7.59735E-01  7.38029E-01  7.16916E-01  6.96442E-01  6.76471E-01
  6.57235E-01  6.38403E-01  6.26849E-01  5.91594E-01  5.58324E-01  5.26892E-01
  4.97355E-01  4.69345E-01  4.43224E-01  4.18545E-01  3.95623E-01  3.53302E-01
  3.15722E-01  2.82474E-01  2.53048E-01  2.26822E-01  2.03151E-01  1.81746E-01
  1.63030E-01  1.30377E-01  1.03820E-01  8.13267E-02  6.36014E-02  4.87860E-02
  3.63573E-02  2.70730E-02  2.00234E-02  8.69208E-03  1.96614E-03 -1.17863E-03
 -3.65252E-03 -6.01277E-03 -7.49635E-03 -4.35348E-03 -3.43534E-03 -3.09093E-03
  4.04581E-03  1.07078E-03 -1.55573E-03 -4.78941E-03 -4.61764E-03  5.15347E-07
  2.00805E-03 -3.28578E-03 -1.12580E-02 -8.90719E-03 -1.23662E-02 -5.05070E-03
 -1.97504E-03  4.93548E-03 -2.24072E-03  1.51440E-04 -4.24801E-04 -3.91511E-03
 -2.67246E-03  5.54160E-03  2.19391E-03 -2.65478E-04 -1.92884E-03 -4.47401E-03
 -9.35500E-03 -3.39769E-03  8.12533E-04  9.41506E-03 -3.57613E-03 -1.66835E-03
 -1.54116E-03  1.43903E-05  4.65443E-04 -8.48870E-05  2.28121E-03 -9.38075E-04
  1.22124E-03  4.68874E-04 -1.24775E-03 -3.91405E-03 -3.01286E-03 -1.15432E-03
 -2.42680E-03 -1.67294E-04 -3.73884E-05  8.45289E-04 -1.07205E-03  2.76267E-04
 -1.40423E-03 -7.47765E-04 -2.32676E-03  2.59943E-03  5.43267E-04 -3.10516E-03
 -2.38119E-03 -4.45107E-04 -9.03882E-04 -9.11842E-04 -3.38237E-05 -5.78455E-04
  1.88211E-03  1.72829E-03
