AutoSaveFileName0374.ASC
 IFORMY    0    .00
 (6E13.7)
 IFORMT    0    .00
 (6E13.7)
 IFORMW    0    .00
 (6E13.7)
 NINTT     0   -1.00
 DOUSNQ    0    1.00
 IQUAD          1.00
 PRWT      0    1.00
 PRY       0    1.00
 IPLRES    1    3.00
 IPLRES    2    3.00
 IPRINT    1    0.00
 IPRINT    2    2.00
 IPLFIT    1    0.00
 IPLFIT    2    0.00
 LINEPG    0   50.
 NONNEG    1    1.00
 IWT       0    5.00
 NQPROG    1    5.00
 NQPROG    2    5.00
 GMNMX     1    7.782E-06
 GMNMX     2    7.782E-03
 RUSER    10    -1.00
 NG        0    200.00
 NLINF     0    0.00
 IUSER    10    4.00
 RUSER    21    1.0
 RUSER    22   -1.0
 RUSER    23    0.0
 RUSER    18         292.30506
 RUSER    17         138.99900
 RUSER    19         1.02275
 RUSER    15         1.33200
 RUSER    16         632.80000
 RUSER    25         1
 RUSER    26         0
 END       0    0.00
 NY      131
  3.75000E-07  5.00000E-07  6.25000E-07  7.50000E-07  8.75000E-07  1.00000E-06
  1.12500E-06  1.25000E-06  1.37500E-06  1.50000E-06  1.62500E-06  1.75000E-06
  1.87500E-06  2.00000E-06  2.25000E-06  2.50000E-06  2.75000E-06  3.00000E-06
  3.25000E-06  3.50000E-06  3.75000E-06  4.00000E-06  4.50000E-06  5.00000E-06
  5.50000E-06  6.00000E-06  6.50000E-06  7.00000E-06  7.50000E-06  8.00000E-06
  9.00000E-06  1.00000E-05  1.10000E-05  1.20000E-05  1.30000E-05  1.40000E-05
  1.50000E-05  1.60000E-05  1.80000E-05  2.00000E-05  2.20000E-05  2.40000E-05
  2.60000E-05  2.80000E-05  3.00000E-05  3.20000E-05  3.60000E-05  4.00000E-05
  4.40000E-05  4.80000E-05  5.20000E-05  5.60000E-05  6.00000E-05  6.40000E-05
  7.20000E-05  8.00000E-05  8.80000E-05  9.60000E-05  1.04000E-04  1.12000E-04
  1.20000E-04  1.28000E-04  1.44000E-04  1.60000E-04  1.76000E-04  1.92000E-04
  2.08000E-04  2.24000E-04  2.40000E-04  2.56000E-04  2.88000E-04  3.20000E-04
  3.52000E-04  3.84000E-04  4.16000E-04  4.48000E-04  4.80000E-04  5.12000E-04
  5.76000E-04  6.40000E-04  7.04000E-04  7.68000E-04  8.32000E-04  8.96000E-04
  9.60000E-04  1.02400E-03  1.15200E-03  1.28000E-03  1.40800E-03  1.53600E-03
  1.66400E-03  1.79200E-03  1.92000E-03  2.01600E-03  2.27200E-03  2.52800E-03
  2.78400E-03  3.04000E-03  3.29600E-03  3.55200E-03  3.80800E-03  4.06400E-03
  4.57600E-03  5.08800E-03  5.60000E-03  6.11200E-03  6.62400E-03  7.13600E-03
  7.64800E-03  8.16000E-03  9.18400E-03  1.02080E-02  1.12320E-02  1.22560E-02
  1.32800E-02  1.43040E-02  1.53280E-02  1.63520E-02  1.84000E-02  2.04480E-02
  2.24960E-02  2.45440E-02  2.65920E-02  2.86400E-02  3.06880E-02  3.27360E-02
  3.68320E-02  4.09280E-02  4.50240E-02  4.91200E-02  5.32160E-02
  2.29395E+00  2.28541E+00  2.27745E+00  2.28576E+00  2.28328E+00  2.27242E+00
  2.27170E+00  2.27602E+00  2.27151E+00  2.26842E+00  2.25801E+00  2.27814E+00
  2.27386E+00  2.27891E+00  2.27193E+00  2.26938E+00  2.27887E+00  2.27107E+00
  2.27865E+00  2.26952E+00  2.27058E+00  2.26954E+00  2.26983E+00  2.27304E+00
  2.27030E+00  2.26389E+00  2.26613E+00  2.26611E+00  2.26298E+00  2.26233E+00
  2.26089E+00  2.25688E+00  2.25588E+00  2.25308E+00  2.25134E+00  2.25014E+00
  2.24928E+00  2.25054E+00  2.24610E+00  2.24099E+00  2.23913E+00  2.23312E+00
  2.23143E+00  2.22753E+00  2.22403E+00  2.22115E+00  2.21394E+00  2.20640E+00
  2.20031E+00  2.19241E+00  2.18561E+00  2.17787E+00  2.17128E+00  2.16548E+00
  2.15247E+00  2.13826E+00  2.12579E+00  2.11130E+00  2.09849E+00  2.08452E+00
  2.07082E+00  2.05957E+00  2.03454E+00  2.00935E+00  1.98364E+00  1.96039E+00
  1.93576E+00  1.91144E+00  1.88811E+00  1.86545E+00  1.82027E+00  1.77582E+00
  1.73357E+00  1.69075E+00  1.64968E+00  1.60981E+00  1.57091E+00  1.49963E+00
  1.42915E+00  1.36286E+00  1.29993E+00  1.23947E+00  1.18246E+00  1.12887E+00
  1.07819E+00  9.07643E-01  8.27656E-01  7.56979E-01  6.92558E-01  6.35576E-01
  5.84074E-01  5.39179E-01  4.97598E-01  5.48086E-01  4.71551E-01  4.09018E-01
  3.54733E-01  3.09250E-01  2.69753E-01  2.35990E-01  2.06150E-01  1.82789E-01
  1.45476E-01  1.16503E-01  1.00698E-01  9.51896E-02  8.82934E-02  7.72185E-02
  6.28449E-02  5.36817E-02  4.63498E-02  4.60421E-02  4.57337E-02  4.46231E-02
  3.85433E-02  3.18919E-02  2.80226E-02  1.95354E-02  1.35773E-02  1.46553E-02
  1.89799E-03  4.75117E-03  1.25356E-02  1.97432E-02  9.00638E-03  5.61204E-03
 -7.77173E-03  5.37073E-03 -7.29918E-03 -1.51697E-03 -1.11645E-02
