AutoSaveFileName0413.ASC
 IFORMY    0    .00
 (6E13.7)
 IFORMT    0    .00
 (6E13.7)
 IFORMW    0    .00
 (6E13.7)
 NINTT     0   -1.00
 DOUSNQ    0    1.00
 IQUAD          1.00
 PRWT      0    1.00
 PRY       0    1.00
 IPLRES    1    3.00
 IPLRES    2    3.00
 IPRINT    1    0.00
 IPRINT    2    2.00
 IPLFIT    1    0.00
 IPLFIT    2    0.00
 LINEPG    0   50.
 NONNEG    1    1.00
 IWT       0    5.00
 NQPROG    1    5.00
 NQPROG    2    5.00
 GMNMX     1    7.242E-06
 GMNMX     2    7.242E-03
 RUSER    10    -1.00
 NG        0    200.00
 NLINF     0    0.00
 IUSER    10    4.00
 RUSER    21    1.0
 RUSER    22   -1.0
 RUSER    23    0.0
 RUSER    18         292.35260
 RUSER    17         151.99900
 RUSER    19         1.02155
 RUSER    15         1.33200
 RUSER    16         632.80000
 RUSER    25         1
 RUSER    26         0
 END       0    0.00
 NY      131
  3.75000E-07  5.00000E-07  6.25000E-07  7.50000E-07  8.75000E-07  1.00000E-06
  1.12500E-06  1.25000E-06  1.37500E-06  1.50000E-06  1.62500E-06  1.75000E-06
  1.87500E-06  2.00000E-06  2.25000E-06  2.50000E-06  2.75000E-06  3.00000E-06
  3.25000E-06  3.50000E-06  3.75000E-06  4.00000E-06  4.50000E-06  5.00000E-06
  5.50000E-06  6.00000E-06  6.50000E-06  7.00000E-06  7.50000E-06  8.00000E-06
  9.00000E-06  1.00000E-05  1.10000E-05  1.20000E-05  1.30000E-05  1.40000E-05
  1.50000E-05  1.60000E-05  1.80000E-05  2.00000E-05  2.20000E-05  2.40000E-05
  2.60000E-05  2.80000E-05  3.00000E-05  3.20000E-05  3.60000E-05  4.00000E-05
  4.40000E-05  4.80000E-05  5.20000E-05  5.60000E-05  6.00000E-05  6.40000E-05
  7.20000E-05  8.00000E-05  8.80000E-05  9.60000E-05  1.04000E-04  1.12000E-04
  1.20000E-04  1.28000E-04  1.44000E-04  1.60000E-04  1.76000E-04  1.92000E-04
  2.08000E-04  2.24000E-04  2.40000E-04  2.56000E-04  2.88000E-04  3.20000E-04
  3.52000E-04  3.84000E-04  4.16000E-04  4.48000E-04  4.80000E-04  5.12000E-04
  5.76000E-04  6.40000E-04  7.04000E-04  7.68000E-04  8.32000E-04  8.96000E-04
  9.60000E-04  1.02400E-03  1.15200E-03  1.28000E-03  1.40800E-03  1.53600E-03
  1.66400E-03  1.79200E-03  1.92000E-03  2.01600E-03  2.27200E-03  2.52800E-03
  2.78400E-03  3.04000E-03  3.29600E-03  3.55200E-03  3.80800E-03  4.06400E-03
  4.57600E-03  5.08800E-03  5.60000E-03  6.11200E-03  6.62400E-03  7.13600E-03
  7.64800E-03  8.16000E-03  9.18400E-03  1.02080E-02  1.12320E-02  1.22560E-02
  1.32800E-02  1.43040E-02  1.53280E-02  1.63520E-02  1.84000E-02  2.04480E-02
  2.24960E-02  2.45440E-02  2.65920E-02  2.86400E-02  3.06880E-02  3.27360E-02
  3.68320E-02  4.09280E-02  4.50240E-02  4.91200E-02  5.32160E-02
  2.34870E+00  2.34346E+00  2.34744E+00  2.33805E+00  2.33365E+00  2.33899E+00
  2.33562E+00  2.33748E+00  2.34418E+00  2.33322E+00  2.32239E+00  2.33389E+00
  2.34051E+00  2.33073E+00  2.32604E+00  2.33256E+00  2.32252E+00  2.33209E+00
  2.32520E+00  2.32841E+00  2.32977E+00  2.32834E+00  2.32432E+00  2.32827E+00
  2.32615E+00  2.32508E+00  2.32367E+00  2.31925E+00  2.32316E+00  2.32014E+00
  2.31969E+00  2.31842E+00  2.31501E+00  2.31614E+00  2.31378E+00  2.31321E+00
  2.31068E+00  2.30954E+00  2.30791E+00  2.30578E+00  2.30456E+00  2.30142E+00
  2.29915E+00  2.29812E+00  2.29434E+00  2.29293E+00  2.28512E+00  2.28246E+00
  2.27896E+00  2.27593E+00  2.26787E+00  2.26356E+00  2.26092E+00  2.25343E+00
  2.24608E+00  2.23695E+00  2.22772E+00  2.21779E+00  2.21012E+00  2.20099E+00
  2.19057E+00  2.18269E+00  2.16467E+00  2.14760E+00  2.13042E+00  2.11303E+00
  2.09706E+00  2.07993E+00  2.06344E+00  2.04738E+00  2.01559E+00  1.98432E+00
  1.95432E+00  1.92434E+00  1.89612E+00  1.86743E+00  1.83977E+00  1.81462E+00
  1.76217E+00  1.71311E+00  1.66486E+00  1.61942E+00  1.57528E+00  1.53410E+00
  1.49333E+00  1.45660E+00  1.38544E+00  1.31995E+00  1.25863E+00  1.20226E+00
  1.15061E+00  1.10317E+00  1.05916E+00  1.02799E+00  9.55224E-01  8.91949E-01
  8.37193E-01  7.88701E-01  7.46135E-01  7.08484E-01  6.74394E-01  6.44916E-01
  5.93657E-01  5.52691E-01  5.17879E-01  4.88169E-01  4.63230E-01  4.39564E-01
  4.21069E-01  4.07445E-01  3.76424E-01  3.44718E-01  3.14660E-01  2.88723E-01
  2.66515E-01  2.55533E-01  2.48153E-01  2.28495E-01  1.92114E-01  1.63214E-01
  1.34496E-01  1.10505E-01  9.52868E-02  7.90812E-02  5.95141E-02  5.41122E-02
  4.15210E-02  2.58079E-02  2.39352E-02  3.03338E-02  2.96619E-02
