AutoSaveFileName0327.ASC
 IFORMY    0    .00
 (6E13.7)
 IFORMT    0    .00
 (6E13.7)
 IFORMW    0    .00
 (6E13.7)
 NINTT     0   -1.00
 DOUSNQ    0    1.00
 IQUAD          1.00
 PRWT      0    1.00
 PRY       0    1.00
 IPLRES    1    3.00
 IPLRES    2    3.00
 IPRINT    1    0.00
 IPRINT    2    2.00
 IPLFIT    1    0.00
 IPLFIT    2    0.00
 LINEPG    0   50.
 NONNEG    1    1.00
 IWT       0    5.00
 NQPROG    1    5.00
 NQPROG    2    5.00
 GMNMX     1    8.777E-06
 GMNMX     2    8.777E-03
 RUSER    10    -1.00
 NG        0    200.00
 NLINF     0    0.00
 IUSER    10    4.00
 RUSER    21    1.0
 RUSER    22   -1.0
 RUSER    23    0.0
 RUSER    18         292.22669
 RUSER    17         123.99900
 RUSER    19         1.02473
 RUSER    15         1.33200
 RUSER    16         632.80000
 RUSER    25         1
 RUSER    26         0
 END       0    0.00
 NY      131
  3.75000E-07  5.00000E-07  6.25000E-07  7.50000E-07  8.75000E-07  1.00000E-06
  1.12500E-06  1.25000E-06  1.37500E-06  1.50000E-06  1.62500E-06  1.75000E-06
  1.87500E-06  2.00000E-06  2.25000E-06  2.50000E-06  2.75000E-06  3.00000E-06
  3.25000E-06  3.50000E-06  3.75000E-06  4.00000E-06  4.50000E-06  5.00000E-06
  5.50000E-06  6.00000E-06  6.50000E-06  7.00000E-06  7.50000E-06  8.00000E-06
  9.00000E-06  1.00000E-05  1.10000E-05  1.20000E-05  1.30000E-05  1.40000E-05
  1.50000E-05  1.60000E-05  1.80000E-05  2.00000E-05  2.20000E-05  2.40000E-05
  2.60000E-05  2.80000E-05  3.00000E-05  3.20000E-05  3.60000E-05  4.00000E-05
  4.40000E-05  4.80000E-05  5.20000E-05  5.60000E-05  6.00000E-05  6.40000E-05
  7.20000E-05  8.00000E-05  8.80000E-05  9.60000E-05  1.04000E-04  1.12000E-04
  1.20000E-04  1.28000E-04  1.44000E-04  1.60000E-04  1.76000E-04  1.92000E-04
  2.08000E-04  2.24000E-04  2.40000E-04  2.56000E-04  2.88000E-04  3.20000E-04
  3.52000E-04  3.84000E-04  4.16000E-04  4.48000E-04  4.80000E-04  5.12000E-04
  5.76000E-04  6.40000E-04  7.04000E-04  7.68000E-04  8.32000E-04  8.96000E-04
  9.60000E-04  1.02400E-03  1.15200E-03  1.28000E-03  1.40800E-03  1.53600E-03
  1.66400E-03  1.79200E-03  1.92000E-03  2.01600E-03  2.27200E-03  2.52800E-03
  2.78400E-03  3.04000E-03  3.29600E-03  3.55200E-03  3.80800E-03  4.06400E-03
  4.57600E-03  5.08800E-03  5.60000E-03  6.11200E-03  6.62400E-03  7.13600E-03
  7.64800E-03  8.16000E-03  9.18400E-03  1.02080E-02  1.12320E-02  1.22560E-02
  1.32800E-02  1.43040E-02  1.53280E-02  1.63520E-02  1.84000E-02  2.04480E-02
  2.24960E-02  2.45440E-02  2.65920E-02  2.86400E-02  3.06880E-02  3.27360E-02
  3.68320E-02  4.09280E-02  4.50240E-02  4.91200E-02  5.32160E-02
  8.10640E-01  8.07216E-01  8.06477E-01  8.12042E-01  8.07441E-01  8.07944E-01
  8.07408E-01  8.10506E-01  8.03843E-01  8.07147E-01  8.03568E-01  8.09506E-01
  8.03445E-01  8.06190E-01  8.06465E-01  8.06923E-01  8.06123E-01  8.08244E-01
  8.06157E-01  8.03420E-01  8.07188E-01  8.06363E-01  8.05831E-01  8.03795E-01
  8.04436E-01  8.04020E-01  8.02712E-01  8.04453E-01  8.04243E-01  8.02501E-01
  8.02566E-01  8.00977E-01  8.00305E-01  7.99339E-01  8.00659E-01  7.97742E-01
  7.95430E-01  7.97338E-01  7.95920E-01  7.94684E-01  7.93419E-01  7.91419E-01
  7.90371E-01  7.89422E-01  7.88064E-01  7.86480E-01  7.84022E-01  7.80899E-01
  7.79409E-01  7.75573E-01  7.73572E-01  7.70701E-01  7.67877E-01  7.65360E-01
  7.60600E-01  7.55547E-01  7.50654E-01  7.45708E-01  7.41227E-01  7.36013E-01
  7.30935E-01  7.26048E-01  7.16410E-01  7.07424E-01  6.97761E-01  6.88555E-01
  6.79199E-01  6.70621E-01  6.61278E-01  6.52411E-01  6.35236E-01  6.18387E-01
  6.02087E-01  5.85995E-01  5.70313E-01  5.54891E-01  5.40599E-01  5.26236E-01
  4.98716E-01  4.72956E-01  4.48619E-01  4.24911E-01  4.02956E-01  3.82029E-01
  3.61888E-01  3.44035E-01  3.10307E-01  2.79959E-01  2.52330E-01  2.27407E-01
  2.05526E-01  1.86293E-01  1.68953E-01  1.56564E-01  1.29329E-01  1.08098E-01
  9.05730E-02  7.59594E-02  6.40287E-02  5.42504E-02  4.50309E-02  3.65680E-02
  2.28967E-02  1.21032E-02  4.85104E-03  4.07532E-03  5.51470E-03  6.58724E-03
  5.50047E-03  6.30866E-03  5.20662E-03  6.19757E-04 -2.86166E-03 -2.21882E-03
 -3.05309E-05 -8.28527E-04 -6.70085E-03 -1.73854E-03  3.42773E-03 -5.02568E-04
 -3.33283E-04 -5.84291E-03 -3.18869E-03  1.31236E-03  3.40951E-03 -1.53800E-03
 -2.22429E-03  1.59627E-03  5.91660E-03  1.48881E-03  4.70564E-03
