AutoSaveFileName0153.ASC
 IFORMY    0    .00
 (6E13.7)
 IFORMT    0    .00
 (6E13.7)
 IFORMW    0    .00
 (6E13.7)
 NINTT     0   -1.00
 DOUSNQ    0    1.00
 IQUAD     0    1.00
 PRWT      0    1.00
 PRY       0    1.00
 IPLRES    1    3.00
 IPLRES    2    3.00
 IPRINT    1    0.00
 IPRINT    2    2.00
 IPLFIT    1    0.00
 IPLFIT    2    0.00
 LINEPG    0   50.
 NONNEG    1    1.00
 IWT       0    5.00
 NQPROG    1    5.00
 NQPROG    2    5.00
 GMNMX     1    5.36967E-03
 GMNMX     2    1.92757E-03
 RUSER    10    -1.00
 NG        0    500.00
 NLINF     0    1.00
 IUSER    10    4.00
 RUSER    21    1.0
 RUSER    22   -1.0
 RUSER    23    0.0
 RUSER    18         292.01111
 RUSER    17         89.99900
 RUSER    19         1.03021
 RUSER    15         1.33200
 RUSER    16         632.80000
 RUSER    25         1
 RUSER    26         0
 END       0    0.00
 NY      162
  7.50000E-07  8.75000E-07  1.00000E-06  1.12500E-06  1.25000E-06  1.37500E-06
  1.50000E-06  1.62500E-06  1.75000E-06  1.87500E-06  2.00000E-06  2.25000E-06
  2.50000E-06  2.75000E-06  3.00000E-06  3.25000E-06  3.50000E-06  3.75000E-06
  4.00000E-06  4.50000E-06  5.00000E-06  5.50000E-06  6.00000E-06  6.50000E-06
  7.00000E-06  7.50000E-06  8.00000E-06  9.00000E-06  1.00000E-05  1.10000E-05
  1.20000E-05  1.30000E-05  1.40000E-05  1.50000E-05  1.60000E-05  1.80000E-05
  2.00000E-05  2.20000E-05  2.40000E-05  2.60000E-05  2.80000E-05  3.00000E-05
  3.20000E-05  3.60000E-05  4.00000E-05  4.40000E-05  4.80000E-05  5.20000E-05
  5.60000E-05  6.00000E-05  6.40000E-05  7.20000E-05  8.00000E-05  8.80000E-05
  9.60000E-05  1.04000E-04  1.12000E-04  1.20000E-04  1.28000E-04  1.44000E-04
  1.60000E-04  1.76000E-04  1.92000E-04  2.08000E-04  2.24000E-04  2.40000E-04
  2.56000E-04  2.88000E-04  3.20000E-04  3.52000E-04  3.84000E-04  4.16000E-04
  4.48000E-04  4.80000E-04  5.12000E-04  5.76000E-04  6.40000E-04  7.04000E-04
  7.68000E-04  8.32000E-04  8.96000E-04  9.60000E-04  1.02400E-03  1.15200E-03
  1.28000E-03  1.40800E-03  1.53600E-03  1.66400E-03  1.79200E-03  1.92000E-03
  2.01600E-03  2.27200E-03  2.52800E-03  2.78400E-03  3.04000E-03  3.29600E-03
  3.55200E-03  3.80800E-03  4.06400E-03  4.57600E-03  5.08800E-03  5.60000E-03
  6.11200E-03  6.62400E-03  7.13600E-03  7.64800E-03  8.16000E-03  9.18400E-03
  1.02080E-02  1.12320E-02  1.22560E-02  1.32800E-02  1.43040E-02  1.53280E-02
  1.63520E-02  1.84000E-02  2.04480E-02  2.24960E-02  2.45440E-02  2.65920E-02
  2.86400E-02  3.06880E-02  3.27360E-02  3.68320E-02  4.09280E-02  4.50240E-02
  4.91200E-02  5.32160E-02  5.73120E-02  6.14080E-02  6.55040E-02  7.36960E-02
  8.18880E-02  9.00800E-02  9.82720E-02  1.06464E-01  1.14656E-01  1.22848E-01
  1.31040E-01  1.47424E-01  1.63808E-01  1.80192E-01  1.96576E-01  2.12960E-01
  2.29344E-01  2.45728E-01  2.62112E-01  2.94880E-01  3.27648E-01  3.60416E-01
  3.93184E-01  4.25952E-01  4.58720E-01  4.91488E-01  5.24256E-01  5.89792E-01
  6.55328E-01  7.20864E-01  7.86400E-01  8.51936E-01  9.17472E-01  9.83008E-01
  9.99307E-01  9.98868E-01  9.98140E-01  1.00000E+00  9.95835E-01  9.97778E-01
  9.95272E-01  9.99175E-01  9.92669E-01  9.94370E-01  9.94733E-01  9.91319E-01
  9.93754E-01  9.90078E-01  9.88796E-01  9.90857E-01  9.89409E-01  9.89371E-01
  9.85560E-01  9.85162E-01  9.85595E-01  9.82477E-01  9.81843E-01  9.78828E-01
  9.76266E-01  9.76499E-01  9.71895E-01  9.69587E-01  9.68676E-01  9.64718E-01
  9.61605E-01  9.58873E-01  9.53829E-01  9.52264E-01  9.49423E-01  9.42802E-01
  9.34647E-01  9.29583E-01  9.23030E-01  9.16271E-01  9.10727E-01  9.05763E-01
  8.99461E-01  8.86657E-01  8.74832E-01  8.63492E-01  8.52489E-01  8.40413E-01
  8.29274E-01  8.18377E-01  8.07026E-01  7.85685E-01  7.64958E-01  7.45012E-01
  7.25083E-01  7.06797E-01  6.88118E-01  6.70344E-01  6.52600E-01  6.18762E-01
  5.86887E-01  5.55996E-01  5.27455E-01  5.00420E-01  4.74325E-01  4.50164E-01
  4.27371E-01  3.85026E-01  3.46831E-01  3.12227E-01  2.81483E-01  2.53495E-01
  2.28637E-01  2.06208E-01  1.86423E-01  1.51806E-01  1.23581E-01  1.00517E-01
  8.12588E-02  6.57475E-02  5.35154E-02  4.39750E-02  3.63028E-02  2.40906E-02
  1.54546E-02  1.00794E-02  5.94335E-03  3.18210E-03  1.85457E-03  1.49344E-03
  1.40940E-03  1.28281E-03  4.43069E-04 -1.58556E-03 -3.33824E-03 -2.80225E-03
 -9.07635E-04  1.64004E-03  2.36810E-03  2.59464E-03 -1.05704E-03 -3.20038E-03
 -2.74695E-03 -1.90696E-03  8.97672E-05 -2.85738E-04 -1.68374E-03 -3.54162E-03
  1.08186E-03 -4.89697E-04  9.47896E-04  1.23734E-03 -8.43411E-05 -1.58942E-05
 -5.19503E-04 -7.66276E-04  1.48551E-04 -5.50800E-04 -2.56951E-03 -1.58407E-03
 -6.27893E-04  1.19591E-03  5.57016E-04 -1.60656E-03 -6.47400E-04  5.16844E-05
  1.14616E-03 -1.08717E-04  5.05903E-05  6.36223E-04 -3.24666E-05 -3.50174E-05
 -6.44718E-04  6.14868E-04  7.88539E-04  2.68096E-04  5.95968E-04  3.48591E-04
 -6.05504E-05 -4.92052E-04 -2.13441E-04 -7.31730E-04 -2.54747E-04 -5.27246E-05
  3.59182E-04  5.65458E-04  2.33783E-04 -6.39504E-04 -3.08203E-04  2.16358E-04
  1.12428E-04  4.64312E-05 -6.16027E-05 -1.78969E-04  7.89276E-05 -3.55297E-04
  1.15419E-04 -5.42046E-05 -2.65015E-04 -6.94052E-05 -3.63626E-05 -8.18206E-06
