AutoSaveFileName0050.ASC
 IFORMY    0    .00
 (6E13.7)
 IFORMT    0    .00
 (6E13.7)
 IFORMW    0    .00
 (6E13.7)
 NINTT     0   -1.00
 DOUSNQ    0    1.00
 IQUAD          1.00
 PRWT      0    1.00
 PRY       0    1.00
 IPLRES    1    3.00
 IPLRES    2    3.00
 IPRINT    1    0.00
 IPRINT    2    2.00
 IPLFIT    1    0.00
 IPLFIT    2    0.00
 LINEPG    0   50.
 NONNEG    1    1.00
 IWT       0    5.00
 NQPROG    1    5.00
 NQPROG    2    5.00
 GMNMX     1    9.686E-05
 GMNMX     2    9.686E-02
 RUSER    10    -1.00
 NG        0    200.00
 NLINF     0    0.00
 IUSER    10    4.00
 RUSER    21    1.0
 RUSER    22   -1.0
 RUSER    23    0.0
 RUSER    18         291.84090
 RUSER    17         30.99900
 RUSER    19         1.03457
 RUSER    15         1.33200
 RUSER    16         632.80000
 RUSER    25         1
 RUSER    26         0
 END       0    0.00
 NY      131
  3.75000E-07  5.00000E-07  6.25000E-07  7.50000E-07  8.75000E-07  1.00000E-06
  1.12500E-06  1.25000E-06  1.37500E-06  1.50000E-06  1.62500E-06  1.75000E-06
  1.87500E-06  2.00000E-06  2.25000E-06  2.50000E-06  2.75000E-06  3.00000E-06
  3.25000E-06  3.50000E-06  3.75000E-06  4.00000E-06  4.50000E-06  5.00000E-06
  5.50000E-06  6.00000E-06  6.50000E-06  7.00000E-06  7.50000E-06  8.00000E-06
  9.00000E-06  1.00000E-05  1.10000E-05  1.20000E-05  1.30000E-05  1.40000E-05
  1.50000E-05  1.60000E-05  1.80000E-05  2.00000E-05  2.20000E-05  2.40000E-05
  2.60000E-05  2.80000E-05  3.00000E-05  3.20000E-05  3.60000E-05  4.00000E-05
  4.40000E-05  4.80000E-05  5.20000E-05  5.60000E-05  6.00000E-05  6.40000E-05
  7.20000E-05  8.00000E-05  8.80000E-05  9.60000E-05  1.04000E-04  1.12000E-04
  1.20000E-04  1.28000E-04  1.44000E-04  1.60000E-04  1.76000E-04  1.92000E-04
  2.08000E-04  2.24000E-04  2.40000E-04  2.56000E-04  2.88000E-04  3.20000E-04
  3.52000E-04  3.84000E-04  4.16000E-04  4.48000E-04  4.80000E-04  5.12000E-04
  5.76000E-04  6.40000E-04  7.04000E-04  7.68000E-04  8.32000E-04  8.96000E-04
  9.60000E-04  1.02400E-03  1.15200E-03  1.28000E-03  1.40800E-03  1.53600E-03
  1.66400E-03  1.79200E-03  1.92000E-03  2.01600E-03  2.27200E-03  2.52800E-03
  2.78400E-03  3.04000E-03  3.29600E-03  3.55200E-03  3.80800E-03  4.06400E-03
  4.57600E-03  5.08800E-03  5.60000E-03  6.11200E-03  6.62400E-03  7.13600E-03
  7.64800E-03  8.16000E-03  9.18400E-03  1.02080E-02  1.12320E-02  1.22560E-02
  1.32800E-02  1.43040E-02  1.53280E-02  1.63520E-02  1.84000E-02  2.04480E-02
  2.24960E-02  2.45440E-02  2.65920E-02  2.86400E-02  3.06880E-02  3.27360E-02
  3.68320E-02  4.09280E-02  4.50240E-02  4.91200E-02  5.32160E-02
  2.45963E+00  2.45722E+00  2.45711E+00  2.44475E+00  2.44151E+00  2.44719E+00
  2.44211E+00  2.44356E+00  2.43991E+00  2.44193E+00  2.44602E+00  2.43689E+00
  2.44030E+00  2.43991E+00  2.44376E+00  2.44332E+00  2.43675E+00  2.44006E+00
  2.44134E+00  2.43896E+00  2.43910E+00  2.43788E+00  2.43808E+00  2.43704E+00
  2.44194E+00  2.44134E+00  2.44013E+00  2.43916E+00  2.43937E+00  2.43811E+00
  2.44114E+00  2.44154E+00  2.44069E+00  2.43877E+00  2.43873E+00  2.43829E+00
  2.43782E+00  2.43918E+00  2.43979E+00  2.43767E+00  2.43793E+00  2.43813E+00
  2.43652E+00  2.43718E+00  2.43629E+00  2.43563E+00  2.43478E+00  2.43410E+00
  2.43247E+00  2.43226E+00  2.43190E+00  2.43092E+00  2.43096E+00  2.42963E+00
  2.42873E+00  2.42719E+00  2.42514E+00  2.42438E+00  2.42297E+00  2.42148E+00
  2.41974E+00  2.41893E+00  2.41549E+00  2.41262E+00  2.40892E+00  2.40690E+00
  2.40353E+00  2.40114E+00  2.39754E+00  2.39527E+00  2.38953E+00  2.38361E+00
  2.37742E+00  2.37177E+00  2.36580E+00  2.36043E+00  2.35417E+00  2.34938E+00
  2.33770E+00  2.32598E+00  2.31457E+00  2.30319E+00  2.29188E+00  2.28063E+00
  2.26915E+00  2.25851E+00  2.23647E+00  2.21471E+00  2.19334E+00  2.17210E+00
  2.15093E+00  2.13045E+00  2.11006E+00  2.10175E+00  2.06113E+00  2.02159E+00
  1.98287E+00  1.94556E+00  1.90920E+00  1.87290E+00  1.83743E+00  1.80338E+00
  1.73602E+00  1.67150E+00  1.60911E+00  1.54940E+00  1.49150E+00  1.43563E+00
  1.38164E+00  1.33024E+00  1.22971E+00  1.13469E+00  1.04470E+00  9.61529E-01
  8.84866E-01  8.15456E-01  7.51896E-01  6.96901E-01  5.98847E-01  5.16033E-01
  4.44610E-01  3.76813E-01  3.18656E-01  2.68801E-01  2.25868E-01  1.90558E-01
  1.37912E-01  1.03295E-01  7.57621E-02  5.51720E-02  4.36689E-02
