AutoSaveFileName0269.ASC
 IFORMY    0    .00
 (6E13.7)
 IFORMT    0    .00
 (6E13.7)
 IFORMW    0    .00
 (6E13.7)
 NINTT     0   -1.00
 DOUSNQ    0    1.00
 IQUAD          1.00
 PRWT      0    1.00
 PRY       0    1.00
 IPLRES    1    3.00
 IPLRES    2    3.00
 IPRINT    1    0.00
 IPRINT    2    2.00
 IPLFIT    1    0.00
 IPLFIT    2    0.00
 LINEPG    0   50.
 NONNEG    1    1.00
 IWT       0    5.00
 NQPROG    1    5.00
 NQPROG    2    5.00
 GMNMX     1    1.105E-05
 GMNMX     2    1.105E-02
 RUSER    10    -1.00
 NG        0    200.00
 NLINF     0    0.00
 IUSER    10    4.00
 RUSER    21    1.0
 RUSER    22   -1.0
 RUSER    23    0.0
 RUSER    18         292.12551
 RUSER    17         103.99900
 RUSER    19         1.02730
 RUSER    15         1.33200
 RUSER    16         632.80000
 RUSER    25         1
 RUSER    26         0
 END       0    0.00
 NY      131
  3.75000E-07  5.00000E-07  6.25000E-07  7.50000E-07  8.75000E-07  1.00000E-06
  1.12500E-06  1.25000E-06  1.37500E-06  1.50000E-06  1.62500E-06  1.75000E-06
  1.87500E-06  2.00000E-06  2.25000E-06  2.50000E-06  2.75000E-06  3.00000E-06
  3.25000E-06  3.50000E-06  3.75000E-06  4.00000E-06  4.50000E-06  5.00000E-06
  5.50000E-06  6.00000E-06  6.50000E-06  7.00000E-06  7.50000E-06  8.00000E-06
  9.00000E-06  1.00000E-05  1.10000E-05  1.20000E-05  1.30000E-05  1.40000E-05
  1.50000E-05  1.60000E-05  1.80000E-05  2.00000E-05  2.20000E-05  2.40000E-05
  2.60000E-05  2.80000E-05  3.00000E-05  3.20000E-05  3.60000E-05  4.00000E-05
  4.40000E-05  4.80000E-05  5.20000E-05  5.60000E-05  6.00000E-05  6.40000E-05
  7.20000E-05  8.00000E-05  8.80000E-05  9.60000E-05  1.04000E-04  1.12000E-04
  1.20000E-04  1.28000E-04  1.44000E-04  1.60000E-04  1.76000E-04  1.92000E-04
  2.08000E-04  2.24000E-04  2.40000E-04  2.56000E-04  2.88000E-04  3.20000E-04
  3.52000E-04  3.84000E-04  4.16000E-04  4.48000E-04  4.80000E-04  5.12000E-04
  5.76000E-04  6.40000E-04  7.04000E-04  7.68000E-04  8.32000E-04  8.96000E-04
  9.60000E-04  1.02400E-03  1.15200E-03  1.28000E-03  1.40800E-03  1.53600E-03
  1.66400E-03  1.79200E-03  1.92000E-03  2.01600E-03  2.27200E-03  2.52800E-03
  2.78400E-03  3.04000E-03  3.29600E-03  3.55200E-03  3.80800E-03  4.06400E-03
  4.57600E-03  5.08800E-03  5.60000E-03  6.11200E-03  6.62400E-03  7.13600E-03
  7.64800E-03  8.16000E-03  9.18400E-03  1.02080E-02  1.12320E-02  1.22560E-02
  1.32800E-02  1.43040E-02  1.53280E-02  1.63520E-02  1.84000E-02  2.04480E-02
  2.24960E-02  2.45440E-02  2.65920E-02  2.86400E-02  3.06880E-02  3.27360E-02
  3.68320E-02  4.09280E-02  4.50240E-02  4.91200E-02  5.32160E-02
  2.40775E+00  2.40278E+00  2.39505E+00  2.39458E+00  2.39770E+00  2.38801E+00
  2.39513E+00  2.39401E+00  2.39190E+00  2.39189E+00  2.39156E+00  2.38478E+00
  2.38654E+00  2.38961E+00  2.38713E+00  2.39147E+00  2.38554E+00  2.38833E+00
  2.38145E+00  2.38781E+00  2.38450E+00  2.38415E+00  2.38420E+00  2.38426E+00
  2.38062E+00  2.38180E+00  2.38150E+00  2.38161E+00  2.37964E+00  2.37788E+00
  2.37624E+00  2.37537E+00  2.37388E+00  2.37179E+00  2.36779E+00  2.37030E+00
  2.36837E+00  2.36613E+00  2.36191E+00  2.36034E+00  2.35749E+00  2.35354E+00
  2.35082E+00  2.34724E+00  2.34339E+00  2.34097E+00  2.33544E+00  2.32843E+00
  2.32306E+00  2.31693E+00  2.31056E+00  2.30559E+00  2.29796E+00  2.29277E+00
  2.28050E+00  2.26818E+00  2.25644E+00  2.24423E+00  2.23211E+00  2.22039E+00
  2.20875E+00  2.19706E+00  2.17433E+00  2.15075E+00  2.12890E+00  2.10635E+00
  2.08416E+00  2.06274E+00  2.04122E+00  2.01934E+00  1.97703E+00  1.93555E+00
  1.89514E+00  1.85572E+00  1.81729E+00  1.78019E+00  1.74341E+00  1.70775E+00
  1.63834E+00  1.57086E+00  1.50672E+00  1.44481E+00  1.38545E+00  1.32891E+00
  1.27509E+00  1.22444E+00  1.12794E+00  1.03912E+00  9.57036E-01  8.80310E-01
  8.09129E-01  7.44141E-01  6.84443E-01  6.45702E-01  5.46334E-01  4.60981E-01
  3.88693E-01  3.29176E-01  2.80553E-01  2.39430E-01  2.04381E-01  1.76977E-01
  1.32162E-01  9.36080E-02  6.64725E-02  4.41950E-02  2.73621E-02  1.73757E-02
  1.22781E-02  1.32747E-02  1.79951E-02  7.33774E-03 -8.98093E-03 -1.17588E-02
 -7.94000E-03 -5.81899E-03 -1.16700E-03 -3.70186E-03 -7.51065E-03 -1.33114E-03
 -1.91134E-04 -9.37277E-03 -8.97578E-03  1.02361E-03 -3.12550E-03  3.46462E-03
  2.57302E-02  1.46620E-02  5.60712E-03 -2.04233E-03 -6.82651E-03
