AutoSaveFileName0036.ASC
 IFORMY    0    .00
 (6E13.7)
 IFORMT    0    .00
 (6E13.7)
 IFORMW    0    .00
 (6E13.7)
 NINTT     0   -1.00
 DOUSNQ    0    1.00
 IQUAD     0    1.00
 PRWT      0    1.00
 PRY       0    1.00
 IPLRES    1    3.00
 IPLRES    2    3.00
 IPRINT    1    0.00
 IPRINT    2    2.00
 IPLFIT    1    0.00
 IPLFIT    2    0.00
 LINEPG    0   50.
 NONNEG    1    1.00
 IWT       0    5.00
 NQPROG    1    5.00
 NQPROG    2    5.00
 GMNMX     1    4.01919E-02
 GMNMX     2    1.44279E-02
 RUSER    10    -1.00
 NG        0    500.00
 NLINF     0    1.00
 IUSER    10    4.00
 RUSER    21    1.0
 RUSER    22   -1.0
 RUSER    23    0.0
 RUSER    18         291.91637
 RUSER    17         29.99800
 RUSER    19         1.03264
 RUSER    15         1.33200
 RUSER    16         632.80000
 RUSER    25         1
 RUSER    26         0
 END       0    0.00
 NY      162
  7.50000E-07  8.75000E-07  1.00000E-06  1.12500E-06  1.25000E-06  1.37500E-06
  1.50000E-06  1.62500E-06  1.75000E-06  1.87500E-06  2.00000E-06  2.25000E-06
  2.50000E-06  2.75000E-06  3.00000E-06  3.25000E-06  3.50000E-06  3.75000E-06
  4.00000E-06  4.50000E-06  5.00000E-06  5.50000E-06  6.00000E-06  6.50000E-06
  7.00000E-06  7.50000E-06  8.00000E-06  9.00000E-06  1.00000E-05  1.10000E-05
  1.20000E-05  1.30000E-05  1.40000E-05  1.50000E-05  1.60000E-05  1.80000E-05
  2.00000E-05  2.20000E-05  2.40000E-05  2.60000E-05  2.80000E-05  3.00000E-05
  3.20000E-05  3.60000E-05  4.00000E-05  4.40000E-05  4.80000E-05  5.20000E-05
  5.60000E-05  6.00000E-05  6.40000E-05  7.20000E-05  8.00000E-05  8.80000E-05
  9.60000E-05  1.04000E-04  1.12000E-04  1.20000E-04  1.28000E-04  1.44000E-04
  1.60000E-04  1.76000E-04  1.92000E-04  2.08000E-04  2.24000E-04  2.40000E-04
  2.56000E-04  2.88000E-04  3.20000E-04  3.52000E-04  3.84000E-04  4.16000E-04
  4.48000E-04  4.80000E-04  5.12000E-04  5.76000E-04  6.40000E-04  7.04000E-04
  7.68000E-04  8.32000E-04  8.96000E-04  9.60000E-04  1.02400E-03  1.15200E-03
  1.28000E-03  1.40800E-03  1.53600E-03  1.66400E-03  1.79200E-03  1.92000E-03
  2.01600E-03  2.27200E-03  2.52800E-03  2.78400E-03  3.04000E-03  3.29600E-03
  3.55200E-03  3.80800E-03  4.06400E-03  4.57600E-03  5.08800E-03  5.60000E-03
  6.11200E-03  6.62400E-03  7.13600E-03  7.64800E-03  8.16000E-03  9.18400E-03
  1.02080E-02  1.12320E-02  1.22560E-02  1.32800E-02  1.43040E-02  1.53280E-02
  1.63520E-02  1.84000E-02  2.04480E-02  2.24960E-02  2.45440E-02  2.65920E-02
  2.86400E-02  3.06880E-02  3.27360E-02  3.68320E-02  4.09280E-02  4.50240E-02
  4.91200E-02  5.32160E-02  5.73120E-02  6.14080E-02  6.55040E-02  7.36960E-02
  8.18880E-02  9.00800E-02  9.82720E-02  1.06464E-01  1.14656E-01  1.22848E-01
  1.31040E-01  1.47424E-01  1.63808E-01  1.80192E-01  1.96576E-01  2.12960E-01
  2.29344E-01  2.45728E-01  2.62112E-01  2.94880E-01  3.27648E-01  3.60416E-01
  3.93184E-01  4.25952E-01  4.58720E-01  4.91488E-01  5.24256E-01  5.89792E-01
  6.55328E-01  7.20864E-01  7.86400E-01  8.51936E-01  9.17472E-01  9.83008E-01
  9.98792E-01  9.95805E-01  9.97708E-01  1.00000E+00  9.96320E-01  9.96161E-01
  9.95448E-01  9.95457E-01  9.94656E-01  9.93266E-01  9.95171E-01  9.94198E-01
  9.93425E-01  9.93655E-01  9.95197E-01  9.93713E-01  9.94603E-01  9.94066E-01
  9.94240E-01  9.94106E-01  9.94209E-01  9.94019E-01  9.93737E-01  9.92576E-01
  9.93151E-01  9.90965E-01  9.91005E-01  9.91976E-01  9.91449E-01  9.90024E-01
  9.90549E-01  9.90312E-01  9.89570E-01  9.89249E-01  9.88446E-01  9.87939E-01
  9.87068E-01  9.86602E-01  9.85275E-01  9.84783E-01  9.83843E-01  9.82501E-01
  9.82014E-01  9.80738E-01  9.79180E-01  9.77089E-01  9.75620E-01  9.74272E-01
  9.72801E-01  9.71132E-01  9.69246E-01  9.66075E-01  9.63148E-01  9.59642E-01
  9.56735E-01  9.53454E-01  9.50242E-01  9.47300E-01  9.44302E-01  9.37944E-01
  9.31934E-01  9.25979E-01  9.20064E-01  9.14191E-01  9.08435E-01  9.02727E-01
  8.96964E-01  8.85876E-01  8.74835E-01  8.64274E-01  8.53577E-01  8.43054E-01
  8.32682E-01  8.22697E-01  8.12644E-01  7.93259E-01  7.74348E-01  7.55930E-01
  7.38199E-01  7.20751E-01  7.03763E-01  6.87278E-01  6.51767E-01  6.21744E-01
  5.93244E-01  5.66041E-01  5.40130E-01  5.15531E-01  4.92118E-01  4.69931E-01
  4.69364E-01  4.28789E-01  3.92097E-01  3.58950E-01  3.28882E-01  3.01543E-01
  2.77099E-01  2.54772E-01  2.34799E-01  1.99673E-01  1.71134E-01  1.46935E-01
  1.27000E-01  1.10878E-01  9.73511E-02  8.55282E-02  7.56615E-02  5.92094E-02
  4.77795E-02  3.92309E-02  3.33877E-02  3.02700E-02  2.72713E-02  2.46729E-02
  2.26754E-02  2.06072E-02  1.85315E-02  1.52403E-02  1.25741E-02  1.05890E-02
  6.96973E-03  5.13848E-03  5.27528E-03  6.77910E-03  8.50179E-04  3.16949E-03
 -2.63261E-04  1.17495E-03 -1.03316E-03 -3.22029E-03 -3.01277E-03 -6.58013E-03
 -1.06740E-04  2.79951E-03 -6.91762E-03 -2.94008E-03 -5.41840E-03 -5.61256E-03
 -4.39113E-03  5.77438E-04  5.31766E-03  4.30790E-03 -2.25809E-03 -2.67452E-05
 -3.63892E-03 -1.05287E-03 -7.98680E-04  1.55074E-03  1.61791E-03  8.14439E-05
  7.40443E-04  5.41614E-03  2.64530E-03 -1.18314E-03 -3.75246E-05 -3.06059E-03
 -1.73383E-03 -3.01766E-03  1.57197E-03 -1.63554E-03  7.14846E-04  1.23278E-03
