AutoSaveFileName0179.ASC
 IFORMY    0    .00
 (6E13.7)
 IFORMT    0    .00
 (6E13.7)
 IFORMW    0    .00
 (6E13.7)
 NINTT     0   -1.00
 DOUSNQ    0    1.00
 IQUAD          1.00
 PRWT      0    1.00
 PRY       0    1.00
 IPLRES    1    3.00
 IPLRES    2    3.00
 IPRINT    1    0.00
 IPRINT    2    2.00
 IPLFIT    1    0.00
 IPLFIT    2    0.00
 LINEPG    0   50.
 NONNEG    1    1.00
 IWT       0    5.00
 NQPROG    1    5.00
 NQPROG    2    5.00
 GMNMX     1    1.902E-05
 GMNMX     2    1.902E-02
 RUSER    10    -1.00
 NG        0    200.00
 NLINF     0    0.00
 IUSER    10    4.00
 RUSER    21    1.0
 RUSER    22   -1.0
 RUSER    23    0.0
 RUSER    18         291.99702
 RUSER    17         73.99900
 RUSER    19         1.03057
 RUSER    15         1.33200
 RUSER    16         632.80000
 RUSER    25         1
 RUSER    26         0
 END       0    0.00
 NY      131
  3.75000E-07  5.00000E-07  6.25000E-07  7.50000E-07  8.75000E-07  1.00000E-06
  1.12500E-06  1.25000E-06  1.37500E-06  1.50000E-06  1.62500E-06  1.75000E-06
  1.87500E-06  2.00000E-06  2.25000E-06  2.50000E-06  2.75000E-06  3.00000E-06
  3.25000E-06  3.50000E-06  3.75000E-06  4.00000E-06  4.50000E-06  5.00000E-06
  5.50000E-06  6.00000E-06  6.50000E-06  7.00000E-06  7.50000E-06  8.00000E-06
  9.00000E-06  1.00000E-05  1.10000E-05  1.20000E-05  1.30000E-05  1.40000E-05
  1.50000E-05  1.60000E-05  1.80000E-05  2.00000E-05  2.20000E-05  2.40000E-05
  2.60000E-05  2.80000E-05  3.00000E-05  3.20000E-05  3.60000E-05  4.00000E-05
  4.40000E-05  4.80000E-05  5.20000E-05  5.60000E-05  6.00000E-05  6.40000E-05
  7.20000E-05  8.00000E-05  8.80000E-05  9.60000E-05  1.04000E-04  1.12000E-04
  1.20000E-04  1.28000E-04  1.44000E-04  1.60000E-04  1.76000E-04  1.92000E-04
  2.08000E-04  2.24000E-04  2.40000E-04  2.56000E-04  2.88000E-04  3.20000E-04
  3.52000E-04  3.84000E-04  4.16000E-04  4.48000E-04  4.80000E-04  5.12000E-04
  5.76000E-04  6.40000E-04  7.04000E-04  7.68000E-04  8.32000E-04  8.96000E-04
  9.60000E-04  1.02400E-03  1.15200E-03  1.28000E-03  1.40800E-03  1.53600E-03
  1.66400E-03  1.79200E-03  1.92000E-03  2.01600E-03  2.27200E-03  2.52800E-03
  2.78400E-03  3.04000E-03  3.29600E-03  3.55200E-03  3.80800E-03  4.06400E-03
  4.57600E-03  5.08800E-03  5.60000E-03  6.11200E-03  6.62400E-03  7.13600E-03
  7.64800E-03  8.16000E-03  9.18400E-03  1.02080E-02  1.12320E-02  1.22560E-02
  1.32800E-02  1.43040E-02  1.53280E-02  1.63520E-02  1.84000E-02  2.04480E-02
  2.24960E-02  2.45440E-02  2.65920E-02  2.86400E-02  3.06880E-02  3.27360E-02
  3.68320E-02  4.09280E-02  4.50240E-02  4.91200E-02  5.32160E-02
  2.16506E+00  2.16451E+00  2.15541E+00  2.16561E+00  2.16175E+00  2.15806E+00
  2.16776E+00  2.15753E+00  2.15862E+00  2.15684E+00  2.15149E+00  2.15971E+00
  2.15219E+00  2.15459E+00  2.15503E+00  2.15662E+00  2.15396E+00  2.15240E+00
  2.15337E+00  2.15812E+00  2.15824E+00  2.15551E+00  2.15675E+00  2.15689E+00
  2.15369E+00  2.14841E+00  2.15019E+00  2.15602E+00  2.15157E+00  2.14991E+00
  2.14893E+00  2.15104E+00  2.14994E+00  2.15042E+00  2.15179E+00  2.14865E+00
  2.14511E+00  2.14369E+00  2.14566E+00  2.14368E+00  2.14127E+00  2.14074E+00
  2.13680E+00  2.13748E+00  2.13697E+00  2.13667E+00  2.13276E+00  2.12991E+00
  2.12647E+00  2.12374E+00  2.12116E+00  2.11876E+00  2.11535E+00  2.11329E+00
  2.10807E+00  2.10159E+00  2.09738E+00  2.09198E+00  2.08701E+00  2.08226E+00
  2.07534E+00  2.06936E+00  2.05888E+00  2.04821E+00  2.03786E+00  2.02751E+00
  2.01619E+00  2.00634E+00  1.99584E+00  1.98537E+00  1.96509E+00  1.94518E+00
  1.92522E+00  1.90493E+00  1.88523E+00  1.86659E+00  1.84746E+00  1.82831E+00
  1.79168E+00  1.75573E+00  1.72073E+00  1.68590E+00  1.65230E+00  1.61980E+00
  1.58807E+00  1.55611E+00  1.49529E+00  1.43712E+00  1.38135E+00  1.32766E+00
  1.27641E+00  1.22780E+00  1.18081E+00  1.14834E+00  1.06403E+00  9.85781E-01
  9.12680E-01  8.45356E-01  7.83433E-01  7.27556E-01  6.75473E-01  6.27648E-01
  5.40803E-01  4.65692E-01  4.02255E-01  3.48923E-01  3.01017E-01  2.59987E-01
  2.25011E-01  1.95926E-01  1.47222E-01  1.15687E-01  9.45171E-02  7.79093E-02
  6.06732E-02  4.66022E-02  3.44380E-02  2.72276E-02  1.12817E-02 -8.16602E-03
 -9.87878E-03 -7.19461E-03 -9.28824E-03 -1.26478E-02 -2.18451E-02 -2.31579E-02
 -1.92700E-02 -8.89271E-03  5.24068E-04  5.16726E-03  2.35481E-03
