AutoSaveFileName0412.ASC
 IFORMY    0    .00
 (6E13.7)
 IFORMT    0    .00
 (6E13.7)
 IFORMW    0    .00
 (6E13.7)
 NINTT     0   -1.00
 DOUSNQ    0    1.00
 IQUAD          1.00
 PRWT      0    1.00
 PRY       0    1.00
 IPLRES    1    3.00
 IPLRES    2    3.00
 IPRINT    1    0.00
 IPRINT    2    2.00
 IPLFIT    1    0.00
 IPLFIT    2    0.00
 LINEPG    0   50.
 NONNEG    1    1.00
 IWT       0    5.00
 NQPROG    1    5.00
 NQPROG    2    5.00
 GMNMX     1    7.242E-06
 GMNMX     2    7.242E-03
 RUSER    10    -1.00
 NG        0    200.00
 NLINF     0    0.00
 IUSER    10    4.00
 RUSER    21    1.0
 RUSER    22   -1.0
 RUSER    23    0.0
 RUSER    18         292.35147
 RUSER    17         151.99900
 RUSER    19         1.02158
 RUSER    15         1.33200
 RUSER    16         632.80000
 RUSER    25         1
 RUSER    26         0
 END       0    0.00
 NY      131
  3.75000E-07  5.00000E-07  6.25000E-07  7.50000E-07  8.75000E-07  1.00000E-06
  1.12500E-06  1.25000E-06  1.37500E-06  1.50000E-06  1.62500E-06  1.75000E-06
  1.87500E-06  2.00000E-06  2.25000E-06  2.50000E-06  2.75000E-06  3.00000E-06
  3.25000E-06  3.50000E-06  3.75000E-06  4.00000E-06  4.50000E-06  5.00000E-06
  5.50000E-06  6.00000E-06  6.50000E-06  7.00000E-06  7.50000E-06  8.00000E-06
  9.00000E-06  1.00000E-05  1.10000E-05  1.20000E-05  1.30000E-05  1.40000E-05
  1.50000E-05  1.60000E-05  1.80000E-05  2.00000E-05  2.20000E-05  2.40000E-05
  2.60000E-05  2.80000E-05  3.00000E-05  3.20000E-05  3.60000E-05  4.00000E-05
  4.40000E-05  4.80000E-05  5.20000E-05  5.60000E-05  6.00000E-05  6.40000E-05
  7.20000E-05  8.00000E-05  8.80000E-05  9.60000E-05  1.04000E-04  1.12000E-04
  1.20000E-04  1.28000E-04  1.44000E-04  1.60000E-04  1.76000E-04  1.92000E-04
  2.08000E-04  2.24000E-04  2.40000E-04  2.56000E-04  2.88000E-04  3.20000E-04
  3.52000E-04  3.84000E-04  4.16000E-04  4.48000E-04  4.80000E-04  5.12000E-04
  5.76000E-04  6.40000E-04  7.04000E-04  7.68000E-04  8.32000E-04  8.96000E-04
  9.60000E-04  1.02400E-03  1.15200E-03  1.28000E-03  1.40800E-03  1.53600E-03
  1.66400E-03  1.79200E-03  1.92000E-03  2.01600E-03  2.27200E-03  2.52800E-03
  2.78400E-03  3.04000E-03  3.29600E-03  3.55200E-03  3.80800E-03  4.06400E-03
  4.57600E-03  5.08800E-03  5.60000E-03  6.11200E-03  6.62400E-03  7.13600E-03
  7.64800E-03  8.16000E-03  9.18400E-03  1.02080E-02  1.12320E-02  1.22560E-02
  1.32800E-02  1.43040E-02  1.53280E-02  1.63520E-02  1.84000E-02  2.04480E-02
  2.24960E-02  2.45440E-02  2.65920E-02  2.86400E-02  3.06880E-02  3.27360E-02
  3.68320E-02  4.09280E-02  4.50240E-02  4.91200E-02  5.32160E-02
  1.59502E+00  1.59531E+00  1.59394E+00  1.59118E+00  1.58618E+00  1.59508E+00
  1.58835E+00  1.58835E+00  1.59421E+00  1.58549E+00  1.57959E+00  1.58674E+00
  1.59608E+00  1.58192E+00  1.57988E+00  1.58560E+00  1.57721E+00  1.58655E+00
  1.57700E+00  1.58052E+00  1.58511E+00  1.57950E+00  1.57904E+00  1.58137E+00
  1.58122E+00  1.57878E+00  1.57859E+00  1.57511E+00  1.57762E+00  1.57659E+00
  1.57662E+00  1.57688E+00  1.57326E+00  1.57233E+00  1.57307E+00  1.57198E+00
  1.57216E+00  1.57012E+00  1.56729E+00  1.56721E+00  1.56615E+00  1.56517E+00
  1.56304E+00  1.56219E+00  1.55860E+00  1.55820E+00  1.55362E+00  1.55096E+00
  1.54825E+00  1.54722E+00  1.54091E+00  1.53820E+00  1.53659E+00  1.53190E+00
  1.52686E+00  1.52087E+00  1.51466E+00  1.50807E+00  1.50319E+00  1.49616E+00
  1.49005E+00  1.48454E+00  1.47241E+00  1.46095E+00  1.44950E+00  1.43764E+00
  1.42701E+00  1.41525E+00  1.40393E+00  1.39334E+00  1.37233E+00  1.35164E+00
  1.33112E+00  1.31094E+00  1.29197E+00  1.27255E+00  1.25441E+00  1.23801E+00
  1.20254E+00  1.16975E+00  1.13739E+00  1.10717E+00  1.07749E+00  1.04986E+00
  1.02299E+00  9.98565E-01  9.51527E-01  9.07971E-01  8.66722E-01  8.28971E-01
  7.94404E-01  7.62255E-01  7.32244E-01  7.11505E-01  6.62688E-01  6.19886E-01
  5.82748E-01  5.49284E-01  5.20074E-01  4.94109E-01  4.71239E-01  4.51328E-01
  4.17296E-01  3.89237E-01  3.65560E-01  3.46819E-01  3.31291E-01  3.15374E-01
  3.01295E-01  2.91440E-01  2.70605E-01  2.51969E-01  2.32232E-01  2.13197E-01
  1.98765E-01  1.88503E-01  1.78717E-01  1.61635E-01  1.39274E-01  1.22858E-01
  1.04261E-01  8.25200E-02  6.41878E-02  4.89583E-02  3.80374E-02  3.74223E-02
  2.31328E-02  1.70253E-02  1.53442E-02  1.64052E-02  1.81548E-02
