AutoSaveFileName0006.ASC
 IFORMY    0    .00
 (6E13.7)
 IFORMT    0    .00
 (6E13.7)
 IFORMW    0    .00
 (6E13.7)
 NINTT     0   -1.00
 DOUSNQ    0    1.00
 IQUAD          1.00
 PRWT      0    1.00
 PRY       0    1.00
 IPLRES    1    3.00
 IPLRES    2    3.00
 IPRINT    1    0.00
 IPRINT    2    2.00
 IPLFIT    1    0.00
 IPLFIT    2    0.00
 LINEPG    0   50.
 NONNEG    1    1.00
 IWT       0    5.00
 NQPROG    1    5.00
 NQPROG    2    5.00
 GMNMX     1    3.171E-04
 GMNMX     2    3.171E-01
 RUSER    10    -1.00
 NG        0    200.00
 NLINF     0    0.00
 IUSER    10    4.00
 RUSER    21    1.0
 RUSER    22   -1.0
 RUSER    23    0.0
 RUSER    18         291.79419
 RUSER    17         16.99900
 RUSER    19         1.03577
 RUSER    15         1.33200
 RUSER    16         632.80000
 RUSER    25         1
 RUSER    26         0
 END       0    0.00
 NY      131
  3.75000E-07  5.00000E-07  6.25000E-07  7.50000E-07  8.75000E-07  1.00000E-06
  1.12500E-06  1.25000E-06  1.37500E-06  1.50000E-06  1.62500E-06  1.75000E-06
  1.87500E-06  2.00000E-06  2.25000E-06  2.50000E-06  2.75000E-06  3.00000E-06
  3.25000E-06  3.50000E-06  3.75000E-06  4.00000E-06  4.50000E-06  5.00000E-06
  5.50000E-06  6.00000E-06  6.50000E-06  7.00000E-06  7.50000E-06  8.00000E-06
  9.00000E-06  1.00000E-05  1.10000E-05  1.20000E-05  1.30000E-05  1.40000E-05
  1.50000E-05  1.60000E-05  1.80000E-05  2.00000E-05  2.20000E-05  2.40000E-05
  2.60000E-05  2.80000E-05  3.00000E-05  3.20000E-05  3.60000E-05  4.00000E-05
  4.40000E-05  4.80000E-05  5.20000E-05  5.60000E-05  6.00000E-05  6.40000E-05
  7.20000E-05  8.00000E-05  8.80000E-05  9.60000E-05  1.04000E-04  1.12000E-04
  1.20000E-04  1.28000E-04  1.44000E-04  1.60000E-04  1.76000E-04  1.92000E-04
  2.08000E-04  2.24000E-04  2.40000E-04  2.56000E-04  2.88000E-04  3.20000E-04
  3.52000E-04  3.84000E-04  4.16000E-04  4.48000E-04  4.80000E-04  5.12000E-04
  5.76000E-04  6.40000E-04  7.04000E-04  7.68000E-04  8.32000E-04  8.96000E-04
  9.60000E-04  1.02400E-03  1.15200E-03  1.28000E-03  1.40800E-03  1.53600E-03
  1.66400E-03  1.79200E-03  1.92000E-03  2.01600E-03  2.27200E-03  2.52800E-03
  2.78400E-03  3.04000E-03  3.29600E-03  3.55200E-03  3.80800E-03  4.06400E-03
  4.57600E-03  5.08800E-03  5.60000E-03  6.11200E-03  6.62400E-03  7.13600E-03
  7.64800E-03  8.16000E-03  9.18400E-03  1.02080E-02  1.12320E-02  1.22560E-02
  1.32800E-02  1.43040E-02  1.53280E-02  1.63520E-02  1.84000E-02  2.04480E-02
  2.24960E-02  2.45440E-02  2.65920E-02  2.86400E-02  3.06880E-02  3.27360E-02
  3.68320E-02  4.09280E-02  4.50240E-02  4.91200E-02  5.32160E-02
  6.01272E-01  6.00414E-01  6.00513E-01  5.99270E-01  5.99755E-01  5.98796E-01
  5.99055E-01  5.99324E-01  5.99387E-01  5.99099E-01  5.99603E-01  5.99415E-01
  5.99476E-01  5.98657E-01  5.98882E-01  5.98393E-01  5.99131E-01  5.98584E-01
  5.99817E-01  5.99361E-01  5.99243E-01  5.98991E-01  5.98560E-01  5.98902E-01
  5.99484E-01  5.99204E-01  5.99214E-01  5.98891E-01  5.98795E-01  5.99087E-01
  5.99176E-01  5.99434E-01  5.99002E-01  5.98879E-01  5.98961E-01  5.99050E-01
  5.99153E-01  5.98931E-01  5.98838E-01  5.99029E-01  5.98877E-01  5.98948E-01
  5.98629E-01  5.98692E-01  5.99031E-01  5.98693E-01  5.98652E-01  5.98799E-01
  5.98621E-01  5.98324E-01  5.98490E-01  5.98449E-01  5.98300E-01  5.98259E-01
  5.98219E-01  5.98021E-01  5.97898E-01  5.97811E-01  5.97670E-01  5.97570E-01
  5.97314E-01  5.97328E-01  5.97037E-01  5.96731E-01  5.96402E-01  5.96380E-01
  5.95990E-01  5.95765E-01  5.95637E-01  5.95302E-01  5.94767E-01  5.94268E-01
  5.93750E-01  5.93184E-01  5.92710E-01  5.92274E-01  5.91692E-01  5.90954E-01
  5.90009E-01  5.89009E-01  5.87968E-01  5.87057E-01  5.86083E-01  5.85102E-01
  5.84072E-01  5.82516E-01  5.80605E-01  5.78691E-01  5.76773E-01  5.74964E-01
  5.73081E-01  5.71184E-01  5.69338E-01  5.64269E-01  5.60587E-01  5.56909E-01
  5.53185E-01  5.49596E-01  5.46044E-01  5.42537E-01  5.39009E-01  5.35247E-01
  5.28370E-01  5.21426E-01  5.14640E-01  5.08073E-01  5.01516E-01  4.95039E-01
  4.88605E-01  4.81881E-01  4.69515E-01  4.57671E-01  4.46237E-01  4.35085E-01
  4.24072E-01  4.13211E-01  4.02702E-01  3.92120E-01  3.72749E-01  3.53633E-01
  3.34696E-01  3.16599E-01  3.00046E-01  2.84298E-01  2.68588E-01  2.53594E-01
  2.25542E-01  2.00220E-01  1.77587E-01  1.57113E-01  1.38948E-01
