AutoSaveFileName0146.ASC
 IFORMY    0    .00
 (6E13.7)
 IFORMT    0    .00
 (6E13.7)
 IFORMW    0    .00
 (6E13.7)
 NINTT     0   -1.00
 DOUSNQ    0    1.00
 IQUAD          1.00
 PRWT      0    1.00
 PRY       0    1.00
 IPLRES    1    3.00
 IPLRES    2    3.00
 IPRINT    1    0.00
 IPRINT    2    2.00
 IPLFIT    1    0.00
 IPLFIT    2    0.00
 LINEPG    0   50.
 NONNEG    1    1.00
 IWT       0    5.00
 NQPROG    1    5.00
 NQPROG    2    5.00
 GMNMX     1    2.526E-05
 GMNMX     2    2.526E-02
 RUSER    10    -1.00
 NG        0    200.00
 NLINF     0    0.00
 IUSER    10    4.00
 RUSER    21    1.0
 RUSER    22   -1.0
 RUSER    23    0.0
 RUSER    18         291.95136
 RUSER    17         62.99900
 RUSER    19         1.03174
 RUSER    15         1.33200
 RUSER    16         632.80000
 RUSER    25         1
 RUSER    26         0
 END       0    0.00
 NY      131
  3.75000E-07  5.00000E-07  6.25000E-07  7.50000E-07  8.75000E-07  1.00000E-06
  1.12500E-06  1.25000E-06  1.37500E-06  1.50000E-06  1.62500E-06  1.75000E-06
  1.87500E-06  2.00000E-06  2.25000E-06  2.50000E-06  2.75000E-06  3.00000E-06
  3.25000E-06  3.50000E-06  3.75000E-06  4.00000E-06  4.50000E-06  5.00000E-06
  5.50000E-06  6.00000E-06  6.50000E-06  7.00000E-06  7.50000E-06  8.00000E-06
  9.00000E-06  1.00000E-05  1.10000E-05  1.20000E-05  1.30000E-05  1.40000E-05
  1.50000E-05  1.60000E-05  1.80000E-05  2.00000E-05  2.20000E-05  2.40000E-05
  2.60000E-05  2.80000E-05  3.00000E-05  3.20000E-05  3.60000E-05  4.00000E-05
  4.40000E-05  4.80000E-05  5.20000E-05  5.60000E-05  6.00000E-05  6.40000E-05
  7.20000E-05  8.00000E-05  8.80000E-05  9.60000E-05  1.04000E-04  1.12000E-04
  1.20000E-04  1.28000E-04  1.44000E-04  1.60000E-04  1.76000E-04  1.92000E-04
  2.08000E-04  2.24000E-04  2.40000E-04  2.56000E-04  2.88000E-04  3.20000E-04
  3.52000E-04  3.84000E-04  4.16000E-04  4.48000E-04  4.80000E-04  5.12000E-04
  5.76000E-04  6.40000E-04  7.04000E-04  7.68000E-04  8.32000E-04  8.96000E-04
  9.60000E-04  1.02400E-03  1.15200E-03  1.28000E-03  1.40800E-03  1.53600E-03
  1.66400E-03  1.79200E-03  1.92000E-03  2.01600E-03  2.27200E-03  2.52800E-03
  2.78400E-03  3.04000E-03  3.29600E-03  3.55200E-03  3.80800E-03  4.06400E-03
  4.57600E-03  5.08800E-03  5.60000E-03  6.11200E-03  6.62400E-03  7.13600E-03
  7.64800E-03  8.16000E-03  9.18400E-03  1.02080E-02  1.12320E-02  1.22560E-02
  1.32800E-02  1.43040E-02  1.53280E-02  1.63520E-02  1.84000E-02  2.04480E-02
  2.24960E-02  2.45440E-02  2.65920E-02  2.86400E-02  3.06880E-02  3.27360E-02
  3.68320E-02  4.09280E-02  4.50240E-02  4.91200E-02  5.32160E-02
  2.49773E+00  2.48594E+00  2.48337E+00  2.48926E+00  2.48190E+00  2.48519E+00
  2.48283E+00  2.48751E+00  2.48308E+00  2.48356E+00  2.48017E+00  2.48505E+00
  2.47901E+00  2.48073E+00  2.47917E+00  2.48010E+00  2.47693E+00  2.48014E+00
  2.47856E+00  2.47491E+00  2.47947E+00  2.47616E+00  2.47828E+00  2.47822E+00
  2.47290E+00  2.47314E+00  2.47801E+00  2.47555E+00  2.47690E+00  2.47582E+00
  2.47138E+00  2.47174E+00  2.47516E+00  2.46986E+00  2.46979E+00  2.47318E+00
  2.46970E+00  2.46919E+00  2.46799E+00  2.46764E+00  2.46509E+00  2.46458E+00
  2.46185E+00  2.46039E+00  2.46026E+00  2.45868E+00  2.45596E+00  2.45361E+00
  2.45004E+00  2.44763E+00  2.44587E+00  2.44253E+00  2.44086E+00  2.43832E+00
  2.43276E+00  2.42786E+00  2.42234E+00  2.41721E+00  2.41229E+00  2.40635E+00
  2.40154E+00  2.39663E+00  2.38661E+00  2.37651E+00  2.36650E+00  2.35602E+00
  2.34596E+00  2.33622E+00  2.32593E+00  2.31645E+00  2.29652E+00  2.27696E+00
  2.25736E+00  2.23797E+00  2.21926E+00  2.19964E+00  2.18112E+00  2.16131E+00
  2.12459E+00  2.08814E+00  2.05209E+00  2.01692E+00  1.98225E+00  1.94831E+00
  1.91508E+00  1.88099E+00  1.81741E+00  1.75568E+00  1.69581E+00  1.63856E+00
  1.58268E+00  1.52933E+00  1.47774E+00  1.44662E+00  1.35063E+00  1.26151E+00
  1.17847E+00  1.10131E+00  1.03022E+00  9.63790E-01  9.01401E-01  8.42095E-01
  7.36791E-01  6.45971E-01  5.70208E-01  5.02778E-01  4.43299E-01  3.94163E-01
  3.51563E-01  3.16146E-01  2.55380E-01  2.04831E-01  1.66235E-01  1.33732E-01
  1.04219E-01  7.54680E-02  5.31154E-02  3.89030E-02  3.10533E-02  1.94176E-02
  1.51010E-02  1.79811E-02  1.51160E-02  1.81434E-02  1.99736E-02  1.83603E-02
  1.35422E-02  1.02991E-02  1.48135E-02 -1.09821E-03 -1.59904E-02
