AutoSaveFileName0166.ASC
 IFORMY    0    .00
 (6E13.7)
 IFORMT    0    .00
 (6E13.7)
 IFORMW    0    .00
 (6E13.7)
 NINTT     0   -1.00
 DOUSNQ    0    1.00
 IQUAD     0    1.00
 PRWT      0    1.00
 PRY       0    1.00
 IPLRES    1    3.00
 IPLRES    2    3.00
 IPRINT    1    0.00
 IPRINT    2    2.00
 IPLFIT    1    0.00
 IPLFIT    2    0.00
 LINEPG    0   50.
 NONNEG    1    1.00
 IWT       0    5.00
 NQPROG    1    5.00
 NQPROG    2    5.00
 GMNMX     1    4.93732E-03
 GMNMX     2    1.77237E-03
 RUSER    10    -1.00
 NG        0    500.00
 NLINF     0    1.00
 IUSER    10    4.00
 RUSER    21    1.0
 RUSER    22   -1.0
 RUSER    23    0.0
 RUSER    18         292.02473
 RUSER    17         94.99900
 RUSER    19         1.02987
 RUSER    15         1.33200
 RUSER    16         632.80000
 RUSER    25         1
 RUSER    26         0
 END       0    0.00
 NY      162
  7.50000E-07  8.75000E-07  1.00000E-06  1.12500E-06  1.25000E-06  1.37500E-06
  1.50000E-06  1.62500E-06  1.75000E-06  1.87500E-06  2.00000E-06  2.25000E-06
  2.50000E-06  2.75000E-06  3.00000E-06  3.25000E-06  3.50000E-06  3.75000E-06
  4.00000E-06  4.50000E-06  5.00000E-06  5.50000E-06  6.00000E-06  6.50000E-06
  7.00000E-06  7.50000E-06  8.00000E-06  9.00000E-06  1.00000E-05  1.10000E-05
  1.20000E-05  1.30000E-05  1.40000E-05  1.50000E-05  1.60000E-05  1.80000E-05
  2.00000E-05  2.20000E-05  2.40000E-05  2.60000E-05  2.80000E-05  3.00000E-05
  3.20000E-05  3.60000E-05  4.00000E-05  4.40000E-05  4.80000E-05  5.20000E-05
  5.60000E-05  6.00000E-05  6.40000E-05  7.20000E-05  8.00000E-05  8.80000E-05
  9.60000E-05  1.04000E-04  1.12000E-04  1.20000E-04  1.28000E-04  1.44000E-04
  1.60000E-04  1.76000E-04  1.92000E-04  2.08000E-04  2.24000E-04  2.40000E-04
  2.56000E-04  2.88000E-04  3.20000E-04  3.52000E-04  3.84000E-04  4.16000E-04
  4.48000E-04  4.80000E-04  5.12000E-04  5.76000E-04  6.40000E-04  7.04000E-04
  7.68000E-04  8.32000E-04  8.96000E-04  9.60000E-04  1.02400E-03  1.15200E-03
  1.28000E-03  1.40800E-03  1.53600E-03  1.66400E-03  1.79200E-03  1.92000E-03
  2.01600E-03  2.27200E-03  2.52800E-03  2.78400E-03  3.04000E-03  3.29600E-03
  3.55200E-03  3.80800E-03  4.06400E-03  4.57600E-03  5.08800E-03  5.60000E-03
  6.11200E-03  6.62400E-03  7.13600E-03  7.64800E-03  8.16000E-03  9.18400E-03
  1.02080E-02  1.12320E-02  1.22560E-02  1.32800E-02  1.43040E-02  1.53280E-02
  1.63520E-02  1.84000E-02  2.04480E-02  2.24960E-02  2.45440E-02  2.65920E-02
  2.86400E-02  3.06880E-02  3.27360E-02  3.68320E-02  4.09280E-02  4.50240E-02
  4.91200E-02  5.32160E-02  5.73120E-02  6.14080E-02  6.55040E-02  7.36960E-02
  8.18880E-02  9.00800E-02  9.82720E-02  1.06464E-01  1.14656E-01  1.22848E-01
  1.31040E-01  1.47424E-01  1.63808E-01  1.80192E-01  1.96576E-01  2.12960E-01
  2.29344E-01  2.45728E-01  2.62112E-01  2.94880E-01  3.27648E-01  3.60416E-01
  3.93184E-01  4.25952E-01  4.58720E-01  4.91488E-01  5.24256E-01  5.89792E-01
  6.55328E-01  7.20864E-01  7.86400E-01  8.51936E-01  9.17472E-01  9.83008E-01
  1.00000E+00  9.96391E-01  9.98884E-01  9.95402E-01  9.96675E-01  9.93273E-01
  9.93420E-01  9.94114E-01  9.92736E-01  9.90660E-01  9.91533E-01  9.90714E-01
  9.90502E-01  9.87672E-01  9.88590E-01  9.87036E-01  9.86147E-01  9.84832E-01
  9.84734E-01  9.83162E-01  9.80449E-01  9.78713E-01  9.76417E-01  9.75926E-01
  9.74016E-01  9.73207E-01  9.70594E-01  9.67200E-01  9.63573E-01  9.59180E-01
  9.57255E-01  9.53706E-01  9.49510E-01  9.46771E-01  9.43519E-01  9.36458E-01
  9.29904E-01  9.22815E-01  9.15579E-01  9.09148E-01  9.02768E-01  8.96299E-01
  8.90139E-01  8.76580E-01  8.64259E-01  8.52239E-01  8.39211E-01  8.28037E-01
  8.15642E-01  8.03253E-01  7.91732E-01  7.69277E-01  7.47245E-01  7.26398E-01
  7.05270E-01  6.85339E-01  6.65968E-01  6.46783E-01  6.28507E-01  5.92694E-01
  5.59750E-01  5.28281E-01  4.98497E-01  4.70901E-01  4.44498E-01  4.20031E-01
  3.97060E-01  3.53669E-01  3.15392E-01  2.81166E-01  2.50632E-01  2.23230E-01
  1.99180E-01  1.77530E-01  1.58967E-01  1.26357E-01  1.00345E-01  8.02589E-02
  6.42135E-02  5.18606E-02  4.20461E-02  3.42060E-02  2.81118E-02  1.80033E-02
  1.10887E-02  6.37964E-03  3.31050E-03  1.79229E-03  7.18465E-04 -9.56573E-05
 -5.02067E-04 -4.92107E-04 -8.33576E-04 -1.61993E-03 -8.78973E-04  9.34319E-05
 -3.33169E-05 -3.22279E-04  5.49435E-04  1.65185E-03  1.04669E-03  1.58228E-03
  1.78318E-03  1.39837E-03  7.40363E-04  6.22029E-04  1.06052E-03  1.55803E-03
  1.12191E-04 -4.59279E-04  1.13533E-03  5.32201E-04 -9.14308E-04  1.34587E-03
  3.85082E-04 -1.40644E-04 -1.78987E-04 -1.32640E-03 -1.13768E-04  1.19598E-03
 -1.11030E-03 -9.13621E-04  2.72419E-04  5.03354E-04 -1.86181E-04  4.62679E-04
  2.20439E-04 -5.54788E-04 -1.42125E-03 -4.39294E-04 -7.90544E-04 -7.47332E-04
 -4.42343E-05  3.05103E-05  1.32420E-03 -9.80803E-04  2.00913E-04 -1.48927E-04
  6.00364E-06 -2.10832E-04  1.43391E-04 -2.24673E-04 -2.72971E-04  3.73969E-04
  5.47255E-04  3.44948E-04  3.15429E-04  1.69243E-04 -1.92413E-04  2.81375E-04
 -4.07810E-04  7.11733E-05 -1.80123E-04  3.42920E-04 -3.37652E-05  1.17541E-04
 -3.55843E-05  2.26325E-04 -3.58906E-04 -1.85811E-05  6.85849E-05 -9.41245E-05
