AutoSaveFileName0134.ASC
 IFORMY    0    .00
 (6E13.7)
 IFORMT    0    .00
 (6E13.7)
 IFORMW    0    .00
 (6E13.7)
 NINTT     0   -1.00
 DOUSNQ    0    1.00
 IQUAD          1.00
 PRWT      0    1.00
 PRY       0    1.00
 IPLRES    1    3.00
 IPLRES    2    3.00
 IPRINT    1    0.00
 IPRINT    2    2.00
 IPLFIT    1    0.00
 IPLFIT    2    0.00
 LINEPG    0   50.
 NONNEG    1    1.00
 IWT       0    5.00
 NQPROG    1    5.00
 NQPROG    2    5.00
 GMNMX     1    1.657E-05
 GMNMX     2    1.657E-02
 RUSER    10    -1.00
 NG        0    200.00
 NLINF     0    0.00
 IUSER    10    4.00
 RUSER    21    1.0
 RUSER    22   -1.0
 RUSER    23    0.0
 RUSER    18         292.20968
 RUSER    17         79.99800
 RUSER    19         1.02517
 RUSER    15         1.33200
 RUSER    16         632.80000
 RUSER    25         1
 RUSER    26         0
 END       0    0.00
 NY      188
  5.00000E-07  6.25000E-07  7.50000E-07  8.75000E-07  1.00000E-06  1.12500E-06
  1.25000E-06  1.37500E-06  1.50000E-06  1.62500E-06  1.75000E-06  1.87500E-06
  2.00000E-06  2.25000E-06  2.50000E-06  2.75000E-06  3.00000E-06  3.25000E-06
  3.50000E-06  3.75000E-06  4.00000E-06  4.50000E-06  5.00000E-06  5.50000E-06
  6.00000E-06  6.50000E-06  7.00000E-06  7.50000E-06  8.00000E-06  9.00000E-06
  1.00000E-05  1.10000E-05  1.20000E-05  1.30000E-05  1.40000E-05  1.50000E-05
  1.60000E-05  1.80000E-05  2.00000E-05  2.20000E-05  2.40000E-05  2.60000E-05
  2.80000E-05  3.00000E-05  3.20000E-05  3.60000E-05  4.00000E-05  4.40000E-05
  4.80000E-05  5.20000E-05  5.60000E-05  6.00000E-05  6.40000E-05  7.20000E-05
  8.00000E-05  8.80000E-05  9.60000E-05  1.04000E-04  1.12000E-04  1.20000E-04
  1.28000E-04  1.44000E-04  1.60000E-04  1.76000E-04  1.92000E-04  2.08000E-04
  2.24000E-04  2.40000E-04  2.56000E-04  2.88000E-04  3.20000E-04  3.52000E-04
  3.84000E-04  4.16000E-04  4.48000E-04  4.80000E-04  5.12000E-04  5.76000E-04
  6.40000E-04  7.04000E-04  7.68000E-04  8.32000E-04  8.96000E-04  9.60000E-04
  1.02400E-03  1.15200E-03  1.28000E-03  1.40800E-03  1.53600E-03  1.66400E-03
  1.79200E-03  1.92000E-03  2.01600E-03  2.27200E-03  2.52800E-03  2.78400E-03
  3.04000E-03  3.29600E-03  3.55200E-03  3.80800E-03  4.06400E-03  4.57600E-03
  5.08800E-03  5.60000E-03  6.11200E-03  6.62400E-03  7.13600E-03  7.64800E-03
  8.16000E-03  9.18400E-03  1.02080E-02  1.12320E-02  1.22560E-02  1.32800E-02
  1.43040E-02  1.53280E-02  1.63520E-02  1.84000E-02  2.04480E-02  2.24960E-02
  2.45440E-02  2.65920E-02  2.86400E-02  3.06880E-02  3.27360E-02  3.68320E-02
  4.09280E-02  4.50240E-02  4.91200E-02  5.32160E-02  5.73120E-02  6.14080E-02
  6.55040E-02  7.36960E-02  8.18880E-02  9.00800E-02  9.82720E-02  1.06464E-01
  1.14656E-01  1.22848E-01  1.31040E-01  1.47424E-01  1.63808E-01  1.80192E-01
  1.96576E-01  2.12960E-01  2.29344E-01  2.45728E-01  2.62112E-01  2.94880E-01
  3.27648E-01  3.60416E-01  3.93184E-01  4.25952E-01  4.58720E-01  4.91488E-01
  5.24256E-01  5.89792E-01  6.55328E-01  7.20864E-01  7.86400E-01  8.51936E-01
  9.17472E-01  9.83008E-01  1.04854E+00  1.17962E+00  1.31069E+00  1.44176E+00
  1.57283E+00  1.70390E+00  1.83498E+00  1.96605E+00  2.09712E+00  2.35926E+00
  2.62141E+00  2.88355E+00  3.14570E+00  3.40784E+00  3.66998E+00  3.93213E+00
  4.19427E+00  4.71856E+00  5.24285E+00  5.76714E+00  6.29142E+00  6.81571E+00
  7.34000E+00  7.86429E+00
  9.91966E-01  9.89649E-01  9.89076E-01  9.88701E-01  9.88944E-01  9.85649E-01
  9.86886E-01  9.88250E-01  9.84380E-01  9.83805E-01  9.88662E-01  9.86979E-01
  9.85958E-01  9.86288E-01  9.87322E-01  9.86137E-01  9.85341E-01  9.86151E-01
  9.86482E-01  9.86230E-01  9.85933E-01  9.85843E-01  9.83418E-01  9.85321E-01
  9.85754E-01  9.84415E-01  9.84792E-01  9.86480E-01  9.85742E-01  9.85184E-01
  9.84140E-01  9.84089E-01  9.84312E-01  9.83778E-01  9.83986E-01  9.83112E-01
  9.83396E-01  9.82808E-01  9.82779E-01  9.81862E-01  9.82122E-01  9.81279E-01
  9.80888E-01  9.80626E-01  9.80033E-01  9.79065E-01  9.78357E-01  9.77500E-01
  9.76582E-01  9.75817E-01  9.74644E-01  9.73625E-01  9.72814E-01  9.71181E-01
  9.69611E-01  9.67923E-01  9.65863E-01  9.64545E-01  9.62706E-01  9.60893E-01
  9.59074E-01  9.55804E-01  9.52509E-01  9.48823E-01  9.45526E-01  9.42325E-01
  9.38766E-01  9.35501E-01  9.32153E-01  9.25471E-01  9.18647E-01  9.12318E-01
  9.05770E-01  8.99302E-01  8.92823E-01  8.86514E-01  8.80273E-01  8.67710E-01
  8.55385E-01  8.43201E-01  8.31258E-01  8.19572E-01  8.07982E-01  7.96717E-01
  7.82484E-01  7.60579E-01  7.39204E-01  7.18333E-01  6.98118E-01  6.78379E-01
  6.59418E-01  6.40761E-01  6.29465E-01  5.94559E-01  5.61664E-01  5.30479E-01
  5.01211E-01  4.73460E-01  4.47416E-01  4.22707E-01  3.99597E-01  3.56880E-01
  3.19138E-01  2.85983E-01  2.56542E-01  2.30090E-01  2.06180E-01  1.84297E-01
  1.65091E-01  1.32025E-01  1.05569E-01  8.30413E-02  6.47759E-02  4.96513E-02
  3.71745E-02  2.80014E-02  2.16098E-02  1.03512E-02  3.02029E-03 -1.31835E-03
 -4.18871E-03 -6.28924E-03 -7.60810E-03 -5.42544E-03 -5.71741E-03 -5.67133E-03
  2.48143E-03 -6.44423E-04 -2.38257E-03 -5.65855E-03 -4.70513E-03  2.45953E-04
  3.00584E-03 -3.89106E-03 -1.05407E-02 -7.77059E-03 -1.10219E-02 -4.57617E-03
 -1.20416E-03  6.86660E-03 -1.11509E-03 -4.27850E-05  1.20174E-03 -4.70222E-03
 -9.23751E-04  2.23097E-03  5.23329E-04 -3.17012E-03 -6.43754E-03 -2.30710E-03
 -8.86612E-03 -3.23145E-03  1.35820E-03  1.08575E-02 -4.87607E-03 -4.49353E-03
 -5.51205E-03 -7.43488E-04 -1.76517E-03  1.91821E-03  1.90352E-03  4.43377E-04
  2.51378E-03  3.01556E-03 -1.00980E-03 -3.99239E-03 -2.17282E-03 -8.10980E-04
 -3.07371E-03 -2.01491E-04 -1.95996E-04  2.42142E-03 -1.10232E-03  7.61767E-06
 -5.29026E-04 -2.51520E-03 -1.90900E-03  2.38810E-03  2.39245E-04 -3.25704E-03
 -2.25251E-03  4.36810E-04 -7.31295E-04 -7.31959E-04  9.31832E-04 -1.45595E-04
  1.25304E-03  1.23843E-03
