AutoSaveFileName0331.ASC
 IFORMY    0    .00
 (6E13.7)
 IFORMT    0    .00
 (6E13.7)
 IFORMW    0    .00
 (6E13.7)
 NINTT     0   -1.00
 DOUSNQ    0    1.00
 IQUAD          1.00
 PRWT      0    1.00
 PRY       0    1.00
 IPLRES    1    3.00
 IPLRES    2    3.00
 IPRINT    1    0.00
 IPRINT    2    2.00
 IPLFIT    1    0.00
 IPLFIT    2    0.00
 LINEPG    0   50.
 NONNEG    1    1.00
 IWT       0    5.00
 NQPROG    1    5.00
 NQPROG    2    5.00
 GMNMX     1    8.695E-06
 GMNMX     2    8.695E-03
 RUSER    10    -1.00
 NG        0    200.00
 NLINF     0    0.00
 IUSER    10    4.00
 RUSER    21    1.0
 RUSER    22   -1.0
 RUSER    23    0.0
 RUSER    18         292.23374
 RUSER    17         124.99900
 RUSER    19         1.02456
 RUSER    15         1.33200
 RUSER    16         632.80000
 RUSER    25         1
 RUSER    26         0
 END       0    0.00
 NY      131
  3.75000E-07  5.00000E-07  6.25000E-07  7.50000E-07  8.75000E-07  1.00000E-06
  1.12500E-06  1.25000E-06  1.37500E-06  1.50000E-06  1.62500E-06  1.75000E-06
  1.87500E-06  2.00000E-06  2.25000E-06  2.50000E-06  2.75000E-06  3.00000E-06
  3.25000E-06  3.50000E-06  3.75000E-06  4.00000E-06  4.50000E-06  5.00000E-06
  5.50000E-06  6.00000E-06  6.50000E-06  7.00000E-06  7.50000E-06  8.00000E-06
  9.00000E-06  1.00000E-05  1.10000E-05  1.20000E-05  1.30000E-05  1.40000E-05
  1.50000E-05  1.60000E-05  1.80000E-05  2.00000E-05  2.20000E-05  2.40000E-05
  2.60000E-05  2.80000E-05  3.00000E-05  3.20000E-05  3.60000E-05  4.00000E-05
  4.40000E-05  4.80000E-05  5.20000E-05  5.60000E-05  6.00000E-05  6.40000E-05
  7.20000E-05  8.00000E-05  8.80000E-05  9.60000E-05  1.04000E-04  1.12000E-04
  1.20000E-04  1.28000E-04  1.44000E-04  1.60000E-04  1.76000E-04  1.92000E-04
  2.08000E-04  2.24000E-04  2.40000E-04  2.56000E-04  2.88000E-04  3.20000E-04
  3.52000E-04  3.84000E-04  4.16000E-04  4.48000E-04  4.80000E-04  5.12000E-04
  5.76000E-04  6.40000E-04  7.04000E-04  7.68000E-04  8.32000E-04  8.96000E-04
  9.60000E-04  1.02400E-03  1.15200E-03  1.28000E-03  1.40800E-03  1.53600E-03
  1.66400E-03  1.79200E-03  1.92000E-03  2.01600E-03  2.27200E-03  2.52800E-03
  2.78400E-03  3.04000E-03  3.29600E-03  3.55200E-03  3.80800E-03  4.06400E-03
  4.57600E-03  5.08800E-03  5.60000E-03  6.11200E-03  6.62400E-03  7.13600E-03
  7.64800E-03  8.16000E-03  9.18400E-03  1.02080E-02  1.12320E-02  1.22560E-02
  1.32800E-02  1.43040E-02  1.53280E-02  1.63520E-02  1.84000E-02  2.04480E-02
  2.24960E-02  2.45440E-02  2.65920E-02  2.86400E-02  3.06880E-02  3.27360E-02
  3.68320E-02  4.09280E-02  4.50240E-02  4.91200E-02  5.32160E-02
  1.63885E+00  1.63711E+00  1.63829E+00  1.63020E+00  1.63830E+00  1.63494E+00
  1.63517E+00  1.63574E+00  1.62976E+00  1.62786E+00  1.63172E+00  1.62977E+00
  1.62881E+00  1.63019E+00  1.63452E+00  1.63488E+00  1.63496E+00  1.62654E+00
  1.62672E+00  1.62730E+00  1.62860E+00  1.62868E+00  1.62636E+00  1.62876E+00
  1.62415E+00  1.62571E+00  1.62206E+00  1.62324E+00  1.62363E+00  1.62216E+00
  1.62005E+00  1.61933E+00  1.61882E+00  1.61717E+00  1.61443E+00  1.61503E+00
  1.61415E+00  1.61252E+00  1.61025E+00  1.60640E+00  1.60382E+00  1.60129E+00
  1.59785E+00  1.59572E+00  1.59505E+00  1.59090E+00  1.58607E+00  1.58091E+00
  1.57581E+00  1.57035E+00  1.56441E+00  1.55925E+00  1.55435E+00  1.55046E+00
  1.53978E+00  1.52965E+00  1.51972E+00  1.51026E+00  1.49955E+00  1.48943E+00
  1.48072E+00  1.47087E+00  1.45187E+00  1.43269E+00  1.41432E+00  1.39513E+00
  1.37713E+00  1.36012E+00  1.34113E+00  1.32468E+00  1.29045E+00  1.25740E+00
  1.22459E+00  1.19300E+00  1.16292E+00  1.13276E+00  1.10393E+00  1.07587E+00
  1.02231E+00  9.71616E-01  9.22874E-01  8.76595E-01  8.33317E-01  7.92108E-01
  7.53002E-01  7.12176E-01  6.45618E-01  5.85166E-01  5.29678E-01  4.80135E-01
  4.35681E-01  3.96673E-01  3.60816E-01  3.37782E-01  2.80517E-01  2.34374E-01
  1.94722E-01  1.62192E-01  1.36075E-01  1.13044E-01  9.31989E-02  7.97073E-02
  5.98342E-02  4.41090E-02  3.35607E-02  2.64709E-02  2.22632E-02  2.45671E-02
  2.38054E-02  1.74277E-02  2.05869E-05 -8.02658E-03 -1.14152E-02 -1.33281E-02
 -1.12555E-02 -7.03737E-03 -2.77577E-03  3.54916E-04  1.29869E-03  2.05541E-03
 -4.65487E-03 -3.90908E-03  4.03629E-03  1.65397E-02  8.07866E-03 -5.26183E-03
 -7.29640E-03 -3.73469E-03  1.23125E-03 -7.95706E-03  2.50999E-03
