AutoSaveFileName0244.ASC
 IFORMY    0    .00
 (6E13.7)
 IFORMT    0    .00
 (6E13.7)
 IFORMW    0    .00
 (6E13.7)
 NINTT     0   -1.00
 DOUSNQ    0    1.00
 IQUAD          1.00
 PRWT      0    1.00
 PRY       0    1.00
 IPLRES    1    3.00
 IPLRES    2    3.00
 IPRINT    1    0.00
 IPRINT    2    2.00
 IPLFIT    1    0.00
 IPLFIT    2    0.00
 LINEPG    0   50.
 NONNEG    1    1.00
 IWT       0    5.00
 NQPROG    1    5.00
 NQPROG    2    5.00
 GMNMX     1    8.012E-06
 GMNMX     2    8.012E-03
 RUSER    10    -1.00
 NG        0    200.00
 NLINF     0    0.00
 IUSER    10    4.00
 RUSER    21    1.0
 RUSER    22   -1.0
 RUSER    23    0.0
 RUSER    18         292.24550
 RUSER    17         134.99900
 RUSER    19         1.02426
 RUSER    15         1.33200
 RUSER    16         632.80000
 RUSER    25         1
 RUSER    26         0
 END       0    0.00
 NY      188
  5.00000E-07  6.25000E-07  7.50000E-07  8.75000E-07  1.00000E-06  1.12500E-06
  1.25000E-06  1.37500E-06  1.50000E-06  1.62500E-06  1.75000E-06  1.87500E-06
  2.00000E-06  2.25000E-06  2.50000E-06  2.75000E-06  3.00000E-06  3.25000E-06
  3.50000E-06  3.75000E-06  4.00000E-06  4.50000E-06  5.00000E-06  5.50000E-06
  6.00000E-06  6.50000E-06  7.00000E-06  7.50000E-06  8.00000E-06  9.00000E-06
  1.00000E-05  1.10000E-05  1.20000E-05  1.30000E-05  1.40000E-05  1.50000E-05
  1.60000E-05  1.80000E-05  2.00000E-05  2.20000E-05  2.40000E-05  2.60000E-05
  2.80000E-05  3.00000E-05  3.20000E-05  3.60000E-05  4.00000E-05  4.40000E-05
  4.80000E-05  5.20000E-05  5.60000E-05  6.00000E-05  6.40000E-05  7.20000E-05
  8.00000E-05  8.80000E-05  9.60000E-05  1.04000E-04  1.12000E-04  1.20000E-04
  1.28000E-04  1.44000E-04  1.60000E-04  1.76000E-04  1.92000E-04  2.08000E-04
  2.24000E-04  2.40000E-04  2.56000E-04  2.88000E-04  3.20000E-04  3.52000E-04
  3.84000E-04  4.16000E-04  4.48000E-04  4.80000E-04  5.12000E-04  5.76000E-04
  6.40000E-04  7.04000E-04  7.68000E-04  8.32000E-04  8.96000E-04  9.60000E-04
  1.02400E-03  1.15200E-03  1.28000E-03  1.40800E-03  1.53600E-03  1.66400E-03
  1.79200E-03  1.92000E-03  2.01600E-03  2.27200E-03  2.52800E-03  2.78400E-03
  3.04000E-03  3.29600E-03  3.55200E-03  3.80800E-03  4.06400E-03  4.57600E-03
  5.08800E-03  5.60000E-03  6.11200E-03  6.62400E-03  7.13600E-03  7.64800E-03
  8.16000E-03  9.18400E-03  1.02080E-02  1.12320E-02  1.22560E-02  1.32800E-02
  1.43040E-02  1.53280E-02  1.63520E-02  1.84000E-02  2.04480E-02  2.24960E-02
  2.45440E-02  2.65920E-02  2.86400E-02  3.06880E-02  3.27360E-02  3.68320E-02
  4.09280E-02  4.50240E-02  4.91200E-02  5.32160E-02  5.73120E-02  6.14080E-02
  6.55040E-02  7.36960E-02  8.18880E-02  9.00800E-02  9.82720E-02  1.06464E-01
  1.14656E-01  1.22848E-01  1.31040E-01  1.47424E-01  1.63808E-01  1.80192E-01
  1.96576E-01  2.12960E-01  2.29344E-01  2.45728E-01  2.62112E-01  2.94880E-01
  3.27648E-01  3.60416E-01  3.93184E-01  4.25952E-01  4.58720E-01  4.91488E-01
  5.24256E-01  5.89792E-01  6.55328E-01  7.20864E-01  7.86400E-01  8.51936E-01
  9.17472E-01  9.83008E-01  1.04854E+00  1.17962E+00  1.31069E+00  1.44176E+00
  1.57283E+00  1.70390E+00  1.83498E+00  1.96605E+00  2.09712E+00  2.35926E+00
  2.62141E+00  2.88355E+00  3.14570E+00  3.40784E+00  3.66998E+00  3.93213E+00
  4.19427E+00  4.71856E+00  5.24285E+00  5.76714E+00  6.29142E+00  6.81571E+00
  7.34000E+00  7.86429E+00
  9.96841E-01  9.95731E-01  9.95511E-01  9.91852E-01  9.92861E-01  9.91611E-01
  9.93671E-01  9.91737E-01  9.92382E-01  9.91060E-01  9.91467E-01  9.92134E-01
  9.91398E-01  9.90010E-01  9.91703E-01  9.90858E-01  9.91216E-01  9.89807E-01
  9.91227E-01  9.89728E-01  9.90133E-01  9.90297E-01  9.89607E-01  9.89351E-01
  9.88767E-01  9.90276E-01  9.89018E-01  9.88664E-01  9.88623E-01  9.88285E-01
  9.88075E-01  9.87137E-01  9.87739E-01  9.86553E-01  9.86673E-01  9.86197E-01
  9.85802E-01  9.84252E-01  9.83875E-01  9.83450E-01  9.81972E-01  9.81505E-01
  9.80944E-01  9.79640E-01  9.78922E-01  9.77416E-01  9.75661E-01  9.73990E-01
  9.72391E-01  9.70626E-01  9.69078E-01  9.67828E-01  9.65811E-01  9.62319E-01
  9.58788E-01  9.55974E-01  9.52743E-01  9.49412E-01  9.46330E-01  9.42719E-01
  9.39532E-01  9.33170E-01  9.26574E-01  9.20166E-01  9.13845E-01  9.07700E-01
  9.01359E-01  8.95042E-01  8.88936E-01  8.76540E-01  8.64502E-01  8.52534E-01
  8.40860E-01  8.29386E-01  8.18114E-01  8.06881E-01  7.95891E-01  7.74178E-01
  7.53175E-01  7.32789E-01  7.13192E-01  6.94090E-01  6.75636E-01  6.57605E-01
  6.40271E-01  6.06923E-01  5.75417E-01  5.45681E-01  5.17693E-01  4.91337E-01
  4.66277E-01  4.42494E-01  4.25841E-01  3.83609E-01  3.46228E-01  3.13100E-01
  2.83525E-01  2.56923E-01  2.32991E-01  2.11447E-01  1.92628E-01  1.60300E-01
  1.35314E-01  1.14999E-01  9.81859E-02  8.42402E-02  7.32043E-02  6.40154E-02
  5.62234E-02  4.20730E-02  3.24707E-02  2.64472E-02  2.32746E-02  2.15391E-02
  1.91473E-02  1.55001E-02  1.23567E-02  8.90389E-03  9.83798E-03  5.57655E-03
  5.12222E-03  5.93463E-03  1.09500E-03 -5.39626E-04  2.35108E-03  5.09304E-03
  1.82499E-03 -1.73773E-04  4.08172E-03  4.12784E-03  1.70321E-03  4.40190E-03
  2.23187E-03  1.66755E-03 -7.92201E-05 -1.14884E-03 -9.07739E-04  5.94555E-03
  2.98697E-03  8.14903E-03  5.95820E-03 -6.28041E-03 -4.44098E-04  5.90990E-04
 -1.51816E-03 -2.91996E-03  3.40834E-04 -1.11195E-03 -3.02707E-03 -2.82708E-04
 -3.96398E-03 -2.29040E-04  6.12606E-03  3.33834E-03 -3.43094E-03 -3.05187E-03
 -2.99189E-03 -1.54916E-03 -3.33959E-03 -1.79188E-03  1.09114E-03 -3.14306E-03
 -4.08077E-03  1.86807E-03  1.35542E-03  5.81851E-04 -1.75219E-03  1.03238E-03
 -3.84896E-04  1.44275E-03 -1.45365E-04  1.12821E-03  1.14539E-03 -4.30080E-04
 -1.39556E-03 -1.02495E-03  2.51922E-04 -1.73522E-03 -1.29418E-03 -8.96723E-04
  6.06398E-04 -1.68214E-03  2.36766E-04 -7.53772E-04  8.88562E-04 -1.40463E-04
  4.09904E-04  4.85482E-04
