AutoSaveFileName0074.ASC
 IFORMY    0    .00
 (6E13.7)
 IFORMT    0    .00
 (6E13.7)
 IFORMW    0    .00
 (6E13.7)
 NINTT     0   -1.00
 DOUSNQ    0    1.00
 IQUAD     0    1.00
 PRWT      0    1.00
 PRY       0    1.00
 IPLRES    1    3.00
 IPLRES    2    3.00
 IPRINT    1    0.00
 IPRINT    2    2.00
 IPLFIT    1    0.00
 IPLFIT    2    0.00
 LINEPG    0   50.
 NONNEG    1    1.00
 IWT       0    5.00
 NQPROG    1    5.00
 NQPROG    2    5.00
 GMNMX     1    1.50617E-02
 GMNMX     2    5.40678E-03
 RUSER    10    -1.00
 NG        0    500.00
 NLINF     0    1.00
 IUSER    10    4.00
 RUSER    21    1.0
 RUSER    22   -1.0
 RUSER    23    0.0
 RUSER    18         291.94361
 RUSER    17         49.99800
 RUSER    19         1.03194
 RUSER    15         1.33200
 RUSER    16         632.80000
 RUSER    25         1
 RUSER    26         0
 END       0    0.00
 NY      162
  7.50000E-07  8.75000E-07  1.00000E-06  1.12500E-06  1.25000E-06  1.37500E-06
  1.50000E-06  1.62500E-06  1.75000E-06  1.87500E-06  2.00000E-06  2.25000E-06
  2.50000E-06  2.75000E-06  3.00000E-06  3.25000E-06  3.50000E-06  3.75000E-06
  4.00000E-06  4.50000E-06  5.00000E-06  5.50000E-06  6.00000E-06  6.50000E-06
  7.00000E-06  7.50000E-06  8.00000E-06  9.00000E-06  1.00000E-05  1.10000E-05
  1.20000E-05  1.30000E-05  1.40000E-05  1.50000E-05  1.60000E-05  1.80000E-05
  2.00000E-05  2.20000E-05  2.40000E-05  2.60000E-05  2.80000E-05  3.00000E-05
  3.20000E-05  3.60000E-05  4.00000E-05  4.40000E-05  4.80000E-05  5.20000E-05
  5.60000E-05  6.00000E-05  6.40000E-05  7.20000E-05  8.00000E-05  8.80000E-05
  9.60000E-05  1.04000E-04  1.12000E-04  1.20000E-04  1.28000E-04  1.44000E-04
  1.60000E-04  1.76000E-04  1.92000E-04  2.08000E-04  2.24000E-04  2.40000E-04
  2.56000E-04  2.88000E-04  3.20000E-04  3.52000E-04  3.84000E-04  4.16000E-04
  4.48000E-04  4.80000E-04  5.12000E-04  5.76000E-04  6.40000E-04  7.04000E-04
  7.68000E-04  8.32000E-04  8.96000E-04  9.60000E-04  1.02400E-03  1.15200E-03
  1.28000E-03  1.40800E-03  1.53600E-03  1.66400E-03  1.79200E-03  1.92000E-03
  2.01600E-03  2.27200E-03  2.52800E-03  2.78400E-03  3.04000E-03  3.29600E-03
  3.55200E-03  3.80800E-03  4.06400E-03  4.57600E-03  5.08800E-03  5.60000E-03
  6.11200E-03  6.62400E-03  7.13600E-03  7.64800E-03  8.16000E-03  9.18400E-03
  1.02080E-02  1.12320E-02  1.22560E-02  1.32800E-02  1.43040E-02  1.53280E-02
  1.63520E-02  1.84000E-02  2.04480E-02  2.24960E-02  2.45440E-02  2.65920E-02
  2.86400E-02  3.06880E-02  3.27360E-02  3.68320E-02  4.09280E-02  4.50240E-02
  4.91200E-02  5.32160E-02  5.73120E-02  6.14080E-02  6.55040E-02  7.36960E-02
  8.18880E-02  9.00800E-02  9.82720E-02  1.06464E-01  1.14656E-01  1.22848E-01
  1.31040E-01  1.47424E-01  1.63808E-01  1.80192E-01  1.96576E-01  2.12960E-01
  2.29344E-01  2.45728E-01  2.62112E-01  2.94880E-01  3.27648E-01  3.60416E-01
  3.93184E-01  4.25952E-01  4.58720E-01  4.91488E-01  5.24256E-01  5.89792E-01
  6.55328E-01  7.20864E-01  7.86400E-01  8.51936E-01  9.17472E-01  9.83008E-01
  9.99305E-01  1.00000E+00  9.99969E-01  9.97681E-01  9.98664E-01  9.97778E-01
  9.95694E-01  9.97730E-01  9.99272E-01  9.96050E-01  9.97188E-01  9.95482E-01
  9.95743E-01  9.96154E-01  9.94610E-01  9.95273E-01  9.93511E-01  9.95273E-01
  9.94434E-01  9.94540E-01  9.92652E-01  9.92529E-01  9.92669E-01  9.90886E-01
  9.90990E-01  9.90677E-01  9.89438E-01  9.88422E-01  9.86703E-01  9.85099E-01
  9.84644E-01  9.83603E-01  9.82824E-01  9.80805E-01  9.79927E-01  9.78393E-01
  9.75868E-01  9.73252E-01  9.71192E-01  9.69210E-01  9.66597E-01  9.63816E-01
  9.61843E-01  9.58056E-01  9.53005E-01  9.49341E-01  9.44273E-01  9.39752E-01
  9.35664E-01  9.31804E-01  9.27298E-01  9.18563E-01  9.10129E-01  9.01912E-01
  8.94078E-01  8.85426E-01  8.77306E-01  8.69155E-01  8.61396E-01  8.45936E-01
  8.30771E-01  8.15531E-01  8.00874E-01  7.86784E-01  7.72430E-01  7.58683E-01
  7.45149E-01  7.18578E-01  6.92876E-01  6.68429E-01  6.44978E-01  6.22172E-01
  6.00187E-01  5.78844E-01  5.58669E-01  5.19941E-01  4.84304E-01  4.51113E-01
  4.20307E-01  3.91993E-01  3.65480E-01  3.40700E-01  3.17691E-01  2.76388E-01
  2.40749E-01  2.09649E-01  1.82756E-01  1.59791E-01  1.40159E-01  1.23363E-01
  1.12924E-01  8.89823E-02  7.06910E-02  5.59552E-02  4.42645E-02  3.50383E-02
  2.81223E-02  2.23274E-02  1.87245E-02  1.18634E-02  6.33789E-03  3.83053E-03
  2.43314E-03  8.85080E-04 -7.01751E-05 -5.17349E-04 -9.80912E-04 -2.05133E-03
 -3.58031E-04 -3.79655E-03 -3.99019E-03 -2.90381E-04  1.16004E-03  2.92235E-04
 -1.05048E-03  7.60484E-04  6.46674E-04 -2.77431E-03 -1.98602E-03  3.12579E-04
 -3.35917E-04  8.13031E-04 -1.73171E-03  1.73591E-03  1.39097E-03 -2.74609E-03
 -5.35893E-04  1.79995E-03  3.65758E-03  1.18128E-03  2.09883E-04  2.13477E-03
  9.96936E-04  2.72184E-03 -2.12591E-03  7.19556E-04 -8.89688E-04  1.10882E-03
  2.09079E-03 -5.87261E-05 -1.09056E-03  1.69759E-03  1.17436E-03  1.81841E-03
  7.31974E-04  4.46283E-04  9.88003E-04 -3.12894E-04  6.31127E-04 -1.29386E-04
  1.13337E-03  5.39811E-04  5.07956E-04 -6.91939E-04  3.77281E-04  1.93375E-04
  4.77111E-04  1.89523E-04  5.59037E-04  6.81946E-04 -6.96354E-04  1.58753E-03
