AutoSaveFileName0415.ASC
 IFORMY    0    .00
 (6E13.7)
 IFORMT    0    .00
 (6E13.7)
 IFORMW    0    .00
 (6E13.7)
 NINTT     0   -1.00
 DOUSNQ    0    1.00
 IQUAD          1.00
 PRWT      0    1.00
 PRY       0    1.00
 IPLRES    1    3.00
 IPLRES    2    3.00
 IPRINT    1    0.00
 IPRINT    2    2.00
 IPLFIT    1    0.00
 IPLFIT    2    0.00
 LINEPG    0   50.
 NONNEG    1    1.00
 IWT       0    5.00
 NQPROG    1    5.00
 NQPROG    2    5.00
 GMNMX     1    7.211E-06
 GMNMX     2    7.211E-03
 RUSER    10    -1.00
 NG        0    200.00
 NLINF     0    0.00
 IUSER    10    4.00
 RUSER    21    1.0
 RUSER    22   -1.0
 RUSER    23    0.0
 RUSER    18         292.35369
 RUSER    17         152.99900
 RUSER    19         1.02153
 RUSER    15         1.33200
 RUSER    16         632.80000
 RUSER    25         1
 RUSER    26         0
 END       0    0.00
 NY      131
  3.75000E-07  5.00000E-07  6.25000E-07  7.50000E-07  8.75000E-07  1.00000E-06
  1.12500E-06  1.25000E-06  1.37500E-06  1.50000E-06  1.62500E-06  1.75000E-06
  1.87500E-06  2.00000E-06  2.25000E-06  2.50000E-06  2.75000E-06  3.00000E-06
  3.25000E-06  3.50000E-06  3.75000E-06  4.00000E-06  4.50000E-06  5.00000E-06
  5.50000E-06  6.00000E-06  6.50000E-06  7.00000E-06  7.50000E-06  8.00000E-06
  9.00000E-06  1.00000E-05  1.10000E-05  1.20000E-05  1.30000E-05  1.40000E-05
  1.50000E-05  1.60000E-05  1.80000E-05  2.00000E-05  2.20000E-05  2.40000E-05
  2.60000E-05  2.80000E-05  3.00000E-05  3.20000E-05  3.60000E-05  4.00000E-05
  4.40000E-05  4.80000E-05  5.20000E-05  5.60000E-05  6.00000E-05  6.40000E-05
  7.20000E-05  8.00000E-05  8.80000E-05  9.60000E-05  1.04000E-04  1.12000E-04
  1.20000E-04  1.28000E-04  1.44000E-04  1.60000E-04  1.76000E-04  1.92000E-04
  2.08000E-04  2.24000E-04  2.40000E-04  2.56000E-04  2.88000E-04  3.20000E-04
  3.52000E-04  3.84000E-04  4.16000E-04  4.48000E-04  4.80000E-04  5.12000E-04
  5.76000E-04  6.40000E-04  7.04000E-04  7.68000E-04  8.32000E-04  8.96000E-04
  9.60000E-04  1.02400E-03  1.15200E-03  1.28000E-03  1.40800E-03  1.53600E-03
  1.66400E-03  1.79200E-03  1.92000E-03  2.01600E-03  2.27200E-03  2.52800E-03
  2.78400E-03  3.04000E-03  3.29600E-03  3.55200E-03  3.80800E-03  4.06400E-03
  4.57600E-03  5.08800E-03  5.60000E-03  6.11200E-03  6.62400E-03  7.13600E-03
  7.64800E-03  8.16000E-03  9.18400E-03  1.02080E-02  1.12320E-02  1.22560E-02
  1.32800E-02  1.43040E-02  1.53280E-02  1.63520E-02  1.84000E-02  2.04480E-02
  2.24960E-02  2.45440E-02  2.65920E-02  2.86400E-02  3.06880E-02  3.27360E-02
  3.68320E-02  4.09280E-02  4.50240E-02  4.91200E-02  5.32160E-02
  1.57755E+00  1.57201E+00  1.57230E+00  1.57104E+00  1.56677E+00  1.56613E+00
  1.57322E+00  1.56924E+00  1.56876E+00  1.56477E+00  1.57054E+00  1.56956E+00
  1.56380E+00  1.56518E+00  1.55778E+00  1.55607E+00  1.56562E+00  1.55478E+00
  1.55995E+00  1.56089E+00  1.56048E+00  1.55822E+00  1.55834E+00  1.55848E+00
  1.55808E+00  1.55583E+00  1.55905E+00  1.55874E+00  1.55496E+00  1.55823E+00
  1.55603E+00  1.55473E+00  1.55475E+00  1.55602E+00  1.55490E+00  1.55515E+00
  1.54954E+00  1.55061E+00  1.55031E+00  1.54707E+00  1.54623E+00  1.54435E+00
  1.54428E+00  1.54053E+00  1.54156E+00  1.53994E+00  1.53677E+00  1.53320E+00
  1.53023E+00  1.52683E+00  1.52672E+00  1.52176E+00  1.51935E+00  1.51611E+00
  1.51003E+00  1.50495E+00  1.49827E+00  1.49330E+00  1.48615E+00  1.48145E+00
  1.47574E+00  1.46994E+00  1.45941E+00  1.44815E+00  1.43730E+00  1.42653E+00
  1.41645E+00  1.40600E+00  1.39562E+00  1.38511E+00  1.36483E+00  1.34554E+00
  1.32624E+00  1.30634E+00  1.28834E+00  1.27052E+00  1.25396E+00  1.23644E+00
  1.20246E+00  1.17076E+00  1.13996E+00  1.11126E+00  1.08417E+00  1.05718E+00
  1.03143E+00  1.00692E+00  9.60304E-01  9.17446E-01  8.77558E-01  8.40831E-01
  8.06698E-01  7.74582E-01  7.44986E-01  7.25349E-01  6.75172E-01  6.32515E-01
  5.94296E-01  5.60781E-01  5.31555E-01  5.05438E-01  4.83671E-01  4.63525E-01
  4.28635E-01  3.98647E-01  3.74605E-01  3.55832E-01  3.40439E-01  3.27600E-01
  3.15076E-01  3.02243E-01  2.77136E-01  2.53990E-01  2.30633E-01  2.12538E-01
  1.96301E-01  1.84148E-01  1.70023E-01  1.55006E-01  1.35079E-01  1.18182E-01
  1.00122E-01  8.37201E-02  7.06074E-02  6.34221E-02  6.28327E-02  5.35602E-02
  2.50018E-02  1.95702E-02 -1.74165E-04 -2.66259E-03 -1.94297E-03
