AutoSaveFileName0014.ASC
 IFORMY    0    .00
 (6E13.7)
 IFORMT    0    .00
 (6E13.7)
 IFORMW    0    .00
 (6E13.7)
 NINTT     0   -1.00
 DOUSNQ    0    1.00
 IQUAD     0    1.00
 PRWT      0    1.00
 PRY       0    1.00
 IPLRES    1    3.00
 IPLRES    2    3.00
 IPRINT    1    0.00
 IPRINT    2    2.00
 IPLFIT    1    0.00
 IPLFIT    2    0.00
 LINEPG    0   50.
 NONNEG    1    1.00
 IWT       0    5.00
 NQPROG    1    5.00
 NQPROG    2    5.00
 GMNMX     1    8.93328E-02
 GMNMX     2    3.20682E-02
 RUSER    10    -1.00
 NG        0    500.00
 NLINF     0    1.00
 IUSER    10    4.00
 RUSER    21    1.0
 RUSER    22   -1.0
 RUSER    23    0.0
 RUSER    18         291.90076
 RUSER    17         19.99800
 RUSER    19         1.03304
 RUSER    15         1.33200
 RUSER    16         632.80000
 RUSER    25         1
 RUSER    26         0
 END       0    0.00
 NY      162
  7.50000E-07  8.75000E-07  1.00000E-06  1.12500E-06  1.25000E-06  1.37500E-06
  1.50000E-06  1.62500E-06  1.75000E-06  1.87500E-06  2.00000E-06  2.25000E-06
  2.50000E-06  2.75000E-06  3.00000E-06  3.25000E-06  3.50000E-06  3.75000E-06
  4.00000E-06  4.50000E-06  5.00000E-06  5.50000E-06  6.00000E-06  6.50000E-06
  7.00000E-06  7.50000E-06  8.00000E-06  9.00000E-06  1.00000E-05  1.10000E-05
  1.20000E-05  1.30000E-05  1.40000E-05  1.50000E-05  1.60000E-05  1.80000E-05
  2.00000E-05  2.20000E-05  2.40000E-05  2.60000E-05  2.80000E-05  3.00000E-05
  3.20000E-05  3.60000E-05  4.00000E-05  4.40000E-05  4.80000E-05  5.20000E-05
  5.60000E-05  6.00000E-05  6.40000E-05  7.20000E-05  8.00000E-05  8.80000E-05
  9.60000E-05  1.04000E-04  1.12000E-04  1.20000E-04  1.28000E-04  1.44000E-04
  1.60000E-04  1.76000E-04  1.92000E-04  2.08000E-04  2.24000E-04  2.40000E-04
  2.56000E-04  2.88000E-04  3.20000E-04  3.52000E-04  3.84000E-04  4.16000E-04
  4.48000E-04  4.80000E-04  5.12000E-04  5.76000E-04  6.40000E-04  7.04000E-04
  7.68000E-04  8.32000E-04  8.96000E-04  9.60000E-04  1.02400E-03  1.15200E-03
  1.28000E-03  1.40800E-03  1.53600E-03  1.66400E-03  1.79200E-03  1.92000E-03
  2.01600E-03  2.27200E-03  2.52800E-03  2.78400E-03  3.04000E-03  3.29600E-03
  3.55200E-03  3.80800E-03  4.06400E-03  4.57600E-03  5.08800E-03  5.60000E-03
  6.11200E-03  6.62400E-03  7.13600E-03  7.64800E-03  8.16000E-03  9.18400E-03
  1.02080E-02  1.12320E-02  1.22560E-02  1.32800E-02  1.43040E-02  1.53280E-02
  1.63520E-02  1.84000E-02  2.04480E-02  2.24960E-02  2.45440E-02  2.65920E-02
  2.86400E-02  3.06880E-02  3.27360E-02  3.68320E-02  4.09280E-02  4.50240E-02
  4.91200E-02  5.32160E-02  5.73120E-02  6.14080E-02  6.55040E-02  7.36960E-02
  8.18880E-02  9.00800E-02  9.82720E-02  1.06464E-01  1.14656E-01  1.22848E-01
  1.31040E-01  1.47424E-01  1.63808E-01  1.80192E-01  1.96576E-01  2.12960E-01
  2.29344E-01  2.45728E-01  2.62112E-01  2.94880E-01  3.27648E-01  3.60416E-01
  3.93184E-01  4.25952E-01  4.58720E-01  4.91488E-01  5.24256E-01  5.89792E-01
  6.55328E-01  7.20864E-01  7.86400E-01  8.51936E-01  9.17472E-01  9.83008E-01
  9.95141E-01  9.96455E-01  9.96292E-01  9.92591E-01  9.94455E-01  1.00000E+00
  9.92720E-01  9.92633E-01  9.93632E-01  9.91026E-01  9.89453E-01  9.89374E-01
  9.93970E-01  9.93444E-01  9.90764E-01  9.95994E-01  9.90212E-01  9.93047E-01
  9.93738E-01  9.91462E-01  9.93161E-01  9.90518E-01  9.91748E-01  9.89468E-01
  9.91078E-01  9.91913E-01  9.90959E-01  9.89736E-01  9.89808E-01  9.90856E-01
  9.89897E-01  9.89734E-01  9.91004E-01  9.89953E-01  9.88698E-01  9.88775E-01
  9.88703E-01  9.87695E-01  9.86428E-01  9.87801E-01  9.88050E-01  9.87527E-01
  9.86741E-01  9.85378E-01  9.85508E-01  9.84744E-01  9.83521E-01  9.83846E-01
  9.82022E-01  9.81625E-01  9.81292E-01  9.79682E-01  9.78018E-01  9.76921E-01
  9.75553E-01  9.74414E-01  9.72777E-01  9.72846E-01  9.70575E-01  9.67898E-01
  9.65812E-01  9.62787E-01  9.61140E-01  9.58206E-01  9.56209E-01  9.53329E-01
  9.51007E-01  9.46779E-01  9.41902E-01  9.37196E-01  9.32943E-01  9.28510E-01
  9.23611E-01  9.19494E-01  9.14965E-01  9.06562E-01  8.98086E-01  8.89807E-01
  8.81770E-01  8.73691E-01  8.65826E-01  8.57959E-01  8.28795E-01  8.14188E-01
  7.99812E-01  7.85643E-01  7.71767E-01  7.57968E-01  7.44330E-01  7.31539E-01
  7.41001E-01  7.15703E-01  6.91296E-01  6.68010E-01  6.45569E-01  6.23807E-01
  6.02917E-01  5.83157E-01  5.63616E-01  5.26592E-01  4.92500E-01  4.60846E-01
  4.31463E-01  4.04442E-01  3.79396E-01  3.56248E-01  3.35013E-01  2.97028E-01
  2.64100E-01  2.35946E-01  2.11691E-01  1.90602E-01  1.71490E-01  1.54768E-01
  1.40628E-01  1.13286E-01  9.12581E-02  7.60244E-02  6.57936E-02  5.94685E-02
  5.42847E-02  5.00609E-02  4.34488E-02  3.51029E-02  3.00946E-02  2.83084E-02
  2.71306E-02  2.69260E-02  3.06352E-02  2.91503E-02  2.26773E-02  1.54335E-02
  2.33572E-02  2.80515E-02  2.58427E-02  2.05850E-02  8.83987E-03  9.97453E-03
  1.48948E-02  1.71594E-02  1.84475E-02  7.44019E-03  5.17941E-03 -3.53023E-03
  5.98275E-03  3.07888E-03 -2.47816E-03  1.66642E-03  9.26345E-03  1.02431E-02
 -2.08042E-03 -3.78863E-03 -5.09761E-03 -8.76363E-03 -2.76242E-03 -3.05721E-03
  1.65019E-02 -3.95653E-03  1.54329E-03 -7.86082E-03  4.03320E-03  2.80034E-03
