AutoSaveFileName0311.ASC
 IFORMY    0    .00
 (6E13.7)
 IFORMT    0    .00
 (6E13.7)
 IFORMW    0    .00
 (6E13.7)
 NINTT     0   -1.00
 DOUSNQ    0    1.00
 IQUAD          1.00
 PRWT      0    1.00
 PRY       0    1.00
 IPLRES    1    3.00
 IPLRES    2    3.00
 IPRINT    1    0.00
 IPRINT    2    2.00
 IPLFIT    1    0.00
 IPLFIT    2    0.00
 LINEPG    0   50.
 NONNEG    1    1.00
 IWT       0    5.00
 NQPROG    1    5.00
 NQPROG    2    5.00
 GMNMX     1    9.321E-06
 GMNMX     2    9.321E-03
 RUSER    10    -1.00
 NG        0    200.00
 NLINF     0    0.00
 IUSER    10    4.00
 RUSER    21    1.0
 RUSER    22   -1.0
 RUSER    23    0.0
 RUSER    18         292.19574
 RUSER    17         117.99900
 RUSER    19         1.02552
 RUSER    15         1.33200
 RUSER    16         632.80000
 RUSER    25         1
 RUSER    26         0
 END       0    0.00
 NY      131
  3.75000E-07  5.00000E-07  6.25000E-07  7.50000E-07  8.75000E-07  1.00000E-06
  1.12500E-06  1.25000E-06  1.37500E-06  1.50000E-06  1.62500E-06  1.75000E-06
  1.87500E-06  2.00000E-06  2.25000E-06  2.50000E-06  2.75000E-06  3.00000E-06
  3.25000E-06  3.50000E-06  3.75000E-06  4.00000E-06  4.50000E-06  5.00000E-06
  5.50000E-06  6.00000E-06  6.50000E-06  7.00000E-06  7.50000E-06  8.00000E-06
  9.00000E-06  1.00000E-05  1.10000E-05  1.20000E-05  1.30000E-05  1.40000E-05
  1.50000E-05  1.60000E-05  1.80000E-05  2.00000E-05  2.20000E-05  2.40000E-05
  2.60000E-05  2.80000E-05  3.00000E-05  3.20000E-05  3.60000E-05  4.00000E-05
  4.40000E-05  4.80000E-05  5.20000E-05  5.60000E-05  6.00000E-05  6.40000E-05
  7.20000E-05  8.00000E-05  8.80000E-05  9.60000E-05  1.04000E-04  1.12000E-04
  1.20000E-04  1.28000E-04  1.44000E-04  1.60000E-04  1.76000E-04  1.92000E-04
  2.08000E-04  2.24000E-04  2.40000E-04  2.56000E-04  2.88000E-04  3.20000E-04
  3.52000E-04  3.84000E-04  4.16000E-04  4.48000E-04  4.80000E-04  5.12000E-04
  5.76000E-04  6.40000E-04  7.04000E-04  7.68000E-04  8.32000E-04  8.96000E-04
  9.60000E-04  1.02400E-03  1.15200E-03  1.28000E-03  1.40800E-03  1.53600E-03
  1.66400E-03  1.79200E-03  1.92000E-03  2.01600E-03  2.27200E-03  2.52800E-03
  2.78400E-03  3.04000E-03  3.29600E-03  3.55200E-03  3.80800E-03  4.06400E-03
  4.57600E-03  5.08800E-03  5.60000E-03  6.11200E-03  6.62400E-03  7.13600E-03
  7.64800E-03  8.16000E-03  9.18400E-03  1.02080E-02  1.12320E-02  1.22560E-02
  1.32800E-02  1.43040E-02  1.53280E-02  1.63520E-02  1.84000E-02  2.04480E-02
  2.24960E-02  2.45440E-02  2.65920E-02  2.86400E-02  3.06880E-02  3.27360E-02
  3.68320E-02  4.09280E-02  4.50240E-02  4.91200E-02  5.32160E-02
  2.42801E+00  2.42894E+00  2.42369E+00  2.42366E+00  2.41911E+00  2.42142E+00
  2.42183E+00  2.41664E+00  2.41856E+00  2.42137E+00  2.41160E+00  2.40728E+00
  2.40312E+00  2.40893E+00  2.40836E+00  2.41258E+00  2.41481E+00  2.40773E+00
  2.40871E+00  2.40643E+00  2.40629E+00  2.40945E+00  2.40682E+00  2.40936E+00
  2.40491E+00  2.40480E+00  2.40412E+00  2.40383E+00  2.40305E+00  2.40039E+00
  2.39979E+00  2.39797E+00  2.39743E+00  2.39417E+00  2.39311E+00  2.39092E+00
  2.38697E+00  2.38681E+00  2.38265E+00  2.37885E+00  2.37630E+00  2.37140E+00
  2.36710E+00  2.36207E+00  2.36006E+00  2.35761E+00  2.34892E+00  2.34076E+00
  2.33647E+00  2.32597E+00  2.32013E+00  2.31284E+00  2.30539E+00  2.29843E+00
  2.28428E+00  2.26937E+00  2.25590E+00  2.24157E+00  2.22686E+00  2.21288E+00
  2.19943E+00  2.18509E+00  2.15822E+00  2.13087E+00  2.10407E+00  2.07767E+00
  2.05162E+00  2.02605E+00  2.00060E+00  1.97559E+00  1.92678E+00  1.87862E+00
  1.83200E+00  1.78677E+00  1.74223E+00  1.69927E+00  1.65772E+00  1.61707E+00
  1.53827E+00  1.46387E+00  1.39369E+00  1.32658E+00  1.26315E+00  1.20282E+00
  1.14534E+00  1.09152E+00  9.90222E-01  8.98846E-01  8.16346E-01  7.41321E-01
  6.72391E-01  6.10706E-01  5.55520E-01  5.18420E-01  4.28250E-01  3.55331E-01
  2.93360E-01  2.42918E-01  2.01822E-01  1.67321E-01  1.39097E-01  1.16542E-01
  8.22949E-02  5.52620E-02  3.70652E-02  2.91129E-02  2.56146E-02  2.09648E-02
  1.83697E-02  1.33737E-02  5.12387E-03  1.91112E-03 -1.89372E-03 -7.73826E-03
 -9.61953E-03 -6.11421E-03  1.75775E-03  3.58486E-03  3.28675E-03 -1.35611E-02
 -6.35961E-03  5.79458E-03  7.23510E-03  6.22378E-03  4.96934E-03  8.11307E-05
 -1.65278E-02 -8.12138E-03 -1.55134E-03  1.57327E-02  1.31936E-02
