AutoSaveFileName0165.ASC
 IFORMY    0    .00
 (6E13.7)
 IFORMT    0    .00
 (6E13.7)
 IFORMW    0    .00
 (6E13.7)
 NINTT     0   -1.00
 DOUSNQ    0    1.00
 IQUAD          1.00
 PRWT      0    1.00
 PRY       0    1.00
 IPLRES    1    3.00
 IPLRES    2    3.00
 IPRINT    1    0.00
 IPRINT    2    2.00
 IPLFIT    1    0.00
 IPLFIT    2    0.00
 LINEPG    0   50.
 NONNEG    1    1.00
 IWT       0    5.00
 NQPROG    1    5.00
 NQPROG    2    5.00
 GMNMX     1    1.259E-05
 GMNMX     2    1.259E-02
 RUSER    10    -1.00
 NG        0    200.00
 NLINF     0    0.00
 IUSER    10    4.00
 RUSER    21    1.0
 RUSER    22   -1.0
 RUSER    23    0.0
 RUSER    18         292.22171
 RUSER    17         94.99900
 RUSER    19         1.02486
 RUSER    15         1.33200
 RUSER    16         632.80000
 RUSER    25         1
 RUSER    26         0
 END       0    0.00
 NY      188
  5.00000E-07  6.25000E-07  7.50000E-07  8.75000E-07  1.00000E-06  1.12500E-06
  1.25000E-06  1.37500E-06  1.50000E-06  1.62500E-06  1.75000E-06  1.87500E-06
  2.00000E-06  2.25000E-06  2.50000E-06  2.75000E-06  3.00000E-06  3.25000E-06
  3.50000E-06  3.75000E-06  4.00000E-06  4.50000E-06  5.00000E-06  5.50000E-06
  6.00000E-06  6.50000E-06  7.00000E-06  7.50000E-06  8.00000E-06  9.00000E-06
  1.00000E-05  1.10000E-05  1.20000E-05  1.30000E-05  1.40000E-05  1.50000E-05
  1.60000E-05  1.80000E-05  2.00000E-05  2.20000E-05  2.40000E-05  2.60000E-05
  2.80000E-05  3.00000E-05  3.20000E-05  3.60000E-05  4.00000E-05  4.40000E-05
  4.80000E-05  5.20000E-05  5.60000E-05  6.00000E-05  6.40000E-05  7.20000E-05
  8.00000E-05  8.80000E-05  9.60000E-05  1.04000E-04  1.12000E-04  1.20000E-04
  1.28000E-04  1.44000E-04  1.60000E-04  1.76000E-04  1.92000E-04  2.08000E-04
  2.24000E-04  2.40000E-04  2.56000E-04  2.88000E-04  3.20000E-04  3.52000E-04
  3.84000E-04  4.16000E-04  4.48000E-04  4.80000E-04  5.12000E-04  5.76000E-04
  6.40000E-04  7.04000E-04  7.68000E-04  8.32000E-04  8.96000E-04  9.60000E-04
  1.02400E-03  1.15200E-03  1.28000E-03  1.40800E-03  1.53600E-03  1.66400E-03
  1.79200E-03  1.92000E-03  2.01600E-03  2.27200E-03  2.52800E-03  2.78400E-03
  3.04000E-03  3.29600E-03  3.55200E-03  3.80800E-03  4.06400E-03  4.57600E-03
  5.08800E-03  5.60000E-03  6.11200E-03  6.62400E-03  7.13600E-03  7.64800E-03
  8.16000E-03  9.18400E-03  1.02080E-02  1.12320E-02  1.22560E-02  1.32800E-02
  1.43040E-02  1.53280E-02  1.63520E-02  1.84000E-02  2.04480E-02  2.24960E-02
  2.45440E-02  2.65920E-02  2.86400E-02  3.06880E-02  3.27360E-02  3.68320E-02
  4.09280E-02  4.50240E-02  4.91200E-02  5.32160E-02  5.73120E-02  6.14080E-02
  6.55040E-02  7.36960E-02  8.18880E-02  9.00800E-02  9.82720E-02  1.06464E-01
  1.14656E-01  1.22848E-01  1.31040E-01  1.47424E-01  1.63808E-01  1.80192E-01
  1.96576E-01  2.12960E-01  2.29344E-01  2.45728E-01  2.62112E-01  2.94880E-01
  3.27648E-01  3.60416E-01  3.93184E-01  4.25952E-01  4.58720E-01  4.91488E-01
  5.24256E-01  5.89792E-01  6.55328E-01  7.20864E-01  7.86400E-01  8.51936E-01
  9.17472E-01  9.83008E-01  1.04854E+00  1.17962E+00  1.31069E+00  1.44176E+00
  1.57283E+00  1.70390E+00  1.83498E+00  1.96605E+00  2.09712E+00  2.35926E+00
  2.62141E+00  2.88355E+00  3.14570E+00  3.40784E+00  3.66998E+00  3.93213E+00
  4.19427E+00  4.71856E+00  5.24285E+00  5.76714E+00  6.29142E+00  6.81571E+00
  7.34000E+00  7.86429E+00
  9.93780E-01  9.91882E-01  9.93491E-01  9.91568E-01  9.89876E-01  9.90095E-01
  9.91069E-01  9.90041E-01  9.89751E-01  9.90696E-01  9.90251E-01  9.89362E-01
  9.89562E-01  9.89822E-01  9.88794E-01  9.88493E-01  9.88476E-01  9.87523E-01
  9.89367E-01  9.88971E-01  9.88907E-01  9.88476E-01  9.89210E-01  9.87512E-01
  9.88771E-01  9.88994E-01  9.88251E-01  9.87548E-01  9.87142E-01  9.87723E-01
  9.87696E-01  9.86224E-01  9.86041E-01  9.87073E-01  9.85608E-01  9.85282E-01
  9.84849E-01  9.85086E-01  9.84445E-01  9.84243E-01  9.83032E-01  9.83061E-01
  9.82279E-01  9.81488E-01  9.81097E-01  9.79950E-01  9.78673E-01  9.77988E-01
  9.76712E-01  9.75622E-01  9.74538E-01  9.73190E-01  9.72482E-01  9.70135E-01
  9.67648E-01  9.65565E-01  9.63861E-01  9.61468E-01  9.59164E-01  9.57135E-01
  9.54753E-01  9.50279E-01  9.46084E-01  9.41928E-01  9.37285E-01  9.33053E-01
  9.28808E-01  9.24340E-01  9.20116E-01  9.11803E-01  9.03171E-01  8.95039E-01
  8.86690E-01  8.78452E-01  8.70536E-01  8.62499E-01  8.54686E-01  8.39031E-01
  8.23819E-01  8.08824E-01  7.94229E-01  7.79833E-01  7.65833E-01  7.52024E-01
  7.38464E-01  7.12272E-01  6.87128E-01  6.62807E-01  6.39369E-01  6.16831E-01
  5.95404E-01  5.74798E-01  5.60303E-01  5.22565E-01  4.87232E-01  4.54122E-01
  4.23096E-01  3.94375E-01  3.67918E-01  3.43299E-01  3.20748E-01  2.79017E-01
  2.43238E-01  2.13215E-01  1.87369E-01  1.64776E-01  1.45157E-01  1.28178E-01
  1.13915E-01  9.04397E-02  7.27155E-02  5.93637E-02  4.81584E-02  3.80476E-02
  3.04323E-02  2.49304E-02  2.14087E-02  1.48842E-02  1.21736E-02  9.39724E-03
  6.16771E-03  1.54764E-03  1.05958E-03  4.67063E-03  8.10628E-03  2.12755E-03
  2.82199E-03  9.95522E-03  1.24171E-02  8.38136E-03 -4.78173E-04 -3.03491E-03
 -4.82504E-04  4.78708E-03  3.50721E-03  3.45852E-03  5.73542E-04  4.19904E-03
  8.51980E-03  5.80379E-03  4.04965E-03  7.42714E-03  7.20254E-04 -2.65183E-03
 -1.25605E-03 -3.57740E-03 -2.17845E-03 -1.11382E-03  1.81655E-03  1.88440E-03
  2.66424E-03  2.75650E-03 -2.71591E-04 -4.68356E-03 -2.90612E-04  2.05269E-03
 -1.15622E-03 -1.52745E-03 -1.10075E-04 -6.81177E-03 -2.73865E-03 -2.23326E-03
 -2.50775E-03 -2.21586E-03  3.60098E-04  5.31996E-04 -2.89201E-05  1.07490E-03
 -2.76146E-03 -2.76314E-03 -4.77688E-04 -1.29615E-03 -1.98662E-03  1.24078E-03
  4.92299E-04 -8.59126E-04 -2.06907E-03 -7.84184E-05 -2.11918E-04 -2.77336E-04
 -4.60367E-04  1.38191E-03  5.32181E-04 -2.88908E-03  6.80842E-04 -1.31494E-03
  2.57792E-04 -1.87762E-03
