AutoSaveFileName0184.ASC
 IFORMY    0    .00
 (6E13.7)
 IFORMT    0    .00
 (6E13.7)
 IFORMW    0    .00
 (6E13.7)
 NINTT     0   -1.00
 DOUSNQ    0    1.00
 IQUAD          1.00
 PRWT      0    1.00
 PRY       0    1.00
 IPLRES    1    3.00
 IPLRES    2    3.00
 IPRINT    1    0.00
 IPRINT    2    2.00
 IPLFIT    1    0.00
 IPLFIT    2    0.00
 LINEPG    0   50.
 NONNEG    1    1.00
 IWT       0    5.00
 NQPROG    1    5.00
 NQPROG    2    5.00
 GMNMX     1    1.817E-05
 GMNMX     2    1.817E-02
 RUSER    10    -1.00
 NG        0    200.00
 NLINF     0    0.00
 IUSER    10    4.00
 RUSER    21    1.0
 RUSER    22   -1.0
 RUSER    23    0.0
 RUSER    18         292.00399
 RUSER    17         75.99900
 RUSER    19         1.03040
 RUSER    15         1.33200
 RUSER    16         632.80000
 RUSER    25         1
 RUSER    26         0
 END       0    0.00
 NY      131
  3.75000E-07  5.00000E-07  6.25000E-07  7.50000E-07  8.75000E-07  1.00000E-06
  1.12500E-06  1.25000E-06  1.37500E-06  1.50000E-06  1.62500E-06  1.75000E-06
  1.87500E-06  2.00000E-06  2.25000E-06  2.50000E-06  2.75000E-06  3.00000E-06
  3.25000E-06  3.50000E-06  3.75000E-06  4.00000E-06  4.50000E-06  5.00000E-06
  5.50000E-06  6.00000E-06  6.50000E-06  7.00000E-06  7.50000E-06  8.00000E-06
  9.00000E-06  1.00000E-05  1.10000E-05  1.20000E-05  1.30000E-05  1.40000E-05
  1.50000E-05  1.60000E-05  1.80000E-05  2.00000E-05  2.20000E-05  2.40000E-05
  2.60000E-05  2.80000E-05  3.00000E-05  3.20000E-05  3.60000E-05  4.00000E-05
  4.40000E-05  4.80000E-05  5.20000E-05  5.60000E-05  6.00000E-05  6.40000E-05
  7.20000E-05  8.00000E-05  8.80000E-05  9.60000E-05  1.04000E-04  1.12000E-04
  1.20000E-04  1.28000E-04  1.44000E-04  1.60000E-04  1.76000E-04  1.92000E-04
  2.08000E-04  2.24000E-04  2.40000E-04  2.56000E-04  2.88000E-04  3.20000E-04
  3.52000E-04  3.84000E-04  4.16000E-04  4.48000E-04  4.80000E-04  5.12000E-04
  5.76000E-04  6.40000E-04  7.04000E-04  7.68000E-04  8.32000E-04  8.96000E-04
  9.60000E-04  1.02400E-03  1.15200E-03  1.28000E-03  1.40800E-03  1.53600E-03
  1.66400E-03  1.79200E-03  1.92000E-03  2.01600E-03  2.27200E-03  2.52800E-03
  2.78400E-03  3.04000E-03  3.29600E-03  3.55200E-03  3.80800E-03  4.06400E-03
  4.57600E-03  5.08800E-03  5.60000E-03  6.11200E-03  6.62400E-03  7.13600E-03
  7.64800E-03  8.16000E-03  9.18400E-03  1.02080E-02  1.12320E-02  1.22560E-02
  1.32800E-02  1.43040E-02  1.53280E-02  1.63520E-02  1.84000E-02  2.04480E-02
  2.24960E-02  2.45440E-02  2.65920E-02  2.86400E-02  3.06880E-02  3.27360E-02
  3.68320E-02  4.09280E-02  4.50240E-02  4.91200E-02  5.32160E-02
  1.33394E+00  1.33284E+00  1.33155E+00  1.32997E+00  1.33016E+00  1.33053E+00
  1.32878E+00  1.33017E+00  1.32837E+00  1.32962E+00  1.32919E+00  1.32854E+00
  1.32899E+00  1.32860E+00  1.32751E+00  1.32770E+00  1.32806E+00  1.32804E+00
  1.32727E+00  1.32779E+00  1.32822E+00  1.32827E+00  1.32781E+00  1.32713E+00
  1.32649E+00  1.32694E+00  1.32657E+00  1.32676E+00  1.32723E+00  1.32643E+00
  1.32550E+00  1.32532E+00  1.32472E+00  1.32455E+00  1.32345E+00  1.32383E+00
  1.32276E+00  1.32245E+00  1.32174E+00  1.32078E+00  1.31984E+00  1.31895E+00
  1.31786E+00  1.31728E+00  1.31647E+00  1.31556E+00  1.31321E+00  1.31194E+00
  1.30996E+00  1.30808E+00  1.30638E+00  1.30454E+00  1.30283E+00  1.30089E+00
  1.29751E+00  1.29409E+00  1.29037E+00  1.28700E+00  1.28335E+00  1.27982E+00
  1.27639E+00  1.27282E+00  1.26586E+00  1.25896E+00  1.25201E+00  1.24518E+00
  1.23842E+00  1.23183E+00  1.22491E+00  1.21826E+00  1.20516E+00  1.19222E+00
  1.17922E+00  1.16664E+00  1.15407E+00  1.14173E+00  1.12939E+00  1.11745E+00
  1.09393E+00  1.07070E+00  1.04812E+00  1.02587E+00  1.00437E+00  9.83204E-01
  9.62530E-01  9.42383E-01  9.03330E-01  8.66052E-01  8.30472E-01  7.96521E-01
  7.64013E-01  7.32772E-01  7.02896E-01  6.81591E-01  6.28093E-01  5.79221E-01
  5.34185E-01  4.92727E-01  4.54762E-01  4.19600E-01  3.86994E-01  3.57441E-01
  3.04629E-01  2.61131E-01  2.24107E-01  1.92189E-01  1.64372E-01  1.39551E-01
  1.19239E-01  1.03640E-01  7.35563E-02  4.70403E-02  3.01189E-02  2.11862E-02
  1.72840E-02  1.39172E-02  1.28360E-02  1.29138E-02  1.23206E-02  1.03990E-02
  9.34187E-03  7.98699E-03 -2.03056E-03 -1.70235E-02 -2.48726E-02 -2.08140E-02
 -5.74199E-03  1.05182E-02  2.01252E-02  2.53237E-02  2.26032E-02
