AutoSaveFileName0238.ASC
 IFORMY    0    .00
 (6E13.7)
 IFORMT    0    .00
 (6E13.7)
 IFORMW    0    .00
 (6E13.7)
 NINTT     0   -1.00
 DOUSNQ    0    1.00
 IQUAD     0    1.00
 PRWT      0    1.00
 PRY       0    1.00
 IPLRES    1    3.00
 IPLRES    2    3.00
 IPRINT    1    0.00
 IPRINT    2    2.00
 IPLFIT    1    0.00
 IPLFIT    2    0.00
 LINEPG    0   50.
 NONNEG    1    1.00
 IWT       0    5.00
 NQPROG    1    5.00
 NQPROG    2    5.00
 GMNMX     1    3.25889E-03
 GMNMX     2    1.16986E-03
 RUSER    10    -1.00
 NG        0    500.00
 NLINF     0    1.00
 IUSER    10    4.00
 RUSER    21    1.0
 RUSER    22   -1.0
 RUSER    23    0.0
 RUSER    18         292.11703
 RUSER    17         129.99900
 RUSER    19         1.02752
 RUSER    15         1.33200
 RUSER    16         632.80000
 RUSER    25         1
 RUSER    26         0
 END       0    0.00
 NY      162
  7.50000E-07  8.75000E-07  1.00000E-06  1.12500E-06  1.25000E-06  1.37500E-06
  1.50000E-06  1.62500E-06  1.75000E-06  1.87500E-06  2.00000E-06  2.25000E-06
  2.50000E-06  2.75000E-06  3.00000E-06  3.25000E-06  3.50000E-06  3.75000E-06
  4.00000E-06  4.50000E-06  5.00000E-06  5.50000E-06  6.00000E-06  6.50000E-06
  7.00000E-06  7.50000E-06  8.00000E-06  9.00000E-06  1.00000E-05  1.10000E-05
  1.20000E-05  1.30000E-05  1.40000E-05  1.50000E-05  1.60000E-05  1.80000E-05
  2.00000E-05  2.20000E-05  2.40000E-05  2.60000E-05  2.80000E-05  3.00000E-05
  3.20000E-05  3.60000E-05  4.00000E-05  4.40000E-05  4.80000E-05  5.20000E-05
  5.60000E-05  6.00000E-05  6.40000E-05  7.20000E-05  8.00000E-05  8.80000E-05
  9.60000E-05  1.04000E-04  1.12000E-04  1.20000E-04  1.28000E-04  1.44000E-04
  1.60000E-04  1.76000E-04  1.92000E-04  2.08000E-04  2.24000E-04  2.40000E-04
  2.56000E-04  2.88000E-04  3.20000E-04  3.52000E-04  3.84000E-04  4.16000E-04
  4.48000E-04  4.80000E-04  5.12000E-04  5.76000E-04  6.40000E-04  7.04000E-04
  7.68000E-04  8.32000E-04  8.96000E-04  9.60000E-04  1.02400E-03  1.15200E-03
  1.28000E-03  1.40800E-03  1.53600E-03  1.66400E-03  1.79200E-03  1.92000E-03
  2.01600E-03  2.27200E-03  2.52800E-03  2.78400E-03  3.04000E-03  3.29600E-03
  3.55200E-03  3.80800E-03  4.06400E-03  4.57600E-03  5.08800E-03  5.60000E-03
  6.11200E-03  6.62400E-03  7.13600E-03  7.64800E-03  8.16000E-03  9.18400E-03
  1.02080E-02  1.12320E-02  1.22560E-02  1.32800E-02  1.43040E-02  1.53280E-02
  1.63520E-02  1.84000E-02  2.04480E-02  2.24960E-02  2.45440E-02  2.65920E-02
  2.86400E-02  3.06880E-02  3.27360E-02  3.68320E-02  4.09280E-02  4.50240E-02
  4.91200E-02  5.32160E-02  5.73120E-02  6.14080E-02  6.55040E-02  7.36960E-02
  8.18880E-02  9.00800E-02  9.82720E-02  1.06464E-01  1.14656E-01  1.22848E-01
  1.31040E-01  1.47424E-01  1.63808E-01  1.80192E-01  1.96576E-01  2.12960E-01
  2.29344E-01  2.45728E-01  2.62112E-01  2.94880E-01  3.27648E-01  3.60416E-01
  3.93184E-01  4.25952E-01  4.58720E-01  4.91488E-01  5.24256E-01  5.89792E-01
  6.55328E-01  7.20864E-01  7.86400E-01  8.51936E-01  9.17472E-01  9.83008E-01
  1.00000E+00  9.96053E-01  9.97289E-01  9.95904E-01  9.93830E-01  9.91996E-01
  9.92287E-01  9.90696E-01  9.88890E-01  9.89707E-01  9.87995E-01  9.86649E-01
  9.85631E-01  9.83774E-01  9.83981E-01  9.81265E-01  9.81819E-01  9.79366E-01
  9.77644E-01  9.74889E-01  9.72084E-01  9.69620E-01  9.66893E-01  9.62977E-01
  9.62128E-01  9.57874E-01  9.55501E-01  9.49766E-01  9.44969E-01  9.40546E-01
  9.33496E-01  9.29025E-01  9.24779E-01  9.20540E-01  9.15007E-01  9.03793E-01
  8.94743E-01  8.84412E-01  8.75933E-01  8.65362E-01  8.55493E-01  8.45893E-01
  8.37030E-01  8.18182E-01  8.00399E-01  7.83249E-01  7.65930E-01  7.49136E-01
  7.32847E-01  7.16727E-01  7.01052E-01  6.70685E-01  6.41598E-01  6.14067E-01
  5.87351E-01  5.62040E-01  5.37488E-01  5.14112E-01  4.92254E-01  4.50513E-01
  4.12400E-01  3.77743E-01  3.45533E-01  3.16631E-01  2.90206E-01  2.65858E-01
  2.44021E-01  2.04958E-01  1.72434E-01  1.44888E-01  1.21659E-01  1.02307E-01
  8.58482E-02  7.20910E-02  6.10924E-02  4.32923E-02  3.10550E-02  2.28836E-02
  1.67526E-02  1.23056E-02  8.54072E-03  6.07983E-03  4.33025E-03  2.41111E-03
  1.08582E-03  3.13799E-04 -1.63540E-04 -5.38887E-04 -6.80907E-04  2.55158E-04
  8.07001E-04  4.12941E-04 -1.02297E-04  1.63779E-04  8.89596E-04 -1.32069E-03
 -1.04541E-03  4.68143E-04  6.19211E-04  5.59463E-04 -1.19473E-04 -5.17909E-05
  6.08594E-04  4.23213E-04 -2.09978E-04  5.00138E-05 -3.47895E-05  5.71681E-04
  4.62324E-04 -7.91808E-04 -5.62069E-04 -1.58861E-04  5.25944E-04  7.75904E-04
 -1.63031E-04 -6.01992E-04  6.58828E-04  9.43478E-05  6.76155E-04  5.01453E-04
  2.69313E-04  1.51881E-04  3.61689E-04  2.65293E-04 -4.07380E-04 -5.54081E-05
 -2.69559E-04  6.22506E-04  6.65467E-04  5.33056E-06 -1.37992E-04 -5.34171E-05
  7.48239E-05  4.56635E-05 -6.15749E-05 -3.93147E-04  3.65055E-04 -5.50058E-04
  4.14412E-05 -2.93004E-04 -9.11672E-06  1.14794E-05 -4.67311E-04  9.26103E-05
 -1.59969E-04 -1.31006E-04 -9.41580E-05  2.56994E-04 -1.52872E-05  2.30122E-04
  1.03703E-04 -5.39092E-05  3.54246E-05 -9.53666E-05 -1.14746E-04 -1.60941E-04
  3.79633E-05  1.60403E-05  5.94711E-05 -9.00367E-05  1.09683E-04 -4.10335E-05
