AutoSaveFileName0124.ASC
 IFORMY    0    .00
 (6E13.7)
 IFORMT    0    .00
 (6E13.7)
 IFORMW    0    .00
 (6E13.7)
 NINTT     0   -1.00
 DOUSNQ    0    1.00
 IQUAD          1.00
 PRWT      0    1.00
 PRY       0    1.00
 IPLRES    1    3.00
 IPLRES    2    3.00
 IPRINT    1    0.00
 IPRINT    2    2.00
 IPLFIT    1    0.00
 IPLFIT    2    0.00
 LINEPG    0   50.
 NONNEG    1    1.00
 IWT       0    5.00
 NQPROG    1    5.00
 NQPROG    2    5.00
 GMNMX     1    3.131E-05
 GMNMX     2    3.131E-02
 RUSER    10    -1.00
 NG        0    200.00
 NLINF     0    0.00
 IUSER    10    4.00
 RUSER    21    1.0
 RUSER    22   -1.0
 RUSER    23    0.0
 RUSER    18         291.92271
 RUSER    17         55.99900
 RUSER    19         1.03247
 RUSER    15         1.33200
 RUSER    16         632.80000
 RUSER    25         1
 RUSER    26         0
 END       0    0.00
 NY      131
  3.75000E-07  5.00000E-07  6.25000E-07  7.50000E-07  8.75000E-07  1.00000E-06
  1.12500E-06  1.25000E-06  1.37500E-06  1.50000E-06  1.62500E-06  1.75000E-06
  1.87500E-06  2.00000E-06  2.25000E-06  2.50000E-06  2.75000E-06  3.00000E-06
  3.25000E-06  3.50000E-06  3.75000E-06  4.00000E-06  4.50000E-06  5.00000E-06
  5.50000E-06  6.00000E-06  6.50000E-06  7.00000E-06  7.50000E-06  8.00000E-06
  9.00000E-06  1.00000E-05  1.10000E-05  1.20000E-05  1.30000E-05  1.40000E-05
  1.50000E-05  1.60000E-05  1.80000E-05  2.00000E-05  2.20000E-05  2.40000E-05
  2.60000E-05  2.80000E-05  3.00000E-05  3.20000E-05  3.60000E-05  4.00000E-05
  4.40000E-05  4.80000E-05  5.20000E-05  5.60000E-05  6.00000E-05  6.40000E-05
  7.20000E-05  8.00000E-05  8.80000E-05  9.60000E-05  1.04000E-04  1.12000E-04
  1.20000E-04  1.28000E-04  1.44000E-04  1.60000E-04  1.76000E-04  1.92000E-04
  2.08000E-04  2.24000E-04  2.40000E-04  2.56000E-04  2.88000E-04  3.20000E-04
  3.52000E-04  3.84000E-04  4.16000E-04  4.48000E-04  4.80000E-04  5.12000E-04
  5.76000E-04  6.40000E-04  7.04000E-04  7.68000E-04  8.32000E-04  8.96000E-04
  9.60000E-04  1.02400E-03  1.15200E-03  1.28000E-03  1.40800E-03  1.53600E-03
  1.66400E-03  1.79200E-03  1.92000E-03  2.01600E-03  2.27200E-03  2.52800E-03
  2.78400E-03  3.04000E-03  3.29600E-03  3.55200E-03  3.80800E-03  4.06400E-03
  4.57600E-03  5.08800E-03  5.60000E-03  6.11200E-03  6.62400E-03  7.13600E-03
  7.64800E-03  8.16000E-03  9.18400E-03  1.02080E-02  1.12320E-02  1.22560E-02
  1.32800E-02  1.43040E-02  1.53280E-02  1.63520E-02  1.84000E-02  2.04480E-02
  2.24960E-02  2.45440E-02  2.65920E-02  2.86400E-02  3.06880E-02  3.27360E-02
  3.68320E-02  4.09280E-02  4.50240E-02  4.91200E-02  5.32160E-02
  1.60682E+00  1.61014E+00  1.60986E+00  1.60301E+00  1.60226E+00  1.59778E+00
  1.60539E+00  1.59993E+00  1.60148E+00  1.60484E+00  1.59951E+00  1.59962E+00
  1.59923E+00  1.60246E+00  1.59978E+00  1.60109E+00  1.60122E+00  1.59978E+00
  1.59924E+00  1.59926E+00  1.60137E+00  1.59954E+00  1.59854E+00  1.59920E+00
  1.59963E+00  1.59945E+00  1.59578E+00  1.59752E+00  1.59571E+00  1.59809E+00
  1.59701E+00  1.59694E+00  1.59712E+00  1.59540E+00  1.59471E+00  1.59638E+00
  1.59634E+00  1.59616E+00  1.59595E+00  1.59251E+00  1.59274E+00  1.59344E+00
  1.59112E+00  1.59050E+00  1.59000E+00  1.58948E+00  1.58863E+00  1.58695E+00
  1.58494E+00  1.58426E+00  1.58303E+00  1.58178E+00  1.58028E+00  1.57829E+00
  1.57576E+00  1.57289E+00  1.57039E+00  1.56729E+00  1.56466E+00  1.56207E+00
  1.55976E+00  1.55690E+00  1.55072E+00  1.54471E+00  1.53990E+00  1.53464E+00
  1.52946E+00  1.52379E+00  1.51869E+00  1.51334E+00  1.50258E+00  1.49224E+00
  1.48193E+00  1.47135E+00  1.46103E+00  1.45068E+00  1.44067E+00  1.43014E+00
  1.40961E+00  1.39002E+00  1.37029E+00  1.35092E+00  1.33192E+00  1.31324E+00
  1.29498E+00  1.27663E+00  1.24089E+00  1.20661E+00  1.17330E+00  1.14133E+00
  1.10985E+00  1.07945E+00  1.04972E+00  1.02967E+00  9.73625E-01  9.20428E-01
  8.70351E-01  8.22694E-01  7.77633E-01  7.35768E-01  6.96579E-01  6.59718E-01
  5.91489E-01  5.31783E-01  4.78524E-01  4.29323E-01  3.85467E-01  3.47583E-01
  3.13824E-01  2.84169E-01  2.33338E-01  1.91306E-01  1.56044E-01  1.28192E-01
  1.08007E-01  9.28293E-02  7.74212E-02  6.23545E-02  3.98776E-02  2.55625E-02
  1.42585E-02  5.52144E-03  3.03191E-03  1.10572E-03 -5.31323E-03 -9.83507E-03
 -1.71021E-02 -1.35277E-02 -1.78059E-02 -1.43158E-02 -1.68950E-03
