AutoSaveFileName0087.ASC
 IFORMY    0    .00
 (6E13.7)
 IFORMT    0    .00
 (6E13.7)
 IFORMW    0    .00
 (6E13.7)
 NINTT     0   -1.00
 DOUSNQ    0    1.00
 IQUAD          1.00
 PRWT      0    1.00
 PRY       0    1.00
 IPLRES    1    3.00
 IPLRES    2    3.00
 IPRINT    1    0.00
 IPRINT    2    2.00
 IPLFIT    1    0.00
 IPLFIT    2    0.00
 LINEPG    0   50.
 NONNEG    1    1.00
 IWT       0    5.00
 NQPROG    1    5.00
 NQPROG    2    5.00
 GMNMX     1    4.924E-05
 GMNMX     2    4.924E-02
 RUSER    10    -1.00
 NG        0    200.00
 NLINF     0    0.00
 IUSER    10    4.00
 RUSER    21    1.0
 RUSER    22   -1.0
 RUSER    23    0.0
 RUSER    18         291.87928
 RUSER    17         43.99900
 RUSER    19         1.03359
 RUSER    15         1.33200
 RUSER    16         632.80000
 RUSER    25         1
 RUSER    26         0
 END       0    0.00
 NY      131
  3.75000E-07  5.00000E-07  6.25000E-07  7.50000E-07  8.75000E-07  1.00000E-06
  1.12500E-06  1.25000E-06  1.37500E-06  1.50000E-06  1.62500E-06  1.75000E-06
  1.87500E-06  2.00000E-06  2.25000E-06  2.50000E-06  2.75000E-06  3.00000E-06
  3.25000E-06  3.50000E-06  3.75000E-06  4.00000E-06  4.50000E-06  5.00000E-06
  5.50000E-06  6.00000E-06  6.50000E-06  7.00000E-06  7.50000E-06  8.00000E-06
  9.00000E-06  1.00000E-05  1.10000E-05  1.20000E-05  1.30000E-05  1.40000E-05
  1.50000E-05  1.60000E-05  1.80000E-05  2.00000E-05  2.20000E-05  2.40000E-05
  2.60000E-05  2.80000E-05  3.00000E-05  3.20000E-05  3.60000E-05  4.00000E-05
  4.40000E-05  4.80000E-05  5.20000E-05  5.60000E-05  6.00000E-05  6.40000E-05
  7.20000E-05  8.00000E-05  8.80000E-05  9.60000E-05  1.04000E-04  1.12000E-04
  1.20000E-04  1.28000E-04  1.44000E-04  1.60000E-04  1.76000E-04  1.92000E-04
  2.08000E-04  2.24000E-04  2.40000E-04  2.56000E-04  2.88000E-04  3.20000E-04
  3.52000E-04  3.84000E-04  4.16000E-04  4.48000E-04  4.80000E-04  5.12000E-04
  5.76000E-04  6.40000E-04  7.04000E-04  7.68000E-04  8.32000E-04  8.96000E-04
  9.60000E-04  1.02400E-03  1.15200E-03  1.28000E-03  1.40800E-03  1.53600E-03
  1.66400E-03  1.79200E-03  1.92000E-03  2.01600E-03  2.27200E-03  2.52800E-03
  2.78400E-03  3.04000E-03  3.29600E-03  3.55200E-03  3.80800E-03  4.06400E-03
  4.57600E-03  5.08800E-03  5.60000E-03  6.11200E-03  6.62400E-03  7.13600E-03
  7.64800E-03  8.16000E-03  9.18400E-03  1.02080E-02  1.12320E-02  1.22560E-02
  1.32800E-02  1.43040E-02  1.53280E-02  1.63520E-02  1.84000E-02  2.04480E-02
  2.24960E-02  2.45440E-02  2.65920E-02  2.86400E-02  3.06880E-02  3.27360E-02
  3.68320E-02  4.09280E-02  4.50240E-02  4.91200E-02  5.32160E-02
  6.51389E-01  6.50145E-01  6.49280E-01  6.49850E-01  6.48913E-01  6.49658E-01
  6.50015E-01  6.49122E-01  6.49185E-01  6.48858E-01  6.49267E-01  6.49491E-01
  6.49213E-01  6.48974E-01  6.49455E-01  6.48381E-01  6.48547E-01  6.48923E-01
  6.48773E-01  6.49432E-01  6.49052E-01  6.48610E-01  6.48692E-01  6.48587E-01
  6.48601E-01  6.48621E-01  6.48558E-01  6.48323E-01  6.48660E-01  6.48813E-01
  6.48494E-01  6.48555E-01  6.48320E-01  6.48185E-01  6.47887E-01  6.47832E-01
  6.47568E-01  6.47535E-01  6.47544E-01  6.47409E-01  6.46938E-01  6.46778E-01
  6.46649E-01  6.46252E-01  6.46078E-01  6.45963E-01  6.45550E-01  6.45061E-01
  6.44886E-01  6.44339E-01  6.43942E-01  6.43516E-01  6.43090E-01  6.42605E-01
  6.41866E-01  6.41012E-01  6.40108E-01  6.39439E-01  6.38427E-01  6.37753E-01
  6.36868E-01  6.36044E-01  6.34460E-01  6.32786E-01  6.31201E-01  6.29595E-01
  6.27993E-01  6.26433E-01  6.24762E-01  6.23025E-01  6.19841E-01  6.16664E-01
  6.13528E-01  6.10436E-01  6.07296E-01  6.04235E-01  6.01157E-01  5.98045E-01
  5.92054E-01  5.86156E-01  5.80233E-01  5.74461E-01  5.68720E-01  5.63081E-01
  5.57452E-01  5.51988E-01  5.40910E-01  5.30091E-01  5.19564E-01  5.09280E-01
  4.99155E-01  4.89159E-01  4.79267E-01  4.73679E-01  4.54872E-01  4.36710E-01
  4.19110E-01  4.02307E-01  3.86275E-01  3.70992E-01  3.56324E-01  3.42304E-01
  3.15455E-01  2.90208E-01  2.66838E-01  2.45164E-01  2.25245E-01  2.06685E-01
  1.89666E-01  1.73967E-01  1.46025E-01  1.21913E-01  1.02377E-01  8.64850E-02
  7.30172E-02  6.19761E-02  5.22318E-02  4.42877E-02  3.08297E-02  2.00656E-02
  1.19085E-02  5.84425E-03  9.05635E-04 -1.78440E-03 -4.52911E-03 -6.18024E-03
 -1.48289E-02 -1.84420E-02 -1.47224E-02 -1.71310E-02 -2.29776E-02
