AutoSaveFileName0239.ASC
 IFORMY    0    .00
 (6E13.7)
 IFORMT    0    .00
 (6E13.7)
 IFORMW    0    .00
 (6E13.7)
 NINTT     0   -1.00
 DOUSNQ    0    1.00
 IQUAD          1.00
 PRWT      0    1.00
 PRY       0    1.00
 IPLRES    1    3.00
 IPLRES    2    3.00
 IPRINT    1    0.00
 IPRINT    2    2.00
 IPLFIT    1    0.00
 IPLFIT    2    0.00
 LINEPG    0   50.
 NONNEG    1    1.00
 IWT       0    5.00
 NQPROG    1    5.00
 NQPROG    2    5.00
 GMNMX     1    8.326E-06
 GMNMX     2    8.326E-03
 RUSER    10    -1.00
 NG        0    200.00
 NLINF     0    0.00
 IUSER    10    4.00
 RUSER    21    1.0
 RUSER    22   -1.0
 RUSER    23    0.0
 RUSER    18         292.24328
 RUSER    17         129.99900
 RUSER    19         1.02431
 RUSER    15         1.33200
 RUSER    16         632.80000
 RUSER    25         1
 RUSER    26         0
 END       0    0.00
 NY      188
  5.00000E-07  6.25000E-07  7.50000E-07  8.75000E-07  1.00000E-06  1.12500E-06
  1.25000E-06  1.37500E-06  1.50000E-06  1.62500E-06  1.75000E-06  1.87500E-06
  2.00000E-06  2.25000E-06  2.50000E-06  2.75000E-06  3.00000E-06  3.25000E-06
  3.50000E-06  3.75000E-06  4.00000E-06  4.50000E-06  5.00000E-06  5.50000E-06
  6.00000E-06  6.50000E-06  7.00000E-06  7.50000E-06  8.00000E-06  9.00000E-06
  1.00000E-05  1.10000E-05  1.20000E-05  1.30000E-05  1.40000E-05  1.50000E-05
  1.60000E-05  1.80000E-05  2.00000E-05  2.20000E-05  2.40000E-05  2.60000E-05
  2.80000E-05  3.00000E-05  3.20000E-05  3.60000E-05  4.00000E-05  4.40000E-05
  4.80000E-05  5.20000E-05  5.60000E-05  6.00000E-05  6.40000E-05  7.20000E-05
  8.00000E-05  8.80000E-05  9.60000E-05  1.04000E-04  1.12000E-04  1.20000E-04
  1.28000E-04  1.44000E-04  1.60000E-04  1.76000E-04  1.92000E-04  2.08000E-04
  2.24000E-04  2.40000E-04  2.56000E-04  2.88000E-04  3.20000E-04  3.52000E-04
  3.84000E-04  4.16000E-04  4.48000E-04  4.80000E-04  5.12000E-04  5.76000E-04
  6.40000E-04  7.04000E-04  7.68000E-04  8.32000E-04  8.96000E-04  9.60000E-04
  1.02400E-03  1.15200E-03  1.28000E-03  1.40800E-03  1.53600E-03  1.66400E-03
  1.79200E-03  1.92000E-03  2.01600E-03  2.27200E-03  2.52800E-03  2.78400E-03
  3.04000E-03  3.29600E-03  3.55200E-03  3.80800E-03  4.06400E-03  4.57600E-03
  5.08800E-03  5.60000E-03  6.11200E-03  6.62400E-03  7.13600E-03  7.64800E-03
  8.16000E-03  9.18400E-03  1.02080E-02  1.12320E-02  1.22560E-02  1.32800E-02
  1.43040E-02  1.53280E-02  1.63520E-02  1.84000E-02  2.04480E-02  2.24960E-02
  2.45440E-02  2.65920E-02  2.86400E-02  3.06880E-02  3.27360E-02  3.68320E-02
  4.09280E-02  4.50240E-02  4.91200E-02  5.32160E-02  5.73120E-02  6.14080E-02
  6.55040E-02  7.36960E-02  8.18880E-02  9.00800E-02  9.82720E-02  1.06464E-01
  1.14656E-01  1.22848E-01  1.31040E-01  1.47424E-01  1.63808E-01  1.80192E-01
  1.96576E-01  2.12960E-01  2.29344E-01  2.45728E-01  2.62112E-01  2.94880E-01
  3.27648E-01  3.60416E-01  3.93184E-01  4.25952E-01  4.58720E-01  4.91488E-01
  5.24256E-01  5.89792E-01  6.55328E-01  7.20864E-01  7.86400E-01  8.51936E-01
  9.17472E-01  9.83008E-01  1.04854E+00  1.17962E+00  1.31069E+00  1.44176E+00
  1.57283E+00  1.70390E+00  1.83498E+00  1.96605E+00  2.09712E+00  2.35926E+00
  2.62141E+00  2.88355E+00  3.14570E+00  3.40784E+00  3.66998E+00  3.93213E+00
  4.19427E+00  4.71856E+00  5.24285E+00  5.76714E+00  6.29142E+00  6.81571E+00
  7.34000E+00  7.86429E+00
  9.94567E-01  9.93196E-01  9.91409E-01  9.92684E-01  9.92163E-01  9.88976E-01
  9.91303E-01  9.90014E-01  9.90701E-01  9.89265E-01  9.89015E-01  9.88959E-01
  9.89654E-01  9.89970E-01  9.89548E-01  9.89007E-01  9.88502E-01  9.88778E-01
  9.88005E-01  9.88529E-01  9.89448E-01  9.88400E-01  9.87943E-01  9.87200E-01
  9.88083E-01  9.88342E-01  9.87325E-01  9.87052E-01  9.87544E-01  9.86563E-01
  9.86104E-01  9.85339E-01  9.85400E-01  9.84992E-01  9.84337E-01  9.84559E-01
  9.84170E-01  9.83167E-01  9.82460E-01  9.81518E-01  9.80817E-01  9.79888E-01
  9.79313E-01  9.78396E-01  9.77566E-01  9.76266E-01  9.74625E-01  9.72971E-01
  9.71390E-01  9.69599E-01  9.68184E-01  9.66787E-01  9.65124E-01  9.61897E-01
  9.58828E-01  9.55571E-01  9.52571E-01  9.49407E-01  9.46325E-01  9.43024E-01
  9.40034E-01  9.33914E-01  9.27746E-01  9.21469E-01  9.15387E-01  9.09303E-01
  9.03544E-01  8.97402E-01  8.91671E-01  8.80004E-01  8.68464E-01  8.56974E-01
  8.45711E-01  8.34686E-01  8.23806E-01  8.13169E-01  8.02600E-01  7.81674E-01
  7.61539E-01  7.41862E-01  7.22769E-01  7.04433E-01  6.86579E-01  6.69309E-01
  6.52419E-01  6.19923E-01  5.89486E-01  5.60663E-01  5.33119E-01  5.07121E-01
  4.82446E-01  4.58854E-01  4.42620E-01  4.01141E-01  3.63987E-01  3.30736E-01
  3.00871E-01  2.73809E-01  2.49432E-01  2.27395E-01  2.07803E-01  1.73570E-01
  1.45993E-01  1.23657E-01  1.04909E-01  8.99172E-02  7.75131E-02  6.70973E-02
  5.90456E-02  4.63628E-02  3.72275E-02  3.01809E-02  2.39567E-02  1.97607E-02
  1.57350E-02  1.18030E-02  8.96696E-03  6.56878E-03  5.44173E-03  4.19734E-03
  2.37376E-03  1.93170E-03  2.17817E-03  4.66733E-03  4.64597E-03 -3.17365E-05
 -4.80229E-04  2.73887E-03  9.80651E-04  4.84377E-04 -1.28739E-03 -4.64674E-04
  1.64856E-04  2.80268E-03 -1.49245E-03  2.47477E-05  4.96049E-04 -2.14048E-03
  7.91365E-04 -3.43396E-03 -3.48858E-03 -2.93017E-04  4.28804E-03  2.35361E-03
 -7.63993E-04 -4.64435E-04  1.35771E-03  3.25648E-03  7.65715E-04 -2.38664E-03
  1.88058E-03 -1.15703E-03 -5.50668E-05  2.07122E-03  1.61186E-03 -4.14491E-05
 -1.91444E-03  1.32791E-03  2.29569E-03 -1.38906E-04 -1.63898E-03 -5.73110E-04
  1.03684E-03 -6.34180E-04 -9.28466E-04 -1.91946E-03 -1.69770E-04 -7.32665E-04
 -1.12825E-03 -1.26902E-03 -3.06130E-03 -1.53002E-05 -8.28327E-05  1.37841E-04
  1.44952E-03 -1.23438E-03  8.02406E-04  9.78169E-04 -1.71561E-03  5.63850E-04
 -3.18907E-04 -1.41680E-03 -5.64573E-06 -1.35921E-05 -1.61407E-04 -1.12777E-04
 -4.65223E-04  7.01430E-04
