AutoSaveFileName0380.ASC
 IFORMY    0    .00
 (6E13.7)
 IFORMT    0    .00
 (6E13.7)
 IFORMW    0    .00
 (6E13.7)
 NINTT     0   -1.00
 DOUSNQ    0    1.00
 IQUAD          1.00
 PRWT      0    1.00
 PRY       0    1.00
 IPLRES    1    3.00
 IPLRES    2    3.00
 IPRINT    1    0.00
 IPRINT    2    2.00
 IPLFIT    1    0.00
 IPLFIT    2    0.00
 LINEPG    0   50.
 NONNEG    1    1.00
 IWT       0    5.00
 NQPROG    1    5.00
 NQPROG    2    5.00
 GMNMX     1    7.682E-06
 GMNMX     2    7.682E-03
 RUSER    10    -1.00
 NG        0    200.00
 NLINF     0    0.00
 IUSER    10    4.00
 RUSER    21    1.0
 RUSER    22   -1.0
 RUSER    23    0.0
 RUSER    18         292.31223
 RUSER    17         140.99900
 RUSER    19         1.02257
 RUSER    15         1.33200
 RUSER    16         632.80000
 RUSER    25         1
 RUSER    26         0
 END       0    0.00
 NY      131
  3.75000E-07  5.00000E-07  6.25000E-07  7.50000E-07  8.75000E-07  1.00000E-06
  1.12500E-06  1.25000E-06  1.37500E-06  1.50000E-06  1.62500E-06  1.75000E-06
  1.87500E-06  2.00000E-06  2.25000E-06  2.50000E-06  2.75000E-06  3.00000E-06
  3.25000E-06  3.50000E-06  3.75000E-06  4.00000E-06  4.50000E-06  5.00000E-06
  5.50000E-06  6.00000E-06  6.50000E-06  7.00000E-06  7.50000E-06  8.00000E-06
  9.00000E-06  1.00000E-05  1.10000E-05  1.20000E-05  1.30000E-05  1.40000E-05
  1.50000E-05  1.60000E-05  1.80000E-05  2.00000E-05  2.20000E-05  2.40000E-05
  2.60000E-05  2.80000E-05  3.00000E-05  3.20000E-05  3.60000E-05  4.00000E-05
  4.40000E-05  4.80000E-05  5.20000E-05  5.60000E-05  6.00000E-05  6.40000E-05
  7.20000E-05  8.00000E-05  8.80000E-05  9.60000E-05  1.04000E-04  1.12000E-04
  1.20000E-04  1.28000E-04  1.44000E-04  1.60000E-04  1.76000E-04  1.92000E-04
  2.08000E-04  2.24000E-04  2.40000E-04  2.56000E-04  2.88000E-04  3.20000E-04
  3.52000E-04  3.84000E-04  4.16000E-04  4.48000E-04  4.80000E-04  5.12000E-04
  5.76000E-04  6.40000E-04  7.04000E-04  7.68000E-04  8.32000E-04  8.96000E-04
  9.60000E-04  1.02400E-03  1.15200E-03  1.28000E-03  1.40800E-03  1.53600E-03
  1.66400E-03  1.79200E-03  1.92000E-03  2.01600E-03  2.27200E-03  2.52800E-03
  2.78400E-03  3.04000E-03  3.29600E-03  3.55200E-03  3.80800E-03  4.06400E-03
  4.57600E-03  5.08800E-03  5.60000E-03  6.11200E-03  6.62400E-03  7.13600E-03
  7.64800E-03  8.16000E-03  9.18400E-03  1.02080E-02  1.12320E-02  1.22560E-02
  1.32800E-02  1.43040E-02  1.53280E-02  1.63520E-02  1.84000E-02  2.04480E-02
  2.24960E-02  2.45440E-02  2.65920E-02  2.86400E-02  3.06880E-02  3.27360E-02
  3.68320E-02  4.09280E-02  4.50240E-02  4.91200E-02  5.32160E-02
  2.08843E+00  2.09053E+00  2.08264E+00  2.08725E+00  2.08489E+00  2.08179E+00
  2.08497E+00  2.07817E+00  2.07084E+00  2.08028E+00  2.07413E+00  2.08408E+00
  2.08391E+00  2.08078E+00  2.07483E+00  2.07718E+00  2.07226E+00  2.07496E+00
  2.07952E+00  2.07384E+00  2.07564E+00  2.07683E+00  2.07595E+00  2.07242E+00
  2.07645E+00  2.06972E+00  2.07037E+00  2.07128E+00  2.06835E+00  2.06613E+00
  2.06746E+00  2.06251E+00  2.06162E+00  2.06158E+00  2.06088E+00  2.05744E+00
  2.05581E+00  2.05463E+00  2.05262E+00  2.04937E+00  2.04742E+00  2.04454E+00
  2.03795E+00  2.03613E+00  2.03225E+00  2.03013E+00  2.02454E+00  2.01944E+00
  2.01180E+00  2.00638E+00  1.99969E+00  1.99381E+00  1.98744E+00  1.98154E+00
  1.96963E+00  1.95844E+00  1.94618E+00  1.93500E+00  1.92411E+00  1.91094E+00
  1.89970E+00  1.88837E+00  1.86553E+00  1.84284E+00  1.82124E+00  1.79953E+00
  1.77807E+00  1.75636E+00  1.73626E+00  1.71556E+00  1.67549E+00  1.63592E+00
  1.59808E+00  1.56082E+00  1.52485E+00  1.48977E+00  1.45505E+00  1.42200E+00
  1.35851E+00  1.29800E+00  1.24041E+00  1.18623E+00  1.13451E+00  1.08559E+00
  1.03898E+00  9.97964E-01  9.16334E-01  8.43440E-01  7.76700E-01  7.15833E-01
  6.60683E-01  6.11349E-01  5.66430E-01  5.36268E-01  4.64486E-01  4.05588E-01
  3.57588E-01  3.17820E-01  2.85908E-01  2.59402E-01  2.37074E-01  2.16505E-01
  1.82051E-01  1.56864E-01  1.35417E-01  1.19861E-01  1.05628E-01  9.19027E-02
  8.24716E-02  7.77067E-02  7.04429E-02  6.32983E-02  5.96288E-02  5.05257E-02
  4.04721E-02  3.74658E-02  3.56522E-02  3.18588E-02  1.63774E-02  1.77502E-02
  1.03305E-02  1.05823E-03  8.77220E-04  4.51963E-03  6.62612E-04 -6.42293E-03
 -1.04642E-02 -3.16235E-02 -1.22970E-02 -6.56709E-04  1.22254E-03
