AutoSaveFileName0057.ASC
 IFORMY    0    .00
 (6E13.7)
 IFORMT    0    .00
 (6E13.7)
 IFORMW    0    .00
 (6E13.7)
 NINTT     0   -1.00
 DOUSNQ    0    1.00
 IQUAD          1.00
 PRWT      0    1.00
 PRY       0    1.00
 IPLRES    1    3.00
 IPLRES    2    3.00
 IPRINT    1    0.00
 IPRINT    2    2.00
 IPLFIT    1    0.00
 IPLFIT    2    0.00
 LINEPG    0   50.
 NONNEG    1    1.00
 IWT       0    5.00
 NQPROG    1    5.00
 NQPROG    2    5.00
 GMNMX     1    8.091E-05
 GMNMX     2    8.091E-02
 RUSER    10    -1.00
 NG        0    200.00
 NLINF     0    0.00
 IUSER    10    4.00
 RUSER    21    1.0
 RUSER    22   -1.0
 RUSER    23    0.0
 RUSER    18         291.84857
 RUSER    17         33.99900
 RUSER    19         1.03438
 RUSER    15         1.33200
 RUSER    16         632.80000
 RUSER    25         1
 RUSER    26         0
 END       0    0.00
 NY      131
  3.75000E-07  5.00000E-07  6.25000E-07  7.50000E-07  8.75000E-07  1.00000E-06
  1.12500E-06  1.25000E-06  1.37500E-06  1.50000E-06  1.62500E-06  1.75000E-06
  1.87500E-06  2.00000E-06  2.25000E-06  2.50000E-06  2.75000E-06  3.00000E-06
  3.25000E-06  3.50000E-06  3.75000E-06  4.00000E-06  4.50000E-06  5.00000E-06
  5.50000E-06  6.00000E-06  6.50000E-06  7.00000E-06  7.50000E-06  8.00000E-06
  9.00000E-06  1.00000E-05  1.10000E-05  1.20000E-05  1.30000E-05  1.40000E-05
  1.50000E-05  1.60000E-05  1.80000E-05  2.00000E-05  2.20000E-05  2.40000E-05
  2.60000E-05  2.80000E-05  3.00000E-05  3.20000E-05  3.60000E-05  4.00000E-05
  4.40000E-05  4.80000E-05  5.20000E-05  5.60000E-05  6.00000E-05  6.40000E-05
  7.20000E-05  8.00000E-05  8.80000E-05  9.60000E-05  1.04000E-04  1.12000E-04
  1.20000E-04  1.28000E-04  1.44000E-04  1.60000E-04  1.76000E-04  1.92000E-04
  2.08000E-04  2.24000E-04  2.40000E-04  2.56000E-04  2.88000E-04  3.20000E-04
  3.52000E-04  3.84000E-04  4.16000E-04  4.48000E-04  4.80000E-04  5.12000E-04
  5.76000E-04  6.40000E-04  7.04000E-04  7.68000E-04  8.32000E-04  8.96000E-04
  9.60000E-04  1.02400E-03  1.15200E-03  1.28000E-03  1.40800E-03  1.53600E-03
  1.66400E-03  1.79200E-03  1.92000E-03  2.01600E-03  2.27200E-03  2.52800E-03
  2.78400E-03  3.04000E-03  3.29600E-03  3.55200E-03  3.80800E-03  4.06400E-03
  4.57600E-03  5.08800E-03  5.60000E-03  6.11200E-03  6.62400E-03  7.13600E-03
  7.64800E-03  8.16000E-03  9.18400E-03  1.02080E-02  1.12320E-02  1.22560E-02
  1.32800E-02  1.43040E-02  1.53280E-02  1.63520E-02  1.84000E-02  2.04480E-02
  2.24960E-02  2.45440E-02  2.65920E-02  2.86400E-02  3.06880E-02  3.27360E-02
  3.68320E-02  4.09280E-02  4.50240E-02  4.91200E-02  5.32160E-02
  8.48048E-01  8.51246E-01  8.50757E-01  8.50894E-01  8.46095E-01  8.51631E-01
  8.46840E-01  8.45623E-01  8.48108E-01  8.46767E-01  8.50208E-01  8.48835E-01
  8.49091E-01  8.46675E-01  8.47496E-01  8.46540E-01  8.46441E-01  8.47203E-01
  8.46285E-01  8.40888E-01  8.47493E-01  8.48653E-01  8.45535E-01  8.46479E-01
  8.47486E-01  8.47637E-01  8.45410E-01  8.46104E-01  8.46240E-01  8.46018E-01
  8.46686E-01  8.46504E-01  8.46038E-01  8.45778E-01  8.45584E-01  8.46010E-01
  8.46586E-01  8.45732E-01  8.46771E-01  8.45818E-01  8.45117E-01  8.45462E-01
  8.45416E-01  8.44555E-01  8.44697E-01  8.44883E-01  8.45035E-01  8.44464E-01
  8.44171E-01  8.44264E-01  8.43090E-01  8.43279E-01  8.42810E-01  8.42433E-01
  8.41674E-01  8.40970E-01  8.40450E-01  8.39622E-01  8.39178E-01  8.38330E-01
  8.37747E-01  8.37515E-01  8.36294E-01  8.35166E-01  8.33930E-01  8.32787E-01
  8.31164E-01  8.30304E-01  8.29154E-01  8.27802E-01  8.25345E-01  8.22669E-01
  8.20795E-01  8.18420E-01  8.15818E-01  8.13475E-01  8.11032E-01  8.08859E-01
  8.04746E-01  7.99972E-01  7.95372E-01  7.90908E-01  7.86312E-01  7.81645E-01
  7.77192E-01  7.71301E-01  7.62631E-01  7.54056E-01  7.45570E-01  7.37321E-01
  7.29350E-01  7.21331E-01  7.13378E-01  7.05717E-01  6.90191E-01  6.75355E-01
  6.60769E-01  6.47055E-01  6.33659E-01  6.20401E-01  6.07127E-01  5.93912E-01
  5.68017E-01  5.43626E-01  5.20369E-01  4.98289E-01  4.77695E-01  4.58295E-01
  4.39222E-01  4.20556E-01  3.85922E-01  3.54177E-01  3.25243E-01  2.98921E-01
  2.75282E-01  2.54331E-01  2.34733E-01  2.16904E-01  1.83330E-01  1.53215E-01
  1.28241E-01  1.07111E-01  8.89821E-02  7.25575E-02  5.65164E-02  4.37722E-02
  2.22638E-02  8.55341E-03 -7.08315E-04 -7.77368E-04  6.82684E-03
