AutoSaveFileName0230.ASC
 IFORMY    0    .00
 (6E13.7)
 IFORMT    0    .00
 (6E13.7)
 IFORMW    0    .00
 (6E13.7)
 NINTT     0   -1.00
 DOUSNQ    0    1.00
 IQUAD     0    1.00
 PRWT      0    1.00
 PRY       0    1.00
 IPLRES    1    3.00
 IPLRES    2    3.00
 IPRINT    1    0.00
 IPRINT    2    2.00
 IPLFIT    1    0.00
 IPLFIT    2    0.00
 LINEPG    0   50.
 NONNEG    1    1.00
 IWT       0    5.00
 NQPROG    1    5.00
 NQPROG    2    5.00
 GMNMX     1    3.25979E-03
 GMNMX     2    1.17018E-03
 RUSER    10    -1.00
 NG        0    500.00
 NLINF     0    1.00
 IUSER    10    4.00
 RUSER    21    1.0
 RUSER    22   -1.0
 RUSER    23    0.0
 RUSER    18         292.10687
 RUSER    17         129.99900
 RUSER    19         1.02777
 RUSER    15         1.33200
 RUSER    16         632.80000
 RUSER    25         1
 RUSER    26         0
 END       0    0.00
 NY      162
  7.50000E-07  8.75000E-07  1.00000E-06  1.12500E-06  1.25000E-06  1.37500E-06
  1.50000E-06  1.62500E-06  1.75000E-06  1.87500E-06  2.00000E-06  2.25000E-06
  2.50000E-06  2.75000E-06  3.00000E-06  3.25000E-06  3.50000E-06  3.75000E-06
  4.00000E-06  4.50000E-06  5.00000E-06  5.50000E-06  6.00000E-06  6.50000E-06
  7.00000E-06  7.50000E-06  8.00000E-06  9.00000E-06  1.00000E-05  1.10000E-05
  1.20000E-05  1.30000E-05  1.40000E-05  1.50000E-05  1.60000E-05  1.80000E-05
  2.00000E-05  2.20000E-05  2.40000E-05  2.60000E-05  2.80000E-05  3.00000E-05
  3.20000E-05  3.60000E-05  4.00000E-05  4.40000E-05  4.80000E-05  5.20000E-05
  5.60000E-05  6.00000E-05  6.40000E-05  7.20000E-05  8.00000E-05  8.80000E-05
  9.60000E-05  1.04000E-04  1.12000E-04  1.20000E-04  1.28000E-04  1.44000E-04
  1.60000E-04  1.76000E-04  1.92000E-04  2.08000E-04  2.24000E-04  2.40000E-04
  2.56000E-04  2.88000E-04  3.20000E-04  3.52000E-04  3.84000E-04  4.16000E-04
  4.48000E-04  4.80000E-04  5.12000E-04  5.76000E-04  6.40000E-04  7.04000E-04
  7.68000E-04  8.32000E-04  8.96000E-04  9.60000E-04  1.02400E-03  1.15200E-03
  1.28000E-03  1.40800E-03  1.53600E-03  1.66400E-03  1.79200E-03  1.92000E-03
  2.01600E-03  2.27200E-03  2.52800E-03  2.78400E-03  3.04000E-03  3.29600E-03
  3.55200E-03  3.80800E-03  4.06400E-03  4.57600E-03  5.08800E-03  5.60000E-03
  6.11200E-03  6.62400E-03  7.13600E-03  7.64800E-03  8.16000E-03  9.18400E-03
  1.02080E-02  1.12320E-02  1.22560E-02  1.32800E-02  1.43040E-02  1.53280E-02
  1.63520E-02  1.84000E-02  2.04480E-02  2.24960E-02  2.45440E-02  2.65920E-02
  2.86400E-02  3.06880E-02  3.27360E-02  3.68320E-02  4.09280E-02  4.50240E-02
  4.91200E-02  5.32160E-02  5.73120E-02  6.14080E-02  6.55040E-02  7.36960E-02
  8.18880E-02  9.00800E-02  9.82720E-02  1.06464E-01  1.14656E-01  1.22848E-01
  1.31040E-01  1.47424E-01  1.63808E-01  1.80192E-01  1.96576E-01  2.12960E-01
  2.29344E-01  2.45728E-01  2.62112E-01  2.94880E-01  3.27648E-01  3.60416E-01
  3.93184E-01  4.25952E-01  4.58720E-01  4.91488E-01  5.24256E-01  5.89792E-01
  6.55328E-01  7.20864E-01  7.86400E-01  8.51936E-01  9.17472E-01  9.83008E-01
  9.95511E-01  9.94871E-01  1.00000E+00  9.88724E-01  9.92212E-01  9.87838E-01
  9.86837E-01  9.86820E-01  9.82389E-01  9.82216E-01  9.82980E-01  9.84790E-01
  9.76434E-01  9.83797E-01  9.78060E-01  9.73365E-01  9.80689E-01  9.75109E-01
  9.72783E-01  9.71151E-01  9.67544E-01  9.66410E-01  9.65473E-01  9.60795E-01
  9.57038E-01  9.53602E-01  9.52078E-01  9.46519E-01  9.39759E-01  9.37939E-01
  9.30758E-01  9.24596E-01  9.20584E-01  9.15519E-01  9.09520E-01  8.99197E-01
  8.89288E-01  8.80004E-01  8.71708E-01  8.60574E-01  8.51455E-01  8.40947E-01
  8.32553E-01  8.14339E-01  7.96566E-01  7.78067E-01  7.61648E-01  7.43480E-01
  7.29735E-01  7.13116E-01  6.97534E-01  6.66993E-01  6.37619E-01  6.11110E-01
  5.83539E-01  5.60028E-01  5.35423E-01  5.10973E-01  4.89085E-01  4.48142E-01
  4.10773E-01  3.76305E-01  3.44669E-01  3.15578E-01  2.88523E-01  2.64563E-01
  2.42559E-01  2.03948E-01  1.71522E-01  1.43766E-01  1.20267E-01  1.01223E-01
  8.56667E-02  7.17904E-02  6.11170E-02  4.42143E-02  3.42784E-02  2.62575E-02
  2.07224E-02  1.61232E-02  1.19637E-02  9.86030E-03  6.97461E-03  1.37276E-03
 -2.47107E-03 -3.13180E-03 -7.44427E-04 -7.40709E-04 -2.57426E-03 -1.47947E-03
 -1.29579E-03 -7.79811E-04  5.91009E-04  2.35034E-03  3.91790E-03  1.09457E-03
 -3.17552E-04 -5.96904E-04  2.63046E-04  1.14793E-03  2.83356E-03  3.29096E-03
  7.21745E-03  7.58087E-03  2.69517E-03 -5.23456E-04 -3.42498E-03  2.61040E-03
  6.37159E-04  2.27827E-03 -3.02002E-04  1.29906E-03  3.68598E-03 -1.80170E-03
 -8.83158E-04  1.67331E-03  5.81794E-04  8.20830E-04 -2.47962E-03  1.81245E-03
 -1.52013E-03  1.02855E-03  7.32463E-04 -2.20239E-04 -1.42844E-04  1.38929E-03
  7.68544E-04  2.76816E-03  1.62230E-03 -7.68685E-04  7.75138E-04  4.91951E-04
 -8.07788E-04 -4.99207E-04 -8.04111E-04 -1.19305E-03  7.73108E-04 -2.21549E-03
 -5.37597E-05 -5.22378E-04 -1.10123E-03 -6.36300E-04 -1.52628E-03 -8.66586E-04
 -2.56313E-04 -1.24623E-04  7.56128E-05  6.55183E-04  1.40588E-03  2.91713E-05
  1.07618E-03 -7.54083E-04 -6.04351E-04 -1.17570E-03 -5.31947E-04 -3.67866E-04
  6.43338E-04  3.56753E-04 -9.29221E-06 -9.31240E-04  4.22531E-05  3.30893E-04
