AutoSaveFileName0010.ASC
 IFORMY    0    .00
 (6E13.7)
 IFORMT    0    .00
 (6E13.7)
 IFORMW    0    .00
 (6E13.7)
 NINTT     0   -1.00
 DOUSNQ    0    1.00
 IQUAD          1.00
 PRWT      0    1.00
 PRY       0    1.00
 IPLRES    1    3.00
 IPLRES    2    3.00
 IPRINT    1    0.00
 IPRINT    2    2.00
 IPLFIT    1    0.00
 IPLFIT    2    0.00
 LINEPG    0   50.
 NONNEG    1    1.00
 IWT       0    5.00
 NQPROG    1    5.00
 NQPROG    2    5.00
 GMNMX     1    2.274E-04
 GMNMX     2    2.274E-01
 RUSER    10    -1.00
 NG        0    200.00
 NLINF     0    0.00
 IUSER    10    4.00
 RUSER    21    1.0
 RUSER    22   -1.0
 RUSER    23    0.0
 RUSER    18         292.15444
 RUSER    17         19.99800
 RUSER    19         1.02657
 RUSER    15         1.33200
 RUSER    16         632.80000
 RUSER    25         1
 RUSER    26         0
 END       0    0.00
 NY      188
  5.00000E-07  6.25000E-07  7.50000E-07  8.75000E-07  1.00000E-06  1.12500E-06
  1.25000E-06  1.37500E-06  1.50000E-06  1.62500E-06  1.75000E-06  1.87500E-06
  2.00000E-06  2.25000E-06  2.50000E-06  2.75000E-06  3.00000E-06  3.25000E-06
  3.50000E-06  3.75000E-06  4.00000E-06  4.50000E-06  5.00000E-06  5.50000E-06
  6.00000E-06  6.50000E-06  7.00000E-06  7.50000E-06  8.00000E-06  9.00000E-06
  1.00000E-05  1.10000E-05  1.20000E-05  1.30000E-05  1.40000E-05  1.50000E-05
  1.60000E-05  1.80000E-05  2.00000E-05  2.20000E-05  2.40000E-05  2.60000E-05
  2.80000E-05  3.00000E-05  3.20000E-05  3.60000E-05  4.00000E-05  4.40000E-05
  4.80000E-05  5.20000E-05  5.60000E-05  6.00000E-05  6.40000E-05  7.20000E-05
  8.00000E-05  8.80000E-05  9.60000E-05  1.04000E-04  1.12000E-04  1.20000E-04
  1.28000E-04  1.44000E-04  1.60000E-04  1.76000E-04  1.92000E-04  2.08000E-04
  2.24000E-04  2.40000E-04  2.56000E-04  2.88000E-04  3.20000E-04  3.52000E-04
  3.84000E-04  4.16000E-04  4.48000E-04  4.80000E-04  5.12000E-04  5.76000E-04
  6.40000E-04  7.04000E-04  7.68000E-04  8.32000E-04  8.96000E-04  9.60000E-04
  1.02400E-03  1.15200E-03  1.28000E-03  1.40800E-03  1.53600E-03  1.66400E-03
  1.79200E-03  1.92000E-03  2.01600E-03  2.27200E-03  2.52800E-03  2.78400E-03
  3.04000E-03  3.29600E-03  3.55200E-03  3.80800E-03  4.06400E-03  4.57600E-03
  5.08800E-03  5.60000E-03  6.11200E-03  6.62400E-03  7.13600E-03  7.64800E-03
  8.16000E-03  9.18400E-03  1.02080E-02  1.12320E-02  1.22560E-02  1.32800E-02
  1.43040E-02  1.53280E-02  1.63520E-02  1.84000E-02  2.04480E-02  2.24960E-02
  2.45440E-02  2.65920E-02  2.86400E-02  3.06880E-02  3.27360E-02  3.68320E-02
  4.09280E-02  4.50240E-02  4.91200E-02  5.32160E-02  5.73120E-02  6.14080E-02
  6.55040E-02  7.36960E-02  8.18880E-02  9.00800E-02  9.82720E-02  1.06464E-01
  1.14656E-01  1.22848E-01  1.31040E-01  1.47424E-01  1.63808E-01  1.80192E-01
  1.96576E-01  2.12960E-01  2.29344E-01  2.45728E-01  2.62112E-01  2.94880E-01
  3.27648E-01  3.60416E-01  3.93184E-01  4.25952E-01  4.58720E-01  4.91488E-01
  5.24256E-01  5.89792E-01  6.55328E-01  7.20864E-01  7.86400E-01  8.51936E-01
  9.17472E-01  9.83008E-01  1.04854E+00  1.17962E+00  1.31069E+00  1.44176E+00
  1.57283E+00  1.70390E+00  1.83498E+00  1.96605E+00  2.09712E+00  2.35926E+00
  2.62141E+00  2.88355E+00  3.14570E+00  3.40784E+00  3.66998E+00  3.93213E+00
  4.19427E+00  4.71856E+00  5.24285E+00  5.76714E+00  6.29142E+00  6.81571E+00
  7.34000E+00  7.86429E+00
  1.00000E+00  9.98272E-01  9.98936E-01  9.97626E-01  9.98032E-01  9.97084E-01
  9.97606E-01  9.98302E-01  9.97196E-01  9.97769E-01  9.97970E-01  9.96861E-01
  9.97131E-01  9.97410E-01  9.97795E-01  9.98067E-01  9.97568E-01  9.97305E-01
  9.97422E-01  9.97688E-01  9.97739E-01  9.97622E-01  9.97465E-01  9.97050E-01
  9.97574E-01  9.97326E-01  9.97444E-01  9.97014E-01  9.97255E-01  9.96932E-01
  9.96853E-01  9.97056E-01  9.96677E-01  9.96739E-01  9.96718E-01  9.96553E-01
  9.96534E-01  9.96219E-01  9.96181E-01  9.96414E-01  9.95971E-01  9.96042E-01
  9.95721E-01  9.95622E-01  9.95549E-01  9.95204E-01  9.95035E-01  9.94937E-01
  9.94682E-01  9.94393E-01  9.94262E-01  9.94031E-01  9.93757E-01  9.93297E-01
  9.92954E-01  9.92432E-01  9.92002E-01  9.91661E-01  9.91152E-01  9.90720E-01
  9.90381E-01  9.89482E-01  9.88559E-01  9.87938E-01  9.87134E-01  9.86431E-01
  9.85656E-01  9.84920E-01  9.84230E-01  9.82771E-01  9.81381E-01  9.79957E-01
  9.78602E-01  9.77273E-01  9.75954E-01  9.74800E-01  9.74323E-01  9.73498E-01
  9.72531E-01  9.71176E-01  9.69743E-01  9.68288E-01  9.66704E-01  9.64991E-01
  9.63205E-01  9.59838E-01  9.56421E-01  9.53565E-01  9.51033E-01  9.48547E-01
  9.45627E-01  9.42242E-01  9.33972E-01  9.28635E-01  9.23733E-01  9.18562E-01
  9.12690E-01  9.07458E-01  9.02645E-01  8.97441E-01  8.92219E-01  8.82320E-01
  8.72813E-01  8.63840E-01  8.54915E-01  8.46011E-01  8.37726E-01  8.29129E-01
  8.21471E-01  8.05051E-01  7.89335E-01  7.74043E-01  7.58896E-01  7.44469E-01
  7.30618E-01  7.17039E-01  7.05037E-01  6.81691E-01  6.58463E-01  6.35719E-01
  6.14670E-01  5.94088E-01  5.73298E-01  5.52145E-01  5.32860E-01  4.91940E-01
  4.57675E-01  4.24844E-01  3.95079E-01  3.69839E-01  3.45909E-01  3.24588E-01
  3.05883E-01  2.63902E-01  2.25191E-01  1.89989E-01  1.59180E-01  1.33256E-01
  1.09892E-01  8.36859E-02  6.69287E-02  3.83804E-02  2.29973E-02  4.95586E-03
 -1.59494E-02 -2.85216E-02 -3.92928E-02 -5.22430E-02 -5.69245E-02 -5.09349E-02
 -4.18716E-02 -2.31436E-02 -4.18027E-02 -4.55862E-02 -2.48072E-02  1.47871E-02
  1.95054E-02  2.00929E-02  2.58109E-02  2.06985E-02  3.50957E-03 -4.22925E-03
 -5.00285E-02 -4.36402E-02 -8.62126E-03  1.10170E-02  1.10547E-02 -8.81554E-02
  6.10407E-03  4.48554E-02  3.30024E-02  3.31330E-02  5.55861E-02 -3.20557E-02
 -3.91211E-02  4.79970E-02  3.06312E-02 -8.96850E-03 -6.81027E-02  3.83206E-03
 -3.29007E-02 -1.81786E-02  2.61063E-02  2.42335E-02  3.73115E-02 -4.27946E-02
  1.01040E-02  1.24034E-02
