AutoSaveFileName0003.ASC
 IFORMY    0    .00
 (6E13.7)
 IFORMT    0    .00
 (6E13.7)
 IFORMW    0    .00
 (6E13.7)
 NINTT     0   -1.00
 DOUSNQ    0    1.00
 IQUAD          1.00
 PRWT      0    1.00
 PRY       0    1.00
 IPLRES    1    3.00
 IPLRES    2    3.00
 IPRINT    1    0.00
 IPRINT    2    2.00
 IPLFIT    1    0.00
 IPLFIT    2    0.00
 LINEPG    0   50.
 NONNEG    1    1.00
 IWT       0    5.00
 NQPROG    1    5.00
 NQPROG    2    5.00
 GMNMX     1    4.023E-04
 GMNMX     2    4.023E-01
 RUSER    10    -1.00
 NG        0    200.00
 NLINF     0    0.00
 IUSER    10    4.00
 RUSER    21    1.0
 RUSER    22   -1.0
 RUSER    23    0.0
 RUSER    18         292.15265
 RUSER    17         15.00300
 RUSER    19         1.02661
 RUSER    15         1.33200
 RUSER    16         632.80000
 RUSER    25         1
 RUSER    26         0
 END       0    0.00
 NY      188
  5.00000E-07  6.25000E-07  7.50000E-07  8.75000E-07  1.00000E-06  1.12500E-06
  1.25000E-06  1.37500E-06  1.50000E-06  1.62500E-06  1.75000E-06  1.87500E-06
  2.00000E-06  2.25000E-06  2.50000E-06  2.75000E-06  3.00000E-06  3.25000E-06
  3.50000E-06  3.75000E-06  4.00000E-06  4.50000E-06  5.00000E-06  5.50000E-06
  6.00000E-06  6.50000E-06  7.00000E-06  7.50000E-06  8.00000E-06  9.00000E-06
  1.00000E-05  1.10000E-05  1.20000E-05  1.30000E-05  1.40000E-05  1.50000E-05
  1.60000E-05  1.80000E-05  2.00000E-05  2.20000E-05  2.40000E-05  2.60000E-05
  2.80000E-05  3.00000E-05  3.20000E-05  3.60000E-05  4.00000E-05  4.40000E-05
  4.80000E-05  5.20000E-05  5.60000E-05  6.00000E-05  6.40000E-05  7.20000E-05
  8.00000E-05  8.80000E-05  9.60000E-05  1.04000E-04  1.12000E-04  1.20000E-04
  1.28000E-04  1.44000E-04  1.60000E-04  1.76000E-04  1.92000E-04  2.08000E-04
  2.24000E-04  2.40000E-04  2.56000E-04  2.88000E-04  3.20000E-04  3.52000E-04
  3.84000E-04  4.16000E-04  4.48000E-04  4.80000E-04  5.12000E-04  5.76000E-04
  6.40000E-04  7.04000E-04  7.68000E-04  8.32000E-04  8.96000E-04  9.60000E-04
  1.02400E-03  1.15200E-03  1.28000E-03  1.40800E-03  1.53600E-03  1.66400E-03
  1.79200E-03  1.92000E-03  2.01600E-03  2.27200E-03  2.52800E-03  2.78400E-03
  3.04000E-03  3.29600E-03  3.55200E-03  3.80800E-03  4.06400E-03  4.57600E-03
  5.08800E-03  5.60000E-03  6.11200E-03  6.62400E-03  7.13600E-03  7.64800E-03
  8.16000E-03  9.18400E-03  1.02080E-02  1.12320E-02  1.22560E-02  1.32800E-02
  1.43040E-02  1.53280E-02  1.63520E-02  1.84000E-02  2.04480E-02  2.24960E-02
  2.45440E-02  2.65920E-02  2.86400E-02  3.06880E-02  3.27360E-02  3.68320E-02
  4.09280E-02  4.50240E-02  4.91200E-02  5.32160E-02  5.73120E-02  6.14080E-02
  6.55040E-02  7.36960E-02  8.18880E-02  9.00800E-02  9.82720E-02  1.06464E-01
  1.14656E-01  1.22848E-01  1.31040E-01  1.47424E-01  1.63808E-01  1.80192E-01
  1.96576E-01  2.12960E-01  2.29344E-01  2.45728E-01  2.62112E-01  2.94880E-01
  3.27648E-01  3.60416E-01  3.93184E-01  4.25952E-01  4.58720E-01  4.91488E-01
  5.24256E-01  5.89792E-01  6.55328E-01  7.20864E-01  7.86400E-01  8.51936E-01
  9.17472E-01  9.83008E-01  1.04854E+00  1.17962E+00  1.31069E+00  1.44176E+00
  1.57283E+00  1.70390E+00  1.83498E+00  1.96605E+00  2.09712E+00  2.35926E+00
  2.62141E+00  2.88355E+00  3.14570E+00  3.40784E+00  3.66998E+00  3.93213E+00
  4.19427E+00  4.71856E+00  5.24285E+00  5.76714E+00  6.29142E+00  6.81571E+00
  7.34000E+00  7.86429E+00
  9.98648E-01  9.97991E-01  9.97942E-01  9.97996E-01  9.97291E-01  9.96908E-01
  9.96693E-01  9.96154E-01  9.95847E-01  9.95508E-01  9.95012E-01  9.95028E-01
  9.94829E-01  9.94010E-01  9.93623E-01  9.92852E-01  9.92351E-01  9.91640E-01
  9.91113E-01  9.90520E-01  9.89960E-01  9.88716E-01  9.87574E-01  9.86184E-01
  9.84972E-01  9.83879E-01  9.82570E-01  9.81363E-01  9.80157E-01  9.77647E-01
  9.75261E-01  9.72778E-01  9.70375E-01  9.67951E-01  9.65468E-01  9.63071E-01
  9.60702E-01  9.57524E-01  9.56204E-01  9.54938E-01  9.53775E-01  9.52477E-01
  9.51281E-01  9.50101E-01  9.48873E-01  9.46638E-01  9.44790E-01  9.42959E-01
  9.41165E-01  9.39361E-01  9.37756E-01  9.36221E-01  9.34686E-01  9.31685E-01
  9.28890E-01  9.26127E-01  9.23579E-01  9.21069E-01  9.18704E-01  9.16442E-01
  9.14196E-01  9.09919E-01  9.05853E-01  9.02007E-01  8.98328E-01  8.94789E-01
  8.91385E-01  8.88029E-01  8.84798E-01  8.78582E-01  8.72797E-01  8.67238E-01
  8.61906E-01  8.56767E-01  8.51850E-01  8.49108E-01  8.61071E-01  8.59864E-01
  8.56746E-01  8.52986E-01  8.48844E-01  8.44266E-01  8.39617E-01  8.35147E-01
  8.38319E-01  8.33035E-01  8.26647E-01  8.20038E-01  8.19559E-01  8.14005E-01
  8.09034E-01  8.03491E-01  8.01261E-01  7.91577E-01  7.84354E-01  7.76420E-01
  7.69315E-01  7.61123E-01  7.55462E-01  7.49004E-01  7.42405E-01  7.29214E-01
  7.17941E-01  7.05951E-01  6.95114E-01  6.85219E-01  6.75890E-01  6.66356E-01
  6.58120E-01  6.40626E-01  6.23239E-01  6.06239E-01  5.91082E-01  5.75516E-01
  5.60811E-01  5.46737E-01  5.33267E-01  5.05880E-01  4.79828E-01  4.55381E-01
  4.33291E-01  4.13071E-01  3.94959E-01  3.78819E-01  3.66242E-01  3.39615E-01
  3.14368E-01  2.90810E-01  2.68621E-01  2.49876E-01  2.33050E-01  2.19169E-01
  2.07485E-01  1.82673E-01  1.61331E-01  1.42641E-01  1.19921E-01  9.56689E-02
  8.22624E-02  7.28110E-02  6.65209E-02  5.74897E-02  4.40682E-02  2.52086E-02
  1.22998E-02  2.17548E-03  8.87523E-04  6.33236E-03  6.80107E-03  7.48934E-03
  1.36085E-02  1.50743E-02  4.51686E-03 -9.27737E-03 -2.00917E-02 -2.32435E-02
 -1.62750E-02  2.79238E-03  7.34724E-03 -1.47722E-02 -2.10835E-02 -3.92636E-02
 -4.79506E-02 -3.87235E-02 -2.30016E-02 -1.04766E-02 -1.97444E-02 -1.55866E-02
 -1.36952E-02 -6.34027E-03  1.49421E-02  1.32301E-02  9.78062E-03  4.26905E-04
  1.80179E-02  1.46846E-02 -5.37782E-03 -1.79930E-02 -2.48223E-03 -2.66715E-02
  6.75044E-03 -1.26561E-02 -6.21003E-03 -2.92614E-03  1.99068E-02 -1.33792E-02
  3.47960E-03 -7.34110E-03
