AutoSaveFileName0184.ASC
 IFORMY    0    .00
 (6E13.7)
 IFORMT    0    .00
 (6E13.7)
 IFORMW    0    .00
 (6E13.7)
 NINTT     0   -1.00
 DOUSNQ    0    1.00
 IQUAD          1.00
 PRWT      0    1.00
 PRY       0    1.00
 IPLRES    1    3.00
 IPLRES    2    3.00
 IPRINT    1    0.00
 IPRINT    2    2.00
 IPLFIT    1    0.00
 IPLFIT    2    0.00
 LINEPG    0   50.
 NONNEG    1    1.00
 IWT       0    5.00
 NQPROG    1    5.00
 NQPROG    2    5.00
 GMNMX     1    1.087E-05
 GMNMX     2    1.087E-02
 RUSER    10    -1.00
 NG        0    200.00
 NLINF     0    0.00
 IUSER    10    4.00
 RUSER    21    1.0
 RUSER    22   -1.0
 RUSER    23    0.0
 RUSER    18         292.22825
 RUSER    17         104.99900
 RUSER    19         1.02470
 RUSER    15         1.33200
 RUSER    16         632.80000
 RUSER    25         1
 RUSER    26         0
 END       0    0.00
 NY      188
  5.00000E-07  6.25000E-07  7.50000E-07  8.75000E-07  1.00000E-06  1.12500E-06
  1.25000E-06  1.37500E-06  1.50000E-06  1.62500E-06  1.75000E-06  1.87500E-06
  2.00000E-06  2.25000E-06  2.50000E-06  2.75000E-06  3.00000E-06  3.25000E-06
  3.50000E-06  3.75000E-06  4.00000E-06  4.50000E-06  5.00000E-06  5.50000E-06
  6.00000E-06  6.50000E-06  7.00000E-06  7.50000E-06  8.00000E-06  9.00000E-06
  1.00000E-05  1.10000E-05  1.20000E-05  1.30000E-05  1.40000E-05  1.50000E-05
  1.60000E-05  1.80000E-05  2.00000E-05  2.20000E-05  2.40000E-05  2.60000E-05
  2.80000E-05  3.00000E-05  3.20000E-05  3.60000E-05  4.00000E-05  4.40000E-05
  4.80000E-05  5.20000E-05  5.60000E-05  6.00000E-05  6.40000E-05  7.20000E-05
  8.00000E-05  8.80000E-05  9.60000E-05  1.04000E-04  1.12000E-04  1.20000E-04
  1.28000E-04  1.44000E-04  1.60000E-04  1.76000E-04  1.92000E-04  2.08000E-04
  2.24000E-04  2.40000E-04  2.56000E-04  2.88000E-04  3.20000E-04  3.52000E-04
  3.84000E-04  4.16000E-04  4.48000E-04  4.80000E-04  5.12000E-04  5.76000E-04
  6.40000E-04  7.04000E-04  7.68000E-04  8.32000E-04  8.96000E-04  9.60000E-04
  1.02400E-03  1.15200E-03  1.28000E-03  1.40800E-03  1.53600E-03  1.66400E-03
  1.79200E-03  1.92000E-03  2.01600E-03  2.27200E-03  2.52800E-03  2.78400E-03
  3.04000E-03  3.29600E-03  3.55200E-03  3.80800E-03  4.06400E-03  4.57600E-03
  5.08800E-03  5.60000E-03  6.11200E-03  6.62400E-03  7.13600E-03  7.64800E-03
  8.16000E-03  9.18400E-03  1.02080E-02  1.12320E-02  1.22560E-02  1.32800E-02
  1.43040E-02  1.53280E-02  1.63520E-02  1.84000E-02  2.04480E-02  2.24960E-02
  2.45440E-02  2.65920E-02  2.86400E-02  3.06880E-02  3.27360E-02  3.68320E-02
  4.09280E-02  4.50240E-02  4.91200E-02  5.32160E-02  5.73120E-02  6.14080E-02
  6.55040E-02  7.36960E-02  8.18880E-02  9.00800E-02  9.82720E-02  1.06464E-01
  1.14656E-01  1.22848E-01  1.31040E-01  1.47424E-01  1.63808E-01  1.80192E-01
  1.96576E-01  2.12960E-01  2.29344E-01  2.45728E-01  2.62112E-01  2.94880E-01
  3.27648E-01  3.60416E-01  3.93184E-01  4.25952E-01  4.58720E-01  4.91488E-01
  5.24256E-01  5.89792E-01  6.55328E-01  7.20864E-01  7.86400E-01  8.51936E-01
  9.17472E-01  9.83008E-01  1.04854E+00  1.17962E+00  1.31069E+00  1.44176E+00
  1.57283E+00  1.70390E+00  1.83498E+00  1.96605E+00  2.09712E+00  2.35926E+00
  2.62141E+00  2.88355E+00  3.14570E+00  3.40784E+00  3.66998E+00  3.93213E+00
  4.19427E+00  4.71856E+00  5.24285E+00  5.76714E+00  6.29142E+00  6.81571E+00
  7.34000E+00  7.86429E+00
  9.96532E-01  9.96273E-01  9.95056E-01  9.94922E-01  9.93041E-01  9.94286E-01
  9.92879E-01  9.92004E-01  9.92799E-01  9.91652E-01  9.93308E-01  9.94491E-01
  9.92817E-01  9.92173E-01  9.92075E-01  9.92869E-01  9.92522E-01  9.91511E-01
  9.92209E-01  9.92127E-01  9.91742E-01  9.91328E-01  9.91898E-01  9.91233E-01
  9.90948E-01  9.90856E-01  9.90232E-01  9.91606E-01  9.90109E-01  9.89642E-01
  9.89159E-01  9.89742E-01  9.89444E-01  9.88412E-01  9.87973E-01  9.88425E-01
  9.87873E-01  9.87103E-01  9.86418E-01  9.85909E-01  9.85499E-01  9.84790E-01
  9.84115E-01  9.83332E-01  9.82765E-01  9.81689E-01  9.79913E-01  9.78896E-01
  9.77543E-01  9.76247E-01  9.74640E-01  9.73459E-01  9.72247E-01  9.69814E-01
  9.67275E-01  9.64641E-01  9.61963E-01  9.59383E-01  9.56662E-01  9.53990E-01
  9.51390E-01  9.46348E-01  9.41170E-01  9.35823E-01  9.30909E-01  9.26004E-01
  9.21036E-01  9.15938E-01  9.10904E-01  9.01152E-01  8.91353E-01  8.81698E-01
  8.72131E-01  8.62897E-01  8.53583E-01  8.44409E-01  8.34874E-01  8.17190E-01
  7.99716E-01  7.82526E-01  7.65874E-01  7.49383E-01  7.33323E-01  7.17569E-01
  6.63783E-01  6.35124E-01  6.07749E-01  5.81834E-01  5.57007E-01  5.33462E-01
  5.10972E-01  4.89606E-01  5.04829E-01  4.64664E-01  4.28011E-01  3.94526E-01
  3.63731E-01  3.35727E-01  3.10120E-01  2.86662E-01  2.65224E-01  2.26212E-01
  1.93285E-01  1.64139E-01  1.39378E-01  1.18211E-01  1.00753E-01  8.63328E-02
  7.50178E-02  5.54825E-02  4.16693E-02  3.29951E-02  2.48711E-02  1.81093E-02
  1.34989E-02  1.06151E-02  9.32226E-03  3.34297E-03 -1.55186E-03 -3.37026E-03
 -4.87891E-03 -1.79360E-03  1.87002E-03  4.54324E-03  7.40390E-03  9.04953E-03
  7.43052E-03 -2.99374E-04  3.36630E-04  3.82630E-03  4.49421E-03 -2.25714E-03
 -4.50817E-03 -6.85886E-03 -1.17591E-03  3.09103E-03  3.59834E-03 -2.21177E-04
  6.03010E-03  6.74978E-04 -3.07586E-03  4.60911E-04  7.44195E-03 -7.46736E-05
 -2.65111E-03  1.45407E-04 -1.72746E-03 -3.11113E-03  1.37845E-03 -1.80609E-03
  5.80109E-05  3.08449E-03  1.82633E-03 -3.65433E-03  5.84180E-03 -1.31867E-06
  2.42765E-03 -6.75250E-04  1.23561E-03 -8.58171E-04 -1.15468E-03 -1.93328E-03
  2.66857E-03 -1.27590E-03 -3.51892E-04 -1.58642E-03 -1.47971E-05 -5.10910E-03
 -1.72733E-03 -4.66446E-05  3.05784E-04 -1.95998E-03 -1.23754E-03 -2.90125E-03
  1.38613E-04  4.27005E-04  3.20876E-04 -2.98571E-04  5.57795E-04 -1.03620E-03
  1.04895E-04  9.97561E-04 -2.31331E-03 -1.69764E-03  4.71919E-04  9.07608E-04
  8.83241E-04 -2.43649E-04
