AutoSaveFileName0200.ASC
 IFORMY    0    .00
 (6E13.7)
 IFORMT    0    .00
 (6E13.7)
 IFORMW    0    .00
 (6E13.7)
 NINTT     0   -1.00
 DOUSNQ    0    1.00
 IQUAD          1.00
 PRWT      0    1.00
 PRY       0    1.00
 IPLRES    1    3.00
 IPLRES    2    3.00
 IPRINT    1    0.00
 IPRINT    2    2.00
 IPLFIT    1    0.00
 IPLFIT    2    0.00
 LINEPG    0   50.
 NONNEG    1    1.00
 IWT       0    5.00
 NQPROG    1    5.00
 NQPROG    2    5.00
 GMNMX     1    1.631E-05
 GMNMX     2    1.631E-02
 RUSER    10    -1.00
 NG        0    200.00
 NLINF     0    0.00
 IUSER    10    4.00
 RUSER    21    1.0
 RUSER    22   -1.0
 RUSER    23    0.0
 RUSER    18         292.02882
 RUSER    17         80.99900
 RUSER    19         1.02976
 RUSER    15         1.33200
 RUSER    16         632.80000
 RUSER    25         1
 RUSER    26         0
 END       0    0.00
 NY      131
  3.75000E-07  5.00000E-07  6.25000E-07  7.50000E-07  8.75000E-07  1.00000E-06
  1.12500E-06  1.25000E-06  1.37500E-06  1.50000E-06  1.62500E-06  1.75000E-06
  1.87500E-06  2.00000E-06  2.25000E-06  2.50000E-06  2.75000E-06  3.00000E-06
  3.25000E-06  3.50000E-06  3.75000E-06  4.00000E-06  4.50000E-06  5.00000E-06
  5.50000E-06  6.00000E-06  6.50000E-06  7.00000E-06  7.50000E-06  8.00000E-06
  9.00000E-06  1.00000E-05  1.10000E-05  1.20000E-05  1.30000E-05  1.40000E-05
  1.50000E-05  1.60000E-05  1.80000E-05  2.00000E-05  2.20000E-05  2.40000E-05
  2.60000E-05  2.80000E-05  3.00000E-05  3.20000E-05  3.60000E-05  4.00000E-05
  4.40000E-05  4.80000E-05  5.20000E-05  5.60000E-05  6.00000E-05  6.40000E-05
  7.20000E-05  8.00000E-05  8.80000E-05  9.60000E-05  1.04000E-04  1.12000E-04
  1.20000E-04  1.28000E-04  1.44000E-04  1.60000E-04  1.76000E-04  1.92000E-04
  2.08000E-04  2.24000E-04  2.40000E-04  2.56000E-04  2.88000E-04  3.20000E-04
  3.52000E-04  3.84000E-04  4.16000E-04  4.48000E-04  4.80000E-04  5.12000E-04
  5.76000E-04  6.40000E-04  7.04000E-04  7.68000E-04  8.32000E-04  8.96000E-04
  9.60000E-04  1.02400E-03  1.15200E-03  1.28000E-03  1.40800E-03  1.53600E-03
  1.66400E-03  1.79200E-03  1.92000E-03  2.01600E-03  2.27200E-03  2.52800E-03
  2.78400E-03  3.04000E-03  3.29600E-03  3.55200E-03  3.80800E-03  4.06400E-03
  4.57600E-03  5.08800E-03  5.60000E-03  6.11200E-03  6.62400E-03  7.13600E-03
  7.64800E-03  8.16000E-03  9.18400E-03  1.02080E-02  1.12320E-02  1.22560E-02
  1.32800E-02  1.43040E-02  1.53280E-02  1.63520E-02  1.84000E-02  2.04480E-02
  2.24960E-02  2.45440E-02  2.65920E-02  2.86400E-02  3.06880E-02  3.27360E-02
  3.68320E-02  4.09280E-02  4.50240E-02  4.91200E-02  5.32160E-02
  2.20545E+00  2.20200E+00  2.19407E+00  2.19798E+00  2.19102E+00  2.18974E+00
  2.19510E+00  2.19416E+00  2.20017E+00  2.18640E+00  2.19411E+00  2.19432E+00
  2.19400E+00  2.19273E+00  2.19265E+00  2.18741E+00  2.19269E+00  2.19169E+00
  2.19372E+00  2.18980E+00  2.19058E+00  2.18851E+00  2.19100E+00  2.18759E+00
  2.18802E+00  2.18907E+00  2.18903E+00  2.18590E+00  2.18908E+00  2.18712E+00
  2.18640E+00  2.18418E+00  2.18459E+00  2.18338E+00  2.18338E+00  2.18244E+00
  2.17994E+00  2.17874E+00  2.17737E+00  2.17739E+00  2.17591E+00  2.17406E+00
  2.17101E+00  2.17108E+00  2.16842E+00  2.16618E+00  2.16316E+00  2.15954E+00
  2.15607E+00  2.15265E+00  2.14965E+00  2.14648E+00  2.14169E+00  2.13970E+00
  2.13308E+00  2.12613E+00  2.11966E+00  2.11270E+00  2.10727E+00  2.09951E+00
  2.09316E+00  2.08666E+00  2.07325E+00  2.06030E+00  2.04772E+00  2.03468E+00
  2.02221E+00  2.00971E+00  1.99687E+00  1.98424E+00  1.95969E+00  1.93563E+00
  1.91077E+00  1.88715E+00  1.86329E+00  1.84013E+00  1.81698E+00  1.72608E+00
  1.68310E+00  1.64175E+00  1.60145E+00  1.56188E+00  1.52302E+00  1.48541E+00
  1.44903E+00  1.06807E+00  1.01251E+00  9.59995E-01  9.11289E-01  8.65877E-01
  8.22866E-01  7.81789E-01  7.43604E-01  1.01479E+00  9.23824E-01  8.40741E-01
  7.65844E-01  6.98529E-01  6.37697E-01  5.83705E-01  5.35303E-01  4.92869E-01
  4.13565E-01  3.46889E-01  2.93553E-01  2.50324E-01  2.14021E-01  1.82295E-01
  1.54636E-01  1.32343E-01  9.57827E-02  7.27322E-02  5.91452E-02  5.14534E-02
  5.02743E-02  4.80132E-02  4.32771E-02  3.45458E-02  2.02790E-02  1.48743E-02
  1.97799E-02 -9.85358E-04 -1.42976E-02 -1.75683E-02 -1.86725E-02 -1.75983E-02
 -6.42045E-03  3.29585E-03  4.26499E-04  7.56431E-03  1.27357E-02
