AutoSaveFileName0283.ASC
 IFORMY    0    .00
 (6E13.7)
 IFORMT    0    .00
 (6E13.7)
 IFORMW    0    .00
 (6E13.7)
 NINTT     0   -1.00
 DOUSNQ    0    1.00
 IQUAD     0    1.00
 PRWT      0    1.00
 PRY       0    1.00
 IPLRES    1    3.00
 IPLRES    2    3.00
 IPRINT    1    0.00
 IPRINT    2    2.00
 IPLFIT    1    0.00
 IPLFIT    2    0.00
 LINEPG    0   50.
 NONNEG    1    1.00
 IWT       0    5.00
 NQPROG    1    5.00
 NQPROG    2    5.00
 GMNMX     1    2.80496E-03
 GMNMX     2    1.00691E-03
 RUSER    10    -1.00
 NG        0    500.00
 NLINF     0    1.00
 IUSER    10    4.00
 RUSER    21    1.0
 RUSER    22   -1.0
 RUSER    23    0.0
 RUSER    18         292.16008
 RUSER    17         154.99900
 RUSER    19         1.02642
 RUSER    15         1.33200
 RUSER    16         632.80000
 RUSER    25         1
 RUSER    26         0
 END       0    0.00
 NY      162
  7.50000E-07  8.75000E-07  1.00000E-06  1.12500E-06  1.25000E-06  1.37500E-06
  1.50000E-06  1.62500E-06  1.75000E-06  1.87500E-06  2.00000E-06  2.25000E-06
  2.50000E-06  2.75000E-06  3.00000E-06  3.25000E-06  3.50000E-06  3.75000E-06
  4.00000E-06  4.50000E-06  5.00000E-06  5.50000E-06  6.00000E-06  6.50000E-06
  7.00000E-06  7.50000E-06  8.00000E-06  9.00000E-06  1.00000E-05  1.10000E-05
  1.20000E-05  1.30000E-05  1.40000E-05  1.50000E-05  1.60000E-05  1.80000E-05
  2.00000E-05  2.20000E-05  2.40000E-05  2.60000E-05  2.80000E-05  3.00000E-05
  3.20000E-05  3.60000E-05  4.00000E-05  4.40000E-05  4.80000E-05  5.20000E-05
  5.60000E-05  6.00000E-05  6.40000E-05  7.20000E-05  8.00000E-05  8.80000E-05
  9.60000E-05  1.04000E-04  1.12000E-04  1.20000E-04  1.28000E-04  1.44000E-04
  1.60000E-04  1.76000E-04  1.92000E-04  2.08000E-04  2.24000E-04  2.40000E-04
  2.56000E-04  2.88000E-04  3.20000E-04  3.52000E-04  3.84000E-04  4.16000E-04
  4.48000E-04  4.80000E-04  5.12000E-04  5.76000E-04  6.40000E-04  7.04000E-04
  7.68000E-04  8.32000E-04  8.96000E-04  9.60000E-04  1.02400E-03  1.15200E-03
  1.28000E-03  1.40800E-03  1.53600E-03  1.66400E-03  1.79200E-03  1.92000E-03
  2.01600E-03  2.27200E-03  2.52800E-03  2.78400E-03  3.04000E-03  3.29600E-03
  3.55200E-03  3.80800E-03  4.06400E-03  4.57600E-03  5.08800E-03  5.60000E-03
  6.11200E-03  6.62400E-03  7.13600E-03  7.64800E-03  8.16000E-03  9.18400E-03
  1.02080E-02  1.12320E-02  1.22560E-02  1.32800E-02  1.43040E-02  1.53280E-02
  1.63520E-02  1.84000E-02  2.04480E-02  2.24960E-02  2.45440E-02  2.65920E-02
  2.86400E-02  3.06880E-02  3.27360E-02  3.68320E-02  4.09280E-02  4.50240E-02
  4.91200E-02  5.32160E-02  5.73120E-02  6.14080E-02  6.55040E-02  7.36960E-02
  8.18880E-02  9.00800E-02  9.82720E-02  1.06464E-01  1.14656E-01  1.22848E-01
  1.31040E-01  1.47424E-01  1.63808E-01  1.80192E-01  1.96576E-01  2.12960E-01
  2.29344E-01  2.45728E-01  2.62112E-01  2.94880E-01  3.27648E-01  3.60416E-01
  3.93184E-01  4.25952E-01  4.58720E-01  4.91488E-01  5.24256E-01  5.89792E-01
  6.55328E-01  7.20864E-01  7.86400E-01  8.51936E-01  9.17472E-01  9.83008E-01
  1.00000E+00  9.98815E-01  9.99592E-01  9.98588E-01  9.96945E-01  9.95695E-01
  9.95118E-01  9.95720E-01  9.93646E-01  9.92543E-01  9.91230E-01  9.89160E-01
  9.89210E-01  9.86822E-01  9.84992E-01  9.83430E-01  9.80593E-01  9.79676E-01
  9.78769E-01  9.75583E-01  9.72562E-01  9.68989E-01  9.66377E-01  9.63406E-01
  9.58352E-01  9.56821E-01  9.54012E-01  9.47241E-01  9.41240E-01  9.35145E-01
  9.29483E-01  9.23310E-01  9.17097E-01  9.11298E-01  9.05556E-01  8.93481E-01
  8.81962E-01  8.70520E-01  8.59097E-01  8.48382E-01  8.37349E-01  8.26456E-01
  8.15856E-01  7.94363E-01  7.74897E-01  7.54745E-01  7.35619E-01  7.16810E-01
  6.98697E-01  6.80817E-01  6.63558E-01  6.30250E-01  5.98547E-01  5.68285E-01
  5.39874E-01  5.12798E-01  4.87280E-01  4.62726E-01  4.39918E-01  3.96649E-01
  3.58143E-01  3.23108E-01  2.91847E-01  2.63208E-01  2.37722E-01  2.14447E-01
  1.94116E-01  1.58042E-01  1.29162E-01  1.05812E-01  8.71371E-02  7.17178E-02
  5.91857E-02  4.88880E-02  4.07510E-02  2.78071E-02  1.85794E-02  1.18496E-02
  7.13222E-03  4.38056E-03  2.74513E-03  2.05787E-03  2.07447E-03  3.03870E-03
  2.10527E-03  1.64968E-03  2.09338E-03  1.00341E-03 -1.08252E-04  3.72771E-04
  9.01562E-04 -3.74938E-04 -1.41778E-04 -1.40202E-03 -1.72531E-03 -2.78996E-03
 -2.17492E-03 -1.16183E-03 -7.32735E-04 -2.13087E-03  5.93865E-04  7.46561E-06
 -2.46799E-04 -7.25779E-05 -7.21131E-04 -1.40458E-03  5.55686E-04  1.57817E-04
 -6.18653E-04  7.17331E-04  1.17963E-03 -1.69891E-03 -1.05915E-03 -1.80274E-04
  4.60774E-04  9.91211E-05  9.22116E-04 -2.66234E-04 -6.83296E-04 -9.47559E-04
 -2.07317E-04 -1.85874E-03 -7.89366E-04  1.83695E-04 -1.83509E-05 -1.07676E-04
  1.21051E-04 -3.74716E-05  1.04292E-03  8.13780E-04 -3.47437E-04 -2.18881E-04
  4.87115E-04 -1.91871E-04 -2.36329E-04  1.08290E-04 -7.44491E-04 -4.94822E-04
 -1.23844E-04  6.44454E-05  1.53659E-04  2.01862E-05 -9.33202E-05  2.59280E-04
 -2.99785E-04  1.65282E-06  4.95034E-04 -2.04338E-04  3.83776E-05  5.58820E-04
  1.26853E-04  5.07732E-05  1.92706E-04 -3.90588E-05 -5.26097E-05  2.70903E-05
 -1.52741E-04  1.41227E-04  1.27588E-04  4.53012E-04 -1.03841E-04  4.07448E-04
