AutoSaveFileName0065.ASC
 IFORMY    0    .00
 (6E13.7)
 IFORMT    0    .00
 (6E13.7)
 IFORMW    0    .00
 (6E13.7)
 NINTT     0   -1.00
 DOUSNQ    0    1.00
 IQUAD          1.00
 PRWT      0    1.00
 PRY       0    1.00
 IPLRES    1    3.00
 IPLRES    2    3.00
 IPRINT    1    0.00
 IPRINT    2    2.00
 IPLFIT    1    0.00
 IPLFIT    2    0.00
 LINEPG    0   50.
 NONNEG    1    1.00
 IWT       0    5.00
 NQPROG    1    5.00
 NQPROG    2    5.00
 GMNMX     1    7.241E-05
 GMNMX     2    7.241E-02
 RUSER    10    -1.00
 NG        0    200.00
 NLINF     0    0.00
 IUSER    10    4.00
 RUSER    21    1.0
 RUSER    22   -1.0
 RUSER    23    0.0
 RUSER    18         291.85643
 RUSER    17         35.99900
 RUSER    19         1.03417
 RUSER    15         1.33200
 RUSER    16         632.80000
 RUSER    25         1
 RUSER    26         0
 END       0    0.00
 NY      131
  3.75000E-07  5.00000E-07  6.25000E-07  7.50000E-07  8.75000E-07  1.00000E-06
  1.12500E-06  1.25000E-06  1.37500E-06  1.50000E-06  1.62500E-06  1.75000E-06
  1.87500E-06  2.00000E-06  2.25000E-06  2.50000E-06  2.75000E-06  3.00000E-06
  3.25000E-06  3.50000E-06  3.75000E-06  4.00000E-06  4.50000E-06  5.00000E-06
  5.50000E-06  6.00000E-06  6.50000E-06  7.00000E-06  7.50000E-06  8.00000E-06
  9.00000E-06  1.00000E-05  1.10000E-05  1.20000E-05  1.30000E-05  1.40000E-05
  1.50000E-05  1.60000E-05  1.80000E-05  2.00000E-05  2.20000E-05  2.40000E-05
  2.60000E-05  2.80000E-05  3.00000E-05  3.20000E-05  3.60000E-05  4.00000E-05
  4.40000E-05  4.80000E-05  5.20000E-05  5.60000E-05  6.00000E-05  6.40000E-05
  7.20000E-05  8.00000E-05  8.80000E-05  9.60000E-05  1.04000E-04  1.12000E-04
  1.20000E-04  1.28000E-04  1.44000E-04  1.60000E-04  1.76000E-04  1.92000E-04
  2.08000E-04  2.24000E-04  2.40000E-04  2.56000E-04  2.88000E-04  3.20000E-04
  3.52000E-04  3.84000E-04  4.16000E-04  4.48000E-04  4.80000E-04  5.12000E-04
  5.76000E-04  6.40000E-04  7.04000E-04  7.68000E-04  8.32000E-04  8.96000E-04
  9.60000E-04  1.02400E-03  1.15200E-03  1.28000E-03  1.40800E-03  1.53600E-03
  1.66400E-03  1.79200E-03  1.92000E-03  2.01600E-03  2.27200E-03  2.52800E-03
  2.78400E-03  3.04000E-03  3.29600E-03  3.55200E-03  3.80800E-03  4.06400E-03
  4.57600E-03  5.08800E-03  5.60000E-03  6.11200E-03  6.62400E-03  7.13600E-03
  7.64800E-03  8.16000E-03  9.18400E-03  1.02080E-02  1.12320E-02  1.22560E-02
  1.32800E-02  1.43040E-02  1.53280E-02  1.63520E-02  1.84000E-02  2.04480E-02
  2.24960E-02  2.45440E-02  2.65920E-02  2.86400E-02  3.06880E-02  3.27360E-02
  3.68320E-02  4.09280E-02  4.50240E-02  4.91200E-02  5.32160E-02
  2.43854E+00  2.45051E+00  2.43798E+00  2.43508E+00  2.43652E+00  2.43915E+00
  2.43457E+00  2.43937E+00  2.43888E+00  2.43774E+00  2.43949E+00  2.43237E+00
  2.42846E+00  2.43203E+00  2.43822E+00  2.43101E+00  2.43656E+00  2.43275E+00
  2.43190E+00  2.43052E+00  2.43024E+00  2.43280E+00  2.42744E+00  2.43077E+00
  2.43308E+00  2.43308E+00  2.43112E+00  2.43107E+00  2.43267E+00  2.42876E+00
  2.42901E+00  2.43198E+00  2.43082E+00  2.43223E+00  2.43204E+00  2.43286E+00
  2.42812E+00  2.42840E+00  2.42659E+00  2.42878E+00  2.42765E+00  2.43091E+00
  2.42993E+00  2.42642E+00  2.42876E+00  2.42721E+00  2.42563E+00  2.42483E+00
  2.42104E+00  2.42242E+00  2.42291E+00  2.41821E+00  2.41866E+00  2.41839E+00
  2.41491E+00  2.41382E+00  2.41102E+00  2.40842E+00  2.40699E+00  2.40618E+00
  2.40303E+00  2.40103E+00  2.39688E+00  2.39320E+00  2.38889E+00  2.38471E+00
  2.38049E+00  2.37685E+00  2.37217E+00  2.36939E+00  2.36065E+00  2.35270E+00
  2.34501E+00  2.33680E+00  2.32974E+00  2.32044E+00  2.31296E+00  2.30496E+00
  2.28941E+00  2.27374E+00  2.25793E+00  2.24298E+00  2.22739E+00  2.21199E+00
  2.19713E+00  2.14953E+00  2.12022E+00  2.09165E+00  2.06300E+00  2.03418E+00
  2.00608E+00  1.97855E+00  1.95128E+00  1.97000E+00  1.91652E+00  1.86429E+00
  1.81353E+00  1.76499E+00  1.71720E+00  1.67004E+00  1.62401E+00  1.57865E+00
  1.49192E+00  1.40868E+00  1.32976E+00  1.25643E+00  1.18870E+00  1.12464E+00
  1.06420E+00  1.00865E+00  9.08256E-01  8.16726E-01  7.35129E-01  6.65124E-01
  6.04462E-01  5.49531E-01  5.00161E-01  4.56576E-01  3.78638E-01  3.19530E-01
  2.79939E-01  2.44023E-01  2.06893E-01  1.71831E-01  1.47960E-01  1.29206E-01
  1.02900E-01  8.59384E-02  7.14138E-02  5.28914E-02  3.95170E-02
