AutoSaveFileName0223.ASC
 IFORMY    0    .00
 (6E13.7)
 IFORMT    0    .00
 (6E13.7)
 IFORMW    0    .00
 (6E13.7)
 NINTT     0   -1.00
 DOUSNQ    0    1.00
 IQUAD          1.00
 PRWT      0    1.00
 PRY       0    1.00
 IPLRES    1    3.00
 IPLRES    2    3.00
 IPRINT    1    0.00
 IPRINT    2    2.00
 IPLFIT    1    0.00
 IPLFIT    2    0.00
 LINEPG    0   50.
 NONNEG    1    1.00
 IWT       0    5.00
 NQPROG    1    5.00
 NQPROG    2    5.00
 GMNMX     1    8.694E-06
 GMNMX     2    8.694E-03
 RUSER    10    -1.00
 NG        0    200.00
 NLINF     0    0.00
 IUSER    10    4.00
 RUSER    21    1.0
 RUSER    22   -1.0
 RUSER    23    0.0
 RUSER    18         292.23927
 RUSER    17         124.99900
 RUSER    19         1.02442
 RUSER    15         1.33200
 RUSER    16         632.80000
 RUSER    25         1
 RUSER    26         0
 END       0    0.00
 NY      188
  5.00000E-07  6.25000E-07  7.50000E-07  8.75000E-07  1.00000E-06  1.12500E-06
  1.25000E-06  1.37500E-06  1.50000E-06  1.62500E-06  1.75000E-06  1.87500E-06
  2.00000E-06  2.25000E-06  2.50000E-06  2.75000E-06  3.00000E-06  3.25000E-06
  3.50000E-06  3.75000E-06  4.00000E-06  4.50000E-06  5.00000E-06  5.50000E-06
  6.00000E-06  6.50000E-06  7.00000E-06  7.50000E-06  8.00000E-06  9.00000E-06
  1.00000E-05  1.10000E-05  1.20000E-05  1.30000E-05  1.40000E-05  1.50000E-05
  1.60000E-05  1.80000E-05  2.00000E-05  2.20000E-05  2.40000E-05  2.60000E-05
  2.80000E-05  3.00000E-05  3.20000E-05  3.60000E-05  4.00000E-05  4.40000E-05
  4.80000E-05  5.20000E-05  5.60000E-05  6.00000E-05  6.40000E-05  7.20000E-05
  8.00000E-05  8.80000E-05  9.60000E-05  1.04000E-04  1.12000E-04  1.20000E-04
  1.28000E-04  1.44000E-04  1.60000E-04  1.76000E-04  1.92000E-04  2.08000E-04
  2.24000E-04  2.40000E-04  2.56000E-04  2.88000E-04  3.20000E-04  3.52000E-04
  3.84000E-04  4.16000E-04  4.48000E-04  4.80000E-04  5.12000E-04  5.76000E-04
  6.40000E-04  7.04000E-04  7.68000E-04  8.32000E-04  8.96000E-04  9.60000E-04
  1.02400E-03  1.15200E-03  1.28000E-03  1.40800E-03  1.53600E-03  1.66400E-03
  1.79200E-03  1.92000E-03  2.01600E-03  2.27200E-03  2.52800E-03  2.78400E-03
  3.04000E-03  3.29600E-03  3.55200E-03  3.80800E-03  4.06400E-03  4.57600E-03
  5.08800E-03  5.60000E-03  6.11200E-03  6.62400E-03  7.13600E-03  7.64800E-03
  8.16000E-03  9.18400E-03  1.02080E-02  1.12320E-02  1.22560E-02  1.32800E-02
  1.43040E-02  1.53280E-02  1.63520E-02  1.84000E-02  2.04480E-02  2.24960E-02
  2.45440E-02  2.65920E-02  2.86400E-02  3.06880E-02  3.27360E-02  3.68320E-02
  4.09280E-02  4.50240E-02  4.91200E-02  5.32160E-02  5.73120E-02  6.14080E-02
  6.55040E-02  7.36960E-02  8.18880E-02  9.00800E-02  9.82720E-02  1.06464E-01
  1.14656E-01  1.22848E-01  1.31040E-01  1.47424E-01  1.63808E-01  1.80192E-01
  1.96576E-01  2.12960E-01  2.29344E-01  2.45728E-01  2.62112E-01  2.94880E-01
  3.27648E-01  3.60416E-01  3.93184E-01  4.25952E-01  4.58720E-01  4.91488E-01
  5.24256E-01  5.89792E-01  6.55328E-01  7.20864E-01  7.86400E-01  8.51936E-01
  9.17472E-01  9.83008E-01  1.04854E+00  1.17962E+00  1.31069E+00  1.44176E+00
  1.57283E+00  1.70390E+00  1.83498E+00  1.96605E+00  2.09712E+00  2.35926E+00
  2.62141E+00  2.88355E+00  3.14570E+00  3.40784E+00  3.66998E+00  3.93213E+00
  4.19427E+00  4.71856E+00  5.24285E+00  5.76714E+00  6.29142E+00  6.81571E+00
  7.34000E+00  7.86429E+00
  9.92823E-01  9.92814E-01  9.89159E-01  9.91113E-01  9.92817E-01  9.91007E-01
  9.88099E-01  9.88264E-01  9.88033E-01  9.88937E-01  9.88449E-01  9.89978E-01
  9.88396E-01  9.88364E-01  9.89299E-01  9.87661E-01  9.88671E-01  9.88005E-01
  9.88983E-01  9.88371E-01  9.88086E-01  9.87670E-01  9.88799E-01  9.87604E-01
  9.87827E-01  9.87467E-01  9.86754E-01  9.86657E-01  9.86191E-01  9.86097E-01
  9.85212E-01  9.85506E-01  9.84265E-01  9.84305E-01  9.84481E-01  9.84184E-01
  9.83874E-01  9.83098E-01  9.81866E-01  9.81304E-01  9.80900E-01  9.79940E-01
  9.78933E-01  9.78211E-01  9.77582E-01  9.75866E-01  9.74002E-01  9.72454E-01
  9.71325E-01  9.69490E-01  9.67814E-01  9.66213E-01  9.64624E-01  9.61972E-01
  9.58905E-01  9.55552E-01  9.52651E-01  9.49583E-01  9.46187E-01  9.43304E-01
  9.40318E-01  9.34379E-01  9.28238E-01  9.22078E-01  9.16211E-01  9.10198E-01
  9.04279E-01  8.98366E-01  8.92712E-01  8.81204E-01  8.69622E-01  8.58277E-01
  8.47023E-01  8.36050E-01  8.25350E-01  8.14639E-01  8.04499E-01  7.83916E-01
  7.63947E-01  7.44353E-01  7.25194E-01  7.06773E-01  6.88636E-01  6.71172E-01
  6.54223E-01  6.21493E-01  5.90570E-01  5.61476E-01  5.33892E-01  5.07610E-01
  4.82553E-01  4.58900E-01  4.43771E-01  4.01960E-01  3.64542E-01  3.30873E-01
  3.00022E-01  2.72260E-01  2.47122E-01  2.23962E-01  2.03330E-01  1.66912E-01
  1.37563E-01  1.13538E-01  9.46012E-02  7.86374E-02  6.55430E-02  5.57889E-02
  4.82822E-02  3.82269E-02  3.24294E-02  2.47551E-02  1.62946E-02  7.78798E-03
  3.95997E-03  1.60727E-03  5.75904E-04  4.31782E-05  1.70612E-03  4.67527E-03
  5.64102E-03  2.90812E-03 -2.08164E-03 -1.44331E-03 -1.82716E-03 -3.43013E-03
 -4.85236E-03  1.13922E-03  2.61910E-03 -2.12812E-03 -3.15251E-03 -1.44329E-03
  1.85358E-03  1.24461E-02  4.54910E-03 -2.86399E-04 -6.78439E-03  2.30263E-05
  3.17818E-03 -2.99983E-04 -2.79475E-03  2.94817E-03 -2.22339E-03  6.75087E-04
 -6.49830E-04 -1.09315E-03  5.06187E-03  5.61285E-03 -1.40331E-04  2.83558E-03
 -3.83645E-03 -7.40376E-04  4.00453E-04  2.83863E-03  7.57750E-04  1.40452E-03
 -4.59172E-03 -1.57142E-03  2.48535E-04 -2.00432E-03  3.52147E-03 -1.36870E-03
  3.37212E-03  6.32503E-04 -1.25099E-04 -1.81446E-04  1.50587E-04  1.42199E-03
  1.70664E-03 -4.07129E-04 -1.92075E-03 -2.89378E-03 -1.61041E-03 -1.65884E-03
 -6.96254E-04 -2.20592E-04  3.41108E-04  2.44864E-03 -2.95851E-03 -3.03426E-03
  5.97136E-04  2.12265E-03 -2.03717E-03 -1.12430E-04  8.84610E-04 -5.27626E-04
  9.44946E-04  9.26124E-04
