AutoSaveFileName0160.ASC
 IFORMY    0    .00
 (6E13.7)
 IFORMT    0    .00
 (6E13.7)
 IFORMW    0    .00
 (6E13.7)
 NINTT     0   -1.00
 DOUSNQ    0    1.00
 IQUAD          1.00
 PRWT      0    1.00
 PRY       0    1.00
 IPLRES    1    3.00
 IPLRES    2    3.00
 IPRINT    1    0.00
 IPRINT    2    2.00
 IPLFIT    1    0.00
 IPLFIT    2    0.00
 LINEPG    0   50.
 NONNEG    1    1.00
 IWT       0    5.00
 NQPROG    1    5.00
 NQPROG    2    5.00
 GMNMX     1    1.259E-05
 GMNMX     2    1.259E-02
 RUSER    10    -1.00
 NG        0    200.00
 NLINF     0    0.00
 IUSER    10    4.00
 RUSER    21    1.0
 RUSER    22   -1.0
 RUSER    23    0.0
 RUSER    18         292.22062
 RUSER    17         94.99900
 RUSER    19         1.02489
 RUSER    15         1.33200
 RUSER    16         632.80000
 RUSER    25         1
 RUSER    26         0
 END       0    0.00
 NY      188
  5.00000E-07  6.25000E-07  7.50000E-07  8.75000E-07  1.00000E-06  1.12500E-06
  1.25000E-06  1.37500E-06  1.50000E-06  1.62500E-06  1.75000E-06  1.87500E-06
  2.00000E-06  2.25000E-06  2.50000E-06  2.75000E-06  3.00000E-06  3.25000E-06
  3.50000E-06  3.75000E-06  4.00000E-06  4.50000E-06  5.00000E-06  5.50000E-06
  6.00000E-06  6.50000E-06  7.00000E-06  7.50000E-06  8.00000E-06  9.00000E-06
  1.00000E-05  1.10000E-05  1.20000E-05  1.30000E-05  1.40000E-05  1.50000E-05
  1.60000E-05  1.80000E-05  2.00000E-05  2.20000E-05  2.40000E-05  2.60000E-05
  2.80000E-05  3.00000E-05  3.20000E-05  3.60000E-05  4.00000E-05  4.40000E-05
  4.80000E-05  5.20000E-05  5.60000E-05  6.00000E-05  6.40000E-05  7.20000E-05
  8.00000E-05  8.80000E-05  9.60000E-05  1.04000E-04  1.12000E-04  1.20000E-04
  1.28000E-04  1.44000E-04  1.60000E-04  1.76000E-04  1.92000E-04  2.08000E-04
  2.24000E-04  2.40000E-04  2.56000E-04  2.88000E-04  3.20000E-04  3.52000E-04
  3.84000E-04  4.16000E-04  4.48000E-04  4.80000E-04  5.12000E-04  5.76000E-04
  6.40000E-04  7.04000E-04  7.68000E-04  8.32000E-04  8.96000E-04  9.60000E-04
  1.02400E-03  1.15200E-03  1.28000E-03  1.40800E-03  1.53600E-03  1.66400E-03
  1.79200E-03  1.92000E-03  2.01600E-03  2.27200E-03  2.52800E-03  2.78400E-03
  3.04000E-03  3.29600E-03  3.55200E-03  3.80800E-03  4.06400E-03  4.57600E-03
  5.08800E-03  5.60000E-03  6.11200E-03  6.62400E-03  7.13600E-03  7.64800E-03
  8.16000E-03  9.18400E-03  1.02080E-02  1.12320E-02  1.22560E-02  1.32800E-02
  1.43040E-02  1.53280E-02  1.63520E-02  1.84000E-02  2.04480E-02  2.24960E-02
  2.45440E-02  2.65920E-02  2.86400E-02  3.06880E-02  3.27360E-02  3.68320E-02
  4.09280E-02  4.50240E-02  4.91200E-02  5.32160E-02  5.73120E-02  6.14080E-02
  6.55040E-02  7.36960E-02  8.18880E-02  9.00800E-02  9.82720E-02  1.06464E-01
  1.14656E-01  1.22848E-01  1.31040E-01  1.47424E-01  1.63808E-01  1.80192E-01
  1.96576E-01  2.12960E-01  2.29344E-01  2.45728E-01  2.62112E-01  2.94880E-01
  3.27648E-01  3.60416E-01  3.93184E-01  4.25952E-01  4.58720E-01  4.91488E-01
  5.24256E-01  5.89792E-01  6.55328E-01  7.20864E-01  7.86400E-01  8.51936E-01
  9.17472E-01  9.83008E-01  1.04854E+00  1.17962E+00  1.31069E+00  1.44176E+00
  1.57283E+00  1.70390E+00  1.83498E+00  1.96605E+00  2.09712E+00  2.35926E+00
  2.62141E+00  2.88355E+00  3.14570E+00  3.40784E+00  3.66998E+00  3.93213E+00
  4.19427E+00  4.71856E+00  5.24285E+00  5.76714E+00  6.29142E+00  6.81571E+00
  7.34000E+00  7.86429E+00
  9.98649E-01  9.89783E-01  9.93152E-01  9.90167E-01  9.85240E-01  9.92013E-01
  9.90393E-01  9.87055E-01  9.90671E-01  9.97682E-01  9.90785E-01  9.93271E-01
  9.91178E-01  9.88130E-01  9.90287E-01  9.85015E-01  9.86928E-01  9.88427E-01
  9.89997E-01  9.89011E-01  9.88489E-01  9.86561E-01  9.87980E-01  9.86825E-01
  9.87898E-01  9.87948E-01  9.86605E-01  9.85003E-01  9.87457E-01  9.88356E-01
  9.89014E-01  9.87039E-01  9.86492E-01  9.86881E-01  9.85288E-01  9.86329E-01
  9.85303E-01  9.86191E-01  9.83624E-01  9.84585E-01  9.84333E-01  9.83856E-01
  9.81379E-01  9.81900E-01  9.81088E-01  9.80603E-01  9.78322E-01  9.78174E-01
  9.76729E-01  9.75627E-01  9.74979E-01  9.74935E-01  9.73651E-01  9.70996E-01
  9.68523E-01  9.65962E-01  9.64828E-01  9.62032E-01  9.59810E-01  9.58380E-01
  9.55689E-01  9.50970E-01  9.47246E-01  9.42999E-01  9.38656E-01  9.34485E-01
  9.29934E-01  9.25997E-01  9.21659E-01  9.13650E-01  9.04993E-01  8.96669E-01
  8.88429E-01  8.80578E-01  8.72384E-01  8.64277E-01  8.56590E-01  8.41351E-01
  8.25902E-01  8.11235E-01  7.96599E-01  7.82291E-01  7.68374E-01  7.54638E-01
  7.40876E-01  7.14760E-01  6.89591E-01  6.65227E-01  6.41476E-01  6.18836E-01
  5.97069E-01  5.76048E-01  5.62840E-01  5.23451E-01  4.87378E-01  4.53322E-01
  4.21232E-01  3.92034E-01  3.65710E-01  3.41133E-01  3.18317E-01  2.76508E-01
  2.39310E-01  2.07404E-01  1.81010E-01  1.59217E-01  1.40366E-01  1.24330E-01
  1.09611E-01  8.31185E-02  6.04614E-02  4.43772E-02  3.19783E-02  2.10691E-02
  1.52932E-02  1.02354E-02  8.07192E-03  2.87620E-03 -8.43286E-03 -1.67236E-02
 -1.63273E-02 -9.15731E-03 -4.87515E-03 -5.75048E-03  2.70283E-04 -3.50072E-03
 -8.65154E-03 -6.21628E-03 -2.32765E-03  5.17210E-03  7.14107E-03  1.14591E-02
  1.15004E-02  1.62751E-02  1.62350E-02  1.60746E-02 -8.28539E-03  2.35307E-03
  3.63069E-03  4.56366E-03 -8.92836E-03 -2.94391E-02 -1.51756E-03 -4.06438E-03
 -1.19006E-02 -3.25212E-03 -1.44384E-02  3.15104E-03  9.86609E-03 -3.24741E-03
  3.39449E-03  8.32612E-03  8.84285E-03 -6.20448E-03  3.70473E-03  5.80030E-03
 -3.22446E-03  1.29790E-03  4.44997E-03 -8.00299E-04 -1.17897E-02 -7.55279E-03
  7.43381E-03 -4.02073E-03  1.72109E-04  9.63920E-04 -6.83385E-03  5.29105E-03
  2.99141E-03  1.49957E-03  8.19427E-04  2.63533E-03 -1.67548E-04 -2.13280E-03
 -6.02347E-04 -2.52808E-04  1.07951E-04  4.81772E-04 -3.73150E-03 -1.19690E-02
 -5.22565E-04  2.56298E-04  9.07283E-04 -6.92450E-03  1.82783E-03  2.10336E-03
  3.24263E-03 -2.64429E-03
