AutoSaveFileName0283.ASC
 IFORMY    0    .00
 (6E13.7)
 IFORMT    0    .00
 (6E13.7)
 IFORMW    0    .00
 (6E13.7)
 NINTT     0   -1.00
 DOUSNQ    0    1.00
 IQUAD          1.00
 PRWT      0    1.00
 PRY       0    1.00
 IPLRES    1    3.00
 IPLRES    2    3.00
 IPRINT    1    0.00
 IPRINT    2    2.00
 IPLFIT    1    0.00
 IPLFIT    2    0.00
 LINEPG    0   50.
 NONNEG    1    1.00
 IWT       0    5.00
 NQPROG    1    5.00
 NQPROG    2    5.00
 GMNMX     1    1.035E-05
 GMNMX     2    1.035E-02
 RUSER    10    -1.00
 NG        0    200.00
 NLINF     0    0.00
 IUSER    10    4.00
 RUSER    21    1.0
 RUSER    22   -1.0
 RUSER    23    0.0
 RUSER    18         292.14918
 RUSER    17         108.99900
 RUSER    19         1.02670
 RUSER    15         1.33200
 RUSER    16         632.80000
 RUSER    25         1
 RUSER    26         0
 END       0    0.00
 NY      131
  3.75000E-07  5.00000E-07  6.25000E-07  7.50000E-07  8.75000E-07  1.00000E-06
  1.12500E-06  1.25000E-06  1.37500E-06  1.50000E-06  1.62500E-06  1.75000E-06
  1.87500E-06  2.00000E-06  2.25000E-06  2.50000E-06  2.75000E-06  3.00000E-06
  3.25000E-06  3.50000E-06  3.75000E-06  4.00000E-06  4.50000E-06  5.00000E-06
  5.50000E-06  6.00000E-06  6.50000E-06  7.00000E-06  7.50000E-06  8.00000E-06
  9.00000E-06  1.00000E-05  1.10000E-05  1.20000E-05  1.30000E-05  1.40000E-05
  1.50000E-05  1.60000E-05  1.80000E-05  2.00000E-05  2.20000E-05  2.40000E-05
  2.60000E-05  2.80000E-05  3.00000E-05  3.20000E-05  3.60000E-05  4.00000E-05
  4.40000E-05  4.80000E-05  5.20000E-05  5.60000E-05  6.00000E-05  6.40000E-05
  7.20000E-05  8.00000E-05  8.80000E-05  9.60000E-05  1.04000E-04  1.12000E-04
  1.20000E-04  1.28000E-04  1.44000E-04  1.60000E-04  1.76000E-04  1.92000E-04
  2.08000E-04  2.24000E-04  2.40000E-04  2.56000E-04  2.88000E-04  3.20000E-04
  3.52000E-04  3.84000E-04  4.16000E-04  4.48000E-04  4.80000E-04  5.12000E-04
  5.76000E-04  6.40000E-04  7.04000E-04  7.68000E-04  8.32000E-04  8.96000E-04
  9.60000E-04  1.02400E-03  1.15200E-03  1.28000E-03  1.40800E-03  1.53600E-03
  1.66400E-03  1.79200E-03  1.92000E-03  2.01600E-03  2.27200E-03  2.52800E-03
  2.78400E-03  3.04000E-03  3.29600E-03  3.55200E-03  3.80800E-03  4.06400E-03
  4.57600E-03  5.08800E-03  5.60000E-03  6.11200E-03  6.62400E-03  7.13600E-03
  7.64800E-03  8.16000E-03  9.18400E-03  1.02080E-02  1.12320E-02  1.22560E-02
  1.32800E-02  1.43040E-02  1.53280E-02  1.63520E-02  1.84000E-02  2.04480E-02
  2.24960E-02  2.45440E-02  2.65920E-02  2.86400E-02  3.06880E-02  3.27360E-02
  3.68320E-02  4.09280E-02  4.50240E-02  4.91200E-02  5.32160E-02
  1.61517E+00  1.61578E+00  1.60917E+00  1.61001E+00  1.60631E+00  1.60725E+00
  1.61154E+00  1.60788E+00  1.60852E+00  1.60343E+00  1.60574E+00  1.59822E+00
  1.59880E+00  1.60386E+00  1.60466E+00  1.60244E+00  1.60266E+00  1.60146E+00
  1.60539E+00  1.60347E+00  1.60355E+00  1.60150E+00  1.60022E+00  1.60014E+00
  1.60077E+00  1.59899E+00  1.60138E+00  1.60032E+00  1.59730E+00  1.59869E+00
  1.59666E+00  1.59406E+00  1.59482E+00  1.59389E+00  1.59076E+00  1.59140E+00
  1.59106E+00  1.58928E+00  1.58629E+00  1.58441E+00  1.58298E+00  1.58100E+00
  1.57648E+00  1.57628E+00  1.57355E+00  1.57039E+00  1.56611E+00  1.56095E+00
  1.55647E+00  1.55265E+00  1.54823E+00  1.54343E+00  1.53959E+00  1.53510E+00
  1.52679E+00  1.51729E+00  1.50868E+00  1.50005E+00  1.49106E+00  1.48286E+00
  1.47441E+00  1.46627E+00  1.44985E+00  1.43341E+00  1.41717E+00  1.40143E+00
  1.38533E+00  1.36936E+00  1.35404E+00  1.33845E+00  1.30825E+00  1.27816E+00
  1.24886E+00  1.22026E+00  1.19243E+00  1.16559E+00  1.13886E+00  1.11297E+00
  1.06290E+00  1.01509E+00  9.69465E-01  9.25534E-01  8.83864E-01  8.44200E-01
  8.06170E-01  7.70183E-01  7.01884E-01  6.39247E-01  5.82214E-01  5.30637E-01
  4.84428E-01  4.43036E-01  4.05284E-01  3.80640E-01  3.18998E-01  2.67428E-01
  2.23938E-01  1.87781E-01  1.57683E-01  1.34148E-01  1.13591E-01  9.59047E-02
  6.73810E-02  4.98557E-02  4.14351E-02  3.92737E-02  3.59905E-02  3.39944E-02
  3.23146E-02  2.72608E-02  1.05277E-02  6.46267E-04  2.96313E-04  2.85046E-03
  6.53882E-04 -9.88293E-03 -1.39085E-02 -3.91823E-03  2.91304E-03  7.52133E-03
  7.88884E-03  1.08523E-02  1.28488E-02  4.20610E-03  3.10961E-03  4.88776E-03
  8.59045E-03  2.11590E-02  9.07036E-03  2.23380E-03  4.32574E-03
