AutoSaveFileName0084.ASC
 IFORMY    0    .00
 (6E13.7)
 IFORMT    0    .00
 (6E13.7)
 IFORMW    0    .00
 (6E13.7)
 NINTT     0   -1.00
 DOUSNQ    0    1.00
 IQUAD          1.00
 PRWT      0    1.00
 PRY       0    1.00
 IPLRES    1    3.00
 IPLRES    2    3.00
 IPRINT    1    0.00
 IPRINT    2    2.00
 IPLFIT    1    0.00
 IPLFIT    2    0.00
 LINEPG    0   50.
 NONNEG    1    1.00
 IWT       0    5.00
 NQPROG    1    5.00
 NQPROG    2    5.00
 GMNMX     1    3.213E-05
 GMNMX     2    3.213E-02
 RUSER    10    -1.00
 NG        0    200.00
 NLINF     0    0.00
 IUSER    10    4.00
 RUSER    21    1.0
 RUSER    22   -1.0
 RUSER    23    0.0
 RUSER    18         292.18842
 RUSER    17         54.99800
 RUSER    19         1.02570
 RUSER    15         1.33200
 RUSER    16         632.80000
 RUSER    25         1
 RUSER    26         0
 END       0    0.00
 NY      188
  5.00000E-07  6.25000E-07  7.50000E-07  8.75000E-07  1.00000E-06  1.12500E-06
  1.25000E-06  1.37500E-06  1.50000E-06  1.62500E-06  1.75000E-06  1.87500E-06
  2.00000E-06  2.25000E-06  2.50000E-06  2.75000E-06  3.00000E-06  3.25000E-06
  3.50000E-06  3.75000E-06  4.00000E-06  4.50000E-06  5.00000E-06  5.50000E-06
  6.00000E-06  6.50000E-06  7.00000E-06  7.50000E-06  8.00000E-06  9.00000E-06
  1.00000E-05  1.10000E-05  1.20000E-05  1.30000E-05  1.40000E-05  1.50000E-05
  1.60000E-05  1.80000E-05  2.00000E-05  2.20000E-05  2.40000E-05  2.60000E-05
  2.80000E-05  3.00000E-05  3.20000E-05  3.60000E-05  4.00000E-05  4.40000E-05
  4.80000E-05  5.20000E-05  5.60000E-05  6.00000E-05  6.40000E-05  7.20000E-05
  8.00000E-05  8.80000E-05  9.60000E-05  1.04000E-04  1.12000E-04  1.20000E-04
  1.28000E-04  1.44000E-04  1.60000E-04  1.76000E-04  1.92000E-04  2.08000E-04
  2.24000E-04  2.40000E-04  2.56000E-04  2.88000E-04  3.20000E-04  3.52000E-04
  3.84000E-04  4.16000E-04  4.48000E-04  4.80000E-04  5.12000E-04  5.76000E-04
  6.40000E-04  7.04000E-04  7.68000E-04  8.32000E-04  8.96000E-04  9.60000E-04
  1.02400E-03  1.15200E-03  1.28000E-03  1.40800E-03  1.53600E-03  1.66400E-03
  1.79200E-03  1.92000E-03  2.01600E-03  2.27200E-03  2.52800E-03  2.78400E-03
  3.04000E-03  3.29600E-03  3.55200E-03  3.80800E-03  4.06400E-03  4.57600E-03
  5.08800E-03  5.60000E-03  6.11200E-03  6.62400E-03  7.13600E-03  7.64800E-03
  8.16000E-03  9.18400E-03  1.02080E-02  1.12320E-02  1.22560E-02  1.32800E-02
  1.43040E-02  1.53280E-02  1.63520E-02  1.84000E-02  2.04480E-02  2.24960E-02
  2.45440E-02  2.65920E-02  2.86400E-02  3.06880E-02  3.27360E-02  3.68320E-02
  4.09280E-02  4.50240E-02  4.91200E-02  5.32160E-02  5.73120E-02  6.14080E-02
  6.55040E-02  7.36960E-02  8.18880E-02  9.00800E-02  9.82720E-02  1.06464E-01
  1.14656E-01  1.22848E-01  1.31040E-01  1.47424E-01  1.63808E-01  1.80192E-01
  1.96576E-01  2.12960E-01  2.29344E-01  2.45728E-01  2.62112E-01  2.94880E-01
  3.27648E-01  3.60416E-01  3.93184E-01  4.25952E-01  4.58720E-01  4.91488E-01
  5.24256E-01  5.89792E-01  6.55328E-01  7.20864E-01  7.86400E-01  8.51936E-01
  9.17472E-01  9.83008E-01  1.04854E+00  1.17962E+00  1.31069E+00  1.44176E+00
  1.57283E+00  1.70390E+00  1.83498E+00  1.96605E+00  2.09712E+00  2.35926E+00
  2.62141E+00  2.88355E+00  3.14570E+00  3.40784E+00  3.66998E+00  3.93213E+00
  4.19427E+00  4.71856E+00  5.24285E+00  5.76714E+00  6.29142E+00  6.81571E+00
  7.34000E+00  7.86429E+00
  9.98121E-01  9.97349E-01  9.94308E-01  9.95547E-01  9.94103E-01  9.93703E-01
  9.94795E-01  9.92536E-01  9.94095E-01  9.93016E-01  9.92801E-01  9.94862E-01
  9.94338E-01  9.93116E-01  9.92124E-01  9.92948E-01  9.93688E-01  9.93113E-01
  9.92511E-01  9.92171E-01  9.92299E-01  9.92581E-01  9.92509E-01  9.92603E-01
  9.92953E-01  9.92471E-01  9.92499E-01  9.93146E-01  9.92196E-01  9.92386E-01
  9.92176E-01  9.91886E-01  9.92623E-01  9.91959E-01  9.91881E-01  9.92066E-01
  9.91634E-01  9.91089E-01  9.91454E-01  9.91024E-01  9.90849E-01  9.91007E-01
  9.90429E-01  9.90322E-01  9.90247E-01  9.89760E-01  9.89238E-01  9.88840E-01
  9.88625E-01  9.88176E-01  9.87806E-01  9.87571E-01  9.87066E-01  9.86254E-01
  9.85374E-01  9.84770E-01  9.83818E-01  9.82878E-01  9.82021E-01  9.81271E-01
  9.80509E-01  9.78830E-01  9.77113E-01  9.75624E-01  9.73822E-01  9.72345E-01
  9.70554E-01  9.68922E-01  9.67420E-01  9.64184E-01  9.61006E-01  9.57722E-01
  9.54561E-01  9.51338E-01  9.48149E-01  9.44896E-01  9.41882E-01  9.35585E-01
  9.29273E-01  9.23036E-01  9.16839E-01  9.10729E-01  9.04602E-01  8.98532E-01
  8.39867E-01  8.28498E-01  8.17353E-01  8.06188E-01  7.95261E-01  7.84611E-01
  7.74061E-01  7.63613E-01  8.05611E-01  7.84541E-01  7.64230E-01  7.44444E-01
  7.25293E-01  7.06707E-01  6.88618E-01  6.71029E-01  6.54227E-01  6.21902E-01
  5.91386E-01  5.62397E-01  5.34865E-01  5.08580E-01  4.83859E-01  4.60562E-01
  4.39042E-01  3.97287E-01  3.59207E-01  3.24348E-01  2.92618E-01  2.62977E-01
  2.35867E-01  2.10940E-01  1.89358E-01  1.49803E-01  1.17342E-01  9.06271E-02
  6.97336E-02  5.27851E-02  3.85407E-02  2.72198E-02  1.74670E-02  6.44019E-05
 -1.25219E-02 -1.50788E-02 -1.59148E-02 -1.38172E-02 -8.00633E-03 -3.68295E-03
 -2.40852E-03 -4.80680E-03 -1.46347E-02 -5.86076E-03  6.50174E-03  1.49778E-02
  1.05514E-02  1.06608E-02  1.35479E-02  5.00291E-03 -3.46948E-03 -6.26807E-03
 -1.26775E-02 -2.36276E-03 -4.04086E-03  6.93098E-04 -1.21646E-02 -1.04657E-03
  1.86497E-03  3.00589E-03 -1.61486E-02  1.36762E-03 -4.62574E-03  5.10986E-03
 -7.33662E-03 -1.06085E-02  1.10126E-02 -4.76645E-03  4.04696E-03 -2.17017E-03
  2.52215E-03 -4.51831E-03 -9.16407E-03  3.49459E-03  3.48732E-03 -9.07803E-05
 -4.08397E-03 -3.55874E-03 -5.67855E-03  5.16471E-03  5.48848E-04 -6.11699E-03
 -4.15678E-03 -7.02067E-03  5.54743E-04 -2.17222E-03 -5.15616E-03 -6.22751E-03
 -2.81936E-04 -1.56928E-03  1.49316E-03  4.03127E-04  2.69199E-03  2.60901E-03
 -3.09533E-03  1.78819E-03
