AutoSaveFileName0255.ASC
 IFORMY    0    .00
 (6E13.7)
 IFORMT    0    .00
 (6E13.7)
 IFORMW    0    .00
 (6E13.7)
 NINTT     0   -1.00
 DOUSNQ    0    1.00
 IQUAD          1.00
 PRWT      0    1.00
 PRY       0    1.00
 IPLRES    1    3.00
 IPLRES    2    3.00
 IPRINT    1    0.00
 IPRINT    2    2.00
 IPLFIT    1    0.00
 IPLFIT    2    0.00
 LINEPG    0   50.
 NONNEG    1    1.00
 IWT       0    5.00
 NQPROG    1    5.00
 NQPROG    2    5.00
 GMNMX     1    7.744E-06
 GMNMX     2    7.744E-03
 RUSER    10    -1.00
 NG        0    200.00
 NLINF     0    0.00
 IUSER    10    4.00
 RUSER    21    1.0
 RUSER    22   -1.0
 RUSER    23    0.0
 RUSER    18         292.24912
 RUSER    17         139.99900
 RUSER    19         1.02417
 RUSER    15         1.33200
 RUSER    16         632.80000
 RUSER    25         1
 RUSER    26         0
 END       0    0.00
 NY      188
  5.00000E-07  6.25000E-07  7.50000E-07  8.75000E-07  1.00000E-06  1.12500E-06
  1.25000E-06  1.37500E-06  1.50000E-06  1.62500E-06  1.75000E-06  1.87500E-06
  2.00000E-06  2.25000E-06  2.50000E-06  2.75000E-06  3.00000E-06  3.25000E-06
  3.50000E-06  3.75000E-06  4.00000E-06  4.50000E-06  5.00000E-06  5.50000E-06
  6.00000E-06  6.50000E-06  7.00000E-06  7.50000E-06  8.00000E-06  9.00000E-06
  1.00000E-05  1.10000E-05  1.20000E-05  1.30000E-05  1.40000E-05  1.50000E-05
  1.60000E-05  1.80000E-05  2.00000E-05  2.20000E-05  2.40000E-05  2.60000E-05
  2.80000E-05  3.00000E-05  3.20000E-05  3.60000E-05  4.00000E-05  4.40000E-05
  4.80000E-05  5.20000E-05  5.60000E-05  6.00000E-05  6.40000E-05  7.20000E-05
  8.00000E-05  8.80000E-05  9.60000E-05  1.04000E-04  1.12000E-04  1.20000E-04
  1.28000E-04  1.44000E-04  1.60000E-04  1.76000E-04  1.92000E-04  2.08000E-04
  2.24000E-04  2.40000E-04  2.56000E-04  2.88000E-04  3.20000E-04  3.52000E-04
  3.84000E-04  4.16000E-04  4.48000E-04  4.80000E-04  5.12000E-04  5.76000E-04
  6.40000E-04  7.04000E-04  7.68000E-04  8.32000E-04  8.96000E-04  9.60000E-04
  1.02400E-03  1.15200E-03  1.28000E-03  1.40800E-03  1.53600E-03  1.66400E-03
  1.79200E-03  1.92000E-03  2.01600E-03  2.27200E-03  2.52800E-03  2.78400E-03
  3.04000E-03  3.29600E-03  3.55200E-03  3.80800E-03  4.06400E-03  4.57600E-03
  5.08800E-03  5.60000E-03  6.11200E-03  6.62400E-03  7.13600E-03  7.64800E-03
  8.16000E-03  9.18400E-03  1.02080E-02  1.12320E-02  1.22560E-02  1.32800E-02
  1.43040E-02  1.53280E-02  1.63520E-02  1.84000E-02  2.04480E-02  2.24960E-02
  2.45440E-02  2.65920E-02  2.86400E-02  3.06880E-02  3.27360E-02  3.68320E-02
  4.09280E-02  4.50240E-02  4.91200E-02  5.32160E-02  5.73120E-02  6.14080E-02
  6.55040E-02  7.36960E-02  8.18880E-02  9.00800E-02  9.82720E-02  1.06464E-01
  1.14656E-01  1.22848E-01  1.31040E-01  1.47424E-01  1.63808E-01  1.80192E-01
  1.96576E-01  2.12960E-01  2.29344E-01  2.45728E-01  2.62112E-01  2.94880E-01
  3.27648E-01  3.60416E-01  3.93184E-01  4.25952E-01  4.58720E-01  4.91488E-01
  5.24256E-01  5.89792E-01  6.55328E-01  7.20864E-01  7.86400E-01  8.51936E-01
  9.17472E-01  9.83008E-01  1.04854E+00  1.17962E+00  1.31069E+00  1.44176E+00
  1.57283E+00  1.70390E+00  1.83498E+00  1.96605E+00  2.09712E+00  2.35926E+00
  2.62141E+00  2.88355E+00  3.14570E+00  3.40784E+00  3.66998E+00  3.93213E+00
  4.19427E+00  4.71856E+00  5.24285E+00  5.76714E+00  6.29142E+00  6.81571E+00
  7.34000E+00  7.86429E+00
  9.93784E-01  9.94369E-01  9.90850E-01  9.92914E-01  9.91373E-01  9.89311E-01
  9.90417E-01  9.87532E-01  9.88688E-01  9.88953E-01  9.90089E-01  9.88347E-01
  9.88859E-01  9.88878E-01  9.87844E-01  9.89115E-01  9.88277E-01  9.88351E-01
  9.86782E-01  9.87807E-01  9.87353E-01  9.88694E-01  9.86908E-01  9.88085E-01
  9.86955E-01  9.86865E-01  9.86449E-01  9.86345E-01  9.86421E-01  9.85841E-01
  9.85279E-01  9.84594E-01  9.84451E-01  9.84270E-01  9.83353E-01  9.82852E-01
  9.82304E-01  9.81939E-01  9.80839E-01  9.79611E-01  9.79082E-01  9.78191E-01
  9.77319E-01  9.76449E-01  9.75540E-01  9.73979E-01  9.72203E-01  9.70288E-01
  9.68307E-01  9.66508E-01  9.65120E-01  9.63633E-01  9.61540E-01  9.58051E-01
  9.54200E-01  9.51153E-01  9.47159E-01  9.43656E-01  9.40078E-01  9.36751E-01
  9.32988E-01  9.26239E-01  9.19151E-01  9.12153E-01  9.05569E-01  8.98824E-01
  8.91960E-01  8.85476E-01  8.78840E-01  8.65784E-01  8.52964E-01  8.40418E-01
  8.27888E-01  8.15594E-01  8.03384E-01  7.91601E-01  7.79941E-01  7.57187E-01
  7.35159E-01  7.13867E-01  6.92941E-01  6.72912E-01  6.53427E-01  6.34484E-01
  6.16095E-01  5.80976E-01  5.47795E-01  5.16552E-01  4.87216E-01  4.59474E-01
  4.33560E-01  4.09414E-01  3.92624E-01  3.50946E-01  3.13974E-01  2.81075E-01
  2.51839E-01  2.26212E-01  2.02966E-01  1.82335E-01  1.65043E-01  1.34883E-01
  1.10810E-01  9.14189E-02  7.45667E-02  6.04870E-02  4.92517E-02  4.04344E-02
  3.41713E-02  2.55973E-02  1.98644E-02  1.36636E-02  9.08624E-03  6.89278E-03
  6.71663E-03  7.08605E-03  6.13988E-03  2.96903E-03  1.28394E-03  1.90263E-03
  3.62296E-03  6.78205E-05 -1.11926E-03 -3.22066E-03 -2.27375E-03  5.05596E-04
  1.97446E-03 -4.33213E-04  3.23179E-04 -4.69051E-03 -4.64498E-03 -1.82304E-03
  2.15210E-04  9.09635E-04  2.99157E-04 -7.29708E-05  2.56545E-03  1.46405E-03
 -6.62357E-03 -4.04941E-03  1.35870E-03 -2.88122E-04 -1.54199E-03  9.45449E-04
 -1.67903E-03  2.37627E-04 -5.33444E-03  2.01198E-03  1.82579E-03 -7.90475E-04
 -2.11470E-03 -9.19147E-04 -3.23977E-05 -1.04003E-03 -3.25678E-04  8.80011E-04
  1.27519E-03  9.22857E-04  1.04740E-03  4.98067E-04 -8.02989E-04 -7.54068E-04
  1.59182E-03 -9.50976E-04 -1.05995E-03 -6.24688E-04 -1.13155E-03 -3.56857E-04
 -1.42525E-03  7.02602E-04 -1.51036E-03  6.19519E-04 -1.20699E-03 -1.70350E-03
 -8.29439E-04  4.96159E-04  4.81819E-04  9.01344E-04  5.28768E-05  5.26169E-04
 -5.47249E-04 -7.63056E-04 -8.94651E-04 -1.19321E-03 -4.33539E-05  1.98350E-03
  6.95127E-05  1.87694E-04
