AutoSaveFileName0274.ASC
 IFORMY    0    .00
 (6E13.7)
 IFORMT    0    .00
 (6E13.7)
 IFORMW    0    .00
 (6E13.7)
 NINTT     0   -1.00
 DOUSNQ    0    1.00
 IQUAD     0    1.00
 PRWT      0    1.00
 PRY       0    1.00
 IPLRES    1    3.00
 IPLRES    2    3.00
 IPRINT    1    0.00
 IPRINT    2    2.00
 IPLFIT    1    0.00
 IPLFIT    2    0.00
 LINEPG    0   50.
 NONNEG    1    1.00
 IWT       0    5.00
 NQPROG    1    5.00
 NQPROG    2    5.00
 GMNMX     1    2.86605E-03
 GMNMX     2    1.02884E-03
 RUSER    10    -1.00
 NG        0    500.00
 NLINF     0    1.00
 IUSER    10    4.00
 RUSER    21    1.0
 RUSER    22   -1.0
 RUSER    23    0.0
 RUSER    18         292.15343
 RUSER    17         149.99900
 RUSER    19         1.02659
 RUSER    15         1.33200
 RUSER    16         632.80000
 RUSER    25         1
 RUSER    26         0
 END       0    0.00
 NY      162
  7.50000E-07  8.75000E-07  1.00000E-06  1.12500E-06  1.25000E-06  1.37500E-06
  1.50000E-06  1.62500E-06  1.75000E-06  1.87500E-06  2.00000E-06  2.25000E-06
  2.50000E-06  2.75000E-06  3.00000E-06  3.25000E-06  3.50000E-06  3.75000E-06
  4.00000E-06  4.50000E-06  5.00000E-06  5.50000E-06  6.00000E-06  6.50000E-06
  7.00000E-06  7.50000E-06  8.00000E-06  9.00000E-06  1.00000E-05  1.10000E-05
  1.20000E-05  1.30000E-05  1.40000E-05  1.50000E-05  1.60000E-05  1.80000E-05
  2.00000E-05  2.20000E-05  2.40000E-05  2.60000E-05  2.80000E-05  3.00000E-05
  3.20000E-05  3.60000E-05  4.00000E-05  4.40000E-05  4.80000E-05  5.20000E-05
  5.60000E-05  6.00000E-05  6.40000E-05  7.20000E-05  8.00000E-05  8.80000E-05
  9.60000E-05  1.04000E-04  1.12000E-04  1.20000E-04  1.28000E-04  1.44000E-04
  1.60000E-04  1.76000E-04  1.92000E-04  2.08000E-04  2.24000E-04  2.40000E-04
  2.56000E-04  2.88000E-04  3.20000E-04  3.52000E-04  3.84000E-04  4.16000E-04
  4.48000E-04  4.80000E-04  5.12000E-04  5.76000E-04  6.40000E-04  7.04000E-04
  7.68000E-04  8.32000E-04  8.96000E-04  9.60000E-04  1.02400E-03  1.15200E-03
  1.28000E-03  1.40800E-03  1.53600E-03  1.66400E-03  1.79200E-03  1.92000E-03
  2.01600E-03  2.27200E-03  2.52800E-03  2.78400E-03  3.04000E-03  3.29600E-03
  3.55200E-03  3.80800E-03  4.06400E-03  4.57600E-03  5.08800E-03  5.60000E-03
  6.11200E-03  6.62400E-03  7.13600E-03  7.64800E-03  8.16000E-03  9.18400E-03
  1.02080E-02  1.12320E-02  1.22560E-02  1.32800E-02  1.43040E-02  1.53280E-02
  1.63520E-02  1.84000E-02  2.04480E-02  2.24960E-02  2.45440E-02  2.65920E-02
  2.86400E-02  3.06880E-02  3.27360E-02  3.68320E-02  4.09280E-02  4.50240E-02
  4.91200E-02  5.32160E-02  5.73120E-02  6.14080E-02  6.55040E-02  7.36960E-02
  8.18880E-02  9.00800E-02  9.82720E-02  1.06464E-01  1.14656E-01  1.22848E-01
  1.31040E-01  1.47424E-01  1.63808E-01  1.80192E-01  1.96576E-01  2.12960E-01
  2.29344E-01  2.45728E-01  2.62112E-01  2.94880E-01  3.27648E-01  3.60416E-01
  3.93184E-01  4.25952E-01  4.58720E-01  4.91488E-01  5.24256E-01  5.89792E-01
  6.55328E-01  7.20864E-01  7.86400E-01  8.51936E-01  9.17472E-01  9.83008E-01
  9.99792E-01  1.00000E+00  9.95174E-01  9.95890E-01  9.94223E-01  9.93086E-01
  9.92111E-01  9.94181E-01  9.89928E-01  9.89084E-01  9.88625E-01  9.84635E-01
  9.84879E-01  9.83569E-01  9.82576E-01  9.80703E-01  9.78968E-01  9.78166E-01
  9.76733E-01  9.72792E-01  9.70311E-01  9.67120E-01  9.64157E-01  9.59994E-01
  9.57429E-01  9.54361E-01  9.51618E-01  9.45861E-01  9.39854E-01  9.34832E-01
  9.28073E-01  9.22244E-01  9.16206E-01  9.11316E-01  9.04877E-01  8.93149E-01
  8.82485E-01  8.71513E-01  8.60355E-01  8.49187E-01  8.39032E-01  8.28309E-01
  8.17936E-01  7.97392E-01  7.77015E-01  7.57826E-01  7.38909E-01  7.20558E-01
  7.02274E-01  6.85263E-01  6.67864E-01  6.35031E-01  6.03481E-01  5.73995E-01
  5.45628E-01  5.18933E-01  4.93515E-01  4.69288E-01  4.46715E-01  4.04054E-01
  3.65696E-01  3.30867E-01  2.99063E-01  2.71169E-01  2.45650E-01  2.22632E-01
  2.02432E-01  1.66730E-01  1.37141E-01  1.13335E-01  9.37764E-02  7.74781E-02
  6.42169E-02  5.30167E-02  4.43569E-02  3.11867E-02  2.22874E-02  1.59544E-02
  1.20072E-02  9.05505E-03  6.65478E-03  4.90117E-03  3.31796E-03  1.78844E-03
  9.41135E-04  1.10139E-04  1.39365E-04  3.23411E-04  8.42198E-04  3.61525E-04
  2.35968E-04  1.21680E-04 -9.15223E-05 -3.61789E-04  4.35963E-04 -6.81371E-04
 -2.81295E-03 -1.98811E-03 -1.92407E-03 -1.40504E-03 -3.26208E-04 -1.75163E-03
  8.97853E-05 -1.22919E-03 -1.37392E-03 -2.21555E-04  4.92149E-04  3.83139E-04
 -2.98486E-04 -3.40549E-04  9.69599E-04 -5.57189E-04 -1.09521E-03 -8.70056E-04
 -1.30811E-04  3.05390E-04 -2.32438E-04  4.44243E-04 -9.78124E-04 -4.94058E-04
 -1.19713E-03  1.15934E-03 -1.10642E-04 -5.68310E-04  2.29549E-04  2.50256E-04
 -1.91899E-04  2.96034E-04 -3.42514E-04 -1.66161E-04  1.10839E-04  1.41606E-05
 -4.91973E-05  5.29417E-04  1.56662E-04 -4.32445E-04 -3.48294E-04 -9.51784E-05
  5.56524E-04 -1.50054E-04 -2.28654E-04 -7.54208E-05 -3.24892E-05 -2.24724E-05
  1.01116E-04 -3.66341E-04 -1.89180E-04 -5.87064E-05 -7.67490E-05  1.29402E-05
  2.93426E-04 -3.71345E-04 -3.89439E-04  5.22852E-04  5.71141E-05  1.47758E-05
  7.00567E-05 -1.02760E-06 -9.89563E-05  6.55369E-05 -8.77155E-05  6.40116E-06
