AutoSaveFileName0079.ASC
 IFORMY    0    .00
 (6E13.7)
 IFORMT    0    .00
 (6E13.7)
 IFORMW    0    .00
 (6E13.7)
 NINTT     0   -1.00
 DOUSNQ    0    1.00
 IQUAD     0    1.00
 PRWT      0    1.00
 PRY       0    1.00
 IPLRES    1    3.00
 IPLRES    2    3.00
 IPRINT    1    0.00
 IPRINT    2    2.00
 IPLFIT    1    0.00
 IPLFIT    2    0.00
 LINEPG    0   50.
 NONNEG    1    1.00
 IWT       0    5.00
 NQPROG    1    5.00
 NQPROG    2    5.00
 GMNMX     1    1.50599E-02
 GMNMX     2    5.40612E-03
 RUSER    10    -1.00
 NG        0    500.00
 NLINF     0    1.00
 IUSER    10    4.00
 RUSER    21    1.0
 RUSER    22   -1.0
 RUSER    23    0.0
 RUSER    18         291.94790
 RUSER    17         49.99800
 RUSER    19         1.03183
 RUSER    15         1.33200
 RUSER    16         632.80000
 RUSER    25         1
 RUSER    26         0
 END       0    0.00
 NY      162
  7.50000E-07  8.75000E-07  1.00000E-06  1.12500E-06  1.25000E-06  1.37500E-06
  1.50000E-06  1.62500E-06  1.75000E-06  1.87500E-06  2.00000E-06  2.25000E-06
  2.50000E-06  2.75000E-06  3.00000E-06  3.25000E-06  3.50000E-06  3.75000E-06
  4.00000E-06  4.50000E-06  5.00000E-06  5.50000E-06  6.00000E-06  6.50000E-06
  7.00000E-06  7.50000E-06  8.00000E-06  9.00000E-06  1.00000E-05  1.10000E-05
  1.20000E-05  1.30000E-05  1.40000E-05  1.50000E-05  1.60000E-05  1.80000E-05
  2.00000E-05  2.20000E-05  2.40000E-05  2.60000E-05  2.80000E-05  3.00000E-05
  3.20000E-05  3.60000E-05  4.00000E-05  4.40000E-05  4.80000E-05  5.20000E-05
  5.60000E-05  6.00000E-05  6.40000E-05  7.20000E-05  8.00000E-05  8.80000E-05
  9.60000E-05  1.04000E-04  1.12000E-04  1.20000E-04  1.28000E-04  1.44000E-04
  1.60000E-04  1.76000E-04  1.92000E-04  2.08000E-04  2.24000E-04  2.40000E-04
  2.56000E-04  2.88000E-04  3.20000E-04  3.52000E-04  3.84000E-04  4.16000E-04
  4.48000E-04  4.80000E-04  5.12000E-04  5.76000E-04  6.40000E-04  7.04000E-04
  7.68000E-04  8.32000E-04  8.96000E-04  9.60000E-04  1.02400E-03  1.15200E-03
  1.28000E-03  1.40800E-03  1.53600E-03  1.66400E-03  1.79200E-03  1.92000E-03
  2.01600E-03  2.27200E-03  2.52800E-03  2.78400E-03  3.04000E-03  3.29600E-03
  3.55200E-03  3.80800E-03  4.06400E-03  4.57600E-03  5.08800E-03  5.60000E-03
  6.11200E-03  6.62400E-03  7.13600E-03  7.64800E-03  8.16000E-03  9.18400E-03
  1.02080E-02  1.12320E-02  1.22560E-02  1.32800E-02  1.43040E-02  1.53280E-02
  1.63520E-02  1.84000E-02  2.04480E-02  2.24960E-02  2.45440E-02  2.65920E-02
  2.86400E-02  3.06880E-02  3.27360E-02  3.68320E-02  4.09280E-02  4.50240E-02
  4.91200E-02  5.32160E-02  5.73120E-02  6.14080E-02  6.55040E-02  7.36960E-02
  8.18880E-02  9.00800E-02  9.82720E-02  1.06464E-01  1.14656E-01  1.22848E-01
  1.31040E-01  1.47424E-01  1.63808E-01  1.80192E-01  1.96576E-01  2.12960E-01
  2.29344E-01  2.45728E-01  2.62112E-01  2.94880E-01  3.27648E-01  3.60416E-01
  3.93184E-01  4.25952E-01  4.58720E-01  4.91488E-01  5.24256E-01  5.89792E-01
  6.55328E-01  7.20864E-01  7.86400E-01  8.51936E-01  9.17472E-01  9.83008E-01
  9.99529E-01  9.99533E-01  9.99063E-01  9.99234E-01  1.00000E+00  9.97868E-01
  9.96017E-01  9.97925E-01  9.96961E-01  9.95971E-01  9.96961E-01  9.96516E-01
  9.95878E-01  9.95838E-01  9.95935E-01  9.94934E-01  9.93408E-01  9.95037E-01
  9.94557E-01  9.94886E-01  9.93002E-01  9.93385E-01  9.91508E-01  9.91414E-01
  9.91104E-01  9.90595E-01  9.89318E-01  9.88264E-01  9.86869E-01  9.85828E-01
  9.84596E-01  9.83981E-01  9.82516E-01  9.81409E-01  9.80402E-01  9.78340E-01
  9.75967E-01  9.73544E-01  9.71128E-01  9.69350E-01  9.66751E-01  9.64219E-01
  9.62271E-01  9.58071E-01  9.53549E-01  9.49307E-01  9.44606E-01  9.40280E-01
  9.35972E-01  9.31758E-01  9.27412E-01  9.18875E-01  9.10464E-01  9.02230E-01
  8.94030E-01  8.85651E-01  8.77616E-01  8.69686E-01  8.61790E-01  8.46206E-01
  8.30920E-01  8.15736E-01  8.01151E-01  7.86843E-01  7.72504E-01  7.58744E-01
  7.45326E-01  7.18742E-01  6.93223E-01  6.68709E-01  6.45229E-01  6.22463E-01
  6.00618E-01  5.79483E-01  5.59382E-01  5.20965E-01  4.85422E-01  4.52477E-01
  4.21749E-01  3.93458E-01  3.66970E-01  3.42260E-01  3.19594E-01  2.78469E-01
  2.43009E-01  2.12174E-01  1.85411E-01  1.62445E-01  1.42646E-01  1.25541E-01
  1.14657E-01  8.92031E-02  6.94655E-02  5.39891E-02  4.18043E-02  3.22193E-02
  2.49659E-02  1.92849E-02  1.55662E-02  9.33580E-03  5.15448E-03  3.71311E-03
  2.94979E-03  2.59271E-03  2.21116E-03  2.75108E-03  2.45567E-03  2.09548E-03
  2.79126E-03 -2.50293E-04 -2.85286E-03 -2.43998E-04  5.28385E-04 -4.06062E-04
 -1.43910E-03  1.33896E-03  3.47170E-04  5.56657E-04 -7.26731E-04  2.30586E-03
  1.38233E-03  1.43662E-03 -1.76198E-03  2.28629E-03  8.02258E-04 -1.68805E-03
 -7.55972E-04 -6.81388E-05  3.00067E-03  1.70658E-04  3.62223E-04  1.94133E-03
  1.81394E-03  6.94039E-04  1.04837E-03  1.12948E-03  1.66417E-03  2.25420E-03
  1.29067E-03 -2.52793E-04 -1.75469E-03  1.92322E-04  9.77980E-04  9.17273E-04
  1.83684E-04  1.10064E-03  2.60282E-04 -5.24914E-04  2.57496E-04  2.92390E-04
  3.87573E-04  9.58774E-04 -3.05982E-04 -1.26247E-03 -3.51660E-04  5.37267E-04
  3.07680E-04  7.36390E-05 -2.75923E-05 -3.01980E-04 -6.20949E-04  8.72096E-04
