AutoSaveFileName0159.ASC
 IFORMY    0    .00
 (6E13.7)
 IFORMT    0    .00
 (6E13.7)
 IFORMW    0    .00
 (6E13.7)
 NINTT     0   -1.00
 DOUSNQ    0    1.00
 IQUAD          1.00
 PRWT      0    1.00
 PRY       0    1.00
 IPLRES    1    3.00
 IPLRES    2    3.00
 IPRINT    1    0.00
 IPRINT    2    2.00
 IPLFIT    1    0.00
 IPLFIT    2    0.00
 LINEPG    0   50.
 NONNEG    1    1.00
 IWT       0    5.00
 NQPROG    1    5.00
 NQPROG    2    5.00
 GMNMX     1    2.204E-05
 GMNMX     2    2.204E-02
 RUSER    10    -1.00
 NG        0    200.00
 NLINF     0    0.00
 IUSER    10    4.00
 RUSER    21    1.0
 RUSER    22   -1.0
 RUSER    23    0.0
 RUSER    18         291.96954
 RUSER    17         67.99900
 RUSER    19         1.03128
 RUSER    15         1.33200
 RUSER    16         632.80000
 RUSER    25         1
 RUSER    26         0
 END       0    0.00
 NY      131
  3.75000E-07  5.00000E-07  6.25000E-07  7.50000E-07  8.75000E-07  1.00000E-06
  1.12500E-06  1.25000E-06  1.37500E-06  1.50000E-06  1.62500E-06  1.75000E-06
  1.87500E-06  2.00000E-06  2.25000E-06  2.50000E-06  2.75000E-06  3.00000E-06
  3.25000E-06  3.50000E-06  3.75000E-06  4.00000E-06  4.50000E-06  5.00000E-06
  5.50000E-06  6.00000E-06  6.50000E-06  7.00000E-06  7.50000E-06  8.00000E-06
  9.00000E-06  1.00000E-05  1.10000E-05  1.20000E-05  1.30000E-05  1.40000E-05
  1.50000E-05  1.60000E-05  1.80000E-05  2.00000E-05  2.20000E-05  2.40000E-05
  2.60000E-05  2.80000E-05  3.00000E-05  3.20000E-05  3.60000E-05  4.00000E-05
  4.40000E-05  4.80000E-05  5.20000E-05  5.60000E-05  6.00000E-05  6.40000E-05
  7.20000E-05  8.00000E-05  8.80000E-05  9.60000E-05  1.04000E-04  1.12000E-04
  1.20000E-04  1.28000E-04  1.44000E-04  1.60000E-04  1.76000E-04  1.92000E-04
  2.08000E-04  2.24000E-04  2.40000E-04  2.56000E-04  2.88000E-04  3.20000E-04
  3.52000E-04  3.84000E-04  4.16000E-04  4.48000E-04  4.80000E-04  5.12000E-04
  5.76000E-04  6.40000E-04  7.04000E-04  7.68000E-04  8.32000E-04  8.96000E-04
  9.60000E-04  1.02400E-03  1.15200E-03  1.28000E-03  1.40800E-03  1.53600E-03
  1.66400E-03  1.79200E-03  1.92000E-03  2.01600E-03  2.27200E-03  2.52800E-03
  2.78400E-03  3.04000E-03  3.29600E-03  3.55200E-03  3.80800E-03  4.06400E-03
  4.57600E-03  5.08800E-03  5.60000E-03  6.11200E-03  6.62400E-03  7.13600E-03
  7.64800E-03  8.16000E-03  9.18400E-03  1.02080E-02  1.12320E-02  1.22560E-02
  1.32800E-02  1.43040E-02  1.53280E-02  1.63520E-02  1.84000E-02  2.04480E-02
  2.24960E-02  2.45440E-02  2.65920E-02  2.86400E-02  3.06880E-02  3.27360E-02
  3.68320E-02  4.09280E-02  4.50240E-02  4.91200E-02  5.32160E-02
  7.66489E-01  7.66109E-01  7.63073E-01  7.65061E-01  7.61952E-01  7.62334E-01
  7.61912E-01  7.61401E-01  7.63997E-01  7.64309E-01  7.60309E-01  7.58647E-01
  7.60843E-01  7.61286E-01  7.63628E-01  7.61493E-01  7.59383E-01  7.60233E-01
  7.61336E-01  7.61219E-01  7.60569E-01  7.60539E-01  7.60447E-01  7.61811E-01
  7.61060E-01  7.60442E-01  7.59571E-01  7.60295E-01  7.60281E-01  7.59535E-01
  7.60044E-01  7.59821E-01  7.60298E-01  7.58632E-01  7.59218E-01  7.59137E-01
  7.58398E-01  7.57937E-01  7.58130E-01  7.57306E-01  7.57294E-01  7.57445E-01
  7.56704E-01  7.56325E-01  7.54903E-01  7.55205E-01  7.53823E-01  7.53015E-01
  7.52002E-01  7.50940E-01  7.50866E-01  7.49570E-01  7.48284E-01  7.47701E-01
  7.45833E-01  7.44096E-01  7.42441E-01  7.40801E-01  7.39149E-01  7.37466E-01
  7.35455E-01  7.33957E-01  7.30706E-01  7.27194E-01  7.23739E-01  7.20327E-01
  7.16941E-01  7.13807E-01  7.10472E-01  7.06995E-01  7.00468E-01  6.94194E-01
  6.87737E-01  6.81489E-01  6.75223E-01  6.68898E-01  6.62863E-01  6.56875E-01
  6.44946E-01  6.33287E-01  6.21843E-01  6.10569E-01  5.99609E-01  5.88935E-01
  5.78294E-01  5.68063E-01  5.48094E-01  5.28865E-01  5.10539E-01  4.93024E-01
  4.76141E-01  4.60044E-01  4.44368E-01  4.32277E-01  4.02299E-01  3.74368E-01
  3.48063E-01  3.23714E-01  3.00975E-01  2.80122E-01  2.60529E-01  2.42366E-01
  2.09338E-01  1.80249E-01  1.56031E-01  1.37505E-01  1.22316E-01  1.09002E-01
  9.84967E-02  9.13912E-02  8.11397E-02  7.52598E-02  7.29062E-02  6.87562E-02
  6.23564E-02  5.50319E-02  4.68303E-02  4.07029E-02  2.56984E-02  2.33468E-02
  2.00464E-02  2.02222E-02  2.04446E-02  1.23096E-02  5.13627E-03 -1.25822E-03
 -1.65115E-03 -2.23747E-03 -3.34183E-03  3.14308E-03  1.21737E-02
