AutoSaveFileName0155.ASC
 IFORMY    0    .00
 (6E13.7)
 IFORMT    0    .00
 (6E13.7)
 IFORMW    0    .00
 (6E13.7)
 NINTT     0   -1.00
 DOUSNQ    0    1.00
 IQUAD     0    1.00
 PRWT      0    1.00
 PRY       0    1.00
 IPLRES    1    3.00
 IPLRES    2    3.00
 IPRINT    1    0.00
 IPRINT    2    2.00
 IPLFIT    1    0.00
 IPLFIT    2    0.00
 LINEPG    0   50.
 NONNEG    1    1.00
 IWT       0    5.00
 NQPROG    1    5.00
 NQPROG    2    5.00
 GMNMX     1    1.20300E-01
 GMNMX     2    4.69538E-06
 RUSER    10    -1.00
 NG        0    200.00
 NLINF     0    0.00
 IUSER    10    4.00
 RUSER    21    1.0
 RUSER    22   -1.0
 RUSER    23    0.0
 RUSER    18         292.21735
 RUSER    17         89.99700
 RUSER    19         1.02497
 RUSER    15         1.33200
 RUSER    16         632.80000
 RUSER    25         1
 RUSER    26         0
 END       0    0.00
 NY      182
  7.50000E-07  8.75000E-07  1.00000E-06  1.12500E-06  1.25000E-06  1.37500E-06
  1.50000E-06  1.62500E-06  1.75000E-06  1.87500E-06  2.00000E-06  2.25000E-06
  2.50000E-06  2.75000E-06  3.00000E-06  3.25000E-06  3.50000E-06  3.75000E-06
  4.00000E-06  4.50000E-06  5.00000E-06  5.50000E-06  6.00000E-06  6.50000E-06
  7.00000E-06  7.50000E-06  8.00000E-06  9.00000E-06  1.00000E-05  1.10000E-05
  1.20000E-05  1.30000E-05  1.40000E-05  1.50000E-05  1.60000E-05  1.80000E-05
  2.00000E-05  2.20000E-05  2.40000E-05  2.60000E-05  2.80000E-05  3.00000E-05
  3.20000E-05  3.60000E-05  4.00000E-05  4.40000E-05  4.80000E-05  5.20000E-05
  5.60000E-05  6.00000E-05  6.40000E-05  7.20000E-05  8.00000E-05  8.80000E-05
  9.60000E-05  1.04000E-04  1.12000E-04  1.20000E-04  1.28000E-04  1.44000E-04
  1.60000E-04  1.76000E-04  1.92000E-04  2.08000E-04  2.24000E-04  2.40000E-04
  2.56000E-04  2.88000E-04  3.20000E-04  3.52000E-04  3.84000E-04  4.16000E-04
  4.48000E-04  4.80000E-04  5.12000E-04  5.76000E-04  6.40000E-04  7.04000E-04
  7.68000E-04  8.32000E-04  8.96000E-04  9.60000E-04  1.02400E-03  1.15200E-03
  1.28000E-03  1.40800E-03  1.53600E-03  1.66400E-03  1.79200E-03  1.92000E-03
  2.01600E-03  2.27200E-03  2.52800E-03  2.78400E-03  3.04000E-03  3.29600E-03
  3.55200E-03  3.80800E-03  4.06400E-03  4.57600E-03  5.08800E-03  5.60000E-03
  6.11200E-03  6.62400E-03  7.13600E-03  7.64800E-03  8.16000E-03  9.18400E-03
  1.02080E-02  1.12320E-02  1.22560E-02  1.32800E-02  1.43040E-02  1.53280E-02
  1.63520E-02  1.84000E-02  2.04480E-02  2.24960E-02  2.45440E-02  2.65920E-02
  2.86400E-02  3.06880E-02  3.27360E-02  3.68320E-02  4.09280E-02  4.50240E-02
  4.91200E-02  5.32160E-02  5.73120E-02  6.14080E-02  6.55040E-02  7.36960E-02
  8.18880E-02  9.00800E-02  9.82720E-02  1.06464E-01  1.14656E-01  1.22848E-01
  1.31040E-01  1.47424E-01  1.63808E-01  1.80192E-01  1.96576E-01  2.12960E-01
  2.29344E-01  2.45728E-01  2.62112E-01  2.94880E-01  3.27648E-01  3.60416E-01
  3.93184E-01  4.25952E-01  4.58720E-01  4.91488E-01  5.24256E-01  5.89792E-01
  6.55328E-01  7.20864E-01  7.86400E-01  8.51936E-01  9.17472E-01  9.83008E-01
  1.04854E+00  1.17962E+00  1.31069E+00  1.44176E+00  1.57283E+00  1.70390E+00
  1.83498E+00  1.96605E+00  2.09712E+00  2.35926E+00  2.62141E+00  2.88355E+00
  3.14570E+00  3.40784E+00  3.66998E+00  3.93213E+00  4.19427E+00  4.71856E+00
  5.24285E+00  5.76714E+00
  9.98030E-01  9.99111E-01  1.00000E+00  9.99754E-01  9.99278E-01  9.96935E-01
  9.96771E-01  9.97884E-01  9.99692E-01  9.97918E-01  9.98923E-01  9.97128E-01
  9.97807E-01  9.98483E-01  9.95785E-01  9.97393E-01  9.97190E-01  9.97837E-01
  9.97435E-01  9.96816E-01  9.96670E-01  9.97130E-01  9.97401E-01  9.97217E-01
  9.97115E-01  9.95125E-01  9.96112E-01  9.96157E-01  9.95691E-01  9.95020E-01
  9.95052E-01  9.94708E-01  9.94522E-01  9.94148E-01  9.94086E-01  9.93456E-01
  9.92930E-01  9.92622E-01  9.91505E-01  9.91355E-01  9.91276E-01  9.90321E-01
  9.90036E-01  9.88865E-01  9.87871E-01  9.86796E-01  9.85826E-01  9.84862E-01
  9.83648E-01  9.82811E-01  9.81676E-01  9.79707E-01  9.77716E-01  9.75465E-01
  9.73407E-01  9.71094E-01  9.68966E-01  9.67053E-01  9.64899E-01  9.60808E-01
  9.56564E-01  9.52398E-01  9.48376E-01  9.44384E-01  9.40280E-01  9.36297E-01
  9.32219E-01  9.24314E-01  9.16417E-01  9.08426E-01  9.00638E-01  8.92779E-01
  8.85006E-01  8.77424E-01  8.69174E-01  8.54325E-01  8.39803E-01  8.25530E-01
  8.11483E-01  7.97764E-01  7.84178E-01  7.70714E-01  7.57899E-01  7.32505E-01
  7.07961E-01  6.84311E-01  6.61443E-01  6.39315E-01  6.18112E-01  5.97764E-01
  5.84083E-01  5.46465E-01  5.11517E-01  4.78947E-01  4.48312E-01  4.19832E-01
  3.93256E-01  3.68518E-01  3.45958E-01  3.04165E-01  2.67850E-01  2.35521E-01
  2.06863E-01  1.81174E-01  1.57974E-01  1.37669E-01  1.20477E-01  8.99526E-02
  6.60270E-02  4.81357E-02  3.58191E-02  2.74539E-02  2.13036E-02  1.78413E-02
  1.60044E-02  1.18988E-02  6.61884E-03  2.31945E-03 -8.92029E-04 -1.69072E-05
 -3.17920E-04  5.12693E-05  1.38756E-03  1.26948E-03 -1.17580E-03 -7.05970E-03
 -3.61561E-03 -1.23542E-03  3.59213E-03  5.11562E-03  1.07984E-03 -7.79446E-03
  6.43155E-04  1.14518E-03  2.84791E-03  8.11141E-03  5.92502E-03  8.98118E-04
  1.97770E-03  6.86431E-03  5.34736E-03  3.23387E-04 -6.59163E-03 -4.09364E-03
  6.26962E-03  3.39208E-03  3.57804E-03  1.46954E-03 -4.72569E-03  2.76640E-03
  1.15593E-03  1.05579E-03  3.63585E-03 -6.29024E-03 -1.80442E-03 -2.41795E-03
 -1.87845E-04  1.06461E-03 -1.05280E-03 -3.78302E-03 -2.71797E-03 -4.77166E-03
 -1.48836E-03  1.65903E-03  7.26134E-04 -1.98478E-03 -1.99712E-03 -1.84902E-03
  4.05211E-04 -1.06372E-03  1.70844E-04 -1.65814E-05 -7.70812E-04 -3.15678E-04
 -4.11095E-04 -8.72241E-04  8.28717E-04 -1.36252E-03 -6.82555E-04 -8.29112E-04
  1.91890E-03 -3.68992E-04
