AutoSaveFileName0163.ASC
 IFORMY    0    .00
 (6E13.7)
 IFORMT    0    .00
 (6E13.7)
 IFORMW    0    .00
 (6E13.7)
 NINTT     0   -1.00
 DOUSNQ    0    1.00
 IQUAD          1.00
 PRWT      0    1.00
 PRY       0    1.00
 IPLRES    1    3.00
 IPLRES    2    3.00
 IPRINT    1    0.00
 IPRINT    2    2.00
 IPLFIT    1    0.00
 IPLFIT    2    0.00
 LINEPG    0   50.
 NONNEG    1    1.00
 IWT       0    5.00
 NQPROG    1    5.00
 NQPROG    2    5.00
 GMNMX     1    1.259E-05
 GMNMX     2    1.259E-02
 RUSER    10    -1.00
 NG        0    200.00
 NLINF     0    0.00
 IUSER    10    4.00
 RUSER    21    1.0
 RUSER    22   -1.0
 RUSER    23    0.0
 RUSER    18         292.22132
 RUSER    17         94.99900
 RUSER    19         1.02487
 RUSER    15         1.33200
 RUSER    16         632.80000
 RUSER    25         1
 RUSER    26         0
 END       0    0.00
 NY      188
  5.00000E-07  6.25000E-07  7.50000E-07  8.75000E-07  1.00000E-06  1.12500E-06
  1.25000E-06  1.37500E-06  1.50000E-06  1.62500E-06  1.75000E-06  1.87500E-06
  2.00000E-06  2.25000E-06  2.50000E-06  2.75000E-06  3.00000E-06  3.25000E-06
  3.50000E-06  3.75000E-06  4.00000E-06  4.50000E-06  5.00000E-06  5.50000E-06
  6.00000E-06  6.50000E-06  7.00000E-06  7.50000E-06  8.00000E-06  9.00000E-06
  1.00000E-05  1.10000E-05  1.20000E-05  1.30000E-05  1.40000E-05  1.50000E-05
  1.60000E-05  1.80000E-05  2.00000E-05  2.20000E-05  2.40000E-05  2.60000E-05
  2.80000E-05  3.00000E-05  3.20000E-05  3.60000E-05  4.00000E-05  4.40000E-05
  4.80000E-05  5.20000E-05  5.60000E-05  6.00000E-05  6.40000E-05  7.20000E-05
  8.00000E-05  8.80000E-05  9.60000E-05  1.04000E-04  1.12000E-04  1.20000E-04
  1.28000E-04  1.44000E-04  1.60000E-04  1.76000E-04  1.92000E-04  2.08000E-04
  2.24000E-04  2.40000E-04  2.56000E-04  2.88000E-04  3.20000E-04  3.52000E-04
  3.84000E-04  4.16000E-04  4.48000E-04  4.80000E-04  5.12000E-04  5.76000E-04
  6.40000E-04  7.04000E-04  7.68000E-04  8.32000E-04  8.96000E-04  9.60000E-04
  1.02400E-03  1.15200E-03  1.28000E-03  1.40800E-03  1.53600E-03  1.66400E-03
  1.79200E-03  1.92000E-03  2.01600E-03  2.27200E-03  2.52800E-03  2.78400E-03
  3.04000E-03  3.29600E-03  3.55200E-03  3.80800E-03  4.06400E-03  4.57600E-03
  5.08800E-03  5.60000E-03  6.11200E-03  6.62400E-03  7.13600E-03  7.64800E-03
  8.16000E-03  9.18400E-03  1.02080E-02  1.12320E-02  1.22560E-02  1.32800E-02
  1.43040E-02  1.53280E-02  1.63520E-02  1.84000E-02  2.04480E-02  2.24960E-02
  2.45440E-02  2.65920E-02  2.86400E-02  3.06880E-02  3.27360E-02  3.68320E-02
  4.09280E-02  4.50240E-02  4.91200E-02  5.32160E-02  5.73120E-02  6.14080E-02
  6.55040E-02  7.36960E-02  8.18880E-02  9.00800E-02  9.82720E-02  1.06464E-01
  1.14656E-01  1.22848E-01  1.31040E-01  1.47424E-01  1.63808E-01  1.80192E-01
  1.96576E-01  2.12960E-01  2.29344E-01  2.45728E-01  2.62112E-01  2.94880E-01
  3.27648E-01  3.60416E-01  3.93184E-01  4.25952E-01  4.58720E-01  4.91488E-01
  5.24256E-01  5.89792E-01  6.55328E-01  7.20864E-01  7.86400E-01  8.51936E-01
  9.17472E-01  9.83008E-01  1.04854E+00  1.17962E+00  1.31069E+00  1.44176E+00
  1.57283E+00  1.70390E+00  1.83498E+00  1.96605E+00  2.09712E+00  2.35926E+00
  2.62141E+00  2.88355E+00  3.14570E+00  3.40784E+00  3.66998E+00  3.93213E+00
  4.19427E+00  4.71856E+00  5.24285E+00  5.76714E+00  6.29142E+00  6.81571E+00
  7.34000E+00  7.86429E+00
  9.95422E-01  9.92792E-01  9.95161E-01  9.91196E-01  9.89683E-01  9.91625E-01
  9.90474E-01  9.90119E-01  9.90801E-01  9.92677E-01  9.91096E-01  9.91700E-01
  9.91034E-01  9.89932E-01  9.89615E-01  9.88846E-01  9.88488E-01  9.88301E-01
  9.89858E-01  9.89347E-01  9.89752E-01  9.89104E-01  9.89792E-01  9.88373E-01
  9.88703E-01  9.89764E-01  9.88582E-01  9.87424E-01  9.87542E-01  9.88342E-01
  9.87956E-01  9.86633E-01  9.86584E-01  9.88245E-01  9.85983E-01  9.86223E-01
  9.85388E-01  9.85687E-01  9.85189E-01  9.84536E-01  9.83705E-01  9.83873E-01
  9.82883E-01  9.81987E-01  9.81778E-01  9.80599E-01  9.79108E-01  9.78582E-01
  9.77344E-01  9.76201E-01  9.75255E-01  9.73849E-01  9.73158E-01  9.70836E-01
  9.68371E-01  9.66224E-01  9.64612E-01  9.62312E-01  9.59779E-01  9.57961E-01
  9.55493E-01  9.51068E-01  9.46873E-01  9.42727E-01  9.38212E-01  9.33886E-01
  9.29597E-01  9.25234E-01  9.20964E-01  9.12704E-01  9.03959E-01  8.95886E-01
  8.87577E-01  8.79380E-01  8.71543E-01  8.63445E-01  8.55565E-01  8.39927E-01
  8.24715E-01  8.09829E-01  7.95249E-01  7.80896E-01  7.67003E-01  7.53369E-01
  7.39915E-01  7.13916E-01  6.88960E-01  6.64763E-01  6.41472E-01  6.18999E-01
  5.97581E-01  5.77082E-01  5.63282E-01  5.25392E-01  4.89773E-01  4.56380E-01
  4.25060E-01  3.96232E-01  3.69791E-01  3.45476E-01  3.23028E-01  2.81378E-01
  2.45601E-01  2.15372E-01  1.89161E-01  1.66066E-01  1.45545E-01  1.27706E-01
  1.12617E-01  8.82019E-02  6.96905E-02  5.55561E-02  4.37913E-02  3.48937E-02
  2.85492E-02  2.42382E-02  2.07506E-02  1.32052E-02  8.38816E-03  4.58839E-03
  2.57557E-03  1.08884E-03  2.30533E-03  5.55402E-03  8.85756E-03  3.47371E-03
  1.52023E-03  5.56311E-03  1.01310E-02  8.90269E-03 -1.12416E-03 -3.97486E-03
 -3.92105E-03  1.77720E-03  3.73099E-03  1.74840E-03 -6.53609E-03  4.43427E-04
  6.28560E-03  2.78015E-03  1.07348E-03  4.88775E-03 -3.87228E-03 -8.84776E-03
 -6.12165E-03 -6.00460E-03 -8.16825E-03 -5.57379E-03 -5.30262E-04 -2.33303E-03
  2.89551E-03  3.34751E-03 -3.24332E-04 -5.85873E-03  3.86354E-04  5.22426E-03
  1.81593E-03  6.92819E-05  1.66902E-03 -3.79912E-03 -3.39983E-03 -1.37291E-03
 -3.99786E-03 -1.00516E-03  1.62484E-03  2.14660E-03 -1.20948E-03  1.34495E-03
 -2.50312E-03  1.07124E-03  1.78109E-03 -5.97301E-04 -9.28741E-04  2.48633E-05
 -7.46351E-04  9.36092E-06 -1.47758E-03 -7.98974E-04 -9.29656E-04 -1.41788E-03
 -1.00354E-04  1.68864E-03  1.46164E-03 -2.26668E-03  3.29579E-04  4.21145E-04
 -1.57916E-05 -1.73195E-03
