AutoSaveFileName0117.ASC
 IFORMY    0    .00
 (6E13.7)
 IFORMT    0    .00
 (6E13.7)
 IFORMW    0    .00
 (6E13.7)
 NINTT     0   -1.00
 DOUSNQ    0    1.00
 IQUAD          1.00
 PRWT      0    1.00
 PRY       0    1.00
 IPLRES    1    3.00
 IPLRES    2    3.00
 IPRINT    1    0.00
 IPRINT    2    2.00
 IPLFIT    1    0.00
 IPLFIT    2    0.00
 LINEPG    0   50.
 NONNEG    1    1.00
 IWT       0    5.00
 NQPROG    1    5.00
 NQPROG    2    5.00
 GMNMX     1    3.349E-05
 GMNMX     2    3.349E-02
 RUSER    10    -1.00
 NG        0    200.00
 NLINF     0    0.00
 IUSER    10    4.00
 RUSER    21    1.0
 RUSER    22   -1.0
 RUSER    23    0.0
 RUSER    18         291.91395
 RUSER    17         53.99900
 RUSER    19         1.03270
 RUSER    15         1.33200
 RUSER    16         632.80000
 RUSER    25         1
 RUSER    26         0
 END       0    0.00
 NY      131
  3.75000E-07  5.00000E-07  6.25000E-07  7.50000E-07  8.75000E-07  1.00000E-06
  1.12500E-06  1.25000E-06  1.37500E-06  1.50000E-06  1.62500E-06  1.75000E-06
  1.87500E-06  2.00000E-06  2.25000E-06  2.50000E-06  2.75000E-06  3.00000E-06
  3.25000E-06  3.50000E-06  3.75000E-06  4.00000E-06  4.50000E-06  5.00000E-06
  5.50000E-06  6.00000E-06  6.50000E-06  7.00000E-06  7.50000E-06  8.00000E-06
  9.00000E-06  1.00000E-05  1.10000E-05  1.20000E-05  1.30000E-05  1.40000E-05
  1.50000E-05  1.60000E-05  1.80000E-05  2.00000E-05  2.20000E-05  2.40000E-05
  2.60000E-05  2.80000E-05  3.00000E-05  3.20000E-05  3.60000E-05  4.00000E-05
  4.40000E-05  4.80000E-05  5.20000E-05  5.60000E-05  6.00000E-05  6.40000E-05
  7.20000E-05  8.00000E-05  8.80000E-05  9.60000E-05  1.04000E-04  1.12000E-04
  1.20000E-04  1.28000E-04  1.44000E-04  1.60000E-04  1.76000E-04  1.92000E-04
  2.08000E-04  2.24000E-04  2.40000E-04  2.56000E-04  2.88000E-04  3.20000E-04
  3.52000E-04  3.84000E-04  4.16000E-04  4.48000E-04  4.80000E-04  5.12000E-04
  5.76000E-04  6.40000E-04  7.04000E-04  7.68000E-04  8.32000E-04  8.96000E-04
  9.60000E-04  1.02400E-03  1.15200E-03  1.28000E-03  1.40800E-03  1.53600E-03
  1.66400E-03  1.79200E-03  1.92000E-03  2.01600E-03  2.27200E-03  2.52800E-03
  2.78400E-03  3.04000E-03  3.29600E-03  3.55200E-03  3.80800E-03  4.06400E-03
  4.57600E-03  5.08800E-03  5.60000E-03  6.11200E-03  6.62400E-03  7.13600E-03
  7.64800E-03  8.16000E-03  9.18400E-03  1.02080E-02  1.12320E-02  1.22560E-02
  1.32800E-02  1.43040E-02  1.53280E-02  1.63520E-02  1.84000E-02  2.04480E-02
  2.24960E-02  2.45440E-02  2.65920E-02  2.86400E-02  3.06880E-02  3.27360E-02
  3.68320E-02  4.09280E-02  4.50240E-02  4.91200E-02  5.32160E-02
  7.76785E-01  7.73477E-01  7.70335E-01  7.69013E-01  7.69522E-01  7.71228E-01
  7.70785E-01  7.68502E-01  7.69344E-01  7.67046E-01  7.68754E-01  7.70108E-01
  7.70433E-01  7.69700E-01  7.70308E-01  7.69799E-01  7.70209E-01  7.68294E-01
  7.68965E-01  7.68381E-01  7.70496E-01  7.69934E-01  7.68387E-01  7.68247E-01
  7.67655E-01  7.67289E-01  7.69242E-01  7.68486E-01  7.67464E-01  7.68698E-01
  7.67736E-01  7.68237E-01  7.68326E-01  7.67455E-01  7.67105E-01  7.67882E-01
  7.66250E-01  7.66644E-01  7.66753E-01  7.66078E-01  7.65851E-01  7.65694E-01
  7.65493E-01  7.64461E-01  7.64326E-01  7.64302E-01  7.63837E-01  7.63149E-01
  7.62344E-01  7.61649E-01  7.61073E-01  7.60668E-01  7.59917E-01  7.59306E-01
  7.58090E-01  7.56691E-01  7.55588E-01  7.53965E-01  7.52805E-01  7.51592E-01
  7.50332E-01  7.49130E-01  7.46397E-01  7.43828E-01  7.41433E-01  7.38838E-01
  7.36101E-01  7.33748E-01  7.31186E-01  7.28567E-01  7.23689E-01  7.18750E-01
  7.13537E-01  7.08916E-01  7.03849E-01  6.99216E-01  6.94703E-01  6.89793E-01
  6.80345E-01  6.70958E-01  6.61766E-01  6.52562E-01  6.43532E-01  6.34632E-01
  6.25772E-01  6.18048E-01  6.01597E-01  5.85323E-01  5.69673E-01  5.54441E-01
  5.39406E-01  5.25039E-01  5.11271E-01  4.99931E-01  4.74230E-01  4.49871E-01
  4.27017E-01  4.05379E-01  3.84996E-01  3.65622E-01  3.47723E-01  3.31433E-01
  3.01442E-01  2.73870E-01  2.48642E-01  2.25001E-01  2.03329E-01  1.84095E-01
  1.65936E-01  1.50321E-01  1.22132E-01  9.92322E-02  8.01292E-02  6.57734E-02
  5.35599E-02  4.42846E-02  3.66655E-02  3.15958E-02  2.46453E-02  1.81593E-02
  8.68663E-03  2.55003E-03 -6.66719E-03 -1.60692E-02 -1.62465E-02 -1.06443E-02
 -1.79315E-03 -6.78649E-04 -4.41428E-03  1.05218E-02  2.28676E-02
