AutoSaveFileName0020.ASC
 IFORMY    0    .00
 (6E13.7)
 IFORMT    0    .00
 (6E13.7)
 IFORMW    0    .00
 (6E13.7)
 NINTT     0   -1.00
 DOUSNQ    0    1.00
 IQUAD          1.00
 PRWT      0    1.00
 PRY       0    1.00
 IPLRES    1    3.00
 IPLRES    2    3.00
 IPRINT    1    0.00
 IPRINT    2    2.00
 IPLFIT    1    0.00
 IPLFIT    2    0.00
 LINEPG    0   50.
 NONNEG    1    1.00
 IWT       0    5.00
 NQPROG    1    5.00
 NQPROG    2    5.00
 GMNMX     1    1.464E-04
 GMNMX     2    1.464E-01
 RUSER    10    -1.00
 NG        0    200.00
 NLINF     0    0.00
 IUSER    10    4.00
 RUSER    21    1.0
 RUSER    22   -1.0
 RUSER    23    0.0
 RUSER    18         292.15977
 RUSER    17         24.99800
 RUSER    19         1.02643
 RUSER    15         1.33200
 RUSER    16         632.80000
 RUSER    25         1
 RUSER    26         0
 END       0    0.00
 NY      188
  5.00000E-07  6.25000E-07  7.50000E-07  8.75000E-07  1.00000E-06  1.12500E-06
  1.25000E-06  1.37500E-06  1.50000E-06  1.62500E-06  1.75000E-06  1.87500E-06
  2.00000E-06  2.25000E-06  2.50000E-06  2.75000E-06  3.00000E-06  3.25000E-06
  3.50000E-06  3.75000E-06  4.00000E-06  4.50000E-06  5.00000E-06  5.50000E-06
  6.00000E-06  6.50000E-06  7.00000E-06  7.50000E-06  8.00000E-06  9.00000E-06
  1.00000E-05  1.10000E-05  1.20000E-05  1.30000E-05  1.40000E-05  1.50000E-05
  1.60000E-05  1.80000E-05  2.00000E-05  2.20000E-05  2.40000E-05  2.60000E-05
  2.80000E-05  3.00000E-05  3.20000E-05  3.60000E-05  4.00000E-05  4.40000E-05
  4.80000E-05  5.20000E-05  5.60000E-05  6.00000E-05  6.40000E-05  7.20000E-05
  8.00000E-05  8.80000E-05  9.60000E-05  1.04000E-04  1.12000E-04  1.20000E-04
  1.28000E-04  1.44000E-04  1.60000E-04  1.76000E-04  1.92000E-04  2.08000E-04
  2.24000E-04  2.40000E-04  2.56000E-04  2.88000E-04  3.20000E-04  3.52000E-04
  3.84000E-04  4.16000E-04  4.48000E-04  4.80000E-04  5.12000E-04  5.76000E-04
  6.40000E-04  7.04000E-04  7.68000E-04  8.32000E-04  8.96000E-04  9.60000E-04
  1.02400E-03  1.15200E-03  1.28000E-03  1.40800E-03  1.53600E-03  1.66400E-03
  1.79200E-03  1.92000E-03  2.01600E-03  2.27200E-03  2.52800E-03  2.78400E-03
  3.04000E-03  3.29600E-03  3.55200E-03  3.80800E-03  4.06400E-03  4.57600E-03
  5.08800E-03  5.60000E-03  6.11200E-03  6.62400E-03  7.13600E-03  7.64800E-03
  8.16000E-03  9.18400E-03  1.02080E-02  1.12320E-02  1.22560E-02  1.32800E-02
  1.43040E-02  1.53280E-02  1.63520E-02  1.84000E-02  2.04480E-02  2.24960E-02
  2.45440E-02  2.65920E-02  2.86400E-02  3.06880E-02  3.27360E-02  3.68320E-02
  4.09280E-02  4.50240E-02  4.91200E-02  5.32160E-02  5.73120E-02  6.14080E-02
  6.55040E-02  7.36960E-02  8.18880E-02  9.00800E-02  9.82720E-02  1.06464E-01
  1.14656E-01  1.22848E-01  1.31040E-01  1.47424E-01  1.63808E-01  1.80192E-01
  1.96576E-01  2.12960E-01  2.29344E-01  2.45728E-01  2.62112E-01  2.94880E-01
  3.27648E-01  3.60416E-01  3.93184E-01  4.25952E-01  4.58720E-01  4.91488E-01
  5.24256E-01  5.89792E-01  6.55328E-01  7.20864E-01  7.86400E-01  8.51936E-01
  9.17472E-01  9.83008E-01  1.04854E+00  1.17962E+00  1.31069E+00  1.44176E+00
  1.57283E+00  1.70390E+00  1.83498E+00  1.96605E+00  2.09712E+00  2.35926E+00
  2.62141E+00  2.88355E+00  3.14570E+00  3.40784E+00  3.66998E+00  3.93213E+00
  4.19427E+00  4.71856E+00  5.24285E+00  5.76714E+00  6.29142E+00  6.81571E+00
  7.34000E+00  7.86429E+00
  9.97157E-01  9.97065E-01  9.97298E-01  9.95497E-01  9.96548E-01  9.95921E-01
  9.95778E-01  9.96584E-01  9.95079E-01  9.95027E-01  9.94203E-01  9.93933E-01
  9.94288E-01  9.94692E-01  9.94395E-01  9.95398E-01  9.95539E-01  9.95354E-01
  9.94172E-01  9.95075E-01  9.94693E-01  9.95162E-01  9.95489E-01  9.94849E-01
  9.94535E-01  9.94642E-01  9.94408E-01  9.94008E-01  9.94852E-01  9.95003E-01
  9.94901E-01  9.94883E-01  9.95195E-01  9.94380E-01  9.95286E-01  9.94943E-01
  9.94964E-01  9.94668E-01  9.95004E-01  9.94863E-01  9.94853E-01  9.94386E-01
  9.94406E-01  9.94449E-01  9.94457E-01  9.94314E-01  9.94379E-01  9.94294E-01
  9.94395E-01  9.93778E-01  9.93914E-01  9.93662E-01  9.93887E-01  9.93751E-01
  9.93297E-01  9.93068E-01  9.93064E-01  9.92831E-01  9.92721E-01  9.92623E-01
  9.92657E-01  9.91905E-01  9.91695E-01  9.91319E-01  9.90786E-01  9.90371E-01
  9.89937E-01  9.89623E-01  9.89588E-01  9.88801E-01  9.87943E-01  9.87186E-01
  9.86364E-01  9.85549E-01  9.84698E-01  9.83872E-01  9.83529E-01  9.81871E-01
  9.80293E-01  9.78604E-01  9.76982E-01  9.75403E-01  9.73704E-01  9.72177E-01
  9.71147E-01  9.68002E-01  9.64924E-01  9.61919E-01  9.58743E-01  9.55759E-01
  9.52717E-01  9.49762E-01  9.48323E-01  9.42384E-01  9.36409E-01  9.30420E-01
  9.24376E-01  9.18414E-01  9.12503E-01  9.06642E-01  9.01050E-01  8.89460E-01
  8.78037E-01  8.66987E-01  8.56200E-01  8.45508E-01  8.34863E-01  8.24079E-01
  8.13651E-01  7.92264E-01  7.71468E-01  7.51121E-01  7.31433E-01  7.11795E-01
  6.92346E-01  6.73218E-01  6.55502E-01  6.20141E-01  5.86628E-01  5.55291E-01
  5.27293E-01  5.02193E-01  4.79025E-01  4.56284E-01  4.35697E-01  3.98924E-01
  3.69271E-01  3.41337E-01  3.16784E-01  2.96487E-01  2.79497E-01  2.62282E-01
  2.39181E-01  1.99990E-01  1.61298E-01  1.28118E-01  8.76514E-02  4.53328E-02
  1.10392E-02 -1.50675E-02 -3.36049E-02 -5.35339E-02 -6.89777E-02 -7.58846E-02
 -8.20799E-02 -7.93281E-02 -7.58309E-02 -7.92377E-02 -7.24116E-02 -5.15320E-02
 -6.17777E-02 -6.36253E-02 -6.79677E-02 -5.76735E-02 -5.28876E-02 -1.83906E-02
  2.77171E-02  2.61110E-02  1.46075E-02  2.61749E-02  8.09687E-03 -4.94834E-02
 -6.79159E-02 -5.76492E-02 -4.23974E-02 -8.99828E-03  7.50431E-02 -4.22617E-03
 -5.68903E-02 -5.17899E-02 -1.10081E-03  1.57934E-03 -4.31499E-02 -1.56497E-02
  4.40611E-02  1.34778E-02  1.94218E-02  9.68437E-03 -3.04012E-02  1.26562E-03
  2.50060E-02 -3.65377E-02 -2.64867E-02  4.65960E-02  3.24447E-02  5.80782E-03
 -5.32667E-02  4.49336E-03
