AutoSaveFileName0069.ASC
 IFORMY    0    .00
 (6E13.7)
 IFORMT    0    .00
 (6E13.7)
 IFORMW    0    .00
 (6E13.7)
 NINTT     0   -1.00
 DOUSNQ    0    1.00
 IQUAD          1.00
 PRWT      0    1.00
 PRY       0    1.00
 IPLRES    1    3.00
 IPLRES    2    3.00
 IPRINT    1    0.00
 IPRINT    2    2.00
 IPLFIT    1    0.00
 IPLFIT    2    0.00
 LINEPG    0   50.
 NONNEG    1    1.00
 IWT       0    5.00
 NQPROG    1    5.00
 NQPROG    2    5.00
 GMNMX     1    4.679E-05
 GMNMX     2    4.679E-02
 RUSER    10    -1.00
 NG        0    200.00
 NLINF     0    0.00
 IUSER    10    4.00
 RUSER    21    1.0
 RUSER    22   -1.0
 RUSER    23    0.0
 RUSER    18         292.18231
 RUSER    17         44.99800
 RUSER    19         1.02586
 RUSER    15         1.33200
 RUSER    16         632.80000
 RUSER    25         1
 RUSER    26         0
 END       0    0.00
 NY      188
  5.00000E-07  6.25000E-07  7.50000E-07  8.75000E-07  1.00000E-06  1.12500E-06
  1.25000E-06  1.37500E-06  1.50000E-06  1.62500E-06  1.75000E-06  1.87500E-06
  2.00000E-06  2.25000E-06  2.50000E-06  2.75000E-06  3.00000E-06  3.25000E-06
  3.50000E-06  3.75000E-06  4.00000E-06  4.50000E-06  5.00000E-06  5.50000E-06
  6.00000E-06  6.50000E-06  7.00000E-06  7.50000E-06  8.00000E-06  9.00000E-06
  1.00000E-05  1.10000E-05  1.20000E-05  1.30000E-05  1.40000E-05  1.50000E-05
  1.60000E-05  1.80000E-05  2.00000E-05  2.20000E-05  2.40000E-05  2.60000E-05
  2.80000E-05  3.00000E-05  3.20000E-05  3.60000E-05  4.00000E-05  4.40000E-05
  4.80000E-05  5.20000E-05  5.60000E-05  6.00000E-05  6.40000E-05  7.20000E-05
  8.00000E-05  8.80000E-05  9.60000E-05  1.04000E-04  1.12000E-04  1.20000E-04
  1.28000E-04  1.44000E-04  1.60000E-04  1.76000E-04  1.92000E-04  2.08000E-04
  2.24000E-04  2.40000E-04  2.56000E-04  2.88000E-04  3.20000E-04  3.52000E-04
  3.84000E-04  4.16000E-04  4.48000E-04  4.80000E-04  5.12000E-04  5.76000E-04
  6.40000E-04  7.04000E-04  7.68000E-04  8.32000E-04  8.96000E-04  9.60000E-04
  1.02400E-03  1.15200E-03  1.28000E-03  1.40800E-03  1.53600E-03  1.66400E-03
  1.79200E-03  1.92000E-03  2.01600E-03  2.27200E-03  2.52800E-03  2.78400E-03
  3.04000E-03  3.29600E-03  3.55200E-03  3.80800E-03  4.06400E-03  4.57600E-03
  5.08800E-03  5.60000E-03  6.11200E-03  6.62400E-03  7.13600E-03  7.64800E-03
  8.16000E-03  9.18400E-03  1.02080E-02  1.12320E-02  1.22560E-02  1.32800E-02
  1.43040E-02  1.53280E-02  1.63520E-02  1.84000E-02  2.04480E-02  2.24960E-02
  2.45440E-02  2.65920E-02  2.86400E-02  3.06880E-02  3.27360E-02  3.68320E-02
  4.09280E-02  4.50240E-02  4.91200E-02  5.32160E-02  5.73120E-02  6.14080E-02
  6.55040E-02  7.36960E-02  8.18880E-02  9.00800E-02  9.82720E-02  1.06464E-01
  1.14656E-01  1.22848E-01  1.31040E-01  1.47424E-01  1.63808E-01  1.80192E-01
  1.96576E-01  2.12960E-01  2.29344E-01  2.45728E-01  2.62112E-01  2.94880E-01
  3.27648E-01  3.60416E-01  3.93184E-01  4.25952E-01  4.58720E-01  4.91488E-01
  5.24256E-01  5.89792E-01  6.55328E-01  7.20864E-01  7.86400E-01  8.51936E-01
  9.17472E-01  9.83008E-01  1.04854E+00  1.17962E+00  1.31069E+00  1.44176E+00
  1.57283E+00  1.70390E+00  1.83498E+00  1.96605E+00  2.09712E+00  2.35926E+00
  2.62141E+00  2.88355E+00  3.14570E+00  3.40784E+00  3.66998E+00  3.93213E+00
  4.19427E+00  4.71856E+00  5.24285E+00  5.76714E+00  6.29142E+00  6.81571E+00
  7.34000E+00  7.86429E+00
  9.92754E-01  9.91925E-01  9.89298E-01  9.92442E-01  9.90858E-01  9.85313E-01
  9.88685E-01  9.91569E-01  9.90500E-01  9.86711E-01  9.87268E-01  9.87747E-01
  9.88716E-01  9.87129E-01  9.87392E-01  9.88356E-01  9.87818E-01  9.86081E-01
  9.88658E-01  9.86479E-01  9.87016E-01  9.87592E-01  9.88317E-01  9.87251E-01
  9.87054E-01  9.87485E-01  9.88301E-01  9.88103E-01  9.87505E-01  9.87067E-01
  9.86646E-01  9.86526E-01  9.85654E-01  9.86514E-01  9.86693E-01  9.87235E-01
  9.86869E-01  9.86297E-01  9.86791E-01  9.86570E-01  9.85494E-01  9.86332E-01
  9.86273E-01  9.85244E-01  9.85281E-01  9.84965E-01  9.84683E-01  9.84531E-01
  9.83741E-01  9.83922E-01  9.83881E-01  9.83665E-01  9.82951E-01  9.82667E-01
  9.81905E-01  9.81570E-01  9.80844E-01  9.80276E-01  9.79559E-01  9.78932E-01
  9.78257E-01  9.77466E-01  9.76331E-01  9.75169E-01  9.74126E-01  9.72820E-01
  9.71617E-01  9.70503E-01  9.69229E-01  9.67038E-01  9.64755E-01  9.62608E-01
  9.60142E-01  9.58037E-01  9.55902E-01  9.53511E-01  9.44511E-01  9.40017E-01
  9.35770E-01  9.31343E-01  9.27086E-01  9.22720E-01  9.18422E-01  9.14041E-01
  8.40516E-01  8.32510E-01  8.24398E-01  8.16450E-01  8.08659E-01  8.00819E-01
  7.93307E-01  7.85767E-01  8.52611E-01  8.36999E-01  8.21687E-01  8.06655E-01
  7.91913E-01  7.77502E-01  7.63322E-01  7.49440E-01  7.35970E-01  7.09604E-01
  6.84308E-01  6.60082E-01  6.36892E-01  6.14578E-01  5.93044E-01  5.72332E-01
  5.52747E-01  5.14747E-01  4.78895E-01  4.45758E-01  4.15106E-01  3.86483E-01
  3.60053E-01  3.35797E-01  3.13780E-01  2.73402E-01  2.38320E-01  2.07868E-01
  1.80864E-01  1.58331E-01  1.38612E-01  1.21362E-01  1.07149E-01  8.45895E-02
  6.78350E-02  5.38172E-02  4.42237E-02  3.66009E-02  3.12424E-02  2.51451E-02
  1.98857E-02  7.87650E-03 -6.95181E-04 -1.00852E-02 -1.76467E-02 -1.64546E-02
 -1.43753E-02 -1.43937E-02 -1.42369E-02 -6.48001E-03  6.00164E-03  1.23906E-02
  1.31975E-02  7.00409E-03 -2.38347E-03 -6.49826E-03 -7.24728E-03  1.23946E-03
  2.67721E-03 -1.83791E-03  3.70740E-03 -1.11593E-02 -1.13474E-03 -4.26414E-03
 -7.46894E-03 -1.02855E-02 -1.00357E-03 -2.55729E-03 -9.42446E-04  3.52298E-03
 -4.30577E-03 -7.04556E-05 -3.34691E-03 -6.00592E-03 -5.58589E-03 -3.53406E-05
  5.75126E-03  3.91432E-03  8.53270E-03  4.96356E-03 -3.87843E-03 -2.56006E-04
 -2.69269E-03 -1.40843E-03 -5.06683E-03 -1.81564E-04 -4.19401E-03 -1.14492E-03
  1.35636E-03  9.29291E-04 -3.41637E-04  2.88307E-03 -7.89645E-03 -2.47467E-03
  4.09009E-03 -2.99092E-03
