AutoSaveFileName0243.ASC
 IFORMY    0    .00
 (6E13.7)
 IFORMT    0    .00
 (6E13.7)
 IFORMW    0    .00
 (6E13.7)
 NINTT     0   -1.00
 DOUSNQ    0    1.00
 IQUAD     0    1.00
 PRWT      0    1.00
 PRY       0    1.00
 IPLRES    1    3.00
 IPLRES    2    3.00
 IPRINT    1    0.00
 IPRINT    2    2.00
 IPLFIT    1    0.00
 IPLFIT    2    0.00
 LINEPG    0   50.
 NONNEG    1    1.00
 IWT       0    5.00
 NQPROG    1    5.00
 NQPROG    2    5.00
 GMNMX     1    3.13561E-03
 GMNMX     2    1.12560E-03
 RUSER    10    -1.00
 NG        0    500.00
 NLINF     0    1.00
 IUSER    10    4.00
 RUSER    21    1.0
 RUSER    22   -1.0
 RUSER    23    0.0
 RUSER    18         292.12260
 RUSER    17         134.99900
 RUSER    19         1.02738
 RUSER    15         1.33200
 RUSER    16         632.80000
 RUSER    25         1
 RUSER    26         0
 END       0    0.00
 NY      162
  7.50000E-07  8.75000E-07  1.00000E-06  1.12500E-06  1.25000E-06  1.37500E-06
  1.50000E-06  1.62500E-06  1.75000E-06  1.87500E-06  2.00000E-06  2.25000E-06
  2.50000E-06  2.75000E-06  3.00000E-06  3.25000E-06  3.50000E-06  3.75000E-06
  4.00000E-06  4.50000E-06  5.00000E-06  5.50000E-06  6.00000E-06  6.50000E-06
  7.00000E-06  7.50000E-06  8.00000E-06  9.00000E-06  1.00000E-05  1.10000E-05
  1.20000E-05  1.30000E-05  1.40000E-05  1.50000E-05  1.60000E-05  1.80000E-05
  2.00000E-05  2.20000E-05  2.40000E-05  2.60000E-05  2.80000E-05  3.00000E-05
  3.20000E-05  3.60000E-05  4.00000E-05  4.40000E-05  4.80000E-05  5.20000E-05
  5.60000E-05  6.00000E-05  6.40000E-05  7.20000E-05  8.00000E-05  8.80000E-05
  9.60000E-05  1.04000E-04  1.12000E-04  1.20000E-04  1.28000E-04  1.44000E-04
  1.60000E-04  1.76000E-04  1.92000E-04  2.08000E-04  2.24000E-04  2.40000E-04
  2.56000E-04  2.88000E-04  3.20000E-04  3.52000E-04  3.84000E-04  4.16000E-04
  4.48000E-04  4.80000E-04  5.12000E-04  5.76000E-04  6.40000E-04  7.04000E-04
  7.68000E-04  8.32000E-04  8.96000E-04  9.60000E-04  1.02400E-03  1.15200E-03
  1.28000E-03  1.40800E-03  1.53600E-03  1.66400E-03  1.79200E-03  1.92000E-03
  2.01600E-03  2.27200E-03  2.52800E-03  2.78400E-03  3.04000E-03  3.29600E-03
  3.55200E-03  3.80800E-03  4.06400E-03  4.57600E-03  5.08800E-03  5.60000E-03
  6.11200E-03  6.62400E-03  7.13600E-03  7.64800E-03  8.16000E-03  9.18400E-03
  1.02080E-02  1.12320E-02  1.22560E-02  1.32800E-02  1.43040E-02  1.53280E-02
  1.63520E-02  1.84000E-02  2.04480E-02  2.24960E-02  2.45440E-02  2.65920E-02
  2.86400E-02  3.06880E-02  3.27360E-02  3.68320E-02  4.09280E-02  4.50240E-02
  4.91200E-02  5.32160E-02  5.73120E-02  6.14080E-02  6.55040E-02  7.36960E-02
  8.18880E-02  9.00800E-02  9.82720E-02  1.06464E-01  1.14656E-01  1.22848E-01
  1.31040E-01  1.47424E-01  1.63808E-01  1.80192E-01  1.96576E-01  2.12960E-01
  2.29344E-01  2.45728E-01  2.62112E-01  2.94880E-01  3.27648E-01  3.60416E-01
  3.93184E-01  4.25952E-01  4.58720E-01  4.91488E-01  5.24256E-01  5.89792E-01
  6.55328E-01  7.20864E-01  7.86400E-01  8.51936E-01  9.17472E-01  9.83008E-01
  9.98121E-01  1.00000E+00  9.94704E-01  9.96556E-01  9.91650E-01  9.94361E-01
  9.93704E-01  9.94486E-01  9.91319E-01  9.89434E-01  9.90302E-01  9.88483E-01
  9.86634E-01  9.83475E-01  9.82238E-01  9.82691E-01  9.78883E-01  9.77699E-01
  9.77579E-01  9.74439E-01  9.72498E-01  9.69181E-01  9.67168E-01  9.63989E-01
  9.61052E-01  9.56793E-01  9.55430E-01  9.49719E-01  9.43311E-01  9.39338E-01
  9.33234E-01  9.28316E-01  9.22506E-01  9.18146E-01  9.12325E-01  9.01568E-01
  8.91357E-01  8.81158E-01  8.70335E-01  8.60816E-01  8.50527E-01  8.40954E-01
  8.31485E-01  8.11486E-01  7.93474E-01  7.74548E-01  7.56622E-01  7.38776E-01
  7.22446E-01  7.06327E-01  6.89933E-01  6.58974E-01  6.28827E-01  6.00355E-01
  5.72904E-01  5.46946E-01  5.21815E-01  4.98780E-01  4.76491E-01  4.34143E-01
  3.96188E-01  3.61039E-01  3.29431E-01  3.00234E-01  2.74041E-01  2.50037E-01
  2.28688E-01  1.89888E-01  1.58037E-01  1.31506E-01  1.08851E-01  9.08156E-02
  7.55620E-02  6.34890E-02  5.37418E-02  3.80534E-02  2.71984E-02  1.93418E-02
  1.36104E-02  9.30749E-03  7.15324E-03  5.85200E-03  4.32264E-03  2.51855E-03
  2.03002E-03  5.59385E-04 -3.42045E-04 -4.19730E-04 -7.23677E-04 -4.11666E-04
 -5.19728E-04  5.30335E-04  8.73502E-04  1.17186E-03  6.82394E-04 -1.42612E-03
 -1.86710E-03 -3.88628E-04 -4.21749E-04 -2.10770E-03 -9.20768E-04 -1.35990E-03
 -1.75326E-04 -6.12633E-04 -1.73703E-04 -1.61674E-03 -1.08289E-03  4.85095E-04
  9.47957E-04  2.42320E-04 -4.27102E-04  1.26194E-03  1.27591E-03  3.04925E-04
 -3.85986E-04 -1.29813E-03  1.71047E-04  4.66757E-04 -2.36697E-04 -1.12513E-04
 -5.45473E-04  9.67944E-05 -2.92157E-04  7.39889E-04 -1.55385E-03 -2.30664E-04
  8.93769E-04  5.16244E-04 -2.26618E-04  4.07029E-04 -2.24104E-04  1.81310E-04
 -3.01997E-04  4.38336E-04 -1.97191E-04 -7.42507E-05  1.02686E-04 -5.56928E-04
 -1.95157E-04 -5.82232E-04  2.72978E-04 -4.13217E-05 -2.75504E-04 -4.88852E-05
  3.38494E-04 -8.06384E-05 -1.33949E-04 -1.14011E-04  2.81481E-04  7.82469E-05
  2.09853E-04 -9.11910E-05 -2.26328E-04  1.58970E-04  1.09165E-04 -6.19490E-05
 -3.79037E-05  1.52433E-04 -9.77108E-05 -2.17837E-04  1.28038E-05  3.18832E-05
