AutoSaveFileName0385.ASC
 IFORMY    0    .00
 (6E13.7)
 IFORMT    0    .00
 (6E13.7)
 IFORMW    0    .00
 (6E13.7)
 NINTT     0   -1.00
 DOUSNQ    0    1.00
 IQUAD          1.00
 PRWT      0    1.00
 PRY       0    1.00
 IPLRES    1    3.00
 IPLRES    2    3.00
 IPRINT    1    0.00
 IPRINT    2    2.00
 IPLFIT    1    0.00
 IPLFIT    2    0.00
 LINEPG    0   50.
 NONNEG    1    1.00
 IWT       0    5.00
 NQPROG    1    5.00
 NQPROG    2    5.00
 GMNMX     1    7.589E-06
 GMNMX     2    7.589E-03
 RUSER    10    -1.00
 NG        0    200.00
 NLINF     0    0.00
 IUSER    10    4.00
 RUSER    21    1.0
 RUSER    22   -1.0
 RUSER    23    0.0
 RUSER    18         292.31958
 RUSER    17         142.99900
 RUSER    19         1.02239
 RUSER    15         1.33200
 RUSER    16         632.80000
 RUSER    25         1
 RUSER    26         0
 END       0    0.00
 NY      131
  3.75000E-07  5.00000E-07  6.25000E-07  7.50000E-07  8.75000E-07  1.00000E-06
  1.12500E-06  1.25000E-06  1.37500E-06  1.50000E-06  1.62500E-06  1.75000E-06
  1.87500E-06  2.00000E-06  2.25000E-06  2.50000E-06  2.75000E-06  3.00000E-06
  3.25000E-06  3.50000E-06  3.75000E-06  4.00000E-06  4.50000E-06  5.00000E-06
  5.50000E-06  6.00000E-06  6.50000E-06  7.00000E-06  7.50000E-06  8.00000E-06
  9.00000E-06  1.00000E-05  1.10000E-05  1.20000E-05  1.30000E-05  1.40000E-05
  1.50000E-05  1.60000E-05  1.80000E-05  2.00000E-05  2.20000E-05  2.40000E-05
  2.60000E-05  2.80000E-05  3.00000E-05  3.20000E-05  3.60000E-05  4.00000E-05
  4.40000E-05  4.80000E-05  5.20000E-05  5.60000E-05  6.00000E-05  6.40000E-05
  7.20000E-05  8.00000E-05  8.80000E-05  9.60000E-05  1.04000E-04  1.12000E-04
  1.20000E-04  1.28000E-04  1.44000E-04  1.60000E-04  1.76000E-04  1.92000E-04
  2.08000E-04  2.24000E-04  2.40000E-04  2.56000E-04  2.88000E-04  3.20000E-04
  3.52000E-04  3.84000E-04  4.16000E-04  4.48000E-04  4.80000E-04  5.12000E-04
  5.76000E-04  6.40000E-04  7.04000E-04  7.68000E-04  8.32000E-04  8.96000E-04
  9.60000E-04  1.02400E-03  1.15200E-03  1.28000E-03  1.40800E-03  1.53600E-03
  1.66400E-03  1.79200E-03  1.92000E-03  2.01600E-03  2.27200E-03  2.52800E-03
  2.78400E-03  3.04000E-03  3.29600E-03  3.55200E-03  3.80800E-03  4.06400E-03
  4.57600E-03  5.08800E-03  5.60000E-03  6.11200E-03  6.62400E-03  7.13600E-03
  7.64800E-03  8.16000E-03  9.18400E-03  1.02080E-02  1.12320E-02  1.22560E-02
  1.32800E-02  1.43040E-02  1.53280E-02  1.63520E-02  1.84000E-02  2.04480E-02
  2.24960E-02  2.45440E-02  2.65920E-02  2.86400E-02  3.06880E-02  3.27360E-02
  3.68320E-02  4.09280E-02  4.50240E-02  4.91200E-02  5.32160E-02
  1.60393E+00  1.59951E+00  1.60163E+00  1.60607E+00  1.59348E+00  1.59157E+00
  1.59338E+00  1.58889E+00  1.58684E+00  1.58853E+00  1.59158E+00  1.59472E+00
  1.59371E+00  1.58923E+00  1.59018E+00  1.58424E+00  1.59052E+00  1.58603E+00
  1.59084E+00  1.59059E+00  1.58359E+00  1.59146E+00  1.58744E+00  1.58754E+00
  1.58568E+00  1.58818E+00  1.58269E+00  1.58275E+00  1.58592E+00  1.58508E+00
  1.58259E+00  1.58076E+00  1.57901E+00  1.57795E+00  1.57888E+00  1.57391E+00
  1.57581E+00  1.57417E+00  1.57273E+00  1.56795E+00  1.56800E+00  1.56444E+00
  1.56339E+00  1.56265E+00  1.55904E+00  1.55815E+00  1.55385E+00  1.54874E+00
  1.54364E+00  1.53877E+00  1.53305E+00  1.52857E+00  1.52634E+00  1.52120E+00
  1.51375E+00  1.50446E+00  1.49514E+00  1.48693E+00  1.47868E+00  1.47142E+00
  1.46128E+00  1.45354E+00  1.43651E+00  1.42032E+00  1.40486E+00  1.38872E+00
  1.37341E+00  1.35819E+00  1.34184E+00  1.32734E+00  1.29850E+00  1.26993E+00
  1.24207E+00  1.21463E+00  1.18860E+00  1.16307E+00  1.13794E+00  1.11363E+00
  1.06670E+00  1.02297E+00  9.81255E-01  9.41096E-01  9.03438E-01  8.66911E-01
  8.32294E-01  8.02917E-01  7.40834E-01  6.86178E-01  6.36719E-01  5.92243E-01
  5.52263E-01  5.15806E-01  4.82216E-01  4.59742E-01  4.02933E-01  3.55580E-01
  3.15870E-01  2.82401E-01  2.54099E-01  2.29266E-01  2.07716E-01  1.89574E-01
  1.58473E-01  1.36830E-01  1.18842E-01  1.05645E-01  9.33071E-02  8.36562E-02
  7.24874E-02  6.36132E-02  5.35605E-02  5.17311E-02  4.31589E-02  3.23175E-02
  2.74632E-02  3.04513E-02  3.88267E-02  3.82147E-02  2.26308E-02  7.91743E-03
  2.02497E-03  5.43141E-03  1.06842E-02  7.63491E-03  5.75716E-03  5.19162E-03
  8.28409E-03  2.89162E-03 -4.54794E-03  4.17677E-03 -6.19316E-03
