AutoSaveFileName0164.ASC
 IFORMY    0    .00
 (6E13.7)
 IFORMT    0    .00
 (6E13.7)
 IFORMW    0    .00
 (6E13.7)
 NINTT     0   -1.00
 DOUSNQ    0    1.00
 IQUAD          1.00
 PRWT      0    1.00
 PRY       0    1.00
 IPLRES    1    3.00
 IPLRES    2    3.00
 IPRINT    1    0.00
 IPRINT    2    2.00
 IPLFIT    1    0.00
 IPLFIT    2    0.00
 LINEPG    0   50.
 NONNEG    1    1.00
 IWT       0    5.00
 NQPROG    1    5.00
 NQPROG    2    5.00
 GMNMX     1    1.259E-05
 GMNMX     2    1.259E-02
 RUSER    10    -1.00
 NG        0    200.00
 NLINF     0    0.00
 IUSER    10    4.00
 RUSER    21    1.0
 RUSER    22   -1.0
 RUSER    23    0.0
 RUSER    18         292.22202
 RUSER    17         94.99900
 RUSER    19         1.02485
 RUSER    15         1.33200
 RUSER    16         632.80000
 RUSER    25         1
 RUSER    26         0
 END       0    0.00
 NY      188
  5.00000E-07  6.25000E-07  7.50000E-07  8.75000E-07  1.00000E-06  1.12500E-06
  1.25000E-06  1.37500E-06  1.50000E-06  1.62500E-06  1.75000E-06  1.87500E-06
  2.00000E-06  2.25000E-06  2.50000E-06  2.75000E-06  3.00000E-06  3.25000E-06
  3.50000E-06  3.75000E-06  4.00000E-06  4.50000E-06  5.00000E-06  5.50000E-06
  6.00000E-06  6.50000E-06  7.00000E-06  7.50000E-06  8.00000E-06  9.00000E-06
  1.00000E-05  1.10000E-05  1.20000E-05  1.30000E-05  1.40000E-05  1.50000E-05
  1.60000E-05  1.80000E-05  2.00000E-05  2.20000E-05  2.40000E-05  2.60000E-05
  2.80000E-05  3.00000E-05  3.20000E-05  3.60000E-05  4.00000E-05  4.40000E-05
  4.80000E-05  5.20000E-05  5.60000E-05  6.00000E-05  6.40000E-05  7.20000E-05
  8.00000E-05  8.80000E-05  9.60000E-05  1.04000E-04  1.12000E-04  1.20000E-04
  1.28000E-04  1.44000E-04  1.60000E-04  1.76000E-04  1.92000E-04  2.08000E-04
  2.24000E-04  2.40000E-04  2.56000E-04  2.88000E-04  3.20000E-04  3.52000E-04
  3.84000E-04  4.16000E-04  4.48000E-04  4.80000E-04  5.12000E-04  5.76000E-04
  6.40000E-04  7.04000E-04  7.68000E-04  8.32000E-04  8.96000E-04  9.60000E-04
  1.02400E-03  1.15200E-03  1.28000E-03  1.40800E-03  1.53600E-03  1.66400E-03
  1.79200E-03  1.92000E-03  2.01600E-03  2.27200E-03  2.52800E-03  2.78400E-03
  3.04000E-03  3.29600E-03  3.55200E-03  3.80800E-03  4.06400E-03  4.57600E-03
  5.08800E-03  5.60000E-03  6.11200E-03  6.62400E-03  7.13600E-03  7.64800E-03
  8.16000E-03  9.18400E-03  1.02080E-02  1.12320E-02  1.22560E-02  1.32800E-02
  1.43040E-02  1.53280E-02  1.63520E-02  1.84000E-02  2.04480E-02  2.24960E-02
  2.45440E-02  2.65920E-02  2.86400E-02  3.06880E-02  3.27360E-02  3.68320E-02
  4.09280E-02  4.50240E-02  4.91200E-02  5.32160E-02  5.73120E-02  6.14080E-02
  6.55040E-02  7.36960E-02  8.18880E-02  9.00800E-02  9.82720E-02  1.06464E-01
  1.14656E-01  1.22848E-01  1.31040E-01  1.47424E-01  1.63808E-01  1.80192E-01
  1.96576E-01  2.12960E-01  2.29344E-01  2.45728E-01  2.62112E-01  2.94880E-01
  3.27648E-01  3.60416E-01  3.93184E-01  4.25952E-01  4.58720E-01  4.91488E-01
  5.24256E-01  5.89792E-01  6.55328E-01  7.20864E-01  7.86400E-01  8.51936E-01
  9.17472E-01  9.83008E-01  1.04854E+00  1.17962E+00  1.31069E+00  1.44176E+00
  1.57283E+00  1.70390E+00  1.83498E+00  1.96605E+00  2.09712E+00  2.35926E+00
  2.62141E+00  2.88355E+00  3.14570E+00  3.40784E+00  3.66998E+00  3.93213E+00
  4.19427E+00  4.71856E+00  5.24285E+00  5.76714E+00  6.29142E+00  6.81571E+00
  7.34000E+00  7.86429E+00
  9.93750E-01  9.92384E-01  9.94040E-01  9.91790E-01  9.89076E-01  9.90776E-01
  9.90869E-01  9.90170E-01  9.89848E-01  9.91540E-01  9.89810E-01  9.90402E-01
  9.90142E-01  9.90062E-01  9.88921E-01  9.88152E-01  9.88474E-01  9.87161E-01
  9.89498E-01  9.89368E-01  9.89451E-01  9.88609E-01  9.89688E-01  9.87720E-01
  9.88667E-01  9.89258E-01  9.88562E-01  9.87550E-01  9.87176E-01  9.87813E-01
  9.87783E-01  9.86332E-01  9.86102E-01  9.87555E-01  9.85863E-01  9.85588E-01
  9.84871E-01  9.85291E-01  9.84739E-01  9.84407E-01  9.83246E-01  9.83413E-01
  9.82337E-01  9.81488E-01  9.81283E-01  9.80162E-01  9.78764E-01  9.78242E-01
  9.76829E-01  9.75855E-01  9.74784E-01  9.73358E-01  9.72639E-01  9.70272E-01
  9.67922E-01  9.65765E-01  9.64119E-01  9.61690E-01  9.59345E-01  9.57335E-01
  9.54988E-01  9.50461E-01  9.46324E-01  9.42132E-01  9.37512E-01  9.33273E-01
  9.29016E-01  9.24484E-01  9.20219E-01  9.11912E-01  9.03208E-01  8.95103E-01
  8.86765E-01  8.78506E-01  8.70635E-01  8.62473E-01  8.54523E-01  8.38867E-01
  8.23679E-01  8.08700E-01  7.94090E-01  7.79726E-01  7.65773E-01  7.52015E-01
  7.38527E-01  7.12394E-01  6.87368E-01  6.63163E-01  6.39854E-01  6.17389E-01
  5.95971E-01  5.75434E-01  5.61182E-01  5.23451E-01  4.88090E-01  4.54986E-01
  4.23982E-01  3.95337E-01  3.69002E-01  3.44465E-01  3.21813E-01  2.79935E-01
  2.44128E-01  2.13713E-01  1.87443E-01  1.64316E-01  1.43736E-01  1.25621E-01
  1.10299E-01  8.54398E-02  6.69105E-02  5.32425E-02  4.19972E-02  3.33741E-02
  2.73556E-02  2.33046E-02  2.06580E-02  1.50865E-02  1.15382E-02  7.87261E-03
  5.39950E-03  1.36037E-03  4.60149E-04  3.44975E-03  7.32941E-03  1.67025E-03
 -2.41565E-05  7.32437E-03  1.44913E-02  1.03355E-02  1.63495E-03 -1.38440E-03
 -3.72186E-04  4.87096E-03  3.27067E-03  3.59419E-03 -2.44306E-03 -3.94224E-04
  5.86098E-03  3.04455E-03 -4.96337E-05  5.78036E-03  2.01230E-05 -5.76588E-03
 -3.43259E-03 -6.09589E-03 -9.62000E-03 -5.67714E-03  8.25574E-06 -8.77395E-04
  3.58343E-03  2.94705E-03 -5.61806E-04 -4.89496E-03  1.63619E-03  5.03973E-03
 -4.27685E-04 -1.41463E-03  1.09429E-03 -6.10331E-03 -1.22893E-03 -7.10849E-04
 -5.33119E-03 -7.54257E-04  3.83599E-04  1.23322E-03 -4.08024E-04  1.64910E-03
 -3.93639E-03 -2.00798E-03  1.43498E-03 -7.92532E-04 -2.46962E-03 -3.51572E-04
  4.65041E-04 -2.01352E-05 -9.82859E-04 -1.00308E-04 -6.08073E-04 -5.29551E-06
 -8.02175E-04  2.26173E-03  1.37114E-03 -3.48028E-03  1.96211E-04 -1.22726E-03
  3.03956E-04 -1.64630E-03
