AutoSaveFileName0275.ASC
 IFORMY    0    .00
 (6E13.7)
 IFORMT    0    .00
 (6E13.7)
 IFORMW    0    .00
 (6E13.7)
 NINTT     0   -1.00
 DOUSNQ    0    1.00
 IQUAD          1.00
 PRWT      0    1.00
 PRY       0    1.00
 IPLRES    1    3.00
 IPLRES    2    3.00
 IPRINT    1    0.00
 IPRINT    2    2.00
 IPLFIT    1    0.00
 IPLFIT    2    0.00
 LINEPG    0   50.
 NONNEG    1    1.00
 IWT       0    5.00
 NQPROG    1    5.00
 NQPROG    2    5.00
 GMNMX     1    7.328E-06
 GMNMX     2    7.328E-03
 RUSER    10    -1.00
 NG        0    200.00
 NLINF     0    0.00
 IUSER    10    4.00
 RUSER    21    1.0
 RUSER    22   -1.0
 RUSER    23    0.0
 RUSER    18         292.25359
 RUSER    17         149.99900
 RUSER    19         1.02405
 RUSER    15         1.33200
 RUSER    16         632.80000
 RUSER    25         1
 RUSER    26         0
 END       0    0.00
 NY      188
  5.00000E-07  6.25000E-07  7.50000E-07  8.75000E-07  1.00000E-06  1.12500E-06
  1.25000E-06  1.37500E-06  1.50000E-06  1.62500E-06  1.75000E-06  1.87500E-06
  2.00000E-06  2.25000E-06  2.50000E-06  2.75000E-06  3.00000E-06  3.25000E-06
  3.50000E-06  3.75000E-06  4.00000E-06  4.50000E-06  5.00000E-06  5.50000E-06
  6.00000E-06  6.50000E-06  7.00000E-06  7.50000E-06  8.00000E-06  9.00000E-06
  1.00000E-05  1.10000E-05  1.20000E-05  1.30000E-05  1.40000E-05  1.50000E-05
  1.60000E-05  1.80000E-05  2.00000E-05  2.20000E-05  2.40000E-05  2.60000E-05
  2.80000E-05  3.00000E-05  3.20000E-05  3.60000E-05  4.00000E-05  4.40000E-05
  4.80000E-05  5.20000E-05  5.60000E-05  6.00000E-05  6.40000E-05  7.20000E-05
  8.00000E-05  8.80000E-05  9.60000E-05  1.04000E-04  1.12000E-04  1.20000E-04
  1.28000E-04  1.44000E-04  1.60000E-04  1.76000E-04  1.92000E-04  2.08000E-04
  2.24000E-04  2.40000E-04  2.56000E-04  2.88000E-04  3.20000E-04  3.52000E-04
  3.84000E-04  4.16000E-04  4.48000E-04  4.80000E-04  5.12000E-04  5.76000E-04
  6.40000E-04  7.04000E-04  7.68000E-04  8.32000E-04  8.96000E-04  9.60000E-04
  1.02400E-03  1.15200E-03  1.28000E-03  1.40800E-03  1.53600E-03  1.66400E-03
  1.79200E-03  1.92000E-03  2.01600E-03  2.27200E-03  2.52800E-03  2.78400E-03
  3.04000E-03  3.29600E-03  3.55200E-03  3.80800E-03  4.06400E-03  4.57600E-03
  5.08800E-03  5.60000E-03  6.11200E-03  6.62400E-03  7.13600E-03  7.64800E-03
  8.16000E-03  9.18400E-03  1.02080E-02  1.12320E-02  1.22560E-02  1.32800E-02
  1.43040E-02  1.53280E-02  1.63520E-02  1.84000E-02  2.04480E-02  2.24960E-02
  2.45440E-02  2.65920E-02  2.86400E-02  3.06880E-02  3.27360E-02  3.68320E-02
  4.09280E-02  4.50240E-02  4.91200E-02  5.32160E-02  5.73120E-02  6.14080E-02
  6.55040E-02  7.36960E-02  8.18880E-02  9.00800E-02  9.82720E-02  1.06464E-01
  1.14656E-01  1.22848E-01  1.31040E-01  1.47424E-01  1.63808E-01  1.80192E-01
  1.96576E-01  2.12960E-01  2.29344E-01  2.45728E-01  2.62112E-01  2.94880E-01
  3.27648E-01  3.60416E-01  3.93184E-01  4.25952E-01  4.58720E-01  4.91488E-01
  5.24256E-01  5.89792E-01  6.55328E-01  7.20864E-01  7.86400E-01  8.51936E-01
  9.17472E-01  9.83008E-01  1.04854E+00  1.17962E+00  1.31069E+00  1.44176E+00
  1.57283E+00  1.70390E+00  1.83498E+00  1.96605E+00  2.09712E+00  2.35926E+00
  2.62141E+00  2.88355E+00  3.14570E+00  3.40784E+00  3.66998E+00  3.93213E+00
  4.19427E+00  4.71856E+00  5.24285E+00  5.76714E+00  6.29142E+00  6.81571E+00
  7.34000E+00  7.86429E+00
  9.96897E-01  9.93202E-01  9.89980E-01  9.90630E-01  9.90488E-01  9.90141E-01
  9.93350E-01  9.85286E-01  9.88763E-01  9.88000E-01  9.89622E-01  9.88097E-01
  9.87015E-01  9.88969E-01  9.88224E-01  9.87476E-01  9.88284E-01  9.88335E-01
  9.86801E-01  9.89622E-01  9.88897E-01  9.87132E-01  9.87322E-01  9.87120E-01
  9.88469E-01  9.85263E-01  9.86131E-01  9.86386E-01  9.86240E-01  9.84914E-01
  9.84159E-01  9.83575E-01  9.83660E-01  9.83657E-01  9.81751E-01  9.82609E-01
  9.81696E-01  9.79969E-01  9.80080E-01  9.79222E-01  9.77857E-01  9.77664E-01
  9.77435E-01  9.76142E-01  9.75044E-01  9.73518E-01  9.71705E-01  9.70280E-01
  9.67872E-01  9.65989E-01  9.64500E-01  9.62436E-01  9.61309E-01  9.57846E-01
  9.54293E-01  9.50559E-01  9.47000E-01  9.43025E-01  9.40134E-01  9.36668E-01
  9.33104E-01  9.26512E-01  9.19276E-01  9.12561E-01  9.05697E-01  8.99171E-01
  8.92606E-01  8.85779E-01  8.79234E-01  8.66589E-01  8.53756E-01  8.41053E-01
  8.28809E-01  8.16367E-01  8.04404E-01  7.92719E-01  7.80889E-01  7.58156E-01
  7.36011E-01  7.14759E-01  6.94049E-01  6.74110E-01  6.54689E-01  6.35904E-01
  6.17139E-01  5.82641E-01  5.50332E-01  5.20411E-01  4.92574E-01  4.66387E-01
  4.41680E-01  4.18410E-01  4.02378E-01  3.61857E-01  3.26054E-01  2.94200E-01
  2.65961E-01  2.41112E-01  2.18997E-01  1.99486E-01  1.82531E-01  1.51437E-01
  1.25472E-01  1.05512E-01  8.96778E-02  7.69996E-02  6.66301E-02  5.84356E-02
  5.22689E-02  4.22878E-02  3.43775E-02  2.72331E-02  2.28365E-02  1.94658E-02
  1.76530E-02  1.72450E-02  1.71402E-02  1.49840E-02  1.14092E-02  7.10217E-03
  5.96847E-03  9.64229E-03  9.54774E-03  4.99372E-03  5.54652E-03  9.53347E-03
  7.40562E-03  7.21192E-03  3.78337E-03 -1.89725E-03 -1.77993E-03  4.20624E-03
  2.71395E-03  2.89666E-05  3.43618E-03  2.69427E-03  2.00871E-03  3.83866E-03
  8.00454E-04 -1.19421E-03 -5.29501E-03 -5.61810E-03 -3.35244E-03 -1.37832E-03
  3.05133E-03  1.07296E-03  3.51804E-03 -5.73799E-05 -1.34453E-03  4.30899E-03
  1.38320E-04  3.61077E-03 -2.61258E-03 -1.08267E-03 -1.14913E-03  1.43676E-03
 -2.27041E-04 -9.22823E-04  3.69551E-03 -2.71681E-03 -3.41546E-03 -1.29759E-03
 -3.42572E-03 -2.16546E-03 -1.35687E-03 -1.19943E-03 -3.77449E-04 -2.33119E-03
 -1.39914E-03 -5.75142E-04 -1.61275E-03 -1.25938E-03 -9.05486E-04  1.36535E-03
  1.08907E-03  1.56754E-03  2.83545E-03 -4.25043E-04 -1.41506E-03 -1.78684E-03
 -2.58147E-04 -4.36915E-04 -6.37251E-05  7.51155E-04 -5.17890E-04 -5.78004E-04
  4.45268E-05  4.19818E-04
