AutoSaveFileName0070.ASC
 IFORMY    0    .00
 (6E13.7)
 IFORMT    0    .00
 (6E13.7)
 IFORMW    0    .00
 (6E13.7)
 NINTT     0   -1.00
 DOUSNQ    0    1.00
 IQUAD     0    1.00
 PRWT      0    1.00
 PRY       0    1.00
 IPLRES    1    3.00
 IPLRES    2    3.00
 IPRINT    1    0.00
 IPRINT    2    2.00
 IPLFIT    1    0.00
 IPLFIT    2    0.00
 LINEPG    0   50.
 NONNEG    1    1.00
 IWT       0    5.00
 NQPROG    1    5.00
 NQPROG    2    5.00
 GMNMX     1    1.50626E-02
 GMNMX     2    5.40708E-03
 RUSER    10    -1.00
 NG        0    500.00
 NLINF     0    1.00
 IUSER    10    4.00
 RUSER    21    1.0
 RUSER    22   -1.0
 RUSER    23    0.0
 RUSER    18         291.94159
 RUSER    17         49.99800
 RUSER    19         1.03199
 RUSER    15         1.33200
 RUSER    16         632.80000
 RUSER    25         1
 RUSER    26         0
 END       0    0.00
 NY      162
  7.50000E-07  8.75000E-07  1.00000E-06  1.12500E-06  1.25000E-06  1.37500E-06
  1.50000E-06  1.62500E-06  1.75000E-06  1.87500E-06  2.00000E-06  2.25000E-06
  2.50000E-06  2.75000E-06  3.00000E-06  3.25000E-06  3.50000E-06  3.75000E-06
  4.00000E-06  4.50000E-06  5.00000E-06  5.50000E-06  6.00000E-06  6.50000E-06
  7.00000E-06  7.50000E-06  8.00000E-06  9.00000E-06  1.00000E-05  1.10000E-05
  1.20000E-05  1.30000E-05  1.40000E-05  1.50000E-05  1.60000E-05  1.80000E-05
  2.00000E-05  2.20000E-05  2.40000E-05  2.60000E-05  2.80000E-05  3.00000E-05
  3.20000E-05  3.60000E-05  4.00000E-05  4.40000E-05  4.80000E-05  5.20000E-05
  5.60000E-05  6.00000E-05  6.40000E-05  7.20000E-05  8.00000E-05  8.80000E-05
  9.60000E-05  1.04000E-04  1.12000E-04  1.20000E-04  1.28000E-04  1.44000E-04
  1.60000E-04  1.76000E-04  1.92000E-04  2.08000E-04  2.24000E-04  2.40000E-04
  2.56000E-04  2.88000E-04  3.20000E-04  3.52000E-04  3.84000E-04  4.16000E-04
  4.48000E-04  4.80000E-04  5.12000E-04  5.76000E-04  6.40000E-04  7.04000E-04
  7.68000E-04  8.32000E-04  8.96000E-04  9.60000E-04  1.02400E-03  1.15200E-03
  1.28000E-03  1.40800E-03  1.53600E-03  1.66400E-03  1.79200E-03  1.92000E-03
  2.01600E-03  2.27200E-03  2.52800E-03  2.78400E-03  3.04000E-03  3.29600E-03
  3.55200E-03  3.80800E-03  4.06400E-03  4.57600E-03  5.08800E-03  5.60000E-03
  6.11200E-03  6.62400E-03  7.13600E-03  7.64800E-03  8.16000E-03  9.18400E-03
  1.02080E-02  1.12320E-02  1.22560E-02  1.32800E-02  1.43040E-02  1.53280E-02
  1.63520E-02  1.84000E-02  2.04480E-02  2.24960E-02  2.45440E-02  2.65920E-02
  2.86400E-02  3.06880E-02  3.27360E-02  3.68320E-02  4.09280E-02  4.50240E-02
  4.91200E-02  5.32160E-02  5.73120E-02  6.14080E-02  6.55040E-02  7.36960E-02
  8.18880E-02  9.00800E-02  9.82720E-02  1.06464E-01  1.14656E-01  1.22848E-01
  1.31040E-01  1.47424E-01  1.63808E-01  1.80192E-01  1.96576E-01  2.12960E-01
  2.29344E-01  2.45728E-01  2.62112E-01  2.94880E-01  3.27648E-01  3.60416E-01
  3.93184E-01  4.25952E-01  4.58720E-01  4.91488E-01  5.24256E-01  5.89792E-01
  6.55328E-01  7.20864E-01  7.86400E-01  8.51936E-01  9.17472E-01  9.83008E-01
  9.98073E-01  9.97946E-01  9.98849E-01  9.96684E-01  9.97553E-01  9.90854E-01
  1.00000E+00  9.97874E-01  9.97811E-01  9.94515E-01  9.94454E-01  9.95345E-01
  9.93371E-01  9.94784E-01  9.95759E-01  9.94876E-01  9.93471E-01  9.89501E-01
  9.89651E-01  9.94786E-01  9.90546E-01  9.89283E-01  9.91806E-01  9.87487E-01
  9.89016E-01  9.89060E-01  9.87164E-01  9.87087E-01  9.84164E-01  9.83248E-01
  9.82605E-01  9.81454E-01  9.78764E-01  9.80339E-01  9.77422E-01  9.76759E-01
  9.73799E-01  9.70621E-01  9.68808E-01  9.67215E-01  9.64023E-01  9.61883E-01
  9.59908E-01  9.55264E-01  9.51154E-01  9.47226E-01  9.42037E-01  9.37097E-01
  9.33462E-01  9.29834E-01  9.25091E-01  9.16611E-01  9.07867E-01  8.99132E-01
  8.91495E-01  8.83400E-01  8.74392E-01  8.66267E-01  8.58446E-01  8.42814E-01
  8.27783E-01  8.12044E-01  7.97446E-01  7.83560E-01  7.68428E-01  7.54728E-01
  7.41035E-01  7.15011E-01  6.89073E-01  6.64837E-01  6.41988E-01  6.18845E-01
  5.97375E-01  5.75994E-01  5.55950E-01  5.17381E-01  4.81414E-01  4.48297E-01
  4.17740E-01  3.89359E-01  3.62963E-01  3.38587E-01  3.16007E-01  2.75537E-01
  2.40778E-01  2.09604E-01  1.82423E-01  1.58748E-01  1.38878E-01  1.21636E-01
  1.10940E-01  8.65009E-02  6.77448E-02  5.27563E-02  3.96772E-02  2.77852E-02
  1.95384E-02  1.41157E-02  9.88466E-03  9.14280E-04 -3.75260E-03 -4.97594E-03
 -2.27542E-03 -4.04727E-04 -2.65210E-03 -3.33993E-03 -2.35816E-03 -5.58773E-03
 -1.37178E-03 -4.55158E-03 -1.12735E-02 -8.27453E-03 -6.61320E-03 -2.50456E-03
 -2.31382E-03 -6.19923E-03 -7.09866E-03 -1.22258E-02 -2.49085E-03 -6.77406E-04
  1.04156E-03 -2.57116E-04 -2.00537E-03  1.77450E-03  4.21942E-03  1.02599E-03
 -3.05569E-03  2.36004E-03  8.87718E-04 -6.09653E-03 -3.23457E-03 -1.83366E-03
  1.18247E-03  9.70605E-03  1.55576E-03  5.45184E-04  3.27271E-05  4.50466E-03
  6.81520E-03 -4.91714E-03 -2.47312E-03  2.05429E-03 -5.03158E-03  6.44698E-03
 -1.43628E-03  1.44896E-03  1.83743E-03  2.76931E-03  1.63603E-03  1.43287E-03
  1.98232E-03 -5.47295E-04  2.60319E-04 -4.89664E-03  6.87477E-04  1.93635E-03
  2.11032E-03  2.35204E-03 -1.13956E-04  1.99555E-03  2.03865E-03  1.13910E-03
