AutoSaveFileName0055.ASC
 IFORMY    0    .00
 (6E13.7)
 IFORMT    0    .00
 (6E13.7)
 IFORMW    0    .00
 (6E13.7)
 NINTT     0   -1.00
 DOUSNQ    0    1.00
 IQUAD     0    1.00
 PRWT      0    1.00
 PRY       0    1.00
 IPLRES    1    3.00
 IPLRES    2    3.00
 IPRINT    1    0.00
 IPRINT    2    2.00
 IPLFIT    1    0.00
 IPLFIT    2    0.00
 LINEPG    0   50.
 NONNEG    1    1.00
 IWT       0    5.00
 NQPROG    1    5.00
 NQPROG    2    5.00
 GMNMX     1    2.30057E-02
 GMNMX     2    8.25846E-03
 RUSER    10    -1.00
 NG        0    500.00
 NLINF     0    1.00
 IUSER    10    4.00
 RUSER    21    1.0
 RUSER    22   -1.0
 RUSER    23    0.0
 RUSER    18         291.93069
 RUSER    17         39.99800
 RUSER    19         1.03227
 RUSER    15         1.33200
 RUSER    16         632.80000
 RUSER    25         1
 RUSER    26         0
 END       0    0.00
 NY      162
  7.50000E-07  8.75000E-07  1.00000E-06  1.12500E-06  1.25000E-06  1.37500E-06
  1.50000E-06  1.62500E-06  1.75000E-06  1.87500E-06  2.00000E-06  2.25000E-06
  2.50000E-06  2.75000E-06  3.00000E-06  3.25000E-06  3.50000E-06  3.75000E-06
  4.00000E-06  4.50000E-06  5.00000E-06  5.50000E-06  6.00000E-06  6.50000E-06
  7.00000E-06  7.50000E-06  8.00000E-06  9.00000E-06  1.00000E-05  1.10000E-05
  1.20000E-05  1.30000E-05  1.40000E-05  1.50000E-05  1.60000E-05  1.80000E-05
  2.00000E-05  2.20000E-05  2.40000E-05  2.60000E-05  2.80000E-05  3.00000E-05
  3.20000E-05  3.60000E-05  4.00000E-05  4.40000E-05  4.80000E-05  5.20000E-05
  5.60000E-05  6.00000E-05  6.40000E-05  7.20000E-05  8.00000E-05  8.80000E-05
  9.60000E-05  1.04000E-04  1.12000E-04  1.20000E-04  1.28000E-04  1.44000E-04
  1.60000E-04  1.76000E-04  1.92000E-04  2.08000E-04  2.24000E-04  2.40000E-04
  2.56000E-04  2.88000E-04  3.20000E-04  3.52000E-04  3.84000E-04  4.16000E-04
  4.48000E-04  4.80000E-04  5.12000E-04  5.76000E-04  6.40000E-04  7.04000E-04
  7.68000E-04  8.32000E-04  8.96000E-04  9.60000E-04  1.02400E-03  1.15200E-03
  1.28000E-03  1.40800E-03  1.53600E-03  1.66400E-03  1.79200E-03  1.92000E-03
  2.01600E-03  2.27200E-03  2.52800E-03  2.78400E-03  3.04000E-03  3.29600E-03
  3.55200E-03  3.80800E-03  4.06400E-03  4.57600E-03  5.08800E-03  5.60000E-03
  6.11200E-03  6.62400E-03  7.13600E-03  7.64800E-03  8.16000E-03  9.18400E-03
  1.02080E-02  1.12320E-02  1.22560E-02  1.32800E-02  1.43040E-02  1.53280E-02
  1.63520E-02  1.84000E-02  2.04480E-02  2.24960E-02  2.45440E-02  2.65920E-02
  2.86400E-02  3.06880E-02  3.27360E-02  3.68320E-02  4.09280E-02  4.50240E-02
  4.91200E-02  5.32160E-02  5.73120E-02  6.14080E-02  6.55040E-02  7.36960E-02
  8.18880E-02  9.00800E-02  9.82720E-02  1.06464E-01  1.14656E-01  1.22848E-01
  1.31040E-01  1.47424E-01  1.63808E-01  1.80192E-01  1.96576E-01  2.12960E-01
  2.29344E-01  2.45728E-01  2.62112E-01  2.94880E-01  3.27648E-01  3.60416E-01
  3.93184E-01  4.25952E-01  4.58720E-01  4.91488E-01  5.24256E-01  5.89792E-01
  6.55328E-01  7.20864E-01  7.86400E-01  8.51936E-01  9.17472E-01  9.83008E-01
  1.00000E+00  9.96300E-01  9.95769E-01  9.96658E-01  9.94771E-01  9.96298E-01
  9.92369E-01  9.95588E-01  9.95358E-01  9.94038E-01  9.94136E-01  9.94292E-01
  9.93845E-01  9.94054E-01  9.93750E-01  9.93522E-01  9.93383E-01  9.92399E-01
  9.92666E-01  9.92948E-01  9.92243E-01  9.92568E-01  9.92110E-01  9.91112E-01
  9.91868E-01  9.89587E-01  9.89691E-01  9.88934E-01  9.89143E-01  9.88125E-01
  9.87289E-01  9.86731E-01  9.85721E-01  9.84838E-01  9.83967E-01  9.82220E-01
  9.81343E-01  9.79925E-01  9.77954E-01  9.76921E-01  9.75077E-01  9.73071E-01
  9.72024E-01  9.69513E-01  9.66347E-01  9.63633E-01  9.60777E-01  9.57987E-01
  9.55020E-01  9.52140E-01  9.49288E-01  9.43490E-01  9.37911E-01  9.32477E-01
  9.27178E-01  9.21400E-01  9.15709E-01  9.10574E-01  9.05232E-01  8.94291E-01
  8.84000E-01  8.73388E-01  8.63420E-01  8.53169E-01  8.43326E-01  8.33493E-01
  8.23870E-01  8.04801E-01  7.86267E-01  7.68116E-01  7.50662E-01  7.33416E-01
  7.16829E-01  7.00664E-01  6.84763E-01  6.54301E-01  6.25360E-01  5.97817E-01
  5.71430E-01  5.46349E-01  5.22496E-01  4.99493E-01  4.77639E-01  4.36719E-01
  3.99469E-01  3.65629E-01  3.34972E-01  3.07269E-01  2.81933E-01  2.58651E-01
  2.43293E-01  2.05801E-01  1.74389E-01  1.47886E-01  1.25809E-01  1.07124E-01
  9.13023E-02  7.81691E-02  6.74002E-02  4.96746E-02  3.78461E-02  2.97268E-02
  2.30849E-02  1.89725E-02  1.64999E-02  1.47708E-02  1.19869E-02  4.90989E-03
  1.30286E-03  9.66815E-04  4.23704E-03  7.79383E-03  7.29010E-03  3.76036E-03
  2.05670E-03  1.03798E-03 -6.35044E-04 -1.60714E-03 -2.71027E-03  3.10907E-04
  2.25119E-03  7.82767E-04  1.14358E-03 -3.06248E-03  3.12962E-03  1.27668E-03
  2.87216E-03  2.67594E-03  3.73952E-03  2.05085E-03 -3.58289E-03 -1.13948E-03
 -9.58689E-04  5.67445E-04  4.08749E-03 -4.06605E-04 -1.32547E-03 -3.14003E-03
 -5.54379E-03  2.14123E-04 -2.66455E-03  9.92151E-04 -2.28070E-03  2.93583E-03
 -8.83430E-04 -3.84647E-03 -3.06429E-04  3.05604E-03  5.80546E-04 -6.16069E-04
  1.67355E-03 -1.91997E-03 -9.75229E-04  1.07999E-03  1.37079E-03 -5.51720E-04
 -4.30775E-04  1.04039E-04  9.83119E-04  9.45912E-04  2.09251E-03 -2.16100E-04
