AutoSaveFileName0159.ASC
 IFORMY    0    .00
 (6E13.7)
 IFORMT    0    .00
 (6E13.7)
 IFORMW    0    .00
 (6E13.7)
 NINTT     0   -1.00
 DOUSNQ    0    1.00
 IQUAD          1.00
 PRWT      0    1.00
 PRY       0    1.00
 IPLRES    1    3.00
 IPLRES    2    3.00
 IPRINT    1    0.00
 IPRINT    2    2.00
 IPLFIT    1    0.00
 IPLFIT    2    0.00
 LINEPG    0   50.
 NONNEG    1    1.00
 IWT       0    5.00
 NQPROG    1    5.00
 NQPROG    2    5.00
 GMNMX     1    1.377E-05
 GMNMX     2    4.130E-03
 RUSER    10    -1.00
 NG        0    200.00
 NLINF     0    0.00
 IUSER    10    4.00
 RUSER    21    1.0
 RUSER    22   -1.0
 RUSER    23    0.0
 RUSER    18         292.01714
 RUSER    17         89.99900
 RUSER    19         0.00103
 RUSER    15         1.33200
 RUSER    16         0.00000
 RUSER    25         1
 RUSER    26         0
 END       0    0.00
 NY      131
  3.75000E-07  5.00000E-07  6.25000E-07  7.50000E-07  8.75000E-07  1.00000E-06
  1.12500E-06  1.25000E-06  1.37500E-06  1.50000E-06  1.62500E-06  1.75000E-06
  1.87500E-06  2.00000E-06  2.25000E-06  2.50000E-06  2.75000E-06  3.00000E-06
  3.25000E-06  3.50000E-06  3.75000E-06  4.00000E-06  4.50000E-06  5.00000E-06
  5.50000E-06  6.00000E-06  6.50000E-06  7.00000E-06  7.50000E-06  8.00000E-06
  9.00000E-06  1.00000E-05  1.10000E-05  1.20000E-05  1.30000E-05  1.40000E-05
  1.50000E-05  1.60000E-05  1.80000E-05  2.00000E-05  2.20000E-05  2.40000E-05
  2.60000E-05  2.80000E-05  3.00000E-05  3.20000E-05  3.60000E-05  4.00000E-05
  4.40000E-05  4.80000E-05  5.20000E-05  5.60000E-05  6.00000E-05  6.40000E-05
  7.20000E-05  8.00000E-05  8.80000E-05  9.60000E-05  1.04000E-04  1.12000E-04
  1.20000E-04  1.28000E-04  1.44000E-04  1.60000E-04  1.76000E-04  1.92000E-04
  2.08000E-04  2.24000E-04  2.40000E-04  2.56000E-04  2.88000E-04  3.20000E-04
  3.52000E-04  3.84000E-04  4.16000E-04  4.48000E-04  4.80000E-04  5.12000E-04
  5.76000E-04  6.40000E-04  7.04000E-04  7.68000E-04  8.32000E-04  8.96000E-04
  9.60000E-04  1.02400E-03  1.15200E-03  1.28000E-03  1.40800E-03  1.53600E-03
  1.66400E-03  1.79200E-03  1.92000E-03  2.01600E-03  2.27200E-03  2.52800E-03
  2.78400E-03  3.04000E-03  3.29600E-03  3.55200E-03  3.80800E-03  4.06400E-03
  4.57600E-03  5.08800E-03  5.60000E-03  6.11200E-03  6.62400E-03  7.13600E-03
  7.64800E-03  8.16000E-03  9.18400E-03  1.02080E-02  1.12320E-02  1.22560E-02
  1.32800E-02  1.43040E-02  1.53280E-02  1.63520E-02  1.84000E-02  2.04480E-02
  2.24960E-02  2.45440E-02  2.65920E-02  2.86400E-02  3.06880E-02  3.27360E-02
  3.68320E-02  4.09280E-02  4.50240E-02  4.91200E-02  5.32160E-02
  9.59246E+00  9.55212E+00  9.56708E+00  9.52115E+00  9.52733E+00  9.50594E+00
  9.50145E+00  9.48424E+00  9.49625E+00  9.47702E+00  9.47881E+00  9.46516E+00
  9.46820E+00  9.47827E+00  9.44620E+00  9.45472E+00  9.43637E+00  9.43668E+00
  9.42652E+00  9.42959E+00  9.41424E+00  9.40052E+00  9.39803E+00  9.38675E+00
  9.36915E+00  9.36158E+00  9.33344E+00  9.31296E+00  9.31865E+00  9.28910E+00
  9.26605E+00  9.24572E+00  9.20733E+00  9.18876E+00  9.15974E+00  9.12914E+00
  9.11478E+00  9.08533E+00  9.02733E+00  8.96822E+00  8.91844E+00  8.86533E+00
  8.80988E+00  8.76479E+00  8.71611E+00  8.66263E+00  8.55645E+00  8.45545E+00
  8.35660E+00  8.26436E+00  8.16431E+00  8.06910E+00  7.97738E+00  7.88185E+00
  7.69953E+00  7.52311E+00  7.35263E+00  7.18444E+00  7.02487E+00  6.86778E+00
  6.71315E+00  6.56341E+00  6.27356E+00  5.99946E+00  5.73941E+00  5.49491E+00
  5.26435E+00  5.04079E+00  4.83448E+00  4.63912E+00  4.27413E+00  3.94476E+00
  3.64764E+00  3.38269E+00  3.14105E+00  2.92767E+00  2.73768E+00  2.56875E+00
  2.27422E+00  2.03538E+00  1.84263E+00  1.68507E+00  1.55636E+00  1.45409E+00
  1.37260E+00  1.31125E+00  1.21278E+00  1.14578E+00  1.09685E+00  1.05964E+00
  1.03468E+00  1.02133E+00  1.01657E+00  1.01288E+00  1.01019E+00  1.01087E+00
  1.00718E+00  1.00418E+00  1.00260E+00  1.00696E+00  1.01364E+00  1.00999E+00
  1.02778E+00  9.96882E-01  9.79985E-01  9.80601E-01  9.84238E-01  9.95597E-01
  9.88129E-01  9.86713E-01  9.82148E-01  9.99253E-01  9.92442E-01  9.97219E-01
  1.00566E+00  9.92682E-01  9.99250E-01  9.96854E-01  1.00415E+00  1.01012E+00
  9.90138E-01  9.89941E-01  9.97813E-01  9.98882E-01  1.00564E+00  1.00285E+00
  9.93993E-01  9.95766E-01  9.98859E-01  1.00894E+00  9.95152E-01
