AutoSaveFileName0058.ASC
 IFORMY    0    .00
 (6E13.7)
 IFORMT    0    .00
 (6E13.7)
 IFORMW    0    .00
 (6E13.7)
 NINTT     0   -1.00
 DOUSNQ    0    1.00
 IQUAD     0    1.00
 PRWT      0    1.00
 PRY       0    1.00
 IPLRES    1    3.00
 IPLRES    2    3.00
 IPRINT    1    0.00
 IPRINT    2    2.00
 IPLFIT    1    0.00
 IPLFIT    2    0.00
 LINEPG    0   50.
 NONNEG    1    1.00
 IWT       0    5.00
 NQPROG    1    5.00
 NQPROG    2    5.00
 GMNMX     1    2.30044E-02
 GMNMX     2    8.25800E-03
 RUSER    10    -1.00
 NG        0    500.00
 NLINF     0    1.00
 IUSER    10    4.00
 RUSER    21    1.0
 RUSER    22   -1.0
 RUSER    23    0.0
 RUSER    18         291.93272
 RUSER    17         39.99800
 RUSER    19         1.03222
 RUSER    15         1.33200
 RUSER    16         632.80000
 RUSER    25         1
 RUSER    26         0
 END       0    0.00
 NY      162
  7.50000E-07  8.75000E-07  1.00000E-06  1.12500E-06  1.25000E-06  1.37500E-06
  1.50000E-06  1.62500E-06  1.75000E-06  1.87500E-06  2.00000E-06  2.25000E-06
  2.50000E-06  2.75000E-06  3.00000E-06  3.25000E-06  3.50000E-06  3.75000E-06
  4.00000E-06  4.50000E-06  5.00000E-06  5.50000E-06  6.00000E-06  6.50000E-06
  7.00000E-06  7.50000E-06  8.00000E-06  9.00000E-06  1.00000E-05  1.10000E-05
  1.20000E-05  1.30000E-05  1.40000E-05  1.50000E-05  1.60000E-05  1.80000E-05
  2.00000E-05  2.20000E-05  2.40000E-05  2.60000E-05  2.80000E-05  3.00000E-05
  3.20000E-05  3.60000E-05  4.00000E-05  4.40000E-05  4.80000E-05  5.20000E-05
  5.60000E-05  6.00000E-05  6.40000E-05  7.20000E-05  8.00000E-05  8.80000E-05
  9.60000E-05  1.04000E-04  1.12000E-04  1.20000E-04  1.28000E-04  1.44000E-04
  1.60000E-04  1.76000E-04  1.92000E-04  2.08000E-04  2.24000E-04  2.40000E-04
  2.56000E-04  2.88000E-04  3.20000E-04  3.52000E-04  3.84000E-04  4.16000E-04
  4.48000E-04  4.80000E-04  5.12000E-04  5.76000E-04  6.40000E-04  7.04000E-04
  7.68000E-04  8.32000E-04  8.96000E-04  9.60000E-04  1.02400E-03  1.15200E-03
  1.28000E-03  1.40800E-03  1.53600E-03  1.66400E-03  1.79200E-03  1.92000E-03
  2.01600E-03  2.27200E-03  2.52800E-03  2.78400E-03  3.04000E-03  3.29600E-03
  3.55200E-03  3.80800E-03  4.06400E-03  4.57600E-03  5.08800E-03  5.60000E-03
  6.11200E-03  6.62400E-03  7.13600E-03  7.64800E-03  8.16000E-03  9.18400E-03
  1.02080E-02  1.12320E-02  1.22560E-02  1.32800E-02  1.43040E-02  1.53280E-02
  1.63520E-02  1.84000E-02  2.04480E-02  2.24960E-02  2.45440E-02  2.65920E-02
  2.86400E-02  3.06880E-02  3.27360E-02  3.68320E-02  4.09280E-02  4.50240E-02
  4.91200E-02  5.32160E-02  5.73120E-02  6.14080E-02  6.55040E-02  7.36960E-02
  8.18880E-02  9.00800E-02  9.82720E-02  1.06464E-01  1.14656E-01  1.22848E-01
  1.31040E-01  1.47424E-01  1.63808E-01  1.80192E-01  1.96576E-01  2.12960E-01
  2.29344E-01  2.45728E-01  2.62112E-01  2.94880E-01  3.27648E-01  3.60416E-01
  3.93184E-01  4.25952E-01  4.58720E-01  4.91488E-01  5.24256E-01  5.89792E-01
  6.55328E-01  7.20864E-01  7.86400E-01  8.51936E-01  9.17472E-01  9.83008E-01
  1.00000E+00  9.97078E-01  9.96836E-01  9.97764E-01  9.95140E-01  9.96388E-01
  9.94238E-01  9.96740E-01  9.95920E-01  9.94128E-01  9.94728E-01  9.94817E-01
  9.94583E-01  9.95054E-01  9.94458E-01  9.94020E-01  9.93934E-01  9.93259E-01
  9.93312E-01  9.93636E-01  9.92777E-01  9.93087E-01  9.92595E-01  9.91885E-01
  9.92239E-01  9.90884E-01  9.90606E-01  9.89525E-01  9.89685E-01  9.88576E-01
  9.87800E-01  9.87150E-01  9.86351E-01  9.85824E-01  9.84856E-01  9.83049E-01
  9.81989E-01  9.80634E-01  9.78663E-01  9.77489E-01  9.76009E-01  9.74042E-01
  9.72774E-01  9.70296E-01  9.67275E-01  9.64492E-01  9.61639E-01  9.58718E-01
  9.55803E-01  9.52890E-01  9.50137E-01  9.44543E-01  9.38913E-01  9.33489E-01
  9.28095E-01  9.22487E-01  9.16888E-01  9.11605E-01  9.06333E-01  8.95657E-01
  8.85277E-01  8.74821E-01  8.64845E-01  8.54739E-01  8.44919E-01  8.35157E-01
  8.25647E-01  8.06683E-01  7.88361E-01  7.70319E-01  7.52988E-01  7.35903E-01
  7.19387E-01  7.03345E-01  6.87656E-01  6.57387E-01  6.28468E-01  6.00846E-01
  5.74478E-01  5.49353E-01  5.25531E-01  5.02526E-01  4.80640E-01  4.39854E-01
  4.02836E-01  3.69202E-01  3.38607E-01  3.10939E-01  2.85678E-01  2.62665E-01
  2.47548E-01  2.10262E-01  1.78777E-01  1.52215E-01  1.29731E-01  1.10488E-01
  9.42144E-02  8.06973E-02  6.96522E-02  5.18320E-02  3.95139E-02  3.06653E-02
  2.37162E-02  1.92110E-02  1.63535E-02  1.45739E-02  1.16068E-02  5.98222E-03
  3.99810E-03  3.87059E-03  6.66725E-03  9.53025E-03  8.53874E-03  5.14153E-03
  3.44701E-03  9.76882E-04 -9.04872E-04 -1.18659E-03 -1.42600E-03 -7.74192E-04
 -3.12463E-04 -1.30832E-03 -8.19767E-04 -1.94301E-03  2.30026E-03  8.67962E-04
  1.39015E-03  1.64652E-03  5.19496E-03  5.60679E-04 -1.44769E-03 -9.92640E-04
  4.13141E-05 -9.85477E-04  2.93536E-03 -1.69960E-03 -2.43873E-03 -1.63760E-03
 -4.16264E-03 -1.94598E-04 -3.14050E-04  2.39309E-03 -8.30924E-04  2.86302E-03
  3.17353E-04 -1.10619E-03  4.19223E-04  2.57084E-03  9.96666E-04  2.45382E-04
  1.65015E-03 -1.81340E-03 -6.76838E-04  2.09345E-03  1.64352E-03 -2.70180E-04
 -3.93758E-04  2.86560E-04  5.79244E-04  1.41068E-03  2.32750E-03 -3.60539E-04
