AutoSaveFileName0362.ASC
 IFORMY    0    .00
 (6E13.7)
 IFORMT    0    .00
 (6E13.7)
 IFORMW    0    .00
 (6E13.7)
 NINTT     0   -1.00
 DOUSNQ    0    1.00
 IQUAD          1.00
 PRWT      0    1.00
 PRY       0    1.00
 IPLRES    1    3.00
 IPLRES    2    3.00
 IPRINT    1    0.00
 IPRINT    2    2.00
 IPLFIT    1    0.00
 IPLFIT    2    0.00
 LINEPG    0   50.
 NONNEG    1    1.00
 IWT       0    5.00
 NQPROG    1    5.00
 NQPROG    2    5.00
 GMNMX     1    8.003E-06
 GMNMX     2    8.003E-03
 RUSER    10    -1.00
 NG        0    200.00
 NLINF     0    0.00
 IUSER    10    4.00
 RUSER    21    1.0
 RUSER    22   -1.0
 RUSER    23    0.0
 RUSER    18         292.28719
 RUSER    17         134.99900
 RUSER    19         1.02320
 RUSER    15         1.33200
 RUSER    16         632.80000
 RUSER    25         1
 RUSER    26         0
 END       0    0.00
 NY      131
  3.75000E-07  5.00000E-07  6.25000E-07  7.50000E-07  8.75000E-07  1.00000E-06
  1.12500E-06  1.25000E-06  1.37500E-06  1.50000E-06  1.62500E-06  1.75000E-06
  1.87500E-06  2.00000E-06  2.25000E-06  2.50000E-06  2.75000E-06  3.00000E-06
  3.25000E-06  3.50000E-06  3.75000E-06  4.00000E-06  4.50000E-06  5.00000E-06
  5.50000E-06  6.00000E-06  6.50000E-06  7.00000E-06  7.50000E-06  8.00000E-06
  9.00000E-06  1.00000E-05  1.10000E-05  1.20000E-05  1.30000E-05  1.40000E-05
  1.50000E-05  1.60000E-05  1.80000E-05  2.00000E-05  2.20000E-05  2.40000E-05
  2.60000E-05  2.80000E-05  3.00000E-05  3.20000E-05  3.60000E-05  4.00000E-05
  4.40000E-05  4.80000E-05  5.20000E-05  5.60000E-05  6.00000E-05  6.40000E-05
  7.20000E-05  8.00000E-05  8.80000E-05  9.60000E-05  1.04000E-04  1.12000E-04
  1.20000E-04  1.28000E-04  1.44000E-04  1.60000E-04  1.76000E-04  1.92000E-04
  2.08000E-04  2.24000E-04  2.40000E-04  2.56000E-04  2.88000E-04  3.20000E-04
  3.52000E-04  3.84000E-04  4.16000E-04  4.48000E-04  4.80000E-04  5.12000E-04
  5.76000E-04  6.40000E-04  7.04000E-04  7.68000E-04  8.32000E-04  8.96000E-04
  9.60000E-04  1.02400E-03  1.15200E-03  1.28000E-03  1.40800E-03  1.53600E-03
  1.66400E-03  1.79200E-03  1.92000E-03  2.01600E-03  2.27200E-03  2.52800E-03
  2.78400E-03  3.04000E-03  3.29600E-03  3.55200E-03  3.80800E-03  4.06400E-03
  4.57600E-03  5.08800E-03  5.60000E-03  6.11200E-03  6.62400E-03  7.13600E-03
  7.64800E-03  8.16000E-03  9.18400E-03  1.02080E-02  1.12320E-02  1.22560E-02
  1.32800E-02  1.43040E-02  1.53280E-02  1.63520E-02  1.84000E-02  2.04480E-02
  2.24960E-02  2.45440E-02  2.65920E-02  2.86400E-02  3.06880E-02  3.27360E-02
  3.68320E-02  4.09280E-02  4.50240E-02  4.91200E-02  5.32160E-02
  2.30861E+00  2.30519E+00  2.30456E+00  2.29846E+00  2.29660E+00  2.29208E+00
  2.29196E+00  2.29090E+00  2.29214E+00  2.28331E+00  2.29428E+00  2.29222E+00
  2.29871E+00  2.30272E+00  2.29393E+00  2.29225E+00  2.29168E+00  2.28946E+00
  2.28797E+00  2.29309E+00  2.28703E+00  2.28851E+00  2.28554E+00  2.28883E+00
  2.28692E+00  2.28796E+00  2.28870E+00  2.28021E+00  2.28294E+00  2.28109E+00
  2.28104E+00  2.27582E+00  2.27726E+00  2.27157E+00  2.27050E+00  2.27283E+00
  2.27152E+00  2.26690E+00  2.26124E+00  2.26003E+00  2.25632E+00  2.24965E+00
  2.24905E+00  2.24266E+00  2.23924E+00  2.23657E+00  2.22995E+00  2.22276E+00
  2.21415E+00  2.20658E+00  2.19968E+00  2.19301E+00  2.18502E+00  2.17848E+00
  2.16406E+00  2.15029E+00  2.13610E+00  2.12217E+00  2.10912E+00  2.09402E+00
  2.08067E+00  2.06727E+00  2.03995E+00  2.01403E+00  1.98799E+00  1.96117E+00
  1.93692E+00  1.91112E+00  1.88692E+00  1.86315E+00  1.81616E+00  1.77000E+00
  1.72453E+00  1.68072E+00  1.63792E+00  1.59616E+00  1.55593E+00  1.47139E+00
  1.39897E+00  1.33042E+00  1.26626E+00  1.20468E+00  1.14618E+00  1.09074E+00
  1.03747E+00  8.61460E-01  7.80834E-01  7.08527E-01  6.43084E-01  5.84780E-01
  5.31755E-01  4.83860E-01  4.40059E-01  4.93149E-01  4.11684E-01  3.45032E-01
  2.91680E-01  2.49298E-01  2.15498E-01  1.87441E-01  1.66437E-01  1.49397E-01
  1.21547E-01  1.00766E-01  8.31888E-02  6.33658E-02  4.38538E-02  3.00085E-02
  2.03861E-02  1.49120E-02  2.81952E-03 -6.74506E-03 -4.17971E-03  5.59265E-03
  8.98055E-03  7.46355E-03  1.51886E-02  1.77697E-02  1.69571E-02  2.10415E-02
  6.11539E-03  9.27792E-04  1.23570E-02  2.15104E-03 -1.65357E-03 -2.89954E-03
 -2.12474E-03  8.23099E-03  8.68014E-03  1.57959E-02  3.29179E-03
