AutoSaveFileName0130.ASC
 IFORMY    0    .00
 (6E13.7)
 IFORMT    0    .00
 (6E13.7)
 IFORMW    0    .00
 (6E13.7)
 NINTT     0   -1.00
 DOUSNQ    0    1.00
 IQUAD     0    1.00
 PRWT      0    1.00
 PRY       0    1.00
 IPLRES    1    3.00
 IPLRES    2    3.00
 IPRINT    1    0.00
 IPRINT    2    2.00
 IPLFIT    1    0.00
 IPLFIT    2    0.00
 LINEPG    0   50.
 NONNEG    1    1.00
 IWT       0    5.00
 NQPROG    1    5.00
 NQPROG    2    5.00
 GMNMX     1    6.50208E-03
 GMNMX     2    2.33408E-03
 RUSER    10    -1.00
 NG        0    500.00
 NLINF     0    1.00
 IUSER    10    4.00
 RUSER    21    1.0
 RUSER    22   -1.0
 RUSER    23    0.0
 RUSER    18         291.98935
 RUSER    17         79.99900
 RUSER    19         1.03077
 RUSER    15         1.33200
 RUSER    16         632.80000
 RUSER    25         1
 RUSER    26         0
 END       0    0.00
 NY      162
  7.50000E-07  8.75000E-07  1.00000E-06  1.12500E-06  1.25000E-06  1.37500E-06
  1.50000E-06  1.62500E-06  1.75000E-06  1.87500E-06  2.00000E-06  2.25000E-06
  2.50000E-06  2.75000E-06  3.00000E-06  3.25000E-06  3.50000E-06  3.75000E-06
  4.00000E-06  4.50000E-06  5.00000E-06  5.50000E-06  6.00000E-06  6.50000E-06
  7.00000E-06  7.50000E-06  8.00000E-06  9.00000E-06  1.00000E-05  1.10000E-05
  1.20000E-05  1.30000E-05  1.40000E-05  1.50000E-05  1.60000E-05  1.80000E-05
  2.00000E-05  2.20000E-05  2.40000E-05  2.60000E-05  2.80000E-05  3.00000E-05
  3.20000E-05  3.60000E-05  4.00000E-05  4.40000E-05  4.80000E-05  5.20000E-05
  5.60000E-05  6.00000E-05  6.40000E-05  7.20000E-05  8.00000E-05  8.80000E-05
  9.60000E-05  1.04000E-04  1.12000E-04  1.20000E-04  1.28000E-04  1.44000E-04
  1.60000E-04  1.76000E-04  1.92000E-04  2.08000E-04  2.24000E-04  2.40000E-04
  2.56000E-04  2.88000E-04  3.20000E-04  3.52000E-04  3.84000E-04  4.16000E-04
  4.48000E-04  4.80000E-04  5.12000E-04  5.76000E-04  6.40000E-04  7.04000E-04
  7.68000E-04  8.32000E-04  8.96000E-04  9.60000E-04  1.02400E-03  1.15200E-03
  1.28000E-03  1.40800E-03  1.53600E-03  1.66400E-03  1.79200E-03  1.92000E-03
  2.01600E-03  2.27200E-03  2.52800E-03  2.78400E-03  3.04000E-03  3.29600E-03
  3.55200E-03  3.80800E-03  4.06400E-03  4.57600E-03  5.08800E-03  5.60000E-03
  6.11200E-03  6.62400E-03  7.13600E-03  7.64800E-03  8.16000E-03  9.18400E-03
  1.02080E-02  1.12320E-02  1.22560E-02  1.32800E-02  1.43040E-02  1.53280E-02
  1.63520E-02  1.84000E-02  2.04480E-02  2.24960E-02  2.45440E-02  2.65920E-02
  2.86400E-02  3.06880E-02  3.27360E-02  3.68320E-02  4.09280E-02  4.50240E-02
  4.91200E-02  5.32160E-02  5.73120E-02  6.14080E-02  6.55040E-02  7.36960E-02
  8.18880E-02  9.00800E-02  9.82720E-02  1.06464E-01  1.14656E-01  1.22848E-01
  1.31040E-01  1.47424E-01  1.63808E-01  1.80192E-01  1.96576E-01  2.12960E-01
  2.29344E-01  2.45728E-01  2.62112E-01  2.94880E-01  3.27648E-01  3.60416E-01
  3.93184E-01  4.25952E-01  4.58720E-01  4.91488E-01  5.24256E-01  5.89792E-01
  6.55328E-01  7.20864E-01  7.86400E-01  8.51936E-01  9.17472E-01  9.83008E-01
  9.95585E-01  9.94804E-01  9.95633E-01  9.97770E-01  9.93355E-01  9.99857E-01
  9.91333E-01  9.92888E-01  1.00000E+00  9.90514E-01  9.91591E-01  9.96200E-01
  9.88192E-01  9.94957E-01  9.90961E-01  9.89241E-01  9.83706E-01  9.92649E-01
  9.87832E-01  9.86625E-01  9.82873E-01  9.88525E-01  9.83448E-01  9.78183E-01
  9.79549E-01  9.77099E-01  9.76343E-01  9.74521E-01  9.73686E-01  9.71409E-01
  9.66383E-01  9.64336E-01  9.59576E-01  9.59788E-01  9.56531E-01  9.50813E-01
  9.45374E-01  9.41699E-01  9.34783E-01  9.32225E-01  9.28769E-01  9.21952E-01
  9.16988E-01  9.07134E-01  8.95714E-01  8.88441E-01  8.76792E-01  8.68015E-01
  8.59193E-01  8.49611E-01  8.39667E-01  8.22536E-01  8.05018E-01  7.88309E-01
  7.71503E-01  7.55130E-01  7.39045E-01  7.23498E-01  7.08018E-01  6.78524E-01
  6.49559E-01  6.21977E-01  5.95886E-01  5.70599E-01  5.47279E-01  5.23893E-01
  5.02373E-01  4.61332E-01  4.22997E-01  3.88348E-01  3.55497E-01  3.25600E-01
  2.98444E-01  2.72953E-01  2.49934E-01  2.09731E-01  1.76100E-01  1.48402E-01
  1.24328E-01  1.05052E-01  8.90252E-02  7.58342E-02  6.45878E-02  4.63607E-02
  3.36230E-02  2.46595E-02  1.68902E-02  1.03549E-02  5.03219E-03  1.49511E-03
  6.69514E-04 -3.09430E-03 -1.05648E-04  2.08268E-03  2.05369E-03  9.35388E-04
 -7.08132E-05  3.08076E-03  3.37074E-03  5.04893E-03  4.29664E-03 -2.58498E-03
 -2.96803E-03 -1.60169E-03  2.54367E-03  1.88716E-03 -1.03416E-03 -1.91941E-04
  1.27650E-03  5.01812E-03  2.50544E-03 -2.46107E-04  1.26201E-03  3.16931E-03
  6.07780E-03  3.26354E-03 -6.71534E-04 -3.82480E-03 -3.60567E-03 -1.95600E-03
 -3.11883E-03 -2.17919E-03  3.55465E-04 -1.74062E-03 -1.70425E-03 -1.66282E-03
  3.79562E-03  1.83542E-03  1.60402E-03  1.86734E-03  8.96851E-04  7.77880E-04
 -1.34133E-03 -1.48678E-04 -3.01329E-03 -9.07618E-04 -2.50675E-03  6.40743E-04
 -1.18641E-04 -2.54594E-04 -1.16878E-03 -7.50677E-04  9.46485E-04  8.14252E-04
 -7.11084E-04 -4.57703E-04  1.45585E-04  3.28799E-04  4.35792E-04 -6.61102E-04
  4.87096E-04  7.59859E-05 -7.15095E-04 -1.66375E-05  4.25688E-04  3.23104E-04
 -4.40965E-05 -1.46050E-04 -5.22225E-04 -9.52705E-04 -1.51957E-04 -9.22717E-04
