AutoSaveFileName0251.ASC
 IFORMY    0    .00
 (6E13.7)
 IFORMT    0    .00
 (6E13.7)
 IFORMW    0    .00
 (6E13.7)
 NINTT     0   -1.00
 DOUSNQ    0    1.00
 IQUAD     0    1.00
 PRWT      0    1.00
 PRY       0    1.00
 IPLRES    1    3.00
 IPLRES    2    3.00
 IPRINT    1    0.00
 IPRINT    2    2.00
 IPLFIT    1    0.00
 IPLFIT    2    0.00
 LINEPG    0   50.
 NONNEG    1    1.00
 IWT       0    5.00
 NQPROG    1    5.00
 NQPROG    2    5.00
 GMNMX     1    3.03019E-03
 GMNMX     2    1.08776E-03
 RUSER    10    -1.00
 NG        0    500.00
 NLINF     0    1.00
 IUSER    10    4.00
 RUSER    21    1.0
 RUSER    22   -1.0
 RUSER    23    0.0
 RUSER    18         292.13151
 RUSER    17         139.99900
 RUSER    19         1.02715
 RUSER    15         1.33200
 RUSER    16         632.80000
 RUSER    25         1
 RUSER    26         0
 END       0    0.00
 NY      162
  7.50000E-07  8.75000E-07  1.00000E-06  1.12500E-06  1.25000E-06  1.37500E-06
  1.50000E-06  1.62500E-06  1.75000E-06  1.87500E-06  2.00000E-06  2.25000E-06
  2.50000E-06  2.75000E-06  3.00000E-06  3.25000E-06  3.50000E-06  3.75000E-06
  4.00000E-06  4.50000E-06  5.00000E-06  5.50000E-06  6.00000E-06  6.50000E-06
  7.00000E-06  7.50000E-06  8.00000E-06  9.00000E-06  1.00000E-05  1.10000E-05
  1.20000E-05  1.30000E-05  1.40000E-05  1.50000E-05  1.60000E-05  1.80000E-05
  2.00000E-05  2.20000E-05  2.40000E-05  2.60000E-05  2.80000E-05  3.00000E-05
  3.20000E-05  3.60000E-05  4.00000E-05  4.40000E-05  4.80000E-05  5.20000E-05
  5.60000E-05  6.00000E-05  6.40000E-05  7.20000E-05  8.00000E-05  8.80000E-05
  9.60000E-05  1.04000E-04  1.12000E-04  1.20000E-04  1.28000E-04  1.44000E-04
  1.60000E-04  1.76000E-04  1.92000E-04  2.08000E-04  2.24000E-04  2.40000E-04
  2.56000E-04  2.88000E-04  3.20000E-04  3.52000E-04  3.84000E-04  4.16000E-04
  4.48000E-04  4.80000E-04  5.12000E-04  5.76000E-04  6.40000E-04  7.04000E-04
  7.68000E-04  8.32000E-04  8.96000E-04  9.60000E-04  1.02400E-03  1.15200E-03
  1.28000E-03  1.40800E-03  1.53600E-03  1.66400E-03  1.79200E-03  1.92000E-03
  2.01600E-03  2.27200E-03  2.52800E-03  2.78400E-03  3.04000E-03  3.29600E-03
  3.55200E-03  3.80800E-03  4.06400E-03  4.57600E-03  5.08800E-03  5.60000E-03
  6.11200E-03  6.62400E-03  7.13600E-03  7.64800E-03  8.16000E-03  9.18400E-03
  1.02080E-02  1.12320E-02  1.22560E-02  1.32800E-02  1.43040E-02  1.53280E-02
  1.63520E-02  1.84000E-02  2.04480E-02  2.24960E-02  2.45440E-02  2.65920E-02
  2.86400E-02  3.06880E-02  3.27360E-02  3.68320E-02  4.09280E-02  4.50240E-02
  4.91200E-02  5.32160E-02  5.73120E-02  6.14080E-02  6.55040E-02  7.36960E-02
  8.18880E-02  9.00800E-02  9.82720E-02  1.06464E-01  1.14656E-01  1.22848E-01
  1.31040E-01  1.47424E-01  1.63808E-01  1.80192E-01  1.96576E-01  2.12960E-01
  2.29344E-01  2.45728E-01  2.62112E-01  2.94880E-01  3.27648E-01  3.60416E-01
  3.93184E-01  4.25952E-01  4.58720E-01  4.91488E-01  5.24256E-01  5.89792E-01
  6.55328E-01  7.20864E-01  7.86400E-01  8.51936E-01  9.17472E-01  9.83008E-01
  9.98936E-01  1.00000E+00  9.93756E-01  9.93756E-01  9.93206E-01  9.91664E-01
  9.87971E-01  9.90379E-01  9.84565E-01  9.84261E-01  9.85629E-01  9.85408E-01
  9.80968E-01  9.82014E-01  9.79337E-01  9.76917E-01  9.78279E-01  9.80179E-01
  9.77347E-01  9.72316E-01  9.65617E-01  9.67816E-01  9.62743E-01  9.62318E-01
  9.59689E-01  9.54909E-01  9.51282E-01  9.46298E-01  9.41344E-01  9.35745E-01
  9.31407E-01  9.24231E-01  9.19922E-01  9.13594E-01  9.07141E-01  8.97544E-01
  8.85019E-01  8.76337E-01  8.63998E-01  8.54807E-01  8.44272E-01  8.34413E-01
  8.24344E-01  8.05515E-01  7.85480E-01  7.66908E-01  7.50146E-01  7.31951E-01
  7.14700E-01  6.97682E-01  6.81416E-01  6.49597E-01  6.18942E-01  5.89096E-01
  5.62012E-01  5.34941E-01  5.10208E-01  4.86814E-01  4.64071E-01  4.21578E-01
  3.82906E-01  3.48192E-01  3.17037E-01  2.87989E-01  2.61844E-01  2.38521E-01
  2.17502E-01  1.80391E-01  1.49866E-01  1.24740E-01  1.04311E-01  8.70852E-02
  7.24344E-02  6.04613E-02  5.12893E-02  3.60650E-02  2.58847E-02  1.76351E-02
  1.19392E-02  8.85121E-03  7.25497E-03  5.92407E-03  4.74233E-03  3.26800E-03
  2.49308E-03  1.03475E-03  1.30281E-03  1.64650E-03 -1.57686E-04 -1.85038E-03
 -1.69350E-03 -1.07743E-04 -6.57120E-04 -3.87303E-04  8.79169E-04  5.74606E-04
 -1.07701E-03 -6.09465E-04  2.51177E-03  2.74931E-03  5.61118E-03  3.09916E-03
  3.61816E-03  2.70975E-03 -1.85216E-03 -2.53005E-04  7.35214E-04  7.04440E-04
  1.06394E-03 -2.08176E-03  8.75488E-04  1.42157E-03  9.45587E-04  2.48454E-04
 -4.04899E-04 -7.52555E-04 -5.43726E-04  2.53606E-04 -8.92112E-05 -3.63107E-04
  1.26890E-03  2.83728E-04  1.64863E-04  1.76086E-03 -1.00961E-03 -3.29829E-04
 -8.85784E-05 -2.24794E-04  1.00954E-03 -1.89343E-04  7.87631E-05 -5.70141E-04
 -5.68665E-04  5.75376E-04  8.39175E-04  1.90053E-04  1.28351E-03  6.32931E-04
  6.60896E-04  5.11938E-04  1.37056E-03 -4.08434E-05  3.38078E-04  8.26125E-04
  2.26712E-04 -3.03993E-04  2.65737E-04 -3.34491E-04  2.06697E-04  5.85461E-04
  2.19992E-04  2.75448E-04 -2.67860E-04 -2.19918E-04  4.38316E-04 -1.92379E-04
  1.78229E-04 -2.91823E-05  3.82749E-04  5.97191E-05  6.77801E-05  1.23817E-04
