AutoSaveFileName0096.ASC
 IFORMY    0    .00
 (6E13.7)
 IFORMT    0    .00
 (6E13.7)
 IFORMW    0    .00
 (6E13.7)
 NINTT     0   -1.00
 DOUSNQ    0    1.00
 IQUAD          1.00
 PRWT      0    1.00
 PRY       0    1.00
 IPLRES    1    3.00
 IPLRES    2    3.00
 IPRINT    1    0.00
 IPRINT    2    2.00
 IPLFIT    1    0.00
 IPLFIT    2    0.00
 LINEPG    0   50.
 NONNEG    1    1.00
 IWT       0    5.00
 NQPROG    1    5.00
 NQPROG    2    5.00
 GMNMX     1    2.740E-05
 GMNMX     2    2.740E-02
 RUSER    10    -1.00
 NG        0    200.00
 NLINF     0    0.00
 IUSER    10    4.00
 RUSER    21    1.0
 RUSER    22   -1.0
 RUSER    23    0.0
 RUSER    18         292.19356
 RUSER    17         59.99800
 RUSER    19         1.02557
 RUSER    15         1.33200
 RUSER    16         632.80000
 RUSER    25         1
 RUSER    26         0
 END       0    0.00
 NY      188
  5.00000E-07  6.25000E-07  7.50000E-07  8.75000E-07  1.00000E-06  1.12500E-06
  1.25000E-06  1.37500E-06  1.50000E-06  1.62500E-06  1.75000E-06  1.87500E-06
  2.00000E-06  2.25000E-06  2.50000E-06  2.75000E-06  3.00000E-06  3.25000E-06
  3.50000E-06  3.75000E-06  4.00000E-06  4.50000E-06  5.00000E-06  5.50000E-06
  6.00000E-06  6.50000E-06  7.00000E-06  7.50000E-06  8.00000E-06  9.00000E-06
  1.00000E-05  1.10000E-05  1.20000E-05  1.30000E-05  1.40000E-05  1.50000E-05
  1.60000E-05  1.80000E-05  2.00000E-05  2.20000E-05  2.40000E-05  2.60000E-05
  2.80000E-05  3.00000E-05  3.20000E-05  3.60000E-05  4.00000E-05  4.40000E-05
  4.80000E-05  5.20000E-05  5.60000E-05  6.00000E-05  6.40000E-05  7.20000E-05
  8.00000E-05  8.80000E-05  9.60000E-05  1.04000E-04  1.12000E-04  1.20000E-04
  1.28000E-04  1.44000E-04  1.60000E-04  1.76000E-04  1.92000E-04  2.08000E-04
  2.24000E-04  2.40000E-04  2.56000E-04  2.88000E-04  3.20000E-04  3.52000E-04
  3.84000E-04  4.16000E-04  4.48000E-04  4.80000E-04  5.12000E-04  5.76000E-04
  6.40000E-04  7.04000E-04  7.68000E-04  8.32000E-04  8.96000E-04  9.60000E-04
  1.02400E-03  1.15200E-03  1.28000E-03  1.40800E-03  1.53600E-03  1.66400E-03
  1.79200E-03  1.92000E-03  2.01600E-03  2.27200E-03  2.52800E-03  2.78400E-03
  3.04000E-03  3.29600E-03  3.55200E-03  3.80800E-03  4.06400E-03  4.57600E-03
  5.08800E-03  5.60000E-03  6.11200E-03  6.62400E-03  7.13600E-03  7.64800E-03
  8.16000E-03  9.18400E-03  1.02080E-02  1.12320E-02  1.22560E-02  1.32800E-02
  1.43040E-02  1.53280E-02  1.63520E-02  1.84000E-02  2.04480E-02  2.24960E-02
  2.45440E-02  2.65920E-02  2.86400E-02  3.06880E-02  3.27360E-02  3.68320E-02
  4.09280E-02  4.50240E-02  4.91200E-02  5.32160E-02  5.73120E-02  6.14080E-02
  6.55040E-02  7.36960E-02  8.18880E-02  9.00800E-02  9.82720E-02  1.06464E-01
  1.14656E-01  1.22848E-01  1.31040E-01  1.47424E-01  1.63808E-01  1.80192E-01
  1.96576E-01  2.12960E-01  2.29344E-01  2.45728E-01  2.62112E-01  2.94880E-01
  3.27648E-01  3.60416E-01  3.93184E-01  4.25952E-01  4.58720E-01  4.91488E-01
  5.24256E-01  5.89792E-01  6.55328E-01  7.20864E-01  7.86400E-01  8.51936E-01
  9.17472E-01  9.83008E-01  1.04854E+00  1.17962E+00  1.31069E+00  1.44176E+00
  1.57283E+00  1.70390E+00  1.83498E+00  1.96605E+00  2.09712E+00  2.35926E+00
  2.62141E+00  2.88355E+00  3.14570E+00  3.40784E+00  3.66998E+00  3.93213E+00
  4.19427E+00  4.71856E+00  5.24285E+00  5.76714E+00  6.29142E+00  6.81571E+00
  7.34000E+00  7.86429E+00
  9.91260E-01  9.90715E-01  9.90365E-01  9.88587E-01  9.91598E-01  9.89349E-01
  9.89583E-01  9.89013E-01  9.86648E-01  9.86135E-01  9.87379E-01  9.87477E-01
  9.88763E-01  9.86274E-01  9.87410E-01  9.87370E-01  9.86851E-01  9.86504E-01
  9.86114E-01  9.86741E-01  9.86417E-01  9.86891E-01  9.86770E-01  9.86908E-01
  9.87025E-01  9.88635E-01  9.88025E-01  9.86552E-01  9.87389E-01  9.86011E-01
  9.86135E-01  9.85929E-01  9.85525E-01  9.86009E-01  9.86332E-01  9.85800E-01
  9.85267E-01  9.85288E-01  9.85520E-01  9.85547E-01  9.85360E-01  9.84188E-01
  9.84394E-01  9.84470E-01  9.83965E-01  9.83968E-01  9.83071E-01  9.82539E-01
  9.82200E-01  9.81963E-01  9.81008E-01  9.80953E-01  9.80558E-01  9.79565E-01
  9.78194E-01  9.77341E-01  9.76579E-01  9.75685E-01  9.74642E-01  9.73912E-01
  9.72816E-01  9.70955E-01  9.68917E-01  9.67311E-01  9.65614E-01  9.63822E-01
  9.61761E-01  9.59904E-01  9.58083E-01  9.54358E-01  9.50875E-01  9.47087E-01
  9.43443E-01  9.39553E-01  9.36180E-01  9.32495E-01  9.28849E-01  9.21899E-01
  9.14615E-01  9.07727E-01  9.00593E-01  8.93683E-01  8.86881E-01  8.80166E-01
  8.70761E-01  8.57509E-01  8.44422E-01  8.31614E-01  8.19044E-01  8.06600E-01
  7.94408E-01  7.82427E-01  7.74600E-01  7.51415E-01  7.29013E-01  7.07260E-01
  6.86177E-01  6.65846E-01  6.46180E-01  6.27094E-01  6.08858E-01  5.73871E-01
  5.41023E-01  5.10390E-01  4.81962E-01  4.55407E-01  4.30520E-01  4.06865E-01
  3.84954E-01  3.44452E-01  3.08997E-01  2.77724E-01  2.49901E-01  2.25160E-01
  2.02920E-01  1.82983E-01  1.65353E-01  1.34331E-01  1.11087E-01  9.26004E-02
  7.77452E-02  6.68088E-02  5.89714E-02  5.04856E-02  4.21679E-02  2.83195E-02
  1.72809E-02  1.03036E-02  7.48994E-03  7.67968E-03  1.04712E-02  1.11142E-02
  6.16916E-03 -3.50210E-03 -3.28070E-03  1.44923E-03  9.53978E-03  3.32910E-03
  4.33101E-03  3.79298E-03  2.26497E-03 -2.60512E-03 -4.96108E-03 -6.67071E-04
  6.90613E-03  1.31709E-02 -1.67244E-03  5.16619E-03  1.50961E-03  3.04644E-03
 -1.14310E-02 -5.34033E-03 -3.30027E-03 -2.76411E-03 -1.56977E-02 -1.26834E-02
 -6.72270E-03 -6.47919E-03  1.48823E-03  8.15103E-03 -4.60769E-03 -6.58705E-04
  6.50802E-03 -3.58457E-03 -4.33020E-03  9.18515E-04  3.31513E-04 -2.58119E-03
 -7.42936E-04 -2.18244E-03  5.32283E-03 -3.30496E-04  1.78018E-03 -1.79702E-04
 -3.35231E-03 -5.05080E-03  2.89146E-03  5.14562E-03 -9.97332E-05 -2.53395E-03
  3.10983E-04 -8.11699E-04 -6.12215E-04 -3.00611E-05  3.96369E-05  4.95886E-04
 -1.65538E-03 -2.81854E-03
