AutoSaveFileName0096.ASC
 IFORMY    0    .00
 (6E13.7)
 IFORMT    0    .00
 (6E13.7)
 IFORMW    0    .00
 (6E13.7)
 NINTT     0   -1.00
 DOUSNQ    0    1.00
 IQUAD     0    1.00
 PRWT      0    1.00
 PRY       0    1.00
 IPLRES    1    3.00
 IPLRES    2    3.00
 IPRINT    1    0.00
 IPRINT    2    2.00
 IPLFIT    1    0.00
 IPLFIT    2    0.00
 LINEPG    0   50.
 NONNEG    1    1.00
 IWT       0    5.00
 NQPROG    1    5.00
 NQPROG    2    5.00
 GMNMX     1    1.07545E-02
 GMNMX     2    3.86060E-03
 RUSER    10    -1.00
 NG        0    500.00
 NLINF     0    1.00
 IUSER    10    4.00
 RUSER    21    1.0
 RUSER    22   -1.0
 RUSER    23    0.0
 RUSER    18         291.96175
 RUSER    17         59.99900
 RUSER    19         1.03148
 RUSER    15         1.33200
 RUSER    16         632.80000
 RUSER    25         1
 RUSER    26         0
 END       0    0.00
 NY      162
  7.50000E-07  8.75000E-07  1.00000E-06  1.12500E-06  1.25000E-06  1.37500E-06
  1.50000E-06  1.62500E-06  1.75000E-06  1.87500E-06  2.00000E-06  2.25000E-06
  2.50000E-06  2.75000E-06  3.00000E-06  3.25000E-06  3.50000E-06  3.75000E-06
  4.00000E-06  4.50000E-06  5.00000E-06  5.50000E-06  6.00000E-06  6.50000E-06
  7.00000E-06  7.50000E-06  8.00000E-06  9.00000E-06  1.00000E-05  1.10000E-05
  1.20000E-05  1.30000E-05  1.40000E-05  1.50000E-05  1.60000E-05  1.80000E-05
  2.00000E-05  2.20000E-05  2.40000E-05  2.60000E-05  2.80000E-05  3.00000E-05
  3.20000E-05  3.60000E-05  4.00000E-05  4.40000E-05  4.80000E-05  5.20000E-05
  5.60000E-05  6.00000E-05  6.40000E-05  7.20000E-05  8.00000E-05  8.80000E-05
  9.60000E-05  1.04000E-04  1.12000E-04  1.20000E-04  1.28000E-04  1.44000E-04
  1.60000E-04  1.76000E-04  1.92000E-04  2.08000E-04  2.24000E-04  2.40000E-04
  2.56000E-04  2.88000E-04  3.20000E-04  3.52000E-04  3.84000E-04  4.16000E-04
  4.48000E-04  4.80000E-04  5.12000E-04  5.76000E-04  6.40000E-04  7.04000E-04
  7.68000E-04  8.32000E-04  8.96000E-04  9.60000E-04  1.02400E-03  1.15200E-03
  1.28000E-03  1.40800E-03  1.53600E-03  1.66400E-03  1.79200E-03  1.92000E-03
  2.01600E-03  2.27200E-03  2.52800E-03  2.78400E-03  3.04000E-03  3.29600E-03
  3.55200E-03  3.80800E-03  4.06400E-03  4.57600E-03  5.08800E-03  5.60000E-03
  6.11200E-03  6.62400E-03  7.13600E-03  7.64800E-03  8.16000E-03  9.18400E-03
  1.02080E-02  1.12320E-02  1.22560E-02  1.32800E-02  1.43040E-02  1.53280E-02
  1.63520E-02  1.84000E-02  2.04480E-02  2.24960E-02  2.45440E-02  2.65920E-02
  2.86400E-02  3.06880E-02  3.27360E-02  3.68320E-02  4.09280E-02  4.50240E-02
  4.91200E-02  5.32160E-02  5.73120E-02  6.14080E-02  6.55040E-02  7.36960E-02
  8.18880E-02  9.00800E-02  9.82720E-02  1.06464E-01  1.14656E-01  1.22848E-01
  1.31040E-01  1.47424E-01  1.63808E-01  1.80192E-01  1.96576E-01  2.12960E-01
  2.29344E-01  2.45728E-01  2.62112E-01  2.94880E-01  3.27648E-01  3.60416E-01
  3.93184E-01  4.25952E-01  4.58720E-01  4.91488E-01  5.24256E-01  5.89792E-01
  6.55328E-01  7.20864E-01  7.86400E-01  8.51936E-01  9.17472E-01  9.83008E-01
  1.00000E+00  9.98271E-01  9.94885E-01  9.96420E-01  9.96452E-01  9.96733E-01
  9.94854E-01  9.94801E-01  9.97687E-01  9.98009E-01  9.96365E-01  9.94299E-01
  9.92975E-01  9.94071E-01  9.92834E-01  9.93245E-01  9.92558E-01  9.90664E-01
  9.90380E-01  9.89908E-01  9.88099E-01  9.88056E-01  9.88090E-01  9.86922E-01
  9.86848E-01  9.85649E-01  9.84372E-01  9.83341E-01  9.81735E-01  9.80793E-01
  9.78795E-01  9.77093E-01  9.75261E-01  9.73837E-01  9.72566E-01  9.68880E-01
  9.65478E-01  9.62218E-01  9.59558E-01  9.56125E-01  9.53424E-01  9.50082E-01
  9.46782E-01  9.41081E-01  9.34765E-01  9.28579E-01  9.22452E-01  9.16707E-01
  9.10638E-01  9.04623E-01  8.98900E-01  8.87155E-01  8.75736E-01  8.64288E-01
  8.53221E-01  8.42637E-01  8.31487E-01  8.20793E-01  8.10335E-01  7.89666E-01
  7.69681E-01  7.49919E-01  7.30887E-01  7.12430E-01  6.94303E-01  6.76661E-01
  6.59691E-01  6.26857E-01  5.95729E-01  5.66373E-01  5.38384E-01  5.11815E-01
  4.86686E-01  4.62870E-01  4.40673E-01  3.98984E-01  3.61178E-01  3.27188E-01
  2.96405E-01  2.68224E-01  2.43147E-01  2.20511E-01  2.00589E-01  1.65216E-01
  1.36487E-01  1.13168E-01  9.42054E-02  7.87203E-02  6.56746E-02  5.47681E-02
  4.82773E-02  3.39618E-02  2.41077E-02  1.73383E-02  1.24271E-02  9.51712E-03
  7.85403E-03  6.88448E-03  6.15380E-03  4.78123E-03  3.17621E-03  7.89852E-04
 -1.78505E-03 -1.54007E-03  5.77457E-05  1.71886E-03 -1.25149E-04 -9.03163E-04
  8.57156E-04  6.34342E-04  2.92484E-03  3.89173E-03  1.44819E-03  3.38917E-04
 -4.16506E-04 -2.21015E-03 -2.39883E-03  2.23475E-04  1.43372E-03 -1.01541E-03
 -3.34824E-03 -3.37577E-03 -2.27343E-03  2.27430E-04  2.07152E-04 -3.71502E-03
 -8.55882E-04  1.53394E-03  6.60975E-04 -2.04011E-04 -6.14869E-04  3.29186E-04
  1.09263E-03  1.64285E-03 -2.32305E-03  1.47473E-03 -1.00814E-03 -1.72140E-04
  1.11385E-04  1.15319E-03  9.65809E-04 -2.08283E-04  1.20069E-04 -3.88013E-05
 -1.43822E-03  4.03653E-05  2.91285E-05 -7.94839E-04 -4.26147E-04  7.91726E-04
 -1.05162E-04 -3.30510E-04 -3.43252E-04  1.59322E-04 -3.74686E-04 -8.20652E-05
  1.55314E-05  3.76657E-04  3.70232E-04 -3.87631E-04 -1.02517E-03 -1.08389E-03
