AutoSaveFileName0210.ASC
 IFORMY    0    .00
 (6E13.7)
 IFORMT    0    .00
 (6E13.7)
 IFORMW    0    .00
 (6E13.7)
 NINTT     0   -1.00
 DOUSNQ    0    1.00
 IQUAD     0    1.00
 PRWT      0    1.00
 PRY       0    1.00
 IPLRES    1    3.00
 IPLRES    2    3.00
 IPRINT    1    0.00
 IPRINT    2    2.00
 IPLFIT    1    0.00
 IPLFIT    2    0.00
 LINEPG    0   50.
 NONNEG    1    1.00
 IWT       0    5.00
 NQPROG    1    5.00
 NQPROG    2    5.00
 GMNMX     1    3.57275E-03
 GMNMX     2    1.28253E-03
 RUSER    10    -1.00
 NG        0    500.00
 NLINF     0    1.00
 IUSER    10    4.00
 RUSER    21    1.0
 RUSER    22   -1.0
 RUSER    23    0.0
 RUSER    18         292.08067
 RUSER    17         119.99900
 RUSER    19         1.02844
 RUSER    15         1.33200
 RUSER    16         632.80000
 RUSER    25         1
 RUSER    26         0
 END       0    0.00
 NY      162
  7.50000E-07  8.75000E-07  1.00000E-06  1.12500E-06  1.25000E-06  1.37500E-06
  1.50000E-06  1.62500E-06  1.75000E-06  1.87500E-06  2.00000E-06  2.25000E-06
  2.50000E-06  2.75000E-06  3.00000E-06  3.25000E-06  3.50000E-06  3.75000E-06
  4.00000E-06  4.50000E-06  5.00000E-06  5.50000E-06  6.00000E-06  6.50000E-06
  7.00000E-06  7.50000E-06  8.00000E-06  9.00000E-06  1.00000E-05  1.10000E-05
  1.20000E-05  1.30000E-05  1.40000E-05  1.50000E-05  1.60000E-05  1.80000E-05
  2.00000E-05  2.20000E-05  2.40000E-05  2.60000E-05  2.80000E-05  3.00000E-05
  3.20000E-05  3.60000E-05  4.00000E-05  4.40000E-05  4.80000E-05  5.20000E-05
  5.60000E-05  6.00000E-05  6.40000E-05  7.20000E-05  8.00000E-05  8.80000E-05
  9.60000E-05  1.04000E-04  1.12000E-04  1.20000E-04  1.28000E-04  1.44000E-04
  1.60000E-04  1.76000E-04  1.92000E-04  2.08000E-04  2.24000E-04  2.40000E-04
  2.56000E-04  2.88000E-04  3.20000E-04  3.52000E-04  3.84000E-04  4.16000E-04
  4.48000E-04  4.80000E-04  5.12000E-04  5.76000E-04  6.40000E-04  7.04000E-04
  7.68000E-04  8.32000E-04  8.96000E-04  9.60000E-04  1.02400E-03  1.15200E-03
  1.28000E-03  1.40800E-03  1.53600E-03  1.66400E-03  1.79200E-03  1.92000E-03
  2.01600E-03  2.27200E-03  2.52800E-03  2.78400E-03  3.04000E-03  3.29600E-03
  3.55200E-03  3.80800E-03  4.06400E-03  4.57600E-03  5.08800E-03  5.60000E-03
  6.11200E-03  6.62400E-03  7.13600E-03  7.64800E-03  8.16000E-03  9.18400E-03
  1.02080E-02  1.12320E-02  1.22560E-02  1.32800E-02  1.43040E-02  1.53280E-02
  1.63520E-02  1.84000E-02  2.04480E-02  2.24960E-02  2.45440E-02  2.65920E-02
  2.86400E-02  3.06880E-02  3.27360E-02  3.68320E-02  4.09280E-02  4.50240E-02
  4.91200E-02  5.32160E-02  5.73120E-02  6.14080E-02  6.55040E-02  7.36960E-02
  8.18880E-02  9.00800E-02  9.82720E-02  1.06464E-01  1.14656E-01  1.22848E-01
  1.31040E-01  1.47424E-01  1.63808E-01  1.80192E-01  1.96576E-01  2.12960E-01
  2.29344E-01  2.45728E-01  2.62112E-01  2.94880E-01  3.27648E-01  3.60416E-01
  3.93184E-01  4.25952E-01  4.58720E-01  4.91488E-01  5.24256E-01  5.89792E-01
  6.55328E-01  7.20864E-01  7.86400E-01  8.51936E-01  9.17472E-01  9.83008E-01
  1.00000E+00  9.91170E-01  9.94208E-01  9.88416E-01  9.99420E-01  9.95237E-01
  9.98380E-01  9.91493E-01  9.93980E-01  9.94332E-01  9.94949E-01  9.87266E-01
  9.86522E-01  9.84746E-01  9.91120E-01  9.82470E-01  9.85508E-01  9.89748E-01
  9.79649E-01  9.77364E-01  9.75779E-01  9.72534E-01  9.72922E-01  9.67632E-01
  9.67413E-01  9.68739E-01  9.60044E-01  9.56156E-01  9.51320E-01  9.44649E-01
  9.42135E-01  9.34844E-01  9.35823E-01  9.26816E-01  9.23521E-01  9.14984E-01
  9.05824E-01  8.95304E-01  8.86702E-01  8.77348E-01  8.67799E-01  8.62357E-01
  8.52863E-01  8.36091E-01  8.18874E-01  8.02747E-01  7.88647E-01  7.70987E-01
  7.55296E-01  7.41526E-01  7.25741E-01  6.97690E-01  6.69854E-01  6.43518E-01
  6.19593E-01  5.94340E-01  5.71080E-01  5.48712E-01  5.26975E-01  4.88026E-01
  4.49495E-01  4.15039E-01  3.83521E-01  3.53502E-01  3.26372E-01  3.00697E-01
  2.78353E-01  2.36865E-01  2.00771E-01  1.70163E-01  1.45384E-01  1.24395E-01
  1.06064E-01  9.03276E-02  7.68771E-02  5.63456E-02  4.19029E-02  3.10617E-02
  2.21556E-02  1.59238E-02  1.15322E-02  8.80399E-03  7.64301E-03  5.42172E-03
  4.87006E-03  3.74030E-03  4.51088E-03  3.57584E-03  4.99845E-04 -2.38491E-03
 -9.10368E-04 -1.62937E-03 -4.68104E-03 -4.06491E-03 -4.62427E-03 -2.64219E-03
 -1.44435E-03 -1.51943E-04  1.16540E-03  1.06764E-03 -3.07301E-03  1.93026E-03
  4.29329E-03  8.43650E-03  5.13881E-03  6.41393E-03  4.95813E-03  3.13341E-03
  8.94940E-04 -1.57374E-03 -1.02938E-03 -1.87965E-03 -1.69295E-04  1.43672E-03
  5.52493E-04 -3.81937E-03 -2.80903E-06 -2.06145E-03 -2.68726E-03 -1.53920E-03
 -9.45205E-04  1.15122E-03  8.85929E-04  2.74853E-03 -5.71120E-04  2.27460E-03
  5.18361E-04  2.36774E-03 -1.26082E-03 -2.10521E-03 -2.25704E-03  2.19269E-04
  8.10672E-04 -2.96402E-04 -1.08594E-03 -8.27956E-04  1.05665E-03  8.73470E-04
 -2.39234E-04 -8.53969E-04 -1.98298E-04 -6.85934E-04  3.52535E-05 -2.76009E-04
  1.89739E-04 -8.59875E-04 -2.15738E-04 -6.21781E-04  8.24153E-04  2.12843E-04
  7.96527E-04 -4.30439E-04  2.22836E-05  4.84629E-04  4.64055E-05  6.17485E-05
 -5.51844E-05 -1.61025E-04 -8.09418E-05 -7.87254E-06  1.17535E-05  3.53347E-04
