AutoSaveFileName0173.ASC
 IFORMY    0    .00
 (6E13.7)
 IFORMT    0    .00
 (6E13.7)
 IFORMW    0    .00
 (6E13.7)
 NINTT     0   -1.00
 DOUSNQ    0    1.00
 IQUAD          1.00
 PRWT      0    1.00
 PRY       0    1.00
 IPLRES    1    3.00
 IPLRES    2    3.00
 IPRINT    1    0.00
 IPRINT    2    2.00
 IPLFIT    1    0.00
 IPLFIT    2    0.00
 LINEPG    0   50.
 NONNEG    1    1.00
 IWT       0    5.00
 NQPROG    1    5.00
 NQPROG    2    5.00
 GMNMX     1    1.166E-05
 GMNMX     2    1.166E-02
 RUSER    10    -1.00
 NG        0    200.00
 NLINF     0    0.00
 IUSER    10    4.00
 RUSER    21    1.0
 RUSER    22   -1.0
 RUSER    23    0.0
 RUSER    18         292.22552
 RUSER    17         99.99900
 RUSER    19         1.02476
 RUSER    15         1.33200
 RUSER    16         632.80000
 RUSER    25         1
 RUSER    26         0
 END       0    0.00
 NY      188
  5.00000E-07  6.25000E-07  7.50000E-07  8.75000E-07  1.00000E-06  1.12500E-06
  1.25000E-06  1.37500E-06  1.50000E-06  1.62500E-06  1.75000E-06  1.87500E-06
  2.00000E-06  2.25000E-06  2.50000E-06  2.75000E-06  3.00000E-06  3.25000E-06
  3.50000E-06  3.75000E-06  4.00000E-06  4.50000E-06  5.00000E-06  5.50000E-06
  6.00000E-06  6.50000E-06  7.00000E-06  7.50000E-06  8.00000E-06  9.00000E-06
  1.00000E-05  1.10000E-05  1.20000E-05  1.30000E-05  1.40000E-05  1.50000E-05
  1.60000E-05  1.80000E-05  2.00000E-05  2.20000E-05  2.40000E-05  2.60000E-05
  2.80000E-05  3.00000E-05  3.20000E-05  3.60000E-05  4.00000E-05  4.40000E-05
  4.80000E-05  5.20000E-05  5.60000E-05  6.00000E-05  6.40000E-05  7.20000E-05
  8.00000E-05  8.80000E-05  9.60000E-05  1.04000E-04  1.12000E-04  1.20000E-04
  1.28000E-04  1.44000E-04  1.60000E-04  1.76000E-04  1.92000E-04  2.08000E-04
  2.24000E-04  2.40000E-04  2.56000E-04  2.88000E-04  3.20000E-04  3.52000E-04
  3.84000E-04  4.16000E-04  4.48000E-04  4.80000E-04  5.12000E-04  5.76000E-04
  6.40000E-04  7.04000E-04  7.68000E-04  8.32000E-04  8.96000E-04  9.60000E-04
  1.02400E-03  1.15200E-03  1.28000E-03  1.40800E-03  1.53600E-03  1.66400E-03
  1.79200E-03  1.92000E-03  2.01600E-03  2.27200E-03  2.52800E-03  2.78400E-03
  3.04000E-03  3.29600E-03  3.55200E-03  3.80800E-03  4.06400E-03  4.57600E-03
  5.08800E-03  5.60000E-03  6.11200E-03  6.62400E-03  7.13600E-03  7.64800E-03
  8.16000E-03  9.18400E-03  1.02080E-02  1.12320E-02  1.22560E-02  1.32800E-02
  1.43040E-02  1.53280E-02  1.63520E-02  1.84000E-02  2.04480E-02  2.24960E-02
  2.45440E-02  2.65920E-02  2.86400E-02  3.06880E-02  3.27360E-02  3.68320E-02
  4.09280E-02  4.50240E-02  4.91200E-02  5.32160E-02  5.73120E-02  6.14080E-02
  6.55040E-02  7.36960E-02  8.18880E-02  9.00800E-02  9.82720E-02  1.06464E-01
  1.14656E-01  1.22848E-01  1.31040E-01  1.47424E-01  1.63808E-01  1.80192E-01
  1.96576E-01  2.12960E-01  2.29344E-01  2.45728E-01  2.62112E-01  2.94880E-01
  3.27648E-01  3.60416E-01  3.93184E-01  4.25952E-01  4.58720E-01  4.91488E-01
  5.24256E-01  5.89792E-01  6.55328E-01  7.20864E-01  7.86400E-01  8.51936E-01
  9.17472E-01  9.83008E-01  1.04854E+00  1.17962E+00  1.31069E+00  1.44176E+00
  1.57283E+00  1.70390E+00  1.83498E+00  1.96605E+00  2.09712E+00  2.35926E+00
  2.62141E+00  2.88355E+00  3.14570E+00  3.40784E+00  3.66998E+00  3.93213E+00
  4.19427E+00  4.71856E+00  5.24285E+00  5.76714E+00  6.29142E+00  6.81571E+00
  7.34000E+00  7.86429E+00
  9.95947E-01  9.94613E-01  9.93010E-01  9.92075E-01  9.90692E-01  9.90654E-01
  9.89986E-01  9.91332E-01  9.87614E-01  9.91696E-01  9.92019E-01  9.89744E-01
  9.90510E-01  9.90638E-01  9.89882E-01  9.90836E-01  9.90155E-01  9.90105E-01
  9.90067E-01  9.90202E-01  9.90547E-01  9.89744E-01  9.89424E-01  9.88263E-01
  9.88762E-01  9.88169E-01  9.88339E-01  9.88574E-01  9.88000E-01  9.88088E-01
  9.87241E-01  9.86927E-01  9.87241E-01  9.86259E-01  9.86074E-01  9.85289E-01
  9.85754E-01  9.85490E-01  9.85001E-01  9.83611E-01  9.83576E-01  9.82619E-01
  9.82949E-01  9.81936E-01  9.81101E-01  9.80003E-01  9.79407E-01  9.77929E-01
  9.76351E-01  9.75573E-01  9.74321E-01  9.73339E-01  9.72085E-01  9.69935E-01
  9.67674E-01  9.64511E-01  9.62510E-01  9.60069E-01  9.58033E-01  9.55601E-01
  9.52859E-01  9.48367E-01  9.44062E-01  9.39237E-01  9.34491E-01  9.29794E-01
  9.25461E-01  9.20712E-01  9.16316E-01  9.07472E-01  8.98741E-01  8.89766E-01
  8.81135E-01  8.72266E-01  8.63701E-01  8.55444E-01  8.47155E-01  8.30722E-01
  8.14631E-01  7.98741E-01  7.83239E-01  7.67948E-01  7.52971E-01  7.38132E-01
  7.17545E-01  6.89724E-01  6.63025E-01  6.37507E-01  6.12898E-01  5.89164E-01
  5.66466E-01  5.44769E-01  5.32979E-01  4.93249E-01  4.56320E-01  4.22061E-01
  3.90239E-01  3.61091E-01  3.33872E-01  3.08815E-01  2.86237E-01  2.45586E-01
  2.11669E-01  1.81917E-01  1.56415E-01  1.34759E-01  1.16499E-01  1.00772E-01
  8.68219E-02  6.29789E-02  4.46196E-02  3.26891E-02  2.39330E-02  1.80519E-02
  1.48439E-02  1.26491E-02  9.99727E-03  3.50399E-03 -4.47673E-03 -6.83211E-03
 -3.17696E-03 -5.59815E-04  1.56995E-03 -5.99282E-04 -3.58368E-03 -1.92051E-03
 -1.11556E-03 -1.02733E-03  3.25922E-04 -3.81891E-03 -2.84756E-03  6.47637E-04
  4.86494E-03  4.67532E-03  6.35929E-03  2.16416E-03 -6.29061E-03 -4.95068E-03
  3.79281E-03  6.87797E-03  5.96895E-03  2.97982E-03  7.35518E-03 -1.19531E-02
 -5.73371E-03 -1.35567E-03 -8.06656E-03  3.58854E-03  8.79855E-04  8.98801E-04
 -2.58891E-03  5.08380E-03  2.10533E-04 -4.46142E-03 -4.53386E-04 -3.59334E-04
  3.31914E-03  1.04355E-03  3.57458E-04  1.86006E-03 -3.26487E-04  5.18610E-04
  4.09549E-03  1.61455E-03  2.18662E-04 -2.25645E-03  3.50176E-03  3.04864E-04
  2.41227E-04 -1.17502E-03  2.52842E-03 -3.78167E-03 -1.08289E-03  2.37216E-03
  9.65120E-04 -3.34176E-04 -1.24023E-03  2.98097E-04  1.47109E-04  1.80780E-03
 -1.26732E-03  1.07181E-03  1.77277E-03 -3.32997E-03  8.90995E-04  1.55711E-05
  1.08937E-03  1.37160E-03
