AutoSaveFileName0104.ASC
 IFORMY    0    .00
 (6E13.7)
 IFORMT    0    .00
 (6E13.7)
 IFORMW    0    .00
 (6E13.7)
 NINTT     0   -1.00
 DOUSNQ    0    1.00
 IQUAD          1.00
 PRWT      0    1.00
 PRY       0    1.00
 IPLRES    1    3.00
 IPLRES    2    3.00
 IPRINT    1    0.00
 IPRINT    2    2.00
 IPLFIT    1    0.00
 IPLFIT    2    0.00
 LINEPG    0   50.
 NONNEG    1    1.00
 IWT       0    5.00
 NQPROG    1    5.00
 NQPROG    2    5.00
 GMNMX     1    4.016E-05
 GMNMX     2    4.016E-02
 RUSER    10    -1.00
 NG        0    200.00
 NLINF     0    0.00
 IUSER    10    4.00
 RUSER    21    1.0
 RUSER    22   -1.0
 RUSER    23    0.0
 RUSER    18         291.89827
 RUSER    17         48.99900
 RUSER    19         1.03310
 RUSER    15         1.33200
 RUSER    16         632.80000
 RUSER    25         1
 RUSER    26         0
 END       0    0.00
 NY      131
  3.75000E-07  5.00000E-07  6.25000E-07  7.50000E-07  8.75000E-07  1.00000E-06
  1.12500E-06  1.25000E-06  1.37500E-06  1.50000E-06  1.62500E-06  1.75000E-06
  1.87500E-06  2.00000E-06  2.25000E-06  2.50000E-06  2.75000E-06  3.00000E-06
  3.25000E-06  3.50000E-06  3.75000E-06  4.00000E-06  4.50000E-06  5.00000E-06
  5.50000E-06  6.00000E-06  6.50000E-06  7.00000E-06  7.50000E-06  8.00000E-06
  9.00000E-06  1.00000E-05  1.10000E-05  1.20000E-05  1.30000E-05  1.40000E-05
  1.50000E-05  1.60000E-05  1.80000E-05  2.00000E-05  2.20000E-05  2.40000E-05
  2.60000E-05  2.80000E-05  3.00000E-05  3.20000E-05  3.60000E-05  4.00000E-05
  4.40000E-05  4.80000E-05  5.20000E-05  5.60000E-05  6.00000E-05  6.40000E-05
  7.20000E-05  8.00000E-05  8.80000E-05  9.60000E-05  1.04000E-04  1.12000E-04
  1.20000E-04  1.28000E-04  1.44000E-04  1.60000E-04  1.76000E-04  1.92000E-04
  2.08000E-04  2.24000E-04  2.40000E-04  2.56000E-04  2.88000E-04  3.20000E-04
  3.52000E-04  3.84000E-04  4.16000E-04  4.48000E-04  4.80000E-04  5.12000E-04
  5.76000E-04  6.40000E-04  7.04000E-04  7.68000E-04  8.32000E-04  8.96000E-04
  9.60000E-04  1.02400E-03  1.15200E-03  1.28000E-03  1.40800E-03  1.53600E-03
  1.66400E-03  1.79200E-03  1.92000E-03  2.01600E-03  2.27200E-03  2.52800E-03
  2.78400E-03  3.04000E-03  3.29600E-03  3.55200E-03  3.80800E-03  4.06400E-03
  4.57600E-03  5.08800E-03  5.60000E-03  6.11200E-03  6.62400E-03  7.13600E-03
  7.64800E-03  8.16000E-03  9.18400E-03  1.02080E-02  1.12320E-02  1.22560E-02
  1.32800E-02  1.43040E-02  1.53280E-02  1.63520E-02  1.84000E-02  2.04480E-02
  2.24960E-02  2.45440E-02  2.65920E-02  2.86400E-02  3.06880E-02  3.27360E-02
  3.68320E-02  4.09280E-02  4.50240E-02  4.91200E-02  5.32160E-02
  2.33212E+00  2.32354E+00  2.31106E+00  2.33221E+00  2.32349E+00  2.32188E+00
  2.32545E+00  2.30703E+00  2.32759E+00  2.31842E+00  2.32757E+00  2.32031E+00
  2.31291E+00  2.31394E+00  2.31850E+00  2.31467E+00  2.31420E+00  2.32085E+00
  2.31549E+00  2.31349E+00  2.31576E+00  2.31357E+00  2.31631E+00  2.31609E+00
  2.31042E+00  2.31651E+00  2.31063E+00  2.31864E+00  2.31898E+00  2.31248E+00
  2.31419E+00  2.31095E+00  2.31263E+00  2.31060E+00  2.31126E+00  2.31433E+00
  2.31032E+00  2.30858E+00  2.31094E+00  2.31090E+00  2.30716E+00  2.30601E+00
  2.30615E+00  2.30647E+00  2.30480E+00  2.30329E+00  2.30042E+00  2.30248E+00
  2.30094E+00  2.29710E+00  2.29573E+00  2.29051E+00  2.29006E+00  2.29071E+00
  2.28733E+00  2.28366E+00  2.28024E+00  2.27798E+00  2.27572E+00  2.27212E+00
  2.26881E+00  2.26594E+00  2.25919E+00  2.25163E+00  2.24632E+00  2.23857E+00
  2.23291E+00  2.22703E+00  2.21947E+00  2.21398E+00  2.20167E+00  2.18936E+00
  2.17644E+00  2.16411E+00  2.15105E+00  2.13944E+00  2.12616E+00  2.10843E+00
  2.08417E+00  2.06059E+00  2.03609E+00  2.01402E+00  1.99067E+00  1.96796E+00
  1.94500E+00  1.92259E+00  1.87877E+00  1.83599E+00  1.79410E+00  1.75304E+00
  1.71249E+00  1.67258E+00  1.63369E+00  1.60851E+00  1.53485E+00  1.46539E+00
  1.39893E+00  1.33510E+00  1.27448E+00  1.21684E+00  1.16255E+00  1.11170E+00
  1.01597E+00  9.29405E-01  8.50667E-01  7.79871E-01  7.14543E-01  6.55532E-01
  6.02968E-01  5.57051E-01  4.77092E-01  4.11636E-01  3.50635E-01  2.99366E-01
  2.58976E-01  2.22822E-01  1.91688E-01  1.64301E-01  1.17646E-01  8.14479E-02
  4.42849E-02  1.46775E-02  4.52442E-04 -6.14036E-03 -7.88852E-03  5.76989E-04
 -5.26197E-04 -6.42483E-03  2.11686E-03  1.33591E-02 -3.56439E-03
