AutoSaveFileName0345.ASC
 IFORMY    0    .00
 (6E13.7)
 IFORMT    0    .00
 (6E13.7)
 IFORMW    0    .00
 (6E13.7)
 NINTT     0   -1.00
 DOUSNQ    0    1.00
 IQUAD          1.00
 PRWT      0    1.00
 PRY       0    1.00
 IPLRES    1    3.00
 IPLRES    2    3.00
 IPRINT    1    0.00
 IPRINT    2    2.00
 IPLFIT    1    0.00
 IPLFIT    2    0.00
 LINEPG    0   50.
 NONNEG    1    1.00
 IWT       0    5.00
 NQPROG    1    5.00
 NQPROG    2    5.00
 GMNMX     1    8.323E-06
 GMNMX     2    8.323E-03
 RUSER    10    -1.00
 NG        0    200.00
 NLINF     0    0.00
 IUSER    10    4.00
 RUSER    21    1.0
 RUSER    22   -1.0
 RUSER    23    0.0
 RUSER    18         292.25807
 RUSER    17         129.99900
 RUSER    19         1.02394
 RUSER    15         1.33200
 RUSER    16         632.80000
 RUSER    25         1
 RUSER    26         0
 END       0    0.00
 NY      131
  3.75000E-07  5.00000E-07  6.25000E-07  7.50000E-07  8.75000E-07  1.00000E-06
  1.12500E-06  1.25000E-06  1.37500E-06  1.50000E-06  1.62500E-06  1.75000E-06
  1.87500E-06  2.00000E-06  2.25000E-06  2.50000E-06  2.75000E-06  3.00000E-06
  3.25000E-06  3.50000E-06  3.75000E-06  4.00000E-06  4.50000E-06  5.00000E-06
  5.50000E-06  6.00000E-06  6.50000E-06  7.00000E-06  7.50000E-06  8.00000E-06
  9.00000E-06  1.00000E-05  1.10000E-05  1.20000E-05  1.30000E-05  1.40000E-05
  1.50000E-05  1.60000E-05  1.80000E-05  2.00000E-05  2.20000E-05  2.40000E-05
  2.60000E-05  2.80000E-05  3.00000E-05  3.20000E-05  3.60000E-05  4.00000E-05
  4.40000E-05  4.80000E-05  5.20000E-05  5.60000E-05  6.00000E-05  6.40000E-05
  7.20000E-05  8.00000E-05  8.80000E-05  9.60000E-05  1.04000E-04  1.12000E-04
  1.20000E-04  1.28000E-04  1.44000E-04  1.60000E-04  1.76000E-04  1.92000E-04
  2.08000E-04  2.24000E-04  2.40000E-04  2.56000E-04  2.88000E-04  3.20000E-04
  3.52000E-04  3.84000E-04  4.16000E-04  4.48000E-04  4.80000E-04  5.12000E-04
  5.76000E-04  6.40000E-04  7.04000E-04  7.68000E-04  8.32000E-04  8.96000E-04
  9.60000E-04  1.02400E-03  1.15200E-03  1.28000E-03  1.40800E-03  1.53600E-03
  1.66400E-03  1.79200E-03  1.92000E-03  2.01600E-03  2.27200E-03  2.52800E-03
  2.78400E-03  3.04000E-03  3.29600E-03  3.55200E-03  3.80800E-03  4.06400E-03
  4.57600E-03  5.08800E-03  5.60000E-03  6.11200E-03  6.62400E-03  7.13600E-03
  7.64800E-03  8.16000E-03  9.18400E-03  1.02080E-02  1.12320E-02  1.22560E-02
  1.32800E-02  1.43040E-02  1.53280E-02  1.63520E-02  1.84000E-02  2.04480E-02
  2.24960E-02  2.45440E-02  2.65920E-02  2.86400E-02  3.06880E-02  3.27360E-02
  3.68320E-02  4.09280E-02  4.50240E-02  4.91200E-02  5.32160E-02
  8.43573E-01  8.37730E-01  8.40484E-01  8.36355E-01  8.32557E-01  8.35380E-01
  8.35035E-01  8.32346E-01  8.29509E-01  8.32815E-01  8.38153E-01  8.38313E-01
  8.31909E-01  8.30719E-01  8.32107E-01  8.32981E-01  8.32797E-01  8.31944E-01
  8.31390E-01  8.30151E-01  8.34562E-01  8.32596E-01  8.31297E-01  8.29779E-01
  8.31588E-01  8.30331E-01  8.29580E-01  8.31344E-01  8.28922E-01  8.27962E-01
  8.29819E-01  8.25584E-01  8.26811E-01  8.25703E-01  8.26371E-01  8.24748E-01
  8.25375E-01  8.22821E-01  8.21440E-01  8.20547E-01  8.19322E-01  8.17562E-01
  8.16843E-01  8.15224E-01  8.13579E-01  8.13216E-01  8.10735E-01  8.07223E-01
  8.04647E-01  8.02171E-01  7.99283E-01  7.97389E-01  7.94666E-01  7.91483E-01
  7.86073E-01  7.80566E-01  7.75506E-01  7.71036E-01  7.65953E-01  7.61022E-01
  7.55244E-01  7.50638E-01  7.40767E-01  7.30967E-01  7.21332E-01  7.12509E-01
  7.02981E-01  6.93713E-01  6.84294E-01  6.75474E-01  6.57846E-01  6.40870E-01
  6.23655E-01  6.07792E-01  5.91535E-01  5.75719E-01  5.60988E-01  5.46708E-01
  5.18535E-01  4.92160E-01  4.67043E-01  4.43193E-01  4.20419E-01  3.99190E-01
  3.79064E-01  3.58758E-01  3.24016E-01  2.92976E-01  2.64724E-01  2.39344E-01
  2.16005E-01  1.95074E-01  1.76466E-01  1.64358E-01  1.33483E-01  1.07829E-01
  8.81136E-02  7.17712E-02  5.89469E-02  4.86191E-02  4.03554E-02  3.52118E-02
  2.94299E-02  2.73749E-02  2.46007E-02  1.86084E-02  1.33139E-02  9.28705E-03
  6.99887E-03  3.23657E-03 -3.44747E-03 -2.00097E-03 -4.25478E-03 -5.21645E-03
 -1.07606E-03  4.87185E-03  1.24982E-02  1.19818E-02  6.15788E-03  6.79189E-03
  7.48547E-03  3.30836E-04 -7.36684E-03  1.40907E-03  8.40677E-03  2.12397E-03
  1.94889E-03  6.11788E-03 -1.49670E-03  9.99838E-03  2.67707E-03
