AutoSaveFileName0200.ASC
 IFORMY    0    .00
 (6E13.7)
 IFORMT    0    .00
 (6E13.7)
 IFORMW    0    .00
 (6E13.7)
 NINTT     0   -1.00
 DOUSNQ    0    1.00
 IQUAD     0    1.00
 PRWT      0    1.00
 PRY       0    1.00
 IPLRES    1    3.00
 IPLRES    2    3.00
 IPRINT    1    0.00
 IPRINT    2    2.00
 IPLFIT    1    0.00
 IPLFIT    2    0.00
 LINEPG    0   50.
 NONNEG    1    1.00
 IWT       0    5.00
 NQPROG    1    5.00
 NQPROG    2    5.00
 GMNMX     1    3.76864E-03
 GMNMX     2    1.35284E-03
 RUSER    10    -1.00
 NG        0    500.00
 NLINF     0    1.00
 IUSER    10    4.00
 RUSER    21    1.0
 RUSER    22   -1.0
 RUSER    23    0.0
 RUSER    18         292.06611
 RUSER    17         114.99900
 RUSER    19         1.02881
 RUSER    15         1.33200
 RUSER    16         632.80000
 RUSER    25         1
 RUSER    26         0
 END       0    0.00
 NY      162
  7.50000E-07  8.75000E-07  1.00000E-06  1.12500E-06  1.25000E-06  1.37500E-06
  1.50000E-06  1.62500E-06  1.75000E-06  1.87500E-06  2.00000E-06  2.25000E-06
  2.50000E-06  2.75000E-06  3.00000E-06  3.25000E-06  3.50000E-06  3.75000E-06
  4.00000E-06  4.50000E-06  5.00000E-06  5.50000E-06  6.00000E-06  6.50000E-06
  7.00000E-06  7.50000E-06  8.00000E-06  9.00000E-06  1.00000E-05  1.10000E-05
  1.20000E-05  1.30000E-05  1.40000E-05  1.50000E-05  1.60000E-05  1.80000E-05
  2.00000E-05  2.20000E-05  2.40000E-05  2.60000E-05  2.80000E-05  3.00000E-05
  3.20000E-05  3.60000E-05  4.00000E-05  4.40000E-05  4.80000E-05  5.20000E-05
  5.60000E-05  6.00000E-05  6.40000E-05  7.20000E-05  8.00000E-05  8.80000E-05
  9.60000E-05  1.04000E-04  1.12000E-04  1.20000E-04  1.28000E-04  1.44000E-04
  1.60000E-04  1.76000E-04  1.92000E-04  2.08000E-04  2.24000E-04  2.40000E-04
  2.56000E-04  2.88000E-04  3.20000E-04  3.52000E-04  3.84000E-04  4.16000E-04
  4.48000E-04  4.80000E-04  5.12000E-04  5.76000E-04  6.40000E-04  7.04000E-04
  7.68000E-04  8.32000E-04  8.96000E-04  9.60000E-04  1.02400E-03  1.15200E-03
  1.28000E-03  1.40800E-03  1.53600E-03  1.66400E-03  1.79200E-03  1.92000E-03
  2.01600E-03  2.27200E-03  2.52800E-03  2.78400E-03  3.04000E-03  3.29600E-03
  3.55200E-03  3.80800E-03  4.06400E-03  4.57600E-03  5.08800E-03  5.60000E-03
  6.11200E-03  6.62400E-03  7.13600E-03  7.64800E-03  8.16000E-03  9.18400E-03
  1.02080E-02  1.12320E-02  1.22560E-02  1.32800E-02  1.43040E-02  1.53280E-02
  1.63520E-02  1.84000E-02  2.04480E-02  2.24960E-02  2.45440E-02  2.65920E-02
  2.86400E-02  3.06880E-02  3.27360E-02  3.68320E-02  4.09280E-02  4.50240E-02
  4.91200E-02  5.32160E-02  5.73120E-02  6.14080E-02  6.55040E-02  7.36960E-02
  8.18880E-02  9.00800E-02  9.82720E-02  1.06464E-01  1.14656E-01  1.22848E-01
  1.31040E-01  1.47424E-01  1.63808E-01  1.80192E-01  1.96576E-01  2.12960E-01
  2.29344E-01  2.45728E-01  2.62112E-01  2.94880E-01  3.27648E-01  3.60416E-01
  3.93184E-01  4.25952E-01  4.58720E-01  4.91488E-01  5.24256E-01  5.89792E-01
  6.55328E-01  7.20864E-01  7.86400E-01  8.51936E-01  9.17472E-01  9.83008E-01
  9.92762E-01  9.99092E-01  1.00000E+00  9.87227E-01  9.90294E-01  9.96025E-01
  9.91347E-01  9.88404E-01  9.89355E-01  9.84605E-01  9.84918E-01  9.86761E-01
  9.84138E-01  9.84051E-01  9.81790E-01  9.84928E-01  9.83349E-01  9.78181E-01
  9.75136E-01  9.75083E-01  9.68686E-01  9.68530E-01  9.69974E-01  9.68451E-01
  9.65190E-01  9.61486E-01  9.57455E-01  9.52776E-01  9.48245E-01  9.46770E-01
  9.41874E-01  9.38840E-01  9.34702E-01  9.30436E-01  9.24247E-01  9.16224E-01
  9.06044E-01  8.97513E-01  8.90833E-01  8.80303E-01  8.71167E-01  8.63399E-01
  8.54833E-01  8.39390E-01  8.22389E-01  8.09047E-01  7.92727E-01  7.77194E-01
  7.62695E-01  7.48507E-01  7.33671E-01  7.05828E-01  6.79568E-01  6.54166E-01
  6.29762E-01  6.05788E-01  5.82979E-01  5.60169E-01  5.40224E-01  5.00707E-01
  4.64142E-01  4.29221E-01  3.97191E-01  3.68358E-01  3.42296E-01  3.16047E-01
  2.93772E-01  2.53131E-01  2.17809E-01  1.87313E-01  1.60389E-01  1.37448E-01
  1.17777E-01  1.01224E-01  8.75340E-02  6.35060E-02  4.58695E-02  3.18657E-02
  2.19911E-02  1.51117E-02  9.49060E-03  6.40362E-03  3.75954E-03  1.33104E-03
  7.02802E-04 -3.93140E-04 -1.16132E-03  7.18357E-04  1.60514E-03  1.47912E-03
  1.75156E-03  2.52396E-04 -6.66053E-04  4.85849E-04  1.71169E-04 -2.83778E-03
 -1.93861E-03 -3.42810E-03 -2.88950E-03  3.56821E-03  1.19241E-03  4.34299E-03
  1.76287E-03 -1.20733E-03 -6.37705E-04 -7.94448E-04 -3.13188E-04  8.58441E-04
  3.73181E-03  2.04663E-03  1.40419E-03 -3.67191E-04  2.23999E-03  9.37870E-04
  6.86507E-04 -2.76425E-04 -6.59202E-04  4.07424E-03  1.21477E-03  5.87167E-06
  7.23893E-04  7.24786E-04 -4.70279E-04 -1.28872E-03  6.71205E-04  1.91315E-03
  2.31564E-03 -1.42328E-03 -1.59372E-03 -1.21737E-03  1.45048E-03  4.71982E-04
 -7.27361E-04  2.87518E-04  5.09585E-06 -2.11289E-03  5.12185E-04 -1.06476E-03
  7.56788E-04  2.15802E-04 -1.19577E-03  1.18254E-03 -1.89634E-04 -1.45362E-03
 -4.05902E-04 -3.01235E-04  1.05347E-05 -2.78695E-04  1.04322E-03  2.52481E-05
 -6.62456E-04 -6.15622E-04 -7.03875E-04 -4.73533E-04 -3.70465E-05  4.43514E-04
  9.57135E-05  1.81694E-04 -1.94472E-05  4.74834E-04  3.66788E-05 -3.33720E-04
