AutoSaveFileName0289.ASC
 IFORMY    0    .00
 (6E13.7)
 IFORMT    0    .00
 (6E13.7)
 IFORMW    0    .00
 (6E13.7)
 NINTT     0   -1.00
 DOUSNQ    0    1.00
 IQUAD          1.00
 PRWT      0    1.00
 PRY       0    1.00
 IPLRES    1    3.00
 IPLRES    2    3.00
 IPRINT    1    0.00
 IPRINT    2    2.00
 IPLFIT    1    0.00
 IPLFIT    2    0.00
 LINEPG    0   50.
 NONNEG    1    1.00
 IWT       0    5.00
 NQPROG    1    5.00
 NQPROG    2    5.00
 GMNMX     1    7.172E-06
 GMNMX     2    7.172E-03
 RUSER    10    -1.00
 NG        0    200.00
 NLINF     0    0.00
 IUSER    10    4.00
 RUSER    21    1.0
 RUSER    22   -1.0
 RUSER    23    0.0
 RUSER    18         292.25815
 RUSER    17         154.99900
 RUSER    19         1.02394
 RUSER    15         1.33200
 RUSER    16         632.80000
 RUSER    25         1
 RUSER    26         0
 END       0    0.00
 NY      188
  5.00000E-07  6.25000E-07  7.50000E-07  8.75000E-07  1.00000E-06  1.12500E-06
  1.25000E-06  1.37500E-06  1.50000E-06  1.62500E-06  1.75000E-06  1.87500E-06
  2.00000E-06  2.25000E-06  2.50000E-06  2.75000E-06  3.00000E-06  3.25000E-06
  3.50000E-06  3.75000E-06  4.00000E-06  4.50000E-06  5.00000E-06  5.50000E-06
  6.00000E-06  6.50000E-06  7.00000E-06  7.50000E-06  8.00000E-06  9.00000E-06
  1.00000E-05  1.10000E-05  1.20000E-05  1.30000E-05  1.40000E-05  1.50000E-05
  1.60000E-05  1.80000E-05  2.00000E-05  2.20000E-05  2.40000E-05  2.60000E-05
  2.80000E-05  3.00000E-05  3.20000E-05  3.60000E-05  4.00000E-05  4.40000E-05
  4.80000E-05  5.20000E-05  5.60000E-05  6.00000E-05  6.40000E-05  7.20000E-05
  8.00000E-05  8.80000E-05  9.60000E-05  1.04000E-04  1.12000E-04  1.20000E-04
  1.28000E-04  1.44000E-04  1.60000E-04  1.76000E-04  1.92000E-04  2.08000E-04
  2.24000E-04  2.40000E-04  2.56000E-04  2.88000E-04  3.20000E-04  3.52000E-04
  3.84000E-04  4.16000E-04  4.48000E-04  4.80000E-04  5.12000E-04  5.76000E-04
  6.40000E-04  7.04000E-04  7.68000E-04  8.32000E-04  8.96000E-04  9.60000E-04
  1.02400E-03  1.15200E-03  1.28000E-03  1.40800E-03  1.53600E-03  1.66400E-03
  1.79200E-03  1.92000E-03  2.01600E-03  2.27200E-03  2.52800E-03  2.78400E-03
  3.04000E-03  3.29600E-03  3.55200E-03  3.80800E-03  4.06400E-03  4.57600E-03
  5.08800E-03  5.60000E-03  6.11200E-03  6.62400E-03  7.13600E-03  7.64800E-03
  8.16000E-03  9.18400E-03  1.02080E-02  1.12320E-02  1.22560E-02  1.32800E-02
  1.43040E-02  1.53280E-02  1.63520E-02  1.84000E-02  2.04480E-02  2.24960E-02
  2.45440E-02  2.65920E-02  2.86400E-02  3.06880E-02  3.27360E-02  3.68320E-02
  4.09280E-02  4.50240E-02  4.91200E-02  5.32160E-02  5.73120E-02  6.14080E-02
  6.55040E-02  7.36960E-02  8.18880E-02  9.00800E-02  9.82720E-02  1.06464E-01
  1.14656E-01  1.22848E-01  1.31040E-01  1.47424E-01  1.63808E-01  1.80192E-01
  1.96576E-01  2.12960E-01  2.29344E-01  2.45728E-01  2.62112E-01  2.94880E-01
  3.27648E-01  3.60416E-01  3.93184E-01  4.25952E-01  4.58720E-01  4.91488E-01
  5.24256E-01  5.89792E-01  6.55328E-01  7.20864E-01  7.86400E-01  8.51936E-01
  9.17472E-01  9.83008E-01  1.04854E+00  1.17962E+00  1.31069E+00  1.44176E+00
  1.57283E+00  1.70390E+00  1.83498E+00  1.96605E+00  2.09712E+00  2.35926E+00
  2.62141E+00  2.88355E+00  3.14570E+00  3.40784E+00  3.66998E+00  3.93213E+00
  4.19427E+00  4.71856E+00  5.24285E+00  5.76714E+00  6.29142E+00  6.81571E+00
  7.34000E+00  7.86429E+00
  9.95522E-01  9.93716E-01  9.92931E-01  9.90477E-01  9.91055E-01  9.88971E-01
  9.90849E-01  9.89994E-01  9.88175E-01  9.88729E-01  9.91097E-01  9.87433E-01
  9.88546E-01  9.88916E-01  9.88820E-01  9.89907E-01  9.88600E-01  9.86849E-01
  9.87229E-01  9.87695E-01  9.87512E-01  9.86985E-01  9.87214E-01  9.87718E-01
  9.87357E-01  9.86809E-01  9.86610E-01  9.86039E-01  9.85176E-01  9.85668E-01
  9.85141E-01  9.84647E-01  9.83882E-01  9.83668E-01  9.83524E-01  9.83337E-01
  9.83200E-01  9.81896E-01  9.81077E-01  9.80471E-01  9.80110E-01  9.79045E-01
  9.78072E-01  9.77092E-01  9.76296E-01  9.74005E-01  9.72416E-01  9.70515E-01
  9.68863E-01  9.67562E-01  9.65997E-01  9.63969E-01  9.62545E-01  9.59116E-01
  9.55514E-01  9.52493E-01  9.49237E-01  9.45479E-01  9.42218E-01  9.38738E-01
  9.35455E-01  9.29047E-01  9.22437E-01  9.15926E-01  9.09478E-01  9.03030E-01
  8.96880E-01  8.90373E-01  8.83967E-01  8.71574E-01  8.59214E-01  8.47140E-01
  8.35329E-01  8.23654E-01  8.12156E-01  8.00897E-01  7.89894E-01  7.68160E-01
  7.47035E-01  7.26512E-01  7.06710E-01  6.87472E-01  6.69001E-01  6.51100E-01
  6.33756E-01  6.00782E-01  5.69930E-01  5.40635E-01  5.13157E-01  4.87310E-01
  4.63122E-01  4.40226E-01  4.24398E-01  3.84304E-01  3.48502E-01  3.16969E-01
  2.88790E-01  2.63799E-01  2.41573E-01  2.21577E-01  2.04271E-01  1.74178E-01
  1.50160E-01  1.30823E-01  1.14971E-01  1.01960E-01  9.06626E-02  8.15359E-02
  7.40179E-02  6.10746E-02  5.10326E-02  4.45135E-02  4.12229E-02  3.89691E-02
  3.63034E-02  3.37784E-02  3.22701E-02  3.00212E-02  2.74118E-02  2.37832E-02
  2.12769E-02  2.16686E-02  2.21261E-02  1.84538E-02  1.86634E-02  1.40571E-02
  1.02055E-02  8.43975E-03  6.91099E-03  6.11075E-03  4.56541E-03  2.31983E-03
  1.53113E-03 -4.36396E-03  2.87074E-04  1.58923E-04 -2.68419E-04 -2.09259E-03
  3.61235E-03 -1.74802E-03  1.10152E-03  1.71390E-03 -1.47898E-03 -6.96442E-04
 -1.08776E-03  1.98652E-04  2.29705E-03 -1.33677E-03 -3.09111E-04 -5.00333E-03
 -2.48320E-03  1.99494E-04 -1.03563E-03 -2.46834E-03 -6.37582E-04  7.05232E-04
 -2.84412E-03 -2.57460E-03 -1.38232E-03 -2.09158E-03  5.81767E-04  3.92900E-03
  8.37586E-04  1.96464E-03  1.34039E-03  9.89223E-04 -5.41741E-04 -2.46589E-03
 -2.46365E-03 -2.29838E-04 -2.37373E-03 -1.30547E-03 -4.27528E-04 -2.47637E-03
 -2.94868E-04 -5.63174E-04 -9.56306E-04 -6.67091E-04 -5.81866E-04  3.96334E-04
 -8.47898E-05  4.88090E-04 -6.14814E-04  1.37779E-03 -8.44812E-05  3.53690E-04
 -3.74585E-04 -9.17812E-04
