AutoSaveFileName0169.ASC
 IFORMY    0    .00
 (6E13.7)
 IFORMT    0    .00
 (6E13.7)
 IFORMW    0    .00
 (6E13.7)
 NINTT     0   -1.00
 DOUSNQ    0    1.00
 IQUAD          1.00
 PRWT      0    1.00
 PRY       0    1.00
 IPLRES    1    3.00
 IPLRES    2    3.00
 IPRINT    1    0.00
 IPRINT    2    2.00
 IPLFIT    1    0.00
 IPLFIT    2    0.00
 LINEPG    0   50.
 NONNEG    1    1.00
 IWT       0    5.00
 NQPROG    1    5.00
 NQPROG    2    5.00
 GMNMX     1    1.259E-05
 GMNMX     2    1.259E-02
 RUSER    10    -1.00
 NG        0    200.00
 NLINF     0    0.00
 IUSER    10    4.00
 RUSER    21    1.0
 RUSER    22   -1.0
 RUSER    23    0.0
 RUSER    18         292.22358
 RUSER    17         94.99900
 RUSER    19         1.02481
 RUSER    15         1.33200
 RUSER    16         632.80000
 RUSER    25         1
 RUSER    26         0
 END       0    0.00
 NY      188
  5.00000E-07  6.25000E-07  7.50000E-07  8.75000E-07  1.00000E-06  1.12500E-06
  1.25000E-06  1.37500E-06  1.50000E-06  1.62500E-06  1.75000E-06  1.87500E-06
  2.00000E-06  2.25000E-06  2.50000E-06  2.75000E-06  3.00000E-06  3.25000E-06
  3.50000E-06  3.75000E-06  4.00000E-06  4.50000E-06  5.00000E-06  5.50000E-06
  6.00000E-06  6.50000E-06  7.00000E-06  7.50000E-06  8.00000E-06  9.00000E-06
  1.00000E-05  1.10000E-05  1.20000E-05  1.30000E-05  1.40000E-05  1.50000E-05
  1.60000E-05  1.80000E-05  2.00000E-05  2.20000E-05  2.40000E-05  2.60000E-05
  2.80000E-05  3.00000E-05  3.20000E-05  3.60000E-05  4.00000E-05  4.40000E-05
  4.80000E-05  5.20000E-05  5.60000E-05  6.00000E-05  6.40000E-05  7.20000E-05
  8.00000E-05  8.80000E-05  9.60000E-05  1.04000E-04  1.12000E-04  1.20000E-04
  1.28000E-04  1.44000E-04  1.60000E-04  1.76000E-04  1.92000E-04  2.08000E-04
  2.24000E-04  2.40000E-04  2.56000E-04  2.88000E-04  3.20000E-04  3.52000E-04
  3.84000E-04  4.16000E-04  4.48000E-04  4.80000E-04  5.12000E-04  5.76000E-04
  6.40000E-04  7.04000E-04  7.68000E-04  8.32000E-04  8.96000E-04  9.60000E-04
  1.02400E-03  1.15200E-03  1.28000E-03  1.40800E-03  1.53600E-03  1.66400E-03
  1.79200E-03  1.92000E-03  2.01600E-03  2.27200E-03  2.52800E-03  2.78400E-03
  3.04000E-03  3.29600E-03  3.55200E-03  3.80800E-03  4.06400E-03  4.57600E-03
  5.08800E-03  5.60000E-03  6.11200E-03  6.62400E-03  7.13600E-03  7.64800E-03
  8.16000E-03  9.18400E-03  1.02080E-02  1.12320E-02  1.22560E-02  1.32800E-02
  1.43040E-02  1.53280E-02  1.63520E-02  1.84000E-02  2.04480E-02  2.24960E-02
  2.45440E-02  2.65920E-02  2.86400E-02  3.06880E-02  3.27360E-02  3.68320E-02
  4.09280E-02  4.50240E-02  4.91200E-02  5.32160E-02  5.73120E-02  6.14080E-02
  6.55040E-02  7.36960E-02  8.18880E-02  9.00800E-02  9.82720E-02  1.06464E-01
  1.14656E-01  1.22848E-01  1.31040E-01  1.47424E-01  1.63808E-01  1.80192E-01
  1.96576E-01  2.12960E-01  2.29344E-01  2.45728E-01  2.62112E-01  2.94880E-01
  3.27648E-01  3.60416E-01  3.93184E-01  4.25952E-01  4.58720E-01  4.91488E-01
  5.24256E-01  5.89792E-01  6.55328E-01  7.20864E-01  7.86400E-01  8.51936E-01
  9.17472E-01  9.83008E-01  1.04854E+00  1.17962E+00  1.31069E+00  1.44176E+00
  1.57283E+00  1.70390E+00  1.83498E+00  1.96605E+00  2.09712E+00  2.35926E+00
  2.62141E+00  2.88355E+00  3.14570E+00  3.40784E+00  3.66998E+00  3.93213E+00
  4.19427E+00  4.71856E+00  5.24285E+00  5.76714E+00  6.29142E+00  6.81571E+00
  7.34000E+00  7.86429E+00
  9.95333E-01  9.93791E-01  9.94448E-01  9.92890E-01  9.91607E-01  9.90161E-01
  9.91143E-01  9.90088E-01  9.90974E-01  9.91514E-01  9.91175E-01  9.88567E-01
  9.89569E-01  9.90757E-01  9.89719E-01  9.89830E-01  9.89816E-01  9.88812E-01
  9.89559E-01  9.90293E-01  9.89327E-01  9.89033E-01  9.89476E-01  9.88678E-01
  9.88987E-01  9.89281E-01  9.88859E-01  9.88722E-01  9.88279E-01  9.88594E-01
  9.88232E-01  9.87834E-01  9.86925E-01  9.87427E-01  9.86455E-01  9.85993E-01
  9.85803E-01  9.85853E-01  9.85074E-01  9.84795E-01  9.84044E-01  9.83856E-01
  9.83075E-01  9.82419E-01  9.81898E-01  9.80777E-01  9.79597E-01  9.78776E-01
  9.77581E-01  9.76501E-01  9.75477E-01  9.74311E-01  9.73326E-01  9.71204E-01
  9.68584E-01  9.66727E-01  9.64608E-01  9.62436E-01  9.60010E-01  9.58092E-01
  9.55845E-01  9.51489E-01  9.47371E-01  9.43164E-01  9.38580E-01  9.34369E-01
  9.30192E-01  9.25835E-01  9.21615E-01  9.13362E-01  9.04965E-01  8.96917E-01
  8.88687E-01  8.80616E-01  8.72703E-01  8.64754E-01  8.56961E-01  8.41430E-01
  8.26336E-01  8.11489E-01  7.97038E-01  7.82668E-01  7.68738E-01  7.55033E-01
  7.41488E-01  7.15425E-01  6.90418E-01  6.66232E-01  6.42981E-01  6.20495E-01
  5.99089E-01  5.78471E-01  5.63800E-01  5.25852E-01  4.90374E-01  4.57100E-01
  4.25937E-01  3.97267E-01  3.70803E-01  3.46166E-01  3.23633E-01  2.81799E-01
  2.45511E-01  2.14624E-01  1.87929E-01  1.64497E-01  1.43985E-01  1.26305E-01
  1.11570E-01  8.78538E-02  7.01964E-02  5.70150E-02  4.64457E-02  3.70995E-02
  2.92394E-02  2.32920E-02  1.86308E-02  1.15279E-02  7.59208E-03  5.33137E-03
  3.20061E-03  2.09152E-03  3.66729E-03  5.38226E-03  6.22039E-03 -1.90031E-04
  5.23283E-04  6.08370E-03  8.96493E-03  5.09094E-03 -1.05862E-03 -3.65576E-03
 -3.74572E-03  3.16182E-04  5.50783E-04  5.41717E-03  1.19596E-03 -8.80743E-04
  4.36274E-03  3.32455E-03  4.07356E-03  3.97261E-03 -4.17493E-04 -3.70742E-03
 -4.60662E-03  2.60853E-03 -1.68715E-03 -5.03882E-04  4.37307E-04  1.52214E-03
  3.89552E-04  3.13359E-03  4.38449E-04 -3.59298E-03  4.75752E-04  1.21663E-03
 -2.72772E-03 -8.00102E-04  3.55851E-04 -6.19397E-03 -1.16741E-03 -8.68002E-04
 -3.21624E-03 -2.88550E-03 -9.70685E-04  1.66417E-04 -5.78706E-04  1.18360E-03
 -3.21643E-03 -4.50006E-03 -3.74417E-04 -2.55930E-03 -1.64667E-03  2.32920E-04
  2.63345E-04 -2.41630E-03 -1.48827E-03 -4.45917E-04  1.16875E-04  1.07683E-04
  2.36515E-05  8.81083E-04  8.22711E-04 -1.07260E-03 -1.27078E-04 -1.12492E-03
  2.60293E-05 -9.68846E-04
