AutoSaveFileName0035.ASC
 IFORMY    0    .00
 (6E13.7)
 IFORMT    0    .00
 (6E13.7)
 IFORMW    0    .00
 (6E13.7)
 NINTT     0   -1.00
 DOUSNQ    0    1.00
 IQUAD          1.00
 PRWT      0    1.00
 PRY       0    1.00
 IPLRES    1    3.00
 IPLRES    2    3.00
 IPRINT    1    0.00
 IPRINT    2    2.00
 IPLFIT    1    0.00
 IPLFIT    2    0.00
 LINEPG    0   50.
 NONNEG    1    1.00
 IWT       0    5.00
 NQPROG    1    5.00
 NQPROG    2    5.00
 GMNMX     1    1.368E-04
 GMNMX     2    1.368E-01
 RUSER    10    -1.00
 NG        0    200.00
 NLINF     0    0.00
 IUSER    10    4.00
 RUSER    21    1.0
 RUSER    22   -1.0
 RUSER    23    0.0
 RUSER    18         291.82595
 RUSER    17         25.99900
 RUSER    19         1.03496
 RUSER    15         1.33200
 RUSER    16         632.80000
 RUSER    25         1
 RUSER    26         0
 END       0    0.00
 NY      131
  3.75000E-07  5.00000E-07  6.25000E-07  7.50000E-07  8.75000E-07  1.00000E-06
  1.12500E-06  1.25000E-06  1.37500E-06  1.50000E-06  1.62500E-06  1.75000E-06
  1.87500E-06  2.00000E-06  2.25000E-06  2.50000E-06  2.75000E-06  3.00000E-06
  3.25000E-06  3.50000E-06  3.75000E-06  4.00000E-06  4.50000E-06  5.00000E-06
  5.50000E-06  6.00000E-06  6.50000E-06  7.00000E-06  7.50000E-06  8.00000E-06
  9.00000E-06  1.00000E-05  1.10000E-05  1.20000E-05  1.30000E-05  1.40000E-05
  1.50000E-05  1.60000E-05  1.80000E-05  2.00000E-05  2.20000E-05  2.40000E-05
  2.60000E-05  2.80000E-05  3.00000E-05  3.20000E-05  3.60000E-05  4.00000E-05
  4.40000E-05  4.80000E-05  5.20000E-05  5.60000E-05  6.00000E-05  6.40000E-05
  7.20000E-05  8.00000E-05  8.80000E-05  9.60000E-05  1.04000E-04  1.12000E-04
  1.20000E-04  1.28000E-04  1.44000E-04  1.60000E-04  1.76000E-04  1.92000E-04
  2.08000E-04  2.24000E-04  2.40000E-04  2.56000E-04  2.88000E-04  3.20000E-04
  3.52000E-04  3.84000E-04  4.16000E-04  4.48000E-04  4.80000E-04  5.12000E-04
  5.76000E-04  6.40000E-04  7.04000E-04  7.68000E-04  8.32000E-04  8.96000E-04
  9.60000E-04  1.02400E-03  1.15200E-03  1.28000E-03  1.40800E-03  1.53600E-03
  1.66400E-03  1.79200E-03  1.92000E-03  2.01600E-03  2.27200E-03  2.52800E-03
  2.78400E-03  3.04000E-03  3.29600E-03  3.55200E-03  3.80800E-03  4.06400E-03
  4.57600E-03  5.08800E-03  5.60000E-03  6.11200E-03  6.62400E-03  7.13600E-03
  7.64800E-03  8.16000E-03  9.18400E-03  1.02080E-02  1.12320E-02  1.22560E-02
  1.32800E-02  1.43040E-02  1.53280E-02  1.63520E-02  1.84000E-02  2.04480E-02
  2.24960E-02  2.45440E-02  2.65920E-02  2.86400E-02  3.06880E-02  3.27360E-02
  3.68320E-02  4.09280E-02  4.50240E-02  4.91200E-02  5.32160E-02
  2.36250E+00  2.35717E+00  2.35511E+00  2.35583E+00  2.35408E+00  2.35433E+00
  2.35418E+00  2.35005E+00  2.34997E+00  2.35193E+00  2.35014E+00  2.35314E+00
  2.35290E+00  2.34925E+00  2.34966E+00  2.34586E+00  2.34842E+00  2.34883E+00
  2.34699E+00  2.34786E+00  2.34794E+00  2.34849E+00  2.34910E+00  2.34842E+00
  2.34897E+00  2.34741E+00  2.34713E+00  2.35024E+00  2.34961E+00  2.34865E+00
  2.34856E+00  2.34763E+00  2.34898E+00  2.34842E+00  2.34912E+00  2.34664E+00
  2.34663E+00  2.34636E+00  2.34719E+00  2.34661E+00  2.34626E+00  2.34802E+00
  2.34625E+00  2.34573E+00  2.34587E+00  2.34550E+00  2.34528E+00  2.34525E+00
  2.34450E+00  2.34366E+00  2.34380E+00  2.34317E+00  2.34265E+00  2.34149E+00
  2.34117E+00  2.34044E+00  2.33917E+00  2.33838E+00  2.33711E+00  2.33593E+00
  2.33468E+00  2.33399E+00  2.33231E+00  2.33044E+00  2.32806E+00  2.32596E+00
  2.32440E+00  2.32225E+00  2.32020E+00  2.31810E+00  2.31418E+00  2.31031E+00
  2.30611E+00  2.30213E+00  2.29862E+00  2.29467E+00  2.29037E+00  2.28385E+00
  2.27613E+00  2.26843E+00  2.26089E+00  2.25324E+00  2.24564E+00  2.23806E+00
  2.23059E+00  2.22099E+00  2.20601E+00  2.19094E+00  2.17585E+00  2.16110E+00
  2.14628E+00  2.13182E+00  2.11723E+00  2.11021E+00  2.08139E+00  2.05265E+00
  2.02452E+00  1.99671E+00  1.96974E+00  1.94306E+00  1.91658E+00  1.89006E+00
  1.83892E+00  1.78995E+00  1.74285E+00  1.69698E+00  1.65224E+00  1.60858E+00
  1.56580E+00  1.52312E+00  1.44090E+00  1.36146E+00  1.28568E+00  1.21578E+00
  1.14937E+00  1.08750E+00  1.03069E+00  9.76397E-01  8.78205E-01  7.93150E-01
  7.20461E-01  6.56029E-01  5.97522E-01  5.45139E-01  4.94468E-01  4.48025E-01
  3.64351E-01  2.95447E-01  2.43902E-01  2.00244E-01  1.65436E-01
