AutoSaveFileName0242.ASC
 IFORMY    0    .00
 (6E13.7)
 IFORMT    0    .00
 (6E13.7)
 IFORMW    0    .00
 (6E13.7)
 NINTT     0   -1.00
 DOUSNQ    0    1.00
 IQUAD          1.00
 PRWT      0    1.00
 PRY       0    1.00
 IPLRES    1    3.00
 IPLRES    2    3.00
 IPRINT    1    0.00
 IPRINT    2    2.00
 IPLFIT    1    0.00
 IPLFIT    2    0.00
 LINEPG    0   50.
 NONNEG    1    1.00
 IWT       0    5.00
 NQPROG    1    5.00
 NQPROG    2    5.00
 GMNMX     1    8.013E-06
 GMNMX     2    8.013E-03
 RUSER    10    -1.00
 NG        0    200.00
 NLINF     0    0.00
 IUSER    10    4.00
 RUSER    21    1.0
 RUSER    22   -1.0
 RUSER    23    0.0
 RUSER    18         292.24425
 RUSER    17         134.99900
 RUSER    19         1.02429
 RUSER    15         1.33200
 RUSER    16         632.80000
 RUSER    25         1
 RUSER    26         0
 END       0    0.00
 NY      188
  5.00000E-07  6.25000E-07  7.50000E-07  8.75000E-07  1.00000E-06  1.12500E-06
  1.25000E-06  1.37500E-06  1.50000E-06  1.62500E-06  1.75000E-06  1.87500E-06
  2.00000E-06  2.25000E-06  2.50000E-06  2.75000E-06  3.00000E-06  3.25000E-06
  3.50000E-06  3.75000E-06  4.00000E-06  4.50000E-06  5.00000E-06  5.50000E-06
  6.00000E-06  6.50000E-06  7.00000E-06  7.50000E-06  8.00000E-06  9.00000E-06
  1.00000E-05  1.10000E-05  1.20000E-05  1.30000E-05  1.40000E-05  1.50000E-05
  1.60000E-05  1.80000E-05  2.00000E-05  2.20000E-05  2.40000E-05  2.60000E-05
  2.80000E-05  3.00000E-05  3.20000E-05  3.60000E-05  4.00000E-05  4.40000E-05
  4.80000E-05  5.20000E-05  5.60000E-05  6.00000E-05  6.40000E-05  7.20000E-05
  8.00000E-05  8.80000E-05  9.60000E-05  1.04000E-04  1.12000E-04  1.20000E-04
  1.28000E-04  1.44000E-04  1.60000E-04  1.76000E-04  1.92000E-04  2.08000E-04
  2.24000E-04  2.40000E-04  2.56000E-04  2.88000E-04  3.20000E-04  3.52000E-04
  3.84000E-04  4.16000E-04  4.48000E-04  4.80000E-04  5.12000E-04  5.76000E-04
  6.40000E-04  7.04000E-04  7.68000E-04  8.32000E-04  8.96000E-04  9.60000E-04
  1.02400E-03  1.15200E-03  1.28000E-03  1.40800E-03  1.53600E-03  1.66400E-03
  1.79200E-03  1.92000E-03  2.01600E-03  2.27200E-03  2.52800E-03  2.78400E-03
  3.04000E-03  3.29600E-03  3.55200E-03  3.80800E-03  4.06400E-03  4.57600E-03
  5.08800E-03  5.60000E-03  6.11200E-03  6.62400E-03  7.13600E-03  7.64800E-03
  8.16000E-03  9.18400E-03  1.02080E-02  1.12320E-02  1.22560E-02  1.32800E-02
  1.43040E-02  1.53280E-02  1.63520E-02  1.84000E-02  2.04480E-02  2.24960E-02
  2.45440E-02  2.65920E-02  2.86400E-02  3.06880E-02  3.27360E-02  3.68320E-02
  4.09280E-02  4.50240E-02  4.91200E-02  5.32160E-02  5.73120E-02  6.14080E-02
  6.55040E-02  7.36960E-02  8.18880E-02  9.00800E-02  9.82720E-02  1.06464E-01
  1.14656E-01  1.22848E-01  1.31040E-01  1.47424E-01  1.63808E-01  1.80192E-01
  1.96576E-01  2.12960E-01  2.29344E-01  2.45728E-01  2.62112E-01  2.94880E-01
  3.27648E-01  3.60416E-01  3.93184E-01  4.25952E-01  4.58720E-01  4.91488E-01
  5.24256E-01  5.89792E-01  6.55328E-01  7.20864E-01  7.86400E-01  8.51936E-01
  9.17472E-01  9.83008E-01  1.04854E+00  1.17962E+00  1.31069E+00  1.44176E+00
  1.57283E+00  1.70390E+00  1.83498E+00  1.96605E+00  2.09712E+00  2.35926E+00
  2.62141E+00  2.88355E+00  3.14570E+00  3.40784E+00  3.66998E+00  3.93213E+00
  4.19427E+00  4.71856E+00  5.24285E+00  5.76714E+00  6.29142E+00  6.81571E+00
  7.34000E+00  7.86429E+00
  9.98817E-01  9.97720E-01  9.96174E-01  9.92965E-01  9.94304E-01  9.93056E-01
  9.96381E-01  9.92516E-01  9.92546E-01  9.91794E-01  9.93224E-01  9.92878E-01
  9.92421E-01  9.92062E-01  9.93392E-01  9.92779E-01  9.92688E-01  9.90296E-01
  9.91652E-01  9.90499E-01  9.92153E-01  9.92136E-01  9.90745E-01  9.90477E-01
  9.90382E-01  9.91725E-01  9.91026E-01  9.90564E-01  9.90300E-01  9.89575E-01
  9.89441E-01  9.89069E-01  9.89087E-01  9.87748E-01  9.88504E-01  9.87839E-01
  9.87277E-01  9.85571E-01  9.85221E-01  9.84915E-01  9.83826E-01  9.83019E-01
  9.82332E-01  9.81425E-01  9.80436E-01  9.78933E-01  9.77137E-01  9.75513E-01
  9.74083E-01  9.72067E-01  9.70555E-01  9.69532E-01  9.67480E-01  9.63986E-01
  9.60523E-01  9.57716E-01  9.54429E-01  9.51276E-01  9.48189E-01  9.44712E-01
  9.41447E-01  9.35129E-01  9.28582E-01  9.22047E-01  9.15811E-01  9.09804E-01
  9.03516E-01  8.97344E-01  8.91225E-01  8.78895E-01  8.66945E-01  8.55073E-01
  8.43430E-01  8.31994E-01  8.20834E-01  8.09558E-01  7.98558E-01  7.77038E-01
  7.56097E-01  7.35799E-01  7.16456E-01  6.97609E-01  6.79358E-01  6.61474E-01
  6.44178E-01  6.11252E-01  5.80023E-01  5.50596E-01  5.22973E-01  4.96979E-01
  4.72332E-01  4.49085E-01  4.32760E-01  3.91289E-01  3.54676E-01  3.22213E-01
  2.93493E-01  2.67522E-01  2.44191E-01  2.23182E-01  2.04840E-01  1.73665E-01
  1.49874E-01  1.30120E-01  1.12724E-01  9.69113E-02  8.39392E-02  7.34214E-02
  6.43396E-02  4.79190E-02  3.62033E-02  2.88867E-02  2.48776E-02  2.29574E-02
  1.92391E-02  1.14504E-02  6.47926E-03  4.85366E-03  7.83590E-03  2.67581E-03
  4.90834E-04  2.54087E-03 -1.27320E-03 -3.45762E-03 -1.02364E-03  6.35147E-03
  5.97074E-03  2.54273E-03  9.46344E-03  2.57562E-03  3.85592E-04  4.01835E-03
 -1.78431E-03 -9.78519E-04 -1.07999E-03 -9.97327E-04  7.46743E-03  8.80445E-03
  7.00122E-03  1.12099E-02  9.06621E-03 -7.72767E-03  6.18145E-04  4.67573E-04
 -6.70392E-04 -6.36490E-03 -3.88863E-03 -3.20846E-03 -5.82554E-03 -3.39821E-03
 -6.17894E-03 -9.69769E-04  5.40201E-03  5.89650E-03 -5.29870E-03 -3.51551E-03
 -3.36423E-03 -4.03789E-03 -3.44800E-03 -4.32980E-03  6.73921E-04 -2.14935E-03
 -3.05920E-03  1.59117E-03  9.28560E-05  1.77134E-03 -2.33450E-03  8.91596E-04
  1.93995E-03  2.40669E-03 -8.46962E-05  1.12208E-03  9.95409E-04 -7.28254E-04
 -2.09063E-04 -1.16602E-03  1.31235E-03 -1.99765E-03 -1.69367E-03 -1.45105E-03
  8.57345E-04 -2.82112E-03  2.08899E-03 -2.05227E-03  2.16429E-03  8.22480E-04
  1.99046E-03 -1.00706E-03
