AutoSaveFileName0403.ASC
 IFORMY    0    .00
 (6E13.7)
 IFORMT    0    .00
 (6E13.7)
 IFORMW    0    .00
 (6E13.7)
 NINTT     0   -1.00
 DOUSNQ    0    1.00
 IQUAD          1.00
 PRWT      0    1.00
 PRY       0    1.00
 IPLRES    1    3.00
 IPLRES    2    3.00
 IPRINT    1    0.00
 IPRINT    2    2.00
 IPLFIT    1    0.00
 IPLFIT    2    0.00
 LINEPG    0   50.
 NONNEG    1    1.00
 IWT       0    5.00
 NQPROG    1    5.00
 NQPROG    2    5.00
 GMNMX     1    7.345E-06
 GMNMX     2    7.345E-03
 RUSER    10    -1.00
 NG        0    200.00
 NLINF     0    0.00
 IUSER    10    4.00
 RUSER    21    1.0
 RUSER    22   -1.0
 RUSER    23    0.0
 RUSER    18         292.34193
 RUSER    17         148.99900
 RUSER    19         1.02182
 RUSER    15         1.33200
 RUSER    16         632.80000
 RUSER    25         1
 RUSER    26         0
 END       0    0.00
 NY      131
  3.75000E-07  5.00000E-07  6.25000E-07  7.50000E-07  8.75000E-07  1.00000E-06
  1.12500E-06  1.25000E-06  1.37500E-06  1.50000E-06  1.62500E-06  1.75000E-06
  1.87500E-06  2.00000E-06  2.25000E-06  2.50000E-06  2.75000E-06  3.00000E-06
  3.25000E-06  3.50000E-06  3.75000E-06  4.00000E-06  4.50000E-06  5.00000E-06
  5.50000E-06  6.00000E-06  6.50000E-06  7.00000E-06  7.50000E-06  8.00000E-06
  9.00000E-06  1.00000E-05  1.10000E-05  1.20000E-05  1.30000E-05  1.40000E-05
  1.50000E-05  1.60000E-05  1.80000E-05  2.00000E-05  2.20000E-05  2.40000E-05
  2.60000E-05  2.80000E-05  3.00000E-05  3.20000E-05  3.60000E-05  4.00000E-05
  4.40000E-05  4.80000E-05  5.20000E-05  5.60000E-05  6.00000E-05  6.40000E-05
  7.20000E-05  8.00000E-05  8.80000E-05  9.60000E-05  1.04000E-04  1.12000E-04
  1.20000E-04  1.28000E-04  1.44000E-04  1.60000E-04  1.76000E-04  1.92000E-04
  2.08000E-04  2.24000E-04  2.40000E-04  2.56000E-04  2.88000E-04  3.20000E-04
  3.52000E-04  3.84000E-04  4.16000E-04  4.48000E-04  4.80000E-04  5.12000E-04
  5.76000E-04  6.40000E-04  7.04000E-04  7.68000E-04  8.32000E-04  8.96000E-04
  9.60000E-04  1.02400E-03  1.15200E-03  1.28000E-03  1.40800E-03  1.53600E-03
  1.66400E-03  1.79200E-03  1.92000E-03  2.01600E-03  2.27200E-03  2.52800E-03
  2.78400E-03  3.04000E-03  3.29600E-03  3.55200E-03  3.80800E-03  4.06400E-03
  4.57600E-03  5.08800E-03  5.60000E-03  6.11200E-03  6.62400E-03  7.13600E-03
  7.64800E-03  8.16000E-03  9.18400E-03  1.02080E-02  1.12320E-02  1.22560E-02
  1.32800E-02  1.43040E-02  1.53280E-02  1.63520E-02  1.84000E-02  2.04480E-02
  2.24960E-02  2.45440E-02  2.65920E-02  2.86400E-02  3.06880E-02  3.27360E-02
  3.68320E-02  4.09280E-02  4.50240E-02  4.91200E-02  5.32160E-02
  1.36267E+00  1.35962E+00  1.35544E+00  1.35555E+00  1.35472E+00  1.35963E+00
  1.35827E+00  1.36236E+00  1.35452E+00  1.35419E+00  1.35522E+00  1.35577E+00
  1.35680E+00  1.35678E+00  1.35523E+00  1.35342E+00  1.35232E+00  1.35315E+00
  1.35154E+00  1.35251E+00  1.35086E+00  1.35224E+00  1.35174E+00  1.35358E+00
  1.35132E+00  1.35340E+00  1.35150E+00  1.34853E+00  1.34824E+00  1.34866E+00
  1.34887E+00  1.34678E+00  1.34588E+00  1.34546E+00  1.34495E+00  1.34254E+00
  1.34356E+00  1.34319E+00  1.34059E+00  1.33860E+00  1.33908E+00  1.33620E+00
  1.33565E+00  1.33439E+00  1.32994E+00  1.32929E+00  1.32613E+00  1.32315E+00
  1.32069E+00  1.31689E+00  1.31320E+00  1.31165E+00  1.30851E+00  1.30506E+00
  1.29793E+00  1.29124E+00  1.28602E+00  1.27986E+00  1.27367E+00  1.26841E+00
  1.26193E+00  1.25572E+00  1.24445E+00  1.23238E+00  1.22082E+00  1.20950E+00
  1.19845E+00  1.18762E+00  1.17700E+00  1.16672E+00  1.14523E+00  1.12522E+00
  1.10426E+00  1.08472E+00  1.06560E+00  1.04684E+00  1.02859E+00  9.68542E-01
  9.35496E-01  9.03628E-01  8.73379E-01  8.44804E-01  8.17677E-01  7.91700E-01
  7.67150E-01  7.44686E-01  7.00794E-01  6.60812E-01  6.24345E-01  5.90653E-01
  5.59990E-01  5.31246E-01  5.04983E-01  5.14009E-01  4.68560E-01  4.29053E-01
  3.95145E-01  3.65407E-01  3.38224E-01  3.14128E-01  2.93456E-01  2.76482E-01
  2.48468E-01  2.25030E-01  2.06581E-01  1.93641E-01  1.82581E-01  1.72456E-01
  1.64591E-01  1.56489E-01  1.42869E-01  1.28965E-01  1.17665E-01  1.10113E-01
  9.95111E-02  8.88718E-02  8.14572E-02  7.57688E-02  6.14472E-02  5.66219E-02
  4.66497E-02  4.12348E-02  3.81584E-02  3.46217E-02  3.05133E-02  3.03193E-02
  2.57068E-02  1.13525E-02 -1.66035E-03 -1.48373E-02 -1.96803E-02
