AutoSaveFileName0220.ASC
 IFORMY    0    .00
 (6E13.7)
 IFORMT    0    .00
 (6E13.7)
 IFORMW    0    .00
 (6E13.7)
 NINTT     0   -1.00
 DOUSNQ    0    1.00
 IQUAD     0    1.00
 PRWT      0    1.00
 PRY       0    1.00
 IPLRES    1    3.00
 IPLRES    2    3.00
 IPRINT    1    0.00
 IPRINT    2    2.00
 IPLFIT    1    0.00
 IPLFIT    2    0.00
 LINEPG    0   50.
 NONNEG    1    1.00
 IWT       0    5.00
 NQPROG    1    5.00
 NQPROG    2    5.00
 GMNMX     1    3.40441E-03
 GMNMX     2    1.22210E-03
 RUSER    10    -1.00
 NG        0    500.00
 NLINF     0    1.00
 IUSER    10    4.00
 RUSER    21    1.0
 RUSER    22   -1.0
 RUSER    23    0.0
 RUSER    18         292.09406
 RUSER    17         124.99900
 RUSER    19         1.02810
 RUSER    15         1.33200
 RUSER    16         632.80000
 RUSER    25         1
 RUSER    26         0
 END       0    0.00
 NY      162
  7.50000E-07  8.75000E-07  1.00000E-06  1.12500E-06  1.25000E-06  1.37500E-06
  1.50000E-06  1.62500E-06  1.75000E-06  1.87500E-06  2.00000E-06  2.25000E-06
  2.50000E-06  2.75000E-06  3.00000E-06  3.25000E-06  3.50000E-06  3.75000E-06
  4.00000E-06  4.50000E-06  5.00000E-06  5.50000E-06  6.00000E-06  6.50000E-06
  7.00000E-06  7.50000E-06  8.00000E-06  9.00000E-06  1.00000E-05  1.10000E-05
  1.20000E-05  1.30000E-05  1.40000E-05  1.50000E-05  1.60000E-05  1.80000E-05
  2.00000E-05  2.20000E-05  2.40000E-05  2.60000E-05  2.80000E-05  3.00000E-05
  3.20000E-05  3.60000E-05  4.00000E-05  4.40000E-05  4.80000E-05  5.20000E-05
  5.60000E-05  6.00000E-05  6.40000E-05  7.20000E-05  8.00000E-05  8.80000E-05
  9.60000E-05  1.04000E-04  1.12000E-04  1.20000E-04  1.28000E-04  1.44000E-04
  1.60000E-04  1.76000E-04  1.92000E-04  2.08000E-04  2.24000E-04  2.40000E-04
  2.56000E-04  2.88000E-04  3.20000E-04  3.52000E-04  3.84000E-04  4.16000E-04
  4.48000E-04  4.80000E-04  5.12000E-04  5.76000E-04  6.40000E-04  7.04000E-04
  7.68000E-04  8.32000E-04  8.96000E-04  9.60000E-04  1.02400E-03  1.15200E-03
  1.28000E-03  1.40800E-03  1.53600E-03  1.66400E-03  1.79200E-03  1.92000E-03
  2.01600E-03  2.27200E-03  2.52800E-03  2.78400E-03  3.04000E-03  3.29600E-03
  3.55200E-03  3.80800E-03  4.06400E-03  4.57600E-03  5.08800E-03  5.60000E-03
  6.11200E-03  6.62400E-03  7.13600E-03  7.64800E-03  8.16000E-03  9.18400E-03
  1.02080E-02  1.12320E-02  1.22560E-02  1.32800E-02  1.43040E-02  1.53280E-02
  1.63520E-02  1.84000E-02  2.04480E-02  2.24960E-02  2.45440E-02  2.65920E-02
  2.86400E-02  3.06880E-02  3.27360E-02  3.68320E-02  4.09280E-02  4.50240E-02
  4.91200E-02  5.32160E-02  5.73120E-02  6.14080E-02  6.55040E-02  7.36960E-02
  8.18880E-02  9.00800E-02  9.82720E-02  1.06464E-01  1.14656E-01  1.22848E-01
  1.31040E-01  1.47424E-01  1.63808E-01  1.80192E-01  1.96576E-01  2.12960E-01
  2.29344E-01  2.45728E-01  2.62112E-01  2.94880E-01  3.27648E-01  3.60416E-01
  3.93184E-01  4.25952E-01  4.58720E-01  4.91488E-01  5.24256E-01  5.89792E-01
  6.55328E-01  7.20864E-01  7.86400E-01  8.51936E-01  9.17472E-01  9.83008E-01
  1.00000E+00  9.91747E-01  9.89249E-01  9.89354E-01  9.85306E-01  9.92676E-01
  9.80767E-01  9.83650E-01  9.86918E-01  9.81189E-01  9.79572E-01  9.83362E-01
  9.79555E-01  9.77443E-01  9.76308E-01  9.79892E-01  9.71432E-01  9.72777E-01
  9.74618E-01  9.70644E-01  9.67389E-01  9.62370E-01  9.57830E-01  9.56814E-01
  9.56838E-01  9.51865E-01  9.50840E-01  9.45186E-01  9.41994E-01  9.35969E-01
  9.29804E-01  9.26292E-01  9.21448E-01  9.19100E-01  9.12314E-01  9.02010E-01
  8.93171E-01  8.84722E-01  8.72781E-01  8.65054E-01  8.56694E-01  8.47170E-01
  8.38047E-01  8.20866E-01  8.03357E-01  7.87011E-01  7.70437E-01  7.54713E-01
  7.39013E-01  7.23707E-01  7.09271E-01  6.79476E-01  6.51790E-01  6.25035E-01
  5.98781E-01  5.74594E-01  5.50929E-01  5.29302E-01  5.07794E-01  4.67578E-01
  4.30475E-01  3.96117E-01  3.64510E-01  3.35413E-01  3.08938E-01  2.85270E-01
  2.62710E-01  2.22910E-01  1.88880E-01  1.59231E-01  1.33574E-01  1.11920E-01
  9.27458E-02  7.70264E-02  6.53999E-02  4.66590E-02  3.25136E-02  2.20484E-02
  1.42401E-02  9.59224E-03  6.57133E-03  4.19136E-03  1.52685E-03 -2.44453E-04
 -1.76761E-03 -4.76292E-03 -4.10705E-03 -2.88725E-03 -3.15962E-03 -7.57348E-04
  9.96530E-04  3.15157E-03 -6.03694E-04 -3.04696E-03  4.07211E-05  4.83762E-03
  2.86085E-03 -6.16875E-04 -2.31911E-03 -1.59064E-03 -2.39300E-03  3.19774E-03
  1.57245E-03 -8.14774E-03 -5.04751E-03 -1.20802E-03 -4.34309E-04  2.60158E-03
  1.42426E-03 -1.28410E-03 -1.19873E-03 -4.09503E-04  1.58699E-03  2.35973E-05
  9.65979E-04  1.06117E-03 -1.07372E-03 -5.82704E-04  8.41291E-04  4.38090E-04
  1.12775E-03 -3.99505E-03 -1.65939E-03 -1.12618E-03  5.60259E-05 -1.41990E-04
  4.44006E-04  4.90287E-04 -1.61323E-03 -1.82620E-03  4.83731E-04 -1.61212E-03
  3.19346E-04  1.43648E-03  1.09978E-03  6.74975E-04 -1.11022E-04 -9.69289E-04
 -7.98361E-04  1.06501E-03 -3.18977E-04  3.31182E-04 -3.24654E-04 -1.95206E-04
 -9.26650E-04  2.28365E-04  3.08189E-04 -1.84838E-04 -2.09560E-04 -2.96444E-04
 -5.29718E-05  8.61350E-04  4.55681E-04 -1.43089E-04  2.88773E-04 -1.03803E-04
 -4.06518E-04 -6.45318E-05  1.23880E-04 -1.25331E-05 -4.89678E-05  3.65944E-04
