AutoSaveFileName0102.ASC
 IFORMY    0    .00
 (6E13.7)
 IFORMT    0    .00
 (6E13.7)
 IFORMW    0    .00
 (6E13.7)
 NINTT     0   -1.00
 DOUSNQ    0    1.00
 IQUAD          1.00
 PRWT      0    1.00
 PRY       0    1.00
 IPLRES    1    3.00
 IPLRES    2    3.00
 IPRINT    1    0.00
 IPRINT    2    2.00
 IPLFIT    1    0.00
 IPLFIT    2    0.00
 LINEPG    0   50.
 NONNEG    1    1.00
 IWT       0    5.00
 NQPROG    1    5.00
 NQPROG    2    5.00
 GMNMX     1    2.372E-05
 GMNMX     2    2.372E-02
 RUSER    10    -1.00
 NG        0    200.00
 NLINF     0    0.00
 IUSER    10    4.00
 RUSER    21    1.0
 RUSER    22   -1.0
 RUSER    23    0.0
 RUSER    18         292.19648
 RUSER    17         64.99800
 RUSER    19         1.02550
 RUSER    15         1.33200
 RUSER    16         632.80000
 RUSER    25         1
 RUSER    26         0
 END       0    0.00
 NY      188
  5.00000E-07  6.25000E-07  7.50000E-07  8.75000E-07  1.00000E-06  1.12500E-06
  1.25000E-06  1.37500E-06  1.50000E-06  1.62500E-06  1.75000E-06  1.87500E-06
  2.00000E-06  2.25000E-06  2.50000E-06  2.75000E-06  3.00000E-06  3.25000E-06
  3.50000E-06  3.75000E-06  4.00000E-06  4.50000E-06  5.00000E-06  5.50000E-06
  6.00000E-06  6.50000E-06  7.00000E-06  7.50000E-06  8.00000E-06  9.00000E-06
  1.00000E-05  1.10000E-05  1.20000E-05  1.30000E-05  1.40000E-05  1.50000E-05
  1.60000E-05  1.80000E-05  2.00000E-05  2.20000E-05  2.40000E-05  2.60000E-05
  2.80000E-05  3.00000E-05  3.20000E-05  3.60000E-05  4.00000E-05  4.40000E-05
  4.80000E-05  5.20000E-05  5.60000E-05  6.00000E-05  6.40000E-05  7.20000E-05
  8.00000E-05  8.80000E-05  9.60000E-05  1.04000E-04  1.12000E-04  1.20000E-04
  1.28000E-04  1.44000E-04  1.60000E-04  1.76000E-04  1.92000E-04  2.08000E-04
  2.24000E-04  2.40000E-04  2.56000E-04  2.88000E-04  3.20000E-04  3.52000E-04
  3.84000E-04  4.16000E-04  4.48000E-04  4.80000E-04  5.12000E-04  5.76000E-04
  6.40000E-04  7.04000E-04  7.68000E-04  8.32000E-04  8.96000E-04  9.60000E-04
  1.02400E-03  1.15200E-03  1.28000E-03  1.40800E-03  1.53600E-03  1.66400E-03
  1.79200E-03  1.92000E-03  2.01600E-03  2.27200E-03  2.52800E-03  2.78400E-03
  3.04000E-03  3.29600E-03  3.55200E-03  3.80800E-03  4.06400E-03  4.57600E-03
  5.08800E-03  5.60000E-03  6.11200E-03  6.62400E-03  7.13600E-03  7.64800E-03
  8.16000E-03  9.18400E-03  1.02080E-02  1.12320E-02  1.22560E-02  1.32800E-02
  1.43040E-02  1.53280E-02  1.63520E-02  1.84000E-02  2.04480E-02  2.24960E-02
  2.45440E-02  2.65920E-02  2.86400E-02  3.06880E-02  3.27360E-02  3.68320E-02
  4.09280E-02  4.50240E-02  4.91200E-02  5.32160E-02  5.73120E-02  6.14080E-02
  6.55040E-02  7.36960E-02  8.18880E-02  9.00800E-02  9.82720E-02  1.06464E-01
  1.14656E-01  1.22848E-01  1.31040E-01  1.47424E-01  1.63808E-01  1.80192E-01
  1.96576E-01  2.12960E-01  2.29344E-01  2.45728E-01  2.62112E-01  2.94880E-01
  3.27648E-01  3.60416E-01  3.93184E-01  4.25952E-01  4.58720E-01  4.91488E-01
  5.24256E-01  5.89792E-01  6.55328E-01  7.20864E-01  7.86400E-01  8.51936E-01
  9.17472E-01  9.83008E-01  1.04854E+00  1.17962E+00  1.31069E+00  1.44176E+00
  1.57283E+00  1.70390E+00  1.83498E+00  1.96605E+00  2.09712E+00  2.35926E+00
  2.62141E+00  2.88355E+00  3.14570E+00  3.40784E+00  3.66998E+00  3.93213E+00
  4.19427E+00  4.71856E+00  5.24285E+00  5.76714E+00  6.29142E+00  6.81571E+00
  7.34000E+00  7.86429E+00
  1.00000E+00  9.94820E-01  9.96939E-01  9.93763E-01  9.93019E-01  9.95035E-01
  9.93604E-01  9.91510E-01  9.93526E-01  9.93660E-01  9.93737E-01  9.91175E-01
  9.92164E-01  9.91532E-01  9.93466E-01  9.92452E-01  9.91669E-01  9.91334E-01
  9.91949E-01  9.90457E-01  9.91678E-01  9.92774E-01  9.91282E-01  9.90917E-01
  9.92232E-01  9.91837E-01  9.91321E-01  9.92460E-01  9.91760E-01  9.91927E-01
  9.90956E-01  9.90835E-01  9.91824E-01  9.90964E-01  9.91399E-01  9.90539E-01
  9.90582E-01  9.90289E-01  9.90328E-01  9.89542E-01  9.90642E-01  9.88910E-01
  9.89468E-01  9.89206E-01  9.88325E-01  9.88084E-01  9.87831E-01  9.87066E-01
  9.85905E-01  9.85750E-01  9.84951E-01  9.84856E-01  9.84185E-01  9.83261E-01
  9.82264E-01  9.81004E-01  9.80119E-01  9.78498E-01  9.77570E-01  9.76586E-01
  9.75562E-01  9.73276E-01  9.71113E-01  9.68943E-01  9.66780E-01  9.64549E-01
  9.62258E-01  9.60354E-01  9.57934E-01  9.53751E-01  9.49332E-01  9.45391E-01
  9.40959E-01  9.36824E-01  9.32624E-01  9.28583E-01  9.24250E-01  9.16027E-01
  9.07920E-01  8.99890E-01  8.91873E-01  8.83985E-01  8.76269E-01  8.68450E-01
  8.37780E-01  8.22941E-01  8.08437E-01  7.94183E-01  7.80260E-01  7.66569E-01
  7.53222E-01  7.40051E-01  7.49753E-01  7.24288E-01  6.99923E-01  6.76819E-01
  6.54178E-01  6.32358E-01  6.11574E-01  5.91405E-01  5.71933E-01  5.34677E-01
  4.99927E-01  4.67675E-01  4.36927E-01  4.08461E-01  3.82203E-01  3.58146E-01
  3.35539E-01  2.93746E-01  2.57476E-01  2.27538E-01  2.02055E-01  1.80265E-01
  1.61858E-01  1.46132E-01  1.31272E-01  1.04088E-01  7.78179E-02  5.86501E-02
  4.35831E-02  3.37414E-02  2.88512E-02  2.27992E-02  2.01623E-02  1.92256E-02
  2.07802E-02  2.11219E-02  1.66879E-02  1.19469E-02  5.97170E-03 -3.82170E-03
 -1.39535E-02 -2.51582E-02 -2.09418E-02 -1.14182E-02  1.89218E-03  1.09191E-02
  3.86159E-03 -1.93763E-03  5.52654E-03  9.69415E-03  1.14182E-02  7.53665E-03
  2.36019E-03 -2.81070E-03 -2.18056E-03 -7.70498E-03  4.87409E-03  4.94524E-03
 -2.32135E-03  2.75447E-03 -3.64181E-03 -1.95882E-03 -9.51409E-03 -4.99162E-03
 -1.28786E-03 -7.77165E-03 -7.16688E-03  3.14298E-03  1.92280E-03  2.65129E-03
  1.26822E-03 -2.35959E-03  5.39865E-03  7.78300E-03  7.81305E-04 -1.68435E-03
 -5.69354E-03  8.56517E-03  4.37004E-03  9.48610E-03  3.64473E-03 -4.88497E-03
 -1.13676E-02 -7.42110E-03 -2.93418E-03  1.22654E-03 -7.84378E-03 -5.03116E-03
 -1.09703E-02 -1.00712E-03 -3.34660E-03 -9.99145E-04  1.04929E-03  2.16313E-03
  5.83169E-03  6.33785E-03
