AutoSaveFileName0212.ASC
 IFORMY    0    .00
 (6E13.7)
 IFORMT    0    .00
 (6E13.7)
 IFORMW    0    .00
 (6E13.7)
 NINTT     0   -1.00
 DOUSNQ    0    1.00
 IQUAD     0    1.00
 PRWT      0    1.00
 PRY       0    1.00
 IPLRES    1    3.00
 IPLRES    2    3.00
 IPRINT    1    0.00
 IPRINT    2    2.00
 IPLFIT    1    0.00
 IPLFIT    2    0.00
 LINEPG    0   50.
 NONNEG    1    1.00
 IWT       0    5.00
 NQPROG    1    5.00
 NQPROG    2    5.00
 GMNMX     1    3.57244E-03
 GMNMX     2    1.28241E-03
 RUSER    10    -1.00
 NG        0    500.00
 NLINF     0    1.00
 IUSER    10    4.00
 RUSER    21    1.0
 RUSER    22   -1.0
 RUSER    23    0.0
 RUSER    18         292.08371
 RUSER    17         119.99900
 RUSER    19         1.02836
 RUSER    15         1.33200
 RUSER    16         632.80000
 RUSER    25         1
 RUSER    26         0
 END       0    0.00
 NY      162
  7.50000E-07  8.75000E-07  1.00000E-06  1.12500E-06  1.25000E-06  1.37500E-06
  1.50000E-06  1.62500E-06  1.75000E-06  1.87500E-06  2.00000E-06  2.25000E-06
  2.50000E-06  2.75000E-06  3.00000E-06  3.25000E-06  3.50000E-06  3.75000E-06
  4.00000E-06  4.50000E-06  5.00000E-06  5.50000E-06  6.00000E-06  6.50000E-06
  7.00000E-06  7.50000E-06  8.00000E-06  9.00000E-06  1.00000E-05  1.10000E-05
  1.20000E-05  1.30000E-05  1.40000E-05  1.50000E-05  1.60000E-05  1.80000E-05
  2.00000E-05  2.20000E-05  2.40000E-05  2.60000E-05  2.80000E-05  3.00000E-05
  3.20000E-05  3.60000E-05  4.00000E-05  4.40000E-05  4.80000E-05  5.20000E-05
  5.60000E-05  6.00000E-05  6.40000E-05  7.20000E-05  8.00000E-05  8.80000E-05
  9.60000E-05  1.04000E-04  1.12000E-04  1.20000E-04  1.28000E-04  1.44000E-04
  1.60000E-04  1.76000E-04  1.92000E-04  2.08000E-04  2.24000E-04  2.40000E-04
  2.56000E-04  2.88000E-04  3.20000E-04  3.52000E-04  3.84000E-04  4.16000E-04
  4.48000E-04  4.80000E-04  5.12000E-04  5.76000E-04  6.40000E-04  7.04000E-04
  7.68000E-04  8.32000E-04  8.96000E-04  9.60000E-04  1.02400E-03  1.15200E-03
  1.28000E-03  1.40800E-03  1.53600E-03  1.66400E-03  1.79200E-03  1.92000E-03
  2.01600E-03  2.27200E-03  2.52800E-03  2.78400E-03  3.04000E-03  3.29600E-03
  3.55200E-03  3.80800E-03  4.06400E-03  4.57600E-03  5.08800E-03  5.60000E-03
  6.11200E-03  6.62400E-03  7.13600E-03  7.64800E-03  8.16000E-03  9.18400E-03
  1.02080E-02  1.12320E-02  1.22560E-02  1.32800E-02  1.43040E-02  1.53280E-02
  1.63520E-02  1.84000E-02  2.04480E-02  2.24960E-02  2.45440E-02  2.65920E-02
  2.86400E-02  3.06880E-02  3.27360E-02  3.68320E-02  4.09280E-02  4.50240E-02
  4.91200E-02  5.32160E-02  5.73120E-02  6.14080E-02  6.55040E-02  7.36960E-02
  8.18880E-02  9.00800E-02  9.82720E-02  1.06464E-01  1.14656E-01  1.22848E-01
  1.31040E-01  1.47424E-01  1.63808E-01  1.80192E-01  1.96576E-01  2.12960E-01
  2.29344E-01  2.45728E-01  2.62112E-01  2.94880E-01  3.27648E-01  3.60416E-01
  3.93184E-01  4.25952E-01  4.58720E-01  4.91488E-01  5.24256E-01  5.89792E-01
  6.55328E-01  7.20864E-01  7.86400E-01  8.51936E-01  9.17472E-01  9.83008E-01
  1.00000E+00  9.95897E-01  9.97132E-01  9.95313E-01  9.97292E-01  9.99001E-01
  9.99824E-01  9.94193E-01  9.93758E-01  9.94408E-01  9.93342E-01  9.88726E-01
  9.89275E-01  9.88428E-01  9.91790E-01  9.84627E-01  9.86496E-01  9.88087E-01
  9.83005E-01  9.78659E-01  9.77201E-01  9.74760E-01  9.74513E-01  9.69897E-01
  9.70191E-01  9.67134E-01  9.62569E-01  9.57937E-01  9.53364E-01  9.48379E-01
  9.43669E-01  9.38395E-01  9.35232E-01  9.29719E-01  9.25056E-01  9.16329E-01
  9.07030E-01  8.96955E-01  8.89780E-01  8.79693E-01  8.69293E-01  8.62549E-01
  8.53740E-01  8.36874E-01  8.19624E-01  8.03910E-01  7.88412E-01  7.72490E-01
  7.57395E-01  7.41482E-01  7.27112E-01  6.99070E-01  6.71491E-01  6.45145E-01
  6.20121E-01  5.95382E-01  5.71741E-01  5.49193E-01  5.28193E-01  4.87882E-01
  4.50392E-01  4.15743E-01  3.84215E-01  3.54467E-01  3.28062E-01  3.02923E-01
  2.80192E-01  2.39198E-01  2.04059E-01  1.74135E-01  1.48582E-01  1.27002E-01
  1.08410E-01  9.23704E-02  7.87898E-02  5.69754E-02  4.15257E-02  3.00353E-02
  2.09143E-02  1.52010E-02  1.10180E-02  7.81875E-03  5.92416E-03  3.98857E-03
  3.76007E-03  2.33199E-03  2.48785E-03  1.46970E-03 -2.96463E-04 -1.07052E-03
 -6.91570E-04 -1.68334E-03 -2.06389E-03  1.30295E-04  4.27997E-04 -2.47944E-04
 -2.64005E-04 -1.55796E-04  4.44439E-04  1.59664E-03 -7.25929E-04 -3.79369E-04
 -1.57700E-04  2.46000E-03 -6.11997E-04  2.31445E-03  2.00218E-03  5.76404E-04
  1.07034E-03 -3.34331E-03 -1.03517E-03 -9.44186E-04 -2.51912E-06  2.99157E-03
  6.64037E-04 -1.00135E-03  1.14855E-04 -1.46870E-03 -1.80284E-03  8.13519E-05
 -1.49706E-03 -1.52393E-03 -1.49334E-03  1.25404E-03  8.65390E-04  2.42991E-03
 -1.07474E-03  4.49428E-04 -9.29836E-04 -7.11743E-04 -7.40984E-04 -2.68072E-04
 -5.02827E-05 -8.46737E-04 -4.89014E-04 -3.41839E-04  9.85956E-04  9.03460E-04
  6.40988E-04 -2.60249E-04  1.84723E-04 -3.09200E-04 -1.12078E-04 -4.57943E-04
  4.79594E-04  9.52568E-05  4.25833E-04 -7.00242E-05  3.47117E-04  2.02174E-04
  5.85417E-04 -6.69265E-04  2.41515E-04  3.42898E-04  2.92633E-04  6.44797E-05
  6.07362E-05 -2.27770E-04 -1.54862E-04 -2.04133E-05 -1.68867E-04  3.36670E-04
