AutoSaveFileName0029.ASC
 IFORMY    0    .00
 (6E13.7)
 IFORMT    0    .00
 (6E13.7)
 IFORMW    0    .00
 (6E13.7)
 NINTT     0   -1.00
 DOUSNQ    0    1.00
 IQUAD          1.00
 PRWT      0    1.00
 PRY       0    1.00
 IPLRES    1    3.00
 IPLRES    2    3.00
 IPRINT    1    0.00
 IPRINT    2    2.00
 IPLFIT    1    0.00
 IPLFIT    2    0.00
 LINEPG    0   50.
 NONNEG    1    1.00
 IWT       0    5.00
 NQPROG    1    5.00
 NQPROG    2    5.00
 GMNMX     1    1.474E-04
 GMNMX     2    4.422E-02
 RUSER    10    -1.00
 NG        0    200.00
 NLINF     0    0.00
 IUSER    10    4.00
 RUSER    21    1.0
 RUSER    22   -1.0
 RUSER    23    0.0
 RUSER    18         291.91076
 RUSER    17         24.99800
 RUSER    19         0.00103
 RUSER    15         1.33200
 RUSER    16         0.00000
 RUSER    25         1
 RUSER    26         0
 END       0    0.00
 NY      131
  3.75000E-07  5.00000E-07  6.25000E-07  7.50000E-07  8.75000E-07  1.00000E-06
  1.12500E-06  1.25000E-06  1.37500E-06  1.50000E-06  1.62500E-06  1.75000E-06
  1.87500E-06  2.00000E-06  2.25000E-06  2.50000E-06  2.75000E-06  3.00000E-06
  3.25000E-06  3.50000E-06  3.75000E-06  4.00000E-06  4.50000E-06  5.00000E-06
  5.50000E-06  6.00000E-06  6.50000E-06  7.00000E-06  7.50000E-06  8.00000E-06
  9.00000E-06  1.00000E-05  1.10000E-05  1.20000E-05  1.30000E-05  1.40000E-05
  1.50000E-05  1.60000E-05  1.80000E-05  2.00000E-05  2.20000E-05  2.40000E-05
  2.60000E-05  2.80000E-05  3.00000E-05  3.20000E-05  3.60000E-05  4.00000E-05
  4.40000E-05  4.80000E-05  5.20000E-05  5.60000E-05  6.00000E-05  6.40000E-05
  7.20000E-05  8.00000E-05  8.80000E-05  9.60000E-05  1.04000E-04  1.12000E-04
  1.20000E-04  1.28000E-04  1.44000E-04  1.60000E-04  1.76000E-04  1.92000E-04
  2.08000E-04  2.24000E-04  2.40000E-04  2.56000E-04  2.88000E-04  3.20000E-04
  3.52000E-04  3.84000E-04  4.16000E-04  4.48000E-04  4.80000E-04  5.12000E-04
  5.76000E-04  6.40000E-04  7.04000E-04  7.68000E-04  8.32000E-04  8.96000E-04
  9.60000E-04  1.02400E-03  1.15200E-03  1.28000E-03  1.40800E-03  1.53600E-03
  1.66400E-03  1.79200E-03  1.92000E-03  2.01600E-03  2.27200E-03  2.52800E-03
  2.78400E-03  3.04000E-03  3.29600E-03  3.55200E-03  3.80800E-03  4.06400E-03
  4.57600E-03  5.08800E-03  5.60000E-03  6.11200E-03  6.62400E-03  7.13600E-03
  7.64800E-03  8.16000E-03  9.18400E-03  1.02080E-02  1.12320E-02  1.22560E-02
  1.32800E-02  1.43040E-02  1.53280E-02  1.63520E-02  1.84000E-02  2.04480E-02
  2.24960E-02  2.45440E-02  2.65920E-02  2.86400E-02  3.06880E-02  3.27360E-02
  3.68320E-02  4.09280E-02  4.50240E-02  4.91200E-02  5.32160E-02
  9.30740E+00  9.30501E+00  9.27692E+00  9.27327E+00  9.28991E+00  9.27617E+00
  9.26654E+00  9.26366E+00  9.24755E+00  9.26783E+00  9.25488E+00  9.25284E+00
  9.23425E+00  9.24977E+00  9.24215E+00  9.25072E+00  9.24375E+00  9.22942E+00
  9.24377E+00  9.24272E+00  9.24810E+00  9.24848E+00  9.24332E+00  9.23945E+00
  9.24249E+00  9.23869E+00  9.23721E+00  9.24703E+00  9.23218E+00  9.23210E+00
  9.23248E+00  9.22230E+00  9.23093E+00  9.22420E+00  9.22136E+00  9.22004E+00
  9.21839E+00  9.21191E+00  9.21479E+00  9.20316E+00  9.20389E+00  9.19452E+00
  9.19353E+00  9.18766E+00  9.18119E+00  9.17614E+00  9.16734E+00  9.15993E+00
  9.14921E+00  9.14130E+00  9.13077E+00  9.12028E+00  9.11448E+00  9.10480E+00
  9.08667E+00  9.06899E+00  9.05007E+00  9.03210E+00  9.01320E+00  8.99508E+00
  8.97725E+00  8.96050E+00  8.92604E+00  8.89107E+00  8.85907E+00  8.82207E+00
  8.79019E+00  8.75800E+00  8.72319E+00  8.69079E+00  8.62642E+00  8.56160E+00
  8.49907E+00  8.43752E+00  8.37634E+00  8.31703E+00  8.25721E+00  8.20071E+00
  8.08481E+00  7.97157E+00  7.86081E+00  7.75245E+00  7.64600E+00  7.54324E+00
  7.44152E+00  7.31471E+00  7.12034E+00  6.93408E+00  6.75344E+00  6.57908E+00
  6.41051E+00  6.24857E+00  6.09228E+00  6.00247E+00  5.70712E+00  5.43079E+00
  5.17173E+00  4.93092E+00  4.70513E+00  4.49430E+00  4.29818E+00  4.11559E+00
  3.77780E+00  3.48145E+00  3.22142E+00  2.99296E+00  2.79430E+00  2.62121E+00
  2.46751E+00  2.33241E+00  2.09666E+00  1.91140E+00  1.75305E+00  1.61247E+00
  1.49800E+00  1.40997E+00  1.34948E+00  1.30869E+00  1.24900E+00  1.20679E+00
  1.16660E+00  1.13557E+00  1.11620E+00  1.10792E+00  1.11390E+00  1.11037E+00
  1.11152E+00  1.08497E+00  1.03673E+00  1.01505E+00  1.05003E+00
