AutoSaveFileName0351.ASC
 IFORMY    0    .00
 (6E13.7)
 IFORMT    0    .00
 (6E13.7)
 IFORMW    0    .00
 (6E13.7)
 NINTT     0   -1.00
 DOUSNQ    0    1.00
 IQUAD          1.00
 PRWT      0    1.00
 PRY       0    1.00
 IPLRES    1    3.00
 IPLRES    2    3.00
 IPRINT    1    0.00
 IPRINT    2    2.00
 IPLFIT    1    0.00
 IPLFIT    2    0.00
 LINEPG    0   50.
 NONNEG    1    1.00
 IWT       0    5.00
 NQPROG    1    5.00
 NQPROG    2    5.00
 GMNMX     1    8.189E-06
 GMNMX     2    8.189E-03
 RUSER    10    -1.00
 NG        0    200.00
 NLINF     0    0.00
 IUSER    10    4.00
 RUSER    21    1.0
 RUSER    22   -1.0
 RUSER    23    0.0
 RUSER    18         292.26893
 RUSER    17         131.99900
 RUSER    19         1.02367
 RUSER    15         1.33200
 RUSER    16         632.80000
 RUSER    25         1
 RUSER    26         0
 END       0    0.00
 NY      131
  3.75000E-07  5.00000E-07  6.25000E-07  7.50000E-07  8.75000E-07  1.00000E-06
  1.12500E-06  1.25000E-06  1.37500E-06  1.50000E-06  1.62500E-06  1.75000E-06
  1.87500E-06  2.00000E-06  2.25000E-06  2.50000E-06  2.75000E-06  3.00000E-06
  3.25000E-06  3.50000E-06  3.75000E-06  4.00000E-06  4.50000E-06  5.00000E-06
  5.50000E-06  6.00000E-06  6.50000E-06  7.00000E-06  7.50000E-06  8.00000E-06
  9.00000E-06  1.00000E-05  1.10000E-05  1.20000E-05  1.30000E-05  1.40000E-05
  1.50000E-05  1.60000E-05  1.80000E-05  2.00000E-05  2.20000E-05  2.40000E-05
  2.60000E-05  2.80000E-05  3.00000E-05  3.20000E-05  3.60000E-05  4.00000E-05
  4.40000E-05  4.80000E-05  5.20000E-05  5.60000E-05  6.00000E-05  6.40000E-05
  7.20000E-05  8.00000E-05  8.80000E-05  9.60000E-05  1.04000E-04  1.12000E-04
  1.20000E-04  1.28000E-04  1.44000E-04  1.60000E-04  1.76000E-04  1.92000E-04
  2.08000E-04  2.24000E-04  2.40000E-04  2.56000E-04  2.88000E-04  3.20000E-04
  3.52000E-04  3.84000E-04  4.16000E-04  4.48000E-04  4.80000E-04  5.12000E-04
  5.76000E-04  6.40000E-04  7.04000E-04  7.68000E-04  8.32000E-04  8.96000E-04
  9.60000E-04  1.02400E-03  1.15200E-03  1.28000E-03  1.40800E-03  1.53600E-03
  1.66400E-03  1.79200E-03  1.92000E-03  2.01600E-03  2.27200E-03  2.52800E-03
  2.78400E-03  3.04000E-03  3.29600E-03  3.55200E-03  3.80800E-03  4.06400E-03
  4.57600E-03  5.08800E-03  5.60000E-03  6.11200E-03  6.62400E-03  7.13600E-03
  7.64800E-03  8.16000E-03  9.18400E-03  1.02080E-02  1.12320E-02  1.22560E-02
  1.32800E-02  1.43040E-02  1.53280E-02  1.63520E-02  1.84000E-02  2.04480E-02
  2.24960E-02  2.45440E-02  2.65920E-02  2.86400E-02  3.06880E-02  3.27360E-02
  3.68320E-02  4.09280E-02  4.50240E-02  4.91200E-02  5.32160E-02
  8.25572E-01  8.19993E-01  8.16533E-01  8.20038E-01  8.18783E-01  8.13186E-01
  8.21101E-01  8.10959E-01  8.13970E-01  8.18851E-01  8.18430E-01  8.22368E-01
  8.17021E-01  8.18751E-01  8.17609E-01  8.17407E-01  8.20566E-01  8.16208E-01
  8.14404E-01  8.19822E-01  8.17075E-01  8.15380E-01  8.15241E-01  8.14155E-01
  8.14602E-01  8.16822E-01  8.14149E-01  8.16848E-01  8.15040E-01  8.13653E-01
  8.11793E-01  8.11634E-01  8.09206E-01  8.11542E-01  8.11824E-01  8.10440E-01
  8.08633E-01  8.07917E-01  8.06717E-01  8.05272E-01  8.01643E-01  8.02320E-01
  8.00865E-01  8.00381E-01  7.97876E-01  7.97642E-01  7.94283E-01  7.91279E-01
  7.88520E-01  7.86896E-01  7.84132E-01  7.80210E-01  7.78483E-01  7.75688E-01
  7.70069E-01  7.65509E-01  7.60564E-01  7.55067E-01  7.50400E-01  7.45375E-01
  7.39933E-01  7.34632E-01  7.25121E-01  7.14916E-01  7.06242E-01  6.96823E-01
  6.87110E-01  6.78019E-01  6.68910E-01  6.60126E-01  6.43144E-01  6.25625E-01
  6.09460E-01  5.93220E-01  5.77574E-01  5.62412E-01  5.47529E-01  5.33467E-01
  5.05816E-01  4.79768E-01  4.54918E-01  4.31510E-01  4.09405E-01  3.88126E-01
  3.67733E-01  3.48521E-01  3.13485E-01  2.81978E-01  2.54284E-01  2.28966E-01
  2.05947E-01  1.85659E-01  1.67613E-01  1.54644E-01  1.25412E-01  1.02389E-01
  8.36284E-02  6.85698E-02  5.61968E-02  4.64195E-02  4.02277E-02  3.53499E-02
  2.73132E-02  2.14161E-02  1.90269E-02  1.51735E-02  1.02554E-02  6.40893E-03
  3.17969E-03  5.21070E-04 -5.60441E-03 -4.05684E-03 -3.40080E-03 -3.43470E-04
  1.76108E-03 -6.97033E-04 -5.18961E-03 -6.61509E-03 -1.27450E-03  4.93843E-03
  4.77292E-03 -1.89729E-03 -2.19362E-03 -1.44582E-03 -8.47096E-04 -8.31394E-03
 -4.88628E-03 -6.40878E-03  4.47774E-03 -1.34647E-03  1.79592E-03
