AutoSaveFileName0146.ASC
 IFORMY    0    .00
 (6E13.7)
 IFORMT    0    .00
 (6E13.7)
 IFORMW    0    .00
 (6E13.7)
 NINTT     0   -1.00
 DOUSNQ    0    1.00
 IQUAD     0    1.00
 PRWT      0    1.00
 PRY       0    1.00
 IPLRES    1    3.00
 IPLRES    2    3.00
 IPRINT    1    0.00
 IPRINT    2    2.00
 IPLFIT    1    0.00
 IPLFIT    2    0.00
 LINEPG    0   50.
 NONNEG    1    1.00
 IWT       0    5.00
 NQPROG    1    5.00
 NQPROG    2    5.00
 GMNMX     1    5.88353E-03
 GMNMX     2    2.11204E-03
 RUSER    10    -1.00
 NG        0    500.00
 NLINF     0    1.00
 IUSER    10    4.00
 RUSER    21    1.0
 RUSER    22   -1.0
 RUSER    23    0.0
 RUSER    18         292.00418
 RUSER    17         84.99900
 RUSER    19         1.03039
 RUSER    15         1.33200
 RUSER    16         632.80000
 RUSER    25         1
 RUSER    26         0
 END       0    0.00
 NY      162
  7.50000E-07  8.75000E-07  1.00000E-06  1.12500E-06  1.25000E-06  1.37500E-06
  1.50000E-06  1.62500E-06  1.75000E-06  1.87500E-06  2.00000E-06  2.25000E-06
  2.50000E-06  2.75000E-06  3.00000E-06  3.25000E-06  3.50000E-06  3.75000E-06
  4.00000E-06  4.50000E-06  5.00000E-06  5.50000E-06  6.00000E-06  6.50000E-06
  7.00000E-06  7.50000E-06  8.00000E-06  9.00000E-06  1.00000E-05  1.10000E-05
  1.20000E-05  1.30000E-05  1.40000E-05  1.50000E-05  1.60000E-05  1.80000E-05
  2.00000E-05  2.20000E-05  2.40000E-05  2.60000E-05  2.80000E-05  3.00000E-05
  3.20000E-05  3.60000E-05  4.00000E-05  4.40000E-05  4.80000E-05  5.20000E-05
  5.60000E-05  6.00000E-05  6.40000E-05  7.20000E-05  8.00000E-05  8.80000E-05
  9.60000E-05  1.04000E-04  1.12000E-04  1.20000E-04  1.28000E-04  1.44000E-04
  1.60000E-04  1.76000E-04  1.92000E-04  2.08000E-04  2.24000E-04  2.40000E-04
  2.56000E-04  2.88000E-04  3.20000E-04  3.52000E-04  3.84000E-04  4.16000E-04
  4.48000E-04  4.80000E-04  5.12000E-04  5.76000E-04  6.40000E-04  7.04000E-04
  7.68000E-04  8.32000E-04  8.96000E-04  9.60000E-04  1.02400E-03  1.15200E-03
  1.28000E-03  1.40800E-03  1.53600E-03  1.66400E-03  1.79200E-03  1.92000E-03
  2.01600E-03  2.27200E-03  2.52800E-03  2.78400E-03  3.04000E-03  3.29600E-03
  3.55200E-03  3.80800E-03  4.06400E-03  4.57600E-03  5.08800E-03  5.60000E-03
  6.11200E-03  6.62400E-03  7.13600E-03  7.64800E-03  8.16000E-03  9.18400E-03
  1.02080E-02  1.12320E-02  1.22560E-02  1.32800E-02  1.43040E-02  1.53280E-02
  1.63520E-02  1.84000E-02  2.04480E-02  2.24960E-02  2.45440E-02  2.65920E-02
  2.86400E-02  3.06880E-02  3.27360E-02  3.68320E-02  4.09280E-02  4.50240E-02
  4.91200E-02  5.32160E-02  5.73120E-02  6.14080E-02  6.55040E-02  7.36960E-02
  8.18880E-02  9.00800E-02  9.82720E-02  1.06464E-01  1.14656E-01  1.22848E-01
  1.31040E-01  1.47424E-01  1.63808E-01  1.80192E-01  1.96576E-01  2.12960E-01
  2.29344E-01  2.45728E-01  2.62112E-01  2.94880E-01  3.27648E-01  3.60416E-01
  3.93184E-01  4.25952E-01  4.58720E-01  4.91488E-01  5.24256E-01  5.89792E-01
  6.55328E-01  7.20864E-01  7.86400E-01  8.51936E-01  9.17472E-01  9.83008E-01
  9.98909E-01  9.99882E-01  1.00000E+00  9.95923E-01  9.96308E-01  9.98973E-01
  9.94500E-01  9.97781E-01  9.95315E-01  9.93091E-01  9.95433E-01  9.91798E-01
  9.93231E-01  9.93752E-01  9.91524E-01  9.90870E-01  9.88869E-01  9.90752E-01
  9.89106E-01  9.87259E-01  9.84340E-01  9.84266E-01  9.82997E-01  9.80316E-01
  9.77788E-01  9.77497E-01  9.76027E-01  9.72927E-01  9.70569E-01  9.66976E-01
  9.64581E-01  9.61131E-01  9.57774E-01  9.56251E-01  9.52895E-01  9.46724E-01
  9.40769E-01  9.35798E-01  9.29899E-01  9.23717E-01  9.17712E-01  9.13143E-01
  9.07564E-01  8.96188E-01  8.85772E-01  8.74585E-01  8.64341E-01  8.53829E-01
  8.43036E-01  8.33538E-01  8.23193E-01  8.03041E-01  7.84203E-01  7.65514E-01
  7.46790E-01  7.28773E-01  7.11483E-01  6.94253E-01  6.77879E-01  6.45789E-01
  6.15104E-01  5.86289E-01  5.58520E-01  5.32392E-01  5.06966E-01  4.83371E-01
  4.60711E-01  4.18209E-01  3.79813E-01  3.45081E-01  3.13035E-01  2.84271E-01
  2.58239E-01  2.34148E-01  2.13141E-01  1.75737E-01  1.44933E-01  1.19304E-01
  9.81695E-02  8.07378E-02  6.64266E-02  5.48417E-02  4.56046E-02  3.12557E-02
  2.19695E-02  1.59698E-02  1.18859E-02  8.51570E-03  5.85183E-03  4.07381E-03
  3.17074E-03  1.33980E-03 -9.43515E-04 -1.03265E-03 -1.67990E-03 -2.02777E-03
 -5.98575E-04  7.99241E-06  5.19765E-05  5.50018E-04  5.38733E-04  2.56055E-04
 -2.34346E-04 -2.11903E-03 -1.51077E-03  6.64971E-04  1.08902E-03  6.00281E-04
 -1.51980E-03  6.07752E-04 -2.24974E-03 -1.87489E-03 -5.61619E-04 -4.77975E-04
  6.94670E-04  4.84216E-04 -6.21508E-04  6.30010E-04  1.18452E-03 -2.61931E-04
 -1.05475E-03 -1.88046E-03 -1.18309E-03 -3.00205E-04  3.41271E-04 -6.52756E-04
 -1.31480E-03 -9.66057E-04 -2.22713E-03 -1.98052E-04  1.20685E-03  3.53133E-04
  8.18935E-05 -1.06359E-03  2.80894E-04 -9.72661E-04 -9.76414E-04  4.93898E-05
 -3.15907E-04 -4.28644E-04  5.05602E-04 -6.21045E-04 -4.56208E-04  1.35006E-04
  9.21064E-05  3.71403E-04 -1.56984E-04 -2.22536E-04 -1.29737E-04  3.97603E-04
 -3.80034E-04  1.57794E-04  1.41189E-04  2.20730E-04  2.97042E-05 -2.21180E-04
  1.35047E-04 -2.29537E-05 -3.26630E-04 -2.59614E-04  7.76896E-05 -7.95302E-05
