AutoSaveFileName0043.ASC
 IFORMY    0    .00
 (6E13.7)
 IFORMT    0    .00
 (6E13.7)
 IFORMW    0    .00
 (6E13.7)
 NINTT     0   -1.00
 DOUSNQ    0    1.00
 IQUAD          1.00
 PRWT      0    1.00
 PRY       0    1.00
 IPLRES    1    3.00
 IPLRES    2    3.00
 IPRINT    1    0.00
 IPRINT    2    2.00
 IPLFIT    1    0.00
 IPLFIT    2    0.00
 LINEPG    0   50.
 NONNEG    1    1.00
 IWT       0    5.00
 NQPROG    1    5.00
 NQPROG    2    5.00
 GMNMX     1    1.104E-04
 GMNMX     2    1.104E-01
 RUSER    10    -1.00
 NG        0    200.00
 NLINF     0    0.00
 IUSER    10    4.00
 RUSER    21    1.0
 RUSER    22   -1.0
 RUSER    23    0.0
 RUSER    18         291.83385
 RUSER    17         28.99900
 RUSER    19         1.03475
 RUSER    15         1.33200
 RUSER    16         632.80000
 RUSER    25         1
 RUSER    26         0
 END       0    0.00
 NY      131
  3.75000E-07  5.00000E-07  6.25000E-07  7.50000E-07  8.75000E-07  1.00000E-06
  1.12500E-06  1.25000E-06  1.37500E-06  1.50000E-06  1.62500E-06  1.75000E-06
  1.87500E-06  2.00000E-06  2.25000E-06  2.50000E-06  2.75000E-06  3.00000E-06
  3.25000E-06  3.50000E-06  3.75000E-06  4.00000E-06  4.50000E-06  5.00000E-06
  5.50000E-06  6.00000E-06  6.50000E-06  7.00000E-06  7.50000E-06  8.00000E-06
  9.00000E-06  1.00000E-05  1.10000E-05  1.20000E-05  1.30000E-05  1.40000E-05
  1.50000E-05  1.60000E-05  1.80000E-05  2.00000E-05  2.20000E-05  2.40000E-05
  2.60000E-05  2.80000E-05  3.00000E-05  3.20000E-05  3.60000E-05  4.00000E-05
  4.40000E-05  4.80000E-05  5.20000E-05  5.60000E-05  6.00000E-05  6.40000E-05
  7.20000E-05  8.00000E-05  8.80000E-05  9.60000E-05  1.04000E-04  1.12000E-04
  1.20000E-04  1.28000E-04  1.44000E-04  1.60000E-04  1.76000E-04  1.92000E-04
  2.08000E-04  2.24000E-04  2.40000E-04  2.56000E-04  2.88000E-04  3.20000E-04
  3.52000E-04  3.84000E-04  4.16000E-04  4.48000E-04  4.80000E-04  5.12000E-04
  5.76000E-04  6.40000E-04  7.04000E-04  7.68000E-04  8.32000E-04  8.96000E-04
  9.60000E-04  1.02400E-03  1.15200E-03  1.28000E-03  1.40800E-03  1.53600E-03
  1.66400E-03  1.79200E-03  1.92000E-03  2.01600E-03  2.27200E-03  2.52800E-03
  2.78400E-03  3.04000E-03  3.29600E-03  3.55200E-03  3.80800E-03  4.06400E-03
  4.57600E-03  5.08800E-03  5.60000E-03  6.11200E-03  6.62400E-03  7.13600E-03
  7.64800E-03  8.16000E-03  9.18400E-03  1.02080E-02  1.12320E-02  1.22560E-02
  1.32800E-02  1.43040E-02  1.53280E-02  1.63520E-02  1.84000E-02  2.04480E-02
  2.24960E-02  2.45440E-02  2.65920E-02  2.86400E-02  3.06880E-02  3.27360E-02
  3.68320E-02  4.09280E-02  4.50240E-02  4.91200E-02  5.32160E-02
  1.62881E+00  1.62413E+00  1.62152E+00  1.62099E+00  1.62191E+00  1.61969E+00
  1.62146E+00  1.61716E+00  1.62261E+00  1.61719E+00  1.62380E+00  1.61386E+00
  1.61581E+00  1.61661E+00  1.61933E+00  1.61560E+00  1.61801E+00  1.61911E+00
  1.61778E+00  1.61576E+00  1.61884E+00  1.61925E+00  1.61576E+00  1.61889E+00
  1.61730E+00  1.61864E+00  1.61606E+00  1.61650E+00  1.61847E+00  1.61742E+00
  1.61876E+00  1.61648E+00  1.61770E+00  1.61584E+00  1.61702E+00  1.61685E+00
  1.61618E+00  1.61687E+00  1.61692E+00  1.61687E+00  1.61620E+00  1.61566E+00
  1.61504E+00  1.61605E+00  1.61506E+00  1.61489E+00  1.61449E+00  1.61422E+00
  1.61381E+00  1.61315E+00  1.61256E+00  1.61260E+00  1.61224E+00  1.61142E+00
  1.61131E+00  1.61005E+00  1.60944E+00  1.60835E+00  1.60763E+00  1.60744E+00
  1.60643E+00  1.60532E+00  1.60317E+00  1.60162E+00  1.60044E+00  1.59840E+00
  1.59669E+00  1.59542E+00  1.59389E+00  1.59172E+00  1.58831E+00  1.58527E+00
  1.58216E+00  1.57843E+00  1.57523E+00  1.57232E+00  1.56917E+00  1.56513E+00
  1.55849E+00  1.55239E+00  1.54609E+00  1.53965E+00  1.53363E+00  1.52727E+00
  1.52127E+00  1.44501E+00  1.43325E+00  1.42172E+00  1.41028E+00  1.39900E+00
  1.38768E+00  1.37640E+00  1.36539E+00  1.42372E+00  1.40079E+00  1.37821E+00
  1.35638E+00  1.33491E+00  1.31381E+00  1.29269E+00  1.27227E+00  1.25227E+00
  1.21318E+00  1.17586E+00  1.13977E+00  1.10519E+00  1.07142E+00  1.03875E+00
  1.00719E+00  9.76941E-01  9.18801E-01  8.64329E-01  8.13293E-01  7.66570E-01
  7.24376E-01  6.85651E-01  6.48548E-01  6.15053E-01  5.52668E-01  4.97508E-01
  4.46903E-01  4.00175E-01  3.55390E-01  3.11042E-01  2.72468E-01  2.43285E-01
  1.89335E-01  1.42767E-01  1.06107E-01  8.07374E-02  6.20761E-02
