AutoSaveFileName0074.ASC
 IFORMY    0    .00
 (6E13.7)
 IFORMT    0    .00
 (6E13.7)
 IFORMW    0    .00
 (6E13.7)
 NINTT     0   -1.00
 DOUSNQ    0    1.00
 IQUAD          1.00
 PRWT      0    1.00
 PRY       0    1.00
 IPLRES    1    3.00
 IPLRES    2    3.00
 IPRINT    1    0.00
 IPRINT    2    2.00
 IPLFIT    1    0.00
 IPLFIT    2    0.00
 LINEPG    0   50.
 NONNEG    1    1.00
 IWT       0    5.00
 NQPROG    1    5.00
 NQPROG    2    5.00
 GMNMX     1    3.862E-05
 GMNMX     2    1.159E-02
 RUSER    10    -1.00
 NG        0    200.00
 NLINF     0    0.00
 IUSER    10    4.00
 RUSER    21    1.0
 RUSER    22   -1.0
 RUSER    23    0.0
 RUSER    18         291.94361
 RUSER    17         49.99800
 RUSER    19         0.00103
 RUSER    15         1.33200
 RUSER    16         0.00000
 RUSER    25         1
 RUSER    26         0
 END       0    0.00
 NY      131
  3.75000E-07  5.00000E-07  6.25000E-07  7.50000E-07  8.75000E-07  1.00000E-06
  1.12500E-06  1.25000E-06  1.37500E-06  1.50000E-06  1.62500E-06  1.75000E-06
  1.87500E-06  2.00000E-06  2.25000E-06  2.50000E-06  2.75000E-06  3.00000E-06
  3.25000E-06  3.50000E-06  3.75000E-06  4.00000E-06  4.50000E-06  5.00000E-06
  5.50000E-06  6.00000E-06  6.50000E-06  7.00000E-06  7.50000E-06  8.00000E-06
  9.00000E-06  1.00000E-05  1.10000E-05  1.20000E-05  1.30000E-05  1.40000E-05
  1.50000E-05  1.60000E-05  1.80000E-05  2.00000E-05  2.20000E-05  2.40000E-05
  2.60000E-05  2.80000E-05  3.00000E-05  3.20000E-05  3.60000E-05  4.00000E-05
  4.40000E-05  4.80000E-05  5.20000E-05  5.60000E-05  6.00000E-05  6.40000E-05
  7.20000E-05  8.00000E-05  8.80000E-05  9.60000E-05  1.04000E-04  1.12000E-04
  1.20000E-04  1.28000E-04  1.44000E-04  1.60000E-04  1.76000E-04  1.92000E-04
  2.08000E-04  2.24000E-04  2.40000E-04  2.56000E-04  2.88000E-04  3.20000E-04
  3.52000E-04  3.84000E-04  4.16000E-04  4.48000E-04  4.80000E-04  5.12000E-04
  5.76000E-04  6.40000E-04  7.04000E-04  7.68000E-04  8.32000E-04  8.96000E-04
  9.60000E-04  1.02400E-03  1.15200E-03  1.28000E-03  1.40800E-03  1.53600E-03
  1.66400E-03  1.79200E-03  1.92000E-03  2.01600E-03  2.27200E-03  2.52800E-03
  2.78400E-03  3.04000E-03  3.29600E-03  3.55200E-03  3.80800E-03  4.06400E-03
  4.57600E-03  5.08800E-03  5.60000E-03  6.11200E-03  6.62400E-03  7.13600E-03
  7.64800E-03  8.16000E-03  9.18400E-03  1.02080E-02  1.12320E-02  1.22560E-02
  1.32800E-02  1.43040E-02  1.53280E-02  1.63520E-02  1.84000E-02  2.04480E-02
  2.24960E-02  2.45440E-02  2.65920E-02  2.86400E-02  3.06880E-02  3.27360E-02
  3.68320E-02  4.09280E-02  4.50240E-02  4.91200E-02  5.32160E-02
  5.15402E+00  5.15745E+00  5.13608E+00  5.12904E+00  5.13191E+00  5.13178E+00
  5.12233E+00  5.12639E+00  5.12273E+00  5.11412E+00  5.12253E+00  5.12890E+00
  5.11559E+00  5.12029E+00  5.11324E+00  5.11432E+00  5.11602E+00  5.10964E+00
  5.11238E+00  5.10510E+00  5.11238E+00  5.10891E+00  5.10935E+00  5.10155E+00
  5.10104E+00  5.10162E+00  5.09425E+00  5.09468E+00  5.09339E+00  5.08827E+00
  5.08407E+00  5.07697E+00  5.07034E+00  5.06846E+00  5.06416E+00  5.06094E+00
  5.05260E+00  5.04897E+00  5.04263E+00  5.03220E+00  5.02139E+00  5.01288E+00
  5.00469E+00  4.99389E+00  4.98240E+00  4.97425E+00  4.95860E+00  4.93773E+00
  4.92259E+00  4.90165E+00  4.88297E+00  4.86608E+00  4.85013E+00  4.83151E+00
  4.79542E+00  4.76057E+00  4.72662E+00  4.69425E+00  4.65850E+00  4.62495E+00
  4.59127E+00  4.55921E+00  4.49533E+00  4.43267E+00  4.36970E+00  4.30914E+00
  4.25092E+00  4.19161E+00  4.13481E+00  4.07889E+00  3.96910E+00  3.86290E+00
  3.76189E+00  3.66499E+00  3.57076E+00  3.47992E+00  3.39173E+00  3.30837E+00
  3.14835E+00  3.00110E+00  2.86396E+00  2.73667E+00  2.61968E+00  2.51013E+00
  2.40774E+00  2.31267E+00  2.14201E+00  1.99476E+00  1.86625E+00  1.75513E+00
  1.66024E+00  1.57913E+00  1.50972E+00  1.46659E+00  1.36767E+00  1.29209E+00
  1.23120E+00  1.18290E+00  1.14478E+00  1.11620E+00  1.09225E+00  1.07737E+00
  1.04902E+00  1.02619E+00  1.01583E+00  1.01005E+00  1.00366E+00  9.99710E-01
  9.97862E-01  9.95947E-01  9.91524E-01  9.98521E-01  9.84313E-01  9.83513E-01
  9.98800E-01  1.00479E+00  1.00121E+00  9.95660E-01  1.00314E+00  1.00267E+00
  9.88537E-01  9.91794E-01  1.00129E+00  9.98612E-01  1.00336E+00  9.92845E-01
  1.00717E+00  1.00575E+00  9.88653E-01  9.97786E-01  1.00744E+00
