AutoSaveFileName0326.ASC
 IFORMY    0    .00
 (6E13.7)
 IFORMT    0    .00
 (6E13.7)
 IFORMW    0    .00
 (6E13.7)
 NINTT     0   -1.00
 DOUSNQ    0    1.00
 IQUAD          1.00
 PRWT      0    1.00
 PRY       0    1.00
 IPLRES    1    3.00
 IPLRES    2    3.00
 IPRINT    1    0.00
 IPRINT    2    2.00
 IPLFIT    1    0.00
 IPLFIT    2    0.00
 LINEPG    0   50.
 NONNEG    1    1.00
 IWT       0    5.00
 NQPROG    1    5.00
 NQPROG    2    5.00
 GMNMX     1    8.860E-06
 GMNMX     2    8.860E-03
 RUSER    10    -1.00
 NG        0    200.00
 NLINF     0    0.00
 IUSER    10    4.00
 RUSER    21    1.0
 RUSER    22   -1.0
 RUSER    23    0.0
 RUSER    18         292.22424
 RUSER    17         122.99900
 RUSER    19         1.02480
 RUSER    15         1.33200
 RUSER    16         632.80000
 RUSER    25         1
 RUSER    26         0
 END       0    0.00
 NY      131
  3.75000E-07  5.00000E-07  6.25000E-07  7.50000E-07  8.75000E-07  1.00000E-06
  1.12500E-06  1.25000E-06  1.37500E-06  1.50000E-06  1.62500E-06  1.75000E-06
  1.87500E-06  2.00000E-06  2.25000E-06  2.50000E-06  2.75000E-06  3.00000E-06
  3.25000E-06  3.50000E-06  3.75000E-06  4.00000E-06  4.50000E-06  5.00000E-06
  5.50000E-06  6.00000E-06  6.50000E-06  7.00000E-06  7.50000E-06  8.00000E-06
  9.00000E-06  1.00000E-05  1.10000E-05  1.20000E-05  1.30000E-05  1.40000E-05
  1.50000E-05  1.60000E-05  1.80000E-05  2.00000E-05  2.20000E-05  2.40000E-05
  2.60000E-05  2.80000E-05  3.00000E-05  3.20000E-05  3.60000E-05  4.00000E-05
  4.40000E-05  4.80000E-05  5.20000E-05  5.60000E-05  6.00000E-05  6.40000E-05
  7.20000E-05  8.00000E-05  8.80000E-05  9.60000E-05  1.04000E-04  1.12000E-04
  1.20000E-04  1.28000E-04  1.44000E-04  1.60000E-04  1.76000E-04  1.92000E-04
  2.08000E-04  2.24000E-04  2.40000E-04  2.56000E-04  2.88000E-04  3.20000E-04
  3.52000E-04  3.84000E-04  4.16000E-04  4.48000E-04  4.80000E-04  5.12000E-04
  5.76000E-04  6.40000E-04  7.04000E-04  7.68000E-04  8.32000E-04  8.96000E-04
  9.60000E-04  1.02400E-03  1.15200E-03  1.28000E-03  1.40800E-03  1.53600E-03
  1.66400E-03  1.79200E-03  1.92000E-03  2.01600E-03  2.27200E-03  2.52800E-03
  2.78400E-03  3.04000E-03  3.29600E-03  3.55200E-03  3.80800E-03  4.06400E-03
  4.57600E-03  5.08800E-03  5.60000E-03  6.11200E-03  6.62400E-03  7.13600E-03
  7.64800E-03  8.16000E-03  9.18400E-03  1.02080E-02  1.12320E-02  1.22560E-02
  1.32800E-02  1.43040E-02  1.53280E-02  1.63520E-02  1.84000E-02  2.04480E-02
  2.24960E-02  2.45440E-02  2.65920E-02  2.86400E-02  3.06880E-02  3.27360E-02
  3.68320E-02  4.09280E-02  4.50240E-02  4.91200E-02  5.32160E-02
  2.43735E+00  2.42720E+00  2.41657E+00  2.41120E+00  2.41538E+00  2.41055E+00
  2.41642E+00  2.42210E+00  2.41660E+00  2.41115E+00  2.41294E+00  2.40976E+00
  2.41370E+00  2.41452E+00  2.40949E+00  2.40910E+00  2.41086E+00  2.41186E+00
  2.40904E+00  2.40876E+00  2.41071E+00  2.40633E+00  2.40364E+00  2.40676E+00
  2.40575E+00  2.40534E+00  2.40265E+00  2.40247E+00  2.39910E+00  2.39971E+00
  2.40008E+00  2.39389E+00  2.39226E+00  2.39217E+00  2.38751E+00  2.38779E+00
  2.38599E+00  2.38344E+00  2.37848E+00  2.37473E+00  2.37278E+00  2.36674E+00
  2.36387E+00  2.35876E+00  2.35596E+00  2.35225E+00  2.34412E+00  2.33647E+00
  2.32843E+00  2.32122E+00  2.31257E+00  2.30528E+00  2.29798E+00  2.28943E+00
  2.27403E+00  2.26023E+00  2.24432E+00  2.22903E+00  2.21409E+00  2.19920E+00
  2.18415E+00  2.16928E+00  2.13974E+00  2.11007E+00  2.08237E+00  2.05397E+00
  2.02675E+00  1.99925E+00  1.97222E+00  1.94636E+00  1.89449E+00  1.84387E+00
  1.79449E+00  1.74691E+00  1.70015E+00  1.65470E+00  1.61085E+00  1.56911E+00
  1.48782E+00  1.41135E+00  1.33903E+00  1.27038E+00  1.20432E+00  1.14223E+00
  1.08259E+00  1.02751E+00  9.24061E-01  8.31722E-01  7.48930E-01  6.75188E-01
  6.09105E-01  5.51505E-01  5.00602E-01  4.66104E-01  3.84787E-01  3.18921E-01
  2.64921E-01  2.20978E-01  1.85368E-01  1.54745E-01  1.29082E-01  1.09414E-01
  7.83534E-02  5.19023E-02  3.10086E-02  1.43192E-02  6.75917E-03  4.63743E-03
  7.20250E-03  7.10959E-03  8.86718E-03  1.41104E-02  1.90669E-02  1.63598E-02
  6.82204E-03  3.85588E-03  1.55397E-03 -3.22837E-03 -7.01174E-03 -1.62680E-02
 -1.17105E-02 -1.78477E-02 -1.54625E-02 -2.19802E-02 -5.09039E-03 -1.60747E-02
 -1.02665E-02 -1.30699E-02  6.69388E-03  9.20050E-03 -1.92395E-03
