AutoSaveFileName0017.ASC
 IFORMY    0    .00
 (6E13.7)
 IFORMT    0    .00
 (6E13.7)
 IFORMW    0    .00
 (6E13.7)
 NINTT     0   -1.00
 DOUSNQ    0    1.00
 IQUAD          1.00
 PRWT      0    1.00
 PRY       0    1.00
 IPLRES    1    3.00
 IPLRES    2    3.00
 IPRINT    1    0.00
 IPRINT    2    2.00
 IPLFIT    1    0.00
 IPLFIT    2    0.00
 LINEPG    0   50.
 NONNEG    1    1.00
 IWT       0    5.00
 NQPROG    1    5.00
 NQPROG    2    5.00
 GMNMX     1    2.296E-04
 GMNMX     2    2.296E-01
 RUSER    10    -1.00
 NG        0    200.00
 NLINF     0    0.00
 IUSER    10    4.00
 RUSER    21    1.0
 RUSER    22   -1.0
 RUSER    23    0.0
 RUSER    18         291.80684
 RUSER    17         19.99900
 RUSER    19         1.03545
 RUSER    15         1.33200
 RUSER    16         632.80000
 RUSER    25         1
 RUSER    26         0
 END       0    0.00
 NY      131
  3.75000E-07  5.00000E-07  6.25000E-07  7.50000E-07  8.75000E-07  1.00000E-06
  1.12500E-06  1.25000E-06  1.37500E-06  1.50000E-06  1.62500E-06  1.75000E-06
  1.87500E-06  2.00000E-06  2.25000E-06  2.50000E-06  2.75000E-06  3.00000E-06
  3.25000E-06  3.50000E-06  3.75000E-06  4.00000E-06  4.50000E-06  5.00000E-06
  5.50000E-06  6.00000E-06  6.50000E-06  7.00000E-06  7.50000E-06  8.00000E-06
  9.00000E-06  1.00000E-05  1.10000E-05  1.20000E-05  1.30000E-05  1.40000E-05
  1.50000E-05  1.60000E-05  1.80000E-05  2.00000E-05  2.20000E-05  2.40000E-05
  2.60000E-05  2.80000E-05  3.00000E-05  3.20000E-05  3.60000E-05  4.00000E-05
  4.40000E-05  4.80000E-05  5.20000E-05  5.60000E-05  6.00000E-05  6.40000E-05
  7.20000E-05  8.00000E-05  8.80000E-05  9.60000E-05  1.04000E-04  1.12000E-04
  1.20000E-04  1.28000E-04  1.44000E-04  1.60000E-04  1.76000E-04  1.92000E-04
  2.08000E-04  2.24000E-04  2.40000E-04  2.56000E-04  2.88000E-04  3.20000E-04
  3.52000E-04  3.84000E-04  4.16000E-04  4.48000E-04  4.80000E-04  5.12000E-04
  5.76000E-04  6.40000E-04  7.04000E-04  7.68000E-04  8.32000E-04  8.96000E-04
  9.60000E-04  1.02400E-03  1.15200E-03  1.28000E-03  1.40800E-03  1.53600E-03
  1.66400E-03  1.79200E-03  1.92000E-03  2.01600E-03  2.27200E-03  2.52800E-03
  2.78400E-03  3.04000E-03  3.29600E-03  3.55200E-03  3.80800E-03  4.06400E-03
  4.57600E-03  5.08800E-03  5.60000E-03  6.11200E-03  6.62400E-03  7.13600E-03
  7.64800E-03  8.16000E-03  9.18400E-03  1.02080E-02  1.12320E-02  1.22560E-02
  1.32800E-02  1.43040E-02  1.53280E-02  1.63520E-02  1.84000E-02  2.04480E-02
  2.24960E-02  2.45440E-02  2.65920E-02  2.86400E-02  3.06880E-02  3.27360E-02
  3.68320E-02  4.09280E-02  4.50240E-02  4.91200E-02  5.32160E-02
  2.07589E+00  2.07161E+00  2.07071E+00  2.07085E+00  2.07058E+00  2.06926E+00
  2.07158E+00  2.06820E+00  2.06696E+00  2.06908E+00  2.06782E+00  2.06755E+00
  2.06688E+00  2.06710E+00  2.06854E+00  2.06694E+00  2.06962E+00  2.06877E+00
  2.06790E+00  2.06978E+00  2.06777E+00  2.06811E+00  2.06801E+00  2.06667E+00
  2.06791E+00  2.06758E+00  2.06645E+00  2.06773E+00  2.06755E+00  2.06703E+00
  2.06717E+00  2.06810E+00  2.06781E+00  2.06645E+00  2.06732E+00  2.06679E+00
  2.06654E+00  2.06745E+00  2.06631E+00  2.06654E+00  2.06671E+00  2.06656E+00
  2.06625E+00  2.06578E+00  2.06635E+00  2.06592E+00  2.06554E+00  2.06521E+00
  2.06435E+00  2.06485E+00  2.06424E+00  2.06405E+00  2.06340E+00  2.06306E+00
  2.06295E+00  2.06230E+00  2.06168E+00  2.06103E+00  2.06045E+00  2.05974E+00
  2.05949E+00  2.05857E+00  2.05755E+00  2.05629E+00  2.05520E+00  2.05414E+00
  2.05262E+00  2.05138E+00  2.05026E+00  2.04881E+00  2.04630E+00  2.04389E+00
  2.04143E+00  2.03908E+00  2.03659E+00  2.03419E+00  2.03187E+00  2.02880E+00
  2.02404E+00  2.01921E+00  2.01449E+00  2.00958E+00  2.00507E+00  2.00038E+00
  1.99555E+00  1.98967E+00  1.98034E+00  1.97097E+00  1.96157E+00  1.95241E+00
  1.94330E+00  1.93439E+00  1.92528E+00  1.90937E+00  1.89190E+00  1.87445E+00
  1.85729E+00  1.84025E+00  1.82348E+00  1.80687E+00  1.79060E+00  1.77425E+00
  1.74259E+00  1.71125E+00  1.68036E+00  1.65032E+00  1.62081E+00  1.59162E+00
  1.56308E+00  1.53476E+00  1.48029E+00  1.42743E+00  1.37694E+00  1.32881E+00
  1.28211E+00  1.23761E+00  1.19529E+00  1.15384E+00  1.07470E+00  1.00264E+00
  9.34174E-01  8.70869E-01  8.11786E-01  7.55768E-01  7.05040E-01  6.57833E-01
  5.71057E-01  4.95717E-01  4.30533E-01  3.72386E-01  3.21625E-01
