AutoSaveFileName0099.ASC
 IFORMY    0    .00
 (6E13.7)
 IFORMT    0    .00
 (6E13.7)
 IFORMW    0    .00
 (6E13.7)
 NINTT     0   -1.00
 DOUSNQ    0    1.00
 IQUAD     0    1.00
 PRWT      0    1.00
 PRY       0    1.00
 IPLRES    1    3.00
 IPLRES    2    3.00
 IPRINT    1    0.00
 IPRINT    2    2.00
 IPLFIT    1    0.00
 IPLFIT    2    0.00
 LINEPG    0   50.
 NONNEG    1    1.00
 IWT       0    5.00
 NQPROG    1    5.00
 NQPROG    2    5.00
 GMNMX     1    1.07537E-02
 GMNMX     2    3.86031E-03
 RUSER    10    -1.00
 NG        0    500.00
 NLINF     0    1.00
 IUSER    10    4.00
 RUSER    21    1.0
 RUSER    22   -1.0
 RUSER    23    0.0
 RUSER    18         291.96432
 RUSER    17         59.99900
 RUSER    19         1.03141
 RUSER    15         1.33200
 RUSER    16         632.80000
 RUSER    25         1
 RUSER    26         0
 END       0    0.00
 NY      162
  7.50000E-07  8.75000E-07  1.00000E-06  1.12500E-06  1.25000E-06  1.37500E-06
  1.50000E-06  1.62500E-06  1.75000E-06  1.87500E-06  2.00000E-06  2.25000E-06
  2.50000E-06  2.75000E-06  3.00000E-06  3.25000E-06  3.50000E-06  3.75000E-06
  4.00000E-06  4.50000E-06  5.00000E-06  5.50000E-06  6.00000E-06  6.50000E-06
  7.00000E-06  7.50000E-06  8.00000E-06  9.00000E-06  1.00000E-05  1.10000E-05
  1.20000E-05  1.30000E-05  1.40000E-05  1.50000E-05  1.60000E-05  1.80000E-05
  2.00000E-05  2.20000E-05  2.40000E-05  2.60000E-05  2.80000E-05  3.00000E-05
  3.20000E-05  3.60000E-05  4.00000E-05  4.40000E-05  4.80000E-05  5.20000E-05
  5.60000E-05  6.00000E-05  6.40000E-05  7.20000E-05  8.00000E-05  8.80000E-05
  9.60000E-05  1.04000E-04  1.12000E-04  1.20000E-04  1.28000E-04  1.44000E-04
  1.60000E-04  1.76000E-04  1.92000E-04  2.08000E-04  2.24000E-04  2.40000E-04
  2.56000E-04  2.88000E-04  3.20000E-04  3.52000E-04  3.84000E-04  4.16000E-04
  4.48000E-04  4.80000E-04  5.12000E-04  5.76000E-04  6.40000E-04  7.04000E-04
  7.68000E-04  8.32000E-04  8.96000E-04  9.60000E-04  1.02400E-03  1.15200E-03
  1.28000E-03  1.40800E-03  1.53600E-03  1.66400E-03  1.79200E-03  1.92000E-03
  2.01600E-03  2.27200E-03  2.52800E-03  2.78400E-03  3.04000E-03  3.29600E-03
  3.55200E-03  3.80800E-03  4.06400E-03  4.57600E-03  5.08800E-03  5.60000E-03
  6.11200E-03  6.62400E-03  7.13600E-03  7.64800E-03  8.16000E-03  9.18400E-03
  1.02080E-02  1.12320E-02  1.22560E-02  1.32800E-02  1.43040E-02  1.53280E-02
  1.63520E-02  1.84000E-02  2.04480E-02  2.24960E-02  2.45440E-02  2.65920E-02
  2.86400E-02  3.06880E-02  3.27360E-02  3.68320E-02  4.09280E-02  4.50240E-02
  4.91200E-02  5.32160E-02  5.73120E-02  6.14080E-02  6.55040E-02  7.36960E-02
  8.18880E-02  9.00800E-02  9.82720E-02  1.06464E-01  1.14656E-01  1.22848E-01
  1.31040E-01  1.47424E-01  1.63808E-01  1.80192E-01  1.96576E-01  2.12960E-01
  2.29344E-01  2.45728E-01  2.62112E-01  2.94880E-01  3.27648E-01  3.60416E-01
  3.93184E-01  4.25952E-01  4.58720E-01  4.91488E-01  5.24256E-01  5.89792E-01
  6.55328E-01  7.20864E-01  7.86400E-01  8.51936E-01  9.17472E-01  9.83008E-01
  1.00000E+00  9.97381E-01  9.94790E-01  9.95496E-01  9.97321E-01  9.94845E-01
  9.94199E-01  9.93174E-01  9.95750E-01  9.95701E-01  9.94960E-01  9.93086E-01
  9.92573E-01  9.93172E-01  9.91892E-01  9.92180E-01  9.92185E-01  9.90542E-01
  9.89593E-01  9.89491E-01  9.87545E-01  9.87610E-01  9.87567E-01  9.85912E-01
  9.86105E-01  9.85024E-01  9.83556E-01  9.82793E-01  9.81156E-01  9.79372E-01
  9.77741E-01  9.76252E-01  9.74074E-01  9.72916E-01  9.71466E-01  9.68373E-01
  9.64763E-01  9.61720E-01  9.58699E-01  9.55236E-01  9.52709E-01  9.49623E-01
  9.46399E-01  9.40559E-01  9.34179E-01  9.28064E-01  9.22111E-01  9.16334E-01
  9.10302E-01  9.04076E-01  8.98453E-01  8.86863E-01  8.75362E-01  8.64028E-01
  8.52903E-01  8.42422E-01  8.31329E-01  8.20607E-01  8.10226E-01  7.89706E-01
  7.69667E-01  7.50104E-01  7.31156E-01  7.12619E-01  6.94727E-01  6.77130E-01
  6.60351E-01  6.27517E-01  5.96379E-01  5.66962E-01  5.39063E-01  5.12577E-01
  4.87670E-01  4.63857E-01  4.41827E-01  4.00206E-01  3.62448E-01  3.28507E-01
  2.97773E-01  2.69745E-01  2.44709E-01  2.22135E-01  2.02368E-01  1.67211E-01
  1.38361E-01  1.14818E-01  9.56619E-02  8.01034E-02  6.69269E-02  5.55488E-02
  4.88684E-02  3.39905E-02  2.36496E-02  1.64201E-02  1.13149E-02  8.25493E-03
  6.79529E-03  5.91583E-03  5.33110E-03  4.18632E-03  3.03784E-03  9.55006E-04
 -1.90408E-03 -1.73218E-03 -3.34080E-04  1.26991E-03 -5.30942E-04 -1.32874E-03
  5.03181E-04  1.36592E-03  2.73494E-03  3.11593E-03  7.48930E-04  2.61531E-04
  9.65606E-04 -4.31089E-04 -2.02795E-03  2.76512E-04  8.32655E-04 -3.42716E-04
 -1.63420E-03 -2.11024E-03 -1.44880E-03 -7.01420E-04 -1.34968E-03 -3.29624E-03
 -3.96036E-04  8.12852E-04  1.54535E-03 -1.03923E-03 -8.58865E-04  7.54554E-05
  1.46204E-03  2.03094E-03 -3.30386E-04  1.66770E-03 -7.46038E-04  2.76712E-04
  1.65228E-04  4.28270E-04 -1.29527E-04 -7.05483E-05  4.38431E-04 -2.14668E-04
 -1.65301E-03 -4.84606E-04 -3.32435E-04 -3.77478E-04 -1.56668E-04  3.79369E-04
 -3.47446E-04 -5.98743E-05 -7.46929E-04  2.44182E-04 -1.48617E-05 -6.21510E-05
 -2.77322E-04  1.61140E-04 -2.02660E-05 -1.23530E-04 -5.95312E-04 -9.51241E-04
