AutoSaveFileName0085.ASC
 IFORMY    0    .00
 (6E13.7)
 IFORMT    0    .00
 (6E13.7)
 IFORMW    0    .00
 (6E13.7)
 NINTT     0   -1.00
 DOUSNQ    0    1.00
 IQUAD          1.00
 PRWT      0    1.00
 PRY       0    1.00
 IPLRES    1    3.00
 IPLRES    2    3.00
 IPRINT    1    0.00
 IPRINT    2    2.00
 IPLFIT    1    0.00
 IPLFIT    2    0.00
 LINEPG    0   50.
 NONNEG    1    1.00
 IWT       0    5.00
 NQPROG    1    5.00
 NQPROG    2    5.00
 GMNMX     1    5.145E-05
 GMNMX     2    5.145E-02
 RUSER    10    -1.00
 NG        0    200.00
 NLINF     0    0.00
 IUSER    10    4.00
 RUSER    21    1.0
 RUSER    22   -1.0
 RUSER    23    0.0
 RUSER    18         291.87717
 RUSER    17         42.99900
 RUSER    19         1.03364
 RUSER    15         1.33200
 RUSER    16         632.80000
 RUSER    25         1
 RUSER    26         0
 END       0    0.00
 NY      131
  3.75000E-07  5.00000E-07  6.25000E-07  7.50000E-07  8.75000E-07  1.00000E-06
  1.12500E-06  1.25000E-06  1.37500E-06  1.50000E-06  1.62500E-06  1.75000E-06
  1.87500E-06  2.00000E-06  2.25000E-06  2.50000E-06  2.75000E-06  3.00000E-06
  3.25000E-06  3.50000E-06  3.75000E-06  4.00000E-06  4.50000E-06  5.00000E-06
  5.50000E-06  6.00000E-06  6.50000E-06  7.00000E-06  7.50000E-06  8.00000E-06
  9.00000E-06  1.00000E-05  1.10000E-05  1.20000E-05  1.30000E-05  1.40000E-05
  1.50000E-05  1.60000E-05  1.80000E-05  2.00000E-05  2.20000E-05  2.40000E-05
  2.60000E-05  2.80000E-05  3.00000E-05  3.20000E-05  3.60000E-05  4.00000E-05
  4.40000E-05  4.80000E-05  5.20000E-05  5.60000E-05  6.00000E-05  6.40000E-05
  7.20000E-05  8.00000E-05  8.80000E-05  9.60000E-05  1.04000E-04  1.12000E-04
  1.20000E-04  1.28000E-04  1.44000E-04  1.60000E-04  1.76000E-04  1.92000E-04
  2.08000E-04  2.24000E-04  2.40000E-04  2.56000E-04  2.88000E-04  3.20000E-04
  3.52000E-04  3.84000E-04  4.16000E-04  4.48000E-04  4.80000E-04  5.12000E-04
  5.76000E-04  6.40000E-04  7.04000E-04  7.68000E-04  8.32000E-04  8.96000E-04
  9.60000E-04  1.02400E-03  1.15200E-03  1.28000E-03  1.40800E-03  1.53600E-03
  1.66400E-03  1.79200E-03  1.92000E-03  2.01600E-03  2.27200E-03  2.52800E-03
  2.78400E-03  3.04000E-03  3.29600E-03  3.55200E-03  3.80800E-03  4.06400E-03
  4.57600E-03  5.08800E-03  5.60000E-03  6.11200E-03  6.62400E-03  7.13600E-03
  7.64800E-03  8.16000E-03  9.18400E-03  1.02080E-02  1.12320E-02  1.22560E-02
  1.32800E-02  1.43040E-02  1.53280E-02  1.63520E-02  1.84000E-02  2.04480E-02
  2.24960E-02  2.45440E-02  2.65920E-02  2.86400E-02  3.06880E-02  3.27360E-02
  3.68320E-02  4.09280E-02  4.50240E-02  4.91200E-02  5.32160E-02
  1.71804E+00  1.70956E+00  1.70723E+00  1.71115E+00  1.70976E+00  1.70225E+00
  1.70305E+00  1.70222E+00  1.70938E+00  1.70469E+00  1.70663E+00  1.70390E+00
  1.69846E+00  1.70479E+00  1.70713E+00  1.69820E+00  1.70418E+00  1.70129E+00
  1.69544E+00  1.70119E+00  1.70655E+00  1.70552E+00  1.70009E+00  1.70293E+00
  1.69998E+00  1.70001E+00  1.69802E+00  1.70294E+00  1.70379E+00  1.70245E+00
  1.69987E+00  1.69843E+00  1.69834E+00  1.70077E+00  1.69888E+00  1.70007E+00
  1.70107E+00  1.70027E+00  1.69778E+00  1.69797E+00  1.69720E+00  1.69626E+00
  1.69982E+00  1.69674E+00  1.69485E+00  1.69503E+00  1.69406E+00  1.69367E+00
  1.69336E+00  1.69062E+00  1.69029E+00  1.69084E+00  1.68673E+00  1.68708E+00
  1.68612E+00  1.68443E+00  1.68254E+00  1.68074E+00  1.67893E+00  1.67580E+00
  1.67537E+00  1.67323E+00  1.66883E+00  1.66586E+00  1.66194E+00  1.65771E+00
  1.65443E+00  1.65054E+00  1.64749E+00  1.64285E+00  1.63588E+00  1.62836E+00
  1.62093E+00  1.61389E+00  1.60656E+00  1.59930E+00  1.59172E+00  1.58486E+00
  1.57022E+00  1.55668E+00  1.54229E+00  1.52890E+00  1.51551E+00  1.50218E+00
  1.48888E+00  1.47488E+00  1.44910E+00  1.42367E+00  1.39902E+00  1.37474E+00
  1.35107E+00  1.32839E+00  1.30578E+00  1.29177E+00  1.24802E+00  1.20601E+00
  1.16481E+00  1.12526E+00  1.08738E+00  1.05046E+00  1.01489E+00  9.80823E-01
  9.15415E-01  8.55012E-01  7.98117E-01  7.45282E-01  6.96794E-01  6.50438E-01
  6.07264E-01  5.68040E-01  4.95147E-01  4.31121E-01  3.73583E-01  3.23163E-01
  2.78948E-01  2.39664E-01  2.04898E-01  1.75293E-01  1.20939E-01  7.21904E-02
  3.45761E-02  7.78843E-03 -6.60207E-03 -1.35431E-02 -1.42471E-02 -1.93153E-02
 -2.62553E-02 -2.06837E-02 -1.85691E-02 -1.82260E-02 -2.16034E-02
