AutoSaveFileName0066.ASC
 IFORMY    0    .00
 (6E13.7)
 IFORMT    0    .00
 (6E13.7)
 IFORMW    0    .00
 (6E13.7)
 NINTT     0   -1.00
 DOUSNQ    0    1.00
 IQUAD          1.00
 PRWT      0    1.00
 PRY       0    1.00
 IPLRES    1    3.00
 IPLRES    2    3.00
 IPRINT    1    0.00
 IPRINT    2    2.00
 IPLFIT    1    0.00
 IPLFIT    2    0.00
 LINEPG    0   50.
 NONNEG    1    1.00
 IWT       0    5.00
 NQPROG    1    5.00
 NQPROG    2    5.00
 GMNMX     1    4.679E-05
 GMNMX     2    4.679E-02
 RUSER    10    -1.00
 NG        0    200.00
 NLINF     0    0.00
 IUSER    10    4.00
 RUSER    21    1.0
 RUSER    22   -1.0
 RUSER    23    0.0
 RUSER    18         292.18122
 RUSER    17         44.99800
 RUSER    19         1.02589
 RUSER    15         1.33200
 RUSER    16         632.80000
 RUSER    25         1
 RUSER    26         0
 END       0    0.00
 NY      188
  5.00000E-07  6.25000E-07  7.50000E-07  8.75000E-07  1.00000E-06  1.12500E-06
  1.25000E-06  1.37500E-06  1.50000E-06  1.62500E-06  1.75000E-06  1.87500E-06
  2.00000E-06  2.25000E-06  2.50000E-06  2.75000E-06  3.00000E-06  3.25000E-06
  3.50000E-06  3.75000E-06  4.00000E-06  4.50000E-06  5.00000E-06  5.50000E-06
  6.00000E-06  6.50000E-06  7.00000E-06  7.50000E-06  8.00000E-06  9.00000E-06
  1.00000E-05  1.10000E-05  1.20000E-05  1.30000E-05  1.40000E-05  1.50000E-05
  1.60000E-05  1.80000E-05  2.00000E-05  2.20000E-05  2.40000E-05  2.60000E-05
  2.80000E-05  3.00000E-05  3.20000E-05  3.60000E-05  4.00000E-05  4.40000E-05
  4.80000E-05  5.20000E-05  5.60000E-05  6.00000E-05  6.40000E-05  7.20000E-05
  8.00000E-05  8.80000E-05  9.60000E-05  1.04000E-04  1.12000E-04  1.20000E-04
  1.28000E-04  1.44000E-04  1.60000E-04  1.76000E-04  1.92000E-04  2.08000E-04
  2.24000E-04  2.40000E-04  2.56000E-04  2.88000E-04  3.20000E-04  3.52000E-04
  3.84000E-04  4.16000E-04  4.48000E-04  4.80000E-04  5.12000E-04  5.76000E-04
  6.40000E-04  7.04000E-04  7.68000E-04  8.32000E-04  8.96000E-04  9.60000E-04
  1.02400E-03  1.15200E-03  1.28000E-03  1.40800E-03  1.53600E-03  1.66400E-03
  1.79200E-03  1.92000E-03  2.01600E-03  2.27200E-03  2.52800E-03  2.78400E-03
  3.04000E-03  3.29600E-03  3.55200E-03  3.80800E-03  4.06400E-03  4.57600E-03
  5.08800E-03  5.60000E-03  6.11200E-03  6.62400E-03  7.13600E-03  7.64800E-03
  8.16000E-03  9.18400E-03  1.02080E-02  1.12320E-02  1.22560E-02  1.32800E-02
  1.43040E-02  1.53280E-02  1.63520E-02  1.84000E-02  2.04480E-02  2.24960E-02
  2.45440E-02  2.65920E-02  2.86400E-02  3.06880E-02  3.27360E-02  3.68320E-02
  4.09280E-02  4.50240E-02  4.91200E-02  5.32160E-02  5.73120E-02  6.14080E-02
  6.55040E-02  7.36960E-02  8.18880E-02  9.00800E-02  9.82720E-02  1.06464E-01
  1.14656E-01  1.22848E-01  1.31040E-01  1.47424E-01  1.63808E-01  1.80192E-01
  1.96576E-01  2.12960E-01  2.29344E-01  2.45728E-01  2.62112E-01  2.94880E-01
  3.27648E-01  3.60416E-01  3.93184E-01  4.25952E-01  4.58720E-01  4.91488E-01
  5.24256E-01  5.89792E-01  6.55328E-01  7.20864E-01  7.86400E-01  8.51936E-01
  9.17472E-01  9.83008E-01  1.04854E+00  1.17962E+00  1.31069E+00  1.44176E+00
  1.57283E+00  1.70390E+00  1.83498E+00  1.96605E+00  2.09712E+00  2.35926E+00
  2.62141E+00  2.88355E+00  3.14570E+00  3.40784E+00  3.66998E+00  3.93213E+00
  4.19427E+00  4.71856E+00  5.24285E+00  5.76714E+00  6.29142E+00  6.81571E+00
  7.34000E+00  7.86429E+00
  9.93982E-01  9.93605E-01  9.89497E-01  9.93049E-01  9.91392E-01  9.86424E-01
  9.86994E-01  9.90404E-01  9.91454E-01  9.88368E-01  9.87919E-01  9.87585E-01
  9.88851E-01  9.87573E-01  9.87471E-01  9.89141E-01  9.88286E-01  9.86696E-01
  9.89490E-01  9.85712E-01  9.86941E-01  9.87997E-01  9.88390E-01  9.87854E-01
  9.86959E-01  9.87700E-01  9.89027E-01  9.89626E-01  9.88212E-01  9.87030E-01
  9.86721E-01  9.86507E-01  9.85846E-01  9.86627E-01  9.87066E-01  9.87941E-01
  9.87275E-01  9.86926E-01  9.87144E-01  9.87079E-01  9.85663E-01  9.86707E-01
  9.86750E-01  9.85785E-01  9.85825E-01  9.85507E-01  9.85080E-01  9.85075E-01
  9.84169E-01  9.84093E-01  9.84336E-01  9.84140E-01  9.83454E-01  9.82867E-01
  9.82359E-01  9.82179E-01  9.81319E-01  9.80704E-01  9.80277E-01  9.79433E-01
  9.78758E-01  9.78019E-01  9.76855E-01  9.75570E-01  9.74715E-01  9.73339E-01
  9.72174E-01  9.71061E-01  9.69734E-01  9.67543E-01  9.65323E-01  9.63106E-01
  9.60661E-01  9.58463E-01  9.56392E-01  9.53983E-01  9.44816E-01  9.40256E-01
  9.35977E-01  9.31497E-01  9.27246E-01  9.22858E-01  9.18580E-01  9.14132E-01
  8.41808E-01  8.33605E-01  8.25383E-01  8.17293E-01  8.09492E-01  8.01525E-01
  7.93874E-01  7.86182E-01  8.52304E-01  8.36473E-01  8.20874E-01  8.05577E-01
  7.90595E-01  7.75933E-01  7.61468E-01  7.47252E-01  7.33567E-01  7.06639E-01
  6.80775E-01  6.56040E-01  6.32427E-01  6.09692E-01  5.87824E-01  5.66790E-01
  5.47011E-01  5.08527E-01  4.72302E-01  4.38979E-01  4.08010E-01  3.78846E-01
  3.51461E-01  3.26277E-01  3.03701E-01  2.62723E-01  2.27441E-01  1.96857E-01
  1.70537E-01  1.49677E-01  1.31184E-01  1.15163E-01  1.01809E-01  8.11687E-02
  6.54711E-02  5.15082E-02  4.25796E-02  3.46616E-02  2.89598E-02  2.40684E-02
  1.96505E-02  8.01723E-03 -8.92955E-04 -8.17480E-03 -1.39155E-02 -9.62916E-03
 -8.34314E-03 -1.18219E-02 -1.26794E-02 -5.96029E-03  6.79138E-03  1.28190E-02
  1.68270E-02  9.87199E-03 -7.00821E-03 -6.29125E-03 -6.28127E-03  5.53368E-03
  9.50581E-03  3.51987E-03  7.66941E-03 -1.45107E-02 -6.12764E-03 -2.97464E-03
 -9.23935E-03 -1.39100E-02 -7.34347E-03 -3.32680E-03  3.25116E-03  7.04392E-03
 -5.20918E-03  6.95134E-03  1.45451E-04 -1.25004E-02 -3.21075E-03  5.47370E-03
  8.26340E-03  2.62351E-03  1.24074E-03  6.06882E-03 -6.51976E-03 -2.16143E-03
  1.72333E-03 -4.59734E-03 -7.57213E-03  5.61413E-03 -4.85245E-03 -5.58489E-03
  6.76186E-04  2.29968E-03 -1.01340E-03  1.21545E-04 -6.78410E-03 -3.47696E-03
  7.48129E-03 -4.40990E-03
