AutoSaveFileName0256.ASC
 IFORMY    0    .00
 (6E13.7)
 IFORMT    0    .00
 (6E13.7)
 IFORMW    0    .00
 (6E13.7)
 NINTT     0   -1.00
 DOUSNQ    0    1.00
 IQUAD     0    1.00
 PRWT      0    1.00
 PRY       0    1.00
 IPLRES    1    3.00
 IPLRES    2    3.00
 IPRINT    1    0.00
 IPRINT    2    2.00
 IPLFIT    1    0.00
 IPLFIT    2    0.00
 LINEPG    0   50.
 NONNEG    1    1.00
 IWT       0    5.00
 NQPROG    1    5.00
 NQPROG    2    5.00
 GMNMX     1    3.02976E-03
 GMNMX     2    1.08761E-03
 RUSER    10    -1.00
 NG        0    500.00
 NLINF     0    1.00
 IUSER    10    4.00
 RUSER    21    1.0
 RUSER    22   -1.0
 RUSER    23    0.0
 RUSER    18         292.13641
 RUSER    17         139.99900
 RUSER    19         1.02702
 RUSER    15         1.33200
 RUSER    16         632.80000
 RUSER    25         1
 RUSER    26         0
 END       0    0.00
 NY      162
  7.50000E-07  8.75000E-07  1.00000E-06  1.12500E-06  1.25000E-06  1.37500E-06
  1.50000E-06  1.62500E-06  1.75000E-06  1.87500E-06  2.00000E-06  2.25000E-06
  2.50000E-06  2.75000E-06  3.00000E-06  3.25000E-06  3.50000E-06  3.75000E-06
  4.00000E-06  4.50000E-06  5.00000E-06  5.50000E-06  6.00000E-06  6.50000E-06
  7.00000E-06  7.50000E-06  8.00000E-06  9.00000E-06  1.00000E-05  1.10000E-05
  1.20000E-05  1.30000E-05  1.40000E-05  1.50000E-05  1.60000E-05  1.80000E-05
  2.00000E-05  2.20000E-05  2.40000E-05  2.60000E-05  2.80000E-05  3.00000E-05
  3.20000E-05  3.60000E-05  4.00000E-05  4.40000E-05  4.80000E-05  5.20000E-05
  5.60000E-05  6.00000E-05  6.40000E-05  7.20000E-05  8.00000E-05  8.80000E-05
  9.60000E-05  1.04000E-04  1.12000E-04  1.20000E-04  1.28000E-04  1.44000E-04
  1.60000E-04  1.76000E-04  1.92000E-04  2.08000E-04  2.24000E-04  2.40000E-04
  2.56000E-04  2.88000E-04  3.20000E-04  3.52000E-04  3.84000E-04  4.16000E-04
  4.48000E-04  4.80000E-04  5.12000E-04  5.76000E-04  6.40000E-04  7.04000E-04
  7.68000E-04  8.32000E-04  8.96000E-04  9.60000E-04  1.02400E-03  1.15200E-03
  1.28000E-03  1.40800E-03  1.53600E-03  1.66400E-03  1.79200E-03  1.92000E-03
  2.01600E-03  2.27200E-03  2.52800E-03  2.78400E-03  3.04000E-03  3.29600E-03
  3.55200E-03  3.80800E-03  4.06400E-03  4.57600E-03  5.08800E-03  5.60000E-03
  6.11200E-03  6.62400E-03  7.13600E-03  7.64800E-03  8.16000E-03  9.18400E-03
  1.02080E-02  1.12320E-02  1.22560E-02  1.32800E-02  1.43040E-02  1.53280E-02
  1.63520E-02  1.84000E-02  2.04480E-02  2.24960E-02  2.45440E-02  2.65920E-02
  2.86400E-02  3.06880E-02  3.27360E-02  3.68320E-02  4.09280E-02  4.50240E-02
  4.91200E-02  5.32160E-02  5.73120E-02  6.14080E-02  6.55040E-02  7.36960E-02
  8.18880E-02  9.00800E-02  9.82720E-02  1.06464E-01  1.14656E-01  1.22848E-01
  1.31040E-01  1.47424E-01  1.63808E-01  1.80192E-01  1.96576E-01  2.12960E-01
  2.29344E-01  2.45728E-01  2.62112E-01  2.94880E-01  3.27648E-01  3.60416E-01
  3.93184E-01  4.25952E-01  4.58720E-01  4.91488E-01  5.24256E-01  5.89792E-01
  6.55328E-01  7.20864E-01  7.86400E-01  8.51936E-01  9.17472E-01  9.83008E-01
  9.99296E-01  1.00000E+00  9.96141E-01  9.95749E-01  9.94351E-01  9.92237E-01
  9.92249E-01  9.91881E-01  9.91408E-01  9.88123E-01  9.88267E-01  9.88858E-01
  9.85682E-01  9.85216E-01  9.82608E-01  9.79761E-01  9.78614E-01  9.80668E-01
  9.77405E-01  9.74336E-01  9.69788E-01  9.69779E-01  9.65683E-01  9.62348E-01
  9.60862E-01  9.56625E-01  9.53842E-01  9.48492E-01  9.42600E-01  9.36278E-01
  9.31879E-01  9.26317E-01  9.20793E-01  9.15392E-01  9.08949E-01  8.98903E-01
  8.87506E-01  8.77471E-01  8.66193E-01  8.56705E-01  8.46129E-01  8.36315E-01
  8.26044E-01  8.06852E-01  7.87193E-01  7.68461E-01  7.50649E-01  7.33096E-01
  7.15503E-01  6.98804E-01  6.82276E-01  6.50461E-01  6.19862E-01  5.90791E-01
  5.63335E-01  5.36572E-01  5.11654E-01  4.87815E-01  4.65368E-01  4.22866E-01
  3.84235E-01  3.49299E-01  3.17710E-01  2.88849E-01  2.62651E-01  2.38825E-01
  2.17754E-01  1.80480E-01  1.49308E-01  1.23801E-01  1.02838E-01  8.53723E-02
  7.10828E-02  5.92270E-02  4.99639E-02  3.51877E-02  2.56839E-02  1.83721E-02
  1.31705E-02  9.55221E-03  6.59080E-03  4.42763E-03  3.52863E-03  2.73600E-03
  2.50358E-03  2.43103E-03  2.32880E-03  1.86086E-03  1.00360E-03 -6.26434E-05
 -4.25206E-06  5.17235E-05  9.70996E-05 -6.57432E-04  2.07806E-05  6.41734E-04
 -4.48506E-04 -1.72176E-03 -6.92401E-04 -1.64851E-04  8.51879E-04  7.74087E-04
  1.18671E-03  5.37888E-04 -1.30706E-03 -7.47520E-04 -7.98389E-04  2.15580E-04
  1.23571E-03  1.13428E-04  5.56339E-04  6.63449E-04 -6.81612E-04 -4.29456E-04
 -5.38695E-04  2.88537E-04 -2.94893E-04  4.00973E-06 -2.86570E-04  1.03756E-04
  8.51090E-04  5.14412E-06 -3.52913E-04  1.49259E-04 -7.90526E-04 -5.06241E-04
  1.97157E-04  1.27987E-04  2.60934E-04  4.00069E-04 -3.30628E-04  2.07034E-04
 -3.91919E-04  6.87173E-05  2.68007E-04  1.90566E-04  2.12584E-04  3.12650E-04
  2.27203E-05  2.66122E-04  4.14195E-04  7.90189E-05  8.41930E-05 -5.73269E-05
  2.45279E-04  2.25317E-05 -3.96360E-05 -3.11235E-04  1.81879E-04  2.02255E-04
 -9.18287E-05  1.87488E-05 -3.37005E-04 -2.65626E-04 -5.16512E-05 -1.67313E-04
  5.21326E-05 -7.49967E-05  1.36170E-04 -1.27686E-05 -5.00132E-05  1.94533E-05
