AutoSaveFileName0008.ASC
 IFORMY    0    .00
 (6E13.7)
 IFORMT    0    .00
 (6E13.7)
 IFORMW    0    .00
 (6E13.7)
 NINTT     0   -1.00
 DOUSNQ    0    1.00
 IQUAD          1.00
 PRWT      0    1.00
 PRY       0    1.00
 IPLRES    1    3.00
 IPLRES    2    3.00
 IPRINT    1    0.00
 IPRINT    2    2.00
 IPLFIT    1    0.00
 IPLFIT    2    0.00
 LINEPG    0   50.
 NONNEG    1    1.00
 IWT       0    5.00
 NQPROG    1    5.00
 NQPROG    2    5.00
 GMNMX     1    4.023E-04
 GMNMX     2    4.023E-01
 RUSER    10    -1.00
 NG        0    200.00
 NLINF     0    0.00
 IUSER    10    4.00
 RUSER    21    1.0
 RUSER    22   -1.0
 RUSER    23    0.0
 RUSER    18         292.15611
 RUSER    17         15.00300
 RUSER    19         1.02652
 RUSER    15         1.33200
 RUSER    16         632.80000
 RUSER    25         1
 RUSER    26         0
 END       0    0.00
 NY      188
  5.00000E-07  6.25000E-07  7.50000E-07  8.75000E-07  1.00000E-06  1.12500E-06
  1.25000E-06  1.37500E-06  1.50000E-06  1.62500E-06  1.75000E-06  1.87500E-06
  2.00000E-06  2.25000E-06  2.50000E-06  2.75000E-06  3.00000E-06  3.25000E-06
  3.50000E-06  3.75000E-06  4.00000E-06  4.50000E-06  5.00000E-06  5.50000E-06
  6.00000E-06  6.50000E-06  7.00000E-06  7.50000E-06  8.00000E-06  9.00000E-06
  1.00000E-05  1.10000E-05  1.20000E-05  1.30000E-05  1.40000E-05  1.50000E-05
  1.60000E-05  1.80000E-05  2.00000E-05  2.20000E-05  2.40000E-05  2.60000E-05
  2.80000E-05  3.00000E-05  3.20000E-05  3.60000E-05  4.00000E-05  4.40000E-05
  4.80000E-05  5.20000E-05  5.60000E-05  6.00000E-05  6.40000E-05  7.20000E-05
  8.00000E-05  8.80000E-05  9.60000E-05  1.04000E-04  1.12000E-04  1.20000E-04
  1.28000E-04  1.44000E-04  1.60000E-04  1.76000E-04  1.92000E-04  2.08000E-04
  2.24000E-04  2.40000E-04  2.56000E-04  2.88000E-04  3.20000E-04  3.52000E-04
  3.84000E-04  4.16000E-04  4.48000E-04  4.80000E-04  5.12000E-04  5.76000E-04
  6.40000E-04  7.04000E-04  7.68000E-04  8.32000E-04  8.96000E-04  9.60000E-04
  1.02400E-03  1.15200E-03  1.28000E-03  1.40800E-03  1.53600E-03  1.66400E-03
  1.79200E-03  1.92000E-03  2.01600E-03  2.27200E-03  2.52800E-03  2.78400E-03
  3.04000E-03  3.29600E-03  3.55200E-03  3.80800E-03  4.06400E-03  4.57600E-03
  5.08800E-03  5.60000E-03  6.11200E-03  6.62400E-03  7.13600E-03  7.64800E-03
  8.16000E-03  9.18400E-03  1.02080E-02  1.12320E-02  1.22560E-02  1.32800E-02
  1.43040E-02  1.53280E-02  1.63520E-02  1.84000E-02  2.04480E-02  2.24960E-02
  2.45440E-02  2.65920E-02  2.86400E-02  3.06880E-02  3.27360E-02  3.68320E-02
  4.09280E-02  4.50240E-02  4.91200E-02  5.32160E-02  5.73120E-02  6.14080E-02
  6.55040E-02  7.36960E-02  8.18880E-02  9.00800E-02  9.82720E-02  1.06464E-01
  1.14656E-01  1.22848E-01  1.31040E-01  1.47424E-01  1.63808E-01  1.80192E-01
  1.96576E-01  2.12960E-01  2.29344E-01  2.45728E-01  2.62112E-01  2.94880E-01
  3.27648E-01  3.60416E-01  3.93184E-01  4.25952E-01  4.58720E-01  4.91488E-01
  5.24256E-01  5.89792E-01  6.55328E-01  7.20864E-01  7.86400E-01  8.51936E-01
  9.17472E-01  9.83008E-01  1.04854E+00  1.17962E+00  1.31069E+00  1.44176E+00
  1.57283E+00  1.70390E+00  1.83498E+00  1.96605E+00  2.09712E+00  2.35926E+00
  2.62141E+00  2.88355E+00  3.14570E+00  3.40784E+00  3.66998E+00  3.93213E+00
  4.19427E+00  4.71856E+00  5.24285E+00  5.76714E+00  6.29142E+00  6.81571E+00
  7.34000E+00  7.86429E+00
  9.98977E-01  9.98520E-01  9.98317E-01  9.97869E-01  9.97651E-01  9.97264E-01
  9.97092E-01  9.96563E-01  9.96362E-01  9.96221E-01  9.95658E-01  9.95604E-01
  9.95371E-01  9.94775E-01  9.94203E-01  9.93633E-01  9.93042E-01  9.92388E-01
  9.91875E-01  9.91336E-01  9.90870E-01  9.89755E-01  9.88603E-01  9.87331E-01
  9.86218E-01  9.85175E-01  9.84062E-01  9.82883E-01  9.81801E-01  9.79448E-01
  9.77222E-01  9.74957E-01  9.72703E-01  9.70404E-01  9.68171E-01  9.65874E-01
  9.63709E-01  9.60840E-01  9.59579E-01  9.58482E-01  9.57364E-01  9.56226E-01
  9.55115E-01  9.54015E-01  9.52902E-01  9.50845E-01  9.49112E-01  9.47451E-01
  9.45786E-01  9.44125E-01  9.42625E-01  9.41175E-01  9.39785E-01  9.36968E-01
  9.34373E-01  9.31836E-01  9.29443E-01  9.27101E-01  9.24888E-01  9.22752E-01
  9.20713E-01  9.16726E-01  9.12954E-01  9.09343E-01  9.05890E-01  9.02553E-01
  8.99340E-01  8.96206E-01  8.93262E-01  8.87411E-01  8.81897E-01  8.76616E-01
  8.71558E-01  8.66691E-01  8.62008E-01  8.59290E-01  8.70495E-01  8.69361E-01
  8.66739E-01  8.63424E-01  8.59783E-01  8.55783E-01  8.51606E-01  8.47615E-01
  8.50880E-01  8.45958E-01  8.40508E-01  8.34747E-01  8.34292E-01  8.28916E-01
  8.23918E-01  8.18901E-01  8.19648E-01  8.11237E-01  8.04658E-01  7.97093E-01
  7.90756E-01  7.83350E-01  7.77123E-01  7.70430E-01  7.64920E-01  7.53102E-01
  7.42429E-01  7.31231E-01  7.20881E-01  7.11448E-01  7.02551E-01  6.93039E-01
  6.84504E-01  6.68131E-01  6.51686E-01  6.36187E-01  6.21588E-01  6.07132E-01
  5.93542E-01  5.80380E-01  5.67926E-01  5.42846E-01  5.18988E-01  4.96995E-01
  4.76871E-01  4.58161E-01  4.40763E-01  4.24483E-01  4.11343E-01  3.85248E-01
  3.61551E-01  3.39121E-01  3.18426E-01  2.99763E-01  2.83114E-01  2.67235E-01
  2.54181E-01  2.29351E-01  2.08433E-01  1.92591E-01  1.76700E-01  1.61511E-01
  1.50787E-01  1.40994E-01  1.32849E-01  1.21227E-01  1.14088E-01  1.06006E-01
  9.91381E-02  9.10502E-02  8.44924E-02  8.50450E-02  8.07063E-02  7.64228E-02
  7.99978E-02  8.54955E-02  8.47246E-02  7.45246E-02  6.32293E-02  5.31044E-02
  4.66555E-02  5.75246E-02  6.11870E-02  4.78477E-02  5.13617E-02  3.95792E-02
  3.72939E-02  3.53328E-02  3.40652E-02  3.73941E-02  2.04116E-02  2.65271E-02
  1.96143E-02  1.61348E-02  3.75683E-02  3.44531E-02  3.29699E-02  1.54313E-02
  2.20472E-02  1.43408E-02  1.06848E-02 -6.31342E-03  1.10325E-03 -9.01720E-03
  1.33510E-02 -5.81228E-03 -8.44309E-03 -1.69846E-02 -4.98959E-03 -9.65806E-03
  1.27033E-03 -2.01490E-02
