AutoSaveFileName0082.ASC
 IFORMY    0    .00
 (6E13.7)
 IFORMT    0    .00
 (6E13.7)
 IFORMW    0    .00
 (6E13.7)
 NINTT     0   -1.00
 DOUSNQ    0    1.00
 IQUAD     0    1.00
 PRWT      0    1.00
 PRY       0    1.00
 IPLRES    1    3.00
 IPLRES    2    3.00
 IPRINT    1    0.00
 IPRINT    2    2.00
 IPLFIT    1    0.00
 IPLFIT    2    0.00
 LINEPG    0   50.
 NONNEG    1    1.00
 IWT       0    5.00
 NQPROG    1    5.00
 NQPROG    2    5.00
 GMNMX     1    1.26151E-02
 GMNMX     2    4.52850E-03
 RUSER    10    -1.00
 NG        0    500.00
 NLINF     0    1.00
 IUSER    10    4.00
 RUSER    21    1.0
 RUSER    22   -1.0
 RUSER    23    0.0
 RUSER    18         291.95008
 RUSER    17         54.99700
 RUSER    19         1.03177
 RUSER    15         1.33200
 RUSER    16         632.80000
 RUSER    25         1
 RUSER    26         0
 END       0    0.00
 NY      162
  7.50000E-07  8.75000E-07  1.00000E-06  1.12500E-06  1.25000E-06  1.37500E-06
  1.50000E-06  1.62500E-06  1.75000E-06  1.87500E-06  2.00000E-06  2.25000E-06
  2.50000E-06  2.75000E-06  3.00000E-06  3.25000E-06  3.50000E-06  3.75000E-06
  4.00000E-06  4.50000E-06  5.00000E-06  5.50000E-06  6.00000E-06  6.50000E-06
  7.00000E-06  7.50000E-06  8.00000E-06  9.00000E-06  1.00000E-05  1.10000E-05
  1.20000E-05  1.30000E-05  1.40000E-05  1.50000E-05  1.60000E-05  1.80000E-05
  2.00000E-05  2.20000E-05  2.40000E-05  2.60000E-05  2.80000E-05  3.00000E-05
  3.20000E-05  3.60000E-05  4.00000E-05  4.40000E-05  4.80000E-05  5.20000E-05
  5.60000E-05  6.00000E-05  6.40000E-05  7.20000E-05  8.00000E-05  8.80000E-05
  9.60000E-05  1.04000E-04  1.12000E-04  1.20000E-04  1.28000E-04  1.44000E-04
  1.60000E-04  1.76000E-04  1.92000E-04  2.08000E-04  2.24000E-04  2.40000E-04
  2.56000E-04  2.88000E-04  3.20000E-04  3.52000E-04  3.84000E-04  4.16000E-04
  4.48000E-04  4.80000E-04  5.12000E-04  5.76000E-04  6.40000E-04  7.04000E-04
  7.68000E-04  8.32000E-04  8.96000E-04  9.60000E-04  1.02400E-03  1.15200E-03
  1.28000E-03  1.40800E-03  1.53600E-03  1.66400E-03  1.79200E-03  1.92000E-03
  2.01600E-03  2.27200E-03  2.52800E-03  2.78400E-03  3.04000E-03  3.29600E-03
  3.55200E-03  3.80800E-03  4.06400E-03  4.57600E-03  5.08800E-03  5.60000E-03
  6.11200E-03  6.62400E-03  7.13600E-03  7.64800E-03  8.16000E-03  9.18400E-03
  1.02080E-02  1.12320E-02  1.22560E-02  1.32800E-02  1.43040E-02  1.53280E-02
  1.63520E-02  1.84000E-02  2.04480E-02  2.24960E-02  2.45440E-02  2.65920E-02
  2.86400E-02  3.06880E-02  3.27360E-02  3.68320E-02  4.09280E-02  4.50240E-02
  4.91200E-02  5.32160E-02  5.73120E-02  6.14080E-02  6.55040E-02  7.36960E-02
  8.18880E-02  9.00800E-02  9.82720E-02  1.06464E-01  1.14656E-01  1.22848E-01
  1.31040E-01  1.47424E-01  1.63808E-01  1.80192E-01  1.96576E-01  2.12960E-01
  2.29344E-01  2.45728E-01  2.62112E-01  2.94880E-01  3.27648E-01  3.60416E-01
  3.93184E-01  4.25952E-01  4.58720E-01  4.91488E-01  5.24256E-01  5.89792E-01
  6.55328E-01  7.20864E-01  7.86400E-01  8.51936E-01  9.17472E-01  9.83008E-01
  1.00000E+00  9.98899E-01  9.99658E-01  9.97946E-01  9.98356E-01  9.94871E-01
  9.98038E-01  9.95614E-01  9.96422E-01  9.93339E-01  9.93906E-01  9.93247E-01
  9.94947E-01  9.94059E-01  9.93918E-01  9.95486E-01  9.91185E-01  9.91193E-01
  9.92660E-01  9.90413E-01  9.90437E-01  9.90682E-01  9.88934E-01  9.88901E-01
  9.87921E-01  9.88765E-01  9.87639E-01  9.84122E-01  9.84391E-01  9.82168E-01
  9.82245E-01  9.79889E-01  9.78571E-01  9.76537E-01  9.75295E-01  9.73659E-01
  9.70632E-01  9.68244E-01  9.64976E-01  9.63834E-01  9.59489E-01  9.57467E-01
  9.54219E-01  9.49146E-01  9.44387E-01  9.38916E-01  9.33481E-01  9.28227E-01
  9.23307E-01  9.18548E-01  9.12989E-01  9.02666E-01  8.93079E-01  8.82579E-01
  8.73708E-01  8.63887E-01  8.54144E-01  8.44464E-01  8.35681E-01  8.17471E-01
  7.99917E-01  7.82303E-01  7.65323E-01  7.48686E-01  7.32000E-01  7.16081E-01
  7.00734E-01  6.70481E-01  6.41471E-01  6.14125E-01  5.88153E-01  5.63536E-01
  5.39502E-01  5.16919E-01  4.95731E-01  4.55409E-01  4.18254E-01  3.84541E-01
  3.53801E-01  3.25456E-01  2.99339E-01  2.75630E-01  2.53164E-01  2.14223E-01
  1.81593E-01  1.54739E-01  1.32009E-01  1.12725E-01  9.68875E-02  8.33840E-02
  7.49936E-02  5.57269E-02  4.19175E-02  3.12011E-02  2.33515E-02  1.80330E-02
  1.37208E-02  1.09540E-02  9.12337E-03  4.94907E-03  7.06623E-04 -4.58540E-04
  1.44706E-03  1.01425E-03 -1.85082E-04  8.68976E-04  5.68689E-04  6.12874E-04
  4.68437E-03  3.69909E-03  1.03004E-03 -2.70798E-04  1.35875E-05 -1.29697E-03
  1.07785E-03 -4.82164E-04  1.52317E-03 -3.53770E-04 -9.06038E-05 -4.17551E-05
 -1.46194E-03  1.05640E-03  1.79501E-04  1.74720E-04  1.23567E-03 -1.09854E-04
 -2.87582E-03 -4.87905E-04  1.09962E-04 -6.53249E-03 -2.88867E-03 -1.15916E-03
 -9.51136E-04  1.52846E-03 -6.83642E-04 -3.10297E-03  4.86023E-03  1.86417E-03
  1.56969E-03 -7.94591E-04  6.23503E-05  4.28051E-03  1.17299E-03 -2.01001E-03
  2.11355E-03 -5.20046E-04  2.13442E-04 -3.44472E-04 -1.09965E-03  2.52692E-03
 -2.64543E-03  5.02267E-04  3.24158E-04  6.20874E-04 -8.68092E-04 -2.35641E-04
 -6.08718E-04  1.05839E-03 -1.31281E-03  2.12388E-04  8.04870E-04 -1.84442E-04
