AutoSaveFileName0078.ASC
 IFORMY    0    .00
 (6E13.7)
 IFORMT    0    .00
 (6E13.7)
 IFORMW    0    .00
 (6E13.7)
 NINTT     0   -1.00
 DOUSNQ    0    1.00
 IQUAD          1.00
 PRWT      0    1.00
 PRY       0    1.00
 IPLRES    1    3.00
 IPLRES    2    3.00
 IPRINT    1    0.00
 IPRINT    2    2.00
 IPLFIT    1    0.00
 IPLFIT    2    0.00
 LINEPG    0   50.
 NONNEG    1    1.00
 IWT       0    5.00
 NQPROG    1    5.00
 NQPROG    2    5.00
 GMNMX     1    5.636E-05
 GMNMX     2    5.636E-02
 RUSER    10    -1.00
 NG        0    200.00
 NLINF     0    0.00
 IUSER    10    4.00
 RUSER    21    1.0
 RUSER    22   -1.0
 RUSER    23    0.0
 RUSER    18         291.86993
 RUSER    17         40.99900
 RUSER    19         1.03383
 RUSER    15         1.33200
 RUSER    16         632.80000
 RUSER    25         1
 RUSER    26         0
 END       0    0.00
 NY      131
  3.75000E-07  5.00000E-07  6.25000E-07  7.50000E-07  8.75000E-07  1.00000E-06
  1.12500E-06  1.25000E-06  1.37500E-06  1.50000E-06  1.62500E-06  1.75000E-06
  1.87500E-06  2.00000E-06  2.25000E-06  2.50000E-06  2.75000E-06  3.00000E-06
  3.25000E-06  3.50000E-06  3.75000E-06  4.00000E-06  4.50000E-06  5.00000E-06
  5.50000E-06  6.00000E-06  6.50000E-06  7.00000E-06  7.50000E-06  8.00000E-06
  9.00000E-06  1.00000E-05  1.10000E-05  1.20000E-05  1.30000E-05  1.40000E-05
  1.50000E-05  1.60000E-05  1.80000E-05  2.00000E-05  2.20000E-05  2.40000E-05
  2.60000E-05  2.80000E-05  3.00000E-05  3.20000E-05  3.60000E-05  4.00000E-05
  4.40000E-05  4.80000E-05  5.20000E-05  5.60000E-05  6.00000E-05  6.40000E-05
  7.20000E-05  8.00000E-05  8.80000E-05  9.60000E-05  1.04000E-04  1.12000E-04
  1.20000E-04  1.28000E-04  1.44000E-04  1.60000E-04  1.76000E-04  1.92000E-04
  2.08000E-04  2.24000E-04  2.40000E-04  2.56000E-04  2.88000E-04  3.20000E-04
  3.52000E-04  3.84000E-04  4.16000E-04  4.48000E-04  4.80000E-04  5.12000E-04
  5.76000E-04  6.40000E-04  7.04000E-04  7.68000E-04  8.32000E-04  8.96000E-04
  9.60000E-04  1.02400E-03  1.15200E-03  1.28000E-03  1.40800E-03  1.53600E-03
  1.66400E-03  1.79200E-03  1.92000E-03  2.01600E-03  2.27200E-03  2.52800E-03
  2.78400E-03  3.04000E-03  3.29600E-03  3.55200E-03  3.80800E-03  4.06400E-03
  4.57600E-03  5.08800E-03  5.60000E-03  6.11200E-03  6.62400E-03  7.13600E-03
  7.64800E-03  8.16000E-03  9.18400E-03  1.02080E-02  1.12320E-02  1.22560E-02
  1.32800E-02  1.43040E-02  1.53280E-02  1.63520E-02  1.84000E-02  2.04480E-02
  2.24960E-02  2.45440E-02  2.65920E-02  2.86400E-02  3.06880E-02  3.27360E-02
  3.68320E-02  4.09280E-02  4.50240E-02  4.91200E-02  5.32160E-02
  8.82030E-01  8.80550E-01  8.69076E-01  8.74296E-01  8.71826E-01  8.73478E-01
  8.71763E-01  8.67732E-01  8.73052E-01  8.73174E-01  8.68485E-01  8.71863E-01
  8.73873E-01  8.72418E-01  8.72313E-01  8.70754E-01  8.73194E-01  8.75200E-01
  8.74492E-01  8.71580E-01  8.74932E-01  8.73876E-01  8.72610E-01  8.74276E-01
  8.75223E-01  8.70947E-01  8.73188E-01  8.71689E-01  8.71955E-01  8.71784E-01
  8.70668E-01  8.72560E-01  8.72148E-01  8.72093E-01  8.71277E-01  8.71132E-01
  8.71619E-01  8.71634E-01  8.70693E-01  8.69843E-01  8.70107E-01  8.70621E-01
  8.69333E-01  8.69479E-01  8.69797E-01  8.68744E-01  8.69667E-01  8.68283E-01
  8.67440E-01  8.67641E-01  8.67713E-01  8.66938E-01  8.66621E-01  8.66011E-01
  8.65221E-01  8.63913E-01  8.62880E-01  8.61937E-01  8.61809E-01  8.60437E-01
  8.59239E-01  8.58805E-01  8.56848E-01  8.55420E-01  8.53179E-01  8.51462E-01
  8.49975E-01  8.48188E-01  8.46019E-01  8.44602E-01  8.40996E-01  8.37465E-01
  8.33827E-01  8.30266E-01  8.26856E-01  8.23388E-01  8.20307E-01  8.16804E-01
  8.09807E-01  8.02900E-01  7.96467E-01  7.89885E-01  7.83091E-01  7.76379E-01
  7.70077E-01  7.63475E-01  7.50490E-01  7.37988E-01  7.25253E-01  7.13113E-01
  7.01268E-01  6.89700E-01  6.78091E-01  6.69231E-01  6.47239E-01  6.25774E-01
  6.05292E-01  5.85432E-01  5.66551E-01  5.48276E-01  5.30668E-01  5.14681E-01
  4.83126E-01  4.53746E-01  4.26329E-01  4.01000E-01  3.77786E-01  3.55822E-01
  3.35638E-01  3.17168E-01  2.83025E-01  2.53753E-01  2.26619E-01  2.01784E-01
  1.79600E-01  1.60779E-01  1.44373E-01  1.30326E-01  1.07357E-01  8.76988E-02
  6.88437E-02  5.28191E-02  4.18051E-02  3.66107E-02  3.04844E-02  2.46600E-02
  1.53615E-02  3.71847E-03 -5.55710E-03 -7.69887E-03 -1.90001E-03
