AutoSaveFileName0196.ASC
 IFORMY    0    .00
 (6E13.7)
 IFORMT    0    .00
 (6E13.7)
 IFORMW    0    .00
 (6E13.7)
 NINTT     0   -1.00
 DOUSNQ    0    1.00
 IQUAD     0    1.00
 PRWT      0    1.00
 PRY       0    1.00
 IPLRES    1    3.00
 IPLRES    2    3.00
 IPRINT    1    0.00
 IPRINT    2    2.00
 IPLFIT    1    0.00
 IPLFIT    2    0.00
 LINEPG    0   50.
 NONNEG    1    1.00
 IWT       0    5.00
 NQPROG    1    5.00
 NQPROG    2    5.00
 GMNMX     1    3.99550E-03
 GMNMX     2    1.43428E-03
 RUSER    10    -1.00
 NG        0    500.00
 NLINF     0    1.00
 IUSER    10    4.00
 RUSER    21    1.0
 RUSER    22   -1.0
 RUSER    23    0.0
 RUSER    18         292.06160
 RUSER    17         109.99900
 RUSER    19         1.02893
 RUSER    15         1.33200
 RUSER    16         632.80000
 RUSER    25         1
 RUSER    26         0
 END       0    0.00
 NY      162
  7.50000E-07  8.75000E-07  1.00000E-06  1.12500E-06  1.25000E-06  1.37500E-06
  1.50000E-06  1.62500E-06  1.75000E-06  1.87500E-06  2.00000E-06  2.25000E-06
  2.50000E-06  2.75000E-06  3.00000E-06  3.25000E-06  3.50000E-06  3.75000E-06
  4.00000E-06  4.50000E-06  5.00000E-06  5.50000E-06  6.00000E-06  6.50000E-06
  7.00000E-06  7.50000E-06  8.00000E-06  9.00000E-06  1.00000E-05  1.10000E-05
  1.20000E-05  1.30000E-05  1.40000E-05  1.50000E-05  1.60000E-05  1.80000E-05
  2.00000E-05  2.20000E-05  2.40000E-05  2.60000E-05  2.80000E-05  3.00000E-05
  3.20000E-05  3.60000E-05  4.00000E-05  4.40000E-05  4.80000E-05  5.20000E-05
  5.60000E-05  6.00000E-05  6.40000E-05  7.20000E-05  8.00000E-05  8.80000E-05
  9.60000E-05  1.04000E-04  1.12000E-04  1.20000E-04  1.28000E-04  1.44000E-04
  1.60000E-04  1.76000E-04  1.92000E-04  2.08000E-04  2.24000E-04  2.40000E-04
  2.56000E-04  2.88000E-04  3.20000E-04  3.52000E-04  3.84000E-04  4.16000E-04
  4.48000E-04  4.80000E-04  5.12000E-04  5.76000E-04  6.40000E-04  7.04000E-04
  7.68000E-04  8.32000E-04  8.96000E-04  9.60000E-04  1.02400E-03  1.15200E-03
  1.28000E-03  1.40800E-03  1.53600E-03  1.66400E-03  1.79200E-03  1.92000E-03
  2.01600E-03  2.27200E-03  2.52800E-03  2.78400E-03  3.04000E-03  3.29600E-03
  3.55200E-03  3.80800E-03  4.06400E-03  4.57600E-03  5.08800E-03  5.60000E-03
  6.11200E-03  6.62400E-03  7.13600E-03  7.64800E-03  8.16000E-03  9.18400E-03
  1.02080E-02  1.12320E-02  1.22560E-02  1.32800E-02  1.43040E-02  1.53280E-02
  1.63520E-02  1.84000E-02  2.04480E-02  2.24960E-02  2.45440E-02  2.65920E-02
  2.86400E-02  3.06880E-02  3.27360E-02  3.68320E-02  4.09280E-02  4.50240E-02
  4.91200E-02  5.32160E-02  5.73120E-02  6.14080E-02  6.55040E-02  7.36960E-02
  8.18880E-02  9.00800E-02  9.82720E-02  1.06464E-01  1.14656E-01  1.22848E-01
  1.31040E-01  1.47424E-01  1.63808E-01  1.80192E-01  1.96576E-01  2.12960E-01
  2.29344E-01  2.45728E-01  2.62112E-01  2.94880E-01  3.27648E-01  3.60416E-01
  3.93184E-01  4.25952E-01  4.58720E-01  4.91488E-01  5.24256E-01  5.89792E-01
  6.55328E-01  7.20864E-01  7.86400E-01  8.51936E-01  9.17472E-01  9.83008E-01
  9.98620E-01  1.00000E+00  9.95584E-01  9.97736E-01  9.95345E-01  9.96828E-01
  9.92159E-01  9.93597E-01  9.92321E-01  9.91877E-01  9.92174E-01  9.89827E-01
  9.90305E-01  9.88915E-01  9.86652E-01  9.85655E-01  9.85562E-01  9.85340E-01
  9.80956E-01  9.79502E-01  9.78599E-01  9.76314E-01  9.74198E-01  9.69803E-01
  9.68897E-01  9.65755E-01  9.63879E-01  9.59996E-01  9.55184E-01  9.51188E-01
  9.47991E-01  9.43339E-01  9.37078E-01  9.34627E-01  9.30187E-01  9.21595E-01
  9.14015E-01  9.04637E-01  8.97397E-01  8.88850E-01  8.81549E-01  8.73657E-01
  8.65438E-01  8.49345E-01  8.35146E-01  8.20256E-01  8.05000E-01  7.90762E-01
  7.76562E-01  7.62917E-01  7.49539E-01  7.22841E-01  6.97383E-01  6.72613E-01
  6.48508E-01  6.25925E-01  6.03732E-01  5.82382E-01  5.61895E-01  5.22844E-01
  4.86368E-01  4.52668E-01  4.21297E-01  3.92094E-01  3.65374E-01  3.39901E-01
  3.16663E-01  2.74278E-01  2.37511E-01  2.06050E-01  1.78956E-01  1.55460E-01
  1.35128E-01  1.17491E-01  1.02514E-01  7.69413E-02  5.79786E-02  4.30871E-02
  3.19231E-02  2.32019E-02  1.68514E-02  1.23589E-02  9.20040E-03  4.62822E-03
  1.91838E-03 -1.07281E-04 -1.56082E-03 -1.88180E-03 -2.00092E-03 -1.90061E-03
 -1.22204E-03 -4.95304E-04 -1.59768E-04 -1.04210E-03 -8.56111E-04 -1.36291E-03
 -2.12182E-03 -9.38240E-04  3.41891E-04  1.18617E-03  2.76635E-04  4.51130E-04
 -8.22028E-04 -4.35852E-04  8.80036E-04  3.82546E-04  1.53745E-03  9.87143E-04
 -5.01087E-06  1.20732E-03 -2.04218E-03 -1.20386E-03  8.56192E-06 -3.00224E-04
  5.85815E-04 -5.91428E-04 -4.94127E-04 -4.02908E-04  5.47871E-04 -2.13088E-04
  3.43468E-05 -1.26733E-03 -3.89212E-04 -1.06541E-03 -7.49031E-04  5.24155E-04
 -5.26887E-04  2.76554E-05 -4.22072E-04  1.09589E-04  1.13970E-04  4.03344E-04
 -1.65236E-04  9.98519E-05 -5.12139E-05  1.01230E-03  1.02086E-04 -1.39675E-04
  7.19203E-05 -2.97683E-04 -1.71091E-04 -6.68905E-04 -7.43909E-05 -4.29575E-04
  4.73963E-04  2.79308E-04 -1.74850E-04  3.65957E-05 -1.48366E-04  7.57771E-05
 -6.72864E-05 -4.60728E-05  9.63587E-05 -3.54305E-04  1.35462E-04 -8.35089E-05
 -2.87083E-04 -1.34234E-04 -5.21640E-05 -7.12638E-06 -2.01163E-04 -1.05173E-04
