AutoSaveFileName0320.ASC
 IFORMY    0    .00
 (6E13.7)
 IFORMT    0    .00
 (6E13.7)
 IFORMW    0    .00
 (6E13.7)
 NINTT     0   -1.00
 DOUSNQ    0    1.00
 IQUAD          1.00
 PRWT      0    1.00
 PRY       0    1.00
 IPLRES    1    3.00
 IPLRES    2    3.00
 IPRINT    1    0.00
 IPRINT    2    2.00
 IPLFIT    1    0.00
 IPLFIT    2    0.00
 LINEPG    0   50.
 NONNEG    1    1.00
 IWT       0    5.00
 NQPROG    1    5.00
 NQPROG    2    5.00
 GMNMX     1    9.036E-06
 GMNMX     2    9.036E-03
 RUSER    10    -1.00
 NG        0    200.00
 NLINF     0    0.00
 IUSER    10    4.00
 RUSER    21    1.0
 RUSER    22   -1.0
 RUSER    23    0.0
 RUSER    18         292.21346
 RUSER    17         120.99900
 RUSER    19         1.02507
 RUSER    15         1.33200
 RUSER    16         632.80000
 RUSER    25         1
 RUSER    26         0
 END       0    0.00
 NY      131
  3.75000E-07  5.00000E-07  6.25000E-07  7.50000E-07  8.75000E-07  1.00000E-06
  1.12500E-06  1.25000E-06  1.37500E-06  1.50000E-06  1.62500E-06  1.75000E-06
  1.87500E-06  2.00000E-06  2.25000E-06  2.50000E-06  2.75000E-06  3.00000E-06
  3.25000E-06  3.50000E-06  3.75000E-06  4.00000E-06  4.50000E-06  5.00000E-06
  5.50000E-06  6.00000E-06  6.50000E-06  7.00000E-06  7.50000E-06  8.00000E-06
  9.00000E-06  1.00000E-05  1.10000E-05  1.20000E-05  1.30000E-05  1.40000E-05
  1.50000E-05  1.60000E-05  1.80000E-05  2.00000E-05  2.20000E-05  2.40000E-05
  2.60000E-05  2.80000E-05  3.00000E-05  3.20000E-05  3.60000E-05  4.00000E-05
  4.40000E-05  4.80000E-05  5.20000E-05  5.60000E-05  6.00000E-05  6.40000E-05
  7.20000E-05  8.00000E-05  8.80000E-05  9.60000E-05  1.04000E-04  1.12000E-04
  1.20000E-04  1.28000E-04  1.44000E-04  1.60000E-04  1.76000E-04  1.92000E-04
  2.08000E-04  2.24000E-04  2.40000E-04  2.56000E-04  2.88000E-04  3.20000E-04
  3.52000E-04  3.84000E-04  4.16000E-04  4.48000E-04  4.80000E-04  5.12000E-04
  5.76000E-04  6.40000E-04  7.04000E-04  7.68000E-04  8.32000E-04  8.96000E-04
  9.60000E-04  1.02400E-03  1.15200E-03  1.28000E-03  1.40800E-03  1.53600E-03
  1.66400E-03  1.79200E-03  1.92000E-03  2.01600E-03  2.27200E-03  2.52800E-03
  2.78400E-03  3.04000E-03  3.29600E-03  3.55200E-03  3.80800E-03  4.06400E-03
  4.57600E-03  5.08800E-03  5.60000E-03  6.11200E-03  6.62400E-03  7.13600E-03
  7.64800E-03  8.16000E-03  9.18400E-03  1.02080E-02  1.12320E-02  1.22560E-02
  1.32800E-02  1.43040E-02  1.53280E-02  1.63520E-02  1.84000E-02  2.04480E-02
  2.24960E-02  2.45440E-02  2.65920E-02  2.86400E-02  3.06880E-02  3.27360E-02
  3.68320E-02  4.09280E-02  4.50240E-02  4.91200E-02  5.32160E-02
  2.49489E+00  2.48916E+00  2.49029E+00  2.48923E+00  2.47245E+00  2.47794E+00
  2.48369E+00  2.47813E+00  2.47227E+00  2.47201E+00  2.47736E+00  2.47191E+00
  2.47997E+00  2.47908E+00  2.47249E+00  2.47593E+00  2.47338E+00  2.46975E+00
  2.47036E+00  2.46985E+00  2.47193E+00  2.47391E+00  2.46863E+00  2.46696E+00
  2.46918E+00  2.46903E+00  2.46684E+00  2.46547E+00  2.46938E+00  2.46421E+00
  2.46094E+00  2.46065E+00  2.45833E+00  2.45853E+00  2.45592E+00  2.45249E+00
  2.45118E+00  2.44898E+00  2.44559E+00  2.44036E+00  2.43808E+00  2.43341E+00
  2.42792E+00  2.42583E+00  2.42171E+00  2.41784E+00  2.41001E+00  2.40166E+00
  2.39419E+00  2.38673E+00  2.37797E+00  2.37187E+00  2.36300E+00  2.35611E+00
  2.34087E+00  2.32588E+00  2.31164E+00  2.29603E+00  2.28137E+00  2.26721E+00
  2.25238E+00  2.23801E+00  2.20863E+00  2.18126E+00  2.15287E+00  2.12619E+00
  2.09838E+00  2.07184E+00  2.04464E+00  2.01892E+00  1.96776E+00  1.91761E+00
  1.86904E+00  1.82161E+00  1.77571E+00  1.73008E+00  1.68679E+00  1.64387E+00
  1.56164E+00  1.48371E+00  1.40957E+00  1.33879E+00  1.27225E+00  1.20943E+00
  1.14887E+00  1.09182E+00  9.86711E-01  8.90916E-01  8.04522E-01  7.26470E-01
  6.55487E-01  5.91197E-01  5.34144E-01  4.99319E-01  4.06670E-01  3.31312E-01
  2.68626E-01  2.20243E-01  1.83694E-01  1.54422E-01  1.29472E-01  1.09396E-01
  7.97267E-02  6.25698E-02  5.29959E-02  4.54830E-02  3.38653E-02  2.04130E-02
  9.00597E-03  3.54599E-03 -8.32916E-03 -2.11169E-02 -2.06744E-02 -1.18341E-02
 -3.83481E-03  5.89286E-04 -2.22027E-03 -3.23374E-03 -1.20130E-03 -6.05599E-03
 -2.67269E-03  4.98802E-03 -3.33761E-03 -6.10263E-03 -6.56479E-03 -6.28523E-03
 -5.48778E-03  1.89567E-03 -2.81464E-03 -2.69696E-02 -3.02561E-04
