AutoSaveFileName0218.ASC
 IFORMY    0    .00
 (6E13.7)
 IFORMT    0    .00
 (6E13.7)
 IFORMW    0    .00
 (6E13.7)
 NINTT     0   -1.00
 DOUSNQ    0    1.00
 IQUAD     0    1.00
 PRWT      0    1.00
 PRY       0    1.00
 IPLRES    1    3.00
 IPLRES    2    3.00
 IPRINT    1    0.00
 IPRINT    2    2.00
 IPLFIT    1    0.00
 IPLFIT    2    0.00
 LINEPG    0   50.
 NONNEG    1    1.00
 IWT       0    5.00
 NQPROG    1    5.00
 NQPROG    2    5.00
 GMNMX     1    3.57168E-03
 GMNMX     2    1.28214E-03
 RUSER    10    -1.00
 NG        0    500.00
 NLINF     0    1.00
 IUSER    10    4.00
 RUSER    21    1.0
 RUSER    22   -1.0
 RUSER    23    0.0
 RUSER    18         292.09145
 RUSER    17         119.99900
 RUSER    19         1.02817
 RUSER    15         1.33200
 RUSER    16         632.80000
 RUSER    25         1
 RUSER    26         0
 END       0    0.00
 NY      162
  7.50000E-07  8.75000E-07  1.00000E-06  1.12500E-06  1.25000E-06  1.37500E-06
  1.50000E-06  1.62500E-06  1.75000E-06  1.87500E-06  2.00000E-06  2.25000E-06
  2.50000E-06  2.75000E-06  3.00000E-06  3.25000E-06  3.50000E-06  3.75000E-06
  4.00000E-06  4.50000E-06  5.00000E-06  5.50000E-06  6.00000E-06  6.50000E-06
  7.00000E-06  7.50000E-06  8.00000E-06  9.00000E-06  1.00000E-05  1.10000E-05
  1.20000E-05  1.30000E-05  1.40000E-05  1.50000E-05  1.60000E-05  1.80000E-05
  2.00000E-05  2.20000E-05  2.40000E-05  2.60000E-05  2.80000E-05  3.00000E-05
  3.20000E-05  3.60000E-05  4.00000E-05  4.40000E-05  4.80000E-05  5.20000E-05
  5.60000E-05  6.00000E-05  6.40000E-05  7.20000E-05  8.00000E-05  8.80000E-05
  9.60000E-05  1.04000E-04  1.12000E-04  1.20000E-04  1.28000E-04  1.44000E-04
  1.60000E-04  1.76000E-04  1.92000E-04  2.08000E-04  2.24000E-04  2.40000E-04
  2.56000E-04  2.88000E-04  3.20000E-04  3.52000E-04  3.84000E-04  4.16000E-04
  4.48000E-04  4.80000E-04  5.12000E-04  5.76000E-04  6.40000E-04  7.04000E-04
  7.68000E-04  8.32000E-04  8.96000E-04  9.60000E-04  1.02400E-03  1.15200E-03
  1.28000E-03  1.40800E-03  1.53600E-03  1.66400E-03  1.79200E-03  1.92000E-03
  2.01600E-03  2.27200E-03  2.52800E-03  2.78400E-03  3.04000E-03  3.29600E-03
  3.55200E-03  3.80800E-03  4.06400E-03  4.57600E-03  5.08800E-03  5.60000E-03
  6.11200E-03  6.62400E-03  7.13600E-03  7.64800E-03  8.16000E-03  9.18400E-03
  1.02080E-02  1.12320E-02  1.22560E-02  1.32800E-02  1.43040E-02  1.53280E-02
  1.63520E-02  1.84000E-02  2.04480E-02  2.24960E-02  2.45440E-02  2.65920E-02
  2.86400E-02  3.06880E-02  3.27360E-02  3.68320E-02  4.09280E-02  4.50240E-02
  4.91200E-02  5.32160E-02  5.73120E-02  6.14080E-02  6.55040E-02  7.36960E-02
  8.18880E-02  9.00800E-02  9.82720E-02  1.06464E-01  1.14656E-01  1.22848E-01
  1.31040E-01  1.47424E-01  1.63808E-01  1.80192E-01  1.96576E-01  2.12960E-01
  2.29344E-01  2.45728E-01  2.62112E-01  2.94880E-01  3.27648E-01  3.60416E-01
  3.93184E-01  4.25952E-01  4.58720E-01  4.91488E-01  5.24256E-01  5.89792E-01
  6.55328E-01  7.20864E-01  7.86400E-01  8.51936E-01  9.17472E-01  9.83008E-01
  9.99069E-01  9.99341E-01  1.00000E+00  9.95735E-01  9.96819E-01  9.94236E-01
  9.96431E-01  9.95726E-01  9.92982E-01  9.93196E-01  9.91277E-01  9.89923E-01
  9.89261E-01  9.87238E-01  9.88772E-01  9.85729E-01  9.84424E-01  9.83015E-01
  9.81568E-01  9.78578E-01  9.77585E-01  9.74647E-01  9.72725E-01  9.69317E-01
  9.67933E-01  9.63740E-01  9.61696E-01  9.57460E-01  9.52404E-01  9.48194E-01
  9.43740E-01  9.38101E-01  9.32738E-01  9.29025E-01  9.24104E-01  9.14907E-01
  9.05504E-01  8.96229E-01  8.87711E-01  8.78338E-01  8.68777E-01  8.61405E-01
  8.52602E-01  8.35387E-01  8.18687E-01  8.02548E-01  7.86509E-01  7.70660E-01
  7.55501E-01  7.39794E-01  7.25337E-01  6.96590E-01  6.69186E-01  6.42311E-01
  6.17590E-01  5.92935E-01  5.69295E-01  5.47094E-01  5.25690E-01  4.85220E-01
  4.47608E-01  4.13203E-01  3.81556E-01  3.52042E-01  3.24866E-01  2.99843E-01
  2.77062E-01  2.35785E-01  2.00936E-01  1.71239E-01  1.46178E-01  1.24551E-01
  1.06492E-01  9.08713E-02  7.78622E-02  5.62661E-02  4.07699E-02  2.96653E-02
  2.15165E-02  1.62737E-02  1.18875E-02  8.07336E-03  5.65180E-03  2.84377E-03
  1.79864E-03  7.42428E-04  7.86669E-04  1.08896E-03  4.26900E-04 -3.30077E-04
 -4.28597E-04 -6.47886E-04 -4.90084E-04 -3.86471E-04 -1.07759E-03 -9.38129E-04
 -1.50059E-03 -2.75214E-04  1.01862E-03  2.19590E-04 -5.21201E-04 -9.17332E-04
 -1.01319E-03  7.27594E-04  1.02128E-04  9.14928E-04  6.72427E-04  5.91641E-04
 -5.70620E-04 -2.33468E-03 -8.18403E-04 -5.92893E-04 -9.15348E-04  9.93103E-04
 -3.85768E-05  2.26216E-04  7.98883E-04 -9.91169E-05 -8.56641E-04  5.47296E-05
 -2.76982E-04 -7.42970E-05 -3.71223E-04  9.81220E-05  3.88423E-04  1.02623E-03
 -3.72301E-04  5.64438E-05 -3.62911E-04 -1.72639E-04 -3.79786E-04 -5.55698E-04
 -2.12917E-04  2.71238E-05  2.32656E-04 -1.60592E-04  3.48854E-04  1.98370E-04
 -6.66029E-05 -2.44018E-04 -4.39660E-04 -1.34606E-04  2.78526E-04 -5.38274E-04
  6.92986E-05 -1.61132E-04 -2.04567E-04 -2.99535E-05  1.51496E-04  2.94615E-05
 -1.23970E-05 -2.91785E-04 -2.55059E-05 -9.72852E-06 -1.94963E-05  4.96077E-05
 -2.89176E-05 -1.35312E-04  3.06063E-05 -1.19417E-04  8.02591E-06  6.57610E-05
