AutoSaveFileName0128.ASC
 IFORMY    0    .00
 (6E13.7)
 IFORMT    0    .00
 (6E13.7)
 IFORMW    0    .00
 (6E13.7)
 NINTT     0   -1.00
 DOUSNQ    0    1.00
 IQUAD          1.00
 PRWT      0    1.00
 PRY       0    1.00
 IPLRES    1    3.00
 IPLRES    2    3.00
 IPRINT    1    0.00
 IPRINT    2    2.00
 IPLFIT    1    0.00
 IPLFIT    2    0.00
 LINEPG    0   50.
 NONNEG    1    1.00
 IWT       0    5.00
 NQPROG    1    5.00
 NQPROG    2    5.00
 GMNMX     1    1.847E-05
 GMNMX     2    1.847E-02
 RUSER    10    -1.00
 NG        0    200.00
 NLINF     0    0.00
 IUSER    10    4.00
 RUSER    21    1.0
 RUSER    22   -1.0
 RUSER    23    0.0
 RUSER    18         292.20672
 RUSER    17         74.99800
 RUSER    19         1.02524
 RUSER    15         1.33200
 RUSER    16         632.80000
 RUSER    25         1
 RUSER    26         0
 END       0    0.00
 NY      188
  5.00000E-07  6.25000E-07  7.50000E-07  8.75000E-07  1.00000E-06  1.12500E-06
  1.25000E-06  1.37500E-06  1.50000E-06  1.62500E-06  1.75000E-06  1.87500E-06
  2.00000E-06  2.25000E-06  2.50000E-06  2.75000E-06  3.00000E-06  3.25000E-06
  3.50000E-06  3.75000E-06  4.00000E-06  4.50000E-06  5.00000E-06  5.50000E-06
  6.00000E-06  6.50000E-06  7.00000E-06  7.50000E-06  8.00000E-06  9.00000E-06
  1.00000E-05  1.10000E-05  1.20000E-05  1.30000E-05  1.40000E-05  1.50000E-05
  1.60000E-05  1.80000E-05  2.00000E-05  2.20000E-05  2.40000E-05  2.60000E-05
  2.80000E-05  3.00000E-05  3.20000E-05  3.60000E-05  4.00000E-05  4.40000E-05
  4.80000E-05  5.20000E-05  5.60000E-05  6.00000E-05  6.40000E-05  7.20000E-05
  8.00000E-05  8.80000E-05  9.60000E-05  1.04000E-04  1.12000E-04  1.20000E-04
  1.28000E-04  1.44000E-04  1.60000E-04  1.76000E-04  1.92000E-04  2.08000E-04
  2.24000E-04  2.40000E-04  2.56000E-04  2.88000E-04  3.20000E-04  3.52000E-04
  3.84000E-04  4.16000E-04  4.48000E-04  4.80000E-04  5.12000E-04  5.76000E-04
  6.40000E-04  7.04000E-04  7.68000E-04  8.32000E-04  8.96000E-04  9.60000E-04
  1.02400E-03  1.15200E-03  1.28000E-03  1.40800E-03  1.53600E-03  1.66400E-03
  1.79200E-03  1.92000E-03  2.01600E-03  2.27200E-03  2.52800E-03  2.78400E-03
  3.04000E-03  3.29600E-03  3.55200E-03  3.80800E-03  4.06400E-03  4.57600E-03
  5.08800E-03  5.60000E-03  6.11200E-03  6.62400E-03  7.13600E-03  7.64800E-03
  8.16000E-03  9.18400E-03  1.02080E-02  1.12320E-02  1.22560E-02  1.32800E-02
  1.43040E-02  1.53280E-02  1.63520E-02  1.84000E-02  2.04480E-02  2.24960E-02
  2.45440E-02  2.65920E-02  2.86400E-02  3.06880E-02  3.27360E-02  3.68320E-02
  4.09280E-02  4.50240E-02  4.91200E-02  5.32160E-02  5.73120E-02  6.14080E-02
  6.55040E-02  7.36960E-02  8.18880E-02  9.00800E-02  9.82720E-02  1.06464E-01
  1.14656E-01  1.22848E-01  1.31040E-01  1.47424E-01  1.63808E-01  1.80192E-01
  1.96576E-01  2.12960E-01  2.29344E-01  2.45728E-01  2.62112E-01  2.94880E-01
  3.27648E-01  3.60416E-01  3.93184E-01  4.25952E-01  4.58720E-01  4.91488E-01
  5.24256E-01  5.89792E-01  6.55328E-01  7.20864E-01  7.86400E-01  8.51936E-01
  9.17472E-01  9.83008E-01  1.04854E+00  1.17962E+00  1.31069E+00  1.44176E+00
  1.57283E+00  1.70390E+00  1.83498E+00  1.96605E+00  2.09712E+00  2.35926E+00
  2.62141E+00  2.88355E+00  3.14570E+00  3.40784E+00  3.66998E+00  3.93213E+00
  4.19427E+00  4.71856E+00  5.24285E+00  5.76714E+00  6.29142E+00  6.81571E+00
  7.34000E+00  7.86429E+00
  9.95510E-01  9.93966E-01  9.92664E-01  9.93154E-01  9.89471E-01  9.90579E-01
  9.90243E-01  9.89736E-01  9.90881E-01  9.90797E-01  9.92337E-01  9.91438E-01
  9.90122E-01  9.90224E-01  9.89555E-01  9.90729E-01  9.88656E-01  9.89205E-01
  9.90512E-01  9.89894E-01  9.89543E-01  9.89585E-01  9.89481E-01  9.89010E-01
  9.89447E-01  9.89082E-01  9.89327E-01  9.88294E-01  9.88623E-01  9.89278E-01
  9.88977E-01  9.88467E-01  9.88837E-01  9.87636E-01  9.88111E-01  9.87963E-01
  9.88049E-01  9.87108E-01  9.87016E-01  9.86596E-01  9.86187E-01  9.86019E-01
  9.85575E-01  9.85461E-01  9.84731E-01  9.84377E-01  9.83417E-01  9.82600E-01
  9.81568E-01  9.81107E-01  9.80802E-01  9.79920E-01  9.79140E-01  9.77761E-01
  9.76409E-01  9.74997E-01  9.73289E-01  9.71891E-01  9.70369E-01  9.68944E-01
  9.67459E-01  9.64559E-01  9.61691E-01  9.58688E-01  9.55743E-01  9.53023E-01
  9.50052E-01  9.47246E-01  9.44148E-01  9.38581E-01  9.32759E-01  9.27226E-01
  9.21577E-01  9.15905E-01  9.10421E-01  9.04872E-01  8.99386E-01  8.88517E-01
  8.77816E-01  8.67245E-01  8.56640E-01  8.46285E-01  8.36077E-01  8.25997E-01
  8.15806E-01  7.96155E-01  7.77092E-01  7.58534E-01  7.40239E-01  7.22495E-01
  7.05335E-01  6.88507E-01  6.75527E-01  6.43872E-01  6.14105E-01  5.86041E-01
  5.59473E-01  5.34452E-01  5.10673E-01  4.88092E-01  4.67201E-01  4.27728E-01
  3.92058E-01  3.59412E-01  3.29711E-01  3.02721E-01  2.77796E-01  2.55174E-01
  2.34965E-01  1.98629E-01  1.67536E-01  1.41140E-01  1.19501E-01  1.01988E-01
  8.68991E-02  7.46315E-02  6.52634E-02  5.08374E-02  4.08402E-02  3.23204E-02
  2.55555E-02  2.07298E-02  1.61719E-02  1.33649E-02  9.32882E-03  2.07464E-03
 -3.29079E-03 -2.98836E-03 -5.22743E-03 -4.89045E-03 -9.67713E-03 -1.27014E-02
 -1.26554E-02 -9.01277E-03 -4.83729E-03 -9.14346E-05  1.68854E-03  6.30070E-04
  2.70735E-03  7.62527E-04 -3.31409E-03 -6.06008E-03 -2.73854E-03 -3.23420E-03
 -1.13425E-03  2.36949E-03 -1.06850E-02 -1.96186E-03 -1.58026E-03 -6.74073E-04
 -6.36701E-04 -1.86545E-03  7.11589E-03 -1.62242E-03 -1.00878E-02 -7.36939E-03
 -6.27730E-03 -2.05473E-03  3.78555E-03 -3.38900E-03  1.01809E-02 -2.81723E-03
 -1.82440E-03  5.64875E-03  1.58015E-03 -2.69604E-03  2.70698E-03 -1.19005E-03
 -1.05532E-03  7.54717E-04 -3.58589E-03  3.20412E-03  1.27819E-04 -1.22916E-03
  1.57017E-03 -3.60830E-03 -1.11091E-03  8.76743E-04  2.91865E-03  2.42451E-04
 -8.33104E-04 -4.18800E-04 -2.06535E-04 -2.05212E-03  2.11317E-03 -2.25477E-03
  1.82335E-03 -1.42877E-03
