AutoSaveFileName0029.ASC
 IFORMY    0    .00
 (6E13.7)
 IFORMT    0    .00
 (6E13.7)
 IFORMW    0    .00
 (6E13.7)
 NINTT     0   -1.00
 DOUSNQ    0    1.00
 IQUAD     0    1.00
 PRWT      0    1.00
 PRY       0    1.00
 IPLRES    1    3.00
 IPLRES    2    3.00
 IPRINT    1    0.00
 IPRINT    2    2.00
 IPLFIT    1    0.00
 IPLFIT    2    0.00
 LINEPG    0   50.
 NONNEG    1    1.00
 IWT       0    5.00
 NQPROG    1    5.00
 NQPROG    2    5.00
 GMNMX     1    5.74826E-02
 GMNMX     2    2.06348E-02
 RUSER    10    -1.00
 NG        0    500.00
 NLINF     0    1.00
 IUSER    10    4.00
 RUSER    21    1.0
 RUSER    22   -1.0
 RUSER    23    0.0
 RUSER    18         291.91076
 RUSER    17         24.99800
 RUSER    19         1.03278
 RUSER    15         1.33200
 RUSER    16         632.80000
 RUSER    25         1
 RUSER    26         0
 END       0    0.00
 NY      162
  7.50000E-07  8.75000E-07  1.00000E-06  1.12500E-06  1.25000E-06  1.37500E-06
  1.50000E-06  1.62500E-06  1.75000E-06  1.87500E-06  2.00000E-06  2.25000E-06
  2.50000E-06  2.75000E-06  3.00000E-06  3.25000E-06  3.50000E-06  3.75000E-06
  4.00000E-06  4.50000E-06  5.00000E-06  5.50000E-06  6.00000E-06  6.50000E-06
  7.00000E-06  7.50000E-06  8.00000E-06  9.00000E-06  1.00000E-05  1.10000E-05
  1.20000E-05  1.30000E-05  1.40000E-05  1.50000E-05  1.60000E-05  1.80000E-05
  2.00000E-05  2.20000E-05  2.40000E-05  2.60000E-05  2.80000E-05  3.00000E-05
  3.20000E-05  3.60000E-05  4.00000E-05  4.40000E-05  4.80000E-05  5.20000E-05
  5.60000E-05  6.00000E-05  6.40000E-05  7.20000E-05  8.00000E-05  8.80000E-05
  9.60000E-05  1.04000E-04  1.12000E-04  1.20000E-04  1.28000E-04  1.44000E-04
  1.60000E-04  1.76000E-04  1.92000E-04  2.08000E-04  2.24000E-04  2.40000E-04
  2.56000E-04  2.88000E-04  3.20000E-04  3.52000E-04  3.84000E-04  4.16000E-04
  4.48000E-04  4.80000E-04  5.12000E-04  5.76000E-04  6.40000E-04  7.04000E-04
  7.68000E-04  8.32000E-04  8.96000E-04  9.60000E-04  1.02400E-03  1.15200E-03
  1.28000E-03  1.40800E-03  1.53600E-03  1.66400E-03  1.79200E-03  1.92000E-03
  2.01600E-03  2.27200E-03  2.52800E-03  2.78400E-03  3.04000E-03  3.29600E-03
  3.55200E-03  3.80800E-03  4.06400E-03  4.57600E-03  5.08800E-03  5.60000E-03
  6.11200E-03  6.62400E-03  7.13600E-03  7.64800E-03  8.16000E-03  9.18400E-03
  1.02080E-02  1.12320E-02  1.22560E-02  1.32800E-02  1.43040E-02  1.53280E-02
  1.63520E-02  1.84000E-02  2.04480E-02  2.24960E-02  2.45440E-02  2.65920E-02
  2.86400E-02  3.06880E-02  3.27360E-02  3.68320E-02  4.09280E-02  4.50240E-02
  4.91200E-02  5.32160E-02  5.73120E-02  6.14080E-02  6.55040E-02  7.36960E-02
  8.18880E-02  9.00800E-02  9.82720E-02  1.06464E-01  1.14656E-01  1.22848E-01
  1.31040E-01  1.47424E-01  1.63808E-01  1.80192E-01  1.96576E-01  2.12960E-01
  2.29344E-01  2.45728E-01  2.62112E-01  2.94880E-01  3.27648E-01  3.60416E-01
  3.93184E-01  4.25952E-01  4.58720E-01  4.91488E-01  5.24256E-01  5.89792E-01
  6.55328E-01  7.20864E-01  7.86400E-01  8.51936E-01  9.17472E-01  9.83008E-01
  9.97993E-01  1.00000E+00  9.98343E-01  9.97181E-01  9.96834E-01  9.94890E-01
  9.97337E-01  9.95774E-01  9.95528E-01  9.93286E-01  9.95158E-01  9.94239E-01
  9.95273E-01  9.94432E-01  9.92703E-01  9.94434E-01  9.94308E-01  9.94957E-01
  9.95002E-01  9.94380E-01  9.93913E-01  9.94280E-01  9.93821E-01  9.93643E-01
  9.94827E-01  9.93036E-01  9.93026E-01  9.93072E-01  9.91844E-01  9.92885E-01
  9.92073E-01  9.91731E-01  9.91572E-01  9.91373E-01  9.90591E-01  9.90938E-01
  9.89535E-01  9.89624E-01  9.88493E-01  9.88374E-01  9.87666E-01  9.86885E-01
  9.86276E-01  9.85215E-01  9.84321E-01  9.83028E-01  9.82073E-01  9.80803E-01
  9.79538E-01  9.78838E-01  9.77670E-01  9.75483E-01  9.73351E-01  9.71068E-01
  9.68901E-01  9.66621E-01  9.64435E-01  9.62284E-01  9.60264E-01  9.56107E-01
  9.51889E-01  9.48028E-01  9.43565E-01  9.39719E-01  9.35836E-01  9.31637E-01
  9.27729E-01  9.19964E-01  9.12145E-01  9.04602E-01  8.97177E-01  8.89797E-01
  8.82643E-01  8.75427E-01  8.68611E-01  8.54631E-01  8.40971E-01  8.27610E-01
  8.14538E-01  8.01697E-01  7.89302E-01  7.77031E-01  7.61734E-01  7.38288E-01
  7.15820E-01  6.94029E-01  6.72996E-01  6.52662E-01  6.33128E-01  6.14274E-01
  6.03441E-01  5.67813E-01  5.34480E-01  5.03230E-01  4.74181E-01  4.46945E-01
  4.21512E-01  3.97855E-01  3.75829E-01  3.35082E-01  2.99334E-01  2.67967E-01
  2.40408E-01  2.16444E-01  1.95564E-01  1.77024E-01  1.60727E-01  1.32289E-01
  1.09941E-01  9.08391E-02  7.38817E-02  6.00731E-02  4.94539E-02  4.21569E-02
  3.72371E-02  3.00366E-02  2.49443E-02  2.00972E-02  1.63540E-02  1.40173E-02
  1.30178E-02  1.37400E-02  1.33137E-02  1.34530E-02  1.02499E-02  4.43025E-03
  1.81545E-03  6.03471E-03  1.23076E-02  1.02821E-02  7.18451E-03  5.83647E-03
  1.07586E-03 -3.27347E-04 -3.31654E-03 -6.57903E-03 -3.22350E-03 -4.47870E-03
 -1.71846E-03  1.17232E-03 -2.97545E-03 -6.93846E-03 -4.72479E-03  8.80149E-04
  2.77773E-03  2.11608E-03 -1.29134E-03  3.02183E-03  4.76479E-04 -6.43802E-03
 -6.94574E-03  4.76600E-03 -2.64821E-04  1.47174E-03  8.91849E-04  1.11184E-03
 -3.69485E-04 -9.92258E-04 -9.59766E-05 -9.53272E-04  8.30239E-04  6.19902E-04
