AutoSaveFileName0207.ASC
 IFORMY    0    .00
 (6E13.7)
 IFORMT    0    .00
 (6E13.7)
 IFORMW    0    .00
 (6E13.7)
 NINTT     0   -1.00
 DOUSNQ    0    1.00
 IQUAD          1.00
 PRWT      0    1.00
 PRY       0    1.00
 IPLRES    1    3.00
 IPLRES    2    3.00
 IPRINT    1    0.00
 IPRINT    2    2.00
 IPLFIT    1    0.00
 IPLFIT    2    0.00
 LINEPG    0   50.
 NONNEG    1    1.00
 IWT       0    5.00
 NQPROG    1    5.00
 NQPROG    2    5.00
 GMNMX     1    1.536E-05
 GMNMX     2    1.536E-02
 RUSER    10    -1.00
 NG        0    200.00
 NLINF     0    0.00
 IUSER    10    4.00
 RUSER    21    1.0
 RUSER    22   -1.0
 RUSER    23    0.0
 RUSER    18         292.03824
 RUSER    17         83.99900
 RUSER    19         1.02952
 RUSER    15         1.33200
 RUSER    16         632.80000
 RUSER    25         1
 RUSER    26         0
 END       0    0.00
 NY      131
  3.75000E-07  5.00000E-07  6.25000E-07  7.50000E-07  8.75000E-07  1.00000E-06
  1.12500E-06  1.25000E-06  1.37500E-06  1.50000E-06  1.62500E-06  1.75000E-06
  1.87500E-06  2.00000E-06  2.25000E-06  2.50000E-06  2.75000E-06  3.00000E-06
  3.25000E-06  3.50000E-06  3.75000E-06  4.00000E-06  4.50000E-06  5.00000E-06
  5.50000E-06  6.00000E-06  6.50000E-06  7.00000E-06  7.50000E-06  8.00000E-06
  9.00000E-06  1.00000E-05  1.10000E-05  1.20000E-05  1.30000E-05  1.40000E-05
  1.50000E-05  1.60000E-05  1.80000E-05  2.00000E-05  2.20000E-05  2.40000E-05
  2.60000E-05  2.80000E-05  3.00000E-05  3.20000E-05  3.60000E-05  4.00000E-05
  4.40000E-05  4.80000E-05  5.20000E-05  5.60000E-05  6.00000E-05  6.40000E-05
  7.20000E-05  8.00000E-05  8.80000E-05  9.60000E-05  1.04000E-04  1.12000E-04
  1.20000E-04  1.28000E-04  1.44000E-04  1.60000E-04  1.76000E-04  1.92000E-04
  2.08000E-04  2.24000E-04  2.40000E-04  2.56000E-04  2.88000E-04  3.20000E-04
  3.52000E-04  3.84000E-04  4.16000E-04  4.48000E-04  4.80000E-04  5.12000E-04
  5.76000E-04  6.40000E-04  7.04000E-04  7.68000E-04  8.32000E-04  8.96000E-04
  9.60000E-04  1.02400E-03  1.15200E-03  1.28000E-03  1.40800E-03  1.53600E-03
  1.66400E-03  1.79200E-03  1.92000E-03  2.01600E-03  2.27200E-03  2.52800E-03
  2.78400E-03  3.04000E-03  3.29600E-03  3.55200E-03  3.80800E-03  4.06400E-03
  4.57600E-03  5.08800E-03  5.60000E-03  6.11200E-03  6.62400E-03  7.13600E-03
  7.64800E-03  8.16000E-03  9.18400E-03  1.02080E-02  1.12320E-02  1.22560E-02
  1.32800E-02  1.43040E-02  1.53280E-02  1.63520E-02  1.84000E-02  2.04480E-02
  2.24960E-02  2.45440E-02  2.65920E-02  2.86400E-02  3.06880E-02  3.27360E-02
  3.68320E-02  4.09280E-02  4.50240E-02  4.91200E-02  5.32160E-02
  8.53430E-01  8.53042E-01  8.48981E-01  8.50703E-01  8.49319E-01  8.49036E-01
  8.45894E-01  8.48037E-01  8.48273E-01  8.48992E-01  8.44499E-01  8.46943E-01
  8.48197E-01  8.47623E-01  8.49788E-01  8.48186E-01  8.45655E-01  8.44603E-01
  8.43779E-01  8.45023E-01  8.44877E-01  8.46352E-01  8.44441E-01  8.45220E-01
  8.46650E-01  8.43931E-01  8.46520E-01  8.46498E-01  8.45095E-01  8.44636E-01
  8.44007E-01  8.42702E-01  8.43451E-01  8.43028E-01  8.41950E-01  8.42099E-01
  8.42219E-01  8.42120E-01  8.41650E-01  8.40370E-01  8.39508E-01  8.38256E-01
  8.38195E-01  8.36081E-01  8.36485E-01  8.35693E-01  8.35084E-01  8.33120E-01
  8.32028E-01  8.30484E-01  8.28880E-01  8.27426E-01  8.26058E-01  8.24908E-01
  8.21735E-01  8.18763E-01  8.15297E-01  8.12856E-01  8.09779E-01  8.06943E-01
  8.04122E-01  8.01178E-01  7.95915E-01  7.89905E-01  7.84218E-01  7.78603E-01
  7.73144E-01  7.67688E-01  7.62593E-01  7.56949E-01  7.46446E-01  7.35964E-01
  7.25684E-01  7.15342E-01  7.05247E-01  6.95602E-01  6.85836E-01  6.76561E-01
  6.58062E-01  6.40250E-01  6.22530E-01  6.05499E-01  5.89169E-01  5.73337E-01
  5.58135E-01  5.37978E-01  5.09060E-01  4.82200E-01  4.56915E-01  4.33306E-01
  4.11125E-01  3.89504E-01  3.69262E-01  3.56923E-01  3.21420E-01  2.89064E-01
  2.60219E-01  2.33869E-01  2.10346E-01  1.88655E-01  1.69824E-01  1.53893E-01
  1.24173E-01  1.00145E-01  8.12334E-02  6.71314E-02  5.56858E-02  4.70865E-02
  4.16979E-02  3.86099E-02  3.11999E-02  2.19874E-02  1.40546E-02  1.36653E-02
  1.22390E-02  9.28360E-03  5.01179E-03  3.52726E-03  5.79806E-03  1.03159E-03
 -1.10283E-02 -1.49031E-02 -1.54921E-02 -1.23068E-02 -1.15082E-02 -9.51818E-03
 -1.45656E-02 -7.33025E-03 -5.44419E-03 -5.51925E-03 -1.31315E-02
