AutoSaveFileName0164.ASC
 IFORMY    0    .00
 (6E13.7)
 IFORMT    0    .00
 (6E13.7)
 IFORMW    0    .00
 (6E13.7)
 NINTT     0   -1.00
 DOUSNQ    0    1.00
 IQUAD          1.00
 PRWT      0    1.00
 PRY       0    1.00
 IPLRES    1    3.00
 IPLRES    2    3.00
 IPRINT    1    0.00
 IPRINT    2    2.00
 IPLFIT    1    0.00
 IPLFIT    2    0.00
 LINEPG    0   50.
 NONNEG    1    1.00
 IWT       0    5.00
 NQPROG    1    5.00
 NQPROG    2    5.00
 GMNMX     1    2.148E-05
 GMNMX     2    2.148E-02
 RUSER    10    -1.00
 NG        0    200.00
 NLINF     0    0.00
 IUSER    10    4.00
 RUSER    21    1.0
 RUSER    22   -1.0
 RUSER    23    0.0
 RUSER    18         291.97495
 RUSER    17         68.99900
 RUSER    19         1.03114
 RUSER    15         1.33200
 RUSER    16         632.80000
 RUSER    25         1
 RUSER    26         0
 END       0    0.00
 NY      131
  3.75000E-07  5.00000E-07  6.25000E-07  7.50000E-07  8.75000E-07  1.00000E-06
  1.12500E-06  1.25000E-06  1.37500E-06  1.50000E-06  1.62500E-06  1.75000E-06
  1.87500E-06  2.00000E-06  2.25000E-06  2.50000E-06  2.75000E-06  3.00000E-06
  3.25000E-06  3.50000E-06  3.75000E-06  4.00000E-06  4.50000E-06  5.00000E-06
  5.50000E-06  6.00000E-06  6.50000E-06  7.00000E-06  7.50000E-06  8.00000E-06
  9.00000E-06  1.00000E-05  1.10000E-05  1.20000E-05  1.30000E-05  1.40000E-05
  1.50000E-05  1.60000E-05  1.80000E-05  2.00000E-05  2.20000E-05  2.40000E-05
  2.60000E-05  2.80000E-05  3.00000E-05  3.20000E-05  3.60000E-05  4.00000E-05
  4.40000E-05  4.80000E-05  5.20000E-05  5.60000E-05  6.00000E-05  6.40000E-05
  7.20000E-05  8.00000E-05  8.80000E-05  9.60000E-05  1.04000E-04  1.12000E-04
  1.20000E-04  1.28000E-04  1.44000E-04  1.60000E-04  1.76000E-04  1.92000E-04
  2.08000E-04  2.24000E-04  2.40000E-04  2.56000E-04  2.88000E-04  3.20000E-04
  3.52000E-04  3.84000E-04  4.16000E-04  4.48000E-04  4.80000E-04  5.12000E-04
  5.76000E-04  6.40000E-04  7.04000E-04  7.68000E-04  8.32000E-04  8.96000E-04
  9.60000E-04  1.02400E-03  1.15200E-03  1.28000E-03  1.40800E-03  1.53600E-03
  1.66400E-03  1.79200E-03  1.92000E-03  2.01600E-03  2.27200E-03  2.52800E-03
  2.78400E-03  3.04000E-03  3.29600E-03  3.55200E-03  3.80800E-03  4.06400E-03
  4.57600E-03  5.08800E-03  5.60000E-03  6.11200E-03  6.62400E-03  7.13600E-03
  7.64800E-03  8.16000E-03  9.18400E-03  1.02080E-02  1.12320E-02  1.22560E-02
  1.32800E-02  1.43040E-02  1.53280E-02  1.63520E-02  1.84000E-02  2.04480E-02
  2.24960E-02  2.45440E-02  2.65920E-02  2.86400E-02  3.06880E-02  3.27360E-02
  3.68320E-02  4.09280E-02  4.50240E-02  4.91200E-02  5.32160E-02
  2.40797E+00  2.39705E+00  2.39449E+00  2.39458E+00  2.38551E+00  2.38906E+00
  2.38699E+00  2.38880E+00  2.38891E+00  2.38303E+00  2.38892E+00  2.39148E+00
  2.38629E+00  2.38274E+00  2.38331E+00  2.38555E+00  2.38177E+00  2.38272E+00
  2.38246E+00  2.38440E+00  2.38409E+00  2.38302E+00  2.38519E+00  2.38030E+00
  2.38009E+00  2.38332E+00  2.38084E+00  2.38350E+00  2.38105E+00  2.38174E+00
  2.37941E+00  2.37749E+00  2.37743E+00  2.37819E+00  2.37942E+00  2.37682E+00
  2.37443E+00  2.37414E+00  2.37363E+00  2.37194E+00  2.37148E+00  2.37057E+00
  2.36864E+00  2.36661E+00  2.36470E+00  2.36410E+00  2.36093E+00  2.35866E+00
  2.35645E+00  2.35325E+00  2.34974E+00  2.34772E+00  2.34427E+00  2.34177E+00
  2.33556E+00  2.33019E+00  2.32464E+00  2.31854E+00  2.31336E+00  2.30730E+00
  2.30151E+00  2.29574E+00  2.28471E+00  2.27353E+00  2.26277E+00  2.25177E+00
  2.24026E+00  2.23012E+00  2.21936E+00  2.20813E+00  2.18702E+00  2.16592E+00
  2.14468E+00  2.12432E+00  2.10362E+00  2.08321E+00  2.06324E+00  2.04341E+00
  2.00431E+00  1.96568E+00  1.92826E+00  1.89153E+00  1.85544E+00  1.81989E+00
  1.78538E+00  1.75068E+00  1.68442E+00  1.62094E+00  1.56022E+00  1.50201E+00
  1.44590E+00  1.39179E+00  1.34025E+00  1.30561E+00  1.20921E+00  1.12079E+00
  1.04001E+00  9.64835E-01  8.95497E-01  8.30986E-01  7.71558E-01  7.17665E-01
  6.21638E-01  5.39052E-01  4.67147E-01  4.04324E-01  3.51164E-01  3.09373E-01
  2.72400E-01  2.38505E-01  1.82604E-01  1.41342E-01  1.12545E-01  9.37353E-02
  8.23875E-02  6.93749E-02  5.72963E-02  4.40058E-02  3.58656E-02  3.14552E-02
  3.35641E-02  3.58571E-02  3.52205E-02  3.32949E-02  3.23054E-02  1.43202E-02
 -3.15494E-03 -2.22811E-02 -2.27134E-02 -1.42121E-02 -1.53450E-02
