AutoSaveFileName0127.ASC
 IFORMY    0    .00
 (6E13.7)
 IFORMT    0    .00
 (6E13.7)
 IFORMW    0    .00
 (6E13.7)
 NINTT     0   -1.00
 DOUSNQ    0    1.00
 IQUAD          1.00
 PRWT      0    1.00
 PRY       0    1.00
 IPLRES    1    3.00
 IPLRES    2    3.00
 IPRINT    1    0.00
 IPRINT    2    2.00
 IPLFIT    1    0.00
 IPLFIT    2    0.00
 LINEPG    0   50.
 NONNEG    1    1.00
 IWT       0    5.00
 NQPROG    1    5.00
 NQPROG    2    5.00
 GMNMX     1    3.031E-05
 GMNMX     2    3.031E-02
 RUSER    10    -1.00
 NG        0    200.00
 NLINF     0    0.00
 IUSER    10    4.00
 RUSER    21    1.0
 RUSER    22   -1.0
 RUSER    23    0.0
 RUSER    18         291.92618
 RUSER    17         56.99900
 RUSER    19         1.03239
 RUSER    15         1.33200
 RUSER    16         632.80000
 RUSER    25         1
 RUSER    26         0
 END       0    0.00
 NY      131
  3.75000E-07  5.00000E-07  6.25000E-07  7.50000E-07  8.75000E-07  1.00000E-06
  1.12500E-06  1.25000E-06  1.37500E-06  1.50000E-06  1.62500E-06  1.75000E-06
  1.87500E-06  2.00000E-06  2.25000E-06  2.50000E-06  2.75000E-06  3.00000E-06
  3.25000E-06  3.50000E-06  3.75000E-06  4.00000E-06  4.50000E-06  5.00000E-06
  5.50000E-06  6.00000E-06  6.50000E-06  7.00000E-06  7.50000E-06  8.00000E-06
  9.00000E-06  1.00000E-05  1.10000E-05  1.20000E-05  1.30000E-05  1.40000E-05
  1.50000E-05  1.60000E-05  1.80000E-05  2.00000E-05  2.20000E-05  2.40000E-05
  2.60000E-05  2.80000E-05  3.00000E-05  3.20000E-05  3.60000E-05  4.00000E-05
  4.40000E-05  4.80000E-05  5.20000E-05  5.60000E-05  6.00000E-05  6.40000E-05
  7.20000E-05  8.00000E-05  8.80000E-05  9.60000E-05  1.04000E-04  1.12000E-04
  1.20000E-04  1.28000E-04  1.44000E-04  1.60000E-04  1.76000E-04  1.92000E-04
  2.08000E-04  2.24000E-04  2.40000E-04  2.56000E-04  2.88000E-04  3.20000E-04
  3.52000E-04  3.84000E-04  4.16000E-04  4.48000E-04  4.80000E-04  5.12000E-04
  5.76000E-04  6.40000E-04  7.04000E-04  7.68000E-04  8.32000E-04  8.96000E-04
  9.60000E-04  1.02400E-03  1.15200E-03  1.28000E-03  1.40800E-03  1.53600E-03
  1.66400E-03  1.79200E-03  1.92000E-03  2.01600E-03  2.27200E-03  2.52800E-03
  2.78400E-03  3.04000E-03  3.29600E-03  3.55200E-03  3.80800E-03  4.06400E-03
  4.57600E-03  5.08800E-03  5.60000E-03  6.11200E-03  6.62400E-03  7.13600E-03
  7.64800E-03  8.16000E-03  9.18400E-03  1.02080E-02  1.12320E-02  1.22560E-02
  1.32800E-02  1.43040E-02  1.53280E-02  1.63520E-02  1.84000E-02  2.04480E-02
  2.24960E-02  2.45440E-02  2.65920E-02  2.86400E-02  3.06880E-02  3.27360E-02
  3.68320E-02  4.09280E-02  4.50240E-02  4.91200E-02  5.32160E-02
  1.68003E+00  1.68193E+00  1.67889E+00  1.67630E+00  1.67786E+00  1.67662E+00
  1.67638E+00  1.67560E+00  1.67300E+00  1.67125E+00  1.67500E+00  1.67413E+00
  1.67254E+00  1.67543E+00  1.67561E+00  1.67244E+00  1.67072E+00  1.67495E+00
  1.66845E+00  1.67251E+00  1.67421E+00  1.67089E+00  1.67267E+00  1.66908E+00
  1.67118E+00  1.66925E+00  1.67031E+00  1.67231E+00  1.67261E+00  1.66903E+00
  1.66806E+00  1.66939E+00  1.66821E+00  1.67032E+00  1.66813E+00  1.66897E+00
  1.66829E+00  1.66805E+00  1.66690E+00  1.66662E+00  1.66641E+00  1.66367E+00
  1.66388E+00  1.66122E+00  1.66254E+00  1.66145E+00  1.66063E+00  1.65872E+00
  1.65630E+00  1.65571E+00  1.65446E+00  1.65208E+00  1.65108E+00  1.64957E+00
  1.64634E+00  1.64324E+00  1.63985E+00  1.63677E+00  1.63439E+00  1.63117E+00
  1.62794E+00  1.62509E+00  1.61943E+00  1.61388E+00  1.60726E+00  1.60166E+00
  1.59573E+00  1.59002E+00  1.58445E+00  1.57819E+00  1.56697E+00  1.55483E+00
  1.54329E+00  1.53168E+00  1.52018E+00  1.50907E+00  1.49772E+00  1.48680E+00
  1.46472E+00  1.44320E+00  1.42214E+00  1.40141E+00  1.38065E+00  1.36010E+00
  1.34014E+00  1.30098E+00  1.26238E+00  1.22520E+00  1.18966E+00  1.15465E+00
  1.12068E+00  1.08784E+00  1.05601E+00  1.04713E+00  9.87295E-01  9.30679E-01
  8.77208E-01  8.26909E-01  7.79333E-01  7.34421E-01  6.92350E-01  6.52966E-01
  5.80181E-01  5.15066E-01  4.56635E-01  4.07318E-01  3.65171E-01  3.25628E-01
  2.88089E-01  2.56845E-01  2.04329E-01  1.62382E-01  1.30203E-01  1.06028E-01
  8.63383E-02  6.99796E-02  5.70942E-02  5.10119E-02  4.38214E-02  4.10748E-02
  3.37153E-02  2.94786E-02  2.33910E-02  1.76730E-02  1.68376E-02  5.92229E-03
 -1.94362E-03 -3.00470E-03  7.83089E-03  1.68402E-02  2.47408E-02
