AutoSaveFileName0176.ASC
 IFORMY    0    .00
 (6E13.7)
 IFORMT    0    .00
 (6E13.7)
 IFORMW    0    .00
 (6E13.7)
 NINTT     0   -1.00
 DOUSNQ    0    1.00
 IQUAD          1.00
 PRWT      0    1.00
 PRY       0    1.00
 IPLRES    1    3.00
 IPLRES    2    3.00
 IPRINT    1    0.00
 IPRINT    2    2.00
 IPLFIT    1    0.00
 IPLFIT    2    0.00
 LINEPG    0   50.
 NONNEG    1    1.00
 IWT       0    5.00
 NQPROG    1    5.00
 NQPROG    2    5.00
 GMNMX     1    1.947E-05
 GMNMX     2    1.947E-02
 RUSER    10    -1.00
 NG        0    200.00
 NLINF     0    0.00
 IUSER    10    4.00
 RUSER    21    1.0
 RUSER    22   -1.0
 RUSER    23    0.0
 RUSER    18         291.99332
 RUSER    17         72.99900
 RUSER    19         1.03067
 RUSER    15         1.33200
 RUSER    16         632.80000
 RUSER    25         1
 RUSER    26         0
 END       0    0.00
 NY      131
  3.75000E-07  5.00000E-07  6.25000E-07  7.50000E-07  8.75000E-07  1.00000E-06
  1.12500E-06  1.25000E-06  1.37500E-06  1.50000E-06  1.62500E-06  1.75000E-06
  1.87500E-06  2.00000E-06  2.25000E-06  2.50000E-06  2.75000E-06  3.00000E-06
  3.25000E-06  3.50000E-06  3.75000E-06  4.00000E-06  4.50000E-06  5.00000E-06
  5.50000E-06  6.00000E-06  6.50000E-06  7.00000E-06  7.50000E-06  8.00000E-06
  9.00000E-06  1.00000E-05  1.10000E-05  1.20000E-05  1.30000E-05  1.40000E-05
  1.50000E-05  1.60000E-05  1.80000E-05  2.00000E-05  2.20000E-05  2.40000E-05
  2.60000E-05  2.80000E-05  3.00000E-05  3.20000E-05  3.60000E-05  4.00000E-05
  4.40000E-05  4.80000E-05  5.20000E-05  5.60000E-05  6.00000E-05  6.40000E-05
  7.20000E-05  8.00000E-05  8.80000E-05  9.60000E-05  1.04000E-04  1.12000E-04
  1.20000E-04  1.28000E-04  1.44000E-04  1.60000E-04  1.76000E-04  1.92000E-04
  2.08000E-04  2.24000E-04  2.40000E-04  2.56000E-04  2.88000E-04  3.20000E-04
  3.52000E-04  3.84000E-04  4.16000E-04  4.48000E-04  4.80000E-04  5.12000E-04
  5.76000E-04  6.40000E-04  7.04000E-04  7.68000E-04  8.32000E-04  8.96000E-04
  9.60000E-04  1.02400E-03  1.15200E-03  1.28000E-03  1.40800E-03  1.53600E-03
  1.66400E-03  1.79200E-03  1.92000E-03  2.01600E-03  2.27200E-03  2.52800E-03
  2.78400E-03  3.04000E-03  3.29600E-03  3.55200E-03  3.80800E-03  4.06400E-03
  4.57600E-03  5.08800E-03  5.60000E-03  6.11200E-03  6.62400E-03  7.13600E-03
  7.64800E-03  8.16000E-03  9.18400E-03  1.02080E-02  1.12320E-02  1.22560E-02
  1.32800E-02  1.43040E-02  1.53280E-02  1.63520E-02  1.84000E-02  2.04480E-02
  2.24960E-02  2.45440E-02  2.65920E-02  2.86400E-02  3.06880E-02  3.27360E-02
  3.68320E-02  4.09280E-02  4.50240E-02  4.91200E-02  5.32160E-02
  2.33348E+00  2.33140E+00  2.32889E+00  2.31739E+00  2.33280E+00  2.33012E+00
  2.32354E+00  2.31624E+00  2.32353E+00  2.31662E+00  2.31770E+00  2.32685E+00
  2.32640E+00  2.32086E+00  2.32280E+00  2.32391E+00  2.31961E+00  2.31994E+00
  2.31448E+00  2.32616E+00  2.31456E+00  2.31625E+00  2.31369E+00  2.31961E+00
  2.31819E+00  2.31474E+00  2.32145E+00  2.31132E+00  2.31761E+00  2.31611E+00
  2.31165E+00  2.31400E+00  2.31305E+00  2.31489E+00  2.31070E+00  2.31099E+00
  2.31010E+00  2.30959E+00  2.30845E+00  2.30491E+00  2.30334E+00  2.30452E+00
  2.30021E+00  2.30070E+00  2.29927E+00  2.29949E+00  2.29641E+00  2.29348E+00
  2.28844E+00  2.28553E+00  2.28396E+00  2.28021E+00  2.27744E+00  2.27497E+00
  2.27053E+00  2.26263E+00  2.25727E+00  2.25171E+00  2.24542E+00  2.23888E+00
  2.23453E+00  2.22887E+00  2.21628E+00  2.20530E+00  2.19377E+00  2.18282E+00
  2.17137E+00  2.16146E+00  2.14927E+00  2.13777E+00  2.11576E+00  2.09471E+00
  2.07333E+00  2.05215E+00  2.03129E+00  2.01097E+00  1.99037E+00  1.93322E+00
  1.89337E+00  1.85490E+00  1.81782E+00  1.78146E+00  1.74591E+00  1.71095E+00
  1.67759E+00  1.46442E+00  1.40484E+00  1.34820E+00  1.29530E+00  1.24421E+00
  1.19556E+00  1.14833E+00  1.10403E+00  1.23854E+00  1.14716E+00  1.06223E+00
  9.84007E-01  9.11655E-01  8.45108E-01  7.83192E-01  7.25231E-01  6.73422E-01
  5.76640E-01  4.92639E-01  4.21615E-01  3.61926E-01  3.12054E-01  2.71415E-01
  2.38251E-01  2.10031E-01  1.60276E-01  1.21253E-01  8.94021E-02  6.89996E-02
  5.41310E-02  4.40988E-02  3.44801E-02  2.75721E-02  1.91302E-02  1.02635E-02
  3.36382E-03 -5.99661E-03 -7.54958E-03 -1.10787E-02 -4.98130E-03  3.64158E-03
  6.76774E-03 -1.00617E-02  5.95324E-03  3.15182E-02  4.58159E-02
