AutoSaveFileName0107.ASC
 IFORMY    0    .00
 (6E13.7)
 IFORMT    0    .00
 (6E13.7)
 IFORMW    0    .00
 (6E13.7)
 NINTT     0   -1.00
 DOUSNQ    0    1.00
 IQUAD          1.00
 PRWT      0    1.00
 PRY       0    1.00
 IPLRES    1    3.00
 IPLRES    2    3.00
 IPRINT    1    0.00
 IPRINT    2    2.00
 IPLFIT    1    0.00
 IPLFIT    2    0.00
 LINEPG    0   50.
 NONNEG    1    1.00
 IWT       0    5.00
 NQPROG    1    5.00
 NQPROG    2    5.00
 GMNMX     1    3.866E-05
 GMNMX     2    3.866E-02
 RUSER    10    -1.00
 NG        0    200.00
 NLINF     0    0.00
 IUSER    10    4.00
 RUSER    21    1.0
 RUSER    22   -1.0
 RUSER    23    0.0
 RUSER    18         291.90169
 RUSER    17         49.99900
 RUSER    19         1.03301
 RUSER    15         1.33200
 RUSER    16         632.80000
 RUSER    25         1
 RUSER    26         0
 END       0    0.00
 NY      131
  3.75000E-07  5.00000E-07  6.25000E-07  7.50000E-07  8.75000E-07  1.00000E-06
  1.12500E-06  1.25000E-06  1.37500E-06  1.50000E-06  1.62500E-06  1.75000E-06
  1.87500E-06  2.00000E-06  2.25000E-06  2.50000E-06  2.75000E-06  3.00000E-06
  3.25000E-06  3.50000E-06  3.75000E-06  4.00000E-06  4.50000E-06  5.00000E-06
  5.50000E-06  6.00000E-06  6.50000E-06  7.00000E-06  7.50000E-06  8.00000E-06
  9.00000E-06  1.00000E-05  1.10000E-05  1.20000E-05  1.30000E-05  1.40000E-05
  1.50000E-05  1.60000E-05  1.80000E-05  2.00000E-05  2.20000E-05  2.40000E-05
  2.60000E-05  2.80000E-05  3.00000E-05  3.20000E-05  3.60000E-05  4.00000E-05
  4.40000E-05  4.80000E-05  5.20000E-05  5.60000E-05  6.00000E-05  6.40000E-05
  7.20000E-05  8.00000E-05  8.80000E-05  9.60000E-05  1.04000E-04  1.12000E-04
  1.20000E-04  1.28000E-04  1.44000E-04  1.60000E-04  1.76000E-04  1.92000E-04
  2.08000E-04  2.24000E-04  2.40000E-04  2.56000E-04  2.88000E-04  3.20000E-04
  3.52000E-04  3.84000E-04  4.16000E-04  4.48000E-04  4.80000E-04  5.12000E-04
  5.76000E-04  6.40000E-04  7.04000E-04  7.68000E-04  8.32000E-04  8.96000E-04
  9.60000E-04  1.02400E-03  1.15200E-03  1.28000E-03  1.40800E-03  1.53600E-03
  1.66400E-03  1.79200E-03  1.92000E-03  2.01600E-03  2.27200E-03  2.52800E-03
  2.78400E-03  3.04000E-03  3.29600E-03  3.55200E-03  3.80800E-03  4.06400E-03
  4.57600E-03  5.08800E-03  5.60000E-03  6.11200E-03  6.62400E-03  7.13600E-03
  7.64800E-03  8.16000E-03  9.18400E-03  1.02080E-02  1.12320E-02  1.22560E-02
  1.32800E-02  1.43040E-02  1.53280E-02  1.63520E-02  1.84000E-02  2.04480E-02
  2.24960E-02  2.45440E-02  2.65920E-02  2.86400E-02  3.06880E-02  3.27360E-02
  3.68320E-02  4.09280E-02  4.50240E-02  4.91200E-02  5.32160E-02
  2.23476E+00  2.22922E+00  2.23282E+00  2.22841E+00  2.22797E+00  2.22873E+00
  2.22650E+00  2.22628E+00  2.22509E+00  2.22762E+00  2.23128E+00  2.22542E+00
  2.22524E+00  2.22641E+00  2.22539E+00  2.22772E+00  2.22344E+00  2.22460E+00
  2.22514E+00  2.22707E+00  2.22591E+00  2.22346E+00  2.22493E+00  2.22427E+00
  2.22593E+00  2.22438E+00  2.22537E+00  2.22345E+00  2.22214E+00  2.22347E+00
  2.22327E+00  2.22283E+00  2.22226E+00  2.22187E+00  2.21944E+00  2.22097E+00
  2.22058E+00  2.22057E+00  2.21872E+00  2.21826E+00  2.21714E+00  2.21599E+00
  2.21550E+00  2.21444E+00  2.21400E+00  2.21291E+00  2.21210E+00  2.20991E+00
  2.20871E+00  2.20692E+00  2.20477E+00  2.20347E+00  2.20097E+00  2.19994E+00
  2.19659E+00  2.19309E+00  2.18988E+00  2.18613E+00  2.18340E+00  2.18003E+00
  2.17679E+00  2.17340E+00  2.16628E+00  2.16004E+00  2.15348E+00  2.14668E+00
  2.14042E+00  2.13380E+00  2.12717E+00  2.12075E+00  2.10780E+00  2.09494E+00
  2.08210E+00  2.06942E+00  2.05646E+00  2.04390E+00  2.03144E+00  2.01233E+00
  1.98777E+00  1.96354E+00  1.93952E+00  1.91576E+00  1.89250E+00  1.86917E+00
  1.84639E+00  1.82489E+00  1.78097E+00  1.73813E+00  1.69631E+00  1.65564E+00
  1.61601E+00  1.57754E+00  1.53975E+00  1.51567E+00  1.44473E+00  1.37744E+00
  1.31308E+00  1.25166E+00  1.19332E+00  1.13768E+00  1.08514E+00  1.03595E+00
  9.43392E-01  8.59923E-01  7.83991E-01  7.13159E-01  6.47837E-01  5.88620E-01
  5.35210E-01  4.89028E-01  4.05831E-01  3.37625E-01  2.79513E-01  2.36826E-01
  2.02136E-01  1.72800E-01  1.45573E-01  1.22929E-01  8.60356E-02  5.43276E-02
  2.86493E-02  1.56760E-02  1.84405E-02  2.21852E-02  2.81268E-02  3.28786E-02
  3.11293E-02  2.87581E-02  4.02450E-02  3.07642E-02  2.20605E-02
