AutoSaveFileName0199.ASC
 IFORMY    0    .00
 (6E13.7)
 IFORMT    0    .00
 (6E13.7)
 IFORMW    0    .00
 (6E13.7)
 NINTT     0   -1.00
 DOUSNQ    0    1.00
 IQUAD          1.00
 PRWT      0    1.00
 PRY       0    1.00
 IPLRES    1    3.00
 IPLRES    2    3.00
 IPRINT    1    0.00
 IPRINT    2    2.00
 IPLFIT    1    0.00
 IPLFIT    2    0.00
 LINEPG    0   50.
 NONNEG    1    1.00
 IWT       0    5.00
 NQPROG    1    5.00
 NQPROG    2    5.00
 GMNMX     1    1.631E-05
 GMNMX     2    1.631E-02
 RUSER    10    -1.00
 NG        0    200.00
 NLINF     0    0.00
 IUSER    10    4.00
 RUSER    21    1.0
 RUSER    22   -1.0
 RUSER    23    0.0
 RUSER    18         292.02699
 RUSER    17         80.99900
 RUSER    19         1.02981
 RUSER    15         1.33200
 RUSER    16         632.80000
 RUSER    25         1
 RUSER    26         0
 END       0    0.00
 NY      131
  3.75000E-07  5.00000E-07  6.25000E-07  7.50000E-07  8.75000E-07  1.00000E-06
  1.12500E-06  1.25000E-06  1.37500E-06  1.50000E-06  1.62500E-06  1.75000E-06
  1.87500E-06  2.00000E-06  2.25000E-06  2.50000E-06  2.75000E-06  3.00000E-06
  3.25000E-06  3.50000E-06  3.75000E-06  4.00000E-06  4.50000E-06  5.00000E-06
  5.50000E-06  6.00000E-06  6.50000E-06  7.00000E-06  7.50000E-06  8.00000E-06
  9.00000E-06  1.00000E-05  1.10000E-05  1.20000E-05  1.30000E-05  1.40000E-05
  1.50000E-05  1.60000E-05  1.80000E-05  2.00000E-05  2.20000E-05  2.40000E-05
  2.60000E-05  2.80000E-05  3.00000E-05  3.20000E-05  3.60000E-05  4.00000E-05
  4.40000E-05  4.80000E-05  5.20000E-05  5.60000E-05  6.00000E-05  6.40000E-05
  7.20000E-05  8.00000E-05  8.80000E-05  9.60000E-05  1.04000E-04  1.12000E-04
  1.20000E-04  1.28000E-04  1.44000E-04  1.60000E-04  1.76000E-04  1.92000E-04
  2.08000E-04  2.24000E-04  2.40000E-04  2.56000E-04  2.88000E-04  3.20000E-04
  3.52000E-04  3.84000E-04  4.16000E-04  4.48000E-04  4.80000E-04  5.12000E-04
  5.76000E-04  6.40000E-04  7.04000E-04  7.68000E-04  8.32000E-04  8.96000E-04
  9.60000E-04  1.02400E-03  1.15200E-03  1.28000E-03  1.40800E-03  1.53600E-03
  1.66400E-03  1.79200E-03  1.92000E-03  2.01600E-03  2.27200E-03  2.52800E-03
  2.78400E-03  3.04000E-03  3.29600E-03  3.55200E-03  3.80800E-03  4.06400E-03
  4.57600E-03  5.08800E-03  5.60000E-03  6.11200E-03  6.62400E-03  7.13600E-03
  7.64800E-03  8.16000E-03  9.18400E-03  1.02080E-02  1.12320E-02  1.22560E-02
  1.32800E-02  1.43040E-02  1.53280E-02  1.63520E-02  1.84000E-02  2.04480E-02
  2.24960E-02  2.45440E-02  2.65920E-02  2.86400E-02  3.06880E-02  3.27360E-02
  3.68320E-02  4.09280E-02  4.50240E-02  4.91200E-02  5.32160E-02
  1.52754E+00  1.52361E+00  1.51627E+00  1.52024E+00  1.51442E+00  1.51337E+00
  1.51794E+00  1.51823E+00  1.52399E+00  1.51068E+00  1.51929E+00  1.51871E+00
  1.51872E+00  1.51659E+00  1.51686E+00  1.51117E+00  1.51684E+00  1.51589E+00
  1.51786E+00  1.51420E+00  1.51482E+00  1.51328E+00  1.51548E+00  1.51265E+00
  1.51307E+00  1.51447E+00  1.51423E+00  1.51152E+00  1.51435E+00  1.51297E+00
  1.51244E+00  1.51064E+00  1.51128E+00  1.51030E+00  1.51014E+00  1.50959E+00
  1.50735E+00  1.50653E+00  1.50559E+00  1.50629E+00  1.50511E+00  1.50385E+00
  1.50139E+00  1.50203E+00  1.49987E+00  1.49826E+00  1.49632E+00  1.49361E+00
  1.49111E+00  1.48870E+00  1.48685E+00  1.48476E+00  1.48089E+00  1.47988E+00
  1.47530E+00  1.47052E+00  1.46610E+00  1.46102E+00  1.45770E+00  1.45194E+00
  1.44762E+00  1.44315E+00  1.43374E+00  1.42485E+00  1.41610E+00  1.40695E+00
  1.39828E+00  1.38965E+00  1.38063E+00  1.37187E+00  1.35488E+00  1.33818E+00
  1.32068E+00  1.30436E+00  1.28777E+00  1.27175E+00  1.25561E+00  1.21136E+00
  1.18124E+00  1.15247E+00  1.12446E+00  1.09686E+00  1.06991E+00  1.04386E+00
  1.01874E+00  8.22823E-01  7.81318E-01  7.42016E-01  7.05451E-01  6.71318E-01
  6.38968E-01  6.07831E-01  5.79034E-01  7.04601E-01  6.42964E-01  5.86925E-01
  5.36064E-01  4.89854E-01  4.47780E-01  4.10458E-01  3.76881E-01  3.47398E-01
  2.91101E-01  2.44046E-01  2.07257E-01  1.77604E-01  1.52809E-01  1.31667E-01
  1.13245E-01  9.87408E-02  7.54374E-02  6.11935E-02  5.17911E-02  4.56099E-02
  4.42608E-02  4.24733E-02  3.73474E-02  3.11948E-02  2.53159E-02  2.33880E-02
  2.57119E-02  6.17806E-03 -6.44999E-03 -8.20620E-03 -8.49437E-03 -7.13000E-03
 -3.92623E-03  2.38662E-04  4.73330E-03  5.37559E-03  9.31726E-03
