AutoSaveFileName0049.ASC
 IFORMY    0    .00
 (6E13.7)
 IFORMT    0    .00
 (6E13.7)
 IFORMW    0    .00
 (6E13.7)
 NINTT     0   -1.00
 DOUSNQ    0    1.00
 IQUAD          1.00
 PRWT      0    1.00
 PRY       0    1.00
 IPLRES    1    3.00
 IPLRES    2    3.00
 IPRINT    1    0.00
 IPRINT    2    2.00
 IPLFIT    1    0.00
 IPLFIT    2    0.00
 LINEPG    0   50.
 NONNEG    1    1.00
 IWT       0    5.00
 NQPROG    1    5.00
 NQPROG    2    5.00
 GMNMX     1    7.632E-05
 GMNMX     2    2.290E-02
 RUSER    10    -1.00
 NG        0    200.00
 NLINF     0    0.00
 IUSER    10    4.00
 RUSER    21    1.0
 RUSER    22   -1.0
 RUSER    23    0.0
 RUSER    18         291.92641
 RUSER    17         34.99800
 RUSER    19         0.00103
 RUSER    15         1.33200
 RUSER    16         0.00000
 RUSER    25         1
 RUSER    26         0
 END       0    0.00
 NY      131
  3.75000E-07  5.00000E-07  6.25000E-07  7.50000E-07  8.75000E-07  1.00000E-06
  1.12500E-06  1.25000E-06  1.37500E-06  1.50000E-06  1.62500E-06  1.75000E-06
  1.87500E-06  2.00000E-06  2.25000E-06  2.50000E-06  2.75000E-06  3.00000E-06
  3.25000E-06  3.50000E-06  3.75000E-06  4.00000E-06  4.50000E-06  5.00000E-06
  5.50000E-06  6.00000E-06  6.50000E-06  7.00000E-06  7.50000E-06  8.00000E-06
  9.00000E-06  1.00000E-05  1.10000E-05  1.20000E-05  1.30000E-05  1.40000E-05
  1.50000E-05  1.60000E-05  1.80000E-05  2.00000E-05  2.20000E-05  2.40000E-05
  2.60000E-05  2.80000E-05  3.00000E-05  3.20000E-05  3.60000E-05  4.00000E-05
  4.40000E-05  4.80000E-05  5.20000E-05  5.60000E-05  6.00000E-05  6.40000E-05
  7.20000E-05  8.00000E-05  8.80000E-05  9.60000E-05  1.04000E-04  1.12000E-04
  1.20000E-04  1.28000E-04  1.44000E-04  1.60000E-04  1.76000E-04  1.92000E-04
  2.08000E-04  2.24000E-04  2.40000E-04  2.56000E-04  2.88000E-04  3.20000E-04
  3.52000E-04  3.84000E-04  4.16000E-04  4.48000E-04  4.80000E-04  5.12000E-04
  5.76000E-04  6.40000E-04  7.04000E-04  7.68000E-04  8.32000E-04  8.96000E-04
  9.60000E-04  1.02400E-03  1.15200E-03  1.28000E-03  1.40800E-03  1.53600E-03
  1.66400E-03  1.79200E-03  1.92000E-03  2.01600E-03  2.27200E-03  2.52800E-03
  2.78400E-03  3.04000E-03  3.29600E-03  3.55200E-03  3.80800E-03  4.06400E-03
  4.57600E-03  5.08800E-03  5.60000E-03  6.11200E-03  6.62400E-03  7.13600E-03
  7.64800E-03  8.16000E-03  9.18400E-03  1.02080E-02  1.12320E-02  1.22560E-02
  1.32800E-02  1.43040E-02  1.53280E-02  1.63520E-02  1.84000E-02  2.04480E-02
  2.24960E-02  2.45440E-02  2.65920E-02  2.86400E-02  3.06880E-02  3.27360E-02
  3.68320E-02  4.09280E-02  4.50240E-02  4.91200E-02  5.32160E-02
  9.23488E+00  9.20728E+00  9.18678E+00  9.19090E+00  9.18043E+00  9.16001E+00
  9.15864E+00  9.16992E+00  9.17164E+00  9.16004E+00  9.15499E+00  9.16340E+00
  9.13625E+00  9.14169E+00  9.15875E+00  9.16589E+00  9.14580E+00  9.14611E+00
  9.14061E+00  9.14083E+00  9.15213E+00  9.15125E+00  9.14403E+00  9.13719E+00
  9.14451E+00  9.13058E+00  9.13903E+00  9.12582E+00  9.12472E+00  9.12747E+00
  9.11998E+00  9.11838E+00  9.11683E+00  9.10531E+00  9.10188E+00  9.09320E+00
  9.09601E+00  9.09032E+00  9.07681E+00  9.07220E+00  9.05977E+00  9.05859E+00
  9.04403E+00  9.03751E+00  9.02102E+00  9.01618E+00  8.99843E+00  8.97718E+00
  8.96041E+00  8.93949E+00  8.92489E+00  8.90473E+00  8.88711E+00  8.86962E+00
  8.83617E+00  8.80126E+00  8.76600E+00  8.72982E+00  8.69378E+00  8.66010E+00
  8.62558E+00  8.59090E+00  8.52346E+00  8.45791E+00  8.39066E+00  8.32485E+00
  8.26115E+00  8.19605E+00  8.13202E+00  8.06908E+00  7.94653E+00  7.82492E+00
  7.70778E+00  7.59081E+00  7.47828E+00  7.36600E+00  7.25867E+00  7.15276E+00
  6.94672E+00  6.74658E+00  6.55409E+00  6.36912E+00  6.18969E+00  6.01628E+00
  5.85066E+00  5.69329E+00  5.38975E+00  5.10476E+00  4.84006E+00  4.59323E+00
  4.36407E+00  4.15080E+00  3.95374E+00  3.81376E+00  3.47838E+00  3.18441E+00
  2.92498E+00  2.70135E+00  2.50459E+00  2.33202E+00  2.18187E+00  2.05308E+00
  1.83312E+00  1.67241E+00  1.55434E+00  1.46270E+00  1.39272E+00  1.33453E+00
  1.29163E+00  1.25507E+00  1.19751E+00  1.14868E+00  1.12146E+00  1.08059E+00
  1.05266E+00  1.04054E+00  1.02275E+00  1.00944E+00  1.00087E+00  1.00138E+00
  9.86400E-01  9.89700E-01  1.00190E+00  9.83780E-01  9.71990E-01  9.83838E-01
  1.03134E+00  1.05772E+00  1.03108E+00  1.00440E+00  9.94984E-01
