AutoSaveFileName0053.ASC
 IFORMY    0    .00
 (6E13.7)
 IFORMT    0    .00
 (6E13.7)
 IFORMW    0    .00
 (6E13.7)
 NINTT     0   -1.00
 DOUSNQ    0    1.00
 IQUAD          1.00
 PRWT      0    1.00
 PRY       0    1.00
 IPLRES    1    3.00
 IPLRES    2    3.00
 IPRINT    1    0.00
 IPRINT    2    2.00
 IPLFIT    1    0.00
 IPLFIT    2    0.00
 LINEPG    0   50.
 NONNEG    1    1.00
 IWT       0    5.00
 NQPROG    1    5.00
 NQPROG    2    5.00
 GMNMX     1    9.104E-05
 GMNMX     2    9.104E-02
 RUSER    10    -1.00
 NG        0    200.00
 NLINF     0    0.00
 IUSER    10    4.00
 RUSER    21    1.0
 RUSER    22   -1.0
 RUSER    23    0.0
 RUSER    18         291.84436
 RUSER    17         31.99900
 RUSER    19         1.03448
 RUSER    15         1.33200
 RUSER    16         632.80000
 RUSER    25         1
 RUSER    26         0
 END       0    0.00
 NY      131
  3.75000E-07  5.00000E-07  6.25000E-07  7.50000E-07  8.75000E-07  1.00000E-06
  1.12500E-06  1.25000E-06  1.37500E-06  1.50000E-06  1.62500E-06  1.75000E-06
  1.87500E-06  2.00000E-06  2.25000E-06  2.50000E-06  2.75000E-06  3.00000E-06
  3.25000E-06  3.50000E-06  3.75000E-06  4.00000E-06  4.50000E-06  5.00000E-06
  5.50000E-06  6.00000E-06  6.50000E-06  7.00000E-06  7.50000E-06  8.00000E-06
  9.00000E-06  1.00000E-05  1.10000E-05  1.20000E-05  1.30000E-05  1.40000E-05
  1.50000E-05  1.60000E-05  1.80000E-05  2.00000E-05  2.20000E-05  2.40000E-05
  2.60000E-05  2.80000E-05  3.00000E-05  3.20000E-05  3.60000E-05  4.00000E-05
  4.40000E-05  4.80000E-05  5.20000E-05  5.60000E-05  6.00000E-05  6.40000E-05
  7.20000E-05  8.00000E-05  8.80000E-05  9.60000E-05  1.04000E-04  1.12000E-04
  1.20000E-04  1.28000E-04  1.44000E-04  1.60000E-04  1.76000E-04  1.92000E-04
  2.08000E-04  2.24000E-04  2.40000E-04  2.56000E-04  2.88000E-04  3.20000E-04
  3.52000E-04  3.84000E-04  4.16000E-04  4.48000E-04  4.80000E-04  5.12000E-04
  5.76000E-04  6.40000E-04  7.04000E-04  7.68000E-04  8.32000E-04  8.96000E-04
  9.60000E-04  1.02400E-03  1.15200E-03  1.28000E-03  1.40800E-03  1.53600E-03
  1.66400E-03  1.79200E-03  1.92000E-03  2.01600E-03  2.27200E-03  2.52800E-03
  2.78400E-03  3.04000E-03  3.29600E-03  3.55200E-03  3.80800E-03  4.06400E-03
  4.57600E-03  5.08800E-03  5.60000E-03  6.11200E-03  6.62400E-03  7.13600E-03
  7.64800E-03  8.16000E-03  9.18400E-03  1.02080E-02  1.12320E-02  1.22560E-02
  1.32800E-02  1.43040E-02  1.53280E-02  1.63520E-02  1.84000E-02  2.04480E-02
  2.24960E-02  2.45440E-02  2.65920E-02  2.86400E-02  3.06880E-02  3.27360E-02
  3.68320E-02  4.09280E-02  4.50240E-02  4.91200E-02  5.32160E-02
  2.52747E+00  2.52343E+00  2.51825E+00  2.51447E+00  2.51502E+00  2.51141E+00
  2.51705E+00  2.51604E+00  2.51196E+00  2.50447E+00  2.51369E+00  2.51622E+00
  2.50619E+00  2.50973E+00  2.51458E+00  2.51172E+00  2.50791E+00  2.51065E+00
  2.51359E+00  2.50778E+00  2.50955E+00  2.50890E+00  2.51022E+00  2.50917E+00
  2.50906E+00  2.51265E+00  2.51369E+00  2.51029E+00  2.51096E+00  2.50778E+00
  2.50804E+00  2.50863E+00  2.50797E+00  2.50771E+00  2.50596E+00  2.50674E+00
  2.50469E+00  2.50679E+00  2.50777E+00  2.50560E+00  2.50576E+00  2.50721E+00
  2.50516E+00  2.50634E+00  2.50518E+00  2.50388E+00  2.50380E+00  2.50184E+00
  2.50241E+00  2.50131E+00  2.50155E+00  2.49944E+00  2.49929E+00  2.49817E+00
  2.49647E+00  2.49485E+00  2.49325E+00  2.49209E+00  2.48948E+00  2.48849E+00
  2.48689E+00  2.48521E+00  2.48249E+00  2.47869E+00  2.47572E+00  2.47285E+00
  2.46994E+00  2.46598E+00  2.46244E+00  2.45975E+00  2.45351E+00  2.44702E+00
  2.44119E+00  2.43457E+00  2.42775E+00  2.42204E+00  2.41554E+00  2.40979E+00
  2.39753E+00  2.38500E+00  2.37252E+00  2.36041E+00  2.34803E+00  2.33561E+00
  2.32400E+00  2.25734E+00  2.23428E+00  2.21129E+00  2.18857E+00  2.16639E+00
  2.14449E+00  2.12249E+00  2.10104E+00  2.14207E+00  2.09945E+00  2.05832E+00
  2.01816E+00  1.97861E+00  1.94005E+00  1.90233E+00  1.86500E+00  1.82870E+00
  1.75768E+00  1.68956E+00  1.62388E+00  1.56027E+00  1.49874E+00  1.43930E+00
  1.38277E+00  1.32911E+00  1.22769E+00  1.13636E+00  1.05503E+00  9.80845E-01
  9.14916E-01  8.56097E-01  8.02831E-01  7.53793E-01  6.61306E-01  5.87167E-01
  5.26703E-01  4.75324E-01  4.28363E-01  3.88085E-01  3.50615E-01  3.14303E-01
  2.51010E-01  1.89777E-01  1.32109E-01  9.34873E-02  6.65819E-02
