AutoSaveFileName0343.ASC
 IFORMY    0    .00
 (6E13.7)
 IFORMT    0    .00
 (6E13.7)
 IFORMW    0    .00
 (6E13.7)
 NINTT     0   -1.00
 DOUSNQ    0    1.00
 IQUAD          1.00
 PRWT      0    1.00
 PRY       0    1.00
 IPLRES    1    3.00
 IPLRES    2    3.00
 IPRINT    1    0.00
 IPRINT    2    2.00
 IPLFIT    1    0.00
 IPLFIT    2    0.00
 LINEPG    0   50.
 NONNEG    1    1.00
 IWT       0    5.00
 NQPROG    1    5.00
 NQPROG    2    5.00
 GMNMX     1    8.393E-06
 GMNMX     2    8.393E-03
 RUSER    10    -1.00
 NG        0    200.00
 NLINF     0    0.00
 IUSER    10    4.00
 RUSER    21    1.0
 RUSER    22   -1.0
 RUSER    23    0.0
 RUSER    18         292.25496
 RUSER    17         128.99900
 RUSER    19         1.02402
 RUSER    15         1.33200
 RUSER    16         632.80000
 RUSER    25         1
 RUSER    26         0
 END       0    0.00
 NY      131
  3.75000E-07  5.00000E-07  6.25000E-07  7.50000E-07  8.75000E-07  1.00000E-06
  1.12500E-06  1.25000E-06  1.37500E-06  1.50000E-06  1.62500E-06  1.75000E-06
  1.87500E-06  2.00000E-06  2.25000E-06  2.50000E-06  2.75000E-06  3.00000E-06
  3.25000E-06  3.50000E-06  3.75000E-06  4.00000E-06  4.50000E-06  5.00000E-06
  5.50000E-06  6.00000E-06  6.50000E-06  7.00000E-06  7.50000E-06  8.00000E-06
  9.00000E-06  1.00000E-05  1.10000E-05  1.20000E-05  1.30000E-05  1.40000E-05
  1.50000E-05  1.60000E-05  1.80000E-05  2.00000E-05  2.20000E-05  2.40000E-05
  2.60000E-05  2.80000E-05  3.00000E-05  3.20000E-05  3.60000E-05  4.00000E-05
  4.40000E-05  4.80000E-05  5.20000E-05  5.60000E-05  6.00000E-05  6.40000E-05
  7.20000E-05  8.00000E-05  8.80000E-05  9.60000E-05  1.04000E-04  1.12000E-04
  1.20000E-04  1.28000E-04  1.44000E-04  1.60000E-04  1.76000E-04  1.92000E-04
  2.08000E-04  2.24000E-04  2.40000E-04  2.56000E-04  2.88000E-04  3.20000E-04
  3.52000E-04  3.84000E-04  4.16000E-04  4.48000E-04  4.80000E-04  5.12000E-04
  5.76000E-04  6.40000E-04  7.04000E-04  7.68000E-04  8.32000E-04  8.96000E-04
  9.60000E-04  1.02400E-03  1.15200E-03  1.28000E-03  1.40800E-03  1.53600E-03
  1.66400E-03  1.79200E-03  1.92000E-03  2.01600E-03  2.27200E-03  2.52800E-03
  2.78400E-03  3.04000E-03  3.29600E-03  3.55200E-03  3.80800E-03  4.06400E-03
  4.57600E-03  5.08800E-03  5.60000E-03  6.11200E-03  6.62400E-03  7.13600E-03
  7.64800E-03  8.16000E-03  9.18400E-03  1.02080E-02  1.12320E-02  1.22560E-02
  1.32800E-02  1.43040E-02  1.53280E-02  1.63520E-02  1.84000E-02  2.04480E-02
  2.24960E-02  2.45440E-02  2.65920E-02  2.86400E-02  3.06880E-02  3.27360E-02
  3.68320E-02  4.09280E-02  4.50240E-02  4.91200E-02  5.32160E-02
  1.63652E+00  1.63435E+00  1.62809E+00  1.63695E+00  1.63083E+00  1.62996E+00
  1.63266E+00  1.63061E+00  1.62848E+00  1.63296E+00  1.63001E+00  1.63181E+00
  1.62779E+00  1.62995E+00  1.62563E+00  1.63112E+00  1.62431E+00  1.62683E+00
  1.62707E+00  1.62345E+00  1.62539E+00  1.62344E+00  1.62234E+00  1.62296E+00
  1.62509E+00  1.62263E+00  1.62549E+00  1.62247E+00  1.61896E+00  1.61782E+00
  1.61860E+00  1.61826E+00  1.61480E+00  1.61111E+00  1.61384E+00  1.61329E+00
  1.61116E+00  1.61025E+00  1.60582E+00  1.60307E+00  1.60187E+00  1.59761E+00
  1.59639E+00  1.59369E+00  1.58909E+00  1.58705E+00  1.58101E+00  1.57775E+00
  1.57111E+00  1.56607E+00  1.56142E+00  1.55537E+00  1.54856E+00  1.54442E+00
  1.53354E+00  1.52310E+00  1.51278E+00  1.50185E+00  1.49263E+00  1.48218E+00
  1.47155E+00  1.46164E+00  1.44220E+00  1.42096E+00  1.40262E+00  1.38278E+00
  1.36414E+00  1.34538E+00  1.32650E+00  1.30864E+00  1.27296E+00  1.23873E+00
  1.20491E+00  1.17251E+00  1.14070E+00  1.10977E+00  1.07998E+00  1.05141E+00
  9.95725E-01  9.43372E-01  8.93848E-01  8.46713E-01  8.02305E-01  7.60413E-01
  7.21050E-01  6.82444E-01  6.12382E-01  5.50281E-01  4.94856E-01  4.45870E-01
  4.02639E-01  3.64610E-01  3.31424E-01  3.10805E-01  2.59675E-01  2.16029E-01
  1.79390E-01  1.48971E-01  1.23666E-01  1.01135E-01  8.13151E-02  6.53209E-02
  4.04303E-02  2.34536E-02  1.03100E-02  9.36102E-04 -2.76278E-03 -4.68757E-03
 -5.55983E-03 -8.26015E-03 -1.49157E-02 -1.67280E-02 -1.68265E-02 -1.57350E-02
 -1.17005E-02 -6.86597E-03  6.78544E-04  6.54413E-03  8.40803E-03  9.69998E-03
  7.28935E-03 -2.19567E-03 -2.64565E-04 -8.54477E-03 -1.16757E-02 -3.57549E-03
  8.94975E-03  4.72936E-03 -1.23015E-02 -1.02969E-02 -1.04425E-03
