AutoSaveFileName0271.ASC
 IFORMY    0    .00
 (6E13.7)
 IFORMT    0    .00
 (6E13.7)
 IFORMW    0    .00
 (6E13.7)
 NINTT     0   -1.00
 DOUSNQ    0    1.00
 IQUAD          1.00
 PRWT      0    1.00
 PRY       0    1.00
 IPLRES    1    3.00
 IPLRES    2    3.00
 IPRINT    1    0.00
 IPRINT    2    2.00
 IPLFIT    1    0.00
 IPLFIT    2    0.00
 LINEPG    0   50.
 NONNEG    1    1.00
 IWT       0    5.00
 NQPROG    1    5.00
 NQPROG    2    5.00
 GMNMX     1    1.090E-05
 GMNMX     2    1.090E-02
 RUSER    10    -1.00
 NG        0    200.00
 NLINF     0    0.00
 IUSER    10    4.00
 RUSER    21    1.0
 RUSER    22   -1.0
 RUSER    23    0.0
 RUSER    18         292.12886
 RUSER    17         104.99900
 RUSER    19         1.02722
 RUSER    15         1.33200
 RUSER    16         632.80000
 RUSER    25         1
 RUSER    26         0
 END       0    0.00
 NY      131
  3.75000E-07  5.00000E-07  6.25000E-07  7.50000E-07  8.75000E-07  1.00000E-06
  1.12500E-06  1.25000E-06  1.37500E-06  1.50000E-06  1.62500E-06  1.75000E-06
  1.87500E-06  2.00000E-06  2.25000E-06  2.50000E-06  2.75000E-06  3.00000E-06
  3.25000E-06  3.50000E-06  3.75000E-06  4.00000E-06  4.50000E-06  5.00000E-06
  5.50000E-06  6.00000E-06  6.50000E-06  7.00000E-06  7.50000E-06  8.00000E-06
  9.00000E-06  1.00000E-05  1.10000E-05  1.20000E-05  1.30000E-05  1.40000E-05
  1.50000E-05  1.60000E-05  1.80000E-05  2.00000E-05  2.20000E-05  2.40000E-05
  2.60000E-05  2.80000E-05  3.00000E-05  3.20000E-05  3.60000E-05  4.00000E-05
  4.40000E-05  4.80000E-05  5.20000E-05  5.60000E-05  6.00000E-05  6.40000E-05
  7.20000E-05  8.00000E-05  8.80000E-05  9.60000E-05  1.04000E-04  1.12000E-04
  1.20000E-04  1.28000E-04  1.44000E-04  1.60000E-04  1.76000E-04  1.92000E-04
  2.08000E-04  2.24000E-04  2.40000E-04  2.56000E-04  2.88000E-04  3.20000E-04
  3.52000E-04  3.84000E-04  4.16000E-04  4.48000E-04  4.80000E-04  5.12000E-04
  5.76000E-04  6.40000E-04  7.04000E-04  7.68000E-04  8.32000E-04  8.96000E-04
  9.60000E-04  1.02400E-03  1.15200E-03  1.28000E-03  1.40800E-03  1.53600E-03
  1.66400E-03  1.79200E-03  1.92000E-03  2.01600E-03  2.27200E-03  2.52800E-03
  2.78400E-03  3.04000E-03  3.29600E-03  3.55200E-03  3.80800E-03  4.06400E-03
  4.57600E-03  5.08800E-03  5.60000E-03  6.11200E-03  6.62400E-03  7.13600E-03
  7.64800E-03  8.16000E-03  9.18400E-03  1.02080E-02  1.12320E-02  1.22560E-02
  1.32800E-02  1.43040E-02  1.53280E-02  1.63520E-02  1.84000E-02  2.04480E-02
  2.24960E-02  2.45440E-02  2.65920E-02  2.86400E-02  3.06880E-02  3.27360E-02
  3.68320E-02  4.09280E-02  4.50240E-02  4.91200E-02  5.32160E-02
  1.59867E+00  1.59072E+00  1.59120E+00  1.58669E+00  1.58465E+00  1.58757E+00
  1.58972E+00  1.58400E+00  1.58110E+00  1.58416E+00  1.58071E+00  1.58349E+00
  1.58066E+00  1.58073E+00  1.58203E+00  1.58362E+00  1.58125E+00  1.57993E+00
  1.58026E+00  1.58295E+00  1.58101E+00  1.58169E+00  1.58112E+00  1.57877E+00
  1.57851E+00  1.57780E+00  1.58049E+00  1.57914E+00  1.57692E+00  1.57565E+00
  1.57439E+00  1.57513E+00  1.57323E+00  1.57392E+00  1.57172E+00  1.57004E+00
  1.56878E+00  1.56757E+00  1.56561E+00  1.56358E+00  1.56097E+00  1.55853E+00
  1.55758E+00  1.55567E+00  1.55324E+00  1.55118E+00  1.54600E+00  1.54243E+00
  1.53827E+00  1.53450E+00  1.52929E+00  1.52522E+00  1.52104E+00  1.51699E+00
  1.50839E+00  1.50054E+00  1.49214E+00  1.48418E+00  1.47574E+00  1.46759E+00
  1.45972E+00  1.45158E+00  1.43554E+00  1.42004E+00  1.40440E+00  1.38881E+00
  1.37335E+00  1.35829E+00  1.34309E+00  1.32864E+00  1.29981E+00  1.27167E+00
  1.24406E+00  1.21703E+00  1.19092E+00  1.16477E+00  1.13931E+00  1.11500E+00
  1.06740E+00  1.02138E+00  9.77513E-01  9.35716E-01  8.95804E-01  8.57552E-01
  8.21455E-01  7.87628E-01  7.22038E-01  6.61499E-01  6.06402E-01  5.56153E-01
  5.10848E-01  4.69719E-01  4.32546E-01  4.08774E-01  3.47247E-01  2.95813E-01
  2.51604E-01  2.14712E-01  1.83783E-01  1.58087E-01  1.36428E-01  1.18071E-01
  8.56506E-02  6.40860E-02  5.01138E-02  3.86159E-02  2.92354E-02  1.91833E-02
  1.10622E-02  7.74688E-03  2.63313E-03  2.59970E-03 -4.66596E-03 -9.49976E-03
 -1.61329E-02 -1.36902E-02 -8.55284E-03 -7.16714E-03 -5.00507E-03  8.20137E-03
  8.92841E-03 -1.90038E-03 -5.42068E-03 -9.81287E-03 -1.61576E-02 -1.40194E-02
  3.21462E-04 -1.54539E-03 -4.80648E-03 -1.45692E-03 -2.14815E-03
