AutoSaveFileName0065.ASC
 IFORMY    0    .00
 (6E13.7)
 IFORMT    0    .00
 (6E13.7)
 IFORMW    0    .00
 (6E13.7)
 NINTT     0   -1.00
 DOUSNQ    0    1.00
 IQUAD     0    1.00
 PRWT      0    1.00
 PRY       0    1.00
 IPLRES    1    3.00
 IPLRES    2    3.00
 IPRINT    1    0.00
 IPRINT    2    2.00
 IPLFIT    1    0.00
 IPLFIT    2    0.00
 LINEPG    0   50.
 NONNEG    1    1.00
 IWT       0    5.00
 NQPROG    1    5.00
 NQPROG    2    5.00
 GMNMX     1    1.83723E-02
 GMNMX     2    6.59519E-03
 RUSER    10    -1.00
 NG        0    500.00
 NLINF     0    1.00
 IUSER    10    4.00
 RUSER    21    1.0
 RUSER    22   -1.0
 RUSER    23    0.0
 RUSER    18         291.93813
 RUSER    17         44.99800
 RUSER    19         1.03208
 RUSER    15         1.33200
 RUSER    16         632.80000
 RUSER    25         1
 RUSER    26         0
 END       0    0.00
 NY      162
  7.50000E-07  8.75000E-07  1.00000E-06  1.12500E-06  1.25000E-06  1.37500E-06
  1.50000E-06  1.62500E-06  1.75000E-06  1.87500E-06  2.00000E-06  2.25000E-06
  2.50000E-06  2.75000E-06  3.00000E-06  3.25000E-06  3.50000E-06  3.75000E-06
  4.00000E-06  4.50000E-06  5.00000E-06  5.50000E-06  6.00000E-06  6.50000E-06
  7.00000E-06  7.50000E-06  8.00000E-06  9.00000E-06  1.00000E-05  1.10000E-05
  1.20000E-05  1.30000E-05  1.40000E-05  1.50000E-05  1.60000E-05  1.80000E-05
  2.00000E-05  2.20000E-05  2.40000E-05  2.60000E-05  2.80000E-05  3.00000E-05
  3.20000E-05  3.60000E-05  4.00000E-05  4.40000E-05  4.80000E-05  5.20000E-05
  5.60000E-05  6.00000E-05  6.40000E-05  7.20000E-05  8.00000E-05  8.80000E-05
  9.60000E-05  1.04000E-04  1.12000E-04  1.20000E-04  1.28000E-04  1.44000E-04
  1.60000E-04  1.76000E-04  1.92000E-04  2.08000E-04  2.24000E-04  2.40000E-04
  2.56000E-04  2.88000E-04  3.20000E-04  3.52000E-04  3.84000E-04  4.16000E-04
  4.48000E-04  4.80000E-04  5.12000E-04  5.76000E-04  6.40000E-04  7.04000E-04
  7.68000E-04  8.32000E-04  8.96000E-04  9.60000E-04  1.02400E-03  1.15200E-03
  1.28000E-03  1.40800E-03  1.53600E-03  1.66400E-03  1.79200E-03  1.92000E-03
  2.01600E-03  2.27200E-03  2.52800E-03  2.78400E-03  3.04000E-03  3.29600E-03
  3.55200E-03  3.80800E-03  4.06400E-03  4.57600E-03  5.08800E-03  5.60000E-03
  6.11200E-03  6.62400E-03  7.13600E-03  7.64800E-03  8.16000E-03  9.18400E-03
  1.02080E-02  1.12320E-02  1.22560E-02  1.32800E-02  1.43040E-02  1.53280E-02
  1.63520E-02  1.84000E-02  2.04480E-02  2.24960E-02  2.45440E-02  2.65920E-02
  2.86400E-02  3.06880E-02  3.27360E-02  3.68320E-02  4.09280E-02  4.50240E-02
  4.91200E-02  5.32160E-02  5.73120E-02  6.14080E-02  6.55040E-02  7.36960E-02
  8.18880E-02  9.00800E-02  9.82720E-02  1.06464E-01  1.14656E-01  1.22848E-01
  1.31040E-01  1.47424E-01  1.63808E-01  1.80192E-01  1.96576E-01  2.12960E-01
  2.29344E-01  2.45728E-01  2.62112E-01  2.94880E-01  3.27648E-01  3.60416E-01
  3.93184E-01  4.25952E-01  4.58720E-01  4.91488E-01  5.24256E-01  5.89792E-01
  6.55328E-01  7.20864E-01  7.86400E-01  8.51936E-01  9.17472E-01  9.83008E-01
  9.98926E-01  1.00000E+00  9.97698E-01  9.96375E-01  9.98582E-01  9.97726E-01
  9.96464E-01  9.97789E-01  9.95468E-01  9.95363E-01  9.95151E-01  9.94612E-01
  9.94754E-01  9.95205E-01  9.94970E-01  9.95159E-01  9.93757E-01  9.94157E-01
  9.94388E-01  9.93000E-01  9.92173E-01  9.91515E-01  9.91580E-01  9.91236E-01
  9.90902E-01  9.90441E-01  9.89403E-01  9.88883E-01  9.87639E-01  9.87009E-01
  9.86318E-01  9.85711E-01  9.84252E-01  9.83327E-01  9.82490E-01  9.80853E-01
  9.78957E-01  9.76900E-01  9.75184E-01  9.73347E-01  9.71965E-01  9.70274E-01
  9.68310E-01  9.64820E-01  9.61243E-01  9.57929E-01  9.54204E-01  9.50569E-01
  9.47585E-01  9.43805E-01  9.40479E-01  9.33659E-01  9.26886E-01  9.20214E-01
  9.13509E-01  9.06952E-01  9.00415E-01  8.94085E-01  8.87730E-01  8.74875E-01
  8.62726E-01  8.50294E-01  8.38236E-01  8.26292E-01  8.14505E-01  8.02898E-01
  7.91810E-01  7.69628E-01  7.48126E-01  7.27433E-01  7.07315E-01  6.87901E-01
  6.68937E-01  6.50607E-01  6.33008E-01  5.99039E-01  5.67035E-01  5.36808E-01
  5.08575E-01  4.81991E-01  4.56771E-01  4.32880E-01  4.10799E-01  3.70003E-01
  3.33758E-01  3.01586E-01  2.73078E-01  2.47682E-01  2.24964E-01  2.04545E-01
  1.91596E-01  1.59245E-01  1.33495E-01  1.13058E-01  9.66327E-02  8.32450E-02
  7.25762E-02  6.40350E-02  5.66880E-02  4.41134E-02  3.42415E-02  2.82146E-02
  2.39948E-02  2.14652E-02  1.88111E-02  1.65763E-02  1.47993E-02  1.28018E-02
  1.40063E-02  1.32577E-02  1.12632E-02  8.95244E-03  7.76764E-03  6.95818E-03
  8.80973E-03  6.85955E-03  6.70072E-03  6.44297E-03  5.75183E-03  9.04348E-03
  5.75735E-03  1.43091E-03  2.14756E-03  6.42500E-03  6.33973E-03  5.59586E-03
  5.79229E-03  4.67443E-03  9.31236E-04  4.66251E-03  4.09804E-03  3.53682E-03
  1.55124E-03  3.96508E-03  1.05538E-03  2.12821E-03  1.39914E-03  1.40840E-03
  2.97508E-03  2.54399E-03  4.17724E-03 -1.28938E-03  2.19338E-03  6.06470E-04
  2.00835E-03  1.70180E-03  1.43380E-03  3.56429E-04  1.40606E-03  1.77644E-03
  1.43876E-03  4.78129E-04  4.22137E-03  1.32049E-03  9.33710E-04 -2.56256E-04
  6.48121E-04 -1.33611E-04 -6.12261E-04 -1.80533E-04  2.08045E-03 -2.55398E-05
