AutoSaveFileName0180.ASC
 IFORMY    0    .00
 (6E13.7)
 IFORMT    0    .00
 (6E13.7)
 IFORMW    0    .00
 (6E13.7)
 NINTT     0   -1.00
 DOUSNQ    0    1.00
 IQUAD     0    1.00
 PRWT      0    1.00
 PRY       0    1.00
 IPLRES    1    3.00
 IPLRES    2    3.00
 IPRINT    1    0.00
 IPRINT    2    2.00
 IPLFIT    1    0.00
 IPLFIT    2    0.00
 LINEPG    0   50.
 NONNEG    1    1.00
 IWT       0    5.00
 NQPROG    1    5.00
 NQPROG    2    5.00
 GMNMX     1    4.26199E-03
 GMNMX     2    1.52995E-03
 RUSER    10    -1.00
 NG        0    500.00
 NLINF     0    1.00
 IUSER    10    4.00
 RUSER    21    1.0
 RUSER    22   -1.0
 RUSER    23    0.0
 RUSER    18         292.04167
 RUSER    17         104.99900
 RUSER    19         1.02944
 RUSER    15         1.33200
 RUSER    16         632.80000
 RUSER    25         1
 RUSER    26         0
 END       0    0.00
 NY      162
  7.50000E-07  8.75000E-07  1.00000E-06  1.12500E-06  1.25000E-06  1.37500E-06
  1.50000E-06  1.62500E-06  1.75000E-06  1.87500E-06  2.00000E-06  2.25000E-06
  2.50000E-06  2.75000E-06  3.00000E-06  3.25000E-06  3.50000E-06  3.75000E-06
  4.00000E-06  4.50000E-06  5.00000E-06  5.50000E-06  6.00000E-06  6.50000E-06
  7.00000E-06  7.50000E-06  8.00000E-06  9.00000E-06  1.00000E-05  1.10000E-05
  1.20000E-05  1.30000E-05  1.40000E-05  1.50000E-05  1.60000E-05  1.80000E-05
  2.00000E-05  2.20000E-05  2.40000E-05  2.60000E-05  2.80000E-05  3.00000E-05
  3.20000E-05  3.60000E-05  4.00000E-05  4.40000E-05  4.80000E-05  5.20000E-05
  5.60000E-05  6.00000E-05  6.40000E-05  7.20000E-05  8.00000E-05  8.80000E-05
  9.60000E-05  1.04000E-04  1.12000E-04  1.20000E-04  1.28000E-04  1.44000E-04
  1.60000E-04  1.76000E-04  1.92000E-04  2.08000E-04  2.24000E-04  2.40000E-04
  2.56000E-04  2.88000E-04  3.20000E-04  3.52000E-04  3.84000E-04  4.16000E-04
  4.48000E-04  4.80000E-04  5.12000E-04  5.76000E-04  6.40000E-04  7.04000E-04
  7.68000E-04  8.32000E-04  8.96000E-04  9.60000E-04  1.02400E-03  1.15200E-03
  1.28000E-03  1.40800E-03  1.53600E-03  1.66400E-03  1.79200E-03  1.92000E-03
  2.01600E-03  2.27200E-03  2.52800E-03  2.78400E-03  3.04000E-03  3.29600E-03
  3.55200E-03  3.80800E-03  4.06400E-03  4.57600E-03  5.08800E-03  5.60000E-03
  6.11200E-03  6.62400E-03  7.13600E-03  7.64800E-03  8.16000E-03  9.18400E-03
  1.02080E-02  1.12320E-02  1.22560E-02  1.32800E-02  1.43040E-02  1.53280E-02
  1.63520E-02  1.84000E-02  2.04480E-02  2.24960E-02  2.45440E-02  2.65920E-02
  2.86400E-02  3.06880E-02  3.27360E-02  3.68320E-02  4.09280E-02  4.50240E-02
  4.91200E-02  5.32160E-02  5.73120E-02  6.14080E-02  6.55040E-02  7.36960E-02
  8.18880E-02  9.00800E-02  9.82720E-02  1.06464E-01  1.14656E-01  1.22848E-01
  1.31040E-01  1.47424E-01  1.63808E-01  1.80192E-01  1.96576E-01  2.12960E-01
  2.29344E-01  2.45728E-01  2.62112E-01  2.94880E-01  3.27648E-01  3.60416E-01
  3.93184E-01  4.25952E-01  4.58720E-01  4.91488E-01  5.24256E-01  5.89792E-01
  6.55328E-01  7.20864E-01  7.86400E-01  8.51936E-01  9.17472E-01  9.83008E-01
  9.91398E-01  1.00000E+00  9.99145E-01  9.91127E-01  9.85699E-01  9.93640E-01
  9.81647E-01  9.90824E-01  9.91593E-01  9.95666E-01  9.86358E-01  9.82333E-01
  9.88070E-01  9.82881E-01  9.85828E-01  9.83564E-01  9.79435E-01  9.81641E-01
  9.77797E-01  9.81641E-01  9.72567E-01  9.75394E-01  9.70094E-01  9.66086E-01
  9.69783E-01  9.63274E-01  9.63970E-01  9.56587E-01  9.55920E-01  9.48170E-01
  9.47150E-01  9.43209E-01  9.41282E-01  9.33727E-01  9.30377E-01  9.23272E-01
  9.14333E-01  9.05771E-01  8.99354E-01  8.91284E-01  8.82063E-01  8.73818E-01
  8.67624E-01  8.54306E-01  8.38779E-01  8.25142E-01  8.10957E-01  7.97235E-01
  7.84183E-01  7.71044E-01  7.58431E-01  7.32876E-01  7.07703E-01  6.84610E-01
  6.61755E-01  6.38744E-01  6.18817E-01  5.97984E-01  5.77864E-01  5.39918E-01
  5.04214E-01  4.70984E-01  4.39724E-01  4.10860E-01  3.84765E-01  3.59621E-01
  3.36728E-01  2.94485E-01  2.57604E-01  2.25137E-01  1.97006E-01  1.72187E-01
  1.51009E-01  1.33127E-01  1.18033E-01  9.23910E-02  7.33309E-02  5.81364E-02
  4.58141E-02  3.59949E-02  3.03126E-02  2.44517E-02  1.87073E-02  1.15563E-02
  8.37760E-03  6.50945E-03  4.10212E-03  2.28709E-03  1.38380E-03  2.87311E-03
  2.81718E-03  1.60523E-03  2.75159E-03 -1.68555E-03 -2.36538E-03 -2.63917E-03
 -5.89611E-04 -1.39150E-04 -6.81413E-04 -5.58517E-04  1.20795E-03  1.55637E-03
  4.73627E-04 -5.55394E-04 -2.55729E-03 -4.62273E-03 -2.71670E-03 -2.16819E-03
 -3.03299E-03  3.11194E-03 -1.92111E-03 -3.53760E-03  9.70127E-04  1.13392E-03
 -2.85577E-04  2.55879E-03  2.17533E-04 -1.88583E-03  9.29014E-04 -1.41205E-03
 -3.02771E-04  1.74125E-03  2.76245E-04  6.02812E-04  1.11276E-03 -2.32339E-04
  1.08693E-03 -1.56977E-03  1.39158E-03 -2.40757E-04  1.46379E-03  1.24458E-03
  1.30539E-03  4.14058E-05  9.40036E-04 -1.97637E-03  1.80814E-03 -2.52266E-03
 -7.46605E-04 -8.91422E-04 -1.77712E-04 -4.86143E-04  1.34332E-03 -7.66353E-04
 -1.41813E-03  6.70062E-04 -1.20199E-04 -5.80317E-04 -5.13234E-04  7.10551E-04
 -8.23787E-05  4.70879E-04 -4.01447E-04 -1.03429E-03 -2.37375E-04  2.97150E-04
  1.63329E-04 -1.45941E-04  3.80580E-04  6.00239E-05 -1.02864E-04  1.68769E-04
