AutoSaveFileName0267.ASC
 IFORMY    0    .00
 (6E13.7)
 IFORMT    0    .00
 (6E13.7)
 IFORMW    0    .00
 (6E13.7)
 NINTT     0   -1.00
 DOUSNQ    0    1.00
 IQUAD          1.00
 PRWT      0    1.00
 PRY       0    1.00
 IPLRES    1    3.00
 IPLRES    2    3.00
 IPRINT    1    0.00
 IPRINT    2    2.00
 IPLFIT    1    0.00
 IPLFIT    2    0.00
 LINEPG    0   50.
 NONNEG    1    1.00
 IWT       0    5.00
 NQPROG    1    5.00
 NQPROG    2    5.00
 GMNMX     1    7.517E-06
 GMNMX     2    7.517E-03
 RUSER    10    -1.00
 NG        0    200.00
 NLINF     0    0.00
 IUSER    10    4.00
 RUSER    21    1.0
 RUSER    22   -1.0
 RUSER    23    0.0
 RUSER    18         292.25215
 RUSER    17         144.99900
 RUSER    19         1.02409
 RUSER    15         1.33200
 RUSER    16         632.80000
 RUSER    25         1
 RUSER    26         0
 END       0    0.00
 NY      188
  5.00000E-07  6.25000E-07  7.50000E-07  8.75000E-07  1.00000E-06  1.12500E-06
  1.25000E-06  1.37500E-06  1.50000E-06  1.62500E-06  1.75000E-06  1.87500E-06
  2.00000E-06  2.25000E-06  2.50000E-06  2.75000E-06  3.00000E-06  3.25000E-06
  3.50000E-06  3.75000E-06  4.00000E-06  4.50000E-06  5.00000E-06  5.50000E-06
  6.00000E-06  6.50000E-06  7.00000E-06  7.50000E-06  8.00000E-06  9.00000E-06
  1.00000E-05  1.10000E-05  1.20000E-05  1.30000E-05  1.40000E-05  1.50000E-05
  1.60000E-05  1.80000E-05  2.00000E-05  2.20000E-05  2.40000E-05  2.60000E-05
  2.80000E-05  3.00000E-05  3.20000E-05  3.60000E-05  4.00000E-05  4.40000E-05
  4.80000E-05  5.20000E-05  5.60000E-05  6.00000E-05  6.40000E-05  7.20000E-05
  8.00000E-05  8.80000E-05  9.60000E-05  1.04000E-04  1.12000E-04  1.20000E-04
  1.28000E-04  1.44000E-04  1.60000E-04  1.76000E-04  1.92000E-04  2.08000E-04
  2.24000E-04  2.40000E-04  2.56000E-04  2.88000E-04  3.20000E-04  3.52000E-04
  3.84000E-04  4.16000E-04  4.48000E-04  4.80000E-04  5.12000E-04  5.76000E-04
  6.40000E-04  7.04000E-04  7.68000E-04  8.32000E-04  8.96000E-04  9.60000E-04
  1.02400E-03  1.15200E-03  1.28000E-03  1.40800E-03  1.53600E-03  1.66400E-03
  1.79200E-03  1.92000E-03  2.01600E-03  2.27200E-03  2.52800E-03  2.78400E-03
  3.04000E-03  3.29600E-03  3.55200E-03  3.80800E-03  4.06400E-03  4.57600E-03
  5.08800E-03  5.60000E-03  6.11200E-03  6.62400E-03  7.13600E-03  7.64800E-03
  8.16000E-03  9.18400E-03  1.02080E-02  1.12320E-02  1.22560E-02  1.32800E-02
  1.43040E-02  1.53280E-02  1.63520E-02  1.84000E-02  2.04480E-02  2.24960E-02
  2.45440E-02  2.65920E-02  2.86400E-02  3.06880E-02  3.27360E-02  3.68320E-02
  4.09280E-02  4.50240E-02  4.91200E-02  5.32160E-02  5.73120E-02  6.14080E-02
  6.55040E-02  7.36960E-02  8.18880E-02  9.00800E-02  9.82720E-02  1.06464E-01
  1.14656E-01  1.22848E-01  1.31040E-01  1.47424E-01  1.63808E-01  1.80192E-01
  1.96576E-01  2.12960E-01  2.29344E-01  2.45728E-01  2.62112E-01  2.94880E-01
  3.27648E-01  3.60416E-01  3.93184E-01  4.25952E-01  4.58720E-01  4.91488E-01
  5.24256E-01  5.89792E-01  6.55328E-01  7.20864E-01  7.86400E-01  8.51936E-01
  9.17472E-01  9.83008E-01  1.04854E+00  1.17962E+00  1.31069E+00  1.44176E+00
  1.57283E+00  1.70390E+00  1.83498E+00  1.96605E+00  2.09712E+00  2.35926E+00
  2.62141E+00  2.88355E+00  3.14570E+00  3.40784E+00  3.66998E+00  3.93213E+00
  4.19427E+00  4.71856E+00  5.24285E+00  5.76714E+00  6.29142E+00  6.81571E+00
  7.34000E+00  7.86429E+00
  9.95425E-01  9.94472E-01  9.93653E-01  9.93603E-01  9.94347E-01  9.93181E-01
  9.91733E-01  9.92935E-01  9.91515E-01  9.91790E-01  9.91778E-01  9.91512E-01
  9.91399E-01  9.90656E-01  9.90552E-01  9.91228E-01  9.91259E-01  9.90444E-01
  9.91213E-01  9.90450E-01  9.90774E-01  9.90637E-01  9.89805E-01  9.89237E-01
  9.89650E-01  9.89387E-01  9.88964E-01  9.89351E-01  9.88773E-01  9.88090E-01
  9.87769E-01  9.87545E-01  9.86674E-01  9.86103E-01  9.85712E-01  9.85690E-01
  9.84940E-01  9.84159E-01  9.83529E-01  9.82350E-01  9.81273E-01  9.80565E-01
  9.79741E-01  9.78951E-01  9.78002E-01  9.76107E-01  9.74224E-01  9.72374E-01
  9.70501E-01  9.68733E-01  9.67144E-01  9.65282E-01  9.63515E-01  9.59537E-01
  9.56084E-01  9.52520E-01  9.49020E-01  9.45368E-01  9.41847E-01  9.38270E-01
  9.34638E-01  9.27811E-01  9.20707E-01  9.13767E-01  9.06911E-01  9.00134E-01
  8.93312E-01  8.86647E-01  8.80005E-01  8.66625E-01  8.53610E-01  8.40701E-01
  8.28109E-01  8.15621E-01  8.03428E-01  7.91407E-01  7.79199E-01  7.55874E-01
  7.33347E-01  7.11633E-01  6.90738E-01  6.70332E-01  6.50639E-01  6.31558E-01
  6.13149E-01  5.78032E-01  5.45328E-01  5.14421E-01  4.85230E-01  4.57891E-01
  4.32405E-01  4.08455E-01  3.91731E-01  3.49776E-01  3.12700E-01  2.79897E-01
  2.50822E-01  2.25303E-01  2.02780E-01  1.82793E-01  1.65758E-01  1.36862E-01
  1.13978E-01  9.50930E-02  7.96196E-02  6.78902E-02  5.89045E-02  5.17605E-02
  4.54419E-02  3.50995E-02  2.84060E-02  2.28401E-02  1.72641E-02  1.15929E-02
  6.97230E-03  5.70120E-03  4.77753E-03  5.51985E-03  3.99322E-03  4.65038E-03
  4.46836E-03  6.65806E-03  8.84052E-03  8.11772E-03  6.80136E-03  6.07843E-03
 -2.14378E-03 -3.08279E-03  1.53811E-03  2.75799E-03  2.22315E-03 -1.69797E-03
  5.29623E-04  1.32386E-03  2.39164E-03 -4.14689E-03  3.74255E-04  5.05273E-03
 -2.45614E-03 -8.26918E-03 -3.79676E-03  3.22763E-03  9.93087E-04 -1.98394E-03
  1.19360E-03 -9.66633E-05  1.19572E-03  1.90280E-03  1.55059E-03 -2.35164E-03
 -1.40184E-03 -1.74411E-03 -2.76795E-03 -3.96648E-03 -4.65943E-04 -1.28987E-03
  1.25277E-03  2.64002E-04 -2.55655E-03  7.91035E-04  1.72110E-03 -3.55001E-04
 -1.75981E-03  2.37165E-03  2.29015E-04 -2.36624E-03  1.02346E-04 -3.40019E-04
  9.31460E-05 -8.67666E-04 -9.53819E-04  7.14282E-05  5.47657E-04 -4.69386E-04
  2.05635E-03  1.18019E-03 -1.58148E-03 -5.64608E-04 -4.06444E-04  1.07233E-03
  5.69576E-04 -7.77221E-04  1.67083E-03  6.30568E-04 -1.50270E-03  7.36710E-04
 -1.37756E-03  1.37226E-03
