AutoSaveFileName0063.ASC
 IFORMY    0    .00
 (6E13.7)
 IFORMT    0    .00
 (6E13.7)
 IFORMW    0    .00
 (6E13.7)
 NINTT     0   -1.00
 DOUSNQ    0    1.00
 IQUAD          1.00
 PRWT      0    1.00
 PRY       0    1.00
 IPLRES    1    3.00
 IPLRES    2    3.00
 IPRINT    1    0.00
 IPRINT    2    2.00
 IPLFIT    1    0.00
 IPLFIT    2    0.00
 LINEPG    0   50.
 NONNEG    1    1.00
 IWT       0    5.00
 NQPROG    1    5.00
 NQPROG    2    5.00
 GMNMX     1    4.679E-05
 GMNMX     2    4.679E-02
 RUSER    10    -1.00
 NG        0    200.00
 NLINF     0    0.00
 IUSER    10    4.00
 RUSER    21    1.0
 RUSER    22   -1.0
 RUSER    23    0.0
 RUSER    18         292.17970
 RUSER    17         44.99800
 RUSER    19         1.02593
 RUSER    15         1.33200
 RUSER    16         632.80000
 RUSER    25         1
 RUSER    26         0
 END       0    0.00
 NY      188
  5.00000E-07  6.25000E-07  7.50000E-07  8.75000E-07  1.00000E-06  1.12500E-06
  1.25000E-06  1.37500E-06  1.50000E-06  1.62500E-06  1.75000E-06  1.87500E-06
  2.00000E-06  2.25000E-06  2.50000E-06  2.75000E-06  3.00000E-06  3.25000E-06
  3.50000E-06  3.75000E-06  4.00000E-06  4.50000E-06  5.00000E-06  5.50000E-06
  6.00000E-06  6.50000E-06  7.00000E-06  7.50000E-06  8.00000E-06  9.00000E-06
  1.00000E-05  1.10000E-05  1.20000E-05  1.30000E-05  1.40000E-05  1.50000E-05
  1.60000E-05  1.80000E-05  2.00000E-05  2.20000E-05  2.40000E-05  2.60000E-05
  2.80000E-05  3.00000E-05  3.20000E-05  3.60000E-05  4.00000E-05  4.40000E-05
  4.80000E-05  5.20000E-05  5.60000E-05  6.00000E-05  6.40000E-05  7.20000E-05
  8.00000E-05  8.80000E-05  9.60000E-05  1.04000E-04  1.12000E-04  1.20000E-04
  1.28000E-04  1.44000E-04  1.60000E-04  1.76000E-04  1.92000E-04  2.08000E-04
  2.24000E-04  2.40000E-04  2.56000E-04  2.88000E-04  3.20000E-04  3.52000E-04
  3.84000E-04  4.16000E-04  4.48000E-04  4.80000E-04  5.12000E-04  5.76000E-04
  6.40000E-04  7.04000E-04  7.68000E-04  8.32000E-04  8.96000E-04  9.60000E-04
  1.02400E-03  1.15200E-03  1.28000E-03  1.40800E-03  1.53600E-03  1.66400E-03
  1.79200E-03  1.92000E-03  2.01600E-03  2.27200E-03  2.52800E-03  2.78400E-03
  3.04000E-03  3.29600E-03  3.55200E-03  3.80800E-03  4.06400E-03  4.57600E-03
  5.08800E-03  5.60000E-03  6.11200E-03  6.62400E-03  7.13600E-03  7.64800E-03
  8.16000E-03  9.18400E-03  1.02080E-02  1.12320E-02  1.22560E-02  1.32800E-02
  1.43040E-02  1.53280E-02  1.63520E-02  1.84000E-02  2.04480E-02  2.24960E-02
  2.45440E-02  2.65920E-02  2.86400E-02  3.06880E-02  3.27360E-02  3.68320E-02
  4.09280E-02  4.50240E-02  4.91200E-02  5.32160E-02  5.73120E-02  6.14080E-02
  6.55040E-02  7.36960E-02  8.18880E-02  9.00800E-02  9.82720E-02  1.06464E-01
  1.14656E-01  1.22848E-01  1.31040E-01  1.47424E-01  1.63808E-01  1.80192E-01
  1.96576E-01  2.12960E-01  2.29344E-01  2.45728E-01  2.62112E-01  2.94880E-01
  3.27648E-01  3.60416E-01  3.93184E-01  4.25952E-01  4.58720E-01  4.91488E-01
  5.24256E-01  5.89792E-01  6.55328E-01  7.20864E-01  7.86400E-01  8.51936E-01
  9.17472E-01  9.83008E-01  1.04854E+00  1.17962E+00  1.31069E+00  1.44176E+00
  1.57283E+00  1.70390E+00  1.83498E+00  1.96605E+00  2.09712E+00  2.35926E+00
  2.62141E+00  2.88355E+00  3.14570E+00  3.40784E+00  3.66998E+00  3.93213E+00
  4.19427E+00  4.71856E+00  5.24285E+00  5.76714E+00  6.29142E+00  6.81571E+00
  7.34000E+00  7.86429E+00
  9.97144E-01  9.94673E-01  9.93021E-01  9.96369E-01  9.92704E-01  9.89565E-01
  9.89047E-01  9.93390E-01  9.94212E-01  9.88390E-01  9.91712E-01  9.88826E-01
  9.91006E-01  9.89654E-01  9.91771E-01  9.92266E-01  9.90317E-01  9.91187E-01
  9.91896E-01  9.89109E-01  9.89502E-01  9.91296E-01  9.89423E-01  9.90706E-01
  9.91191E-01  9.91418E-01  9.92210E-01  9.92859E-01  9.90937E-01  9.89852E-01
  9.90310E-01  9.89532E-01  9.88496E-01  9.89832E-01  9.90089E-01  9.90343E-01
  9.89898E-01  9.90211E-01  9.89416E-01  9.89871E-01  9.89357E-01  9.89195E-01
  9.89113E-01  9.87817E-01  9.88100E-01  9.88440E-01  9.87925E-01  9.88364E-01
  9.87312E-01  9.87315E-01  9.87243E-01  9.86702E-01  9.86296E-01  9.85755E-01
  9.85148E-01  9.84970E-01  9.84060E-01  9.83618E-01  9.82714E-01  9.82226E-01
  9.81398E-01  9.80696E-01  9.79307E-01  9.77988E-01  9.77173E-01  9.75877E-01
  9.74762E-01  9.73780E-01  9.72150E-01  9.70033E-01  9.67869E-01  9.65448E-01
  9.63222E-01  9.60986E-01  9.58578E-01  9.56405E-01  9.41471E-01  9.36840E-01
  9.32493E-01  9.27885E-01  9.23492E-01  9.19007E-01  9.14660E-01  9.10191E-01
  7.82673E-01  7.74599E-01  7.66387E-01  7.58448E-01  7.50727E-01  7.42861E-01
  7.35265E-01  7.27653E-01  8.55250E-01  8.39092E-01  8.23297E-01  8.07848E-01
  7.92693E-01  7.77594E-01  7.62838E-01  7.48333E-01  7.34414E-01  7.06713E-01
  6.80242E-01  6.54797E-01  6.30578E-01  6.07488E-01  5.85294E-01  5.64179E-01
  5.44532E-01  5.05999E-01  4.69459E-01  4.35468E-01  4.03921E-01  3.74409E-01
  3.47067E-01  3.21822E-01  2.99565E-01  2.58036E-01  2.21490E-01  1.90224E-01
  1.64174E-01  1.44900E-01  1.27275E-01  1.11322E-01  9.82678E-02  7.94402E-02
  6.47986E-02  5.10350E-02  4.32460E-02  3.67898E-02  3.35692E-02  2.84109E-02
  1.92888E-02  5.87461E-03 -2.29948E-03 -6.58688E-03 -8.99739E-03 -7.03062E-04
  1.42639E-03 -2.94009E-03 -6.73596E-03 -1.23650E-03  7.38692E-03  1.16247E-02
  2.08425E-02  8.12291E-03 -1.06883E-02 -1.92139E-02 -1.33272E-02  9.31378E-03
  9.54485E-03  1.13593E-02  2.03877E-02 -1.63350E-03 -2.66206E-03 -1.96518E-02
 -2.24886E-02 -1.25682E-02 -1.48869E-02 -5.45901E-03 -7.01528E-04  1.10558E-02
 -9.73869E-03  3.49623E-03 -1.05757E-03 -1.04061E-02 -2.57734E-03  3.31219E-04
  1.59335E-02  6.43791E-03  3.29305E-03  1.71057E-02 -9.15178E-03  1.52332E-03
  3.76328E-03 -1.01695E-02 -5.53058E-03  1.60422E-02 -8.30210E-03 -7.45991E-03
 -2.40983E-03  4.82032E-03  9.40049E-04  2.94903E-03 -4.77051E-03 -9.60194E-03
  8.84505E-03 -4.79218E-03
