AutoSaveFileName0163.ASC
 IFORMY    0    .00
 (6E13.7)
 IFORMT    0    .00
 (6E13.7)
 IFORMW    0    .00
 (6E13.7)
 NINTT     0   -1.00
 DOUSNQ    0    1.00
 IQUAD          1.00
 PRWT      0    1.00
 PRY       0    1.00
 IPLRES    1    3.00
 IPLRES    2    3.00
 IPRINT    1    0.00
 IPRINT    2    2.00
 IPLFIT    1    0.00
 IPLFIT    2    0.00
 LINEPG    0   50.
 NONNEG    1    1.00
 IWT       0    5.00
 NQPROG    1    5.00
 NQPROG    2    5.00
 GMNMX     1    2.148E-05
 GMNMX     2    2.148E-02
 RUSER    10    -1.00
 NG        0    200.00
 NLINF     0    0.00
 IUSER    10    4.00
 RUSER    21    1.0
 RUSER    22   -1.0
 RUSER    23    0.0
 RUSER    18         291.97487
 RUSER    17         68.99900
 RUSER    19         1.03114
 RUSER    15         1.33200
 RUSER    16         632.80000
 RUSER    25         1
 RUSER    26         0
 END       0    0.00
 NY      131
  3.75000E-07  5.00000E-07  6.25000E-07  7.50000E-07  8.75000E-07  1.00000E-06
  1.12500E-06  1.25000E-06  1.37500E-06  1.50000E-06  1.62500E-06  1.75000E-06
  1.87500E-06  2.00000E-06  2.25000E-06  2.50000E-06  2.75000E-06  3.00000E-06
  3.25000E-06  3.50000E-06  3.75000E-06  4.00000E-06  4.50000E-06  5.00000E-06
  5.50000E-06  6.00000E-06  6.50000E-06  7.00000E-06  7.50000E-06  8.00000E-06
  9.00000E-06  1.00000E-05  1.10000E-05  1.20000E-05  1.30000E-05  1.40000E-05
  1.50000E-05  1.60000E-05  1.80000E-05  2.00000E-05  2.20000E-05  2.40000E-05
  2.60000E-05  2.80000E-05  3.00000E-05  3.20000E-05  3.60000E-05  4.00000E-05
  4.40000E-05  4.80000E-05  5.20000E-05  5.60000E-05  6.00000E-05  6.40000E-05
  7.20000E-05  8.00000E-05  8.80000E-05  9.60000E-05  1.04000E-04  1.12000E-04
  1.20000E-04  1.28000E-04  1.44000E-04  1.60000E-04  1.76000E-04  1.92000E-04
  2.08000E-04  2.24000E-04  2.40000E-04  2.56000E-04  2.88000E-04  3.20000E-04
  3.52000E-04  3.84000E-04  4.16000E-04  4.48000E-04  4.80000E-04  5.12000E-04
  5.76000E-04  6.40000E-04  7.04000E-04  7.68000E-04  8.32000E-04  8.96000E-04
  9.60000E-04  1.02400E-03  1.15200E-03  1.28000E-03  1.40800E-03  1.53600E-03
  1.66400E-03  1.79200E-03  1.92000E-03  2.01600E-03  2.27200E-03  2.52800E-03
  2.78400E-03  3.04000E-03  3.29600E-03  3.55200E-03  3.80800E-03  4.06400E-03
  4.57600E-03  5.08800E-03  5.60000E-03  6.11200E-03  6.62400E-03  7.13600E-03
  7.64800E-03  8.16000E-03  9.18400E-03  1.02080E-02  1.12320E-02  1.22560E-02
  1.32800E-02  1.43040E-02  1.53280E-02  1.63520E-02  1.84000E-02  2.04480E-02
  2.24960E-02  2.45440E-02  2.65920E-02  2.86400E-02  3.06880E-02  3.27360E-02
  3.68320E-02  4.09280E-02  4.50240E-02  4.91200E-02  5.32160E-02
  1.61357E+00  1.60553E+00  1.60348E+00  1.60863E+00  1.59817E+00  1.60055E+00
  1.59960E+00  1.59955E+00  1.60001E+00  1.59869E+00  1.60061E+00  1.60378E+00
  1.59835E+00  1.59526E+00  1.59713E+00  1.59972E+00  1.59487E+00  1.59626E+00
  1.59522E+00  1.59884E+00  1.59648E+00  1.59617E+00  1.59863E+00  1.59585E+00
  1.59383E+00  1.59681E+00  1.59568E+00  1.59855E+00  1.59510E+00  1.59563E+00
  1.59430E+00  1.59250E+00  1.59229E+00  1.59376E+00  1.59374E+00  1.59279E+00
  1.59080E+00  1.59035E+00  1.59065E+00  1.58984E+00  1.58835E+00  1.58802E+00
  1.58718E+00  1.58565E+00  1.58443E+00  1.58404E+00  1.58196E+00  1.58081E+00
  1.57871E+00  1.57723E+00  1.57425E+00  1.57257E+00  1.57098E+00  1.56907E+00
  1.56509E+00  1.56129E+00  1.55756E+00  1.55358E+00  1.55002E+00  1.54593E+00
  1.54216E+00  1.53828E+00  1.53087E+00  1.52348E+00  1.51641E+00  1.50879E+00
  1.50129E+00  1.49428E+00  1.48709E+00  1.47963E+00  1.46549E+00  1.45115E+00
  1.43693E+00  1.42311E+00  1.40930E+00  1.39541E+00  1.38195E+00  1.36855E+00
  1.34233E+00  1.31614E+00  1.29091E+00  1.26606E+00  1.24168E+00  1.21765E+00
  1.19447E+00  1.17105E+00  1.12633E+00  1.08335E+00  1.04239E+00  1.00300E+00
  9.65121E-01  9.28798E-01  8.94068E-01  8.72301E-01  8.07702E-01  7.48416E-01
  6.93156E-01  6.41349E-01  5.93443E-01  5.48827E-01  5.07889E-01  4.71111E-01
  4.06171E-01  3.50367E-01  3.01716E-01  2.60056E-01  2.25212E-01  1.96605E-01
  1.70542E-01  1.46870E-01  1.09499E-01  8.40412E-02  6.79584E-02  5.82121E-02
  5.10715E-02  4.00122E-02  3.08703E-02  1.88496E-02  7.46198E-03  6.88679E-03
  1.34150E-02  1.70846E-02  1.71354E-02  1.39476E-02  1.58683E-02  3.81320E-03
 -1.42100E-02 -2.94558E-02 -2.50812E-02 -1.39967E-02 -1.27551E-02
