AutoSaveFileName0288.ASC
 IFORMY    0    .00
 (6E13.7)
 IFORMT    0    .00
 (6E13.7)
 IFORMW    0    .00
 (6E13.7)
 NINTT     0   -1.00
 DOUSNQ    0    1.00
 IQUAD          1.00
 PRWT      0    1.00
 PRY       0    1.00
 IPLRES    1    3.00
 IPLRES    2    3.00
 IPRINT    1    0.00
 IPRINT    2    2.00
 IPLFIT    1    0.00
 IPLFIT    2    0.00
 LINEPG    0   50.
 NONNEG    1    1.00
 IWT       0    5.00
 NQPROG    1    5.00
 NQPROG    2    5.00
 GMNMX     1    7.173E-06
 GMNMX     2    7.173E-03
 RUSER    10    -1.00
 NG        0    200.00
 NLINF     0    0.00
 IUSER    10    4.00
 RUSER    21    1.0
 RUSER    22   -1.0
 RUSER    23    0.0
 RUSER    18         292.25706
 RUSER    17         154.99900
 RUSER    19         1.02397
 RUSER    15         1.33200
 RUSER    16         632.80000
 RUSER    25         1
 RUSER    26         0
 END       0    0.00
 NY      188
  5.00000E-07  6.25000E-07  7.50000E-07  8.75000E-07  1.00000E-06  1.12500E-06
  1.25000E-06  1.37500E-06  1.50000E-06  1.62500E-06  1.75000E-06  1.87500E-06
  2.00000E-06  2.25000E-06  2.50000E-06  2.75000E-06  3.00000E-06  3.25000E-06
  3.50000E-06  3.75000E-06  4.00000E-06  4.50000E-06  5.00000E-06  5.50000E-06
  6.00000E-06  6.50000E-06  7.00000E-06  7.50000E-06  8.00000E-06  9.00000E-06
  1.00000E-05  1.10000E-05  1.20000E-05  1.30000E-05  1.40000E-05  1.50000E-05
  1.60000E-05  1.80000E-05  2.00000E-05  2.20000E-05  2.40000E-05  2.60000E-05
  2.80000E-05  3.00000E-05  3.20000E-05  3.60000E-05  4.00000E-05  4.40000E-05
  4.80000E-05  5.20000E-05  5.60000E-05  6.00000E-05  6.40000E-05  7.20000E-05
  8.00000E-05  8.80000E-05  9.60000E-05  1.04000E-04  1.12000E-04  1.20000E-04
  1.28000E-04  1.44000E-04  1.60000E-04  1.76000E-04  1.92000E-04  2.08000E-04
  2.24000E-04  2.40000E-04  2.56000E-04  2.88000E-04  3.20000E-04  3.52000E-04
  3.84000E-04  4.16000E-04  4.48000E-04  4.80000E-04  5.12000E-04  5.76000E-04
  6.40000E-04  7.04000E-04  7.68000E-04  8.32000E-04  8.96000E-04  9.60000E-04
  1.02400E-03  1.15200E-03  1.28000E-03  1.40800E-03  1.53600E-03  1.66400E-03
  1.79200E-03  1.92000E-03  2.01600E-03  2.27200E-03  2.52800E-03  2.78400E-03
  3.04000E-03  3.29600E-03  3.55200E-03  3.80800E-03  4.06400E-03  4.57600E-03
  5.08800E-03  5.60000E-03  6.11200E-03  6.62400E-03  7.13600E-03  7.64800E-03
  8.16000E-03  9.18400E-03  1.02080E-02  1.12320E-02  1.22560E-02  1.32800E-02
  1.43040E-02  1.53280E-02  1.63520E-02  1.84000E-02  2.04480E-02  2.24960E-02
  2.45440E-02  2.65920E-02  2.86400E-02  3.06880E-02  3.27360E-02  3.68320E-02
  4.09280E-02  4.50240E-02  4.91200E-02  5.32160E-02  5.73120E-02  6.14080E-02
  6.55040E-02  7.36960E-02  8.18880E-02  9.00800E-02  9.82720E-02  1.06464E-01
  1.14656E-01  1.22848E-01  1.31040E-01  1.47424E-01  1.63808E-01  1.80192E-01
  1.96576E-01  2.12960E-01  2.29344E-01  2.45728E-01  2.62112E-01  2.94880E-01
  3.27648E-01  3.60416E-01  3.93184E-01  4.25952E-01  4.58720E-01  4.91488E-01
  5.24256E-01  5.89792E-01  6.55328E-01  7.20864E-01  7.86400E-01  8.51936E-01
  9.17472E-01  9.83008E-01  1.04854E+00  1.17962E+00  1.31069E+00  1.44176E+00
  1.57283E+00  1.70390E+00  1.83498E+00  1.96605E+00  2.09712E+00  2.35926E+00
  2.62141E+00  2.88355E+00  3.14570E+00  3.40784E+00  3.66998E+00  3.93213E+00
  4.19427E+00  4.71856E+00  5.24285E+00  5.76714E+00  6.29142E+00  6.81571E+00
  7.34000E+00  7.86429E+00
  9.94680E-01  9.94157E-01  9.93041E-01  9.89952E-01  9.91329E-01  9.88347E-01
  9.91060E-01  9.89978E-01  9.87679E-01  9.88344E-01  9.90742E-01  9.86657E-01
  9.87991E-01  9.89019E-01  9.88995E-01  9.90312E-01  9.88817E-01  9.86977E-01
  9.87184E-01  9.87407E-01  9.87291E-01  9.87225E-01  9.87237E-01  9.87135E-01
  9.86797E-01  9.86775E-01  9.86483E-01  9.86206E-01  9.85163E-01  9.85630E-01
  9.84831E-01  9.84337E-01  9.83735E-01  9.83321E-01  9.83397E-01  9.83041E-01
  9.83091E-01  9.81791E-01  9.80767E-01  9.80381E-01  9.80034E-01  9.78845E-01
  9.77737E-01  9.77001E-01  9.76196E-01  9.73839E-01  9.72266E-01  9.70312E-01
  9.68800E-01  9.67354E-01  9.65854E-01  9.63830E-01  9.62429E-01  9.58964E-01
  9.55374E-01  9.52348E-01  9.49074E-01  9.45242E-01  9.41997E-01  9.38542E-01
  9.35259E-01  9.28821E-01  9.22280E-01  9.15777E-01  9.09352E-01  9.02810E-01
  8.96758E-01  8.90251E-01  8.83805E-01  8.71426E-01  8.59034E-01  8.46977E-01
  8.35190E-01  8.23472E-01  8.12051E-01  8.00827E-01  7.89872E-01  7.68210E-01
  7.47203E-01  7.26763E-01  7.07055E-01  6.87892E-01  6.69522E-01  6.51697E-01
  6.34427E-01  6.01537E-01  5.70748E-01  5.41484E-01  5.13938E-01  4.88021E-01
  4.63767E-01  4.40849E-01  4.25189E-01  3.85083E-01  3.49318E-01  3.17715E-01
  2.89481E-01  2.64360E-01  2.42000E-01  2.21936E-01  2.04563E-01  1.74479E-01
  1.50595E-01  1.31405E-01  1.15623E-01  1.02701E-01  9.13168E-02  8.21992E-02
  7.43918E-02  6.07762E-02  5.00722E-02  4.35498E-02  4.02606E-02  3.81405E-02
  3.54293E-02  3.24630E-02  3.09138E-02  2.87356E-02  2.62489E-02  2.28593E-02
  2.16630E-02  2.23463E-02  2.25070E-02  1.89324E-02  1.86650E-02  1.35172E-02
  8.26578E-03  7.41539E-03  5.75545E-03  6.14177E-03  4.84604E-03  1.34149E-03
  1.45131E-03 -5.09880E-03 -1.09505E-04  7.18582E-04 -1.81166E-04 -2.14961E-03
  4.03188E-03 -1.11992E-03  2.15191E-03  1.82903E-03 -9.55286E-04  8.27832E-04
 -1.56949E-04  1.23413E-03  2.81919E-03 -5.14005E-04 -1.10395E-04 -4.56110E-03
 -1.88088E-03 -2.67102E-04 -1.44718E-03 -4.33207E-03 -2.08272E-03  1.36255E-03
 -2.88548E-03 -2.34124E-03 -1.03500E-03 -1.88095E-03  1.45312E-03  4.55413E-03
  1.13821E-03  9.76918E-04  1.39710E-03  1.09268E-03 -4.78694E-04 -2.87403E-03
 -3.12217E-03 -2.64294E-05 -2.56303E-03 -2.04789E-03 -6.42138E-04 -2.61489E-03
  1.48233E-04 -3.38742E-04 -9.58568E-04 -6.73244E-04 -4.49869E-04  1.02921E-04
 -2.55918E-04  6.13552E-04 -6.10038E-04  1.27527E-03  1.39694E-04  2.15143E-04
 -5.56296E-04 -9.79161E-04
