AutoSaveFileName0181.ASC
 IFORMY    0    .00
 (6E13.7)
 IFORMT    0    .00
 (6E13.7)
 IFORMW    0    .00
 (6E13.7)
 NINTT     0   -1.00
 DOUSNQ    0    1.00
 IQUAD          1.00
 PRWT      0    1.00
 PRY       0    1.00
 IPLRES    1    3.00
 IPLRES    2    3.00
 IPRINT    1    0.00
 IPRINT    2    2.00
 IPLFIT    1    0.00
 IPLFIT    2    0.00
 LINEPG    0   50.
 NONNEG    1    1.00
 IWT       0    5.00
 NQPROG    1    5.00
 NQPROG    2    5.00
 GMNMX     1    1.858E-05
 GMNMX     2    1.858E-02
 RUSER    10    -1.00
 NG        0    200.00
 NLINF     0    0.00
 IUSER    10    4.00
 RUSER    21    1.0
 RUSER    22   -1.0
 RUSER    23    0.0
 RUSER    18         292.00068
 RUSER    17         74.99900
 RUSER    19         1.03048
 RUSER    15         1.33200
 RUSER    16         632.80000
 RUSER    25         1
 RUSER    26         0
 END       0    0.00
 NY      131
  3.75000E-07  5.00000E-07  6.25000E-07  7.50000E-07  8.75000E-07  1.00000E-06
  1.12500E-06  1.25000E-06  1.37500E-06  1.50000E-06  1.62500E-06  1.75000E-06
  1.87500E-06  2.00000E-06  2.25000E-06  2.50000E-06  2.75000E-06  3.00000E-06
  3.25000E-06  3.50000E-06  3.75000E-06  4.00000E-06  4.50000E-06  5.00000E-06
  5.50000E-06  6.00000E-06  6.50000E-06  7.00000E-06  7.50000E-06  8.00000E-06
  9.00000E-06  1.00000E-05  1.10000E-05  1.20000E-05  1.30000E-05  1.40000E-05
  1.50000E-05  1.60000E-05  1.80000E-05  2.00000E-05  2.20000E-05  2.40000E-05
  2.60000E-05  2.80000E-05  3.00000E-05  3.20000E-05  3.60000E-05  4.00000E-05
  4.40000E-05  4.80000E-05  5.20000E-05  5.60000E-05  6.00000E-05  6.40000E-05
  7.20000E-05  8.00000E-05  8.80000E-05  9.60000E-05  1.04000E-04  1.12000E-04
  1.20000E-04  1.28000E-04  1.44000E-04  1.60000E-04  1.76000E-04  1.92000E-04
  2.08000E-04  2.24000E-04  2.40000E-04  2.56000E-04  2.88000E-04  3.20000E-04
  3.52000E-04  3.84000E-04  4.16000E-04  4.48000E-04  4.80000E-04  5.12000E-04
  5.76000E-04  6.40000E-04  7.04000E-04  7.68000E-04  8.32000E-04  8.96000E-04
  9.60000E-04  1.02400E-03  1.15200E-03  1.28000E-03  1.40800E-03  1.53600E-03
  1.66400E-03  1.79200E-03  1.92000E-03  2.01600E-03  2.27200E-03  2.52800E-03
  2.78400E-03  3.04000E-03  3.29600E-03  3.55200E-03  3.80800E-03  4.06400E-03
  4.57600E-03  5.08800E-03  5.60000E-03  6.11200E-03  6.62400E-03  7.13600E-03
  7.64800E-03  8.16000E-03  9.18400E-03  1.02080E-02  1.12320E-02  1.22560E-02
  1.32800E-02  1.43040E-02  1.53280E-02  1.63520E-02  1.84000E-02  2.04480E-02
  2.24960E-02  2.45440E-02  2.65920E-02  2.86400E-02  3.06880E-02  3.27360E-02
  3.68320E-02  4.09280E-02  4.50240E-02  4.91200E-02  5.32160E-02
  1.36387E+00  1.36278E+00  1.36112E+00  1.36105E+00  1.36212E+00  1.36101E+00
  1.36127E+00  1.36037E+00  1.35839E+00  1.35870E+00  1.35946E+00  1.35748E+00
  1.35885E+00  1.35959E+00  1.35950E+00  1.35855E+00  1.35879E+00  1.35922E+00
  1.35834E+00  1.35945E+00  1.35927E+00  1.35909E+00  1.35823E+00  1.35855E+00
  1.35799E+00  1.35725E+00  1.35717E+00  1.35776E+00  1.35747E+00  1.35664E+00
  1.35647E+00  1.35642E+00  1.35547E+00  1.35534E+00  1.35503E+00  1.35421E+00
  1.35344E+00  1.35313E+00  1.35265E+00  1.35127E+00  1.35059E+00  1.34982E+00
  1.34909E+00  1.34826E+00  1.34695E+00  1.34620E+00  1.34458E+00  1.34259E+00
  1.34109E+00  1.33925E+00  1.33753E+00  1.33567E+00  1.33390E+00  1.33205E+00
  1.32852E+00  1.32521E+00  1.32157E+00  1.31820E+00  1.31465E+00  1.31110E+00
  1.30783E+00  1.30435E+00  1.29758E+00  1.29083E+00  1.28397E+00  1.27728E+00
  1.27063E+00  1.26396E+00  1.25737E+00  1.25069E+00  1.23773E+00  1.22503E+00
  1.21223E+00  1.19970E+00  1.18753E+00  1.17520E+00  1.16310E+00  1.15116E+00
  1.12804E+00  1.10533E+00  1.08309E+00  1.06132E+00  1.04013E+00  1.01932E+00
  9.99210E-01  9.79899E-01  9.41880E-01  9.05452E-01  8.70456E-01  8.36767E-01
  8.04592E-01  7.73724E-01  7.44082E-01  7.24002E-01  6.70367E-01  6.21575E-01
  5.76559E-01  5.34934E-01  4.96753E-01  4.61062E-01  4.27573E-01  3.97260E-01
  3.42216E-01  2.94685E-01  2.52796E-01  2.18259E-01  1.89046E-01  1.64615E-01
  1.44957E-01  1.28616E-01  1.03450E-01  8.49176E-02  7.06019E-02  5.73368E-02
  4.85872E-02  4.16131E-02  3.80415E-02  3.94173E-02  3.78047E-02  2.75403E-02
  1.04350E-02 -4.51665E-03 -1.23275E-02 -1.43975E-02 -1.07985E-02 -8.61845E-03
 -5.04321E-03 -6.83430E-03 -1.06844E-02 -1.36487E-02 -2.86372E-03
