AutoSaveFileName0178.ASC
 IFORMY    0    .00
 (6E13.7)
 IFORMT    0    .00
 (6E13.7)
 IFORMW    0    .00
 (6E13.7)
 NINTT     0   -1.00
 DOUSNQ    0    1.00
 IQUAD          1.00
 PRWT      0    1.00
 PRY       0    1.00
 IPLRES    1    3.00
 IPLRES    2    3.00
 IPRINT    1    0.00
 IPRINT    2    2.00
 IPLFIT    1    0.00
 IPLFIT    2    0.00
 LINEPG    0   50.
 NONNEG    1    1.00
 IWT       0    5.00
 NQPROG    1    5.00
 NQPROG    2    5.00
 GMNMX     1    1.166E-05
 GMNMX     2    1.166E-02
 RUSER    10    -1.00
 NG        0    200.00
 NLINF     0    0.00
 IUSER    10    4.00
 RUSER    21    1.0
 RUSER    22   -1.0
 RUSER    23    0.0
 RUSER    18         292.22665
 RUSER    17         99.99900
 RUSER    19         1.02474
 RUSER    15         1.33200
 RUSER    16         632.80000
 RUSER    25         1
 RUSER    26         0
 END       0    0.00
 NY      188
  5.00000E-07  6.25000E-07  7.50000E-07  8.75000E-07  1.00000E-06  1.12500E-06
  1.25000E-06  1.37500E-06  1.50000E-06  1.62500E-06  1.75000E-06  1.87500E-06
  2.00000E-06  2.25000E-06  2.50000E-06  2.75000E-06  3.00000E-06  3.25000E-06
  3.50000E-06  3.75000E-06  4.00000E-06  4.50000E-06  5.00000E-06  5.50000E-06
  6.00000E-06  6.50000E-06  7.00000E-06  7.50000E-06  8.00000E-06  9.00000E-06
  1.00000E-05  1.10000E-05  1.20000E-05  1.30000E-05  1.40000E-05  1.50000E-05
  1.60000E-05  1.80000E-05  2.00000E-05  2.20000E-05  2.40000E-05  2.60000E-05
  2.80000E-05  3.00000E-05  3.20000E-05  3.60000E-05  4.00000E-05  4.40000E-05
  4.80000E-05  5.20000E-05  5.60000E-05  6.00000E-05  6.40000E-05  7.20000E-05
  8.00000E-05  8.80000E-05  9.60000E-05  1.04000E-04  1.12000E-04  1.20000E-04
  1.28000E-04  1.44000E-04  1.60000E-04  1.76000E-04  1.92000E-04  2.08000E-04
  2.24000E-04  2.40000E-04  2.56000E-04  2.88000E-04  3.20000E-04  3.52000E-04
  3.84000E-04  4.16000E-04  4.48000E-04  4.80000E-04  5.12000E-04  5.76000E-04
  6.40000E-04  7.04000E-04  7.68000E-04  8.32000E-04  8.96000E-04  9.60000E-04
  1.02400E-03  1.15200E-03  1.28000E-03  1.40800E-03  1.53600E-03  1.66400E-03
  1.79200E-03  1.92000E-03  2.01600E-03  2.27200E-03  2.52800E-03  2.78400E-03
  3.04000E-03  3.29600E-03  3.55200E-03  3.80800E-03  4.06400E-03  4.57600E-03
  5.08800E-03  5.60000E-03  6.11200E-03  6.62400E-03  7.13600E-03  7.64800E-03
  8.16000E-03  9.18400E-03  1.02080E-02  1.12320E-02  1.22560E-02  1.32800E-02
  1.43040E-02  1.53280E-02  1.63520E-02  1.84000E-02  2.04480E-02  2.24960E-02
  2.45440E-02  2.65920E-02  2.86400E-02  3.06880E-02  3.27360E-02  3.68320E-02
  4.09280E-02  4.50240E-02  4.91200E-02  5.32160E-02  5.73120E-02  6.14080E-02
  6.55040E-02  7.36960E-02  8.18880E-02  9.00800E-02  9.82720E-02  1.06464E-01
  1.14656E-01  1.22848E-01  1.31040E-01  1.47424E-01  1.63808E-01  1.80192E-01
  1.96576E-01  2.12960E-01  2.29344E-01  2.45728E-01  2.62112E-01  2.94880E-01
  3.27648E-01  3.60416E-01  3.93184E-01  4.25952E-01  4.58720E-01  4.91488E-01
  5.24256E-01  5.89792E-01  6.55328E-01  7.20864E-01  7.86400E-01  8.51936E-01
  9.17472E-01  9.83008E-01  1.04854E+00  1.17962E+00  1.31069E+00  1.44176E+00
  1.57283E+00  1.70390E+00  1.83498E+00  1.96605E+00  2.09712E+00  2.35926E+00
  2.62141E+00  2.88355E+00  3.14570E+00  3.40784E+00  3.66998E+00  3.93213E+00
  4.19427E+00  4.71856E+00  5.24285E+00  5.76714E+00  6.29142E+00  6.81571E+00
  7.34000E+00  7.86429E+00
  9.94477E-01  9.92877E-01  9.93705E-01  9.92051E-01  9.91568E-01  9.91181E-01
  9.90815E-01  9.90155E-01  9.90592E-01  9.90988E-01  9.91914E-01  9.90524E-01
  9.90368E-01  9.89803E-01  9.89432E-01  9.90222E-01  9.89085E-01  9.90407E-01
  9.89683E-01  9.90071E-01  9.89790E-01  9.89775E-01  9.88891E-01  9.88565E-01
  9.88286E-01  9.88930E-01  9.88645E-01  9.89059E-01  9.88171E-01  9.88207E-01
  9.87258E-01  9.87205E-01  9.87106E-01  9.86832E-01  9.85978E-01  9.85291E-01
  9.85670E-01  9.85262E-01  9.84889E-01  9.83894E-01  9.83432E-01  9.82656E-01
  9.82720E-01  9.81796E-01  9.81240E-01  9.79922E-01  9.79053E-01  9.77709E-01
  9.76573E-01  9.75463E-01  9.74238E-01  9.73369E-01  9.71923E-01  9.69631E-01
  9.67316E-01  9.64704E-01  9.62695E-01  9.60195E-01  9.58048E-01  9.55641E-01
  9.53030E-01  9.48516E-01  9.44152E-01  9.39367E-01  9.34694E-01  9.30158E-01
  9.25681E-01  9.21151E-01  9.16619E-01  9.07705E-01  8.98908E-01  8.90150E-01
  8.81511E-01  8.72828E-01  8.64312E-01  8.56070E-01  8.47677E-01  8.31331E-01
  8.15281E-01  7.99537E-01  7.84068E-01  7.68893E-01  7.53939E-01  7.39287E-01
  7.17301E-01  6.89811E-01  6.63461E-01  6.38202E-01  6.13930E-01  5.90719E-01
  5.68512E-01  5.47305E-01  5.37299E-01  4.98088E-01  4.61874E-01  4.28389E-01
  3.97579E-01  3.69301E-01  3.43169E-01  3.19075E-01  2.97130E-01  2.57357E-01
  2.23816E-01  1.94350E-01  1.68933E-01  1.47240E-01  1.28554E-01  1.12698E-01
  9.87760E-02  7.46657E-02  5.57688E-02  4.23901E-02  3.19466E-02  2.45627E-02
  2.02472E-02  1.68053E-02  1.38834E-02  8.64892E-03  2.96310E-03  6.20693E-04
  2.95904E-03  5.53727E-03  6.63454E-03  6.09977E-03  5.24422E-03  5.45606E-03
  5.74957E-03  5.38309E-03  2.38783E-03 -1.21790E-03  1.17775E-03  3.86738E-03
  5.14324E-03  4.98821E-03  5.82125E-03  6.85546E-03  4.42931E-03  5.95672E-03
  8.34445E-03  6.61604E-03  6.49917E-03  1.93917E-03  2.41715E-03 -4.14428E-03
 -1.99798E-03 -3.49153E-04 -2.50710E-03  2.90573E-03  1.54409E-03  2.39854E-03
  1.66395E-05  2.28566E-03  2.14809E-03  1.56420E-03  1.30648E-03  2.67320E-03
  4.67908E-03  1.67150E-03 -7.36108E-04 -3.68802E-04  8.26498E-04  1.92589E-03
  2.82860E-03  1.06923E-03  1.07887E-03 -3.98791E-04  3.92728E-03 -8.70017E-04
  1.60487E-03 -2.51097E-03 -7.98216E-04 -1.99151E-03 -3.73923E-03  1.74594E-04
  2.02100E-03  3.90481E-04 -1.80562E-04  1.27257E-03  1.90213E-04 -2.47869E-04
 -1.87783E-03 -1.83846E-03 -3.14007E-05 -3.62407E-03  1.02223E-03 -4.48628E-04
 -3.41416E-04  4.03833E-04
