AutoSaveFileName0142.ASC
 IFORMY    0    .00
 (6E13.7)
 IFORMT    0    .00
 (6E13.7)
 IFORMW    0    .00
 (6E13.7)
 NINTT     0   -1.00
 DOUSNQ    0    1.00
 IQUAD     0    1.00
 PRWT      0    1.00
 PRY       0    1.00
 IPLRES    1    3.00
 IPLRES    2    3.00
 IPRINT    1    0.00
 IPRINT    2    2.00
 IPLFIT    1    0.00
 IPLFIT    2    0.00
 LINEPG    0   50.
 NONNEG    1    1.00
 IWT       0    5.00
 NQPROG    1    5.00
 NQPROG    2    5.00
 GMNMX     1    5.88431E-03
 GMNMX     2    2.11232E-03
 RUSER    10    -1.00
 NG        0    500.00
 NLINF     0    1.00
 IUSER    10    4.00
 RUSER    21    1.0
 RUSER    22   -1.0
 RUSER    23    0.0
 RUSER    18         291.99955
 RUSER    17         84.99900
 RUSER    19         1.03051
 RUSER    15         1.33200
 RUSER    16         632.80000
 RUSER    25         1
 RUSER    26         0
 END       0    0.00
 NY      162
  7.50000E-07  8.75000E-07  1.00000E-06  1.12500E-06  1.25000E-06  1.37500E-06
  1.50000E-06  1.62500E-06  1.75000E-06  1.87500E-06  2.00000E-06  2.25000E-06
  2.50000E-06  2.75000E-06  3.00000E-06  3.25000E-06  3.50000E-06  3.75000E-06
  4.00000E-06  4.50000E-06  5.00000E-06  5.50000E-06  6.00000E-06  6.50000E-06
  7.00000E-06  7.50000E-06  8.00000E-06  9.00000E-06  1.00000E-05  1.10000E-05
  1.20000E-05  1.30000E-05  1.40000E-05  1.50000E-05  1.60000E-05  1.80000E-05
  2.00000E-05  2.20000E-05  2.40000E-05  2.60000E-05  2.80000E-05  3.00000E-05
  3.20000E-05  3.60000E-05  4.00000E-05  4.40000E-05  4.80000E-05  5.20000E-05
  5.60000E-05  6.00000E-05  6.40000E-05  7.20000E-05  8.00000E-05  8.80000E-05
  9.60000E-05  1.04000E-04  1.12000E-04  1.20000E-04  1.28000E-04  1.44000E-04
  1.60000E-04  1.76000E-04  1.92000E-04  2.08000E-04  2.24000E-04  2.40000E-04
  2.56000E-04  2.88000E-04  3.20000E-04  3.52000E-04  3.84000E-04  4.16000E-04
  4.48000E-04  4.80000E-04  5.12000E-04  5.76000E-04  6.40000E-04  7.04000E-04
  7.68000E-04  8.32000E-04  8.96000E-04  9.60000E-04  1.02400E-03  1.15200E-03
  1.28000E-03  1.40800E-03  1.53600E-03  1.66400E-03  1.79200E-03  1.92000E-03
  2.01600E-03  2.27200E-03  2.52800E-03  2.78400E-03  3.04000E-03  3.29600E-03
  3.55200E-03  3.80800E-03  4.06400E-03  4.57600E-03  5.08800E-03  5.60000E-03
  6.11200E-03  6.62400E-03  7.13600E-03  7.64800E-03  8.16000E-03  9.18400E-03
  1.02080E-02  1.12320E-02  1.22560E-02  1.32800E-02  1.43040E-02  1.53280E-02
  1.63520E-02  1.84000E-02  2.04480E-02  2.24960E-02  2.45440E-02  2.65920E-02
  2.86400E-02  3.06880E-02  3.27360E-02  3.68320E-02  4.09280E-02  4.50240E-02
  4.91200E-02  5.32160E-02  5.73120E-02  6.14080E-02  6.55040E-02  7.36960E-02
  8.18880E-02  9.00800E-02  9.82720E-02  1.06464E-01  1.14656E-01  1.22848E-01
  1.31040E-01  1.47424E-01  1.63808E-01  1.80192E-01  1.96576E-01  2.12960E-01
  2.29344E-01  2.45728E-01  2.62112E-01  2.94880E-01  3.27648E-01  3.60416E-01
  3.93184E-01  4.25952E-01  4.58720E-01  4.91488E-01  5.24256E-01  5.89792E-01
  6.55328E-01  7.20864E-01  7.86400E-01  8.51936E-01  9.17472E-01  9.83008E-01
  9.98609E-01  9.99254E-01  9.96953E-01  9.94653E-01  9.96871E-01  1.00000E+00
  9.87595E-01  9.95782E-01  9.95102E-01  9.89985E-01  9.92993E-01  9.88786E-01
  9.91165E-01  9.93090E-01  9.90403E-01  9.90692E-01  9.87161E-01  9.89364E-01
  9.87380E-01  9.85778E-01  9.83243E-01  9.83275E-01  9.80505E-01  9.77345E-01
  9.74533E-01  9.74927E-01  9.74326E-01  9.72076E-01  9.69088E-01  9.64655E-01
  9.63131E-01  9.59280E-01  9.56737E-01  9.54370E-01  9.51691E-01  9.45265E-01
  9.39703E-01  9.34336E-01  9.27563E-01  9.22595E-01  9.16119E-01  9.12127E-01
  9.07010E-01  8.95288E-01  8.84711E-01  8.73594E-01  8.62833E-01  8.53295E-01
  8.42327E-01  8.33304E-01  8.22555E-01  8.02810E-01  7.84210E-01  7.65773E-01
  7.47036E-01  7.28838E-01  7.12375E-01  6.95126E-01  6.78803E-01  6.46613E-01
  6.15721E-01  5.87133E-01  5.59326E-01  5.33367E-01  5.08123E-01  4.84472E-01
  4.61852E-01  4.19898E-01  3.81487E-01  3.46661E-01  3.14455E-01  2.85978E-01
  2.59659E-01  2.35343E-01  2.14413E-01  1.76902E-01  1.46256E-01  1.20849E-01
  9.95160E-02  8.21555E-02  6.75959E-02  5.56963E-02  4.60743E-02  3.21249E-02
  2.30278E-02  1.68167E-02  1.17057E-02  7.94967E-03  5.04287E-03  3.61772E-03
  3.21050E-03  3.09352E-03  1.75669E-03  3.41728E-03  1.50285E-03  6.44887E-04
  3.25232E-03  3.41482E-03  2.82428E-03  1.36662E-03 -2.25671E-03 -6.35255E-04
  1.21899E-04 -3.14046E-03 -8.86277E-04  3.76605E-03  4.08438E-03  1.04735E-03
 -2.85607E-03 -1.24784E-03 -9.98336E-04 -1.81287E-03 -1.42257E-03 -4.45943E-04
 -2.79925E-04  5.87274E-04  6.87224E-04  2.15632E-03  2.43471E-03 -1.22756E-03
 -2.75322E-03 -2.82612E-03 -2.13489E-03 -1.48597E-03 -2.71948E-04 -1.54735E-03
 -1.84672E-04 -4.97893E-04 -2.27263E-03  1.05359E-03  1.55592E-03  8.15602E-05
 -2.96776E-04 -1.06847E-03 -1.41404E-04  1.48037E-04 -9.46496E-04 -7.74152E-04
 -1.11301E-03 -5.32375E-04  6.93259E-04 -1.11330E-03 -9.45968E-04 -2.67002E-04
 -3.42004E-04  2.77851E-04 -4.69973E-04  6.37434E-06 -5.03752E-04  6.78166E-04
 -3.37064E-04  3.30896E-04  3.37291E-04  3.25094E-04  3.51602E-04 -2.59825E-04
  2.55195E-04 -9.74822E-05 -3.12698E-05 -3.21012E-04  5.44659E-05 -4.45513E-04
