AutoSaveFileName0022.ASC
 IFORMY    0    .00
 (6E13.7)
 IFORMT    0    .00
 (6E13.7)
 IFORMW    0    .00
 (6E13.7)
 NINTT     0   -1.00
 DOUSNQ    0    1.00
 IQUAD          1.00
 PRWT      0    1.00
 PRY       0    1.00
 IPLRES    1    3.00
 IPLRES    2    3.00
 IPRINT    1    0.00
 IPRINT    2    2.00
 IPLFIT    1    0.00
 IPLFIT    2    0.00
 LINEPG    0   50.
 NONNEG    1    1.00
 IWT       0    5.00
 NQPROG    1    5.00
 NQPROG    2    5.00
 GMNMX     1    1.464E-04
 GMNMX     2    1.464E-01
 RUSER    10    -1.00
 NG        0    200.00
 NLINF     0    0.00
 IUSER    10    4.00
 RUSER    21    1.0
 RUSER    22   -1.0
 RUSER    23    0.0
 RUSER    18         292.16075
 RUSER    17         24.99800
 RUSER    19         1.02641
 RUSER    15         1.33200
 RUSER    16         632.80000
 RUSER    25         1
 RUSER    26         0
 END       0    0.00
 NY      188
  5.00000E-07  6.25000E-07  7.50000E-07  8.75000E-07  1.00000E-06  1.12500E-06
  1.25000E-06  1.37500E-06  1.50000E-06  1.62500E-06  1.75000E-06  1.87500E-06
  2.00000E-06  2.25000E-06  2.50000E-06  2.75000E-06  3.00000E-06  3.25000E-06
  3.50000E-06  3.75000E-06  4.00000E-06  4.50000E-06  5.00000E-06  5.50000E-06
  6.00000E-06  6.50000E-06  7.00000E-06  7.50000E-06  8.00000E-06  9.00000E-06
  1.00000E-05  1.10000E-05  1.20000E-05  1.30000E-05  1.40000E-05  1.50000E-05
  1.60000E-05  1.80000E-05  2.00000E-05  2.20000E-05  2.40000E-05  2.60000E-05
  2.80000E-05  3.00000E-05  3.20000E-05  3.60000E-05  4.00000E-05  4.40000E-05
  4.80000E-05  5.20000E-05  5.60000E-05  6.00000E-05  6.40000E-05  7.20000E-05
  8.00000E-05  8.80000E-05  9.60000E-05  1.04000E-04  1.12000E-04  1.20000E-04
  1.28000E-04  1.44000E-04  1.60000E-04  1.76000E-04  1.92000E-04  2.08000E-04
  2.24000E-04  2.40000E-04  2.56000E-04  2.88000E-04  3.20000E-04  3.52000E-04
  3.84000E-04  4.16000E-04  4.48000E-04  4.80000E-04  5.12000E-04  5.76000E-04
  6.40000E-04  7.04000E-04  7.68000E-04  8.32000E-04  8.96000E-04  9.60000E-04
  1.02400E-03  1.15200E-03  1.28000E-03  1.40800E-03  1.53600E-03  1.66400E-03
  1.79200E-03  1.92000E-03  2.01600E-03  2.27200E-03  2.52800E-03  2.78400E-03
  3.04000E-03  3.29600E-03  3.55200E-03  3.80800E-03  4.06400E-03  4.57600E-03
  5.08800E-03  5.60000E-03  6.11200E-03  6.62400E-03  7.13600E-03  7.64800E-03
  8.16000E-03  9.18400E-03  1.02080E-02  1.12320E-02  1.22560E-02  1.32800E-02
  1.43040E-02  1.53280E-02  1.63520E-02  1.84000E-02  2.04480E-02  2.24960E-02
  2.45440E-02  2.65920E-02  2.86400E-02  3.06880E-02  3.27360E-02  3.68320E-02
  4.09280E-02  4.50240E-02  4.91200E-02  5.32160E-02  5.73120E-02  6.14080E-02
  6.55040E-02  7.36960E-02  8.18880E-02  9.00800E-02  9.82720E-02  1.06464E-01
  1.14656E-01  1.22848E-01  1.31040E-01  1.47424E-01  1.63808E-01  1.80192E-01
  1.96576E-01  2.12960E-01  2.29344E-01  2.45728E-01  2.62112E-01  2.94880E-01
  3.27648E-01  3.60416E-01  3.93184E-01  4.25952E-01  4.58720E-01  4.91488E-01
  5.24256E-01  5.89792E-01  6.55328E-01  7.20864E-01  7.86400E-01  8.51936E-01
  9.17472E-01  9.83008E-01  1.04854E+00  1.17962E+00  1.31069E+00  1.44176E+00
  1.57283E+00  1.70390E+00  1.83498E+00  1.96605E+00  2.09712E+00  2.35926E+00
  2.62141E+00  2.88355E+00  3.14570E+00  3.40784E+00  3.66998E+00  3.93213E+00
  4.19427E+00  4.71856E+00  5.24285E+00  5.76714E+00  6.29142E+00  6.81571E+00
  7.34000E+00  7.86429E+00
  9.97800E-01  9.96549E-01  9.98099E-01  9.96021E-01  9.96553E-01  9.95853E-01
  9.95213E-01  9.96339E-01  9.96885E-01  9.96058E-01  9.94783E-01  9.95073E-01
  9.95750E-01  9.96128E-01  9.95694E-01  9.96100E-01  9.96301E-01  9.95489E-01
  9.95227E-01  9.95512E-01  9.95708E-01  9.95559E-01  9.95825E-01  9.95652E-01
  9.95479E-01  9.95330E-01  9.95587E-01  9.94896E-01  9.95456E-01  9.95321E-01
  9.95517E-01  9.95582E-01  9.95778E-01  9.95129E-01  9.95479E-01  9.95568E-01
  9.95456E-01  9.95260E-01  9.95414E-01  9.95377E-01  9.95222E-01  9.95073E-01
  9.95152E-01  9.95162E-01  9.95012E-01  9.94938E-01  9.94858E-01  9.94900E-01
  9.94751E-01  9.94503E-01  9.94573E-01  9.94494E-01  9.94447E-01  9.94181E-01
  9.93919E-01  9.93663E-01  9.93532E-01  9.93345E-01  9.93205E-01  9.93013E-01
  9.92831E-01  9.92350E-01  9.91935E-01  9.91552E-01  9.91136E-01  9.90716E-01
  9.90291E-01  9.89912E-01  9.89530E-01  9.88750E-01  9.87900E-01  9.87129E-01
  9.86316E-01  9.85481E-01  9.84719E-01  9.83860E-01  9.83211E-01  9.81562E-01
  9.79970E-01  9.78321E-01  9.76729E-01  9.75159E-01  9.73497E-01  9.71946E-01
  9.70387E-01  9.67192E-01  9.64091E-01  9.61000E-01  9.57880E-01  9.54858E-01
  9.51813E-01  9.48759E-01  9.45509E-01  9.39475E-01  9.33511E-01  9.27543E-01
  9.21579E-01  9.15652E-01  9.09703E-01  9.03776E-01  8.97962E-01  8.86371E-01
  8.74975E-01  8.63931E-01  8.53068E-01  8.42462E-01  8.31959E-01  8.21470E-01
  8.11321E-01  7.90903E-01  7.70878E-01  7.51151E-01  7.32036E-01  7.13477E-01
  6.95133E-01  6.77031E-01  6.59528E-01  6.25403E-01  5.93202E-01  5.63014E-01
  5.35418E-01  5.09803E-01  4.85803E-01  4.63272E-01  4.41229E-01  4.01587E-01
  3.67855E-01  3.37227E-01  3.08317E-01  2.82018E-01  2.58761E-01  2.37033E-01
  2.14199E-01  1.74930E-01  1.40020E-01  1.13285E-01  8.82691E-02  6.20368E-02
  4.03377E-02  2.48013E-02  1.64201E-02  6.73935E-03 -3.80422E-03 -1.22326E-02
 -1.57628E-02 -1.53292E-02 -2.53050E-02 -3.45195E-02 -2.33581E-02 -1.76883E-02
 -2.32380E-02 -1.66010E-02 -5.48537E-04 -5.74237E-03 -1.05202E-02  5.92749E-04
  1.87860E-02  2.77693E-02  1.23864E-02  1.85011E-02 -1.29718E-02 -4.45694E-02
 -3.67194E-02  9.21205E-03  2.36674E-03 -1.00502E-02  1.70980E-02 -1.60679E-02
 -4.18372E-02 -5.70440E-02  2.68976E-02 -4.77368E-03 -1.04479E-02  1.97138E-04
  2.04857E-03 -1.79732E-02  1.52454E-02 -2.23903E-03 -3.52135E-02 -4.84710E-03
  9.34534E-03 -2.63886E-02  1.00633E-03  2.21396E-02  2.75713E-02  1.49527E-02
 -4.02620E-02  1.60920E-02
