AutoSaveFileName0071.ASC
 IFORMY    0    .00
 (6E13.7)
 IFORMT    0    .00
 (6E13.7)
 IFORMW    0    .00
 (6E13.7)
 NINTT     0   -1.00
 DOUSNQ    0    1.00
 IQUAD     0    1.00
 PRWT      0    1.00
 PRY       0    1.00
 IPLRES    1    3.00
 IPLRES    2    3.00
 IPRINT    1    0.00
 IPRINT    2    2.00
 IPLFIT    1    0.00
 IPLFIT    2    0.00
 LINEPG    0   50.
 NONNEG    1    1.00
 IWT       0    5.00
 NQPROG    1    5.00
 NQPROG    2    5.00
 GMNMX     1    1.50621E-02
 GMNMX     2    5.40690E-03
 RUSER    10    -1.00
 NG        0    500.00
 NLINF     0    1.00
 IUSER    10    4.00
 RUSER    21    1.0
 RUSER    22   -1.0
 RUSER    23    0.0
 RUSER    18         291.94287
 RUSER    17         49.99800
 RUSER    19         1.03196
 RUSER    15         1.33200
 RUSER    16         632.80000
 RUSER    25         1
 RUSER    26         0
 END       0    0.00
 NY      162
  7.50000E-07  8.75000E-07  1.00000E-06  1.12500E-06  1.25000E-06  1.37500E-06
  1.50000E-06  1.62500E-06  1.75000E-06  1.87500E-06  2.00000E-06  2.25000E-06
  2.50000E-06  2.75000E-06  3.00000E-06  3.25000E-06  3.50000E-06  3.75000E-06
  4.00000E-06  4.50000E-06  5.00000E-06  5.50000E-06  6.00000E-06  6.50000E-06
  7.00000E-06  7.50000E-06  8.00000E-06  9.00000E-06  1.00000E-05  1.10000E-05
  1.20000E-05  1.30000E-05  1.40000E-05  1.50000E-05  1.60000E-05  1.80000E-05
  2.00000E-05  2.20000E-05  2.40000E-05  2.60000E-05  2.80000E-05  3.00000E-05
  3.20000E-05  3.60000E-05  4.00000E-05  4.40000E-05  4.80000E-05  5.20000E-05
  5.60000E-05  6.00000E-05  6.40000E-05  7.20000E-05  8.00000E-05  8.80000E-05
  9.60000E-05  1.04000E-04  1.12000E-04  1.20000E-04  1.28000E-04  1.44000E-04
  1.60000E-04  1.76000E-04  1.92000E-04  2.08000E-04  2.24000E-04  2.40000E-04
  2.56000E-04  2.88000E-04  3.20000E-04  3.52000E-04  3.84000E-04  4.16000E-04
  4.48000E-04  4.80000E-04  5.12000E-04  5.76000E-04  6.40000E-04  7.04000E-04
  7.68000E-04  8.32000E-04  8.96000E-04  9.60000E-04  1.02400E-03  1.15200E-03
  1.28000E-03  1.40800E-03  1.53600E-03  1.66400E-03  1.79200E-03  1.92000E-03
  2.01600E-03  2.27200E-03  2.52800E-03  2.78400E-03  3.04000E-03  3.29600E-03
  3.55200E-03  3.80800E-03  4.06400E-03  4.57600E-03  5.08800E-03  5.60000E-03
  6.11200E-03  6.62400E-03  7.13600E-03  7.64800E-03  8.16000E-03  9.18400E-03
  1.02080E-02  1.12320E-02  1.22560E-02  1.32800E-02  1.43040E-02  1.53280E-02
  1.63520E-02  1.84000E-02  2.04480E-02  2.24960E-02  2.45440E-02  2.65920E-02
  2.86400E-02  3.06880E-02  3.27360E-02  3.68320E-02  4.09280E-02  4.50240E-02
  4.91200E-02  5.32160E-02  5.73120E-02  6.14080E-02  6.55040E-02  7.36960E-02
  8.18880E-02  9.00800E-02  9.82720E-02  1.06464E-01  1.14656E-01  1.22848E-01
  1.31040E-01  1.47424E-01  1.63808E-01  1.80192E-01  1.96576E-01  2.12960E-01
  2.29344E-01  2.45728E-01  2.62112E-01  2.94880E-01  3.27648E-01  3.60416E-01
  3.93184E-01  4.25952E-01  4.58720E-01  4.91488E-01  5.24256E-01  5.89792E-01
  6.55328E-01  7.20864E-01  7.86400E-01  8.51936E-01  9.17472E-01  9.83008E-01
  9.99909E-01  1.00000E+00  9.98909E-01  9.99561E-01  9.98343E-01  9.94468E-01
  9.97264E-01  9.96698E-01  9.99726E-01  9.96448E-01  9.96448E-01  9.96856E-01
  9.96241E-01  9.96472E-01  9.95138E-01  9.95516E-01  9.93426E-01  9.94651E-01
  9.93645E-01  9.96344E-01  9.92585E-01  9.93152E-01  9.92823E-01  9.91129E-01
  9.91452E-01  9.90587E-01  9.89362E-01  9.89210E-01  9.86974E-01  9.85292E-01
  9.83672E-01  9.83477E-01  9.82240E-01  9.81235E-01  9.79730E-01  9.78121E-01
  9.75648E-01  9.72803E-01  9.71688E-01  9.68745E-01  9.65790E-01  9.64291E-01
  9.61409E-01  9.57510E-01  9.53410E-01  9.49352E-01  9.44703E-01  9.39750E-01
  9.35735E-01  9.32012E-01  9.27309E-01  9.18584E-01  9.10146E-01  9.01616E-01
  8.93848E-01  8.85684E-01  8.77222E-01  8.69027E-01  8.60954E-01  8.45656E-01
  8.30430E-01  8.15199E-01  8.00320E-01  7.86399E-01  7.71770E-01  7.57946E-01
  7.44086E-01  7.17729E-01  6.92061E-01  6.67581E-01  6.44557E-01  6.21502E-01
  5.99685E-01  5.77987E-01  5.57818E-01  5.18833E-01  4.82733E-01  4.49283E-01
  4.17998E-01  3.89463E-01  3.62757E-01  3.37862E-01  3.15026E-01  2.73867E-01
  2.38613E-01  2.07407E-01  1.80011E-01  1.56784E-01  1.37330E-01  1.20671E-01
  1.10244E-01  8.66559E-02  6.80680E-02  5.38067E-02  4.27804E-02  3.39064E-02
  2.66470E-02  2.09225E-02  1.61701E-02  6.08926E-03 -1.57319E-03 -2.79035E-03
 -1.20686E-03 -7.35270E-04 -3.34866E-03 -3.28373E-03 -2.28556E-03 -3.12450E-03
 -1.79132E-03 -5.52439E-03 -8.39563E-03 -3.70290E-03 -5.17644E-04 -2.05486E-03
 -5.43016E-03 -4.59524E-03 -3.60663E-03 -6.23896E-03 -9.66290E-04 -9.75617E-05
 -7.78393E-04  1.66528E-03 -1.69620E-04  5.20219E-03  4.58054E-03 -3.56117E-03
 -4.16878E-03 -1.22744E-03  1.05474E-03  7.46803E-04  7.22670E-05 -3.63912E-04
  2.63194E-04  5.08858E-03 -6.39707E-04 -9.10219E-04  2.96170E-04  1.75148E-03
  4.33490E-03 -1.94019E-03  8.87299E-04  3.09799E-03 -3.32209E-04  3.19057E-03
 -1.03540E-03  6.50716E-04  2.51093E-03  1.50913E-04 -2.05563E-04  9.02573E-04
  3.03688E-03  1.69465E-03  7.85662E-04 -2.04404E-03  1.53672E-04  1.72017E-03
 -2.86952E-05  2.02137E-04  6.65856E-04  1.30083E-03 -3.42706E-04  1.61955E-03
