AutoSaveFileName0180.ASC
 IFORMY    0    .00
 (6E13.7)
 IFORMT    0    .00
 (6E13.7)
 IFORMW    0    .00
 (6E13.7)
 NINTT     0   -1.00
 DOUSNQ    0    1.00
 IQUAD          1.00
 PRWT      0    1.00
 PRY       0    1.00
 IPLRES    1    3.00
 IPLRES    2    3.00
 IPRINT    1    0.00
 IPRINT    2    2.00
 IPLFIT    1    0.00
 IPLFIT    2    0.00
 LINEPG    0   50.
 NONNEG    1    1.00
 IWT       0    5.00
 NQPROG    1    5.00
 NQPROG    2    5.00
 GMNMX     1    1.087E-05
 GMNMX     2    1.087E-02
 RUSER    10    -1.00
 NG        0    200.00
 NLINF     0    0.00
 IUSER    10    4.00
 RUSER    21    1.0
 RUSER    22   -1.0
 RUSER    23    0.0
 RUSER    18         292.22755
 RUSER    17         104.99900
 RUSER    19         1.02471
 RUSER    15         1.33200
 RUSER    16         632.80000
 RUSER    25         1
 RUSER    26         0
 END       0    0.00
 NY      188
  5.00000E-07  6.25000E-07  7.50000E-07  8.75000E-07  1.00000E-06  1.12500E-06
  1.25000E-06  1.37500E-06  1.50000E-06  1.62500E-06  1.75000E-06  1.87500E-06
  2.00000E-06  2.25000E-06  2.50000E-06  2.75000E-06  3.00000E-06  3.25000E-06
  3.50000E-06  3.75000E-06  4.00000E-06  4.50000E-06  5.00000E-06  5.50000E-06
  6.00000E-06  6.50000E-06  7.00000E-06  7.50000E-06  8.00000E-06  9.00000E-06
  1.00000E-05  1.10000E-05  1.20000E-05  1.30000E-05  1.40000E-05  1.50000E-05
  1.60000E-05  1.80000E-05  2.00000E-05  2.20000E-05  2.40000E-05  2.60000E-05
  2.80000E-05  3.00000E-05  3.20000E-05  3.60000E-05  4.00000E-05  4.40000E-05
  4.80000E-05  5.20000E-05  5.60000E-05  6.00000E-05  6.40000E-05  7.20000E-05
  8.00000E-05  8.80000E-05  9.60000E-05  1.04000E-04  1.12000E-04  1.20000E-04
  1.28000E-04  1.44000E-04  1.60000E-04  1.76000E-04  1.92000E-04  2.08000E-04
  2.24000E-04  2.40000E-04  2.56000E-04  2.88000E-04  3.20000E-04  3.52000E-04
  3.84000E-04  4.16000E-04  4.48000E-04  4.80000E-04  5.12000E-04  5.76000E-04
  6.40000E-04  7.04000E-04  7.68000E-04  8.32000E-04  8.96000E-04  9.60000E-04
  1.02400E-03  1.15200E-03  1.28000E-03  1.40800E-03  1.53600E-03  1.66400E-03
  1.79200E-03  1.92000E-03  2.01600E-03  2.27200E-03  2.52800E-03  2.78400E-03
  3.04000E-03  3.29600E-03  3.55200E-03  3.80800E-03  4.06400E-03  4.57600E-03
  5.08800E-03  5.60000E-03  6.11200E-03  6.62400E-03  7.13600E-03  7.64800E-03
  8.16000E-03  9.18400E-03  1.02080E-02  1.12320E-02  1.22560E-02  1.32800E-02
  1.43040E-02  1.53280E-02  1.63520E-02  1.84000E-02  2.04480E-02  2.24960E-02
  2.45440E-02  2.65920E-02  2.86400E-02  3.06880E-02  3.27360E-02  3.68320E-02
  4.09280E-02  4.50240E-02  4.91200E-02  5.32160E-02  5.73120E-02  6.14080E-02
  6.55040E-02  7.36960E-02  8.18880E-02  9.00800E-02  9.82720E-02  1.06464E-01
  1.14656E-01  1.22848E-01  1.31040E-01  1.47424E-01  1.63808E-01  1.80192E-01
  1.96576E-01  2.12960E-01  2.29344E-01  2.45728E-01  2.62112E-01  2.94880E-01
  3.27648E-01  3.60416E-01  3.93184E-01  4.25952E-01  4.58720E-01  4.91488E-01
  5.24256E-01  5.89792E-01  6.55328E-01  7.20864E-01  7.86400E-01  8.51936E-01
  9.17472E-01  9.83008E-01  1.04854E+00  1.17962E+00  1.31069E+00  1.44176E+00
  1.57283E+00  1.70390E+00  1.83498E+00  1.96605E+00  2.09712E+00  2.35926E+00
  2.62141E+00  2.88355E+00  3.14570E+00  3.40784E+00  3.66998E+00  3.93213E+00
  4.19427E+00  4.71856E+00  5.24285E+00  5.76714E+00  6.29142E+00  6.81571E+00
  7.34000E+00  7.86429E+00
  9.94430E-01  9.96513E-01  9.93773E-01  9.95582E-01  9.92240E-01  9.93702E-01
  9.92174E-01  9.91035E-01  9.93412E-01  9.90126E-01  9.91781E-01  9.93301E-01
  9.93821E-01  9.91995E-01  9.91208E-01  9.91092E-01  9.90145E-01  9.88347E-01
  9.90226E-01  9.92135E-01  9.91537E-01  9.88861E-01  9.90763E-01  9.89649E-01
  9.89826E-01  9.88174E-01  9.89160E-01  9.90513E-01  9.88233E-01  9.87845E-01
  9.87474E-01  9.88538E-01  9.87243E-01  9.87172E-01  9.85848E-01  9.87742E-01
  9.87568E-01  9.85899E-01  9.84962E-01  9.84443E-01  9.83872E-01  9.82644E-01
  9.82671E-01  9.81117E-01  9.80997E-01  9.79359E-01  9.78626E-01  9.76787E-01
  9.75467E-01  9.74819E-01  9.72769E-01  9.71905E-01  9.70399E-01  9.68200E-01
  9.65515E-01  9.62840E-01  9.60839E-01  9.57638E-01  9.54867E-01  9.52237E-01
  9.49700E-01  9.44653E-01  9.39529E-01  9.33715E-01  9.28605E-01  9.23677E-01
  9.18361E-01  9.13270E-01  9.08180E-01  8.98297E-01  8.88175E-01  8.78251E-01
  8.68435E-01  8.59319E-01  8.49857E-01  8.40181E-01  8.31151E-01  8.13242E-01
  7.95606E-01  7.78108E-01  7.61279E-01  7.44819E-01  7.28824E-01  7.12935E-01
  6.61810E-01  6.33397E-01  6.06699E-01  5.81345E-01  5.56734E-01  5.33522E-01
  5.11054E-01  4.89607E-01  5.01495E-01  4.60933E-01  4.25030E-01  3.92715E-01
  3.62598E-01  3.35152E-01  3.10064E-01  2.86921E-01  2.65210E-01  2.25686E-01
  1.91976E-01  1.61780E-01  1.38514E-01  1.19919E-01  1.04484E-01  9.13790E-02
  7.85390E-02  5.48609E-02  4.15385E-02  3.14080E-02  2.11287E-02  1.62040E-02
  1.54011E-02  1.16951E-02  3.42261E-03 -1.76466E-02 -2.62948E-02 -2.50241E-02
 -1.93957E-02 -4.47271E-03  5.74269E-03  1.14651E-02  1.13091E-02  1.24072E-02
  3.21320E-03 -1.15519E-02 -1.04924E-02 -1.90468E-03  2.38982E-03  1.39029E-03
 -1.00381E-02 -1.66017E-02  7.17539E-03  2.32481E-02  2.88126E-02 -4.92556E-03
  2.45821E-02  1.92085E-02  1.05456E-02 -2.47851E-03  1.28587E-02 -1.05292E-02
 -1.77226E-02  8.28082E-04  9.08216E-04  5.54486E-03  3.57439E-03 -5.28597E-03
 -1.06346E-02 -3.11235E-03 -1.29233E-03 -3.64423E-03  7.83762E-03 -8.33700E-04
 -1.12553E-03  2.36848E-03  1.02563E-02  8.38769E-03  2.06460E-03 -2.87032E-03
  1.26312E-03  6.70901E-04  4.56971E-03 -7.22178E-04  5.73235E-03 -4.19134E-03
 -6.22008E-03 -4.99028E-04  2.18358E-03  1.66497E-03 -4.34015E-03  4.04915E-04
  5.21934E-03 -4.41170E-04 -3.39844E-03 -9.87213E-04  2.30389E-03 -4.60359E-03
 -3.97180E-03 -1.34903E-03 -6.23819E-03 -3.77850E-03 -7.86785E-04 -1.40001E-04
  2.71909E-03  1.26333E-03
