AutoSaveFileName0258.ASC
 IFORMY    0    .00
 (6E13.7)
 IFORMT    0    .00
 (6E13.7)
 IFORMW    0    .00
 (6E13.7)
 NINTT     0   -1.00
 DOUSNQ    0    1.00
 IQUAD          1.00
 PRWT      0    1.00
 PRY       0    1.00
 IPLRES    1    3.00
 IPLRES    2    3.00
 IPRINT    1    0.00
 IPRINT    2    2.00
 IPLFIT    1    0.00
 IPLFIT    2    0.00
 LINEPG    0   50.
 NONNEG    1    1.00
 IWT       0    5.00
 NQPROG    1    5.00
 NQPROG    2    5.00
 GMNMX     1    7.744E-06
 GMNMX     2    7.744E-03
 RUSER    10    -1.00
 NG        0    200.00
 NLINF     0    0.00
 IUSER    10    4.00
 RUSER    21    1.0
 RUSER    22   -1.0
 RUSER    23    0.0
 RUSER    18         292.24962
 RUSER    17         139.99900
 RUSER    19         1.02415
 RUSER    15         1.33200
 RUSER    16         632.80000
 RUSER    25         1
 RUSER    26         0
 END       0    0.00
 NY      188
  5.00000E-07  6.25000E-07  7.50000E-07  8.75000E-07  1.00000E-06  1.12500E-06
  1.25000E-06  1.37500E-06  1.50000E-06  1.62500E-06  1.75000E-06  1.87500E-06
  2.00000E-06  2.25000E-06  2.50000E-06  2.75000E-06  3.00000E-06  3.25000E-06
  3.50000E-06  3.75000E-06  4.00000E-06  4.50000E-06  5.00000E-06  5.50000E-06
  6.00000E-06  6.50000E-06  7.00000E-06  7.50000E-06  8.00000E-06  9.00000E-06
  1.00000E-05  1.10000E-05  1.20000E-05  1.30000E-05  1.40000E-05  1.50000E-05
  1.60000E-05  1.80000E-05  2.00000E-05  2.20000E-05  2.40000E-05  2.60000E-05
  2.80000E-05  3.00000E-05  3.20000E-05  3.60000E-05  4.00000E-05  4.40000E-05
  4.80000E-05  5.20000E-05  5.60000E-05  6.00000E-05  6.40000E-05  7.20000E-05
  8.00000E-05  8.80000E-05  9.60000E-05  1.04000E-04  1.12000E-04  1.20000E-04
  1.28000E-04  1.44000E-04  1.60000E-04  1.76000E-04  1.92000E-04  2.08000E-04
  2.24000E-04  2.40000E-04  2.56000E-04  2.88000E-04  3.20000E-04  3.52000E-04
  3.84000E-04  4.16000E-04  4.48000E-04  4.80000E-04  5.12000E-04  5.76000E-04
  6.40000E-04  7.04000E-04  7.68000E-04  8.32000E-04  8.96000E-04  9.60000E-04
  1.02400E-03  1.15200E-03  1.28000E-03  1.40800E-03  1.53600E-03  1.66400E-03
  1.79200E-03  1.92000E-03  2.01600E-03  2.27200E-03  2.52800E-03  2.78400E-03
  3.04000E-03  3.29600E-03  3.55200E-03  3.80800E-03  4.06400E-03  4.57600E-03
  5.08800E-03  5.60000E-03  6.11200E-03  6.62400E-03  7.13600E-03  7.64800E-03
  8.16000E-03  9.18400E-03  1.02080E-02  1.12320E-02  1.22560E-02  1.32800E-02
  1.43040E-02  1.53280E-02  1.63520E-02  1.84000E-02  2.04480E-02  2.24960E-02
  2.45440E-02  2.65920E-02  2.86400E-02  3.06880E-02  3.27360E-02  3.68320E-02
  4.09280E-02  4.50240E-02  4.91200E-02  5.32160E-02  5.73120E-02  6.14080E-02
  6.55040E-02  7.36960E-02  8.18880E-02  9.00800E-02  9.82720E-02  1.06464E-01
  1.14656E-01  1.22848E-01  1.31040E-01  1.47424E-01  1.63808E-01  1.80192E-01
  1.96576E-01  2.12960E-01  2.29344E-01  2.45728E-01  2.62112E-01  2.94880E-01
  3.27648E-01  3.60416E-01  3.93184E-01  4.25952E-01  4.58720E-01  4.91488E-01
  5.24256E-01  5.89792E-01  6.55328E-01  7.20864E-01  7.86400E-01  8.51936E-01
  9.17472E-01  9.83008E-01  1.04854E+00  1.17962E+00  1.31069E+00  1.44176E+00
  1.57283E+00  1.70390E+00  1.83498E+00  1.96605E+00  2.09712E+00  2.35926E+00
  2.62141E+00  2.88355E+00  3.14570E+00  3.40784E+00  3.66998E+00  3.93213E+00
  4.19427E+00  4.71856E+00  5.24285E+00  5.76714E+00  6.29142E+00  6.81571E+00
  7.34000E+00  7.86429E+00
  9.93939E-01  9.93517E-01  9.92095E-01  9.91751E-01  9.90654E-01  9.89411E-01
  9.90567E-01  9.88924E-01  9.88222E-01  9.88833E-01  9.89231E-01  9.88345E-01
  9.88849E-01  9.88656E-01  9.88350E-01  9.88694E-01  9.88259E-01  9.88544E-01
  9.87264E-01  9.87134E-01  9.87536E-01  9.88659E-01  9.87261E-01  9.87633E-01
  9.86692E-01  9.86591E-01  9.86333E-01  9.86189E-01  9.86058E-01  9.85667E-01
  9.85328E-01  9.84709E-01  9.84292E-01  9.84195E-01  9.83568E-01  9.83147E-01
  9.82439E-01  9.81720E-01  9.80895E-01  9.79966E-01  9.79203E-01  9.78115E-01
  9.77350E-01  9.76346E-01  9.75697E-01  9.73818E-01  9.72147E-01  9.70097E-01
  9.68470E-01  9.66531E-01  9.64950E-01  9.63475E-01  9.61489E-01  9.57873E-01
  9.54225E-01  9.50909E-01  9.47163E-01  9.43513E-01  9.40163E-01  9.36716E-01
  9.32956E-01  9.26209E-01  9.19169E-01  9.12160E-01  9.05526E-01  8.98640E-01
  8.91997E-01  8.85403E-01  8.78695E-01  8.65622E-01  8.52927E-01  8.40352E-01
  8.27834E-01  8.15530E-01  8.03390E-01  7.91663E-01  7.80006E-01  7.57229E-01
  7.35058E-01  7.13706E-01  6.92675E-01  6.72548E-01  6.52961E-01  6.33952E-01
  6.15555E-01  5.80297E-01  5.47125E-01  5.15951E-01  4.86575E-01  4.58942E-01
  4.33129E-01  4.09088E-01  3.92410E-01  3.50753E-01  3.13824E-01  2.80854E-01
  2.51593E-01  2.25842E-01  2.02489E-01  1.81859E-01  1.64401E-01  1.34081E-01
  1.09875E-01  9.03630E-02  7.39698E-02  6.10664E-02  5.10428E-02  4.29973E-02
  3.67580E-02  2.78001E-02  2.21152E-02  1.78537E-02  1.42794E-02  1.11372E-02
  9.67716E-03  8.03989E-03  5.95732E-03  9.83748E-04 -1.11708E-03 -3.19749E-04
  5.89897E-04 -5.22834E-04 -1.02300E-03 -2.09663E-03  7.08465E-04  2.88984E-03
  2.49866E-03  1.07360E-03 -5.61639E-04 -5.20600E-03 -7.04837E-03 -3.10840E-03
 -1.12057E-03  1.37428E-03 -2.14366E-03 -3.81393E-04  2.98374E-03  1.52677E-03
 -2.51707E-03 -3.26472E-03  8.51452E-04 -8.83644E-04 -8.83257E-04  3.03442E-04
 -2.96890E-04  1.62133E-03 -1.98305E-03  3.47376E-03  8.75556E-04  5.40605E-05
 -2.47293E-03 -2.61766E-03 -1.74280E-03 -1.18662E-03  1.00848E-04  1.23909E-03
  8.39350E-04  1.06435E-03 -1.77110E-04  8.60046E-04 -5.82765E-04 -1.15241E-03
  1.02165E-03 -4.56432E-04 -1.20276E-03 -3.51347E-04 -3.11036E-04  4.53258E-04
 -1.50224E-03 -1.97296E-05 -1.93151E-03  1.93297E-04 -4.63217E-04 -1.34853E-03
 -1.34057E-03  1.95455E-04  3.25121E-04  8.26410E-04  7.89832E-07  1.93371E-04
 -1.96111E-04 -8.99875E-05 -1.04936E-04 -1.35789E-03  5.17698E-04  1.15924E-03
 -6.59672E-04  1.10617E-04
