AutoSaveFileName0275.ASC
 IFORMY    0    .00
 (6E13.7)
 IFORMT    0    .00
 (6E13.7)
 IFORMW    0    .00
 (6E13.7)
 NINTT     0   -1.00
 DOUSNQ    0    1.00
 IQUAD          1.00
 PRWT      0    1.00
 PRY       0    1.00
 IPLRES    1    3.00
 IPLRES    2    3.00
 IPRINT    1    0.00
 IPRINT    2    2.00
 IPLFIT    1    0.00
 IPLFIT    2    0.00
 LINEPG    0   50.
 NONNEG    1    1.00
 IWT       0    5.00
 NQPROG    1    5.00
 NQPROG    2    5.00
 GMNMX     1    1.076E-05
 GMNMX     2    1.076E-02
 RUSER    10    -1.00
 NG        0    200.00
 NLINF     0    0.00
 IUSER    10    4.00
 RUSER    21    1.0
 RUSER    22   -1.0
 RUSER    23    0.0
 RUSER    18         292.13575
 RUSER    17         105.99900
 RUSER    19         1.02704
 RUSER    15         1.33200
 RUSER    16         632.80000
 RUSER    25         1
 RUSER    26         0
 END       0    0.00
 NY      131
  3.75000E-07  5.00000E-07  6.25000E-07  7.50000E-07  8.75000E-07  1.00000E-06
  1.12500E-06  1.25000E-06  1.37500E-06  1.50000E-06  1.62500E-06  1.75000E-06
  1.87500E-06  2.00000E-06  2.25000E-06  2.50000E-06  2.75000E-06  3.00000E-06
  3.25000E-06  3.50000E-06  3.75000E-06  4.00000E-06  4.50000E-06  5.00000E-06
  5.50000E-06  6.00000E-06  6.50000E-06  7.00000E-06  7.50000E-06  8.00000E-06
  9.00000E-06  1.00000E-05  1.10000E-05  1.20000E-05  1.30000E-05  1.40000E-05
  1.50000E-05  1.60000E-05  1.80000E-05  2.00000E-05  2.20000E-05  2.40000E-05
  2.60000E-05  2.80000E-05  3.00000E-05  3.20000E-05  3.60000E-05  4.00000E-05
  4.40000E-05  4.80000E-05  5.20000E-05  5.60000E-05  6.00000E-05  6.40000E-05
  7.20000E-05  8.00000E-05  8.80000E-05  9.60000E-05  1.04000E-04  1.12000E-04
  1.20000E-04  1.28000E-04  1.44000E-04  1.60000E-04  1.76000E-04  1.92000E-04
  2.08000E-04  2.24000E-04  2.40000E-04  2.56000E-04  2.88000E-04  3.20000E-04
  3.52000E-04  3.84000E-04  4.16000E-04  4.48000E-04  4.80000E-04  5.12000E-04
  5.76000E-04  6.40000E-04  7.04000E-04  7.68000E-04  8.32000E-04  8.96000E-04
  9.60000E-04  1.02400E-03  1.15200E-03  1.28000E-03  1.40800E-03  1.53600E-03
  1.66400E-03  1.79200E-03  1.92000E-03  2.01600E-03  2.27200E-03  2.52800E-03
  2.78400E-03  3.04000E-03  3.29600E-03  3.55200E-03  3.80800E-03  4.06400E-03
  4.57600E-03  5.08800E-03  5.60000E-03  6.11200E-03  6.62400E-03  7.13600E-03
  7.64800E-03  8.16000E-03  9.18400E-03  1.02080E-02  1.12320E-02  1.22560E-02
  1.32800E-02  1.43040E-02  1.53280E-02  1.63520E-02  1.84000E-02  2.04480E-02
  2.24960E-02  2.45440E-02  2.65920E-02  2.86400E-02  3.06880E-02  3.27360E-02
  3.68320E-02  4.09280E-02  4.50240E-02  4.91200E-02  5.32160E-02
  2.39965E+00  2.39550E+00  2.38846E+00  2.39640E+00  2.38777E+00  2.38221E+00
  2.38370E+00  2.38202E+00  2.38045E+00  2.38551E+00  2.37945E+00  2.38085E+00
  2.38501E+00  2.38221E+00  2.38314E+00  2.37651E+00  2.37721E+00  2.38386E+00
  2.38201E+00  2.37963E+00  2.38176E+00  2.37955E+00  2.37778E+00  2.37610E+00
  2.37610E+00  2.37389E+00  2.37512E+00  2.37454E+00  2.37219E+00  2.37295E+00
  2.36939E+00  2.37164E+00  2.36652E+00  2.36572E+00  2.36572E+00  2.36212E+00
  2.36089E+00  2.35956E+00  2.35468E+00  2.35255E+00  2.34781E+00  2.34628E+00
  2.34351E+00  2.33846E+00  2.33620E+00  2.33321E+00  2.32625E+00  2.31869E+00
  2.31372E+00  2.30649E+00  2.29914E+00  2.29412E+00  2.28692E+00  2.28123E+00
  2.26786E+00  2.25513E+00  2.24308E+00  2.22984E+00  2.21821E+00  2.20498E+00
  2.19302E+00  2.18013E+00  2.15510E+00  2.13205E+00  2.10822E+00  2.08438E+00
  2.06133E+00  2.03790E+00  2.01514E+00  1.99264E+00  1.94853E+00  1.90526E+00
  1.86334E+00  1.82223E+00  1.78214E+00  1.74273E+00  1.70433E+00  1.66716E+00
  1.59539E+00  1.52597E+00  1.45971E+00  1.39635E+00  1.33483E+00  1.27638E+00
  1.22027E+00  1.16800E+00  1.06727E+00  9.75385E-01  8.91543E-01  8.14574E-01
  7.44172E-01  6.80395E-01  6.21233E-01  5.80968E-01  4.82877E-01  4.00622E-01
  3.33476E-01  2.77506E-01  2.34196E-01  2.00369E-01  1.72561E-01  1.49220E-01
  1.11924E-01  8.64710E-02  6.59432E-02  4.77396E-02  3.14578E-02  1.65755E-02
  4.54030E-03 -3.54982E-03 -1.30597E-02 -9.38160E-03 -9.30508E-03 -2.99537E-03
  3.07843E-03  2.68702E-03 -1.91007E-03 -1.18516E-03 -2.27688E-03 -1.15220E-02
 -1.44494E-02 -9.98283E-03 -6.64236E-03  1.92965E-03  9.94414E-03  1.09820E-04
 -6.11208E-03 -5.43369E-03 -1.00174E-02 -1.67383E-03 -4.54356E-03
