AutoSaveFileName0080.ASC
 IFORMY    0    .00
 (6E13.7)
 IFORMT    0    .00
 (6E13.7)
 IFORMW    0    .00
 (6E13.7)
 NINTT     0   -1.00
 DOUSNQ    0    1.00
 IQUAD          1.00
 PRWT      0    1.00
 PRY       0    1.00
 IPLRES    1    3.00
 IPLRES    2    3.00
 IPRINT    1    0.00
 IPRINT    2    2.00
 IPLFIT    1    0.00
 IPLFIT    2    0.00
 LINEPG    0   50.
 NONNEG    1    1.00
 IWT       0    5.00
 NQPROG    1    5.00
 NQPROG    2    5.00
 GMNMX     1    5.635E-05
 GMNMX     2    5.635E-02
 RUSER    10    -1.00
 NG        0    200.00
 NLINF     0    0.00
 IUSER    10    4.00
 RUSER    21    1.0
 RUSER    22   -1.0
 RUSER    23    0.0
 RUSER    18         291.87180
 RUSER    17         40.99900
 RUSER    19         1.03378
 RUSER    15         1.33200
 RUSER    16         632.80000
 RUSER    25         1
 RUSER    26         0
 END       0    0.00
 NY      131
  3.75000E-07  5.00000E-07  6.25000E-07  7.50000E-07  8.75000E-07  1.00000E-06
  1.12500E-06  1.25000E-06  1.37500E-06  1.50000E-06  1.62500E-06  1.75000E-06
  1.87500E-06  2.00000E-06  2.25000E-06  2.50000E-06  2.75000E-06  3.00000E-06
  3.25000E-06  3.50000E-06  3.75000E-06  4.00000E-06  4.50000E-06  5.00000E-06
  5.50000E-06  6.00000E-06  6.50000E-06  7.00000E-06  7.50000E-06  8.00000E-06
  9.00000E-06  1.00000E-05  1.10000E-05  1.20000E-05  1.30000E-05  1.40000E-05
  1.50000E-05  1.60000E-05  1.80000E-05  2.00000E-05  2.20000E-05  2.40000E-05
  2.60000E-05  2.80000E-05  3.00000E-05  3.20000E-05  3.60000E-05  4.00000E-05
  4.40000E-05  4.80000E-05  5.20000E-05  5.60000E-05  6.00000E-05  6.40000E-05
  7.20000E-05  8.00000E-05  8.80000E-05  9.60000E-05  1.04000E-04  1.12000E-04
  1.20000E-04  1.28000E-04  1.44000E-04  1.60000E-04  1.76000E-04  1.92000E-04
  2.08000E-04  2.24000E-04  2.40000E-04  2.56000E-04  2.88000E-04  3.20000E-04
  3.52000E-04  3.84000E-04  4.16000E-04  4.48000E-04  4.80000E-04  5.12000E-04
  5.76000E-04  6.40000E-04  7.04000E-04  7.68000E-04  8.32000E-04  8.96000E-04
  9.60000E-04  1.02400E-03  1.15200E-03  1.28000E-03  1.40800E-03  1.53600E-03
  1.66400E-03  1.79200E-03  1.92000E-03  2.01600E-03  2.27200E-03  2.52800E-03
  2.78400E-03  3.04000E-03  3.29600E-03  3.55200E-03  3.80800E-03  4.06400E-03
  4.57600E-03  5.08800E-03  5.60000E-03  6.11200E-03  6.62400E-03  7.13600E-03
  7.64800E-03  8.16000E-03  9.18400E-03  1.02080E-02  1.12320E-02  1.22560E-02
  1.32800E-02  1.43040E-02  1.53280E-02  1.63520E-02  1.84000E-02  2.04480E-02
  2.24960E-02  2.45440E-02  2.65920E-02  2.86400E-02  3.06880E-02  3.27360E-02
  3.68320E-02  4.09280E-02  4.50240E-02  4.91200E-02  5.32160E-02
  2.58485E+00  2.57202E+00  2.56479E+00  2.56955E+00  2.56268E+00  2.56648E+00
  2.56333E+00  2.56168E+00  2.55986E+00  2.55699E+00  2.55486E+00  2.55574E+00
  2.56215E+00  2.56424E+00  2.56442E+00  2.55736E+00  2.56730E+00  2.56125E+00
  2.56515E+00  2.55751E+00  2.56965E+00  2.56079E+00  2.56024E+00  2.56536E+00
  2.56322E+00  2.55858E+00  2.56400E+00  2.55957E+00  2.55849E+00  2.55851E+00
  2.55687E+00  2.56056E+00  2.55944E+00  2.55638E+00  2.56022E+00  2.55607E+00
  2.55809E+00  2.55682E+00  2.55521E+00  2.55598E+00  2.55559E+00  2.55477E+00
  2.55377E+00  2.55298E+00  2.55173E+00  2.55058E+00  2.55070E+00  2.54807E+00
  2.54625E+00  2.54616E+00  2.54574E+00  2.54409E+00  2.54229E+00  2.54042E+00
  2.53963E+00  2.53607E+00  2.53311E+00  2.52985E+00  2.52797E+00  2.52521E+00
  2.52274E+00  2.52012E+00  2.51380E+00  2.50874E+00  2.50404E+00  2.49887E+00
  2.49324E+00  2.48768E+00  2.48229E+00  2.47684E+00  2.46654E+00  2.45590E+00
  2.44532E+00  2.43504E+00  2.42498E+00  2.41469E+00  2.40505E+00  2.39419E+00
  2.37412E+00  2.35394E+00  2.33418E+00  2.31485E+00  2.29533E+00  2.27652E+00
  2.25756E+00  2.23716E+00  2.19961E+00  2.16258E+00  2.12576E+00  2.08996E+00
  2.05505E+00  2.02097E+00  1.98723E+00  1.96306E+00  1.89906E+00  1.83686E+00
  1.77721E+00  1.71921E+00  1.66384E+00  1.60945E+00  1.55713E+00  1.50835E+00
  1.41390E+00  1.32453E+00  1.24094E+00  1.16394E+00  1.09370E+00  1.02899E+00
  9.67356E-01  9.08007E-01  7.97577E-01  7.01824E-01  6.18886E-01  5.45093E-01
  4.80316E-01  4.24226E-01  3.74834E-01  3.31764E-01  2.62184E-01  2.09976E-01
  1.59136E-01  1.13626E-01  8.38354E-02  6.44030E-02  4.54321E-02  2.80141E-02
  1.97491E-03 -6.82871E-03 -8.97790E-03 -5.46763E-03  1.86708E-02
