AutoSaveFileName0202.ASC
 IFORMY    0    .00
 (6E13.7)
 IFORMT    0    .00
 (6E13.7)
 IFORMW    0    .00
 (6E13.7)
 NINTT     0   -1.00
 DOUSNQ    0    1.00
 IQUAD          1.00
 PRWT      0    1.00
 PRY       0    1.00
 IPLRES    1    3.00
 IPLRES    2    3.00
 IPRINT    1    0.00
 IPRINT    2    2.00
 IPLFIT    1    0.00
 IPLFIT    2    0.00
 LINEPG    0   50.
 NONNEG    1    1.00
 IWT       0    5.00
 NQPROG    1    5.00
 NQPROG    2    5.00
 GMNMX     1    1.599E-05
 GMNMX     2    1.599E-02
 RUSER    10    -1.00
 NG        0    200.00
 NLINF     0    0.00
 IUSER    10    4.00
 RUSER    21    1.0
 RUSER    22   -1.0
 RUSER    23    0.0
 RUSER    18         292.03100
 RUSER    17         81.99900
 RUSER    19         1.02971
 RUSER    15         1.33200
 RUSER    16         632.80000
 RUSER    25         1
 RUSER    26         0
 END       0    0.00
 NY      131
  3.75000E-07  5.00000E-07  6.25000E-07  7.50000E-07  8.75000E-07  1.00000E-06
  1.12500E-06  1.25000E-06  1.37500E-06  1.50000E-06  1.62500E-06  1.75000E-06
  1.87500E-06  2.00000E-06  2.25000E-06  2.50000E-06  2.75000E-06  3.00000E-06
  3.25000E-06  3.50000E-06  3.75000E-06  4.00000E-06  4.50000E-06  5.00000E-06
  5.50000E-06  6.00000E-06  6.50000E-06  7.00000E-06  7.50000E-06  8.00000E-06
  9.00000E-06  1.00000E-05  1.10000E-05  1.20000E-05  1.30000E-05  1.40000E-05
  1.50000E-05  1.60000E-05  1.80000E-05  2.00000E-05  2.20000E-05  2.40000E-05
  2.60000E-05  2.80000E-05  3.00000E-05  3.20000E-05  3.60000E-05  4.00000E-05
  4.40000E-05  4.80000E-05  5.20000E-05  5.60000E-05  6.00000E-05  6.40000E-05
  7.20000E-05  8.00000E-05  8.80000E-05  9.60000E-05  1.04000E-04  1.12000E-04
  1.20000E-04  1.28000E-04  1.44000E-04  1.60000E-04  1.76000E-04  1.92000E-04
  2.08000E-04  2.24000E-04  2.40000E-04  2.56000E-04  2.88000E-04  3.20000E-04
  3.52000E-04  3.84000E-04  4.16000E-04  4.48000E-04  4.80000E-04  5.12000E-04
  5.76000E-04  6.40000E-04  7.04000E-04  7.68000E-04  8.32000E-04  8.96000E-04
  9.60000E-04  1.02400E-03  1.15200E-03  1.28000E-03  1.40800E-03  1.53600E-03
  1.66400E-03  1.79200E-03  1.92000E-03  2.01600E-03  2.27200E-03  2.52800E-03
  2.78400E-03  3.04000E-03  3.29600E-03  3.55200E-03  3.80800E-03  4.06400E-03
  4.57600E-03  5.08800E-03  5.60000E-03  6.11200E-03  6.62400E-03  7.13600E-03
  7.64800E-03  8.16000E-03  9.18400E-03  1.02080E-02  1.12320E-02  1.22560E-02
  1.32800E-02  1.43040E-02  1.53280E-02  1.63520E-02  1.84000E-02  2.04480E-02
  2.24960E-02  2.45440E-02  2.65920E-02  2.86400E-02  3.06880E-02  3.27360E-02
  3.68320E-02  4.09280E-02  4.50240E-02  4.91200E-02  5.32160E-02
  1.29794E+00  1.29716E+00  1.29607E+00  1.29589E+00  1.29598E+00  1.29417E+00
  1.29590E+00  1.29418E+00  1.29587E+00  1.29393E+00  1.29461E+00  1.29434E+00
  1.29306E+00  1.29490E+00  1.29271E+00  1.29391E+00  1.29331E+00  1.29379E+00
  1.29348E+00  1.29389E+00  1.29347E+00  1.29347E+00  1.29273E+00  1.29266E+00
  1.29289E+00  1.29156E+00  1.29189E+00  1.29166E+00  1.29142E+00  1.29111E+00
  1.28988E+00  1.28975E+00  1.28877E+00  1.28892E+00  1.28830E+00  1.28795E+00
  1.28663E+00  1.28654E+00  1.28531E+00  1.28413E+00  1.28325E+00  1.28197E+00
  1.28094E+00  1.27973E+00  1.27847E+00  1.27723E+00  1.27523E+00  1.27303E+00
  1.27093E+00  1.26829E+00  1.26628E+00  1.26400E+00  1.26176E+00  1.25971E+00
  1.25536E+00  1.25095E+00  1.24657E+00  1.24229E+00  1.23797E+00  1.23342E+00
  1.22931E+00  1.22483E+00  1.21634E+00  1.20778E+00  1.19920E+00  1.19100E+00
  1.18262E+00  1.17443E+00  1.16623E+00  1.15814E+00  1.14215E+00  1.12640E+00
  1.11085E+00  1.09565E+00  1.08069E+00  1.06590E+00  1.05124E+00  1.03675E+00
  1.00877E+00  9.81408E-01  9.55012E-01  9.29643E-01  9.04971E-01  8.81063E-01
  8.57866E-01  8.35343E-01  7.91628E-01  7.50516E-01  7.11454E-01  6.74463E-01
  6.39217E-01  6.05856E-01  5.74135E-01  5.51188E-01  4.95027E-01  4.44790E-01
  3.99630E-01  3.58762E-01  3.22286E-01  2.88922E-01  2.59037E-01  2.33440E-01
  1.88700E-01  1.54494E-01  1.27042E-01  1.05872E-01  8.83018E-02  7.27788E-02
  6.06469E-02  5.29321E-02  4.03872E-02  2.83818E-02  1.70027E-02  9.06003E-03
  2.33874E-03  1.64508E-03  3.40098E-03  5.25851E-03  8.63804E-03  1.08956E-02
  1.14958E-02  4.04949E-03 -6.62860E-03 -4.59722E-03  5.22844E-03 -1.07446E-03
 -5.45299E-03  8.62755E-04 -1.61710E-02 -1.60740E-02 -1.19080E-02
