AutoSaveFileName0392.ASC
 IFORMY    0    .00
 (6E13.7)
 IFORMT    0    .00
 (6E13.7)
 IFORMW    0    .00
 (6E13.7)
 NINTT     0   -1.00
 DOUSNQ    0    1.00
 IQUAD          1.00
 PRWT      0    1.00
 PRY       0    1.00
 IPLRES    1    3.00
 IPLRES    2    3.00
 IPRINT    1    0.00
 IPRINT    2    2.00
 IPLFIT    1    0.00
 IPLFIT    2    0.00
 LINEPG    0   50.
 NONNEG    1    1.00
 IWT       0    5.00
 NQPROG    1    5.00
 NQPROG    2    5.00
 GMNMX     1    7.501E-06
 GMNMX     2    7.501E-03
 RUSER    10    -1.00
 NG        0    200.00
 NLINF     0    0.00
 IUSER    10    4.00
 RUSER    21    1.0
 RUSER    22   -1.0
 RUSER    23    0.0
 RUSER    18         292.32893
 RUSER    17         144.99900
 RUSER    19         1.02215
 RUSER    15         1.33200
 RUSER    16         632.80000
 RUSER    25         1
 RUSER    26         0
 END       0    0.00
 NY      131
  3.75000E-07  5.00000E-07  6.25000E-07  7.50000E-07  8.75000E-07  1.00000E-06
  1.12500E-06  1.25000E-06  1.37500E-06  1.50000E-06  1.62500E-06  1.75000E-06
  1.87500E-06  2.00000E-06  2.25000E-06  2.50000E-06  2.75000E-06  3.00000E-06
  3.25000E-06  3.50000E-06  3.75000E-06  4.00000E-06  4.50000E-06  5.00000E-06
  5.50000E-06  6.00000E-06  6.50000E-06  7.00000E-06  7.50000E-06  8.00000E-06
  9.00000E-06  1.00000E-05  1.10000E-05  1.20000E-05  1.30000E-05  1.40000E-05
  1.50000E-05  1.60000E-05  1.80000E-05  2.00000E-05  2.20000E-05  2.40000E-05
  2.60000E-05  2.80000E-05  3.00000E-05  3.20000E-05  3.60000E-05  4.00000E-05
  4.40000E-05  4.80000E-05  5.20000E-05  5.60000E-05  6.00000E-05  6.40000E-05
  7.20000E-05  8.00000E-05  8.80000E-05  9.60000E-05  1.04000E-04  1.12000E-04
  1.20000E-04  1.28000E-04  1.44000E-04  1.60000E-04  1.76000E-04  1.92000E-04
  2.08000E-04  2.24000E-04  2.40000E-04  2.56000E-04  2.88000E-04  3.20000E-04
  3.52000E-04  3.84000E-04  4.16000E-04  4.48000E-04  4.80000E-04  5.12000E-04
  5.76000E-04  6.40000E-04  7.04000E-04  7.68000E-04  8.32000E-04  8.96000E-04
  9.60000E-04  1.02400E-03  1.15200E-03  1.28000E-03  1.40800E-03  1.53600E-03
  1.66400E-03  1.79200E-03  1.92000E-03  2.01600E-03  2.27200E-03  2.52800E-03
  2.78400E-03  3.04000E-03  3.29600E-03  3.55200E-03  3.80800E-03  4.06400E-03
  4.57600E-03  5.08800E-03  5.60000E-03  6.11200E-03  6.62400E-03  7.13600E-03
  7.64800E-03  8.16000E-03  9.18400E-03  1.02080E-02  1.12320E-02  1.22560E-02
  1.32800E-02  1.43040E-02  1.53280E-02  1.63520E-02  1.84000E-02  2.04480E-02
  2.24960E-02  2.45440E-02  2.65920E-02  2.86400E-02  3.06880E-02  3.27360E-02
  3.68320E-02  4.09280E-02  4.50240E-02  4.91200E-02  5.32160E-02
  2.01935E+00  2.01729E+00  2.00526E+00  2.01737E+00  2.00556E+00  2.00558E+00
  2.00976E+00  2.01138E+00  2.00965E+00  2.00601E+00  2.00224E+00  2.00342E+00
  2.00514E+00  2.00924E+00  2.00264E+00  2.00407E+00  1.99865E+00  2.00137E+00
  2.00616E+00  2.00357E+00  2.00377E+00  2.00067E+00  1.99947E+00  1.99900E+00
  1.99739E+00  1.99841E+00  1.99929E+00  1.99938E+00  1.99684E+00  1.99435E+00
  1.99098E+00  1.99063E+00  1.99238E+00  1.99057E+00  1.98874E+00  1.98509E+00
  1.98581E+00  1.98272E+00  1.98087E+00  1.97850E+00  1.97697E+00  1.97353E+00
  1.97109E+00  1.96808E+00  1.96486E+00  1.96341E+00  1.95646E+00  1.95230E+00
  1.94647E+00  1.93996E+00  1.93608E+00  1.92958E+00  1.92456E+00  1.91920E+00
  1.90871E+00  1.89777E+00  1.88872E+00  1.87840E+00  1.86652E+00  1.85732E+00
  1.84740E+00  1.83727E+00  1.81764E+00  1.79801E+00  1.77831E+00  1.75877E+00
  1.74033E+00  1.72160E+00  1.70292E+00  1.68488E+00  1.64969E+00  1.61474E+00
  1.58086E+00  1.54873E+00  1.51670E+00  1.48565E+00  1.45486E+00  1.35549E+00
  1.30015E+00  1.24745E+00  1.19753E+00  1.14940E+00  1.10424E+00  1.06097E+00
  1.02055E+00  7.08489E-01  6.53297E-01  6.04365E-01  5.60377E-01  5.21153E-01
  4.86209E-01  4.54428E-01  4.25531E-01  6.15628E-01  5.48199E-01  4.91336E-01
  4.42187E-01  3.98750E-01  3.61724E-01  3.29474E-01  3.00314E-01  2.75190E-01
  2.32307E-01  2.00495E-01  1.77927E-01  1.60620E-01  1.46631E-01  1.34199E-01
  1.21833E-01  1.11124E-01  9.77652E-02  8.82571E-02  7.98340E-02  7.52086E-02
  6.80533E-02  6.35791E-02  5.97807E-02  5.49051E-02  4.12586E-02  2.71572E-02
  1.97171E-02  9.36407E-03  1.77555E-02  2.05987E-02  1.25963E-02  1.45015E-02
 -3.38411E-03  7.00015E-04  8.15181E-03 -5.72201E-03 -1.22140E-03
