AutoSaveFileName0186.ASC
 IFORMY    0    .00
 (6E13.7)
 IFORMT    0    .00
 (6E13.7)
 IFORMW    0    .00
 (6E13.7)
 NINTT     0   -1.00
 DOUSNQ    0    1.00
 IQUAD          1.00
 PRWT      0    1.00
 PRY       0    1.00
 IPLRES    1    3.00
 IPLRES    2    3.00
 IPRINT    1    0.00
 IPRINT    2    2.00
 IPLFIT    1    0.00
 IPLFIT    2    0.00
 LINEPG    0   50.
 NONNEG    1    1.00
 IWT       0    5.00
 NQPROG    1    5.00
 NQPROG    2    5.00
 GMNMX     1    1.777E-05
 GMNMX     2    1.777E-02
 RUSER    10    -1.00
 NG        0    200.00
 NLINF     0    0.00
 IUSER    10    4.00
 RUSER    21    1.0
 RUSER    22   -1.0
 RUSER    23    0.0
 RUSER    18         292.00807
 RUSER    17         76.99900
 RUSER    19         1.03029
 RUSER    15         1.33200
 RUSER    16         632.80000
 RUSER    25         1
 RUSER    26         0
 END       0    0.00
 NY      131
  3.75000E-07  5.00000E-07  6.25000E-07  7.50000E-07  8.75000E-07  1.00000E-06
  1.12500E-06  1.25000E-06  1.37500E-06  1.50000E-06  1.62500E-06  1.75000E-06
  1.87500E-06  2.00000E-06  2.25000E-06  2.50000E-06  2.75000E-06  3.00000E-06
  3.25000E-06  3.50000E-06  3.75000E-06  4.00000E-06  4.50000E-06  5.00000E-06
  5.50000E-06  6.00000E-06  6.50000E-06  7.00000E-06  7.50000E-06  8.00000E-06
  9.00000E-06  1.00000E-05  1.10000E-05  1.20000E-05  1.30000E-05  1.40000E-05
  1.50000E-05  1.60000E-05  1.80000E-05  2.00000E-05  2.20000E-05  2.40000E-05
  2.60000E-05  2.80000E-05  3.00000E-05  3.20000E-05  3.60000E-05  4.00000E-05
  4.40000E-05  4.80000E-05  5.20000E-05  5.60000E-05  6.00000E-05  6.40000E-05
  7.20000E-05  8.00000E-05  8.80000E-05  9.60000E-05  1.04000E-04  1.12000E-04
  1.20000E-04  1.28000E-04  1.44000E-04  1.60000E-04  1.76000E-04  1.92000E-04
  2.08000E-04  2.24000E-04  2.40000E-04  2.56000E-04  2.88000E-04  3.20000E-04
  3.52000E-04  3.84000E-04  4.16000E-04  4.48000E-04  4.80000E-04  5.12000E-04
  5.76000E-04  6.40000E-04  7.04000E-04  7.68000E-04  8.32000E-04  8.96000E-04
  9.60000E-04  1.02400E-03  1.15200E-03  1.28000E-03  1.40800E-03  1.53600E-03
  1.66400E-03  1.79200E-03  1.92000E-03  2.01600E-03  2.27200E-03  2.52800E-03
  2.78400E-03  3.04000E-03  3.29600E-03  3.55200E-03  3.80800E-03  4.06400E-03
  4.57600E-03  5.08800E-03  5.60000E-03  6.11200E-03  6.62400E-03  7.13600E-03
  7.64800E-03  8.16000E-03  9.18400E-03  1.02080E-02  1.12320E-02  1.22560E-02
  1.32800E-02  1.43040E-02  1.53280E-02  1.63520E-02  1.84000E-02  2.04480E-02
  2.24960E-02  2.45440E-02  2.65920E-02  2.86400E-02  3.06880E-02  3.27360E-02
  3.68320E-02  4.09280E-02  4.50240E-02  4.91200E-02  5.32160E-02
  6.77381E-01  6.77109E-01  6.76458E-01  6.78539E-01  6.77199E-01  6.75967E-01
  6.74668E-01  6.75066E-01  6.76302E-01  6.74931E-01  6.76213E-01  6.75395E-01
  6.75368E-01  6.75262E-01  6.75492E-01  6.75767E-01  6.75373E-01  6.75885E-01
  6.75701E-01  6.75130E-01  6.74805E-01  6.74681E-01  6.74816E-01  6.74703E-01
  6.74537E-01  6.74451E-01  6.74038E-01  6.74762E-01  6.73743E-01  6.73960E-01
  6.73751E-01  6.73771E-01  6.73169E-01  6.73075E-01  6.72671E-01  6.72559E-01
  6.72434E-01  6.72379E-01  6.71912E-01  6.71046E-01  6.70613E-01  6.70249E-01
  6.69870E-01  6.69384E-01  6.69095E-01  6.68314E-01  6.67295E-01  6.66329E-01
  6.65359E-01  6.64278E-01  6.63479E-01  6.62488E-01  6.61738E-01  6.60675E-01
  6.58891E-01  6.56834E-01  6.54921E-01  6.52994E-01  6.51110E-01  6.49232E-01
  6.47475E-01  6.45531E-01  6.41793E-01  6.38006E-01  6.34335E-01  6.30612E-01
  6.26953E-01  6.23248E-01  6.19607E-01  6.16040E-01  6.08864E-01  6.01803E-01
  5.94872E-01  5.88025E-01  5.81285E-01  5.74607E-01  5.68079E-01  5.61196E-01
  5.48381E-01  5.36154E-01  5.23935E-01  5.12047E-01  5.00448E-01  4.89028E-01
  4.77949E-01  4.66849E-01  4.45904E-01  4.25854E-01  4.06882E-01  3.88754E-01
  3.71265E-01  3.54609E-01  3.38583E-01  3.26504E-01  2.98270E-01  2.72737E-01
  2.49450E-01  2.28444E-01  2.09520E-01  1.92366E-01  1.76140E-01  1.61434E-01
  1.35077E-01  1.13533E-01  9.45641E-02  7.74672E-02  6.33014E-02  5.24587E-02
  4.46582E-02  3.91838E-02  2.93642E-02  2.04388E-02  1.19068E-02  6.86331E-03
  1.86590E-03 -2.34629E-03 -6.87077E-03 -8.54963E-03 -5.18401E-03 -4.44817E-03
 -4.03919E-03  5.98654E-04  4.04952E-03  5.49356E-03  5.62664E-03  7.90363E-03
  5.96636E-03  4.37405E-03  1.61564E-03  1.65719E-03  1.06238E-02
