AutoSaveFileName0236.ASC
 IFORMY    0    .00
 (6E13.7)
 IFORMT    0    .00
 (6E13.7)
 IFORMW    0    .00
 (6E13.7)
 NINTT     0   -1.00
 DOUSNQ    0    1.00
 IQUAD          1.00
 PRWT      0    1.00
 PRY       0    1.00
 IPLRES    1    3.00
 IPLRES    2    3.00
 IPRINT    1    0.00
 IPRINT    2    2.00
 IPLFIT    1    0.00
 IPLFIT    2    0.00
 LINEPG    0   50.
 NONNEG    1    1.00
 IWT       0    5.00
 NQPROG    1    5.00
 NQPROG    2    5.00
 GMNMX     1    8.326E-06
 GMNMX     2    8.326E-03
 RUSER    10    -1.00
 NG        0    200.00
 NLINF     0    0.00
 IUSER    10    4.00
 RUSER    21    1.0
 RUSER    22   -1.0
 RUSER    23    0.0
 RUSER    18         292.24335
 RUSER    17         129.99900
 RUSER    19         1.02431
 RUSER    15         1.33200
 RUSER    16         632.80000
 RUSER    25         1
 RUSER    26         0
 END       0    0.00
 NY      188
  5.00000E-07  6.25000E-07  7.50000E-07  8.75000E-07  1.00000E-06  1.12500E-06
  1.25000E-06  1.37500E-06  1.50000E-06  1.62500E-06  1.75000E-06  1.87500E-06
  2.00000E-06  2.25000E-06  2.50000E-06  2.75000E-06  3.00000E-06  3.25000E-06
  3.50000E-06  3.75000E-06  4.00000E-06  4.50000E-06  5.00000E-06  5.50000E-06
  6.00000E-06  6.50000E-06  7.00000E-06  7.50000E-06  8.00000E-06  9.00000E-06
  1.00000E-05  1.10000E-05  1.20000E-05  1.30000E-05  1.40000E-05  1.50000E-05
  1.60000E-05  1.80000E-05  2.00000E-05  2.20000E-05  2.40000E-05  2.60000E-05
  2.80000E-05  3.00000E-05  3.20000E-05  3.60000E-05  4.00000E-05  4.40000E-05
  4.80000E-05  5.20000E-05  5.60000E-05  6.00000E-05  6.40000E-05  7.20000E-05
  8.00000E-05  8.80000E-05  9.60000E-05  1.04000E-04  1.12000E-04  1.20000E-04
  1.28000E-04  1.44000E-04  1.60000E-04  1.76000E-04  1.92000E-04  2.08000E-04
  2.24000E-04  2.40000E-04  2.56000E-04  2.88000E-04  3.20000E-04  3.52000E-04
  3.84000E-04  4.16000E-04  4.48000E-04  4.80000E-04  5.12000E-04  5.76000E-04
  6.40000E-04  7.04000E-04  7.68000E-04  8.32000E-04  8.96000E-04  9.60000E-04
  1.02400E-03  1.15200E-03  1.28000E-03  1.40800E-03  1.53600E-03  1.66400E-03
  1.79200E-03  1.92000E-03  2.01600E-03  2.27200E-03  2.52800E-03  2.78400E-03
  3.04000E-03  3.29600E-03  3.55200E-03  3.80800E-03  4.06400E-03  4.57600E-03
  5.08800E-03  5.60000E-03  6.11200E-03  6.62400E-03  7.13600E-03  7.64800E-03
  8.16000E-03  9.18400E-03  1.02080E-02  1.12320E-02  1.22560E-02  1.32800E-02
  1.43040E-02  1.53280E-02  1.63520E-02  1.84000E-02  2.04480E-02  2.24960E-02
  2.45440E-02  2.65920E-02  2.86400E-02  3.06880E-02  3.27360E-02  3.68320E-02
  4.09280E-02  4.50240E-02  4.91200E-02  5.32160E-02  5.73120E-02  6.14080E-02
  6.55040E-02  7.36960E-02  8.18880E-02  9.00800E-02  9.82720E-02  1.06464E-01
  1.14656E-01  1.22848E-01  1.31040E-01  1.47424E-01  1.63808E-01  1.80192E-01
  1.96576E-01  2.12960E-01  2.29344E-01  2.45728E-01  2.62112E-01  2.94880E-01
  3.27648E-01  3.60416E-01  3.93184E-01  4.25952E-01  4.58720E-01  4.91488E-01
  5.24256E-01  5.89792E-01  6.55328E-01  7.20864E-01  7.86400E-01  8.51936E-01
  9.17472E-01  9.83008E-01  1.04854E+00  1.17962E+00  1.31069E+00  1.44176E+00
  1.57283E+00  1.70390E+00  1.83498E+00  1.96605E+00  2.09712E+00  2.35926E+00
  2.62141E+00  2.88355E+00  3.14570E+00  3.40784E+00  3.66998E+00  3.93213E+00
  4.19427E+00  4.71856E+00  5.24285E+00  5.76714E+00  6.29142E+00  6.81571E+00
  7.34000E+00  7.86429E+00
  9.94465E-01  9.92938E-01  9.91584E-01  9.92899E-01  9.92196E-01  9.89146E-01
  9.91221E-01  9.90440E-01  9.90673E-01  9.88805E-01  9.89168E-01  9.89530E-01
  9.89986E-01  9.89505E-01  9.89515E-01  9.89892E-01  9.88560E-01  9.88999E-01
  9.88113E-01  9.88706E-01  9.89629E-01  9.88482E-01  9.88246E-01  9.86842E-01
  9.88253E-01  9.88198E-01  9.87467E-01  9.87217E-01  9.87833E-01  9.86712E-01
  9.86460E-01  9.85289E-01  9.85516E-01  9.85248E-01  9.84477E-01  9.84735E-01
  9.84197E-01  9.83125E-01  9.82358E-01  9.81781E-01  9.81117E-01  9.79915E-01
  9.79271E-01  9.78401E-01  9.77575E-01  9.76302E-01  9.74664E-01  9.72969E-01
  9.71385E-01  9.69730E-01  9.68124E-01  9.66688E-01  9.65010E-01  9.61776E-01
  9.58772E-01  9.55385E-01  9.52431E-01  9.49420E-01  9.46123E-01  9.42892E-01
  9.39940E-01  9.33695E-01  9.27510E-01  9.21252E-01  9.15128E-01  9.08936E-01
  9.03237E-01  8.96955E-01  8.91258E-01  8.79565E-01  8.67898E-01  8.56314E-01
  8.45063E-01  8.33854E-01  8.22949E-01  8.12351E-01  8.01740E-01  7.80698E-01
  7.60437E-01  7.40713E-01  7.21569E-01  7.03156E-01  6.85212E-01  6.67928E-01
  6.51085E-01  6.18451E-01  5.87862E-01  5.58767E-01  5.30973E-01  5.04781E-01
  4.79947E-01  4.56196E-01  4.39715E-01  3.97683E-01  3.60026E-01  3.26128E-01
  2.95718E-01  2.68126E-01  2.43322E-01  2.21160E-01  2.01335E-01  1.67146E-01
  1.39996E-01  1.18325E-01  1.00125E-01  8.56542E-02  7.40908E-02  6.45156E-02
  5.66188E-02  4.31993E-02  3.29993E-02  2.54986E-02  1.84390E-02  1.35226E-02
  8.67239E-03  3.77551E-03  1.10871E-03  1.46592E-03  2.35424E-03  3.22709E-03
  1.99875E-03 -7.24940E-05 -1.35656E-04  2.64998E-03  3.86358E-03  1.35188E-03
  3.69432E-04  3.72922E-03 -1.31776E-03 -1.21056E-03 -2.12696E-03  2.61061E-05
  2.88857E-04  1.23504E-03 -1.65776E-03  6.12090E-05  3.27488E-03  6.94095E-04
  3.72407E-03 -1.07553E-03 -1.06003E-03  2.73324E-03  5.75598E-03  1.21206E-03
 -2.19960E-03 -1.70291E-03  2.29708E-03  4.39853E-03 -7.13188E-04 -5.45570E-03
  1.53880E-03 -1.88414E-03 -4.17075E-04  7.92992E-04  3.80939E-03  1.83707E-03
 -8.95442E-04 -3.43849E-04  7.09041E-04  5.54042E-04 -1.13248E-03 -1.40180E-03
 -1.50488E-05 -3.27499E-04 -1.07807E-03 -2.96720E-03 -1.39304E-03 -2.33553E-03
 -1.30592E-03 -8.78922E-04 -2.02950E-03  3.03737E-04  3.50005E-04 -3.95764E-05
  5.83574E-04 -1.57287E-03  1.11430E-03  2.73081E-04 -3.19473E-03  5.57102E-04
 -1.36944E-04 -1.32502E-03  3.52570E-04  5.40875E-04  4.10163E-04 -9.29347E-04
 -5.00662E-04  6.96169E-04
