AutoSaveFileName0171.ASC
 IFORMY    0    .00
 (6E13.7)
 IFORMT    0    .00
 (6E13.7)
 IFORMW    0    .00
 (6E13.7)
 NINTT     0   -1.00
 DOUSNQ    0    1.00
 IQUAD     0    1.00
 PRWT      0    1.00
 PRY       0    1.00
 IPLRES    1    3.00
 IPLRES    2    3.00
 IPRINT    1    0.00
 IPRINT    2    2.00
 IPLFIT    1    0.00
 IPLFIT    2    0.00
 LINEPG    0   50.
 NONNEG    1    1.00
 IWT       0    5.00
 NQPROG    1    5.00
 NQPROG    2    5.00
 GMNMX     1    4.57260E-03
 GMNMX     2    1.64145E-03
 RUSER    10    -1.00
 NG        0    500.00
 NLINF     0    1.00
 IUSER    10    4.00
 RUSER    21    1.0
 RUSER    22   -1.0
 RUSER    23    0.0
 RUSER    18         292.03127
 RUSER    17         99.99900
 RUSER    19         1.02970
 RUSER    15         1.33200
 RUSER    16         632.80000
 RUSER    25         1
 RUSER    26         0
 END       0    0.00
 NY      162
  7.50000E-07  8.75000E-07  1.00000E-06  1.12500E-06  1.25000E-06  1.37500E-06
  1.50000E-06  1.62500E-06  1.75000E-06  1.87500E-06  2.00000E-06  2.25000E-06
  2.50000E-06  2.75000E-06  3.00000E-06  3.25000E-06  3.50000E-06  3.75000E-06
  4.00000E-06  4.50000E-06  5.00000E-06  5.50000E-06  6.00000E-06  6.50000E-06
  7.00000E-06  7.50000E-06  8.00000E-06  9.00000E-06  1.00000E-05  1.10000E-05
  1.20000E-05  1.30000E-05  1.40000E-05  1.50000E-05  1.60000E-05  1.80000E-05
  2.00000E-05  2.20000E-05  2.40000E-05  2.60000E-05  2.80000E-05  3.00000E-05
  3.20000E-05  3.60000E-05  4.00000E-05  4.40000E-05  4.80000E-05  5.20000E-05
  5.60000E-05  6.00000E-05  6.40000E-05  7.20000E-05  8.00000E-05  8.80000E-05
  9.60000E-05  1.04000E-04  1.12000E-04  1.20000E-04  1.28000E-04  1.44000E-04
  1.60000E-04  1.76000E-04  1.92000E-04  2.08000E-04  2.24000E-04  2.40000E-04
  2.56000E-04  2.88000E-04  3.20000E-04  3.52000E-04  3.84000E-04  4.16000E-04
  4.48000E-04  4.80000E-04  5.12000E-04  5.76000E-04  6.40000E-04  7.04000E-04
  7.68000E-04  8.32000E-04  8.96000E-04  9.60000E-04  1.02400E-03  1.15200E-03
  1.28000E-03  1.40800E-03  1.53600E-03  1.66400E-03  1.79200E-03  1.92000E-03
  2.01600E-03  2.27200E-03  2.52800E-03  2.78400E-03  3.04000E-03  3.29600E-03
  3.55200E-03  3.80800E-03  4.06400E-03  4.57600E-03  5.08800E-03  5.60000E-03
  6.11200E-03  6.62400E-03  7.13600E-03  7.64800E-03  8.16000E-03  9.18400E-03
  1.02080E-02  1.12320E-02  1.22560E-02  1.32800E-02  1.43040E-02  1.53280E-02
  1.63520E-02  1.84000E-02  2.04480E-02  2.24960E-02  2.45440E-02  2.65920E-02
  2.86400E-02  3.06880E-02  3.27360E-02  3.68320E-02  4.09280E-02  4.50240E-02
  4.91200E-02  5.32160E-02  5.73120E-02  6.14080E-02  6.55040E-02  7.36960E-02
  8.18880E-02  9.00800E-02  9.82720E-02  1.06464E-01  1.14656E-01  1.22848E-01
  1.31040E-01  1.47424E-01  1.63808E-01  1.80192E-01  1.96576E-01  2.12960E-01
  2.29344E-01  2.45728E-01  2.62112E-01  2.94880E-01  3.27648E-01  3.60416E-01
  3.93184E-01  4.25952E-01  4.58720E-01  4.91488E-01  5.24256E-01  5.89792E-01
  6.55328E-01  7.20864E-01  7.86400E-01  8.51936E-01  9.17472E-01  9.83008E-01
  1.00000E+00  9.94759E-01  9.88259E-01  9.94132E-01  9.88154E-01  9.93378E-01
  9.87957E-01  9.95032E-01  9.87174E-01  9.90714E-01  9.89391E-01  9.86140E-01
  9.83047E-01  9.84579E-01  9.83993E-01  9.85218E-01  9.83500E-01  9.78619E-01
  9.77829E-01  9.80308E-01  9.73900E-01  9.72751E-01  9.72554E-01  9.69716E-01
  9.68752E-01  9.64980E-01  9.63854E-01  9.58746E-01  9.55873E-01  9.54277E-01
  9.49118E-01  9.46587E-01  9.41497E-01  9.39431E-01  9.35868E-01  9.27545E-01
  9.20453E-01  9.13395E-01  9.04109E-01  8.99826E-01  8.91236E-01  8.83732E-01
  8.78572E-01  8.64481E-01  8.51027E-01  8.38236E-01  8.25177E-01  8.12478E-01
  7.99391E-01  7.86849E-01  7.75136E-01  7.51654E-01  7.28143E-01  7.06744E-01
  6.85096E-01  6.64121E-01  6.43709E-01  6.24306E-01  6.05717E-01  5.69774E-01
  5.35350E-01  5.03154E-01  4.72631E-01  4.44546E-01  4.17353E-01  3.92952E-01
  3.69644E-01  3.27183E-01  2.89767E-01  2.56561E-01  2.26840E-01  2.00266E-01
  1.76859E-01  1.55250E-01  1.37337E-01  1.06196E-01  8.20325E-02  6.40325E-02
  5.03787E-02  3.97387E-02  3.08298E-02  2.36414E-02  1.78603E-02  8.36158E-03
  2.94129E-03 -8.96367E-04 -2.01435E-03 -2.18282E-03 -2.61618E-03 -2.69228E-03
 -3.21696E-03 -3.82557E-03 -4.41161E-03 -2.61799E-03 -2.29833E-03 -2.76829E-03
 -9.77533E-04  1.27889E-03 -2.56070E-05 -2.21534E-03 -2.46748E-03 -1.93630E-03
 -1.35289E-03  1.44209E-03  2.21678E-03 -5.95461E-04  4.04958E-04  7.66947E-05
  1.37847E-03  1.59563E-03 -2.13283E-04 -1.16324E-03 -9.21016E-04 -2.45934E-03
 -5.41057E-04  9.91109E-05 -1.14055E-03 -1.09041E-03 -1.52229E-05 -1.56080E-03
 -1.54414E-03  4.00711E-04 -5.34214E-04  1.18121E-03  2.54779E-03 -1.00499E-03
  1.59874E-03 -9.34063E-05  1.57912E-03  4.79332E-04 -1.18737E-03 -1.24620E-03
 -1.02667E-03  8.89118E-04  1.43775E-03  1.45585E-04  8.58630E-04  1.88564E-03
  1.16885E-03 -1.49367E-03  5.18384E-04  8.35479E-04  1.24851E-03  4.62208E-04
 -1.24619E-03 -3.26580E-04  2.72449E-04  1.86898E-04 -5.42963E-04  3.98724E-04
  7.18868E-04 -5.50868E-04  5.17881E-04 -3.43855E-04 -1.13392E-05  2.61543E-04
 -6.26709E-05  6.25566E-05 -6.40470E-04 -3.61131E-05 -9.32768E-06 -1.96345E-04
