AutoSaveFileName0228.ASC
 IFORMY    0    .00
 (6E13.7)
 IFORMT    0    .00
 (6E13.7)
 IFORMW    0    .00
 (6E13.7)
 NINTT     0   -1.00
 DOUSNQ    0    1.00
 IQUAD          1.00
 PRWT      0    1.00
 PRY       0    1.00
 IPLRES    1    3.00
 IPLRES    2    3.00
 IPRINT    1    0.00
 IPRINT    2    2.00
 IPLFIT    1    0.00
 IPLFIT    2    0.00
 LINEPG    0   50.
 NONNEG    1    1.00
 IWT       0    5.00
 NQPROG    1    5.00
 NQPROG    2    5.00
 GMNMX     1    8.693E-06
 GMNMX     2    8.693E-03
 RUSER    10    -1.00
 NG        0    200.00
 NLINF     0    0.00
 IUSER    10    4.00
 RUSER    21    1.0
 RUSER    22   -1.0
 RUSER    23    0.0
 RUSER    18         292.24121
 RUSER    17         124.99900
 RUSER    19         1.02437
 RUSER    15         1.33200
 RUSER    16         632.80000
 RUSER    25         1
 RUSER    26         0
 END       0    0.00
 NY      188
  5.00000E-07  6.25000E-07  7.50000E-07  8.75000E-07  1.00000E-06  1.12500E-06
  1.25000E-06  1.37500E-06  1.50000E-06  1.62500E-06  1.75000E-06  1.87500E-06
  2.00000E-06  2.25000E-06  2.50000E-06  2.75000E-06  3.00000E-06  3.25000E-06
  3.50000E-06  3.75000E-06  4.00000E-06  4.50000E-06  5.00000E-06  5.50000E-06
  6.00000E-06  6.50000E-06  7.00000E-06  7.50000E-06  8.00000E-06  9.00000E-06
  1.00000E-05  1.10000E-05  1.20000E-05  1.30000E-05  1.40000E-05  1.50000E-05
  1.60000E-05  1.80000E-05  2.00000E-05  2.20000E-05  2.40000E-05  2.60000E-05
  2.80000E-05  3.00000E-05  3.20000E-05  3.60000E-05  4.00000E-05  4.40000E-05
  4.80000E-05  5.20000E-05  5.60000E-05  6.00000E-05  6.40000E-05  7.20000E-05
  8.00000E-05  8.80000E-05  9.60000E-05  1.04000E-04  1.12000E-04  1.20000E-04
  1.28000E-04  1.44000E-04  1.60000E-04  1.76000E-04  1.92000E-04  2.08000E-04
  2.24000E-04  2.40000E-04  2.56000E-04  2.88000E-04  3.20000E-04  3.52000E-04
  3.84000E-04  4.16000E-04  4.48000E-04  4.80000E-04  5.12000E-04  5.76000E-04
  6.40000E-04  7.04000E-04  7.68000E-04  8.32000E-04  8.96000E-04  9.60000E-04
  1.02400E-03  1.15200E-03  1.28000E-03  1.40800E-03  1.53600E-03  1.66400E-03
  1.79200E-03  1.92000E-03  2.01600E-03  2.27200E-03  2.52800E-03  2.78400E-03
  3.04000E-03  3.29600E-03  3.55200E-03  3.80800E-03  4.06400E-03  4.57600E-03
  5.08800E-03  5.60000E-03  6.11200E-03  6.62400E-03  7.13600E-03  7.64800E-03
  8.16000E-03  9.18400E-03  1.02080E-02  1.12320E-02  1.22560E-02  1.32800E-02
  1.43040E-02  1.53280E-02  1.63520E-02  1.84000E-02  2.04480E-02  2.24960E-02
  2.45440E-02  2.65920E-02  2.86400E-02  3.06880E-02  3.27360E-02  3.68320E-02
  4.09280E-02  4.50240E-02  4.91200E-02  5.32160E-02  5.73120E-02  6.14080E-02
  6.55040E-02  7.36960E-02  8.18880E-02  9.00800E-02  9.82720E-02  1.06464E-01
  1.14656E-01  1.22848E-01  1.31040E-01  1.47424E-01  1.63808E-01  1.80192E-01
  1.96576E-01  2.12960E-01  2.29344E-01  2.45728E-01  2.62112E-01  2.94880E-01
  3.27648E-01  3.60416E-01  3.93184E-01  4.25952E-01  4.58720E-01  4.91488E-01
  5.24256E-01  5.89792E-01  6.55328E-01  7.20864E-01  7.86400E-01  8.51936E-01
  9.17472E-01  9.83008E-01  1.04854E+00  1.17962E+00  1.31069E+00  1.44176E+00
  1.57283E+00  1.70390E+00  1.83498E+00  1.96605E+00  2.09712E+00  2.35926E+00
  2.62141E+00  2.88355E+00  3.14570E+00  3.40784E+00  3.66998E+00  3.93213E+00
  4.19427E+00  4.71856E+00  5.24285E+00  5.76714E+00  6.29142E+00  6.81571E+00
  7.34000E+00  7.86429E+00
  9.95687E-01  9.93906E-01  9.92042E-01  9.92648E-01  9.92301E-01  9.91562E-01
  9.90589E-01  9.89638E-01  9.90669E-01  9.89563E-01  9.90272E-01  9.91192E-01
  9.89773E-01  9.89554E-01  9.90555E-01  9.89748E-01  9.89213E-01  9.89485E-01
  9.89596E-01  9.90119E-01  9.89430E-01  9.88854E-01  9.89557E-01  9.89249E-01
  9.88712E-01  9.88808E-01  9.88035E-01  9.87853E-01  9.87633E-01  9.87388E-01
  9.87202E-01  9.86748E-01  9.85669E-01  9.85492E-01  9.85902E-01  9.85146E-01
  9.84894E-01  9.84182E-01  9.83255E-01  9.82819E-01  9.81744E-01  9.81161E-01
  9.80326E-01  9.79323E-01  9.78681E-01  9.76807E-01  9.75324E-01  9.73526E-01
  9.72272E-01  9.70681E-01  9.68962E-01  9.67728E-01  9.66008E-01  9.62832E-01
  9.59788E-01  9.56420E-01  9.53412E-01  9.50378E-01  9.46971E-01  9.44015E-01
  9.41033E-01  9.34872E-01  9.28736E-01  9.22443E-01  9.16402E-01  9.10259E-01
  9.04303E-01  8.98210E-01  8.92436E-01  8.80699E-01  8.69016E-01  8.57542E-01
  8.46208E-01  8.34979E-01  8.24091E-01  8.13283E-01  8.02772E-01  7.81819E-01
  7.61508E-01  7.41644E-01  7.22369E-01  7.03680E-01  6.85400E-01  6.67736E-01
  6.50702E-01  6.17724E-01  5.86503E-01  5.57046E-01  5.29224E-01  5.02807E-01
  4.77723E-01  4.53816E-01  4.37804E-01  3.95369E-01  3.57453E-01  3.23544E-01
  2.92740E-01  2.64852E-01  2.39838E-01  2.17014E-01  1.96977E-01  1.62074E-01
  1.33827E-01  1.11126E-01  9.31029E-02  7.82882E-02  6.59134E-02  5.65227E-02
  4.92666E-02  3.80363E-02  3.13219E-02  2.47155E-02  1.81912E-02  1.20215E-02
  8.09080E-03  5.00543E-03  3.01067E-03  9.41479E-04  3.61870E-03  6.10498E-03
  5.43568E-03  2.79343E-03 -7.31129E-04 -1.80468E-03 -2.08327E-03 -6.82279E-04
  4.69900E-05  7.07099E-04  1.93664E-03  8.08505E-04  1.40986E-04  2.99715E-03
  4.04948E-03  5.98280E-03  3.00124E-03 -2.73549E-03 -5.47476E-03  1.83843E-03
  4.34336E-03  1.43911E-03  1.20398E-03  6.04545E-04  2.29283E-04 -6.34945E-04
 -8.70708E-06 -3.74822E-03  1.68199E-04 -1.45469E-03 -3.16811E-03  4.47922E-04
  1.35596E-03 -1.63740E-03 -1.06676E-03  2.21993E-04  9.75503E-05 -1.79993E-04
 -3.05851E-03  6.70550E-04  1.61658E-03 -4.03574E-04  2.22694E-03  7.63764E-04
  3.28529E-04 -6.79680E-04 -7.09688E-04 -2.12284E-03  1.28691E-04  8.53179E-04
  1.17002E-03 -6.31187E-04 -1.87356E-03 -1.85239E-04  1.49842E-04 -2.38381E-03
 -7.43719E-04  2.22635E-04  4.63198E-05  7.20236E-04 -2.26855E-03 -2.16862E-03
 -5.39879E-05  1.01060E-03 -5.68172E-06 -5.09683E-04 -2.10872E-05 -6.57128E-04
  5.46125E-05 -3.25251E-04
