AutoSaveFileName0135.ASC
 IFORMY    0    .00
 (6E13.7)
 IFORMT    0    .00
 (6E13.7)
 IFORMW    0    .00
 (6E13.7)
 NINTT     0   -1.00
 DOUSNQ    0    1.00
 IQUAD          1.00
 PRWT      0    1.00
 PRY       0    1.00
 IPLRES    1    3.00
 IPLRES    2    3.00
 IPRINT    1    0.00
 IPRINT    2    2.00
 IPLFIT    1    0.00
 IPLFIT    2    0.00
 LINEPG    0   50.
 NONNEG    1    1.00
 IWT       0    5.00
 NQPROG    1    5.00
 NQPROG    2    5.00
 GMNMX     1    2.760E-05
 GMNMX     2    2.760E-02
 RUSER    10    -1.00
 NG        0    200.00
 NLINF     0    0.00
 IUSER    10    4.00
 RUSER    21    1.0
 RUSER    22   -1.0
 RUSER    23    0.0
 RUSER    18         291.93575
 RUSER    17         59.99900
 RUSER    19         1.03214
 RUSER    15         1.33200
 RUSER    16         632.80000
 RUSER    25         1
 RUSER    26         0
 END       0    0.00
 NY      131
  3.75000E-07  5.00000E-07  6.25000E-07  7.50000E-07  8.75000E-07  1.00000E-06
  1.12500E-06  1.25000E-06  1.37500E-06  1.50000E-06  1.62500E-06  1.75000E-06
  1.87500E-06  2.00000E-06  2.25000E-06  2.50000E-06  2.75000E-06  3.00000E-06
  3.25000E-06  3.50000E-06  3.75000E-06  4.00000E-06  4.50000E-06  5.00000E-06
  5.50000E-06  6.00000E-06  6.50000E-06  7.00000E-06  7.50000E-06  8.00000E-06
  9.00000E-06  1.00000E-05  1.10000E-05  1.20000E-05  1.30000E-05  1.40000E-05
  1.50000E-05  1.60000E-05  1.80000E-05  2.00000E-05  2.20000E-05  2.40000E-05
  2.60000E-05  2.80000E-05  3.00000E-05  3.20000E-05  3.60000E-05  4.00000E-05
  4.40000E-05  4.80000E-05  5.20000E-05  5.60000E-05  6.00000E-05  6.40000E-05
  7.20000E-05  8.00000E-05  8.80000E-05  9.60000E-05  1.04000E-04  1.12000E-04
  1.20000E-04  1.28000E-04  1.44000E-04  1.60000E-04  1.76000E-04  1.92000E-04
  2.08000E-04  2.24000E-04  2.40000E-04  2.56000E-04  2.88000E-04  3.20000E-04
  3.52000E-04  3.84000E-04  4.16000E-04  4.48000E-04  4.80000E-04  5.12000E-04
  5.76000E-04  6.40000E-04  7.04000E-04  7.68000E-04  8.32000E-04  8.96000E-04
  9.60000E-04  1.02400E-03  1.15200E-03  1.28000E-03  1.40800E-03  1.53600E-03
  1.66400E-03  1.79200E-03  1.92000E-03  2.01600E-03  2.27200E-03  2.52800E-03
  2.78400E-03  3.04000E-03  3.29600E-03  3.55200E-03  3.80800E-03  4.06400E-03
  4.57600E-03  5.08800E-03  5.60000E-03  6.11200E-03  6.62400E-03  7.13600E-03
  7.64800E-03  8.16000E-03  9.18400E-03  1.02080E-02  1.12320E-02  1.22560E-02
  1.32800E-02  1.43040E-02  1.53280E-02  1.63520E-02  1.84000E-02  2.04480E-02
  2.24960E-02  2.45440E-02  2.65920E-02  2.86400E-02  3.06880E-02  3.27360E-02
  3.68320E-02  4.09280E-02  4.50240E-02  4.91200E-02  5.32160E-02
  7.76846E-01  7.76778E-01  7.71820E-01  7.73924E-01  7.74609E-01  7.72473E-01
  7.71110E-01  7.70421E-01  7.68917E-01  7.70549E-01  7.71434E-01  7.70981E-01
  7.71684E-01  7.72323E-01  7.70222E-01  7.70459E-01  7.71758E-01  7.72457E-01
  7.69034E-01  7.71634E-01  7.73407E-01  7.71381E-01  7.69916E-01  7.71030E-01
  7.72141E-01  7.70327E-01  7.70947E-01  7.70338E-01  7.70729E-01  7.70380E-01
  7.70581E-01  7.70106E-01  7.69298E-01  7.69470E-01  7.68305E-01  7.68447E-01
  7.69119E-01  7.68867E-01  7.67816E-01  7.67820E-01  7.67226E-01  7.67201E-01
  7.67113E-01  7.66404E-01  7.66089E-01  7.65589E-01  7.64650E-01  7.63827E-01
  7.63459E-01  7.61763E-01  7.61402E-01  7.60471E-01  7.60152E-01  7.58878E-01
  7.57546E-01  7.56203E-01  7.54159E-01  7.52785E-01  7.51316E-01  7.49937E-01
  7.48361E-01  7.46463E-01  7.43210E-01  7.40075E-01  7.37014E-01  7.34024E-01
  7.31149E-01  7.27714E-01  7.24495E-01  7.21560E-01  7.15490E-01  7.09608E-01
  7.03717E-01  6.98009E-01  6.92182E-01  6.86347E-01  6.80720E-01  6.75237E-01
  6.64224E-01  6.53373E-01  6.42501E-01  6.32038E-01  6.21744E-01  6.11364E-01
  6.01377E-01  5.90776E-01  5.71462E-01  5.52359E-01  5.33980E-01  5.16451E-01
  4.99582E-01  4.83216E-01  4.67516E-01  4.55968E-01  4.27018E-01  4.00000E-01
  3.75173E-01  3.52454E-01  3.31468E-01  3.11884E-01  2.93309E-01  2.75272E-01
  2.42520E-01  2.13496E-01  1.88277E-01  1.66266E-01  1.47281E-01  1.30318E-01
  1.16356E-01  1.04249E-01  8.36911E-02  6.66587E-02  5.46833E-02  4.44035E-02
  3.69428E-02  3.07905E-02  2.58599E-02  2.12878E-02  1.66894E-02  1.87858E-02
  2.21291E-02  2.35914E-02  2.23523E-02  1.53140E-02  9.97154E-03  6.13125E-03
 -1.00512E-03 -1.57185E-02 -1.95999E-02 -2.06407E-02 -1.29094E-02
