AutoSaveFileName0204.ASC
 IFORMY    0    .00
 (6E13.7)
 IFORMT    0    .00
 (6E13.7)
 IFORMW    0    .00
 (6E13.7)
 NINTT     0   -1.00
 DOUSNQ    0    1.00
 IQUAD          1.00
 PRWT      0    1.00
 PRY       0    1.00
 IPLRES    1    3.00
 IPLRES    2    3.00
 IPRINT    1    0.00
 IPRINT    2    2.00
 IPLFIT    1    0.00
 IPLFIT    2    0.00
 LINEPG    0   50.
 NONNEG    1    1.00
 IWT       0    5.00
 NQPROG    1    5.00
 NQPROG    2    5.00
 GMNMX     1    9.618E-06
 GMNMX     2    9.618E-03
 RUSER    10    -1.00
 NG        0    200.00
 NLINF     0    0.00
 IUSER    10    4.00
 RUSER    21    1.0
 RUSER    22   -1.0
 RUSER    23    0.0
 RUSER    18         292.23397
 RUSER    17         114.99900
 RUSER    19         1.02455
 RUSER    15         1.33200
 RUSER    16         632.80000
 RUSER    25         1
 RUSER    26         0
 END       0    0.00
 NY      188
  5.00000E-07  6.25000E-07  7.50000E-07  8.75000E-07  1.00000E-06  1.12500E-06
  1.25000E-06  1.37500E-06  1.50000E-06  1.62500E-06  1.75000E-06  1.87500E-06
  2.00000E-06  2.25000E-06  2.50000E-06  2.75000E-06  3.00000E-06  3.25000E-06
  3.50000E-06  3.75000E-06  4.00000E-06  4.50000E-06  5.00000E-06  5.50000E-06
  6.00000E-06  6.50000E-06  7.00000E-06  7.50000E-06  8.00000E-06  9.00000E-06
  1.00000E-05  1.10000E-05  1.20000E-05  1.30000E-05  1.40000E-05  1.50000E-05
  1.60000E-05  1.80000E-05  2.00000E-05  2.20000E-05  2.40000E-05  2.60000E-05
  2.80000E-05  3.00000E-05  3.20000E-05  3.60000E-05  4.00000E-05  4.40000E-05
  4.80000E-05  5.20000E-05  5.60000E-05  6.00000E-05  6.40000E-05  7.20000E-05
  8.00000E-05  8.80000E-05  9.60000E-05  1.04000E-04  1.12000E-04  1.20000E-04
  1.28000E-04  1.44000E-04  1.60000E-04  1.76000E-04  1.92000E-04  2.08000E-04
  2.24000E-04  2.40000E-04  2.56000E-04  2.88000E-04  3.20000E-04  3.52000E-04
  3.84000E-04  4.16000E-04  4.48000E-04  4.80000E-04  5.12000E-04  5.76000E-04
  6.40000E-04  7.04000E-04  7.68000E-04  8.32000E-04  8.96000E-04  9.60000E-04
  1.02400E-03  1.15200E-03  1.28000E-03  1.40800E-03  1.53600E-03  1.66400E-03
  1.79200E-03  1.92000E-03  2.01600E-03  2.27200E-03  2.52800E-03  2.78400E-03
  3.04000E-03  3.29600E-03  3.55200E-03  3.80800E-03  4.06400E-03  4.57600E-03
  5.08800E-03  5.60000E-03  6.11200E-03  6.62400E-03  7.13600E-03  7.64800E-03
  8.16000E-03  9.18400E-03  1.02080E-02  1.12320E-02  1.22560E-02  1.32800E-02
  1.43040E-02  1.53280E-02  1.63520E-02  1.84000E-02  2.04480E-02  2.24960E-02
  2.45440E-02  2.65920E-02  2.86400E-02  3.06880E-02  3.27360E-02  3.68320E-02
  4.09280E-02  4.50240E-02  4.91200E-02  5.32160E-02  5.73120E-02  6.14080E-02
  6.55040E-02  7.36960E-02  8.18880E-02  9.00800E-02  9.82720E-02  1.06464E-01
  1.14656E-01  1.22848E-01  1.31040E-01  1.47424E-01  1.63808E-01  1.80192E-01
  1.96576E-01  2.12960E-01  2.29344E-01  2.45728E-01  2.62112E-01  2.94880E-01
  3.27648E-01  3.60416E-01  3.93184E-01  4.25952E-01  4.58720E-01  4.91488E-01
  5.24256E-01  5.89792E-01  6.55328E-01  7.20864E-01  7.86400E-01  8.51936E-01
  9.17472E-01  9.83008E-01  1.04854E+00  1.17962E+00  1.31069E+00  1.44176E+00
  1.57283E+00  1.70390E+00  1.83498E+00  1.96605E+00  2.09712E+00  2.35926E+00
  2.62141E+00  2.88355E+00  3.14570E+00  3.40784E+00  3.66998E+00  3.93213E+00
  4.19427E+00  4.71856E+00  5.24285E+00  5.76714E+00  6.29142E+00  6.81571E+00
  7.34000E+00  7.86429E+00
  9.97835E-01  9.94356E-01  9.93267E-01  9.94051E-01  9.92577E-01  9.91745E-01
  9.92291E-01  9.93243E-01  9.91884E-01  9.92844E-01  9.91965E-01  9.91498E-01
  9.91283E-01  9.91556E-01  9.92637E-01  9.91259E-01  9.92133E-01  9.92385E-01
  9.90236E-01  9.90716E-01  9.91367E-01  9.90973E-01  9.90737E-01  9.91128E-01
  9.90853E-01  9.90304E-01  9.89942E-01  9.89753E-01  9.89459E-01  9.89247E-01
  9.89527E-01  9.89283E-01  9.87992E-01  9.88158E-01  9.87586E-01  9.87069E-01
  9.87016E-01  9.85644E-01  9.85337E-01  9.84411E-01  9.84020E-01  9.83382E-01
  9.82122E-01  9.81466E-01  9.80627E-01  9.79210E-01  9.77688E-01  9.75953E-01
  9.74707E-01  9.73106E-01  9.71485E-01  9.70238E-01  9.68556E-01  9.65394E-01
  9.62342E-01  9.59348E-01  9.56194E-01  9.53108E-01  9.50183E-01  9.47191E-01
  9.43935E-01  9.37999E-01  9.32045E-01  9.26144E-01  9.20119E-01  9.14293E-01
  9.08413E-01  9.02519E-01  8.96710E-01  8.85216E-01  8.73731E-01  8.62469E-01
  8.51337E-01  8.40353E-01  8.29476E-01  8.18720E-01  8.08195E-01  7.87528E-01
  7.67373E-01  7.47672E-01  7.28592E-01  7.09933E-01  6.91761E-01  6.74164E-01
  6.57197E-01  6.24192E-01  5.92945E-01  5.63435E-01  5.35562E-01  5.09088E-01
  4.84147E-01  4.60344E-01  4.43411E-01  4.01308E-01  3.63543E-01  3.29375E-01
  2.98934E-01  2.71279E-01  2.46303E-01  2.23415E-01  2.03279E-01  1.67378E-01
  1.37923E-01  1.14146E-01  9.46233E-02  7.91144E-02  6.60845E-02  5.54450E-02
  4.76904E-02  3.48056E-02  2.51300E-02  1.78906E-02  1.11263E-02  6.41923E-03
  3.86406E-03  3.23254E-03  2.68411E-03  1.68896E-03 -5.43810E-04 -3.40284E-03
 -4.36835E-03 -2.86643E-03 -3.48701E-03 -9.89058E-04 -2.38587E-03 -2.97803E-03
 -3.52194E-03 -2.16896E-03  1.46111E-03 -1.92701E-03 -1.23899E-03 -3.87354E-03
 -3.78400E-03  3.85871E-03  2.11140E-03 -8.85967E-04 -2.90812E-03  3.45030E-04
  1.30173E-03 -7.70774E-03  1.20754E-03  6.69404E-04 -1.55141E-03 -2.76514E-03
  2.50628E-03  3.03156E-03  4.10256E-03  8.66263E-03  4.46413E-04 -1.56317E-04
 -2.54786E-05 -1.59815E-03  2.73937E-03  2.14777E-03  1.56779E-03  4.03337E-03
  2.57469E-03 -2.60842E-03  2.26874E-04 -2.23448E-03 -1.24353E-04 -3.61701E-05
  2.91437E-03  2.16922E-03  1.06631E-03 -2.55658E-03 -7.00276E-06 -4.10702E-04
 -3.46649E-03  2.34386E-03  2.11552E-03  1.06396E-03 -7.97767E-04 -1.99197E-03
 -2.21039E-03 -2.88800E-03 -3.99464E-04 -8.72949E-04  2.40436E-03 -2.87900E-04
 -2.15088E-03 -1.55030E-04 -1.03687E-03  1.76923E-03 -1.35877E-03  2.18828E-04
  1.91567E-03  1.99792E-04
