AutoSaveFileName0191.ASC
 IFORMY    0    .00
 (6E13.7)
 IFORMT    0    .00
 (6E13.7)
 IFORMW    0    .00
 (6E13.7)
 NINTT     0   -1.00
 DOUSNQ    0    1.00
 IQUAD          1.00
 PRWT      0    1.00
 PRY       0    1.00
 IPLRES    1    3.00
 IPLRES    2    3.00
 IPRINT    1    0.00
 IPRINT    2    2.00
 IPLFIT    1    0.00
 IPLFIT    2    0.00
 LINEPG    0   50.
 NONNEG    1    1.00
 IWT       0    5.00
 NQPROG    1    5.00
 NQPROG    2    5.00
 GMNMX     1    1.738E-05
 GMNMX     2    1.738E-02
 RUSER    10    -1.00
 NG        0    200.00
 NLINF     0    0.00
 IUSER    10    4.00
 RUSER    21    1.0
 RUSER    22   -1.0
 RUSER    23    0.0
 RUSER    18         292.01438
 RUSER    17         77.99900
 RUSER    19         1.03013
 RUSER    15         1.33200
 RUSER    16         632.80000
 RUSER    25         1
 RUSER    26         0
 END       0    0.00
 NY      131
  3.75000E-07  5.00000E-07  6.25000E-07  7.50000E-07  8.75000E-07  1.00000E-06
  1.12500E-06  1.25000E-06  1.37500E-06  1.50000E-06  1.62500E-06  1.75000E-06
  1.87500E-06  2.00000E-06  2.25000E-06  2.50000E-06  2.75000E-06  3.00000E-06
  3.25000E-06  3.50000E-06  3.75000E-06  4.00000E-06  4.50000E-06  5.00000E-06
  5.50000E-06  6.00000E-06  6.50000E-06  7.00000E-06  7.50000E-06  8.00000E-06
  9.00000E-06  1.00000E-05  1.10000E-05  1.20000E-05  1.30000E-05  1.40000E-05
  1.50000E-05  1.60000E-05  1.80000E-05  2.00000E-05  2.20000E-05  2.40000E-05
  2.60000E-05  2.80000E-05  3.00000E-05  3.20000E-05  3.60000E-05  4.00000E-05
  4.40000E-05  4.80000E-05  5.20000E-05  5.60000E-05  6.00000E-05  6.40000E-05
  7.20000E-05  8.00000E-05  8.80000E-05  9.60000E-05  1.04000E-04  1.12000E-04
  1.20000E-04  1.28000E-04  1.44000E-04  1.60000E-04  1.76000E-04  1.92000E-04
  2.08000E-04  2.24000E-04  2.40000E-04  2.56000E-04  2.88000E-04  3.20000E-04
  3.52000E-04  3.84000E-04  4.16000E-04  4.48000E-04  4.80000E-04  5.12000E-04
  5.76000E-04  6.40000E-04  7.04000E-04  7.68000E-04  8.32000E-04  8.96000E-04
  9.60000E-04  1.02400E-03  1.15200E-03  1.28000E-03  1.40800E-03  1.53600E-03
  1.66400E-03  1.79200E-03  1.92000E-03  2.01600E-03  2.27200E-03  2.52800E-03
  2.78400E-03  3.04000E-03  3.29600E-03  3.55200E-03  3.80800E-03  4.06400E-03
  4.57600E-03  5.08800E-03  5.60000E-03  6.11200E-03  6.62400E-03  7.13600E-03
  7.64800E-03  8.16000E-03  9.18400E-03  1.02080E-02  1.12320E-02  1.22560E-02
  1.32800E-02  1.43040E-02  1.53280E-02  1.63520E-02  1.84000E-02  2.04480E-02
  2.24960E-02  2.45440E-02  2.65920E-02  2.86400E-02  3.06880E-02  3.27360E-02
  3.68320E-02  4.09280E-02  4.50240E-02  4.91200E-02  5.32160E-02
  2.21677E+00  2.22360E+00  2.22052E+00  2.21780E+00  2.21482E+00  2.21716E+00
  2.21912E+00  2.21031E+00  2.21284E+00  2.21317E+00  2.21614E+00  2.20629E+00
  2.21348E+00  2.21177E+00  2.21162E+00  2.21727E+00  2.20640E+00  2.20906E+00
  2.21628E+00  2.20735E+00  2.20503E+00  2.20971E+00  2.21160E+00  2.21212E+00
  2.20972E+00  2.21188E+00  2.21022E+00  2.20588E+00  2.20709E+00  2.20838E+00
  2.20877E+00  2.20584E+00  2.20631E+00  2.20464E+00  2.20443E+00  2.20294E+00
  2.20318E+00  2.20062E+00  2.20016E+00  2.19837E+00  2.19763E+00  2.19447E+00
  2.19367E+00  2.19237E+00  2.19072E+00  2.18873E+00  2.18525E+00  2.18258E+00
  2.17993E+00  2.17631E+00  2.17259E+00  2.16975E+00  2.16692E+00  2.16386E+00
  2.15875E+00  2.15224E+00  2.14567E+00  2.13930E+00  2.13311E+00  2.12701E+00
  2.12071E+00  2.11492E+00  2.10251E+00  2.09057E+00  2.07942E+00  2.06770E+00
  2.05592E+00  2.04407E+00  2.03278E+00  2.02077E+00  1.99831E+00  1.97590E+00
  1.95341E+00  1.93166E+00  1.90960E+00  1.88873E+00  1.86737E+00  1.84720E+00
  1.80626E+00  1.76682E+00  1.72779E+00  1.68954E+00  1.65228E+00  1.61608E+00
  1.58061E+00  1.54708E+00  1.48012E+00  1.41673E+00  1.35664E+00  1.29989E+00
  1.24612E+00  1.19440E+00  1.14539E+00  1.10893E+00  1.01997E+00  9.37678E-01
  8.63054E-01  7.94411E-01  7.31179E-01  6.73180E-01  6.21307E-01  5.75017E-01
  4.89831E-01  4.16826E-01  3.56860E-01  3.06409E-01  2.64280E-01  2.28866E-01
  1.98702E-01  1.71607E-01  1.29621E-01  9.80692E-02  7.14778E-02  4.55101E-02
  2.85616E-02  1.57849E-02  3.53538E-03 -2.86290E-03 -8.28076E-03 -1.79496E-02
 -2.52787E-02 -3.93920E-02 -5.15469E-02 -4.34758E-02 -2.49378E-02 -1.21552E-02
 -4.27043E-03 -6.24254E-03 -1.04949E-02  4.58872E-03 -8.31565E-05
