AutoSaveFileName0051.ASC
 IFORMY    0    .00
 (6E13.7)
 IFORMT    0    .00
 (6E13.7)
 IFORMW    0    .00
 (6E13.7)
 NINTT     0   -1.00
 DOUSNQ    0    1.00
 IQUAD          1.00
 PRWT      0    1.00
 PRY       0    1.00
 IPLRES    1    3.00
 IPLRES    2    3.00
 IPRINT    1    0.00
 IPRINT    2    2.00
 IPLFIT    1    0.00
 IPLFIT    2    0.00
 LINEPG    0   50.
 NONNEG    1    1.00
 IWT       0    5.00
 NQPROG    1    5.00
 NQPROG    2    5.00
 GMNMX     1    9.105E-05
 GMNMX     2    9.105E-02
 RUSER    10    -1.00
 NG        0    200.00
 NLINF     0    0.00
 IUSER    10    4.00
 RUSER    21    1.0
 RUSER    22   -1.0
 RUSER    23    0.0
 RUSER    18         291.84261
 RUSER    17         31.99900
 RUSER    19         1.03453
 RUSER    15         1.33200
 RUSER    16         632.80000
 RUSER    25         1
 RUSER    26         0
 END       0    0.00
 NY      131
  3.75000E-07  5.00000E-07  6.25000E-07  7.50000E-07  8.75000E-07  1.00000E-06
  1.12500E-06  1.25000E-06  1.37500E-06  1.50000E-06  1.62500E-06  1.75000E-06
  1.87500E-06  2.00000E-06  2.25000E-06  2.50000E-06  2.75000E-06  3.00000E-06
  3.25000E-06  3.50000E-06  3.75000E-06  4.00000E-06  4.50000E-06  5.00000E-06
  5.50000E-06  6.00000E-06  6.50000E-06  7.00000E-06  7.50000E-06  8.00000E-06
  9.00000E-06  1.00000E-05  1.10000E-05  1.20000E-05  1.30000E-05  1.40000E-05
  1.50000E-05  1.60000E-05  1.80000E-05  2.00000E-05  2.20000E-05  2.40000E-05
  2.60000E-05  2.80000E-05  3.00000E-05  3.20000E-05  3.60000E-05  4.00000E-05
  4.40000E-05  4.80000E-05  5.20000E-05  5.60000E-05  6.00000E-05  6.40000E-05
  7.20000E-05  8.00000E-05  8.80000E-05  9.60000E-05  1.04000E-04  1.12000E-04
  1.20000E-04  1.28000E-04  1.44000E-04  1.60000E-04  1.76000E-04  1.92000E-04
  2.08000E-04  2.24000E-04  2.40000E-04  2.56000E-04  2.88000E-04  3.20000E-04
  3.52000E-04  3.84000E-04  4.16000E-04  4.48000E-04  4.80000E-04  5.12000E-04
  5.76000E-04  6.40000E-04  7.04000E-04  7.68000E-04  8.32000E-04  8.96000E-04
  9.60000E-04  1.02400E-03  1.15200E-03  1.28000E-03  1.40800E-03  1.53600E-03
  1.66400E-03  1.79200E-03  1.92000E-03  2.01600E-03  2.27200E-03  2.52800E-03
  2.78400E-03  3.04000E-03  3.29600E-03  3.55200E-03  3.80800E-03  4.06400E-03
  4.57600E-03  5.08800E-03  5.60000E-03  6.11200E-03  6.62400E-03  7.13600E-03
  7.64800E-03  8.16000E-03  9.18400E-03  1.02080E-02  1.12320E-02  1.22560E-02
  1.32800E-02  1.43040E-02  1.53280E-02  1.63520E-02  1.84000E-02  2.04480E-02
  2.24960E-02  2.45440E-02  2.65920E-02  2.86400E-02  3.06880E-02  3.27360E-02
  3.68320E-02  4.09280E-02  4.50240E-02  4.91200E-02  5.32160E-02
  8.03715E-01  8.01254E-01  7.99986E-01  8.02551E-01  8.03333E-01  7.99509E-01
  8.01375E-01  8.02529E-01  8.00016E-01  7.97709E-01  8.02826E-01  7.99722E-01
  7.97698E-01  7.98826E-01  7.98999E-01  8.01045E-01  7.98712E-01  7.96499E-01
  7.99501E-01  7.98454E-01  7.97274E-01  7.98136E-01  8.00091E-01  7.98232E-01
  8.00217E-01  8.01169E-01  8.00129E-01  7.99071E-01  8.00196E-01  7.98175E-01
  7.99377E-01  7.99617E-01  7.98801E-01  7.98365E-01  7.98171E-01  7.98128E-01
  7.98579E-01  7.99511E-01  7.98514E-01  7.97668E-01  7.98190E-01  7.98735E-01
  7.97670E-01  7.98252E-01  7.97623E-01  7.97150E-01  7.97170E-01  7.96376E-01
  7.96441E-01  7.96561E-01  7.96506E-01  7.95723E-01  7.95307E-01  7.94689E-01
  7.94566E-01  7.93905E-01  7.93298E-01  7.92340E-01  7.92078E-01  7.91370E-01
  7.91013E-01  7.90520E-01  7.89394E-01  7.88280E-01  7.87395E-01  7.85972E-01
  7.85101E-01  7.83943E-01  7.82117E-01  7.81232E-01  7.79249E-01  7.77082E-01
  7.75071E-01  7.72676E-01  7.70182E-01  7.67920E-01  7.66005E-01  7.63655E-01
  7.59368E-01  7.54967E-01  7.50554E-01  7.46139E-01  7.41868E-01  7.37311E-01
  7.33229E-01  7.17213E-01  7.09201E-01  7.01054E-01  6.92866E-01  6.85053E-01
  6.77280E-01  6.69439E-01  6.61937E-01  6.70431E-01  6.55382E-01  6.40585E-01
  6.26260E-01  6.12112E-01  5.98422E-01  5.85044E-01  5.71527E-01  5.58317E-01
  5.32561E-01  5.08224E-01  4.84742E-01  4.62408E-01  4.40719E-01  4.19522E-01
  3.99910E-01  3.81675E-01  3.47420E-01  3.16410E-01  2.89337E-01  2.65170E-01
  2.43900E-01  2.24960E-01  2.08464E-01  1.94154E-01  1.66262E-01  1.42962E-01
  1.23366E-01  1.08087E-01  9.74791E-02  8.72519E-02  7.61763E-02  6.22682E-02
  4.14969E-02  2.76861E-02  1.61820E-02  9.27661E-03 -4.11324E-04
