AutoSaveFileName0300.ASC
 IFORMY    0    .00
 (6E13.7)
 IFORMT    0    .00
 (6E13.7)
 IFORMW    0    .00
 (6E13.7)
 NINTT     0   -1.00
 DOUSNQ    0    1.00
 IQUAD          1.00
 PRWT      0    1.00
 PRY       0    1.00
 IPLRES    1    3.00
 IPLRES    2    3.00
 IPRINT    1    0.00
 IPRINT    2    2.00
 IPLFIT    1    0.00
 IPLFIT    2    0.00
 LINEPG    0   50.
 NONNEG    1    1.00
 IWT       0    5.00
 NQPROG    1    5.00
 NQPROG    2    5.00
 GMNMX     1    9.633E-06
 GMNMX     2    9.633E-03
 RUSER    10    -1.00
 NG        0    200.00
 NLINF     0    0.00
 IUSER    10    4.00
 RUSER    21    1.0
 RUSER    22   -1.0
 RUSER    23    0.0
 RUSER    18         292.17776
 RUSER    17         114.99900
 RUSER    19         1.02597
 RUSER    15         1.33200
 RUSER    16         632.80000
 RUSER    25         1
 RUSER    26         0
 END       0    0.00
 NY      131
  3.75000E-07  5.00000E-07  6.25000E-07  7.50000E-07  8.75000E-07  1.00000E-06
  1.12500E-06  1.25000E-06  1.37500E-06  1.50000E-06  1.62500E-06  1.75000E-06
  1.87500E-06  2.00000E-06  2.25000E-06  2.50000E-06  2.75000E-06  3.00000E-06
  3.25000E-06  3.50000E-06  3.75000E-06  4.00000E-06  4.50000E-06  5.00000E-06
  5.50000E-06  6.00000E-06  6.50000E-06  7.00000E-06  7.50000E-06  8.00000E-06
  9.00000E-06  1.00000E-05  1.10000E-05  1.20000E-05  1.30000E-05  1.40000E-05
  1.50000E-05  1.60000E-05  1.80000E-05  2.00000E-05  2.20000E-05  2.40000E-05
  2.60000E-05  2.80000E-05  3.00000E-05  3.20000E-05  3.60000E-05  4.00000E-05
  4.40000E-05  4.80000E-05  5.20000E-05  5.60000E-05  6.00000E-05  6.40000E-05
  7.20000E-05  8.00000E-05  8.80000E-05  9.60000E-05  1.04000E-04  1.12000E-04
  1.20000E-04  1.28000E-04  1.44000E-04  1.60000E-04  1.76000E-04  1.92000E-04
  2.08000E-04  2.24000E-04  2.40000E-04  2.56000E-04  2.88000E-04  3.20000E-04
  3.52000E-04  3.84000E-04  4.16000E-04  4.48000E-04  4.80000E-04  5.12000E-04
  5.76000E-04  6.40000E-04  7.04000E-04  7.68000E-04  8.32000E-04  8.96000E-04
  9.60000E-04  1.02400E-03  1.15200E-03  1.28000E-03  1.40800E-03  1.53600E-03
  1.66400E-03  1.79200E-03  1.92000E-03  2.01600E-03  2.27200E-03  2.52800E-03
  2.78400E-03  3.04000E-03  3.29600E-03  3.55200E-03  3.80800E-03  4.06400E-03
  4.57600E-03  5.08800E-03  5.60000E-03  6.11200E-03  6.62400E-03  7.13600E-03
  7.64800E-03  8.16000E-03  9.18400E-03  1.02080E-02  1.12320E-02  1.22560E-02
  1.32800E-02  1.43040E-02  1.53280E-02  1.63520E-02  1.84000E-02  2.04480E-02
  2.24960E-02  2.45440E-02  2.65920E-02  2.86400E-02  3.06880E-02  3.27360E-02
  3.68320E-02  4.09280E-02  4.50240E-02  4.91200E-02  5.32160E-02
  8.06893E-01  8.06751E-01  8.06478E-01  8.03201E-01  8.03066E-01  8.06652E-01
  8.01110E-01  8.03998E-01  8.05333E-01  8.03307E-01  8.00588E-01  8.04087E-01
  8.03056E-01  8.00184E-01  8.02065E-01  8.02926E-01  8.02171E-01  8.01302E-01
  8.00779E-01  8.02363E-01  8.01855E-01  8.01937E-01  8.00777E-01  8.00369E-01
  7.99778E-01  7.97790E-01  7.98638E-01  7.98035E-01  7.99057E-01  7.98970E-01
  7.98800E-01  7.97405E-01  7.97136E-01  7.96644E-01  7.95413E-01  7.97344E-01
  7.93695E-01  7.93803E-01  7.92736E-01  7.90730E-01  7.90215E-01  7.89352E-01
  7.88666E-01  7.86835E-01  7.86124E-01  7.84320E-01  7.82141E-01  7.79847E-01
  7.77175E-01  7.74591E-01  7.72047E-01  7.69380E-01  7.68245E-01  7.65435E-01
  7.60680E-01  7.55827E-01  7.51497E-01  7.46539E-01  7.42187E-01  7.37492E-01
  7.32932E-01  7.28333E-01  7.19668E-01  7.10687E-01  7.01686E-01  6.93132E-01
  6.84430E-01  6.75980E-01  6.67802E-01  6.59615E-01  6.42881E-01  6.27095E-01
  6.11577E-01  5.96092E-01  5.81519E-01  5.67071E-01  5.52630E-01  5.39039E-01
  5.12225E-01  4.87178E-01  4.63640E-01  4.41126E-01  4.19670E-01  3.99140E-01
  3.79746E-01  3.61701E-01  3.27070E-01  2.95973E-01  2.67821E-01  2.42283E-01
  2.19207E-01  1.98238E-01  1.78272E-01  1.66590E-01  1.35050E-01  1.10121E-01
  9.08614E-02  7.51479E-02  6.18407E-02  5.20629E-02  4.37261E-02  3.66417E-02
  2.56449E-02  1.90722E-02  1.41019E-02  9.39609E-03  7.05358E-03  3.03206E-03
 -1.41078E-03 -5.30619E-03 -5.68343E-03 -3.62492E-03 -1.30214E-03  7.03179E-03
  1.29827E-02  1.27489E-02  7.97348E-03  4.11670E-03 -3.68647E-03 -6.60571E-03
 -7.02066E-03  7.85629E-04  3.90693E-04 -3.36722E-03 -6.22747E-03 -4.67500E-03
 -4.71651E-03  7.88772E-03  7.23646E-03 -5.03743E-04 -7.91633E-03
