AutoSaveFileName0219.ASC
 IFORMY    0    .00
 (6E13.7)
 IFORMT    0    .00
 (6E13.7)
 IFORMW    0    .00
 (6E13.7)
 NINTT     0   -1.00
 DOUSNQ    0    1.00
 IQUAD     0    1.00
 PRWT      0    1.00
 PRY       0    1.00
 IPLRES    1    3.00
 IPLRES    2    3.00
 IPRINT    1    0.00
 IPRINT    2    2.00
 IPLFIT    1    0.00
 IPLFIT    2    0.00
 LINEPG    0   50.
 NONNEG    1    1.00
 IWT       0    5.00
 NQPROG    1    5.00
 NQPROG    2    5.00
 GMNMX     1    3.57153E-03
 GMNMX     2    1.28209E-03
 RUSER    10    -1.00
 NG        0    500.00
 NLINF     0    1.00
 IUSER    10    4.00
 RUSER    21    1.0
 RUSER    22   -1.0
 RUSER    23    0.0
 RUSER    18         292.09282
 RUSER    17         119.99900
 RUSER    19         1.02813
 RUSER    15         1.33200
 RUSER    16         632.80000
 RUSER    25         1
 RUSER    26         0
 END       0    0.00
 NY      162
  7.50000E-07  8.75000E-07  1.00000E-06  1.12500E-06  1.25000E-06  1.37500E-06
  1.50000E-06  1.62500E-06  1.75000E-06  1.87500E-06  2.00000E-06  2.25000E-06
  2.50000E-06  2.75000E-06  3.00000E-06  3.25000E-06  3.50000E-06  3.75000E-06
  4.00000E-06  4.50000E-06  5.00000E-06  5.50000E-06  6.00000E-06  6.50000E-06
  7.00000E-06  7.50000E-06  8.00000E-06  9.00000E-06  1.00000E-05  1.10000E-05
  1.20000E-05  1.30000E-05  1.40000E-05  1.50000E-05  1.60000E-05  1.80000E-05
  2.00000E-05  2.20000E-05  2.40000E-05  2.60000E-05  2.80000E-05  3.00000E-05
  3.20000E-05  3.60000E-05  4.00000E-05  4.40000E-05  4.80000E-05  5.20000E-05
  5.60000E-05  6.00000E-05  6.40000E-05  7.20000E-05  8.00000E-05  8.80000E-05
  9.60000E-05  1.04000E-04  1.12000E-04  1.20000E-04  1.28000E-04  1.44000E-04
  1.60000E-04  1.76000E-04  1.92000E-04  2.08000E-04  2.24000E-04  2.40000E-04
  2.56000E-04  2.88000E-04  3.20000E-04  3.52000E-04  3.84000E-04  4.16000E-04
  4.48000E-04  4.80000E-04  5.12000E-04  5.76000E-04  6.40000E-04  7.04000E-04
  7.68000E-04  8.32000E-04  8.96000E-04  9.60000E-04  1.02400E-03  1.15200E-03
  1.28000E-03  1.40800E-03  1.53600E-03  1.66400E-03  1.79200E-03  1.92000E-03
  2.01600E-03  2.27200E-03  2.52800E-03  2.78400E-03  3.04000E-03  3.29600E-03
  3.55200E-03  3.80800E-03  4.06400E-03  4.57600E-03  5.08800E-03  5.60000E-03
  6.11200E-03  6.62400E-03  7.13600E-03  7.64800E-03  8.16000E-03  9.18400E-03
  1.02080E-02  1.12320E-02  1.22560E-02  1.32800E-02  1.43040E-02  1.53280E-02
  1.63520E-02  1.84000E-02  2.04480E-02  2.24960E-02  2.45440E-02  2.65920E-02
  2.86400E-02  3.06880E-02  3.27360E-02  3.68320E-02  4.09280E-02  4.50240E-02
  4.91200E-02  5.32160E-02  5.73120E-02  6.14080E-02  6.55040E-02  7.36960E-02
  8.18880E-02  9.00800E-02  9.82720E-02  1.06464E-01  1.14656E-01  1.22848E-01
  1.31040E-01  1.47424E-01  1.63808E-01  1.80192E-01  1.96576E-01  2.12960E-01
  2.29344E-01  2.45728E-01  2.62112E-01  2.94880E-01  3.27648E-01  3.60416E-01
  3.93184E-01  4.25952E-01  4.58720E-01  4.91488E-01  5.24256E-01  5.89792E-01
  6.55328E-01  7.20864E-01  7.86400E-01  8.51936E-01  9.17472E-01  9.83008E-01
  9.98723E-01  9.98923E-01  1.00000E+00  9.96025E-01  9.96179E-01  9.94354E-01
  9.96129E-01  9.94931E-01  9.92567E-01  9.92481E-01  9.91128E-01  9.90165E-01
  9.89617E-01  9.87105E-01  9.88737E-01  9.85423E-01  9.83746E-01  9.83148E-01
  9.81478E-01  9.78427E-01  9.77402E-01  9.74753E-01  9.72581E-01  9.69541E-01
  9.67415E-01  9.63745E-01  9.61470E-01  9.57564E-01  9.52476E-01  9.47994E-01
  9.43297E-01  9.37819E-01  9.32740E-01  9.28598E-01  9.24025E-01  9.14617E-01
  9.05399E-01  8.95975E-01  8.87581E-01  8.78232E-01  8.68783E-01  8.61245E-01
  8.52489E-01  8.35237E-01  8.18593E-01  8.02402E-01  7.86407E-01  7.70369E-01
  7.55443E-01  7.39553E-01  7.25165E-01  6.96389E-01  6.68980E-01  6.42194E-01
  6.17343E-01  5.92665E-01  5.69026E-01  5.46804E-01  5.25398E-01  4.84897E-01
  4.47259E-01  4.12838E-01  3.81107E-01  3.51542E-01  3.24307E-01  2.99223E-01
  2.76466E-01  2.35195E-01  2.00315E-01  1.70681E-01  1.45617E-01  1.24137E-01
  1.06084E-01  9.05360E-02  7.75299E-02  5.60408E-02  4.04850E-02  2.93939E-02
  2.12385E-02  1.59586E-02  1.16076E-02  7.83808E-03  5.44736E-03  2.67136E-03
  1.91803E-03  8.43122E-04  8.52423E-04  1.05448E-03  5.20960E-04 -2.36484E-04
 -3.18304E-04 -6.82792E-04 -3.43955E-04  4.59508E-05 -7.34888E-04 -8.98110E-04
 -1.27113E-03 -7.08689E-05  9.32982E-04 -7.35524E-05 -1.00632E-03 -1.24282E-03
 -1.04499E-03  6.73726E-04  2.77860E-04  1.03120E-03  5.03813E-04  5.75011E-04
 -5.37643E-04 -2.10339E-03 -4.80244E-04 -6.20561E-04 -1.01688E-03  5.88294E-04
 -3.17214E-04 -7.41618E-05  7.67527E-04 -1.47105E-04 -8.05302E-04 -1.53663E-04
  3.71769E-05  2.68433E-04 -2.73628E-04  1.70313E-04  2.72171E-04  7.37138E-04
 -5.18829E-04 -1.16614E-04 -4.28576E-04  1.04201E-06 -2.62223E-04 -3.10230E-04
 -1.71162E-04 -5.68852E-05  3.13018E-04 -1.70808E-04  2.87479E-04  6.82623E-05
 -1.76651E-04 -2.02770E-04 -4.62703E-04 -3.01279E-05  1.43023E-04 -4.99387E-04
 -7.82386E-05 -9.83446E-05 -1.97275E-04  4.09776E-06  9.61074E-05 -2.11661E-05
  2.05258E-05 -2.56376E-04 -2.45744E-06 -5.28627E-05 -3.13143E-05 -5.29950E-06
 -4.27900E-05 -1.42586E-04  3.94712E-05 -9.43079E-05  3.41134E-05 -6.67297E-06
