AutoSaveFileName0245.ASC
 IFORMY    0    .00
 (6E13.7)
 IFORMT    0    .00
 (6E13.7)
 IFORMW    0    .00
 (6E13.7)
 NINTT     0   -1.00
 DOUSNQ    0    1.00
 IQUAD     0    1.00
 PRWT      0    1.00
 PRY       0    1.00
 IPLRES    1    3.00
 IPLRES    2    3.00
 IPRINT    1    0.00
 IPRINT    2    2.00
 IPLFIT    1    0.00
 IPLFIT    2    0.00
 LINEPG    0   50.
 NONNEG    1    1.00
 IWT       0    5.00
 NQPROG    1    5.00
 NQPROG    2    5.00
 GMNMX     1    3.13547E-03
 GMNMX     2    1.12555E-03
 RUSER    10    -1.00
 NG        0    500.00
 NLINF     0    1.00
 IUSER    10    4.00
 RUSER    21    1.0
 RUSER    22   -1.0
 RUSER    23    0.0
 RUSER    18         292.12407
 RUSER    17         134.99900
 RUSER    19         1.02734
 RUSER    15         1.33200
 RUSER    16         632.80000
 RUSER    25         1
 RUSER    26         0
 END       0    0.00
 NY      162
  7.50000E-07  8.75000E-07  1.00000E-06  1.12500E-06  1.25000E-06  1.37500E-06
  1.50000E-06  1.62500E-06  1.75000E-06  1.87500E-06  2.00000E-06  2.25000E-06
  2.50000E-06  2.75000E-06  3.00000E-06  3.25000E-06  3.50000E-06  3.75000E-06
  4.00000E-06  4.50000E-06  5.00000E-06  5.50000E-06  6.00000E-06  6.50000E-06
  7.00000E-06  7.50000E-06  8.00000E-06  9.00000E-06  1.00000E-05  1.10000E-05
  1.20000E-05  1.30000E-05  1.40000E-05  1.50000E-05  1.60000E-05  1.80000E-05
  2.00000E-05  2.20000E-05  2.40000E-05  2.60000E-05  2.80000E-05  3.00000E-05
  3.20000E-05  3.60000E-05  4.00000E-05  4.40000E-05  4.80000E-05  5.20000E-05
  5.60000E-05  6.00000E-05  6.40000E-05  7.20000E-05  8.00000E-05  8.80000E-05
  9.60000E-05  1.04000E-04  1.12000E-04  1.20000E-04  1.28000E-04  1.44000E-04
  1.60000E-04  1.76000E-04  1.92000E-04  2.08000E-04  2.24000E-04  2.40000E-04
  2.56000E-04  2.88000E-04  3.20000E-04  3.52000E-04  3.84000E-04  4.16000E-04
  4.48000E-04  4.80000E-04  5.12000E-04  5.76000E-04  6.40000E-04  7.04000E-04
  7.68000E-04  8.32000E-04  8.96000E-04  9.60000E-04  1.02400E-03  1.15200E-03
  1.28000E-03  1.40800E-03  1.53600E-03  1.66400E-03  1.79200E-03  1.92000E-03
  2.01600E-03  2.27200E-03  2.52800E-03  2.78400E-03  3.04000E-03  3.29600E-03
  3.55200E-03  3.80800E-03  4.06400E-03  4.57600E-03  5.08800E-03  5.60000E-03
  6.11200E-03  6.62400E-03  7.13600E-03  7.64800E-03  8.16000E-03  9.18400E-03
  1.02080E-02  1.12320E-02  1.22560E-02  1.32800E-02  1.43040E-02  1.53280E-02
  1.63520E-02  1.84000E-02  2.04480E-02  2.24960E-02  2.45440E-02  2.65920E-02
  2.86400E-02  3.06880E-02  3.27360E-02  3.68320E-02  4.09280E-02  4.50240E-02
  4.91200E-02  5.32160E-02  5.73120E-02  6.14080E-02  6.55040E-02  7.36960E-02
  8.18880E-02  9.00800E-02  9.82720E-02  1.06464E-01  1.14656E-01  1.22848E-01
  1.31040E-01  1.47424E-01  1.63808E-01  1.80192E-01  1.96576E-01  2.12960E-01
  2.29344E-01  2.45728E-01  2.62112E-01  2.94880E-01  3.27648E-01  3.60416E-01
  3.93184E-01  4.25952E-01  4.58720E-01  4.91488E-01  5.24256E-01  5.89792E-01
  6.55328E-01  7.20864E-01  7.86400E-01  8.51936E-01  9.17472E-01  9.83008E-01
  1.00000E+00  9.99201E-01  9.95609E-01  9.95865E-01  9.91208E-01  9.95310E-01
  9.93656E-01  9.94197E-01  9.92184E-01  9.89887E-01  9.89461E-01  9.88185E-01
  9.86592E-01  9.83944E-01  9.81276E-01  9.82757E-01  9.79366E-01  9.77250E-01
  9.77063E-01  9.74098E-01  9.72089E-01  9.69253E-01  9.66680E-01  9.63901E-01
  9.60340E-01  9.57112E-01  9.55580E-01  9.49592E-01  9.43890E-01  9.39000E-01
  9.33304E-01  9.28306E-01  9.22503E-01  9.18225E-01  9.11887E-01  9.01185E-01
  8.91106E-01  8.80957E-01  8.70689E-01  8.60106E-01  8.50447E-01  8.40674E-01
  8.31215E-01  8.11467E-01  7.93166E-01  7.74612E-01  7.56624E-01  7.39140E-01
  7.22619E-01  7.06466E-01  6.90170E-01  6.58787E-01  6.28585E-01  6.00088E-01
  5.72818E-01  5.46695E-01  5.21785E-01  4.98622E-01  4.76296E-01  4.33914E-01
  3.95857E-01  3.60836E-01  3.29022E-01  3.00009E-01  2.73660E-01  2.49691E-01
  2.28365E-01  1.89749E-01  1.57822E-01  1.31109E-01  1.08771E-01  9.07241E-02
  7.56043E-02  6.34351E-02  5.37391E-02  3.81414E-02  2.70143E-02  1.88237E-02
  1.29900E-02  8.73346E-03  6.21905E-03  4.47997E-03  3.06807E-03  1.48063E-03
  1.12382E-03 -1.11948E-04 -7.79354E-04 -3.61164E-04 -3.62378E-05  1.57651E-04
  1.10047E-04  1.34247E-03  1.27734E-03  1.51855E-03  5.02263E-04 -1.27570E-03
 -1.34338E-03 -1.16227E-04 -9.91522E-04 -2.24143E-03 -1.57329E-03 -1.22763E-03
 -4.20514E-04  2.64788E-04  1.01131E-05 -1.98246E-03 -1.24954E-03  9.68334E-04
  7.83536E-04 -1.25453E-04  1.56146E-04  1.52719E-03  1.17635E-03  7.70042E-04
  2.89652E-04 -8.23079E-04  2.30232E-04 -4.38355E-04 -3.24666E-04 -9.91259E-05
 -5.06623E-04  3.99590E-05  1.69926E-04  5.38421E-04 -1.09208E-03  3.17039E-04
  5.93193E-04  2.98615E-04 -1.93599E-04  6.08339E-05 -3.26299E-04  1.10071E-04
 -4.83028E-04  3.33628E-04 -1.59283E-04 -5.82209E-05  5.38038E-05 -6.19123E-04
 -3.05856E-04 -3.24264E-04 -2.02815E-04  2.13835E-04 -2.85352E-04  2.17850E-05
 -2.61713E-06 -2.82657E-04 -1.95483E-04  3.39168E-05  3.43160E-04  3.90746E-05
  1.15290E-04 -5.30474E-05 -4.08643E-05  8.41014E-05 -3.70609E-05 -4.72187E-05
 -1.59415E-05  7.06669E-05 -3.37625E-06 -1.32643E-04 -4.28712E-06  2.05723E-04
