AutoSaveFileName0111.ASC
 IFORMY    0    .00
 (6E13.7)
 IFORMT    0    .00
 (6E13.7)
 IFORMW    0    .00
 (6E13.7)
 NINTT     0   -1.00
 DOUSNQ    0    1.00
 IQUAD     0    1.00
 PRWT      0    1.00
 PRY       0    1.00
 IPLRES    1    3.00
 IPLRES    2    3.00
 IPRINT    1    0.00
 IPRINT    2    2.00
 IPLFIT    1    0.00
 IPLFIT    2    0.00
 LINEPG    0   50.
 NONNEG    1    1.00
 IWT       0    5.00
 NQPROG    1    5.00
 NQPROG    2    5.00
 GMNMX     1    8.16974E-03
 GMNMX     2    2.93273E-03
 RUSER    10    -1.00
 NG        0    500.00
 NLINF     0    1.00
 IUSER    10    4.00
 RUSER    21    1.0
 RUSER    22   -1.0
 RUSER    23    0.0
 RUSER    18         291.97281
 RUSER    17         69.99900
 RUSER    19         1.03119
 RUSER    15         1.33200
 RUSER    16         632.80000
 RUSER    25         1
 RUSER    26         0
 END       0    0.00
 NY      162
  7.50000E-07  8.75000E-07  1.00000E-06  1.12500E-06  1.25000E-06  1.37500E-06
  1.50000E-06  1.62500E-06  1.75000E-06  1.87500E-06  2.00000E-06  2.25000E-06
  2.50000E-06  2.75000E-06  3.00000E-06  3.25000E-06  3.50000E-06  3.75000E-06
  4.00000E-06  4.50000E-06  5.00000E-06  5.50000E-06  6.00000E-06  6.50000E-06
  7.00000E-06  7.50000E-06  8.00000E-06  9.00000E-06  1.00000E-05  1.10000E-05
  1.20000E-05  1.30000E-05  1.40000E-05  1.50000E-05  1.60000E-05  1.80000E-05
  2.00000E-05  2.20000E-05  2.40000E-05  2.60000E-05  2.80000E-05  3.00000E-05
  3.20000E-05  3.60000E-05  4.00000E-05  4.40000E-05  4.80000E-05  5.20000E-05
  5.60000E-05  6.00000E-05  6.40000E-05  7.20000E-05  8.00000E-05  8.80000E-05
  9.60000E-05  1.04000E-04  1.12000E-04  1.20000E-04  1.28000E-04  1.44000E-04
  1.60000E-04  1.76000E-04  1.92000E-04  2.08000E-04  2.24000E-04  2.40000E-04
  2.56000E-04  2.88000E-04  3.20000E-04  3.52000E-04  3.84000E-04  4.16000E-04
  4.48000E-04  4.80000E-04  5.12000E-04  5.76000E-04  6.40000E-04  7.04000E-04
  7.68000E-04  8.32000E-04  8.96000E-04  9.60000E-04  1.02400E-03  1.15200E-03
  1.28000E-03  1.40800E-03  1.53600E-03  1.66400E-03  1.79200E-03  1.92000E-03
  2.01600E-03  2.27200E-03  2.52800E-03  2.78400E-03  3.04000E-03  3.29600E-03
  3.55200E-03  3.80800E-03  4.06400E-03  4.57600E-03  5.08800E-03  5.60000E-03
  6.11200E-03  6.62400E-03  7.13600E-03  7.64800E-03  8.16000E-03  9.18400E-03
  1.02080E-02  1.12320E-02  1.22560E-02  1.32800E-02  1.43040E-02  1.53280E-02
  1.63520E-02  1.84000E-02  2.04480E-02  2.24960E-02  2.45440E-02  2.65920E-02
  2.86400E-02  3.06880E-02  3.27360E-02  3.68320E-02  4.09280E-02  4.50240E-02
  4.91200E-02  5.32160E-02  5.73120E-02  6.14080E-02  6.55040E-02  7.36960E-02
  8.18880E-02  9.00800E-02  9.82720E-02  1.06464E-01  1.14656E-01  1.22848E-01
  1.31040E-01  1.47424E-01  1.63808E-01  1.80192E-01  1.96576E-01  2.12960E-01
  2.29344E-01  2.45728E-01  2.62112E-01  2.94880E-01  3.27648E-01  3.60416E-01
  3.93184E-01  4.25952E-01  4.58720E-01  4.91488E-01  5.24256E-01  5.89792E-01
  6.55328E-01  7.20864E-01  7.86400E-01  8.51936E-01  9.17472E-01  9.83008E-01
  9.98020E-01  9.98180E-01  1.00000E+00  9.95474E-01  9.97687E-01  9.99304E-01
  9.93553E-01  9.95010E-01  9.96116E-01  9.90627E-01  9.90758E-01  9.93779E-01
  9.87612E-01  9.94065E-01  9.93934E-01  9.92596E-01  9.93214E-01  9.91727E-01
  9.88694E-01  9.86351E-01  9.87820E-01  9.84751E-01  9.86613E-01  9.83449E-01
  9.85857E-01  9.81165E-01  9.79851E-01  9.80118E-01  9.77240E-01  9.74106E-01
  9.74516E-01  9.68920E-01  9.68593E-01  9.66428E-01  9.64941E-01  9.58470E-01
  9.56430E-01  9.52208E-01  9.47087E-01  9.42680E-01  9.39302E-01  9.33658E-01
  9.31024E-01  9.23399E-01  9.14913E-01  9.07645E-01  8.99408E-01  8.91956E-01
  8.84380E-01  8.77088E-01  8.68988E-01  8.54304E-01  8.39478E-01  8.25109E-01
  8.10889E-01  7.97805E-01  7.82961E-01  7.70418E-01  7.56912E-01  7.31119E-01
  7.06795E-01  6.82625E-01  6.59520E-01  6.37664E-01  6.15665E-01  5.94832E-01
  5.74690E-01  5.35474E-01  4.99254E-01  4.65780E-01  4.34460E-01  4.05975E-01
  3.78927E-01  3.53720E-01  3.30936E-01  2.89147E-01  2.52814E-01  2.20417E-01
  1.92303E-01  1.68246E-01  1.47162E-01  1.28220E-01  1.11362E-01  8.46704E-02
  6.53930E-02  5.09288E-02  4.00985E-02  3.24768E-02  2.68706E-02  2.22125E-02
  2.02212E-02  1.60557E-02  1.33301E-02  1.09888E-02  9.22579E-03  6.60513E-03
  3.45973E-03  3.88938E-03  5.43822E-03  5.87978E-03  5.11616E-03  3.04041E-03
  2.66018E-03  2.66433E-03  4.31302E-03  4.30887E-03  1.61779E-03 -1.76176E-03
 -6.81923E-04 -1.41310E-04  2.73032E-03  4.38746E-04 -2.49434E-03 -3.03722E-03
 -1.51896E-03  1.51119E-04  5.36407E-04  1.41942E-03 -1.11503E-03 -2.42397E-03
 -5.17373E-04  1.78888E-04  2.69829E-03  2.98522E-03 -1.48250E-03 -5.69744E-04
  1.21135E-03 -3.26277E-04  6.41327E-04 -5.20011E-04 -4.39053E-04 -6.83844E-04
 -6.99028E-04 -7.72024E-05 -6.05983E-04  9.31333E-04  1.40144E-03 -5.59131E-04
 -1.06521E-03  1.51528E-03  4.08930E-04 -6.43992E-04  3.29850E-03 -9.04862E-04
 -4.00850E-04 -1.58070E-03 -3.18947E-05  6.98046E-04  1.26641E-03  5.34862E-04
 -1.29867E-03 -6.79116E-04  1.48620E-04 -3.77013E-04 -1.03069E-03 -6.49737E-04
  6.76172E-05  4.81643E-04 -6.56624E-04  3.05489E-04  5.27164E-04  7.14812E-04
