AutoSaveFileName0267.ASC
 IFORMY    0    .00
 (6E13.7)
 IFORMT    0    .00
 (6E13.7)
 IFORMW    0    .00
 (6E13.7)
 NINTT     0   -1.00
 DOUSNQ    0    1.00
 IQUAD          1.00
 PRWT      0    1.00
 PRY       0    1.00
 IPLRES    1    3.00
 IPLRES    2    3.00
 IPRINT    1    0.00
 IPRINT    2    2.00
 IPLFIT    1    0.00
 IPLFIT    2    0.00
 LINEPG    0   50.
 NONNEG    1    1.00
 IWT       0    5.00
 NQPROG    1    5.00
 NQPROG    2    5.00
 GMNMX     1    1.105E-05
 GMNMX     2    1.105E-02
 RUSER    10    -1.00
 NG        0    200.00
 NLINF     0    0.00
 IUSER    10    4.00
 RUSER    21    1.0
 RUSER    22   -1.0
 RUSER    23    0.0
 RUSER    18         292.12228
 RUSER    17         103.99900
 RUSER    19         1.02738
 RUSER    15         1.33200
 RUSER    16         632.80000
 RUSER    25         1
 RUSER    26         0
 END       0    0.00
 NY      131
  3.75000E-07  5.00000E-07  6.25000E-07  7.50000E-07  8.75000E-07  1.00000E-06
  1.12500E-06  1.25000E-06  1.37500E-06  1.50000E-06  1.62500E-06  1.75000E-06
  1.87500E-06  2.00000E-06  2.25000E-06  2.50000E-06  2.75000E-06  3.00000E-06
  3.25000E-06  3.50000E-06  3.75000E-06  4.00000E-06  4.50000E-06  5.00000E-06
  5.50000E-06  6.00000E-06  6.50000E-06  7.00000E-06  7.50000E-06  8.00000E-06
  9.00000E-06  1.00000E-05  1.10000E-05  1.20000E-05  1.30000E-05  1.40000E-05
  1.50000E-05  1.60000E-05  1.80000E-05  2.00000E-05  2.20000E-05  2.40000E-05
  2.60000E-05  2.80000E-05  3.00000E-05  3.20000E-05  3.60000E-05  4.00000E-05
  4.40000E-05  4.80000E-05  5.20000E-05  5.60000E-05  6.00000E-05  6.40000E-05
  7.20000E-05  8.00000E-05  8.80000E-05  9.60000E-05  1.04000E-04  1.12000E-04
  1.20000E-04  1.28000E-04  1.44000E-04  1.60000E-04  1.76000E-04  1.92000E-04
  2.08000E-04  2.24000E-04  2.40000E-04  2.56000E-04  2.88000E-04  3.20000E-04
  3.52000E-04  3.84000E-04  4.16000E-04  4.48000E-04  4.80000E-04  5.12000E-04
  5.76000E-04  6.40000E-04  7.04000E-04  7.68000E-04  8.32000E-04  8.96000E-04
  9.60000E-04  1.02400E-03  1.15200E-03  1.28000E-03  1.40800E-03  1.53600E-03
  1.66400E-03  1.79200E-03  1.92000E-03  2.01600E-03  2.27200E-03  2.52800E-03
  2.78400E-03  3.04000E-03  3.29600E-03  3.55200E-03  3.80800E-03  4.06400E-03
  4.57600E-03  5.08800E-03  5.60000E-03  6.11200E-03  6.62400E-03  7.13600E-03
  7.64800E-03  8.16000E-03  9.18400E-03  1.02080E-02  1.12320E-02  1.22560E-02
  1.32800E-02  1.43040E-02  1.53280E-02  1.63520E-02  1.84000E-02  2.04480E-02
  2.24960E-02  2.45440E-02  2.65920E-02  2.86400E-02  3.06880E-02  3.27360E-02
  3.68320E-02  4.09280E-02  4.50240E-02  4.91200E-02  5.32160E-02
  7.91360E-01  7.89240E-01  7.88530E-01  7.89693E-01  7.90419E-01  7.86371E-01
  7.88240E-01  7.88874E-01  7.88798E-01  7.87815E-01  7.86428E-01  7.84155E-01
  7.84989E-01  7.86634E-01  7.85998E-01  7.85394E-01  7.86539E-01  7.86742E-01
  7.81979E-01  7.84812E-01  7.85413E-01  7.83842E-01  7.85509E-01  7.84501E-01
  7.82620E-01  7.83990E-01  7.84393E-01  7.83284E-01  7.83886E-01  7.83148E-01
  7.81773E-01  7.81542E-01  7.81670E-01  7.80101E-01  7.79575E-01  7.79687E-01
  7.79123E-01  7.78241E-01  7.78081E-01  7.76832E-01  7.75466E-01  7.74917E-01
  7.73508E-01  7.72952E-01  7.72115E-01  7.71339E-01  7.68545E-01  7.66911E-01
  7.64691E-01  7.62993E-01  7.60369E-01  7.58665E-01  7.56631E-01  7.55026E-01
  7.51045E-01  7.46784E-01  7.43160E-01  7.39047E-01  7.35317E-01  7.31371E-01
  7.27709E-01  7.23564E-01  7.15893E-01  7.08281E-01  7.01018E-01  6.93837E-01
  6.86464E-01  6.79541E-01  6.72429E-01  6.65365E-01  6.51318E-01  6.37871E-01
  6.24510E-01  6.11688E-01  5.99067E-01  5.87047E-01  5.74860E-01  5.62959E-01
  5.40310E-01  5.18654E-01  4.97970E-01  4.78173E-01  4.59409E-01  4.41570E-01
  4.24697E-01  4.08843E-01  3.78338E-01  3.49872E-01  3.23204E-01  2.98260E-01
  2.74932E-01  2.53435E-01  2.33602E-01  2.18878E-01  1.83998E-01  1.54255E-01
  1.29438E-01  1.09367E-01  9.30071E-02  7.92065E-02  6.71647E-02  5.74957E-02
  3.96053E-02  2.53712E-02  1.75956E-02  1.16491E-02  6.87962E-03  4.16351E-03
  3.42664E-03  5.32160E-03  6.16974E-03  7.41641E-04 -5.73791E-03 -5.30058E-03
 -2.91788E-03 -1.95404E-03 -9.89002E-04 -2.51185E-03 -1.48152E-03  3.11933E-03
  1.93650E-03 -1.37339E-03 -3.01755E-04  2.97602E-03  2.62458E-03 -1.90284E-03
  3.00525E-03  4.11702E-03  5.55500E-03 -2.52336E-03 -2.79996E-03
