AutoSaveFileName0172.ASC
 IFORMY    0    .00
 (6E13.7)
 IFORMT    0    .00
 (6E13.7)
 IFORMW    0    .00
 (6E13.7)
 NINTT     0   -1.00
 DOUSNQ    0    1.00
 IQUAD     0    1.00
 PRWT      0    1.00
 PRY       0    1.00
 IPLRES    1    3.00
 IPLRES    2    3.00
 IPRINT    1    0.00
 IPRINT    2    2.00
 IPLFIT    1    0.00
 IPLFIT    2    0.00
 LINEPG    0   50.
 NONNEG    1    1.00
 IWT       0    5.00
 NQPROG    1    5.00
 NQPROG    2    5.00
 GMNMX     1    4.57250E-03
 GMNMX     2    1.64141E-03
 RUSER    10    -1.00
 NG        0    500.00
 NLINF     0    1.00
 IUSER    10    4.00
 RUSER    21    1.0
 RUSER    22   -1.0
 RUSER    23    0.0
 RUSER    18         292.03201
 RUSER    17         99.99900
 RUSER    19         1.02968
 RUSER    15         1.33200
 RUSER    16         632.80000
 RUSER    25         1
 RUSER    26         0
 END       0    0.00
 NY      162
  7.50000E-07  8.75000E-07  1.00000E-06  1.12500E-06  1.25000E-06  1.37500E-06
  1.50000E-06  1.62500E-06  1.75000E-06  1.87500E-06  2.00000E-06  2.25000E-06
  2.50000E-06  2.75000E-06  3.00000E-06  3.25000E-06  3.50000E-06  3.75000E-06
  4.00000E-06  4.50000E-06  5.00000E-06  5.50000E-06  6.00000E-06  6.50000E-06
  7.00000E-06  7.50000E-06  8.00000E-06  9.00000E-06  1.00000E-05  1.10000E-05
  1.20000E-05  1.30000E-05  1.40000E-05  1.50000E-05  1.60000E-05  1.80000E-05
  2.00000E-05  2.20000E-05  2.40000E-05  2.60000E-05  2.80000E-05  3.00000E-05
  3.20000E-05  3.60000E-05  4.00000E-05  4.40000E-05  4.80000E-05  5.20000E-05
  5.60000E-05  6.00000E-05  6.40000E-05  7.20000E-05  8.00000E-05  8.80000E-05
  9.60000E-05  1.04000E-04  1.12000E-04  1.20000E-04  1.28000E-04  1.44000E-04
  1.60000E-04  1.76000E-04  1.92000E-04  2.08000E-04  2.24000E-04  2.40000E-04
  2.56000E-04  2.88000E-04  3.20000E-04  3.52000E-04  3.84000E-04  4.16000E-04
  4.48000E-04  4.80000E-04  5.12000E-04  5.76000E-04  6.40000E-04  7.04000E-04
  7.68000E-04  8.32000E-04  8.96000E-04  9.60000E-04  1.02400E-03  1.15200E-03
  1.28000E-03  1.40800E-03  1.53600E-03  1.66400E-03  1.79200E-03  1.92000E-03
  2.01600E-03  2.27200E-03  2.52800E-03  2.78400E-03  3.04000E-03  3.29600E-03
  3.55200E-03  3.80800E-03  4.06400E-03  4.57600E-03  5.08800E-03  5.60000E-03
  6.11200E-03  6.62400E-03  7.13600E-03  7.64800E-03  8.16000E-03  9.18400E-03
  1.02080E-02  1.12320E-02  1.22560E-02  1.32800E-02  1.43040E-02  1.53280E-02
  1.63520E-02  1.84000E-02  2.04480E-02  2.24960E-02  2.45440E-02  2.65920E-02
  2.86400E-02  3.06880E-02  3.27360E-02  3.68320E-02  4.09280E-02  4.50240E-02
  4.91200E-02  5.32160E-02  5.73120E-02  6.14080E-02  6.55040E-02  7.36960E-02
  8.18880E-02  9.00800E-02  9.82720E-02  1.06464E-01  1.14656E-01  1.22848E-01
  1.31040E-01  1.47424E-01  1.63808E-01  1.80192E-01  1.96576E-01  2.12960E-01
  2.29344E-01  2.45728E-01  2.62112E-01  2.94880E-01  3.27648E-01  3.60416E-01
  3.93184E-01  4.25952E-01  4.58720E-01  4.91488E-01  5.24256E-01  5.89792E-01
  6.55328E-01  7.20864E-01  7.86400E-01  8.51936E-01  9.17472E-01  9.83008E-01
  1.00000E+00  9.96322E-01  9.91917E-01  9.95524E-01  9.91831E-01  9.96139E-01
  9.89640E-01  9.94750E-01  9.91539E-01  9.92629E-01  9.89208E-01  9.88387E-01
  9.85367E-01  9.88784E-01  9.85865E-01  9.85242E-01  9.86651E-01  9.82401E-01
  9.81377E-01  9.82265E-01  9.77365E-01  9.75936E-01  9.74738E-01  9.72663E-01
  9.71620E-01  9.68293E-01  9.66857E-01  9.62903E-01  9.59384E-01  9.56539E-01
  9.52659E-01  9.50192E-01  9.44054E-01  9.41563E-01  9.37656E-01  9.29615E-01
  9.23100E-01  9.15075E-01  9.07260E-01  9.01551E-01  8.94001E-01  8.85839E-01
  8.80554E-01  8.67003E-01  8.53498E-01  8.39868E-01  8.26815E-01  8.14030E-01
  8.01043E-01  7.88398E-01  7.76727E-01  7.53083E-01  7.29553E-01  7.07973E-01
  6.85917E-01  6.64905E-01  6.44313E-01  6.24671E-01  6.05896E-01  5.69565E-01
  5.35223E-01  5.03038E-01  4.72545E-01  4.44469E-01  4.17362E-01  3.92714E-01
  3.69304E-01  3.26802E-01  2.88855E-01  2.55819E-01  2.26086E-01  2.00126E-01
  1.77063E-01  1.56014E-01  1.38289E-01  1.07385E-01  8.38895E-02  6.62881E-02
  5.25245E-02  4.17323E-02  3.29038E-02  2.60643E-02  2.07264E-02  1.16281E-02
  6.09282E-03  1.98505E-03  4.86894E-04 -1.33383E-04 -6.07153E-04 -7.11456E-04
 -1.36692E-03 -1.35489E-03 -1.03804E-03 -6.16856E-04 -1.01383E-03 -1.50671E-03
 -1.18089E-03  8.90218E-04  4.60709E-04 -2.52406E-03 -2.21843E-03 -1.80035E-03
 -2.04950E-03  3.71981E-04  1.57668E-03 -9.08661E-04  1.44984E-04 -5.51885E-04
 -7.17749E-05  1.80458E-03  5.99167E-04  4.01401E-04 -7.08249E-04 -2.63228E-03
 -5.20026E-04 -3.48834E-04 -1.75689E-03 -1.33746E-03  5.40127E-04 -1.43104E-03
 -9.50164E-04  5.14036E-04 -2.11363E-04  1.05353E-03  2.64754E-03 -7.02936E-06
  1.22111E-03 -4.41445E-04  6.09426E-04 -1.09642E-03 -6.91899E-04 -4.72226E-04
 -6.57619E-04  2.61036E-04  7.62027E-04  6.76962E-04 -2.44740E-05  1.22059E-03
  4.41133E-04 -3.19075E-04 -4.10535E-05  5.35570E-04  1.17612E-03  5.44646E-04
 -1.26936E-03 -2.45579E-04 -1.70081E-04  3.47579E-04 -3.88393E-04 -5.40625E-06
  6.77530E-04  2.59497E-04  2.96439E-04 -4.79130E-04 -1.89790E-04  1.55557E-04
 -3.80452E-05  1.34591E-04 -2.24606E-04  1.64555E-04 -2.96424E-04  2.95218E-05
