AutoSaveFileName0250.ASC
 IFORMY    0    .00
 (6E13.7)
 IFORMT    0    .00
 (6E13.7)
 IFORMW    0    .00
 (6E13.7)
 NINTT     0   -1.00
 DOUSNQ    0    1.00
 IQUAD     0    1.00
 PRWT      0    1.00
 PRY       0    1.00
 IPLRES    1    3.00
 IPLRES    2    3.00
 IPRINT    1    0.00
 IPRINT    2    2.00
 IPLFIT    1    0.00
 IPLFIT    2    0.00
 LINEPG    0   50.
 NONNEG    1    1.00
 IWT       0    5.00
 NQPROG    1    5.00
 NQPROG    2    5.00
 GMNMX     1    3.03039E-03
 GMNMX     2    1.08783E-03
 RUSER    10    -1.00
 NG        0    500.00
 NLINF     0    1.00
 IUSER    10    4.00
 RUSER    21    1.0
 RUSER    22   -1.0
 RUSER    23    0.0
 RUSER    18         292.12914
 RUSER    17         139.99900
 RUSER    19         1.02721
 RUSER    15         1.33200
 RUSER    16         632.80000
 RUSER    25         1
 RUSER    26         0
 END       0    0.00
 NY      162
  7.50000E-07  8.75000E-07  1.00000E-06  1.12500E-06  1.25000E-06  1.37500E-06
  1.50000E-06  1.62500E-06  1.75000E-06  1.87500E-06  2.00000E-06  2.25000E-06
  2.50000E-06  2.75000E-06  3.00000E-06  3.25000E-06  3.50000E-06  3.75000E-06
  4.00000E-06  4.50000E-06  5.00000E-06  5.50000E-06  6.00000E-06  6.50000E-06
  7.00000E-06  7.50000E-06  8.00000E-06  9.00000E-06  1.00000E-05  1.10000E-05
  1.20000E-05  1.30000E-05  1.40000E-05  1.50000E-05  1.60000E-05  1.80000E-05
  2.00000E-05  2.20000E-05  2.40000E-05  2.60000E-05  2.80000E-05  3.00000E-05
  3.20000E-05  3.60000E-05  4.00000E-05  4.40000E-05  4.80000E-05  5.20000E-05
  5.60000E-05  6.00000E-05  6.40000E-05  7.20000E-05  8.00000E-05  8.80000E-05
  9.60000E-05  1.04000E-04  1.12000E-04  1.20000E-04  1.28000E-04  1.44000E-04
  1.60000E-04  1.76000E-04  1.92000E-04  2.08000E-04  2.24000E-04  2.40000E-04
  2.56000E-04  2.88000E-04  3.20000E-04  3.52000E-04  3.84000E-04  4.16000E-04
  4.48000E-04  4.80000E-04  5.12000E-04  5.76000E-04  6.40000E-04  7.04000E-04
  7.68000E-04  8.32000E-04  8.96000E-04  9.60000E-04  1.02400E-03  1.15200E-03
  1.28000E-03  1.40800E-03  1.53600E-03  1.66400E-03  1.79200E-03  1.92000E-03
  2.01600E-03  2.27200E-03  2.52800E-03  2.78400E-03  3.04000E-03  3.29600E-03
  3.55200E-03  3.80800E-03  4.06400E-03  4.57600E-03  5.08800E-03  5.60000E-03
  6.11200E-03  6.62400E-03  7.13600E-03  7.64800E-03  8.16000E-03  9.18400E-03
  1.02080E-02  1.12320E-02  1.22560E-02  1.32800E-02  1.43040E-02  1.53280E-02
  1.63520E-02  1.84000E-02  2.04480E-02  2.24960E-02  2.45440E-02  2.65920E-02
  2.86400E-02  3.06880E-02  3.27360E-02  3.68320E-02  4.09280E-02  4.50240E-02
  4.91200E-02  5.32160E-02  5.73120E-02  6.14080E-02  6.55040E-02  7.36960E-02
  8.18880E-02  9.00800E-02  9.82720E-02  1.06464E-01  1.14656E-01  1.22848E-01
  1.31040E-01  1.47424E-01  1.63808E-01  1.80192E-01  1.96576E-01  2.12960E-01
  2.29344E-01  2.45728E-01  2.62112E-01  2.94880E-01  3.27648E-01  3.60416E-01
  3.93184E-01  4.25952E-01  4.58720E-01  4.91488E-01  5.24256E-01  5.89792E-01
  6.55328E-01  7.20864E-01  7.86400E-01  8.51936E-01  9.17472E-01  9.83008E-01
  1.00000E+00  9.93754E-01  9.88007E-01  9.90844E-01  9.89156E-01  9.88491E-01
  9.88827E-01  9.85702E-01  9.81875E-01  9.83917E-01  9.83572E-01  9.83173E-01
  9.79185E-01  9.78350E-01  9.79042E-01  9.73417E-01  9.75803E-01  9.78674E-01
  9.74962E-01  9.66665E-01  9.63872E-01  9.64788E-01  9.57968E-01  9.58164E-01
  9.56138E-01  9.52322E-01  9.47349E-01  9.41406E-01  9.37187E-01  9.31417E-01
  9.28993E-01  9.19920E-01  9.15257E-01  9.11705E-01  9.04181E-01  8.93823E-01
  8.81752E-01  8.72800E-01  8.60656E-01  8.51328E-01  8.40608E-01  8.30714E-01
  8.20528E-01  8.00629E-01  7.81434E-01  7.62850E-01  7.45594E-01  7.27697E-01
  7.10039E-01  6.93686E-01  6.76919E-01  6.45027E-01  6.14451E-01  5.85029E-01
  5.57353E-01  5.30343E-01  5.04977E-01  4.81929E-01  4.59024E-01  4.16561E-01
  3.77618E-01  3.42904E-01  3.11647E-01  2.82777E-01  2.56200E-01  2.33299E-01
  2.13254E-01  1.76624E-01  1.45597E-01  1.20557E-01  1.00464E-01  8.32585E-02
  6.87940E-02  5.77807E-02  4.89913E-02  3.43063E-02  2.42242E-02  1.72228E-02
  1.23874E-02  9.70428E-03  8.03871E-03  6.79786E-03  5.38012E-03  3.38990E-03
  2.13328E-03 -2.93740E-04  6.58677E-04  2.13468E-03  5.41941E-04 -7.35339E-04
 -4.17689E-05  3.13566E-03 -3.03677E-04 -3.57872E-03 -8.76497E-04  2.40669E-03
  1.08094E-03  1.95261E-04  4.10749E-03  4.65245E-03  7.22601E-03  5.79691E-03
  5.00785E-03 -2.10974E-04 -1.55405E-03  2.62590E-04 -1.09790E-03 -2.79660E-03
 -8.16359E-04 -1.14034E-03  3.42723E-03  1.73414E-03  2.38399E-03  5.94265E-04
 -1.07083E-03  4.11482E-04  2.64127E-04  4.65353E-04 -9.62374E-04 -9.77197E-04
  1.67980E-03  1.39545E-03 -5.69635E-04  3.11021E-03 -7.35500E-04 -7.57485E-04
 -5.11111E-04 -1.52503E-04  1.45523E-04  1.05344E-04  2.70520E-04 -6.16606E-06
 -6.26251E-04  7.85006E-04  1.26092E-03 -1.63193E-04  7.47004E-04  1.20397E-03
  9.34294E-04  8.54773E-04  8.37587E-04  9.89054E-06 -1.17071E-05  8.72092E-04
  4.46190E-04  2.17395E-04  4.31815E-04 -9.26780E-05  4.29958E-04  8.72405E-04
  6.07337E-04  4.28147E-04 -1.99247E-04 -9.54380E-05  7.94975E-04 -2.25202E-04
  4.38533E-04  3.47422E-04  3.56738E-04  1.74612E-04 -2.10419E-04  1.42281E-04
