AutoSaveFileName0233.ASC
 IFORMY    0    .00
 (6E13.7)
 IFORMT    0    .00
 (6E13.7)
 IFORMW    0    .00
 (6E13.7)
 NINTT     0   -1.00
 DOUSNQ    0    1.00
 IQUAD     0    1.00
 PRWT      0    1.00
 PRY       0    1.00
 IPLRES    1    3.00
 IPLRES    2    3.00
 IPRINT    1    0.00
 IPRINT    2    2.00
 IPLFIT    1    0.00
 IPLFIT    2    0.00
 LINEPG    0   50.
 NONNEG    1    1.00
 IWT       0    5.00
 NQPROG    1    5.00
 NQPROG    2    5.00
 GMNMX     1    3.25946E-03
 GMNMX     2    1.17006E-03
 RUSER    10    -1.00
 NG        0    500.00
 NLINF     0    1.00
 IUSER    10    4.00
 RUSER    21    1.0
 RUSER    22   -1.0
 RUSER    23    0.0
 RUSER    18         292.11072
 RUSER    17         129.99900
 RUSER    19         1.02768
 RUSER    15         1.33200
 RUSER    16         632.80000
 RUSER    25         1
 RUSER    26         0
 END       0    0.00
 NY      162
  7.50000E-07  8.75000E-07  1.00000E-06  1.12500E-06  1.25000E-06  1.37500E-06
  1.50000E-06  1.62500E-06  1.75000E-06  1.87500E-06  2.00000E-06  2.25000E-06
  2.50000E-06  2.75000E-06  3.00000E-06  3.25000E-06  3.50000E-06  3.75000E-06
  4.00000E-06  4.50000E-06  5.00000E-06  5.50000E-06  6.00000E-06  6.50000E-06
  7.00000E-06  7.50000E-06  8.00000E-06  9.00000E-06  1.00000E-05  1.10000E-05
  1.20000E-05  1.30000E-05  1.40000E-05  1.50000E-05  1.60000E-05  1.80000E-05
  2.00000E-05  2.20000E-05  2.40000E-05  2.60000E-05  2.80000E-05  3.00000E-05
  3.20000E-05  3.60000E-05  4.00000E-05  4.40000E-05  4.80000E-05  5.20000E-05
  5.60000E-05  6.00000E-05  6.40000E-05  7.20000E-05  8.00000E-05  8.80000E-05
  9.60000E-05  1.04000E-04  1.12000E-04  1.20000E-04  1.28000E-04  1.44000E-04
  1.60000E-04  1.76000E-04  1.92000E-04  2.08000E-04  2.24000E-04  2.40000E-04
  2.56000E-04  2.88000E-04  3.20000E-04  3.52000E-04  3.84000E-04  4.16000E-04
  4.48000E-04  4.80000E-04  5.12000E-04  5.76000E-04  6.40000E-04  7.04000E-04
  7.68000E-04  8.32000E-04  8.96000E-04  9.60000E-04  1.02400E-03  1.15200E-03
  1.28000E-03  1.40800E-03  1.53600E-03  1.66400E-03  1.79200E-03  1.92000E-03
  2.01600E-03  2.27200E-03  2.52800E-03  2.78400E-03  3.04000E-03  3.29600E-03
  3.55200E-03  3.80800E-03  4.06400E-03  4.57600E-03  5.08800E-03  5.60000E-03
  6.11200E-03  6.62400E-03  7.13600E-03  7.64800E-03  8.16000E-03  9.18400E-03
  1.02080E-02  1.12320E-02  1.22560E-02  1.32800E-02  1.43040E-02  1.53280E-02
  1.63520E-02  1.84000E-02  2.04480E-02  2.24960E-02  2.45440E-02  2.65920E-02
  2.86400E-02  3.06880E-02  3.27360E-02  3.68320E-02  4.09280E-02  4.50240E-02
  4.91200E-02  5.32160E-02  5.73120E-02  6.14080E-02  6.55040E-02  7.36960E-02
  8.18880E-02  9.00800E-02  9.82720E-02  1.06464E-01  1.14656E-01  1.22848E-01
  1.31040E-01  1.47424E-01  1.63808E-01  1.80192E-01  1.96576E-01  2.12960E-01
  2.29344E-01  2.45728E-01  2.62112E-01  2.94880E-01  3.27648E-01  3.60416E-01
  3.93184E-01  4.25952E-01  4.58720E-01  4.91488E-01  5.24256E-01  5.89792E-01
  6.55328E-01  7.20864E-01  7.86400E-01  8.51936E-01  9.17472E-01  9.83008E-01
  9.98387E-01  9.95549E-01  1.00000E+00  9.96246E-01  9.92786E-01  9.91169E-01
  9.90123E-01  9.91018E-01  9.88299E-01  9.88323E-01  9.85458E-01  9.85153E-01
  9.82223E-01  9.83596E-01  9.83854E-01  9.78819E-01  9.80355E-01  9.78276E-01
  9.76290E-01  9.73061E-01  9.71083E-01  9.68159E-01  9.65597E-01  9.62326E-01
  9.60684E-01  9.57674E-01  9.54626E-01  9.48565E-01  9.43307E-01  9.38883E-01
  9.32801E-01  9.27084E-01  9.23778E-01  9.19306E-01  9.13563E-01  9.02206E-01
  8.93141E-01  8.83507E-01  8.74931E-01  8.64072E-01  8.53845E-01  8.44155E-01
  8.35235E-01  8.16121E-01  7.98507E-01  7.81418E-01  7.63891E-01  7.46692E-01
  7.30878E-01  7.14412E-01  6.98732E-01  6.68036E-01  6.38935E-01  6.11452E-01
  5.84320E-01  5.59344E-01  5.34593E-01  5.11375E-01  4.89085E-01  4.47233E-01
  4.09198E-01  3.74219E-01  3.42224E-01  3.13479E-01  2.86999E-01  2.62776E-01
  2.40999E-01  2.02069E-01  1.69813E-01  1.42577E-01  1.19445E-01  1.00389E-01
  8.38746E-02  7.00938E-02  5.91775E-02  4.14345E-02  2.94246E-02  2.13126E-02
  1.53433E-02  1.12136E-02  8.27499E-03  6.53221E-03  5.31580E-03  3.63281E-03
  1.87963E-03  3.80725E-04 -3.89129E-04 -6.60851E-04 -1.25641E-03 -1.50996E-04
  6.48916E-04  9.16335E-04  9.82695E-04  1.48926E-03  1.63046E-03 -6.48370E-04
 -4.47020E-04  7.19320E-04 -2.77550E-04  8.53157E-04 -3.62779E-04 -5.26127E-04
  2.42883E-03  3.64938E-03  5.14470E-04 -3.08474E-04 -4.85654E-04  5.28351E-06
 -3.79418E-04 -8.54438E-04 -1.44554E-03  3.99475E-04  5.37436E-04  4.14055E-04
  4.03418E-04  2.20745E-04  7.93641E-04 -5.00308E-04  5.20392E-04  8.17865E-04
 -9.04569E-04  4.14532E-04  4.92237E-04  2.26750E-04 -1.87984E-05  2.85537E-04
 -4.87321E-04  1.27113E-03  1.65465E-03 -4.19122E-04 -1.86278E-04  4.37513E-04
 -2.95267E-04 -1.95565E-04 -3.67829E-04 -9.53585E-05  1.75455E-04 -6.81987E-04
  2.79986E-04 -2.79002E-05 -4.41907E-04 -1.38928E-04 -6.39225E-04  9.18814E-05
 -3.37595E-04 -3.99501E-04 -6.52035E-05  1.03335E-05  3.39710E-04  2.56874E-04
  3.21521E-04  7.40587E-07 -3.44398E-05 -2.07094E-04 -1.47848E-04 -6.56741E-05
  2.22383E-04 -1.34465E-04 -1.17623E-05 -3.40828E-04  1.17862E-04 -1.14262E-05
