AutoSaveFileName0212.ASC
 IFORMY    0    .00
 (6E13.7)
 IFORMT    0    .00
 (6E13.7)
 IFORMW    0    .00
 (6E13.7)
 NINTT     0   -1.00
 DOUSNQ    0    1.00
 IQUAD          1.00
 PRWT      0    1.00
 PRY       0    1.00
 IPLRES    1    3.00
 IPLRES    2    3.00
 IPRINT    1    0.00
 IPRINT    2    2.00
 IPLFIT    1    0.00
 IPLFIT    2    0.00
 LINEPG    0   50.
 NONNEG    1    1.00
 IWT       0    5.00
 NQPROG    1    5.00
 NQPROG    2    5.00
 GMNMX     1    1.507E-05
 GMNMX     2    1.507E-02
 RUSER    10    -1.00
 NG        0    200.00
 NLINF     0    0.00
 IUSER    10    4.00
 RUSER    21    1.0
 RUSER    22   -1.0
 RUSER    23    0.0
 RUSER    18         292.04521
 RUSER    17         84.99900
 RUSER    19         1.02934
 RUSER    15         1.33200
 RUSER    16         632.80000
 RUSER    25         1
 RUSER    26         0
 END       0    0.00
 NY      131
  3.75000E-07  5.00000E-07  6.25000E-07  7.50000E-07  8.75000E-07  1.00000E-06
  1.12500E-06  1.25000E-06  1.37500E-06  1.50000E-06  1.62500E-06  1.75000E-06
  1.87500E-06  2.00000E-06  2.25000E-06  2.50000E-06  2.75000E-06  3.00000E-06
  3.25000E-06  3.50000E-06  3.75000E-06  4.00000E-06  4.50000E-06  5.00000E-06
  5.50000E-06  6.00000E-06  6.50000E-06  7.00000E-06  7.50000E-06  8.00000E-06
  9.00000E-06  1.00000E-05  1.10000E-05  1.20000E-05  1.30000E-05  1.40000E-05
  1.50000E-05  1.60000E-05  1.80000E-05  2.00000E-05  2.20000E-05  2.40000E-05
  2.60000E-05  2.80000E-05  3.00000E-05  3.20000E-05  3.60000E-05  4.00000E-05
  4.40000E-05  4.80000E-05  5.20000E-05  5.60000E-05  6.00000E-05  6.40000E-05
  7.20000E-05  8.00000E-05  8.80000E-05  9.60000E-05  1.04000E-04  1.12000E-04
  1.20000E-04  1.28000E-04  1.44000E-04  1.60000E-04  1.76000E-04  1.92000E-04
  2.08000E-04  2.24000E-04  2.40000E-04  2.56000E-04  2.88000E-04  3.20000E-04
  3.52000E-04  3.84000E-04  4.16000E-04  4.48000E-04  4.80000E-04  5.12000E-04
  5.76000E-04  6.40000E-04  7.04000E-04  7.68000E-04  8.32000E-04  8.96000E-04
  9.60000E-04  1.02400E-03  1.15200E-03  1.28000E-03  1.40800E-03  1.53600E-03
  1.66400E-03  1.79200E-03  1.92000E-03  2.01600E-03  2.27200E-03  2.52800E-03
  2.78400E-03  3.04000E-03  3.29600E-03  3.55200E-03  3.80800E-03  4.06400E-03
  4.57600E-03  5.08800E-03  5.60000E-03  6.11200E-03  6.62400E-03  7.13600E-03
  7.64800E-03  8.16000E-03  9.18400E-03  1.02080E-02  1.12320E-02  1.22560E-02
  1.32800E-02  1.43040E-02  1.53280E-02  1.63520E-02  1.84000E-02  2.04480E-02
  2.24960E-02  2.45440E-02  2.65920E-02  2.86400E-02  3.06880E-02  3.27360E-02
  3.68320E-02  4.09280E-02  4.50240E-02  4.91200E-02  5.32160E-02
  2.21888E+00  2.21611E+00  2.21203E+00  2.21825E+00  2.21409E+00  2.21299E+00
  2.21315E+00  2.20777E+00  2.20763E+00  2.21001E+00  2.20733E+00  2.20346E+00
  2.21298E+00  2.20829E+00  2.20904E+00  2.20398E+00  2.20985E+00  2.20956E+00
  2.20734E+00  2.20939E+00  2.20629E+00  2.20729E+00  2.20391E+00  2.20603E+00
  2.20455E+00  2.20632E+00  2.20337E+00  2.20051E+00  2.20448E+00  2.20245E+00
  2.20082E+00  2.20183E+00  2.19813E+00  2.19920E+00  2.19627E+00  2.19728E+00
  2.19592E+00  2.19475E+00  2.19206E+00  2.19128E+00  2.18823E+00  2.18661E+00
  2.18407E+00  2.18194E+00  2.18034E+00  2.17772E+00  2.17398E+00  2.16921E+00
  2.16502E+00  2.15965E+00  2.15657E+00  2.15290E+00  2.14842E+00  2.14421E+00
  2.13609E+00  2.12813E+00  2.11940E+00  2.11102E+00  2.10354E+00  2.09521E+00
  2.08671E+00  2.07847E+00  2.06229E+00  2.04575E+00  2.03053E+00  2.01416E+00
  1.99884E+00  1.98362E+00  1.96785E+00  1.95255E+00  1.92285E+00  1.89329E+00
  1.86397E+00  1.83539E+00  1.80701E+00  1.77946E+00  1.75228E+00  1.72613E+00
  1.67417E+00  1.62390E+00  1.57543E+00  1.52808E+00  1.48276E+00  1.43894E+00
  1.39609E+00  1.35515E+00  1.27627E+00  1.20172E+00  1.13116E+00  1.06545E+00
  1.00375E+00  9.46075E-01  8.91446E-01  8.51721E-01  7.57072E-01  6.73782E-01
  6.01001E-01  5.36470E-01  4.78455E-01  4.27249E-01  3.82591E-01  3.44949E-01
  2.78971E-01  2.27747E-01  1.89774E-01  1.61102E-01  1.36146E-01  1.15121E-01
  9.77924E-02  8.30246E-02  5.63117E-02  4.00114E-02  2.96411E-02  2.23946E-02
  1.37152E-02  1.32658E-02  1.76368E-02  1.32219E-02  7.27852E-03  5.21065E-04
 -9.59276E-03 -5.49010E-03 -1.98898E-03 -4.96210E-03 -7.56093E-03 -9.49860E-03
 -7.88511E-03 -6.90087E-03 -2.12065E-02 -6.36830E-03  1.28626E-02
