AutoSaveFileName0118.ASC
 IFORMY    0    .00
 (6E13.7)
 IFORMT    0    .00
 (6E13.7)
 IFORMW    0    .00
 (6E13.7)
 NINTT     0   -1.00
 DOUSNQ    0    1.00
 IQUAD          1.00
 PRWT      0    1.00
 PRY       0    1.00
 IPLRES    1    3.00
 IPLRES    2    3.00
 IPRINT    1    0.00
 IPRINT    2    2.00
 IPLFIT    1    0.00
 IPLFIT    2    0.00
 LINEPG    0   50.
 NONNEG    1    1.00
 IWT       0    5.00
 NQPROG    1    5.00
 NQPROG    2    5.00
 GMNMX     1    2.081E-05
 GMNMX     2    2.081E-02
 RUSER    10    -1.00
 NG        0    200.00
 NLINF     0    0.00
 IUSER    10    4.00
 RUSER    21    1.0
 RUSER    22   -1.0
 RUSER    23    0.0
 RUSER    18         292.20240
 RUSER    17         69.99800
 RUSER    19         1.02535
 RUSER    15         1.33200
 RUSER    16         632.80000
 RUSER    25         1
 RUSER    26         0
 END       0    0.00
 NY      188
  5.00000E-07  6.25000E-07  7.50000E-07  8.75000E-07  1.00000E-06  1.12500E-06
  1.25000E-06  1.37500E-06  1.50000E-06  1.62500E-06  1.75000E-06  1.87500E-06
  2.00000E-06  2.25000E-06  2.50000E-06  2.75000E-06  3.00000E-06  3.25000E-06
  3.50000E-06  3.75000E-06  4.00000E-06  4.50000E-06  5.00000E-06  5.50000E-06
  6.00000E-06  6.50000E-06  7.00000E-06  7.50000E-06  8.00000E-06  9.00000E-06
  1.00000E-05  1.10000E-05  1.20000E-05  1.30000E-05  1.40000E-05  1.50000E-05
  1.60000E-05  1.80000E-05  2.00000E-05  2.20000E-05  2.40000E-05  2.60000E-05
  2.80000E-05  3.00000E-05  3.20000E-05  3.60000E-05  4.00000E-05  4.40000E-05
  4.80000E-05  5.20000E-05  5.60000E-05  6.00000E-05  6.40000E-05  7.20000E-05
  8.00000E-05  8.80000E-05  9.60000E-05  1.04000E-04  1.12000E-04  1.20000E-04
  1.28000E-04  1.44000E-04  1.60000E-04  1.76000E-04  1.92000E-04  2.08000E-04
  2.24000E-04  2.40000E-04  2.56000E-04  2.88000E-04  3.20000E-04  3.52000E-04
  3.84000E-04  4.16000E-04  4.48000E-04  4.80000E-04  5.12000E-04  5.76000E-04
  6.40000E-04  7.04000E-04  7.68000E-04  8.32000E-04  8.96000E-04  9.60000E-04
  1.02400E-03  1.15200E-03  1.28000E-03  1.40800E-03  1.53600E-03  1.66400E-03
  1.79200E-03  1.92000E-03  2.01600E-03  2.27200E-03  2.52800E-03  2.78400E-03
  3.04000E-03  3.29600E-03  3.55200E-03  3.80800E-03  4.06400E-03  4.57600E-03
  5.08800E-03  5.60000E-03  6.11200E-03  6.62400E-03  7.13600E-03  7.64800E-03
  8.16000E-03  9.18400E-03  1.02080E-02  1.12320E-02  1.22560E-02  1.32800E-02
  1.43040E-02  1.53280E-02  1.63520E-02  1.84000E-02  2.04480E-02  2.24960E-02
  2.45440E-02  2.65920E-02  2.86400E-02  3.06880E-02  3.27360E-02  3.68320E-02
  4.09280E-02  4.50240E-02  4.91200E-02  5.32160E-02  5.73120E-02  6.14080E-02
  6.55040E-02  7.36960E-02  8.18880E-02  9.00800E-02  9.82720E-02  1.06464E-01
  1.14656E-01  1.22848E-01  1.31040E-01  1.47424E-01  1.63808E-01  1.80192E-01
  1.96576E-01  2.12960E-01  2.29344E-01  2.45728E-01  2.62112E-01  2.94880E-01
  3.27648E-01  3.60416E-01  3.93184E-01  4.25952E-01  4.58720E-01  4.91488E-01
  5.24256E-01  5.89792E-01  6.55328E-01  7.20864E-01  7.86400E-01  8.51936E-01
  9.17472E-01  9.83008E-01  1.04854E+00  1.17962E+00  1.31069E+00  1.44176E+00
  1.57283E+00  1.70390E+00  1.83498E+00  1.96605E+00  2.09712E+00  2.35926E+00
  2.62141E+00  2.88355E+00  3.14570E+00  3.40784E+00  3.66998E+00  3.93213E+00
  4.19427E+00  4.71856E+00  5.24285E+00  5.76714E+00  6.29142E+00  6.81571E+00
  7.34000E+00  7.86429E+00
  9.91826E-01  9.91993E-01  9.89682E-01  9.89155E-01  9.88031E-01  9.90563E-01
  9.89852E-01  9.89742E-01  9.91550E-01  9.89778E-01  9.87760E-01  9.89027E-01
  9.88755E-01  9.88401E-01  9.88998E-01  9.88088E-01  9.87756E-01  9.86807E-01
  9.87572E-01  9.87702E-01  9.88510E-01  9.88285E-01  9.87738E-01  9.88974E-01
  9.87266E-01  9.86546E-01  9.86593E-01  9.86292E-01  9.86099E-01  9.87660E-01
  9.86521E-01  9.87099E-01  9.87152E-01  9.86437E-01  9.86059E-01  9.85842E-01
  9.85967E-01  9.85463E-01  9.85600E-01  9.85412E-01  9.84896E-01  9.84637E-01
  9.84120E-01  9.83622E-01  9.84084E-01  9.83421E-01  9.82874E-01  9.82685E-01
  9.81551E-01  9.81240E-01  9.80331E-01  9.79960E-01  9.79236E-01  9.78063E-01
  9.77231E-01  9.75733E-01  9.75026E-01  9.73788E-01  9.72849E-01  9.71437E-01
  9.70572E-01  9.68190E-01  9.65659E-01  9.63398E-01  9.61328E-01  9.59061E-01
  9.56665E-01  9.54710E-01  9.52341E-01  9.47731E-01  9.43398E-01  9.39065E-01
  9.34526E-01  9.30326E-01  9.25978E-01  9.21629E-01  9.17271E-01  9.08795E-01
  9.00320E-01  8.92032E-01  8.83826E-01  8.75754E-01  8.67568E-01  8.59594E-01
  8.37217E-01  8.21947E-01  8.06926E-01  7.92225E-01  7.77803E-01  7.63754E-01
  7.50072E-01  7.36725E-01  7.39999E-01  7.14031E-01  6.88910E-01  6.64781E-01
  6.41744E-01  6.19701E-01  5.98490E-01  5.78105E-01  5.58700E-01  5.21806E-01
  4.87969E-01  4.56712E-01  4.27518E-01  4.00619E-01  3.75705E-01  3.52476E-01
  3.31359E-01  2.93018E-01  2.60191E-01  2.32278E-01  2.07944E-01  1.86367E-01
  1.67217E-01  1.50811E-01  1.37933E-01  1.15748E-01  9.76276E-02  8.23232E-02
  6.89863E-02  5.91497E-02  5.10680E-02  4.55730E-02  4.26749E-02  3.66009E-02
  3.18685E-02  2.76124E-02  2.21956E-02  1.74302E-02  9.87095E-03  2.44032E-03
 -1.57362E-03 -6.63127E-04  5.81583E-03  9.66330E-03  1.01751E-02  5.83551E-03
  3.57254E-03  4.66242E-03  2.66636E-03  5.56544E-03  5.62164E-03  7.74004E-03
  7.11430E-03  2.18435E-03  1.75672E-03  2.58746E-03  2.93451E-03  3.71146E-03
  8.06346E-03  1.16551E-02  8.03239E-03  5.17780E-03  4.42775E-03 -2.89364E-03
  1.56394E-03  1.13795E-03 -1.53911E-03  5.35817E-03 -4.11060E-03 -6.26848E-04
 -2.99281E-03 -2.08491E-03  9.61493E-04  6.86646E-04 -1.96641E-04 -4.47016E-03
 -1.37584E-03 -1.85754E-03  1.12300E-03 -1.45033E-04 -3.77941E-03  1.16245E-03
  7.62469E-03 -2.57820E-03 -3.13983E-04  2.87738E-03  7.71532E-04 -9.05737E-04
 -3.13275E-03 -5.98825E-03  1.55635E-03  8.05190E-04 -1.54490E-03  3.66889E-03
 -5.08376E-04 -3.16716E-03
