AutoSaveFileName0112.ASC
 IFORMY    0    .00
 (6E13.7)
 IFORMT    0    .00
 (6E13.7)
 IFORMW    0    .00
 (6E13.7)
 NINTT     0   -1.00
 DOUSNQ    0    1.00
 IQUAD     0    1.00
 PRWT      0    1.00
 PRY       0    1.00
 IPLRES    1    3.00
 IPLRES    2    3.00
 IPRINT    1    0.00
 IPRINT    2    2.00
 IPLFIT    1    0.00
 IPLFIT    2    0.00
 LINEPG    0   50.
 NONNEG    1    1.00
 IWT       0    5.00
 NQPROG    1    5.00
 NQPROG    2    5.00
 GMNMX     1    8.16947E-03
 GMNMX     2    2.93263E-03
 RUSER    10    -1.00
 NG        0    500.00
 NLINF     0    1.00
 IUSER    10    4.00
 RUSER    21    1.0
 RUSER    22   -1.0
 RUSER    23    0.0
 RUSER    18         291.97413
 RUSER    17         69.99900
 RUSER    19         1.03116
 RUSER    15         1.33200
 RUSER    16         632.80000
 RUSER    25         1
 RUSER    26         0
 END       0    0.00
 NY      162
  7.50000E-07  8.75000E-07  1.00000E-06  1.12500E-06  1.25000E-06  1.37500E-06
  1.50000E-06  1.62500E-06  1.75000E-06  1.87500E-06  2.00000E-06  2.25000E-06
  2.50000E-06  2.75000E-06  3.00000E-06  3.25000E-06  3.50000E-06  3.75000E-06
  4.00000E-06  4.50000E-06  5.00000E-06  5.50000E-06  6.00000E-06  6.50000E-06
  7.00000E-06  7.50000E-06  8.00000E-06  9.00000E-06  1.00000E-05  1.10000E-05
  1.20000E-05  1.30000E-05  1.40000E-05  1.50000E-05  1.60000E-05  1.80000E-05
  2.00000E-05  2.20000E-05  2.40000E-05  2.60000E-05  2.80000E-05  3.00000E-05
  3.20000E-05  3.60000E-05  4.00000E-05  4.40000E-05  4.80000E-05  5.20000E-05
  5.60000E-05  6.00000E-05  6.40000E-05  7.20000E-05  8.00000E-05  8.80000E-05
  9.60000E-05  1.04000E-04  1.12000E-04  1.20000E-04  1.28000E-04  1.44000E-04
  1.60000E-04  1.76000E-04  1.92000E-04  2.08000E-04  2.24000E-04  2.40000E-04
  2.56000E-04  2.88000E-04  3.20000E-04  3.52000E-04  3.84000E-04  4.16000E-04
  4.48000E-04  4.80000E-04  5.12000E-04  5.76000E-04  6.40000E-04  7.04000E-04
  7.68000E-04  8.32000E-04  8.96000E-04  9.60000E-04  1.02400E-03  1.15200E-03
  1.28000E-03  1.40800E-03  1.53600E-03  1.66400E-03  1.79200E-03  1.92000E-03
  2.01600E-03  2.27200E-03  2.52800E-03  2.78400E-03  3.04000E-03  3.29600E-03
  3.55200E-03  3.80800E-03  4.06400E-03  4.57600E-03  5.08800E-03  5.60000E-03
  6.11200E-03  6.62400E-03  7.13600E-03  7.64800E-03  8.16000E-03  9.18400E-03
  1.02080E-02  1.12320E-02  1.22560E-02  1.32800E-02  1.43040E-02  1.53280E-02
  1.63520E-02  1.84000E-02  2.04480E-02  2.24960E-02  2.45440E-02  2.65920E-02
  2.86400E-02  3.06880E-02  3.27360E-02  3.68320E-02  4.09280E-02  4.50240E-02
  4.91200E-02  5.32160E-02  5.73120E-02  6.14080E-02  6.55040E-02  7.36960E-02
  8.18880E-02  9.00800E-02  9.82720E-02  1.06464E-01  1.14656E-01  1.22848E-01
  1.31040E-01  1.47424E-01  1.63808E-01  1.80192E-01  1.96576E-01  2.12960E-01
  2.29344E-01  2.45728E-01  2.62112E-01  2.94880E-01  3.27648E-01  3.60416E-01
  3.93184E-01  4.25952E-01  4.58720E-01  4.91488E-01  5.24256E-01  5.89792E-01
  6.55328E-01  7.20864E-01  7.86400E-01  8.51936E-01  9.17472E-01  9.83008E-01
  9.99389E-01  1.00000E+00  9.99255E-01  9.96047E-01  9.97454E-01  9.96237E-01
  9.94707E-01  9.96285E-01  9.96201E-01  9.92395E-01  9.92260E-01  9.95016E-01
  9.89794E-01  9.92470E-01  9.92958E-01  9.91534E-01  9.91971E-01  9.90856E-01
  9.88077E-01  9.86713E-01  9.87462E-01  9.84524E-01  9.86209E-01  9.83434E-01
  9.83156E-01  9.81689E-01  9.79338E-01  9.79100E-01  9.76899E-01  9.74909E-01
  9.73303E-01  9.69683E-01  9.68767E-01  9.66475E-01  9.64651E-01  9.58787E-01
  9.56328E-01  9.51895E-01  9.47050E-01  9.43013E-01  9.38703E-01  9.33913E-01
  9.31003E-01  9.22268E-01  9.14571E-01  9.07260E-01  8.98909E-01  8.90872E-01
  8.83302E-01  8.76189E-01  8.68517E-01  8.53183E-01  8.38362E-01  8.24028E-01
  8.09571E-01  7.96054E-01  7.81478E-01  7.68790E-01  7.55118E-01  7.29301E-01
  7.04697E-01  6.80371E-01  6.56981E-01  6.34765E-01  6.12869E-01  5.92005E-01
  5.72005E-01  5.33000E-01  4.97147E-01  4.63769E-01  4.32460E-01  4.03907E-01
  3.76637E-01  3.51760E-01  3.28881E-01  2.87275E-01  2.50982E-01  2.19131E-01
  1.91409E-01  1.67417E-01  1.46292E-01  1.27415E-01  1.10943E-01  8.44857E-02
  6.50352E-02  5.05851E-02  3.95907E-02  3.15875E-02  2.57034E-02  2.04798E-02
  1.80525E-02  1.25853E-02  8.83314E-03  6.96101E-03  5.86569E-03  5.49622E-03
  4.79391E-03  5.94864E-03  7.71514E-03  6.98849E-03  4.29633E-03  3.67559E-03
  5.06354E-03  4.13170E-03  3.38217E-03  2.88019E-03  7.48246E-04 -3.18382E-03
 -1.53562E-03  1.88060E-03  2.53606E-03  1.23805E-03 -1.46807E-03 -2.61689E-03
 -2.03476E-03  2.55204E-03  1.12416E-03 -3.26588E-04  1.13041E-04 -2.44631E-03
  2.25101E-03  3.33721E-04  2.27250E-03  2.61938E-03 -1.48589E-03 -1.10268E-03
 -3.65739E-04 -1.48315E-03 -1.31253E-03 -2.15143E-03 -1.63481E-03 -1.15617E-03
 -6.21462E-04 -1.36608E-03 -1.59357E-03  3.19201E-03  9.65690E-04 -2.00246E-04
  5.43254E-04  1.96013E-03  2.08466E-04 -1.07069E-03  2.22746E-03 -1.31477E-03
 -4.60501E-04 -2.87829E-04  3.48645E-04  3.86896E-04  6.52191E-04 -6.54134E-04
 -1.18596E-03 -4.72238E-04  4.34918E-04 -2.80977E-04 -6.53056E-04 -3.95014E-04
  6.72973E-05  3.29283E-04 -2.52473E-04 -7.06692E-05  3.13827E-04  7.10050E-05
