AutoSaveFileName0147.ASC
 IFORMY    0    .00
 (6E13.7)
 IFORMT    0    .00
 (6E13.7)
 IFORMW    0    .00
 (6E13.7)
 NINTT     0   -1.00
 DOUSNQ    0    1.00
 IQUAD          1.00
 PRWT      0    1.00
 PRY       0    1.00
 IPLRES    1    3.00
 IPLRES    2    3.00
 IPRINT    1    0.00
 IPRINT    2    2.00
 IPLFIT    1    0.00
 IPLFIT    2    0.00
 LINEPG    0   50.
 NONNEG    1    1.00
 IWT       0    5.00
 NQPROG    1    5.00
 NQPROG    2    5.00
 GMNMX     1    1.500E-05
 GMNMX     2    1.500E-02
 RUSER    10    -1.00
 NG        0    200.00
 NLINF     0    0.00
 IUSER    10    4.00
 RUSER    21    1.0
 RUSER    22   -1.0
 RUSER    23    0.0
 RUSER    18         292.21373
 RUSER    17         84.99800
 RUSER    19         1.02506
 RUSER    15         1.33200
 RUSER    16         632.80000
 RUSER    25         1
 RUSER    26         0
 END       0    0.00
 NY      188
  5.00000E-07  6.25000E-07  7.50000E-07  8.75000E-07  1.00000E-06  1.12500E-06
  1.25000E-06  1.37500E-06  1.50000E-06  1.62500E-06  1.75000E-06  1.87500E-06
  2.00000E-06  2.25000E-06  2.50000E-06  2.75000E-06  3.00000E-06  3.25000E-06
  3.50000E-06  3.75000E-06  4.00000E-06  4.50000E-06  5.00000E-06  5.50000E-06
  6.00000E-06  6.50000E-06  7.00000E-06  7.50000E-06  8.00000E-06  9.00000E-06
  1.00000E-05  1.10000E-05  1.20000E-05  1.30000E-05  1.40000E-05  1.50000E-05
  1.60000E-05  1.80000E-05  2.00000E-05  2.20000E-05  2.40000E-05  2.60000E-05
  2.80000E-05  3.00000E-05  3.20000E-05  3.60000E-05  4.00000E-05  4.40000E-05
  4.80000E-05  5.20000E-05  5.60000E-05  6.00000E-05  6.40000E-05  7.20000E-05
  8.00000E-05  8.80000E-05  9.60000E-05  1.04000E-04  1.12000E-04  1.20000E-04
  1.28000E-04  1.44000E-04  1.60000E-04  1.76000E-04  1.92000E-04  2.08000E-04
  2.24000E-04  2.40000E-04  2.56000E-04  2.88000E-04  3.20000E-04  3.52000E-04
  3.84000E-04  4.16000E-04  4.48000E-04  4.80000E-04  5.12000E-04  5.76000E-04
  6.40000E-04  7.04000E-04  7.68000E-04  8.32000E-04  8.96000E-04  9.60000E-04
  1.02400E-03  1.15200E-03  1.28000E-03  1.40800E-03  1.53600E-03  1.66400E-03
  1.79200E-03  1.92000E-03  2.01600E-03  2.27200E-03  2.52800E-03  2.78400E-03
  3.04000E-03  3.29600E-03  3.55200E-03  3.80800E-03  4.06400E-03  4.57600E-03
  5.08800E-03  5.60000E-03  6.11200E-03  6.62400E-03  7.13600E-03  7.64800E-03
  8.16000E-03  9.18400E-03  1.02080E-02  1.12320E-02  1.22560E-02  1.32800E-02
  1.43040E-02  1.53280E-02  1.63520E-02  1.84000E-02  2.04480E-02  2.24960E-02
  2.45440E-02  2.65920E-02  2.86400E-02  3.06880E-02  3.27360E-02  3.68320E-02
  4.09280E-02  4.50240E-02  4.91200E-02  5.32160E-02  5.73120E-02  6.14080E-02
  6.55040E-02  7.36960E-02  8.18880E-02  9.00800E-02  9.82720E-02  1.06464E-01
  1.14656E-01  1.22848E-01  1.31040E-01  1.47424E-01  1.63808E-01  1.80192E-01
  1.96576E-01  2.12960E-01  2.29344E-01  2.45728E-01  2.62112E-01  2.94880E-01
  3.27648E-01  3.60416E-01  3.93184E-01  4.25952E-01  4.58720E-01  4.91488E-01
  5.24256E-01  5.89792E-01  6.55328E-01  7.20864E-01  7.86400E-01  8.51936E-01
  9.17472E-01  9.83008E-01  1.04854E+00  1.17962E+00  1.31069E+00  1.44176E+00
  1.57283E+00  1.70390E+00  1.83498E+00  1.96605E+00  2.09712E+00  2.35926E+00
  2.62141E+00  2.88355E+00  3.14570E+00  3.40784E+00  3.66998E+00  3.93213E+00
  4.19427E+00  4.71856E+00  5.24285E+00  5.76714E+00  6.29142E+00  6.81571E+00
  7.34000E+00  7.86429E+00
  9.95113E-01  9.93981E-01  9.89758E-01  9.93344E-01  9.88467E-01  9.90481E-01
  9.89003E-01  9.90153E-01  9.87267E-01  9.87543E-01  9.86477E-01  9.85914E-01
  9.87943E-01  9.87892E-01  9.88185E-01  9.87886E-01  9.90093E-01  9.88001E-01
  9.87614E-01  9.87158E-01  9.87605E-01  9.87600E-01  9.87883E-01  9.86850E-01
  9.87315E-01  9.86616E-01  9.86726E-01  9.86800E-01  9.86445E-01  9.86868E-01
  9.86305E-01  9.86029E-01  9.85500E-01  9.85448E-01  9.85727E-01  9.85514E-01
  9.84924E-01  9.84437E-01  9.83269E-01  9.82949E-01  9.82959E-01  9.83607E-01
  9.82378E-01  9.81457E-01  9.80894E-01  9.80209E-01  9.79199E-01  9.78358E-01
  9.77130E-01  9.76320E-01  9.75708E-01  9.74447E-01  9.73782E-01  9.71630E-01
  9.69956E-01  9.67969E-01  9.66150E-01  9.63777E-01  9.62379E-01  9.60325E-01
  9.58674E-01  9.54819E-01  9.51178E-01  9.47388E-01  9.43706E-01  9.40164E-01
  9.36313E-01  9.32591E-01  9.28945E-01  9.21701E-01  9.14574E-01  9.07498E-01
  9.00177E-01  8.93348E-01  8.86340E-01  8.79427E-01  8.72251E-01  8.58782E-01
  8.45528E-01  8.32448E-01  8.19521E-01  8.06901E-01  7.94485E-01  7.82181E-01
  7.55103E-01  7.31873E-01  7.09319E-01  6.87572E-01  6.66537E-01  6.46288E-01
  6.26675E-01  6.07703E-01  6.06390E-01  5.70443E-01  5.36796E-01  5.05344E-01
  4.76029E-01  4.48446E-01  4.22822E-01  3.98766E-01  3.76497E-01  3.34360E-01
  2.96607E-01  2.63228E-01  2.33809E-01  2.07856E-01  1.85029E-01  1.65013E-01
  1.47796E-01  1.16801E-01  9.24235E-02  7.39237E-02  5.96436E-02  4.86138E-02
  4.02480E-02  3.32533E-02  2.67674E-02  1.68607E-02  8.57632E-03  2.40485E-03
 -2.51002E-03 -5.79291E-03 -7.34178E-03 -6.73079E-03 -4.31828E-03 -1.41326E-03
  1.34018E-04 -8.17686E-04 -1.79269E-04  2.45981E-03 -1.14422E-03 -3.24551E-03
 -3.93850E-03  2.81816E-03  2.25819E-03 -5.47286E-03 -5.84865E-03 -6.90779E-04
 -7.53204E-04 -9.60340E-04  1.06465E-03  1.56801E-03 -5.13709E-03 -3.47937E-03
 -1.87233E-03 -3.15903E-04  1.11109E-02  5.48393E-03  9.96069E-04  2.19774E-03
  1.05111E-03  1.31800E-03  9.19191E-03  2.85086E-03 -1.95085E-03  5.15222E-03
  2.62682E-03 -2.57328E-03 -3.22620E-03 -6.21231E-03 -2.90005E-04  8.15332E-04
  5.18291E-04 -7.19155E-03 -1.49064E-03  6.67717E-04  1.39403E-03 -2.10147E-03
  1.30769E-03 -4.13453E-03 -1.58004E-03  1.54790E-03 -2.99015E-04 -2.04330E-03
 -1.22903E-03  1.22902E-03 -1.23047E-03  2.50125E-03 -6.82046E-05 -1.51822E-03
 -1.30322E-03  1.39350E-03  7.87066E-04 -2.87206E-03 -1.66263E-03 -2.92137E-04
  1.34117E-04  2.69596E-03
