AutoSaveFileName0185.ASC
 IFORMY    0    .00
 (6E13.7)
 IFORMT    0    .00
 (6E13.7)
 IFORMW    0    .00
 (6E13.7)
 NINTT     0   -1.00
 DOUSNQ    0    1.00
 IQUAD     0    1.00
 PRWT      0    1.00
 PRY       0    1.00
 IPLRES    1    3.00
 IPLRES    2    3.00
 IPRINT    1    0.00
 IPRINT    2    2.00
 IPLFIT    1    0.00
 IPLFIT    2    0.00
 LINEPG    0   50.
 NONNEG    1    1.00
 IWT       0    5.00
 NQPROG    1    5.00
 NQPROG    2    5.00
 GMNMX     1    4.26128E-03
 GMNMX     2    1.52969E-03
 RUSER    10    -1.00
 NG        0    500.00
 NLINF     0    1.00
 IUSER    10    4.00
 RUSER    21    1.0
 RUSER    22   -1.0
 RUSER    23    0.0
 RUSER    18         292.04750
 RUSER    17         104.99900
 RUSER    19         1.02929
 RUSER    15         1.33200
 RUSER    16         632.80000
 RUSER    25         1
 RUSER    26         0
 END       0    0.00
 NY      162
  7.50000E-07  8.75000E-07  1.00000E-06  1.12500E-06  1.25000E-06  1.37500E-06
  1.50000E-06  1.62500E-06  1.75000E-06  1.87500E-06  2.00000E-06  2.25000E-06
  2.50000E-06  2.75000E-06  3.00000E-06  3.25000E-06  3.50000E-06  3.75000E-06
  4.00000E-06  4.50000E-06  5.00000E-06  5.50000E-06  6.00000E-06  6.50000E-06
  7.00000E-06  7.50000E-06  8.00000E-06  9.00000E-06  1.00000E-05  1.10000E-05
  1.20000E-05  1.30000E-05  1.40000E-05  1.50000E-05  1.60000E-05  1.80000E-05
  2.00000E-05  2.20000E-05  2.40000E-05  2.60000E-05  2.80000E-05  3.00000E-05
  3.20000E-05  3.60000E-05  4.00000E-05  4.40000E-05  4.80000E-05  5.20000E-05
  5.60000E-05  6.00000E-05  6.40000E-05  7.20000E-05  8.00000E-05  8.80000E-05
  9.60000E-05  1.04000E-04  1.12000E-04  1.20000E-04  1.28000E-04  1.44000E-04
  1.60000E-04  1.76000E-04  1.92000E-04  2.08000E-04  2.24000E-04  2.40000E-04
  2.56000E-04  2.88000E-04  3.20000E-04  3.52000E-04  3.84000E-04  4.16000E-04
  4.48000E-04  4.80000E-04  5.12000E-04  5.76000E-04  6.40000E-04  7.04000E-04
  7.68000E-04  8.32000E-04  8.96000E-04  9.60000E-04  1.02400E-03  1.15200E-03
  1.28000E-03  1.40800E-03  1.53600E-03  1.66400E-03  1.79200E-03  1.92000E-03
  2.01600E-03  2.27200E-03  2.52800E-03  2.78400E-03  3.04000E-03  3.29600E-03
  3.55200E-03  3.80800E-03  4.06400E-03  4.57600E-03  5.08800E-03  5.60000E-03
  6.11200E-03  6.62400E-03  7.13600E-03  7.64800E-03  8.16000E-03  9.18400E-03
  1.02080E-02  1.12320E-02  1.22560E-02  1.32800E-02  1.43040E-02  1.53280E-02
  1.63520E-02  1.84000E-02  2.04480E-02  2.24960E-02  2.45440E-02  2.65920E-02
  2.86400E-02  3.06880E-02  3.27360E-02  3.68320E-02  4.09280E-02  4.50240E-02
  4.91200E-02  5.32160E-02  5.73120E-02  6.14080E-02  6.55040E-02  7.36960E-02
  8.18880E-02  9.00800E-02  9.82720E-02  1.06464E-01  1.14656E-01  1.22848E-01
  1.31040E-01  1.47424E-01  1.63808E-01  1.80192E-01  1.96576E-01  2.12960E-01
  2.29344E-01  2.45728E-01  2.62112E-01  2.94880E-01  3.27648E-01  3.60416E-01
  3.93184E-01  4.25952E-01  4.58720E-01  4.91488E-01  5.24256E-01  5.89792E-01
  6.55328E-01  7.20864E-01  7.86400E-01  8.51936E-01  9.17472E-01  9.83008E-01
  1.00000E+00  9.97781E-01  9.96443E-01  9.92024E-01  9.93774E-01  9.95897E-01
  9.88423E-01  9.91346E-01  9.90062E-01  9.89611E-01  9.88741E-01  9.88722E-01
  9.92223E-01  9.86130E-01  9.85401E-01  9.84192E-01  9.84459E-01  9.84590E-01
  9.80093E-01  9.80071E-01  9.77897E-01  9.76184E-01  9.72347E-01  9.70804E-01
  9.69444E-01  9.67064E-01  9.64665E-01  9.60881E-01  9.56705E-01  9.52901E-01
  9.49480E-01  9.46226E-01  9.41762E-01  9.36200E-01  9.33013E-01  9.25518E-01
  9.16965E-01  9.10328E-01  9.02635E-01  8.94231E-01  8.86751E-01  8.78680E-01
  8.71954E-01  8.57496E-01  8.43639E-01  8.29202E-01  8.15615E-01  8.02541E-01
  7.88640E-01  7.75867E-01  7.62536E-01  7.37762E-01  7.13163E-01  6.89659E-01
  6.66859E-01  6.44814E-01  6.23708E-01  6.02922E-01  5.82989E-01  5.45326E-01
  5.10048E-01  4.76953E-01  4.46201E-01  4.16938E-01  3.90213E-01  3.65172E-01
  3.41993E-01  2.99262E-01  2.61796E-01  2.28826E-01  2.00295E-01  1.75175E-01
  1.53070E-01  1.34530E-01  1.18586E-01  9.19430E-02  7.15728E-02  5.60908E-02
  4.35681E-02  3.36472E-02  2.66012E-02  2.06160E-02  1.62009E-02  9.38618E-03
  5.26503E-03  2.58440E-03  4.49063E-04  1.14891E-04  5.79563E-04  9.86139E-04
  7.14395E-04  1.71871E-05 -4.39850E-05 -5.31716E-04 -5.04852E-04  5.09419E-04
  7.68572E-04  2.92038E-04 -8.33214E-04 -6.97634E-04  2.07377E-03  1.89523E-03
  5.40219E-05 -1.09799E-03 -1.34285E-03 -1.21169E-03  1.14622E-04 -2.54881E-04
 -3.73866E-05 -7.52916E-04 -1.02660E-03  6.29715E-04  6.47583E-04  1.42884E-03
 -1.24280E-03 -6.07552E-04  3.98207E-04 -2.33374E-03 -3.02288E-04 -6.51793E-04
  1.37468E-04 -6.11660E-04 -1.77664E-04  3.33481E-04  2.37261E-05  5.31907E-05
  1.50929E-04 -3.44892E-04 -1.08285E-04 -7.16880E-04 -5.30358E-05  8.89230E-04
 -5.01710E-05  2.96832E-04  6.44482E-04 -2.91051E-05  2.41631E-04 -1.17537E-03
 -3.19011E-04 -1.88479E-04 -3.41823E-06 -2.60958E-04  3.30332E-04 -2.88031E-04
 -7.08400E-04  3.77163E-05 -1.69497E-05  2.38765E-04 -9.71706E-05  4.62445E-05
  2.43843E-04  5.85414E-05 -4.41843E-04  1.67702E-04  2.40518E-04 -2.19525E-05
  1.63103E-04 -1.04327E-04  8.51152E-05 -2.07934E-04  7.22700E-06  3.66985E-04
