AutoSaveFileName0101.ASC
 IFORMY    0    .00
 (6E13.7)
 IFORMT    0    .00
 (6E13.7)
 IFORMW    0    .00
 (6E13.7)
 NINTT     0   -1.00
 DOUSNQ    0    1.00
 IQUAD          1.00
 PRWT      0    1.00
 PRY       0    1.00
 IPLRES    1    3.00
 IPLRES    2    3.00
 IPRINT    1    0.00
 IPRINT    2    2.00
 IPLFIT    1    0.00
 IPLFIT    2    0.00
 LINEPG    0   50.
 NONNEG    1    1.00
 IWT       0    5.00
 NQPROG    1    5.00
 NQPROG    2    5.00
 GMNMX     1    2.372E-05
 GMNMX     2    2.372E-02
 RUSER    10    -1.00
 NG        0    200.00
 NLINF     0    0.00
 IUSER    10    4.00
 RUSER    21    1.0
 RUSER    22   -1.0
 RUSER    23    0.0
 RUSER    18         292.19508
 RUSER    17         64.99800
 RUSER    19         1.02554
 RUSER    15         1.33200
 RUSER    16         632.80000
 RUSER    25         1
 RUSER    26         0
 END       0    0.00
 NY      188
  5.00000E-07  6.25000E-07  7.50000E-07  8.75000E-07  1.00000E-06  1.12500E-06
  1.25000E-06  1.37500E-06  1.50000E-06  1.62500E-06  1.75000E-06  1.87500E-06
  2.00000E-06  2.25000E-06  2.50000E-06  2.75000E-06  3.00000E-06  3.25000E-06
  3.50000E-06  3.75000E-06  4.00000E-06  4.50000E-06  5.00000E-06  5.50000E-06
  6.00000E-06  6.50000E-06  7.00000E-06  7.50000E-06  8.00000E-06  9.00000E-06
  1.00000E-05  1.10000E-05  1.20000E-05  1.30000E-05  1.40000E-05  1.50000E-05
  1.60000E-05  1.80000E-05  2.00000E-05  2.20000E-05  2.40000E-05  2.60000E-05
  2.80000E-05  3.00000E-05  3.20000E-05  3.60000E-05  4.00000E-05  4.40000E-05
  4.80000E-05  5.20000E-05  5.60000E-05  6.00000E-05  6.40000E-05  7.20000E-05
  8.00000E-05  8.80000E-05  9.60000E-05  1.04000E-04  1.12000E-04  1.20000E-04
  1.28000E-04  1.44000E-04  1.60000E-04  1.76000E-04  1.92000E-04  2.08000E-04
  2.24000E-04  2.40000E-04  2.56000E-04  2.88000E-04  3.20000E-04  3.52000E-04
  3.84000E-04  4.16000E-04  4.48000E-04  4.80000E-04  5.12000E-04  5.76000E-04
  6.40000E-04  7.04000E-04  7.68000E-04  8.32000E-04  8.96000E-04  9.60000E-04
  1.02400E-03  1.15200E-03  1.28000E-03  1.40800E-03  1.53600E-03  1.66400E-03
  1.79200E-03  1.92000E-03  2.01600E-03  2.27200E-03  2.52800E-03  2.78400E-03
  3.04000E-03  3.29600E-03  3.55200E-03  3.80800E-03  4.06400E-03  4.57600E-03
  5.08800E-03  5.60000E-03  6.11200E-03  6.62400E-03  7.13600E-03  7.64800E-03
  8.16000E-03  9.18400E-03  1.02080E-02  1.12320E-02  1.22560E-02  1.32800E-02
  1.43040E-02  1.53280E-02  1.63520E-02  1.84000E-02  2.04480E-02  2.24960E-02
  2.45440E-02  2.65920E-02  2.86400E-02  3.06880E-02  3.27360E-02  3.68320E-02
  4.09280E-02  4.50240E-02  4.91200E-02  5.32160E-02  5.73120E-02  6.14080E-02
  6.55040E-02  7.36960E-02  8.18880E-02  9.00800E-02  9.82720E-02  1.06464E-01
  1.14656E-01  1.22848E-01  1.31040E-01  1.47424E-01  1.63808E-01  1.80192E-01
  1.96576E-01  2.12960E-01  2.29344E-01  2.45728E-01  2.62112E-01  2.94880E-01
  3.27648E-01  3.60416E-01  3.93184E-01  4.25952E-01  4.58720E-01  4.91488E-01
  5.24256E-01  5.89792E-01  6.55328E-01  7.20864E-01  7.86400E-01  8.51936E-01
  9.17472E-01  9.83008E-01  1.04854E+00  1.17962E+00  1.31069E+00  1.44176E+00
  1.57283E+00  1.70390E+00  1.83498E+00  1.96605E+00  2.09712E+00  2.35926E+00
  2.62141E+00  2.88355E+00  3.14570E+00  3.40784E+00  3.66998E+00  3.93213E+00
  4.19427E+00  4.71856E+00  5.24285E+00  5.76714E+00  6.29142E+00  6.81571E+00
  7.34000E+00  7.86429E+00
  9.99230E-01  9.95722E-01  9.97364E-01  9.93920E-01  9.93003E-01  9.95030E-01
  9.92394E-01  9.92125E-01  9.95312E-01  9.92702E-01  9.94042E-01  9.93016E-01
  9.92285E-01  9.90682E-01  9.93728E-01  9.92311E-01  9.92497E-01  9.91278E-01
  9.91208E-01  9.91041E-01  9.91695E-01  9.93580E-01  9.91612E-01  9.91201E-01
  9.93003E-01  9.93170E-01  9.91663E-01  9.92792E-01  9.92061E-01  9.92003E-01
  9.91592E-01  9.91509E-01  9.92259E-01  9.91464E-01  9.91663E-01  9.90483E-01
  9.90515E-01  9.90342E-01  9.90720E-01  9.89829E-01  9.90605E-01  9.88893E-01
  9.89444E-01  9.89393E-01  9.88328E-01  9.88540E-01  9.87879E-01  9.87456E-01
  9.85975E-01  9.85994E-01  9.84923E-01  9.85025E-01  9.84333E-01  9.83608E-01
  9.82486E-01  9.80915E-01  9.80511E-01  9.78741E-01  9.77868E-01  9.76836E-01
  9.75874E-01  9.73520E-01  9.71147E-01  9.69076E-01  9.66979E-01  9.64561E-01
  9.62503E-01  9.60502E-01  9.58020E-01  9.53858E-01  9.49465E-01  9.45457E-01
  9.40942E-01  9.36844E-01  9.32541E-01  9.28526E-01  9.24114E-01  9.15764E-01
  9.07594E-01  8.99545E-01  8.91388E-01  8.83327E-01  8.75490E-01  8.67544E-01
  8.34594E-01  8.19491E-01  8.04567E-01  7.90189E-01  7.75920E-01  7.61882E-01
  7.48171E-01  7.34517E-01  7.45477E-01  7.19030E-01  6.93865E-01  6.70059E-01
  6.46754E-01  6.24111E-01  6.02362E-01  5.81342E-01  5.61307E-01  5.22926E-01
  4.87609E-01  4.55115E-01  4.24313E-01  3.95670E-01  3.69386E-01  3.45466E-01
  3.23357E-01  2.82529E-01  2.46612E-01  2.18159E-01  1.94093E-01  1.73640E-01
  1.56655E-01  1.41951E-01  1.27903E-01  1.02736E-01  7.86970E-02  6.23387E-02
  5.05231E-02  4.37426E-02  4.30363E-02  3.96981E-02  3.90197E-02  3.74906E-02
  3.73713E-02  3.80898E-02  3.37066E-02  2.88776E-02  1.97299E-02  9.24710E-03
 -9.47740E-04 -1.47153E-02 -1.59468E-02 -1.30798E-02  3.06917E-04  1.36584E-02
 -1.41330E-03 -8.17868E-03  2.67029E-03  1.21965E-02  1.56964E-02  9.50113E-03
  9.79510E-05  7.85097E-05 -5.66792E-04 -1.20268E-02  2.24517E-03  1.48132E-03
 -3.31443E-04  1.02683E-02 -1.07278E-02 -6.73375E-04 -5.31116E-03 -5.34568E-03
 -8.70340E-04 -5.49701E-03 -8.46060E-03  6.28851E-03  1.15642E-02  7.77658E-04
  4.22366E-03  8.43213E-03  1.19432E-02  5.76180E-03  4.62432E-03 -1.43141E-03
 -1.01840E-02  1.12144E-02  3.21897E-03  1.05709E-02  4.04371E-03 -9.32637E-03
 -9.46278E-03 -1.05651E-02 -1.98234E-03  3.02998E-03 -1.32409E-02 -1.24996E-02
 -1.58483E-02  1.46499E-04 -5.90367E-03  1.05987E-04  2.70793E-03  4.29447E-03
  7.81685E-03  7.35941E-03
