AutoSaveFileName0118.ASC
 IFORMY    0    .00
 (6E13.7)
 IFORMT    0    .00
 (6E13.7)
 IFORMW    0    .00
 (6E13.7)
 NINTT     0   -1.00
 DOUSNQ    0    1.00
 IQUAD     0    1.00
 PRWT      0    1.00
 PRY       0    1.00
 IPLRES    1    3.00
 IPLRES    2    3.00
 IPRINT    1    0.00
 IPRINT    2    2.00
 IPLFIT    1    0.00
 IPLFIT    2    0.00
 LINEPG    0   50.
 NONNEG    1    1.00
 IWT       0    5.00
 NQPROG    1    5.00
 NQPROG    2    5.00
 GMNMX     1    8.16847E-03
 GMNMX     2    2.93227E-03
 RUSER    10    -1.00
 NG        0    500.00
 NLINF     0    1.00
 IUSER    10    4.00
 RUSER    21    1.0
 RUSER    22   -1.0
 RUSER    23    0.0
 RUSER    18         291.97849
 RUSER    17         69.99900
 RUSER    19         1.03105
 RUSER    15         1.33200
 RUSER    16         632.80000
 RUSER    25         1
 RUSER    26         0
 END       0    0.00
 NY      162
  7.50000E-07  8.75000E-07  1.00000E-06  1.12500E-06  1.25000E-06  1.37500E-06
  1.50000E-06  1.62500E-06  1.75000E-06  1.87500E-06  2.00000E-06  2.25000E-06
  2.50000E-06  2.75000E-06  3.00000E-06  3.25000E-06  3.50000E-06  3.75000E-06
  4.00000E-06  4.50000E-06  5.00000E-06  5.50000E-06  6.00000E-06  6.50000E-06
  7.00000E-06  7.50000E-06  8.00000E-06  9.00000E-06  1.00000E-05  1.10000E-05
  1.20000E-05  1.30000E-05  1.40000E-05  1.50000E-05  1.60000E-05  1.80000E-05
  2.00000E-05  2.20000E-05  2.40000E-05  2.60000E-05  2.80000E-05  3.00000E-05
  3.20000E-05  3.60000E-05  4.00000E-05  4.40000E-05  4.80000E-05  5.20000E-05
  5.60000E-05  6.00000E-05  6.40000E-05  7.20000E-05  8.00000E-05  8.80000E-05
  9.60000E-05  1.04000E-04  1.12000E-04  1.20000E-04  1.28000E-04  1.44000E-04
  1.60000E-04  1.76000E-04  1.92000E-04  2.08000E-04  2.24000E-04  2.40000E-04
  2.56000E-04  2.88000E-04  3.20000E-04  3.52000E-04  3.84000E-04  4.16000E-04
  4.48000E-04  4.80000E-04  5.12000E-04  5.76000E-04  6.40000E-04  7.04000E-04
  7.68000E-04  8.32000E-04  8.96000E-04  9.60000E-04  1.02400E-03  1.15200E-03
  1.28000E-03  1.40800E-03  1.53600E-03  1.66400E-03  1.79200E-03  1.92000E-03
  2.01600E-03  2.27200E-03  2.52800E-03  2.78400E-03  3.04000E-03  3.29600E-03
  3.55200E-03  3.80800E-03  4.06400E-03  4.57600E-03  5.08800E-03  5.60000E-03
  6.11200E-03  6.62400E-03  7.13600E-03  7.64800E-03  8.16000E-03  9.18400E-03
  1.02080E-02  1.12320E-02  1.22560E-02  1.32800E-02  1.43040E-02  1.53280E-02
  1.63520E-02  1.84000E-02  2.04480E-02  2.24960E-02  2.45440E-02  2.65920E-02
  2.86400E-02  3.06880E-02  3.27360E-02  3.68320E-02  4.09280E-02  4.50240E-02
  4.91200E-02  5.32160E-02  5.73120E-02  6.14080E-02  6.55040E-02  7.36960E-02
  8.18880E-02  9.00800E-02  9.82720E-02  1.06464E-01  1.14656E-01  1.22848E-01
  1.31040E-01  1.47424E-01  1.63808E-01  1.80192E-01  1.96576E-01  2.12960E-01
  2.29344E-01  2.45728E-01  2.62112E-01  2.94880E-01  3.27648E-01  3.60416E-01
  3.93184E-01  4.25952E-01  4.58720E-01  4.91488E-01  5.24256E-01  5.89792E-01
  6.55328E-01  7.20864E-01  7.86400E-01  8.51936E-01  9.17472E-01  9.83008E-01
  1.00000E+00  9.98658E-01  9.97017E-01  9.96550E-01  9.96606E-01  9.95945E-01
  9.96966E-01  9.96281E-01  9.93433E-01  9.93478E-01  9.94376E-01  9.93716E-01
  9.91776E-01  9.92306E-01  9.92579E-01  9.90807E-01  9.91021E-01  9.90437E-01
  9.88374E-01  9.88688E-01  9.86631E-01  9.85380E-01  9.84569E-01  9.83268E-01
  9.82570E-01  9.81892E-01  9.80170E-01  9.78638E-01  9.76524E-01  9.74733E-01
  9.72457E-01  9.70248E-01  9.69560E-01  9.66190E-01  9.64233E-01  9.59465E-01
  9.55609E-01  9.51415E-01  9.47443E-01  9.42970E-01  9.39027E-01  9.34393E-01
  9.30837E-01  9.22304E-01  9.14302E-01  9.07125E-01  8.99037E-01  8.90951E-01
  8.83359E-01  8.75456E-01  8.68295E-01  8.53227E-01  8.38217E-01  8.23921E-01
  8.09933E-01  7.95919E-01  7.82018E-01  7.68932E-01  7.55493E-01  7.29836E-01
  7.05165E-01  6.80929E-01  6.57647E-01  6.35178E-01  6.13746E-01  5.92965E-01
  5.72746E-01  5.34273E-01  4.98525E-01  4.65450E-01  4.34533E-01  4.05972E-01
  3.79071E-01  3.54251E-01  3.31445E-01  2.89419E-01  2.53125E-01  2.21105E-01
  1.93246E-01  1.68837E-01  1.47423E-01  1.28600E-01  1.12301E-01  8.55622E-02
  6.54785E-02  5.02997E-02  3.86914E-02  2.99506E-02  2.29263E-02  1.75672E-02
  1.47023E-02  9.03119E-03  5.74052E-03  4.05695E-03  2.93633E-03  2.37883E-03
  1.90186E-03  1.67928E-03  1.33559E-03  7.25200E-04  7.18678E-04  7.43583E-04
  6.90687E-04  1.49455E-03  1.92500E-03  1.41357E-03  7.97628E-04  7.53126E-04
 -9.88750E-04  7.87269E-04 -3.04775E-04  1.14537E-04  1.85723E-04 -1.11925E-03
 -2.39698E-04  1.03842E-03  3.48322E-04  1.35205E-03  2.65118E-04 -1.13429E-03
 -5.09431E-04 -6.90242E-04  1.54509E-03  1.05055E-03 -3.98624E-04  1.09996E-04
 -4.82384E-05 -1.09646E-03 -1.14602E-03 -1.72395E-03 -7.33440E-04  4.45393E-04
 -4.51802E-04  6.87974E-04 -9.59924E-04  2.89152E-04  1.48027E-03  1.05866E-03
  8.11564E-05  7.90802E-04  4.10400E-05 -5.65599E-04  8.17929E-04 -6.62286E-04
 -2.98400E-04 -1.93246E-04 -2.26291E-04  2.85355E-04  6.00877E-04 -4.52276E-04
 -1.08201E-04 -3.13120E-04  6.04819E-04  1.46996E-04 -2.62798E-04 -4.33950E-04
  2.47855E-05 -9.03691E-05  2.91491E-05  2.91014E-04  3.43659E-04 -3.29319E-05
