AutoSaveFileName0034.ASC
 IFORMY    0    .00
 (6E13.7)
 IFORMT    0    .00
 (6E13.7)
 IFORMW    0    .00
 (6E13.7)
 NINTT     0   -1.00
 DOUSNQ    0    1.00
 IQUAD     0    1.00
 PRWT      0    1.00
 PRY       0    1.00
 IPLRES    1    3.00
 IPLRES    2    3.00
 IPRINT    1    0.00
 IPRINT    2    2.00
 IPLFIT    1    0.00
 IPLFIT    2    0.00
 LINEPG    0   50.
 NONNEG    1    1.00
 IWT       0    5.00
 NQPROG    1    5.00
 NQPROG    2    5.00
 GMNMX     1    4.01941E-02
 GMNMX     2    1.44286E-02
 RUSER    10    -1.00
 NG        0    500.00
 NLINF     0    1.00
 IUSER    10    4.00
 RUSER    21    1.0
 RUSER    22   -1.0
 RUSER    23    0.0
 RUSER    18         291.91446
 RUSER    17         29.99800
 RUSER    19         1.03269
 RUSER    15         1.33200
 RUSER    16         632.80000
 RUSER    25         1
 RUSER    26         0
 END       0    0.00
 NY      162
  7.50000E-07  8.75000E-07  1.00000E-06  1.12500E-06  1.25000E-06  1.37500E-06
  1.50000E-06  1.62500E-06  1.75000E-06  1.87500E-06  2.00000E-06  2.25000E-06
  2.50000E-06  2.75000E-06  3.00000E-06  3.25000E-06  3.50000E-06  3.75000E-06
  4.00000E-06  4.50000E-06  5.00000E-06  5.50000E-06  6.00000E-06  6.50000E-06
  7.00000E-06  7.50000E-06  8.00000E-06  9.00000E-06  1.00000E-05  1.10000E-05
  1.20000E-05  1.30000E-05  1.40000E-05  1.50000E-05  1.60000E-05  1.80000E-05
  2.00000E-05  2.20000E-05  2.40000E-05  2.60000E-05  2.80000E-05  3.00000E-05
  3.20000E-05  3.60000E-05  4.00000E-05  4.40000E-05  4.80000E-05  5.20000E-05
  5.60000E-05  6.00000E-05  6.40000E-05  7.20000E-05  8.00000E-05  8.80000E-05
  9.60000E-05  1.04000E-04  1.12000E-04  1.20000E-04  1.28000E-04  1.44000E-04
  1.60000E-04  1.76000E-04  1.92000E-04  2.08000E-04  2.24000E-04  2.40000E-04
  2.56000E-04  2.88000E-04  3.20000E-04  3.52000E-04  3.84000E-04  4.16000E-04
  4.48000E-04  4.80000E-04  5.12000E-04  5.76000E-04  6.40000E-04  7.04000E-04
  7.68000E-04  8.32000E-04  8.96000E-04  9.60000E-04  1.02400E-03  1.15200E-03
  1.28000E-03  1.40800E-03  1.53600E-03  1.66400E-03  1.79200E-03  1.92000E-03
  2.01600E-03  2.27200E-03  2.52800E-03  2.78400E-03  3.04000E-03  3.29600E-03
  3.55200E-03  3.80800E-03  4.06400E-03  4.57600E-03  5.08800E-03  5.60000E-03
  6.11200E-03  6.62400E-03  7.13600E-03  7.64800E-03  8.16000E-03  9.18400E-03
  1.02080E-02  1.12320E-02  1.22560E-02  1.32800E-02  1.43040E-02  1.53280E-02
  1.63520E-02  1.84000E-02  2.04480E-02  2.24960E-02  2.45440E-02  2.65920E-02
  2.86400E-02  3.06880E-02  3.27360E-02  3.68320E-02  4.09280E-02  4.50240E-02
  4.91200E-02  5.32160E-02  5.73120E-02  6.14080E-02  6.55040E-02  7.36960E-02
  8.18880E-02  9.00800E-02  9.82720E-02  1.06464E-01  1.14656E-01  1.22848E-01
  1.31040E-01  1.47424E-01  1.63808E-01  1.80192E-01  1.96576E-01  2.12960E-01
  2.29344E-01  2.45728E-01  2.62112E-01  2.94880E-01  3.27648E-01  3.60416E-01
  3.93184E-01  4.25952E-01  4.58720E-01  4.91488E-01  5.24256E-01  5.89792E-01
  6.55328E-01  7.20864E-01  7.86400E-01  8.51936E-01  9.17472E-01  9.83008E-01
  9.97788E-01  9.94043E-01  9.96862E-01  1.00000E+00  9.94639E-01  9.94429E-01
  9.94584E-01  9.94498E-01  9.92094E-01  9.91032E-01  9.93579E-01  9.92065E-01
  9.91613E-01  9.91803E-01  9.93593E-01  9.92796E-01  9.93443E-01  9.92667E-01
  9.92846E-01  9.92529E-01  9.92748E-01  9.92920E-01  9.92596E-01  9.91106E-01
  9.91310E-01  9.89208E-01  9.89334E-01  9.90658E-01  9.89941E-01  9.88239E-01
  9.89053E-01  9.88810E-01  9.88215E-01  9.87642E-01  9.86627E-01  9.86415E-01
  9.85549E-01  9.85199E-01  9.83539E-01  9.83361E-01  9.82380E-01  9.80725E-01
  9.80273E-01  9.79252E-01  9.77699E-01  9.75335E-01  9.74021E-01  9.72626E-01
  9.71367E-01  9.69526E-01  9.67565E-01  9.64308E-01  9.61603E-01  9.57911E-01
  9.55080E-01  9.51668E-01  9.48461E-01  9.45405E-01  9.42502E-01  9.35993E-01
  9.29970E-01  9.23944E-01  9.17959E-01  9.12081E-01  9.06320E-01  9.00532E-01
  8.94780E-01  8.83684E-01  8.72592E-01  8.62031E-01  8.51222E-01  8.40728E-01
  8.30238E-01  8.20234E-01  8.10232E-01  7.90741E-01  7.71710E-01  7.53125E-01
  7.35289E-01  7.17690E-01  7.00561E-01  6.84048E-01  6.67509E-01  6.36849E-01
  6.07695E-01  5.79840E-01  5.53342E-01  5.28085E-01  5.03948E-01  4.81186E-01
  4.65426E-01  4.24857E-01  3.87989E-01  3.54670E-01  3.24490E-01  2.97080E-01
  2.72723E-01  2.50527E-01  2.30734E-01  1.96270E-01  1.68150E-01  1.44024E-01
  1.24547E-01  1.08872E-01  9.53763E-02  8.29721E-02  7.28756E-02  5.57934E-02
  4.37949E-02  3.46297E-02  2.86533E-02  2.60019E-02  2.45746E-02  2.39654E-02
  2.23323E-02  1.94829E-02  1.54954E-02  1.22381E-02  9.55335E-03  7.43202E-03
  3.47114E-03  1.93708E-03  1.92221E-03  2.13118E-03 -4.08356E-03  3.54056E-04
 -1.51269E-03 -1.00115E-03 -2.14563E-03 -2.55493E-03 -3.49288E-03 -8.74879E-03
 -3.51026E-03  7.79699E-04 -6.22443E-03 -1.04719E-03 -8.12480E-04 -6.10773E-03
 -3.80173E-03  1.06159E-03  3.11543E-03  4.78877E-03 -1.42375E-03  5.46678E-04
 -7.90746E-04 -6.70039E-04 -2.33028E-04  2.66140E-03  3.40148E-03 -3.94020E-04
 -2.00644E-03  7.15428E-03  2.87321E-03  2.59807E-04  6.93123E-04 -1.91439E-03
 -2.54360E-04 -2.00208E-03  2.39835E-03 -2.58143E-03  1.36555E-04  3.59296E-03
