AutoSaveFileName0127.ASC
 IFORMY    0    .00
 (6E13.7)
 IFORMT    0    .00
 (6E13.7)
 IFORMW    0    .00
 (6E13.7)
 NINTT     0   -1.00
 DOUSNQ    0    1.00
 IQUAD          1.00
 PRWT      0    1.00
 PRY       0    1.00
 IPLRES    1    3.00
 IPLRES    2    3.00
 IPRINT    1    0.00
 IPRINT    2    2.00
 IPLFIT    1    0.00
 IPLFIT    2    0.00
 LINEPG    0   50.
 NONNEG    1    1.00
 IWT       0    5.00
 NQPROG    1    5.00
 NQPROG    2    5.00
 GMNMX     1    1.848E-05
 GMNMX     2    1.848E-02
 RUSER    10    -1.00
 NG        0    200.00
 NLINF     0    0.00
 IUSER    10    4.00
 RUSER    21    1.0
 RUSER    22   -1.0
 RUSER    23    0.0
 RUSER    18         292.20641
 RUSER    17         74.99800
 RUSER    19         1.02525
 RUSER    15         1.33200
 RUSER    16         632.80000
 RUSER    25         1
 RUSER    26         0
 END       0    0.00
 NY      188
  5.00000E-07  6.25000E-07  7.50000E-07  8.75000E-07  1.00000E-06  1.12500E-06
  1.25000E-06  1.37500E-06  1.50000E-06  1.62500E-06  1.75000E-06  1.87500E-06
  2.00000E-06  2.25000E-06  2.50000E-06  2.75000E-06  3.00000E-06  3.25000E-06
  3.50000E-06  3.75000E-06  4.00000E-06  4.50000E-06  5.00000E-06  5.50000E-06
  6.00000E-06  6.50000E-06  7.00000E-06  7.50000E-06  8.00000E-06  9.00000E-06
  1.00000E-05  1.10000E-05  1.20000E-05  1.30000E-05  1.40000E-05  1.50000E-05
  1.60000E-05  1.80000E-05  2.00000E-05  2.20000E-05  2.40000E-05  2.60000E-05
  2.80000E-05  3.00000E-05  3.20000E-05  3.60000E-05  4.00000E-05  4.40000E-05
  4.80000E-05  5.20000E-05  5.60000E-05  6.00000E-05  6.40000E-05  7.20000E-05
  8.00000E-05  8.80000E-05  9.60000E-05  1.04000E-04  1.12000E-04  1.20000E-04
  1.28000E-04  1.44000E-04  1.60000E-04  1.76000E-04  1.92000E-04  2.08000E-04
  2.24000E-04  2.40000E-04  2.56000E-04  2.88000E-04  3.20000E-04  3.52000E-04
  3.84000E-04  4.16000E-04  4.48000E-04  4.80000E-04  5.12000E-04  5.76000E-04
  6.40000E-04  7.04000E-04  7.68000E-04  8.32000E-04  8.96000E-04  9.60000E-04
  1.02400E-03  1.15200E-03  1.28000E-03  1.40800E-03  1.53600E-03  1.66400E-03
  1.79200E-03  1.92000E-03  2.01600E-03  2.27200E-03  2.52800E-03  2.78400E-03
  3.04000E-03  3.29600E-03  3.55200E-03  3.80800E-03  4.06400E-03  4.57600E-03
  5.08800E-03  5.60000E-03  6.11200E-03  6.62400E-03  7.13600E-03  7.64800E-03
  8.16000E-03  9.18400E-03  1.02080E-02  1.12320E-02  1.22560E-02  1.32800E-02
  1.43040E-02  1.53280E-02  1.63520E-02  1.84000E-02  2.04480E-02  2.24960E-02
  2.45440E-02  2.65920E-02  2.86400E-02  3.06880E-02  3.27360E-02  3.68320E-02
  4.09280E-02  4.50240E-02  4.91200E-02  5.32160E-02  5.73120E-02  6.14080E-02
  6.55040E-02  7.36960E-02  8.18880E-02  9.00800E-02  9.82720E-02  1.06464E-01
  1.14656E-01  1.22848E-01  1.31040E-01  1.47424E-01  1.63808E-01  1.80192E-01
  1.96576E-01  2.12960E-01  2.29344E-01  2.45728E-01  2.62112E-01  2.94880E-01
  3.27648E-01  3.60416E-01  3.93184E-01  4.25952E-01  4.58720E-01  4.91488E-01
  5.24256E-01  5.89792E-01  6.55328E-01  7.20864E-01  7.86400E-01  8.51936E-01
  9.17472E-01  9.83008E-01  1.04854E+00  1.17962E+00  1.31069E+00  1.44176E+00
  1.57283E+00  1.70390E+00  1.83498E+00  1.96605E+00  2.09712E+00  2.35926E+00
  2.62141E+00  2.88355E+00  3.14570E+00  3.40784E+00  3.66998E+00  3.93213E+00
  4.19427E+00  4.71856E+00  5.24285E+00  5.76714E+00  6.29142E+00  6.81571E+00
  7.34000E+00  7.86429E+00
  9.95131E-01  9.93982E-01  9.93117E-01  9.92419E-01  9.89651E-01  9.90544E-01
  9.90072E-01  9.89634E-01  9.90005E-01  9.90910E-01  9.92121E-01  9.91381E-01
  9.89845E-01  9.90027E-01  9.89083E-01  9.90634E-01  9.88436E-01  9.89108E-01
  9.90139E-01  9.89533E-01  9.89185E-01  9.89404E-01  9.89171E-01  9.88754E-01
  9.89210E-01  9.88719E-01  9.89116E-01  9.88387E-01  9.88405E-01  9.88974E-01
  9.88927E-01  9.88397E-01  9.88540E-01  9.87438E-01  9.87874E-01  9.87741E-01
  9.87784E-01  9.86904E-01  9.86691E-01  9.86288E-01  9.85956E-01  9.85869E-01
  9.85296E-01  9.85417E-01  9.84617E-01  9.84147E-01  9.83246E-01  9.82478E-01
  9.81363E-01  9.80853E-01  9.80517E-01  9.79701E-01  9.78952E-01  9.77502E-01
  9.76137E-01  9.74815E-01  9.73101E-01  9.71765E-01  9.70142E-01  9.68729E-01
  9.67285E-01  9.64340E-01  9.61480E-01  9.58411E-01  9.55553E-01  9.52787E-01
  9.49825E-01  9.47033E-01  9.43929E-01  9.38394E-01  9.32585E-01  9.27046E-01
  9.21346E-01  9.15726E-01  9.10227E-01  9.04675E-01  8.99248E-01  8.88412E-01
  8.77746E-01  8.67182E-01  8.56566E-01  8.46207E-01  8.35997E-01  8.25945E-01
  8.15854E-01  7.96155E-01  7.77079E-01  7.58538E-01  7.40249E-01  7.22481E-01
  7.05288E-01  6.88421E-01  6.75171E-01  6.43548E-01  6.13886E-01  5.85873E-01
  5.59321E-01  5.34302E-01  5.10511E-01  4.87957E-01  4.67114E-01  4.27632E-01
  3.92043E-01  3.59243E-01  3.29422E-01  3.02412E-01  2.77392E-01  2.54691E-01
  2.34594E-01  1.98418E-01  1.67433E-01  1.41390E-01  1.20193E-01  1.02963E-01
  8.78582E-02  7.55768E-02  6.61718E-02  5.16131E-02  4.12209E-02  3.25150E-02
  2.65468E-02  2.19458E-02  1.71155E-02  1.38668E-02  9.12525E-03  1.57608E-03
 -2.66060E-03 -1.12459E-03 -2.61458E-03 -2.68903E-03 -9.36601E-03 -1.31219E-02
 -1.26779E-02 -8.54395E-03 -4.44320E-03 -9.25705E-04  5.35508E-04 -8.18191E-04
  1.40834E-03  5.61514E-04 -1.73070E-03 -6.33136E-03 -2.97816E-03 -2.76064E-03
  2.12964E-04  6.78673E-03 -1.07995E-02 -3.65530E-03 -2.01524E-03 -5.43634E-04
 -1.22310E-03 -4.41872E-03  5.87034E-03 -1.45932E-03 -7.73714E-03 -5.99069E-03
 -4.93810E-03 -2.85440E-03  2.10592E-03 -6.05654E-03  1.15807E-02 -3.21847E-03
 -1.47085E-03  5.95717E-03  2.32585E-03 -3.47849E-03  2.54510E-03 -5.16301E-04
 -1.86229E-03  1.84702E-03 -3.79290E-03  3.15398E-03  5.57261E-04 -1.61617E-04
  1.97141E-03 -3.76424E-03 -1.10444E-03  5.85160E-04  3.37539E-03  6.81314E-05
 -9.50969E-04 -1.38223E-03  6.64133E-05 -1.02683E-03  2.17911E-03 -2.36633E-03
  2.18210E-03 -2.39467E-03
