AutoSaveFileName0307.ASC
 IFORMY    0    .00
 (6E13.7)
 IFORMT    0    .00
 (6E13.7)
 IFORMW    0    .00
 (6E13.7)
 NINTT     0   -1.00
 DOUSNQ    0    1.00
 IQUAD          1.00
 PRWT      0    1.00
 PRY       0    1.00
 IPLRES    1    3.00
 IPLRES    2    3.00
 IPRINT    1    0.00
 IPRINT    2    2.00
 IPLFIT    1    0.00
 IPLFIT    2    0.00
 LINEPG    0   50.
 NONNEG    1    1.00
 IWT       0    5.00
 NQPROG    1    5.00
 NQPROG    2    5.00
 GMNMX     1    9.422E-06
 GMNMX     2    9.422E-03
 RUSER    10    -1.00
 NG        0    200.00
 NLINF     0    0.00
 IUSER    10    4.00
 RUSER    21    1.0
 RUSER    22   -1.0
 RUSER    23    0.0
 RUSER    18         292.18936
 RUSER    17         116.99900
 RUSER    19         1.02568
 RUSER    15         1.33200
 RUSER    16         632.80000
 RUSER    25         1
 RUSER    26         0
 END       0    0.00
 NY      131
  3.75000E-07  5.00000E-07  6.25000E-07  7.50000E-07  8.75000E-07  1.00000E-06
  1.12500E-06  1.25000E-06  1.37500E-06  1.50000E-06  1.62500E-06  1.75000E-06
  1.87500E-06  2.00000E-06  2.25000E-06  2.50000E-06  2.75000E-06  3.00000E-06
  3.25000E-06  3.50000E-06  3.75000E-06  4.00000E-06  4.50000E-06  5.00000E-06
  5.50000E-06  6.00000E-06  6.50000E-06  7.00000E-06  7.50000E-06  8.00000E-06
  9.00000E-06  1.00000E-05  1.10000E-05  1.20000E-05  1.30000E-05  1.40000E-05
  1.50000E-05  1.60000E-05  1.80000E-05  2.00000E-05  2.20000E-05  2.40000E-05
  2.60000E-05  2.80000E-05  3.00000E-05  3.20000E-05  3.60000E-05  4.00000E-05
  4.40000E-05  4.80000E-05  5.20000E-05  5.60000E-05  6.00000E-05  6.40000E-05
  7.20000E-05  8.00000E-05  8.80000E-05  9.60000E-05  1.04000E-04  1.12000E-04
  1.20000E-04  1.28000E-04  1.44000E-04  1.60000E-04  1.76000E-04  1.92000E-04
  2.08000E-04  2.24000E-04  2.40000E-04  2.56000E-04  2.88000E-04  3.20000E-04
  3.52000E-04  3.84000E-04  4.16000E-04  4.48000E-04  4.80000E-04  5.12000E-04
  5.76000E-04  6.40000E-04  7.04000E-04  7.68000E-04  8.32000E-04  8.96000E-04
  9.60000E-04  1.02400E-03  1.15200E-03  1.28000E-03  1.40800E-03  1.53600E-03
  1.66400E-03  1.79200E-03  1.92000E-03  2.01600E-03  2.27200E-03  2.52800E-03
  2.78400E-03  3.04000E-03  3.29600E-03  3.55200E-03  3.80800E-03  4.06400E-03
  4.57600E-03  5.08800E-03  5.60000E-03  6.11200E-03  6.62400E-03  7.13600E-03
  7.64800E-03  8.16000E-03  9.18400E-03  1.02080E-02  1.12320E-02  1.22560E-02
  1.32800E-02  1.43040E-02  1.53280E-02  1.63520E-02  1.84000E-02  2.04480E-02
  2.24960E-02  2.45440E-02  2.65920E-02  2.86400E-02  3.06880E-02  3.27360E-02
  3.68320E-02  4.09280E-02  4.50240E-02  4.91200E-02  5.32160E-02
  1.59001E+00  1.58415E+00  1.58457E+00  1.58445E+00  1.58114E+00  1.58127E+00
  1.58017E+00  1.58242E+00  1.58009E+00  1.57682E+00  1.57979E+00  1.57976E+00
  1.57711E+00  1.58132E+00  1.57452E+00  1.57664E+00  1.57569E+00  1.57765E+00
  1.57569E+00  1.57753E+00  1.57548E+00  1.57700E+00  1.57430E+00  1.57302E+00
  1.57428E+00  1.57182E+00  1.57265E+00  1.57031E+00  1.57289E+00  1.57141E+00
  1.57128E+00  1.56928E+00  1.56749E+00  1.56431E+00  1.56477E+00  1.56416E+00
  1.56361E+00  1.56142E+00  1.55931E+00  1.55740E+00  1.55404E+00  1.55154E+00
  1.54915E+00  1.54597E+00  1.54439E+00  1.54139E+00  1.53695E+00  1.53221E+00
  1.52673E+00  1.52263E+00  1.51717E+00  1.51235E+00  1.50748E+00  1.50251E+00
  1.49349E+00  1.48327E+00  1.47414E+00  1.46469E+00  1.45547E+00  1.44625E+00
  1.43698E+00  1.42824E+00  1.41000E+00  1.39223E+00  1.37472E+00  1.35707E+00
  1.34006E+00  1.32364E+00  1.30631E+00  1.29006E+00  1.25806E+00  1.22655E+00
  1.19541E+00  1.16545E+00  1.13610E+00  1.10771E+00  1.08022E+00  1.05314E+00
  1.00142E+00  9.52097E-01  9.05952E-01  8.62192E-01  8.20554E-01  7.80610E-01
  7.42911E-01  7.08023E-01  6.41761E-01  5.81433E-01  5.27303E-01  4.78824E-01
  4.34469E-01  3.93895E-01  3.56798E-01  3.32919E-01  2.71327E-01  2.19547E-01
  1.77955E-01  1.44674E-01  1.17886E-01  9.51381E-02  7.69263E-02  6.22701E-02
  4.08819E-02  3.09634E-02  2.49895E-02  1.80083E-02  9.06646E-03  5.41046E-04
 -3.27763E-03 -4.44986E-03 -1.01243E-04 -1.49206E-03  1.77050E-03  2.64549E-03
  5.55867E-03  4.13592E-03 -4.86224E-03  7.13684E-04 -2.84290E-03 -6.12338E-03
 -6.69103E-03 -1.71252E-03 -7.04283E-03 -1.39799E-02 -1.38254E-02 -1.48830E-02
  4.31995E-03  2.59793E-03  8.22043E-03  1.18432E-03  3.57078E-03
