AutoSaveFileName0409.ASC
 IFORMY    0    .00
 (6E13.7)
 IFORMT    0    .00
 (6E13.7)
 IFORMW    0    .00
 (6E13.7)
 NINTT     0   -1.00
 DOUSNQ    0    1.00
 IQUAD          1.00
 PRWT      0    1.00
 PRY       0    1.00
 IPLRES    1    3.00
 IPLRES    2    3.00
 IPRINT    1    0.00
 IPRINT    2    2.00
 IPLFIT    1    0.00
 IPLFIT    2    0.00
 LINEPG    0   50.
 NONNEG    1    1.00
 IWT       0    5.00
 NQPROG    1    5.00
 NQPROG    2    5.00
 GMNMX     1    7.275E-06
 GMNMX     2    7.275E-03
 RUSER    10    -1.00
 NG        0    200.00
 NLINF     0    0.00
 IUSER    10    4.00
 RUSER    21    1.0
 RUSER    22   -1.0
 RUSER    23    0.0
 RUSER    18         292.34886
 RUSER    17         150.99900
 RUSER    19         1.02165
 RUSER    15         1.33200
 RUSER    16         632.80000
 RUSER    25         1
 RUSER    26         0
 END       0    0.00
 NY      131
  3.75000E-07  5.00000E-07  6.25000E-07  7.50000E-07  8.75000E-07  1.00000E-06
  1.12500E-06  1.25000E-06  1.37500E-06  1.50000E-06  1.62500E-06  1.75000E-06
  1.87500E-06  2.00000E-06  2.25000E-06  2.50000E-06  2.75000E-06  3.00000E-06
  3.25000E-06  3.50000E-06  3.75000E-06  4.00000E-06  4.50000E-06  5.00000E-06
  5.50000E-06  6.00000E-06  6.50000E-06  7.00000E-06  7.50000E-06  8.00000E-06
  9.00000E-06  1.00000E-05  1.10000E-05  1.20000E-05  1.30000E-05  1.40000E-05
  1.50000E-05  1.60000E-05  1.80000E-05  2.00000E-05  2.20000E-05  2.40000E-05
  2.60000E-05  2.80000E-05  3.00000E-05  3.20000E-05  3.60000E-05  4.00000E-05
  4.40000E-05  4.80000E-05  5.20000E-05  5.60000E-05  6.00000E-05  6.40000E-05
  7.20000E-05  8.00000E-05  8.80000E-05  9.60000E-05  1.04000E-04  1.12000E-04
  1.20000E-04  1.28000E-04  1.44000E-04  1.60000E-04  1.76000E-04  1.92000E-04
  2.08000E-04  2.24000E-04  2.40000E-04  2.56000E-04  2.88000E-04  3.20000E-04
  3.52000E-04  3.84000E-04  4.16000E-04  4.48000E-04  4.80000E-04  5.12000E-04
  5.76000E-04  6.40000E-04  7.04000E-04  7.68000E-04  8.32000E-04  8.96000E-04
  9.60000E-04  1.02400E-03  1.15200E-03  1.28000E-03  1.40800E-03  1.53600E-03
  1.66400E-03  1.79200E-03  1.92000E-03  2.01600E-03  2.27200E-03  2.52800E-03
  2.78400E-03  3.04000E-03  3.29600E-03  3.55200E-03  3.80800E-03  4.06400E-03
  4.57600E-03  5.08800E-03  5.60000E-03  6.11200E-03  6.62400E-03  7.13600E-03
  7.64800E-03  8.16000E-03  9.18400E-03  1.02080E-02  1.12320E-02  1.22560E-02
  1.32800E-02  1.43040E-02  1.53280E-02  1.63520E-02  1.84000E-02  2.04480E-02
  2.24960E-02  2.45440E-02  2.65920E-02  2.86400E-02  3.06880E-02  3.27360E-02
  3.68320E-02  4.09280E-02  4.50240E-02  4.91200E-02  5.32160E-02
  1.58623E+00  1.57816E+00  1.58014E+00  1.57266E+00  1.56979E+00  1.57383E+00
  1.57132E+00  1.57039E+00  1.56863E+00  1.57534E+00  1.56662E+00  1.56977E+00
  1.56252E+00  1.57095E+00  1.56678E+00  1.56776E+00  1.56815E+00  1.57576E+00
  1.56832E+00  1.56521E+00  1.56657E+00  1.56541E+00  1.56951E+00  1.56661E+00
  1.56813E+00  1.56626E+00  1.56045E+00  1.56779E+00  1.56364E+00  1.56275E+00
  1.56257E+00  1.56165E+00  1.56180E+00  1.56023E+00  1.56132E+00  1.55957E+00
  1.55994E+00  1.55681E+00  1.55712E+00  1.55526E+00  1.55317E+00  1.55019E+00
  1.54923E+00  1.54734E+00  1.54756E+00  1.54544E+00  1.54192E+00  1.53795E+00
  1.53503E+00  1.53101E+00  1.52903E+00  1.52518E+00  1.52203E+00  1.51902E+00
  1.51344E+00  1.50697E+00  1.49954E+00  1.49358E+00  1.48652E+00  1.48199E+00
  1.47428E+00  1.46896E+00  1.45570E+00  1.44466E+00  1.43158E+00  1.41964E+00
  1.40769E+00  1.39592E+00  1.38537E+00  1.37322E+00  1.35105E+00  1.32978E+00
  1.30819E+00  1.28804E+00  1.26738E+00  1.24748E+00  1.22835E+00  1.20970E+00
  1.17286E+00  1.13767E+00  1.10478E+00  1.07293E+00  1.04232E+00  1.01309E+00
  9.85094E-01  9.57164E-01  9.07428E-01  8.61025E-01  8.18298E-01  7.78003E-01
  7.40751E-01  7.06100E-01  6.74294E-01  6.53001E-01  5.98130E-01  5.51726E-01
  5.10708E-01  4.75172E-01  4.44870E-01  4.17988E-01  3.94276E-01  3.73837E-01
  3.35719E-01  3.05997E-01  2.83220E-01  2.67224E-01  2.54586E-01  2.40619E-01
  2.25919E-01  2.14728E-01  2.01841E-01  1.89855E-01  1.70692E-01  1.52134E-01
  1.41405E-01  1.32375E-01  1.26623E-01  1.22539E-01  1.06070E-01  9.64633E-02
  8.10590E-02  6.33845E-02  4.49983E-02  3.91642E-02  4.37866E-02  4.59271E-02
  3.15236E-02  1.70023E-02  2.09070E-02  1.70535E-02  1.42709E-02
