AutoSaveFileName0152.ASC
 IFORMY    0    .00
 (6E13.7)
 IFORMT    0    .00
 (6E13.7)
 IFORMW    0    .00
 (6E13.7)
 NINTT     0   -1.00
 DOUSNQ    0    1.00
 IQUAD          1.00
 PRWT      0    1.00
 PRY       0    1.00
 IPLRES    1    3.00
 IPLRES    2    3.00
 IPRINT    1    0.00
 IPRINT    2    2.00
 IPLFIT    1    0.00
 IPLFIT    2    0.00
 LINEPG    0   50.
 NONNEG    1    1.00
 IWT       0    5.00
 NQPROG    1    5.00
 NQPROG    2    5.00
 GMNMX     1    1.369E-05
 GMNMX     2    1.369E-02
 RUSER    10    -1.00
 NG        0    200.00
 NLINF     0    0.00
 IUSER    10    4.00
 RUSER    21    1.0
 RUSER    22   -1.0
 RUSER    23    0.0
 RUSER    18         292.21548
 RUSER    17         89.99700
 RUSER    19         1.02502
 RUSER    15         1.33200
 RUSER    16         632.80000
 RUSER    25         1
 RUSER    26         0
 END       0    0.00
 NY      188
  5.00000E-07  6.25000E-07  7.50000E-07  8.75000E-07  1.00000E-06  1.12500E-06
  1.25000E-06  1.37500E-06  1.50000E-06  1.62500E-06  1.75000E-06  1.87500E-06
  2.00000E-06  2.25000E-06  2.50000E-06  2.75000E-06  3.00000E-06  3.25000E-06
  3.50000E-06  3.75000E-06  4.00000E-06  4.50000E-06  5.00000E-06  5.50000E-06
  6.00000E-06  6.50000E-06  7.00000E-06  7.50000E-06  8.00000E-06  9.00000E-06
  1.00000E-05  1.10000E-05  1.20000E-05  1.30000E-05  1.40000E-05  1.50000E-05
  1.60000E-05  1.80000E-05  2.00000E-05  2.20000E-05  2.40000E-05  2.60000E-05
  2.80000E-05  3.00000E-05  3.20000E-05  3.60000E-05  4.00000E-05  4.40000E-05
  4.80000E-05  5.20000E-05  5.60000E-05  6.00000E-05  6.40000E-05  7.20000E-05
  8.00000E-05  8.80000E-05  9.60000E-05  1.04000E-04  1.12000E-04  1.20000E-04
  1.28000E-04  1.44000E-04  1.60000E-04  1.76000E-04  1.92000E-04  2.08000E-04
  2.24000E-04  2.40000E-04  2.56000E-04  2.88000E-04  3.20000E-04  3.52000E-04
  3.84000E-04  4.16000E-04  4.48000E-04  4.80000E-04  5.12000E-04  5.76000E-04
  6.40000E-04  7.04000E-04  7.68000E-04  8.32000E-04  8.96000E-04  9.60000E-04
  1.02400E-03  1.15200E-03  1.28000E-03  1.40800E-03  1.53600E-03  1.66400E-03
  1.79200E-03  1.92000E-03  2.01600E-03  2.27200E-03  2.52800E-03  2.78400E-03
  3.04000E-03  3.29600E-03  3.55200E-03  3.80800E-03  4.06400E-03  4.57600E-03
  5.08800E-03  5.60000E-03  6.11200E-03  6.62400E-03  7.13600E-03  7.64800E-03
  8.16000E-03  9.18400E-03  1.02080E-02  1.12320E-02  1.22560E-02  1.32800E-02
  1.43040E-02  1.53280E-02  1.63520E-02  1.84000E-02  2.04480E-02  2.24960E-02
  2.45440E-02  2.65920E-02  2.86400E-02  3.06880E-02  3.27360E-02  3.68320E-02
  4.09280E-02  4.50240E-02  4.91200E-02  5.32160E-02  5.73120E-02  6.14080E-02
  6.55040E-02  7.36960E-02  8.18880E-02  9.00800E-02  9.82720E-02  1.06464E-01
  1.14656E-01  1.22848E-01  1.31040E-01  1.47424E-01  1.63808E-01  1.80192E-01
  1.96576E-01  2.12960E-01  2.29344E-01  2.45728E-01  2.62112E-01  2.94880E-01
  3.27648E-01  3.60416E-01  3.93184E-01  4.25952E-01  4.58720E-01  4.91488E-01
  5.24256E-01  5.89792E-01  6.55328E-01  7.20864E-01  7.86400E-01  8.51936E-01
  9.17472E-01  9.83008E-01  1.04854E+00  1.17962E+00  1.31069E+00  1.44176E+00
  1.57283E+00  1.70390E+00  1.83498E+00  1.96605E+00  2.09712E+00  2.35926E+00
  2.62141E+00  2.88355E+00  3.14570E+00  3.40784E+00  3.66998E+00  3.93213E+00
  4.19427E+00  4.71856E+00  5.24285E+00  5.76714E+00  6.29142E+00  6.81571E+00
  7.34000E+00  7.86429E+00
  9.97471E-01  9.96424E-01  9.93987E-01  9.93569E-01  9.92648E-01  9.93313E-01
  9.93009E-01  9.90498E-01  9.93005E-01  9.93052E-01  9.92631E-01  9.92110E-01
  9.91897E-01  9.91606E-01  9.92257E-01  9.92683E-01  9.90302E-01  9.91853E-01
  9.90880E-01  9.92196E-01  9.90902E-01  9.91467E-01  9.91036E-01  9.91188E-01
  9.91414E-01  9.91410E-01  9.91149E-01  9.90893E-01  9.90606E-01  9.90011E-01
  9.89746E-01  9.89820E-01  9.89455E-01  9.89772E-01  9.89125E-01  9.88942E-01
  9.88721E-01  9.88091E-01  9.87304E-01  9.86609E-01  9.86131E-01  9.85840E-01
  9.85314E-01  9.84628E-01  9.84224E-01  9.83003E-01  9.81973E-01  9.81021E-01
  9.80005E-01  9.79101E-01  9.77511E-01  9.76759E-01  9.75716E-01  9.73392E-01
  9.71393E-01  9.69090E-01  9.67078E-01  9.64828E-01  9.62581E-01  9.60522E-01
  9.58497E-01  9.54243E-01  9.49903E-01  9.45775E-01  9.41500E-01  9.37424E-01
  9.33188E-01  9.29291E-01  9.25176E-01  9.17033E-01  9.08830E-01  9.00814E-01
  8.92863E-01  8.84872E-01  8.76986E-01  8.69287E-01  8.59911E-01  8.44708E-01
  8.29857E-01  8.15140E-01  8.00763E-01  7.86759E-01  7.72973E-01  7.59343E-01
  7.46134E-01  7.20456E-01  6.95442E-01  6.71501E-01  6.48351E-01  6.26110E-01
  6.04689E-01  5.84111E-01  5.71255E-01  5.33380E-01  4.98290E-01  4.65868E-01
  4.35610E-01  4.07535E-01  3.81422E-01  3.56913E-01  3.34609E-01  2.93323E-01
  2.57684E-01  2.26033E-01  1.98004E-01  1.72416E-01  1.49076E-01  1.28525E-01
  1.11291E-01  8.07363E-02  5.78559E-02  4.00105E-02  2.74096E-02  2.07598E-02
  1.55902E-02  1.27409E-02  1.15243E-02  6.73009E-03 -1.72758E-03 -9.61995E-03
 -1.27843E-02 -7.80820E-03 -2.12106E-03  3.52783E-03  7.23380E-03  9.06527E-03
  8.10105E-04 -1.04811E-02 -6.61612E-03 -2.37820E-03  6.85218E-04 -4.14217E-04
 -1.79401E-03 -1.42176E-02 -6.52753E-03  7.32660E-03  1.33768E-02  1.22217E-02
  6.35269E-03  5.07011E-03  1.40153E-03  2.06543E-03  5.45302E-03 -4.99620E-03
 -8.70399E-03  2.83685E-04  5.26011E-03  2.68641E-03 -4.27434E-03 -1.18410E-03
 -1.86531E-03  8.89421E-03  4.86589E-03  1.06724E-02  4.89518E-04 -9.64406E-03
 -2.18952E-03 -1.84821E-03 -4.62692E-04  6.51063E-03  1.28644E-03 -5.64981E-03
 -7.34820E-03 -3.12492E-03 -6.51849E-04  3.20869E-03 -3.31915E-03  1.96506E-03
  1.29557E-03  1.26191E-03 -3.43889E-04 -6.92274E-04  1.14893E-03 -3.66227E-03
 -3.13610E-03 -2.36198E-03  9.98310E-04 -3.20913E-03 -1.09992E-03 -1.52170E-03
 -4.04854E-04 -1.51623E-03  2.17516E-03 -1.81801E-04  3.19671E-03  1.61865E-03
  6.08956E-04 -1.59810E-03
