AutoSaveFileName0314.ASC
 IFORMY    0    .00
 (6E13.7)
 IFORMT    0    .00
 (6E13.7)
 IFORMW    0    .00
 (6E13.7)
 NINTT     0   -1.00
 DOUSNQ    0    1.00
 IQUAD          1.00
 PRWT      0    1.00
 PRY       0    1.00
 IPLRES    1    3.00
 IPLRES    2    3.00
 IPRINT    1    0.00
 IPRINT    2    2.00
 IPLFIT    1    0.00
 IPLFIT    2    0.00
 LINEPG    0   50.
 NONNEG    1    1.00
 IWT       0    5.00
 NQPROG    1    5.00
 NQPROG    2    5.00
 GMNMX     1    9.223E-06
 GMNMX     2    9.223E-03
 RUSER    10    -1.00
 NG        0    200.00
 NLINF     0    0.00
 IUSER    10    4.00
 RUSER    21    1.0
 RUSER    22   -1.0
 RUSER    23    0.0
 RUSER    18         292.20096
 RUSER    17         118.99900
 RUSER    19         1.02539
 RUSER    15         1.33200
 RUSER    16         632.80000
 RUSER    25         1
 RUSER    26         0
 END       0    0.00
 NY      131
  3.75000E-07  5.00000E-07  6.25000E-07  7.50000E-07  8.75000E-07  1.00000E-06
  1.12500E-06  1.25000E-06  1.37500E-06  1.50000E-06  1.62500E-06  1.75000E-06
  1.87500E-06  2.00000E-06  2.25000E-06  2.50000E-06  2.75000E-06  3.00000E-06
  3.25000E-06  3.50000E-06  3.75000E-06  4.00000E-06  4.50000E-06  5.00000E-06
  5.50000E-06  6.00000E-06  6.50000E-06  7.00000E-06  7.50000E-06  8.00000E-06
  9.00000E-06  1.00000E-05  1.10000E-05  1.20000E-05  1.30000E-05  1.40000E-05
  1.50000E-05  1.60000E-05  1.80000E-05  2.00000E-05  2.20000E-05  2.40000E-05
  2.60000E-05  2.80000E-05  3.00000E-05  3.20000E-05  3.60000E-05  4.00000E-05
  4.40000E-05  4.80000E-05  5.20000E-05  5.60000E-05  6.00000E-05  6.40000E-05
  7.20000E-05  8.00000E-05  8.80000E-05  9.60000E-05  1.04000E-04  1.12000E-04
  1.20000E-04  1.28000E-04  1.44000E-04  1.60000E-04  1.76000E-04  1.92000E-04
  2.08000E-04  2.24000E-04  2.40000E-04  2.56000E-04  2.88000E-04  3.20000E-04
  3.52000E-04  3.84000E-04  4.16000E-04  4.48000E-04  4.80000E-04  5.12000E-04
  5.76000E-04  6.40000E-04  7.04000E-04  7.68000E-04  8.32000E-04  8.96000E-04
  9.60000E-04  1.02400E-03  1.15200E-03  1.28000E-03  1.40800E-03  1.53600E-03
  1.66400E-03  1.79200E-03  1.92000E-03  2.01600E-03  2.27200E-03  2.52800E-03
  2.78400E-03  3.04000E-03  3.29600E-03  3.55200E-03  3.80800E-03  4.06400E-03
  4.57600E-03  5.08800E-03  5.60000E-03  6.11200E-03  6.62400E-03  7.13600E-03
  7.64800E-03  8.16000E-03  9.18400E-03  1.02080E-02  1.12320E-02  1.22560E-02
  1.32800E-02  1.43040E-02  1.53280E-02  1.63520E-02  1.84000E-02  2.04480E-02
  2.24960E-02  2.45440E-02  2.65920E-02  2.86400E-02  3.06880E-02  3.27360E-02
  3.68320E-02  4.09280E-02  4.50240E-02  4.91200E-02  5.32160E-02
  2.46257E+00  2.45855E+00  2.45073E+00  2.44868E+00  2.45428E+00  2.45087E+00
  2.45254E+00  2.44392E+00  2.44460E+00  2.44424E+00  2.44138E+00  2.43991E+00
  2.44802E+00  2.44521E+00  2.44237E+00  2.44935E+00  2.44457E+00  2.44276E+00
  2.44563E+00  2.44138E+00  2.44128E+00  2.44006E+00  2.44010E+00  2.43986E+00
  2.43546E+00  2.43738E+00  2.43624E+00  2.43442E+00  2.43469E+00  2.43537E+00
  2.43156E+00  2.42730E+00  2.42893E+00  2.42613E+00  2.42390E+00  2.42292E+00
  2.42247E+00  2.41869E+00  2.41410E+00  2.40932E+00  2.40688E+00  2.40262E+00
  2.40052E+00  2.39564E+00  2.39161E+00  2.38857E+00  2.38011E+00  2.37362E+00
  2.36705E+00  2.35832E+00  2.35070E+00  2.34426E+00  2.33635E+00  2.32944E+00
  2.31543E+00  2.30037E+00  2.28615E+00  2.27272E+00  2.25760E+00  2.24300E+00
  2.22994E+00  2.21641E+00  2.18875E+00  2.16216E+00  2.13532E+00  2.10835E+00
  2.08242E+00  2.05671E+00  2.03064E+00  2.00537E+00  1.95665E+00  1.90854E+00
  1.86084E+00  1.81514E+00  1.77018E+00  1.72665E+00  1.68405E+00  1.64354E+00
  1.56398E+00  1.48866E+00  1.41774E+00  1.34981E+00  1.28543E+00  1.22508E+00
  1.16714E+00  1.11271E+00  1.01026E+00  9.17597E-01  8.33334E-01  7.56348E-01
  6.86045E-01  6.22673E-01  5.65467E-01  5.27843E-01  4.35597E-01  3.59112E-01
  2.96165E-01  2.41940E-01  1.97015E-01  1.59653E-01  1.29618E-01  1.04064E-01
  6.28077E-02  3.73437E-02  2.01097E-02  5.36178E-03 -3.09784E-03 -9.36035E-03
 -9.95827E-03 -1.07535E-02 -1.82542E-02 -1.22334E-02  4.52794E-05  1.33801E-02
  1.89577E-02  9.80175E-03  4.82618E-03  1.14379E-02 -1.51831E-03 -1.32683E-02
 -7.52679E-03  1.12096E-02  1.62247E-02  8.77208E-03  1.33084E-02  1.45939E-02
  4.57103E-03  1.17359E-03 -6.86566E-03 -8.04169E-03  7.14633E-03
