AutoSaveFileName0230.ASC
 IFORMY    0    .00
 (6E13.7)
 IFORMT    0    .00
 (6E13.7)
 IFORMW    0    .00
 (6E13.7)
 NINTT     0   -1.00
 DOUSNQ    0    1.00
 IQUAD          1.00
 PRWT      0    1.00
 PRY       0    1.00
 IPLRES    1    3.00
 IPLRES    2    3.00
 IPRINT    1    0.00
 IPRINT    2    2.00
 IPLFIT    1    0.00
 IPLFIT    2    0.00
 LINEPG    0   50.
 NONNEG    1    1.00
 IWT       0    5.00
 NQPROG    1    5.00
 NQPROG    2    5.00
 GMNMX     1    8.327E-06
 GMNMX     2    8.327E-03
 RUSER    10    -1.00
 NG        0    200.00
 NLINF     0    0.00
 IUSER    10    4.00
 RUSER    21    1.0
 RUSER    22   -1.0
 RUSER    23    0.0
 RUSER    18         292.24180
 RUSER    17         129.99900
 RUSER    19         1.02435
 RUSER    15         1.33200
 RUSER    16         632.80000
 RUSER    25         1
 RUSER    26         0
 END       0    0.00
 NY      188
  5.00000E-07  6.25000E-07  7.50000E-07  8.75000E-07  1.00000E-06  1.12500E-06
  1.25000E-06  1.37500E-06  1.50000E-06  1.62500E-06  1.75000E-06  1.87500E-06
  2.00000E-06  2.25000E-06  2.50000E-06  2.75000E-06  3.00000E-06  3.25000E-06
  3.50000E-06  3.75000E-06  4.00000E-06  4.50000E-06  5.00000E-06  5.50000E-06
  6.00000E-06  6.50000E-06  7.00000E-06  7.50000E-06  8.00000E-06  9.00000E-06
  1.00000E-05  1.10000E-05  1.20000E-05  1.30000E-05  1.40000E-05  1.50000E-05
  1.60000E-05  1.80000E-05  2.00000E-05  2.20000E-05  2.40000E-05  2.60000E-05
  2.80000E-05  3.00000E-05  3.20000E-05  3.60000E-05  4.00000E-05  4.40000E-05
  4.80000E-05  5.20000E-05  5.60000E-05  6.00000E-05  6.40000E-05  7.20000E-05
  8.00000E-05  8.80000E-05  9.60000E-05  1.04000E-04  1.12000E-04  1.20000E-04
  1.28000E-04  1.44000E-04  1.60000E-04  1.76000E-04  1.92000E-04  2.08000E-04
  2.24000E-04  2.40000E-04  2.56000E-04  2.88000E-04  3.20000E-04  3.52000E-04
  3.84000E-04  4.16000E-04  4.48000E-04  4.80000E-04  5.12000E-04  5.76000E-04
  6.40000E-04  7.04000E-04  7.68000E-04  8.32000E-04  8.96000E-04  9.60000E-04
  1.02400E-03  1.15200E-03  1.28000E-03  1.40800E-03  1.53600E-03  1.66400E-03
  1.79200E-03  1.92000E-03  2.01600E-03  2.27200E-03  2.52800E-03  2.78400E-03
  3.04000E-03  3.29600E-03  3.55200E-03  3.80800E-03  4.06400E-03  4.57600E-03
  5.08800E-03  5.60000E-03  6.11200E-03  6.62400E-03  7.13600E-03  7.64800E-03
  8.16000E-03  9.18400E-03  1.02080E-02  1.12320E-02  1.22560E-02  1.32800E-02
  1.43040E-02  1.53280E-02  1.63520E-02  1.84000E-02  2.04480E-02  2.24960E-02
  2.45440E-02  2.65920E-02  2.86400E-02  3.06880E-02  3.27360E-02  3.68320E-02
  4.09280E-02  4.50240E-02  4.91200E-02  5.32160E-02  5.73120E-02  6.14080E-02
  6.55040E-02  7.36960E-02  8.18880E-02  9.00800E-02  9.82720E-02  1.06464E-01
  1.14656E-01  1.22848E-01  1.31040E-01  1.47424E-01  1.63808E-01  1.80192E-01
  1.96576E-01  2.12960E-01  2.29344E-01  2.45728E-01  2.62112E-01  2.94880E-01
  3.27648E-01  3.60416E-01  3.93184E-01  4.25952E-01  4.58720E-01  4.91488E-01
  5.24256E-01  5.89792E-01  6.55328E-01  7.20864E-01  7.86400E-01  8.51936E-01
  9.17472E-01  9.83008E-01  1.04854E+00  1.17962E+00  1.31069E+00  1.44176E+00
  1.57283E+00  1.70390E+00  1.83498E+00  1.96605E+00  2.09712E+00  2.35926E+00
  2.62141E+00  2.88355E+00  3.14570E+00  3.40784E+00  3.66998E+00  3.93213E+00
  4.19427E+00  4.71856E+00  5.24285E+00  5.76714E+00  6.29142E+00  6.81571E+00
  7.34000E+00  7.86429E+00
  9.91047E-01  9.91870E-01  9.87785E-01  9.95169E-01  9.89030E-01  9.91940E-01
  9.94304E-01  9.89564E-01  9.91047E-01  9.87318E-01  9.88742E-01  9.90616E-01
  9.90375E-01  9.88549E-01  9.87701E-01  9.95356E-01  9.87065E-01  9.91363E-01
  9.86488E-01  9.89957E-01  9.87915E-01  9.87808E-01  9.85557E-01  9.83969E-01
  9.87167E-01  9.87564E-01  9.85862E-01  9.85706E-01  9.87617E-01  9.86098E-01
  9.85964E-01  9.84576E-01  9.83872E-01  9.84663E-01  9.84667E-01  9.83544E-01
  9.83346E-01  9.81963E-01  9.81510E-01  9.81061E-01  9.80437E-01  9.79167E-01
  9.79151E-01  9.77425E-01  9.76681E-01  9.75448E-01  9.73527E-01  9.71735E-01
  9.69502E-01  9.69129E-01  9.66855E-01  9.65445E-01  9.64314E-01  9.60427E-01
  9.57245E-01  9.54070E-01  9.50783E-01  9.48486E-01  9.44158E-01  9.40828E-01
  9.37901E-01  9.31650E-01  9.25205E-01  9.19118E-01  9.13016E-01  9.07177E-01
  9.00859E-01  8.94729E-01  8.89045E-01  8.77233E-01  8.65517E-01  8.53854E-01
  8.42663E-01  8.31242E-01  8.20096E-01  8.09460E-01  7.98696E-01  7.77576E-01
  7.57210E-01  7.36927E-01  7.17388E-01  6.98450E-01  6.80061E-01  6.62760E-01
  6.45707E-01  6.12745E-01  5.81444E-01  5.51973E-01  5.24171E-01  4.97851E-01
  4.72959E-01  4.49124E-01  4.30953E-01  3.88745E-01  3.50163E-01  3.16127E-01
  2.86186E-01  2.59581E-01  2.36242E-01  2.14896E-01  1.95391E-01  1.60748E-01
  1.34427E-01  1.13718E-01  9.64049E-02  8.39009E-02  7.44028E-02  6.33988E-02
  5.49777E-02  4.07368E-02  2.83893E-02  2.11814E-02  1.89907E-02  1.44649E-02
  5.59866E-03 -5.33697E-03 -6.95641E-03 -1.46625E-03 -3.43785E-04 -4.95384E-03
 -6.52307E-03 -1.22549E-02 -2.34188E-02 -3.05965E-02 -3.40215E-02 -1.80078E-02
  4.04263E-03  1.45534E-02  9.98701E-03  7.89862E-03 -1.33185E-03 -1.09879E-03
 -5.50771E-03 -1.34690E-02 -6.54913E-03 -1.05384E-02  2.88178E-03 -1.83911E-03
 -1.72568E-03 -5.35644E-03 -1.99854E-03  3.62864E-03  2.86991E-03  4.79119E-04
  2.31785E-03  1.30136E-02 -2.34354E-03  3.47343E-03  1.27328E-03 -4.26812E-04
  3.62218E-03 -1.09423E-02 -7.48670E-03  1.30694E-02  2.89696E-03  2.81392E-03
  4.67164E-03 -2.91092E-03 -1.15685E-03 -6.54771E-03  3.09435E-04 -7.51366E-04
 -4.15027E-03 -2.63830E-03  1.47888E-03 -8.01832E-04  1.23882E-03  2.05412E-04
 -1.94237E-03  2.68214E-04 -1.73708E-03 -9.00761E-04 -6.41502E-04 -7.73529E-04
 -2.68526E-03 -4.13607E-03 -1.09234E-03 -2.79418E-03 -2.27479E-03 -6.06887E-04
  3.10452E-03 -1.71647E-03  6.15057E-04  4.93696E-04  5.24754E-03 -1.22119E-03
 -2.72404E-03 -1.75448E-04
