AutoSaveFileName0251.ASC
 IFORMY    0    .00
 (6E13.7)
 IFORMT    0    .00
 (6E13.7)
 IFORMW    0    .00
 (6E13.7)
 NINTT     0   -1.00
 DOUSNQ    0    1.00
 IQUAD          1.00
 PRWT      0    1.00
 PRY       0    1.00
 IPLRES    1    3.00
 IPLRES    2    3.00
 IPRINT    1    0.00
 IPRINT    2    2.00
 IPLFIT    1    0.00
 IPLFIT    2    0.00
 LINEPG    0   50.
 NONNEG    1    1.00
 IWT       0    5.00
 NQPROG    1    5.00
 NQPROG    2    5.00
 GMNMX     1    7.744E-06
 GMNMX     2    7.744E-03
 RUSER    10    -1.00
 NG        0    200.00
 NLINF     0    0.00
 IUSER    10    4.00
 RUSER    21    1.0
 RUSER    22   -1.0
 RUSER    23    0.0
 RUSER    18         292.24807
 RUSER    17         139.99900
 RUSER    19         1.02419
 RUSER    15         1.33200
 RUSER    16         632.80000
 RUSER    25         1
 RUSER    26         0
 END       0    0.00
 NY      188
  5.00000E-07  6.25000E-07  7.50000E-07  8.75000E-07  1.00000E-06  1.12500E-06
  1.25000E-06  1.37500E-06  1.50000E-06  1.62500E-06  1.75000E-06  1.87500E-06
  2.00000E-06  2.25000E-06  2.50000E-06  2.75000E-06  3.00000E-06  3.25000E-06
  3.50000E-06  3.75000E-06  4.00000E-06  4.50000E-06  5.00000E-06  5.50000E-06
  6.00000E-06  6.50000E-06  7.00000E-06  7.50000E-06  8.00000E-06  9.00000E-06
  1.00000E-05  1.10000E-05  1.20000E-05  1.30000E-05  1.40000E-05  1.50000E-05
  1.60000E-05  1.80000E-05  2.00000E-05  2.20000E-05  2.40000E-05  2.60000E-05
  2.80000E-05  3.00000E-05  3.20000E-05  3.60000E-05  4.00000E-05  4.40000E-05
  4.80000E-05  5.20000E-05  5.60000E-05  6.00000E-05  6.40000E-05  7.20000E-05
  8.00000E-05  8.80000E-05  9.60000E-05  1.04000E-04  1.12000E-04  1.20000E-04
  1.28000E-04  1.44000E-04  1.60000E-04  1.76000E-04  1.92000E-04  2.08000E-04
  2.24000E-04  2.40000E-04  2.56000E-04  2.88000E-04  3.20000E-04  3.52000E-04
  3.84000E-04  4.16000E-04  4.48000E-04  4.80000E-04  5.12000E-04  5.76000E-04
  6.40000E-04  7.04000E-04  7.68000E-04  8.32000E-04  8.96000E-04  9.60000E-04
  1.02400E-03  1.15200E-03  1.28000E-03  1.40800E-03  1.53600E-03  1.66400E-03
  1.79200E-03  1.92000E-03  2.01600E-03  2.27200E-03  2.52800E-03  2.78400E-03
  3.04000E-03  3.29600E-03  3.55200E-03  3.80800E-03  4.06400E-03  4.57600E-03
  5.08800E-03  5.60000E-03  6.11200E-03  6.62400E-03  7.13600E-03  7.64800E-03
  8.16000E-03  9.18400E-03  1.02080E-02  1.12320E-02  1.22560E-02  1.32800E-02
  1.43040E-02  1.53280E-02  1.63520E-02  1.84000E-02  2.04480E-02  2.24960E-02
  2.45440E-02  2.65920E-02  2.86400E-02  3.06880E-02  3.27360E-02  3.68320E-02
  4.09280E-02  4.50240E-02  4.91200E-02  5.32160E-02  5.73120E-02  6.14080E-02
  6.55040E-02  7.36960E-02  8.18880E-02  9.00800E-02  9.82720E-02  1.06464E-01
  1.14656E-01  1.22848E-01  1.31040E-01  1.47424E-01  1.63808E-01  1.80192E-01
  1.96576E-01  2.12960E-01  2.29344E-01  2.45728E-01  2.62112E-01  2.94880E-01
  3.27648E-01  3.60416E-01  3.93184E-01  4.25952E-01  4.58720E-01  4.91488E-01
  5.24256E-01  5.89792E-01  6.55328E-01  7.20864E-01  7.86400E-01  8.51936E-01
  9.17472E-01  9.83008E-01  1.04854E+00  1.17962E+00  1.31069E+00  1.44176E+00
  1.57283E+00  1.70390E+00  1.83498E+00  1.96605E+00  2.09712E+00  2.35926E+00
  2.62141E+00  2.88355E+00  3.14570E+00  3.40784E+00  3.66998E+00  3.93213E+00
  4.19427E+00  4.71856E+00  5.24285E+00  5.76714E+00  6.29142E+00  6.81571E+00
  7.34000E+00  7.86429E+00
  9.93208E-01  9.95186E-01  9.90688E-01  9.93402E-01  9.91225E-01  9.89196E-01
  9.89099E-01  9.90934E-01  9.89299E-01  9.89183E-01  9.90178E-01  9.86133E-01
  9.89176E-01  9.89060E-01  9.88608E-01  9.89118E-01  9.87205E-01  9.89428E-01
  9.86695E-01  9.86229E-01  9.87871E-01  9.89299E-01  9.86986E-01  9.87671E-01
  9.86856E-01  9.88491E-01  9.87160E-01  9.86818E-01  9.86824E-01  9.85777E-01
  9.84717E-01  9.84401E-01  9.85732E-01  9.84530E-01  9.83761E-01  9.83431E-01
  9.82902E-01  9.82352E-01  9.81060E-01  9.80543E-01  9.79386E-01  9.77906E-01
  9.77105E-01  9.76304E-01  9.75574E-01  9.73461E-01  9.72685E-01  9.70210E-01
  9.68291E-01  9.66449E-01  9.65267E-01  9.63755E-01  9.61558E-01  9.57997E-01
  9.53978E-01  9.50669E-01  9.46760E-01  9.43057E-01  9.39658E-01  9.35807E-01
  9.32349E-01  9.24937E-01  9.18172E-01  9.10656E-01  9.04033E-01  8.97132E-01
  8.90198E-01  8.83613E-01  8.76918E-01  8.63297E-01  8.50062E-01  8.37423E-01
  8.24512E-01  8.11859E-01  7.99555E-01  7.87704E-01  7.76073E-01  7.52984E-01
  7.30729E-01  7.09210E-01  6.87970E-01  6.67640E-01  6.47899E-01  6.28736E-01
  6.10186E-01  5.74468E-01  5.41010E-01  5.09298E-01  4.79481E-01  4.51140E-01
  4.24744E-01  3.99950E-01  3.82825E-01  3.40584E-01  3.03828E-01  2.71544E-01
  2.43251E-01  2.17939E-01  1.94288E-01  1.72947E-01  1.55618E-01  1.25610E-01
  1.01279E-01  8.29843E-02  6.79601E-02  5.57865E-02  4.48994E-02  3.65997E-02
  3.08830E-02  2.26543E-02  1.62204E-02  1.08392E-02  6.70632E-03  3.97673E-03
  2.90014E-03  3.40749E-03  5.54375E-03  4.53584E-03  2.93342E-03  3.35041E-03
 -1.98557E-03 -4.24061E-03  3.12706E-03  5.84739E-03  1.09904E-02  1.20596E-02
  8.78566E-03  4.48532E-05  4.20344E-04 -8.05197E-03 -1.65883E-02 -7.77106E-03
 -1.41362E-03 -3.92509E-03 -6.20743E-03 -5.69841E-03  9.32925E-03  1.00529E-02
 -3.58393E-04 -5.92000E-03  1.08521E-03 -2.11132E-03 -3.34289E-03 -1.38037E-03
 -4.76719E-03  4.22474E-03 -2.13610E-03  5.11909E-03  4.52224E-04 -1.64580E-03
 -3.08351E-03  9.88000E-05  3.35095E-03  7.32215E-04 -1.97745E-03  2.06194E-03
  2.29146E-03  1.19356E-03 -2.81565E-03  3.98717E-03  2.57355E-03 -2.32745E-05
 -6.50077E-04 -2.91073E-03 -2.12033E-03  7.40745E-04 -7.64402E-04 -1.38715E-03
 -4.23124E-03  2.72713E-03 -4.54789E-03 -1.26941E-03 -1.44910E-03 -1.60639E-03
 -9.95160E-04  9.82100E-04  3.38115E-04  5.65771E-04  2.05153E-03  1.69431E-03
  9.98817E-04  4.42619E-04 -1.71568E-03 -1.76649E-03 -3.71931E-04  3.48449E-03
  5.77375E-04  4.35997E-04
