AutoSaveFileName0004.ASC
 IFORMY    0    .00
 (6E13.7)
 IFORMT    0    .00
 (6E13.7)
 IFORMW    0    .00
 (6E13.7)
 NINTT     0   -1.00
 DOUSNQ    0    1.00
 IQUAD          1.00
 PRWT      0    1.00
 PRY       0    1.00
 IPLRES    1    3.00
 IPLRES    2    3.00
 IPRINT    1    0.00
 IPRINT    2    2.00
 IPLFIT    1    0.00
 IPLFIT    2    0.00
 LINEPG    0   50.
 NONNEG    1    1.00
 IWT       0    5.00
 NQPROG    1    5.00
 NQPROG    2    5.00
 GMNMX     1    4.023E-04
 GMNMX     2    4.023E-01
 RUSER    10    -1.00
 NG        0    200.00
 NLINF     0    0.00
 IUSER    10    4.00
 RUSER    21    1.0
 RUSER    22   -1.0
 RUSER    23    0.0
 RUSER    18         292.15288
 RUSER    17         15.00300
 RUSER    19         1.02661
 RUSER    15         1.33200
 RUSER    16         632.80000
 RUSER    25         1
 RUSER    26         0
 END       0    0.00
 NY      188
  5.00000E-07  6.25000E-07  7.50000E-07  8.75000E-07  1.00000E-06  1.12500E-06
  1.25000E-06  1.37500E-06  1.50000E-06  1.62500E-06  1.75000E-06  1.87500E-06
  2.00000E-06  2.25000E-06  2.50000E-06  2.75000E-06  3.00000E-06  3.25000E-06
  3.50000E-06  3.75000E-06  4.00000E-06  4.50000E-06  5.00000E-06  5.50000E-06
  6.00000E-06  6.50000E-06  7.00000E-06  7.50000E-06  8.00000E-06  9.00000E-06
  1.00000E-05  1.10000E-05  1.20000E-05  1.30000E-05  1.40000E-05  1.50000E-05
  1.60000E-05  1.80000E-05  2.00000E-05  2.20000E-05  2.40000E-05  2.60000E-05
  2.80000E-05  3.00000E-05  3.20000E-05  3.60000E-05  4.00000E-05  4.40000E-05
  4.80000E-05  5.20000E-05  5.60000E-05  6.00000E-05  6.40000E-05  7.20000E-05
  8.00000E-05  8.80000E-05  9.60000E-05  1.04000E-04  1.12000E-04  1.20000E-04
  1.28000E-04  1.44000E-04  1.60000E-04  1.76000E-04  1.92000E-04  2.08000E-04
  2.24000E-04  2.40000E-04  2.56000E-04  2.88000E-04  3.20000E-04  3.52000E-04
  3.84000E-04  4.16000E-04  4.48000E-04  4.80000E-04  5.12000E-04  5.76000E-04
  6.40000E-04  7.04000E-04  7.68000E-04  8.32000E-04  8.96000E-04  9.60000E-04
  1.02400E-03  1.15200E-03  1.28000E-03  1.40800E-03  1.53600E-03  1.66400E-03
  1.79200E-03  1.92000E-03  2.01600E-03  2.27200E-03  2.52800E-03  2.78400E-03
  3.04000E-03  3.29600E-03  3.55200E-03  3.80800E-03  4.06400E-03  4.57600E-03
  5.08800E-03  5.60000E-03  6.11200E-03  6.62400E-03  7.13600E-03  7.64800E-03
  8.16000E-03  9.18400E-03  1.02080E-02  1.12320E-02  1.22560E-02  1.32800E-02
  1.43040E-02  1.53280E-02  1.63520E-02  1.84000E-02  2.04480E-02  2.24960E-02
  2.45440E-02  2.65920E-02  2.86400E-02  3.06880E-02  3.27360E-02  3.68320E-02
  4.09280E-02  4.50240E-02  4.91200E-02  5.32160E-02  5.73120E-02  6.14080E-02
  6.55040E-02  7.36960E-02  8.18880E-02  9.00800E-02  9.82720E-02  1.06464E-01
  1.14656E-01  1.22848E-01  1.31040E-01  1.47424E-01  1.63808E-01  1.80192E-01
  1.96576E-01  2.12960E-01  2.29344E-01  2.45728E-01  2.62112E-01  2.94880E-01
  3.27648E-01  3.60416E-01  3.93184E-01  4.25952E-01  4.58720E-01  4.91488E-01
  5.24256E-01  5.89792E-01  6.55328E-01  7.20864E-01  7.86400E-01  8.51936E-01
  9.17472E-01  9.83008E-01  1.04854E+00  1.17962E+00  1.31069E+00  1.44176E+00
  1.57283E+00  1.70390E+00  1.83498E+00  1.96605E+00  2.09712E+00  2.35926E+00
  2.62141E+00  2.88355E+00  3.14570E+00  3.40784E+00  3.66998E+00  3.93213E+00
  4.19427E+00  4.71856E+00  5.24285E+00  5.76714E+00  6.29142E+00  6.81571E+00
  7.34000E+00  7.86429E+00
  9.98770E-01  9.98222E-01  9.98034E-01  9.98039E-01  9.97477E-01  9.97107E-01
  9.96871E-01  9.96412E-01  9.96113E-01  9.95797E-01  9.95338E-01  9.95298E-01
  9.95137E-01  9.94433E-01  9.93934E-01  9.93243E-01  9.92770E-01  9.92169E-01
  9.91563E-01  9.91130E-01  9.90622E-01  9.89343E-01  9.88251E-01  9.86976E-01
  9.85835E-01  9.84761E-01  9.83602E-01  9.82457E-01  9.81320E-01  9.78953E-01
  9.76662E-01  9.74340E-01  9.72089E-01  9.69754E-01  9.67440E-01  9.65172E-01
  9.62952E-01  9.59966E-01  9.58722E-01  9.57595E-01  9.56494E-01  9.55295E-01
  9.54207E-01  9.53088E-01  9.51934E-01  9.49884E-01  9.48150E-01  9.46452E-01
  9.44780E-01  9.43127E-01  9.41589E-01  9.40167E-01  9.38705E-01  9.35879E-01
  9.33267E-01  9.30687E-01  9.28275E-01  9.25918E-01  9.23693E-01  9.21527E-01
  9.19388E-01  9.15350E-01  9.11521E-01  9.07870E-01  9.04380E-01  9.01020E-01
  8.97775E-01  8.94579E-01  8.91406E-01  8.85460E-01  8.79893E-01  8.74544E-01
  8.69419E-01  8.64471E-01  8.59733E-01  8.57050E-01  8.67988E-01  8.66660E-01
  8.63771E-01  8.60299E-01  8.56484E-01  8.52290E-01  8.47984E-01  8.43812E-01
  8.46402E-01  8.41151E-01  8.35058E-01  8.28841E-01  8.28270E-01  8.22801E-01
  8.17925E-01  8.12643E-01  8.10709E-01  8.01612E-01  7.94565E-01  7.86765E-01
  7.80061E-01  7.72105E-01  7.66284E-01  7.59848E-01  7.53501E-01  7.40950E-01
  7.29847E-01  7.18227E-01  7.07338E-01  6.97617E-01  6.88155E-01  6.78692E-01
  6.70157E-01  6.52667E-01  6.35025E-01  6.17892E-01  6.02359E-01  5.86875E-01
  5.72166E-01  5.58046E-01  5.44456E-01  5.17414E-01  4.91540E-01  4.67570E-01
  4.45832E-01  4.25775E-01  4.07370E-01  3.90725E-01  3.77371E-01  3.49062E-01
  3.22105E-01  2.97295E-01  2.74242E-01  2.54163E-01  2.36456E-01  2.21384E-01
  2.09118E-01  1.83878E-01  1.62706E-01  1.43520E-01  1.20965E-01  9.79920E-02
  8.44133E-02  7.52645E-02  6.97938E-02  6.03005E-02  4.94099E-02  3.65861E-02
  2.74583E-02  2.07183E-02  2.07863E-02  2.56994E-02  2.06589E-02  1.23445E-02
  1.36503E-02  1.97862E-02  1.28830E-02 -3.36158E-04 -8.03631E-03 -1.28417E-02
 -1.04729E-02  8.11333E-04  9.77006E-03 -1.33295E-02 -2.64639E-02 -3.58104E-02
 -3.88080E-02 -3.24989E-02 -1.62071E-02 -5.53410E-03 -1.10436E-02 -6.65231E-03
 -9.73003E-03 -1.19094E-02  7.52926E-03  4.50022E-03  2.45491E-03 -8.26746E-03
  9.47856E-03  5.94438E-03 -1.21783E-02 -2.68400E-02 -1.49983E-02 -2.47046E-02
  7.55966E-03 -1.92946E-02 -1.70947E-02 -8.09884E-03  1.98848E-02 -5.74444E-03
  1.74830E-02 -9.09952E-03
