AutoSaveFileName0089.ASC
 IFORMY    0    .00
 (6E13.7)
 IFORMT    0    .00
 (6E13.7)
 IFORMW    0    .00
 (6E13.7)
 NINTT     0   -1.00
 DOUSNQ    0    1.00
 IQUAD          1.00
 PRWT      0    1.00
 PRY       0    1.00
 IPLRES    1    3.00
 IPLRES    2    3.00
 IPRINT    1    0.00
 IPRINT    2    2.00
 IPLFIT    1    0.00
 IPLFIT    2    0.00
 LINEPG    0   50.
 NONNEG    1    1.00
 IWT       0    5.00
 NQPROG    1    5.00
 NQPROG    2    5.00
 GMNMX     1    3.234E-05
 GMNMX     2    9.703E-03
 RUSER    10    -1.00
 NG        0    200.00
 NLINF     0    0.00
 IUSER    10    4.00
 RUSER    21    1.0
 RUSER    22   -1.0
 RUSER    23    0.0
 RUSER    18         291.95529
 RUSER    17         54.99700
 RUSER    19         0.00103
 RUSER    15         1.33200
 RUSER    16         0.00000
 RUSER    25         1
 RUSER    26         0
 END       0    0.00
 NY      131
  3.75000E-07  5.00000E-07  6.25000E-07  7.50000E-07  8.75000E-07  1.00000E-06
  1.12500E-06  1.25000E-06  1.37500E-06  1.50000E-06  1.62500E-06  1.75000E-06
  1.87500E-06  2.00000E-06  2.25000E-06  2.50000E-06  2.75000E-06  3.00000E-06
  3.25000E-06  3.50000E-06  3.75000E-06  4.00000E-06  4.50000E-06  5.00000E-06
  5.50000E-06  6.00000E-06  6.50000E-06  7.00000E-06  7.50000E-06  8.00000E-06
  9.00000E-06  1.00000E-05  1.10000E-05  1.20000E-05  1.30000E-05  1.40000E-05
  1.50000E-05  1.60000E-05  1.80000E-05  2.00000E-05  2.20000E-05  2.40000E-05
  2.60000E-05  2.80000E-05  3.00000E-05  3.20000E-05  3.60000E-05  4.00000E-05
  4.40000E-05  4.80000E-05  5.20000E-05  5.60000E-05  6.00000E-05  6.40000E-05
  7.20000E-05  8.00000E-05  8.80000E-05  9.60000E-05  1.04000E-04  1.12000E-04
  1.20000E-04  1.28000E-04  1.44000E-04  1.60000E-04  1.76000E-04  1.92000E-04
  2.08000E-04  2.24000E-04  2.40000E-04  2.56000E-04  2.88000E-04  3.20000E-04
  3.52000E-04  3.84000E-04  4.16000E-04  4.48000E-04  4.80000E-04  5.12000E-04
  5.76000E-04  6.40000E-04  7.04000E-04  7.68000E-04  8.32000E-04  8.96000E-04
  9.60000E-04  1.02400E-03  1.15200E-03  1.28000E-03  1.40800E-03  1.53600E-03
  1.66400E-03  1.79200E-03  1.92000E-03  2.01600E-03  2.27200E-03  2.52800E-03
  2.78400E-03  3.04000E-03  3.29600E-03  3.55200E-03  3.80800E-03  4.06400E-03
  4.57600E-03  5.08800E-03  5.60000E-03  6.11200E-03  6.62400E-03  7.13600E-03
  7.64800E-03  8.16000E-03  9.18400E-03  1.02080E-02  1.12320E-02  1.22560E-02
  1.32800E-02  1.43040E-02  1.53280E-02  1.63520E-02  1.84000E-02  2.04480E-02
  2.24960E-02  2.45440E-02  2.65920E-02  2.86400E-02  3.06880E-02  3.27360E-02
  3.68320E-02  4.09280E-02  4.50240E-02  4.91200E-02  5.32160E-02
  9.32988E+00  9.31284E+00  9.30722E+00  9.30541E+00  9.29623E+00  9.29147E+00
  9.27692E+00  9.27556E+00  9.28264E+00  9.28664E+00  9.26501E+00  9.26090E+00
  9.26939E+00  9.25861E+00  9.25088E+00  9.25678E+00  9.24939E+00  9.25530E+00
  9.25475E+00  9.23372E+00  9.23440E+00  9.24156E+00  9.23317E+00  9.22733E+00
  9.21438E+00  9.21675E+00  9.21015E+00  9.19724E+00  9.19315E+00  9.19088E+00
  9.17709E+00  9.16658E+00  9.15625E+00  9.14596E+00  9.13030E+00  9.11841E+00
  9.10775E+00  9.09632E+00  9.07985E+00  9.05548E+00  9.03327E+00  9.01114E+00
  8.99082E+00  8.96401E+00  8.94330E+00  8.92011E+00  8.87840E+00  8.83361E+00
  8.78924E+00  8.74609E+00  8.70165E+00  8.66186E+00  8.61928E+00  8.57606E+00
  8.49225E+00  8.41101E+00  8.32438E+00  8.24699E+00  8.16732E+00  8.08677E+00
  8.00888E+00  7.93219E+00  7.78057E+00  7.63419E+00  7.49036E+00  7.34725E+00
  7.20947E+00  7.07106E+00  6.93983E+00  6.81062E+00  6.56030E+00  6.32065E+00
  6.09406E+00  5.87664E+00  5.66907E+00  5.46924E+00  5.28085E+00  5.10178E+00
  4.76233E+00  4.45210E+00  4.16945E+00  3.91141E+00  3.67433E+00  3.45780E+00
  3.25941E+00  3.07427E+00  2.75273E+00  2.48301E+00  2.25839E+00  2.06929E+00
  1.91241E+00  1.77878E+00  1.66420E+00  1.59476E+00  1.43690E+00  1.32748E+00
  1.25059E+00  1.19395E+00  1.15275E+00  1.11898E+00  1.09288E+00  1.07085E+00
  1.03499E+00  1.00566E+00  9.94512E-01  1.00751E+00  1.01406E+00  1.00859E+00
  1.00970E+00  9.96933E-01  9.97518E-01  1.01710E+00  1.02032E+00  1.00300E+00
  9.91929E-01  1.00734E+00  1.00488E+00  9.99818E-01  9.89828E-01  1.00567E+00
  9.99659E-01  9.74157E-01  9.85705E-01  9.83973E-01  1.00911E+00  9.96600E-01
  9.93750E-01  1.00463E+00  9.93940E-01  9.99719E-01  1.00462E+00
