AutoSaveFileName0174.ASC
 IFORMY    0    .00
 (6E13.7)
 IFORMT    0    .00
 (6E13.7)
 IFORMW    0    .00
 (6E13.7)
 NINTT     0   -1.00
 DOUSNQ    0    1.00
 IQUAD          1.00
 PRWT      0    1.00
 PRY       0    1.00
 IPLRES    1    3.00
 IPLRES    2    3.00
 IPRINT    1    0.00
 IPRINT    2    2.00
 IPLFIT    1    0.00
 IPLFIT    2    0.00
 LINEPG    0   50.
 NONNEG    1    1.00
 IWT       0    5.00
 NQPROG    1    5.00
 NQPROG    2    5.00
 GMNMX     1    1.947E-05
 GMNMX     2    1.947E-02
 RUSER    10    -1.00
 NG        0    200.00
 NLINF     0    0.00
 IUSER    10    4.00
 RUSER    21    1.0
 RUSER    22   -1.0
 RUSER    23    0.0
 RUSER    18         291.98978
 RUSER    17         72.99900
 RUSER    19         1.03076
 RUSER    15         1.33200
 RUSER    16         632.80000
 RUSER    25         1
 RUSER    26         0
 END       0    0.00
 NY      131
  3.75000E-07  5.00000E-07  6.25000E-07  7.50000E-07  8.75000E-07  1.00000E-06
  1.12500E-06  1.25000E-06  1.37500E-06  1.50000E-06  1.62500E-06  1.75000E-06
  1.87500E-06  2.00000E-06  2.25000E-06  2.50000E-06  2.75000E-06  3.00000E-06
  3.25000E-06  3.50000E-06  3.75000E-06  4.00000E-06  4.50000E-06  5.00000E-06
  5.50000E-06  6.00000E-06  6.50000E-06  7.00000E-06  7.50000E-06  8.00000E-06
  9.00000E-06  1.00000E-05  1.10000E-05  1.20000E-05  1.30000E-05  1.40000E-05
  1.50000E-05  1.60000E-05  1.80000E-05  2.00000E-05  2.20000E-05  2.40000E-05
  2.60000E-05  2.80000E-05  3.00000E-05  3.20000E-05  3.60000E-05  4.00000E-05
  4.40000E-05  4.80000E-05  5.20000E-05  5.60000E-05  6.00000E-05  6.40000E-05
  7.20000E-05  8.00000E-05  8.80000E-05  9.60000E-05  1.04000E-04  1.12000E-04
  1.20000E-04  1.28000E-04  1.44000E-04  1.60000E-04  1.76000E-04  1.92000E-04
  2.08000E-04  2.24000E-04  2.40000E-04  2.56000E-04  2.88000E-04  3.20000E-04
  3.52000E-04  3.84000E-04  4.16000E-04  4.48000E-04  4.80000E-04  5.12000E-04
  5.76000E-04  6.40000E-04  7.04000E-04  7.68000E-04  8.32000E-04  8.96000E-04
  9.60000E-04  1.02400E-03  1.15200E-03  1.28000E-03  1.40800E-03  1.53600E-03
  1.66400E-03  1.79200E-03  1.92000E-03  2.01600E-03  2.27200E-03  2.52800E-03
  2.78400E-03  3.04000E-03  3.29600E-03  3.55200E-03  3.80800E-03  4.06400E-03
  4.57600E-03  5.08800E-03  5.60000E-03  6.11200E-03  6.62400E-03  7.13600E-03
  7.64800E-03  8.16000E-03  9.18400E-03  1.02080E-02  1.12320E-02  1.22560E-02
  1.32800E-02  1.43040E-02  1.53280E-02  1.63520E-02  1.84000E-02  2.04480E-02
  2.24960E-02  2.45440E-02  2.65920E-02  2.86400E-02  3.06880E-02  3.27360E-02
  3.68320E-02  4.09280E-02  4.50240E-02  4.91200E-02  5.32160E-02
  8.32542E-01  8.32663E-01  8.25724E-01  8.21186E-01  8.30326E-01  8.29179E-01
  8.30576E-01  8.24620E-01  8.23964E-01  8.24271E-01  8.26415E-01  8.30619E-01
  8.29457E-01  8.27425E-01  8.30360E-01  8.27289E-01  8.27136E-01  8.24732E-01
  8.23242E-01  8.32005E-01  8.22800E-01  8.23477E-01  8.22481E-01  8.24351E-01
  8.24684E-01  8.23307E-01  8.27117E-01  8.21364E-01  8.26199E-01  8.25164E-01
  8.21866E-01  8.25817E-01  8.22751E-01  8.24039E-01  8.20281E-01  8.22670E-01
  8.22058E-01  8.21443E-01  8.21683E-01  8.19898E-01  8.18381E-01  8.20769E-01
  8.18422E-01  8.19263E-01  8.19061E-01  8.18615E-01  8.16943E-01  8.16125E-01
  8.14031E-01  8.12369E-01  8.12943E-01  8.10641E-01  8.09997E-01  8.08861E-01
  8.08136E-01  8.04723E-01  8.02775E-01  8.01015E-01  7.98321E-01  7.96115E-01
  7.94633E-01  7.92417E-01  7.88104E-01  7.83796E-01  7.79810E-01  7.75625E-01
  7.71728E-01  7.68194E-01  7.63947E-01  7.59529E-01  7.51508E-01  7.44050E-01
  7.36129E-01  7.28596E-01  7.21408E-01  7.14261E-01  7.06508E-01  6.99767E-01
  6.85332E-01  6.71271E-01  6.58138E-01  6.44668E-01  6.31666E-01  6.18904E-01
  6.06910E-01  5.94497E-01  5.70632E-01  5.47932E-01  5.26427E-01  5.05823E-01
  4.86112E-01  4.66959E-01  4.49116E-01  4.34545E-01  4.01291E-01  3.70731E-01
  3.42310E-01  3.16588E-01  2.93631E-01  2.72009E-01  2.51668E-01  2.34210E-01
  2.01471E-01  1.72321E-01  1.48164E-01  1.29270E-01  1.13951E-01  1.02157E-01
  9.26785E-02  8.49081E-02  7.04101E-02  5.94084E-02  5.10354E-02  4.34987E-02
  3.80533E-02  3.31834E-02  2.62747E-02  1.72800E-02  8.24701E-03  1.48665E-03
  1.48486E-03 -1.42533E-03  1.12835E-03  9.66055E-04  4.80352E-03  6.96453E-03
  1.56554E-02  8.17572E-03  7.98892E-03  1.42416E-02  7.88713E-03
