AutoSaveFileName0122.ASC
 IFORMY    0    .00
 (6E13.7)
 IFORMT    0    .00
 (6E13.7)
 IFORMW    0    .00
 (6E13.7)
 NINTT     0   -1.00
 DOUSNQ    0    1.00
 IQUAD     0    1.00
 PRWT      0    1.00
 PRY       0    1.00
 IPLRES    1    3.00
 IPLRES    2    3.00
 IPRINT    1    0.00
 IPRINT    2    2.00
 IPLFIT    1    0.00
 IPLFIT    2    0.00
 LINEPG    0   50.
 NONNEG    1    1.00
 IWT       0    5.00
 NQPROG    1    5.00
 NQPROG    2    5.00
 GMNMX     1    7.25071E-03
 GMNMX     2    2.60282E-03
 RUSER    10    -1.00
 NG        0    500.00
 NLINF     0    1.00
 IUSER    10    4.00
 RUSER    21    1.0
 RUSER    22   -1.0
 RUSER    23    0.0
 RUSER    18         291.98242
 RUSER    17         74.99900
 RUSER    19         1.03095
 RUSER    15         1.33200
 RUSER    16         632.80000
 RUSER    25         1
 RUSER    26         0
 END       0    0.00
 NY      162
  7.50000E-07  8.75000E-07  1.00000E-06  1.12500E-06  1.25000E-06  1.37500E-06
  1.50000E-06  1.62500E-06  1.75000E-06  1.87500E-06  2.00000E-06  2.25000E-06
  2.50000E-06  2.75000E-06  3.00000E-06  3.25000E-06  3.50000E-06  3.75000E-06
  4.00000E-06  4.50000E-06  5.00000E-06  5.50000E-06  6.00000E-06  6.50000E-06
  7.00000E-06  7.50000E-06  8.00000E-06  9.00000E-06  1.00000E-05  1.10000E-05
  1.20000E-05  1.30000E-05  1.40000E-05  1.50000E-05  1.60000E-05  1.80000E-05
  2.00000E-05  2.20000E-05  2.40000E-05  2.60000E-05  2.80000E-05  3.00000E-05
  3.20000E-05  3.60000E-05  4.00000E-05  4.40000E-05  4.80000E-05  5.20000E-05
  5.60000E-05  6.00000E-05  6.40000E-05  7.20000E-05  8.00000E-05  8.80000E-05
  9.60000E-05  1.04000E-04  1.12000E-04  1.20000E-04  1.28000E-04  1.44000E-04
  1.60000E-04  1.76000E-04  1.92000E-04  2.08000E-04  2.24000E-04  2.40000E-04
  2.56000E-04  2.88000E-04  3.20000E-04  3.52000E-04  3.84000E-04  4.16000E-04
  4.48000E-04  4.80000E-04  5.12000E-04  5.76000E-04  6.40000E-04  7.04000E-04
  7.68000E-04  8.32000E-04  8.96000E-04  9.60000E-04  1.02400E-03  1.15200E-03
  1.28000E-03  1.40800E-03  1.53600E-03  1.66400E-03  1.79200E-03  1.92000E-03
  2.01600E-03  2.27200E-03  2.52800E-03  2.78400E-03  3.04000E-03  3.29600E-03
  3.55200E-03  3.80800E-03  4.06400E-03  4.57600E-03  5.08800E-03  5.60000E-03
  6.11200E-03  6.62400E-03  7.13600E-03  7.64800E-03  8.16000E-03  9.18400E-03
  1.02080E-02  1.12320E-02  1.22560E-02  1.32800E-02  1.43040E-02  1.53280E-02
  1.63520E-02  1.84000E-02  2.04480E-02  2.24960E-02  2.45440E-02  2.65920E-02
  2.86400E-02  3.06880E-02  3.27360E-02  3.68320E-02  4.09280E-02  4.50240E-02
  4.91200E-02  5.32160E-02  5.73120E-02  6.14080E-02  6.55040E-02  7.36960E-02
  8.18880E-02  9.00800E-02  9.82720E-02  1.06464E-01  1.14656E-01  1.22848E-01
  1.31040E-01  1.47424E-01  1.63808E-01  1.80192E-01  1.96576E-01  2.12960E-01
  2.29344E-01  2.45728E-01  2.62112E-01  2.94880E-01  3.27648E-01  3.60416E-01
  3.93184E-01  4.25952E-01  4.58720E-01  4.91488E-01  5.24256E-01  5.89792E-01
  6.55328E-01  7.20864E-01  7.86400E-01  8.51936E-01  9.17472E-01  9.83008E-01
  9.99855E-01  1.00000E+00  9.91283E-01  9.93530E-01  9.91263E-01  9.90167E-01
  9.93495E-01  9.91240E-01  9.92407E-01  9.89814E-01  9.93628E-01  9.87649E-01
  9.91354E-01  9.87241E-01  9.90211E-01  9.88565E-01  9.84039E-01  9.84098E-01
  9.85874E-01  9.82448E-01  9.84672E-01  9.81242E-01  9.80747E-01  9.77636E-01
  9.78367E-01  9.76072E-01  9.76701E-01  9.73071E-01  9.72191E-01  9.68294E-01
  9.67198E-01  9.64873E-01  9.60724E-01  9.61082E-01  9.57700E-01  9.52440E-01
  9.46932E-01  9.41444E-01  9.37787E-01  9.32228E-01  9.29066E-01  9.23472E-01
  9.18652E-01  9.10053E-01  9.00805E-01  8.92183E-01  8.84342E-01  8.74831E-01
  8.66546E-01  8.56690E-01  8.49069E-01  8.33301E-01  8.16672E-01  8.00978E-01
  7.85292E-01  7.70588E-01  7.55468E-01  7.41032E-01  7.26206E-01  6.97953E-01
  6.71398E-01  6.46028E-01  6.20930E-01  5.97038E-01  5.73994E-01  5.51571E-01
  5.30830E-01  4.90863E-01  4.53920E-01  4.19925E-01  3.88530E-01  3.59118E-01
  3.32038E-01  3.06921E-01  2.84306E-01  2.43245E-01  2.08457E-01  1.78717E-01
  1.53191E-01  1.31611E-01  1.12993E-01  9.71268E-02  8.35147E-02  6.10241E-02
  4.53147E-02  3.42858E-02  2.75489E-02  2.21356E-02  1.74142E-02  1.33897E-02
  1.12675E-02  7.52361E-03  5.76265E-03  4.29101E-03  2.67147E-03  1.96882E-03
  2.46367E-03  2.23403E-03  2.14437E-03  2.69415E-03  3.70625E-03  5.71001E-03
  7.81211E-03  3.73590E-03  2.35344E-03  2.11329E-03  2.74313E-03 -3.48897E-03
 -3.71216E-03 -1.61459E-03  1.99032E-03  2.57178E-03 -9.55339E-04 -4.37712E-04
 -1.24987E-03  1.07773E-03 -3.64364E-03 -3.02332E-03 -2.31982E-03 -2.40627E-03
 -1.73365E-03 -1.93146E-03 -1.15795E-03 -5.52495E-04 -1.05398E-03 -6.04345E-05
 -4.82350E-04  1.05268E-03  2.42863E-04 -5.95074E-04  3.44349E-04 -1.31891E-03
 -8.37484E-04  1.00055E-03 -2.70829E-03 -1.38208E-03 -3.09878E-04 -1.29125E-03
  1.29968E-04 -1.01188E-03  2.16956E-04 -9.24112E-04 -1.20230E-04  1.02001E-03
 -1.86604E-03  9.64998E-04  5.08760E-05 -3.97022E-04 -1.30332E-04 -8.93946E-04
 -7.02699E-05 -6.02962E-04 -6.70062E-04  8.11589E-04  8.29879E-04  4.41362E-06
 -1.88733E-04 -2.35949E-04  1.72441E-04 -2.51536E-04  9.37700E-04 -1.30077E-03
