AutoSaveFileName0077.ASC
 IFORMY    0    .00
 (6E13.7)
 IFORMT    0    .00
 (6E13.7)
 IFORMW    0    .00
 (6E13.7)
 NINTT     0   -1.00
 DOUSNQ    0    1.00
 IQUAD          1.00
 PRWT      0    1.00
 PRY       0    1.00
 IPLRES    1    3.00
 IPLRES    2    3.00
 IPRINT    1    0.00
 IPRINT    2    2.00
 IPLFIT    1    0.00
 IPLFIT    2    0.00
 LINEPG    0   50.
 NONNEG    1    1.00
 IWT       0    5.00
 NQPROG    1    5.00
 NQPROG    2    5.00
 GMNMX     1    5.909E-05
 GMNMX     2    5.909E-02
 RUSER    10    -1.00
 NG        0    200.00
 NLINF     0    0.00
 IUSER    10    4.00
 RUSER    21    1.0
 RUSER    22   -1.0
 RUSER    23    0.0
 RUSER    18         291.86896
 RUSER    17         39.99900
 RUSER    19         1.03385
 RUSER    15         1.33200
 RUSER    16         632.80000
 RUSER    25         1
 RUSER    26         0
 END       0    0.00
 NY      131
  3.75000E-07  5.00000E-07  6.25000E-07  7.50000E-07  8.75000E-07  1.00000E-06
  1.12500E-06  1.25000E-06  1.37500E-06  1.50000E-06  1.62500E-06  1.75000E-06
  1.87500E-06  2.00000E-06  2.25000E-06  2.50000E-06  2.75000E-06  3.00000E-06
  3.25000E-06  3.50000E-06  3.75000E-06  4.00000E-06  4.50000E-06  5.00000E-06
  5.50000E-06  6.00000E-06  6.50000E-06  7.00000E-06  7.50000E-06  8.00000E-06
  9.00000E-06  1.00000E-05  1.10000E-05  1.20000E-05  1.30000E-05  1.40000E-05
  1.50000E-05  1.60000E-05  1.80000E-05  2.00000E-05  2.20000E-05  2.40000E-05
  2.60000E-05  2.80000E-05  3.00000E-05  3.20000E-05  3.60000E-05  4.00000E-05
  4.40000E-05  4.80000E-05  5.20000E-05  5.60000E-05  6.00000E-05  6.40000E-05
  7.20000E-05  8.00000E-05  8.80000E-05  9.60000E-05  1.04000E-04  1.12000E-04
  1.20000E-04  1.28000E-04  1.44000E-04  1.60000E-04  1.76000E-04  1.92000E-04
  2.08000E-04  2.24000E-04  2.40000E-04  2.56000E-04  2.88000E-04  3.20000E-04
  3.52000E-04  3.84000E-04  4.16000E-04  4.48000E-04  4.80000E-04  5.12000E-04
  5.76000E-04  6.40000E-04  7.04000E-04  7.68000E-04  8.32000E-04  8.96000E-04
  9.60000E-04  1.02400E-03  1.15200E-03  1.28000E-03  1.40800E-03  1.53600E-03
  1.66400E-03  1.79200E-03  1.92000E-03  2.01600E-03  2.27200E-03  2.52800E-03
  2.78400E-03  3.04000E-03  3.29600E-03  3.55200E-03  3.80800E-03  4.06400E-03
  4.57600E-03  5.08800E-03  5.60000E-03  6.11200E-03  6.62400E-03  7.13600E-03
  7.64800E-03  8.16000E-03  9.18400E-03  1.02080E-02  1.12320E-02  1.22560E-02
  1.32800E-02  1.43040E-02  1.53280E-02  1.63520E-02  1.84000E-02  2.04480E-02
  2.24960E-02  2.45440E-02  2.65920E-02  2.86400E-02  3.06880E-02  3.27360E-02
  3.68320E-02  4.09280E-02  4.50240E-02  4.91200E-02  5.32160E-02
  2.63126E+00  2.63273E+00  2.62387E+00  2.62080E+00  2.62116E+00  2.62118E+00
  2.62047E+00  2.61428E+00  2.62139E+00  2.61786E+00  2.62221E+00  2.61930E+00
  2.61845E+00  2.61682E+00  2.61652E+00  2.61455E+00  2.62248E+00  2.61640E+00
  2.61876E+00  2.61742E+00  2.61319E+00  2.61333E+00  2.61729E+00  2.61412E+00
  2.61506E+00  2.61511E+00  2.60845E+00  2.61356E+00  2.61571E+00  2.61557E+00
  2.61302E+00  2.61605E+00  2.61533E+00  2.61596E+00  2.61366E+00  2.61648E+00
  2.61249E+00  2.61180E+00  2.61245E+00  2.60973E+00  2.61247E+00  2.60843E+00
  2.60894E+00  2.60986E+00  2.60899E+00  2.60752E+00  2.60699E+00  2.60447E+00
  2.60422E+00  2.60197E+00  2.60103E+00  2.60010E+00  2.60011E+00  2.59725E+00
  2.59478E+00  2.59296E+00  2.59050E+00  2.58760E+00  2.58519E+00  2.58215E+00
  2.58138E+00  2.57725E+00  2.57304E+00  2.56715E+00  2.56224E+00  2.55693E+00
  2.55210E+00  2.54708E+00  2.54272E+00  2.53705E+00  2.52688E+00  2.51687E+00
  2.50644E+00  2.49644E+00  2.48764E+00  2.47754E+00  2.46721E+00  2.45701E+00
  2.43790E+00  2.41915E+00  2.40047E+00  2.38192E+00  2.36363E+00  2.34535E+00
  2.32721E+00  2.27737E+00  2.24254E+00  2.20783E+00  2.17376E+00  2.14081E+00
  2.10758E+00  2.07471E+00  2.04267E+00  2.04285E+00  1.98058E+00  1.92013E+00
  1.86172E+00  1.80516E+00  1.75037E+00  1.69743E+00  1.64659E+00  1.59637E+00
  1.50187E+00  1.41318E+00  1.32978E+00  1.25102E+00  1.17619E+00  1.10543E+00
  1.03972E+00  9.77501E-01  8.64382E-01  7.60735E-01  6.68485E-01  5.86927E-01
  5.16698E-01  4.59691E-01  4.09210E-01  3.66829E-01  2.97948E-01  2.41577E-01
  1.89539E-01  1.46444E-01  1.18453E-01  1.03651E-01  9.54141E-02  7.88261E-02
  5.70677E-02  4.38225E-02  4.08713E-02  4.18907E-02  5.12612E-02
