AutoSaveFileName0217.ASC
 IFORMY    0    .00
 (6E13.7)
 IFORMT    0    .00
 (6E13.7)
 IFORMW    0    .00
 (6E13.7)
 NINTT     0   -1.00
 DOUSNQ    0    1.00
 IQUAD          1.00
 PRWT      0    1.00
 PRY       0    1.00
 IPLRES    1    3.00
 IPLRES    2    3.00
 IPRINT    1    0.00
 IPRINT    2    2.00
 IPLFIT    1    0.00
 IPLFIT    2    0.00
 LINEPG    0   50.
 NONNEG    1    1.00
 IWT       0    5.00
 NQPROG    1    5.00
 NQPROG    2    5.00
 GMNMX     1    1.451E-05
 GMNMX     2    1.451E-02
 RUSER    10    -1.00
 NG        0    200.00
 NLINF     0    0.00
 IUSER    10    4.00
 RUSER    21    1.0
 RUSER    22   -1.0
 RUSER    23    0.0
 RUSER    18         292.05249
 RUSER    17         86.99900
 RUSER    19         1.02916
 RUSER    15         1.33200
 RUSER    16         632.80000
 RUSER    25         1
 RUSER    26         0
 END       0    0.00
 NY      131
  3.75000E-07  5.00000E-07  6.25000E-07  7.50000E-07  8.75000E-07  1.00000E-06
  1.12500E-06  1.25000E-06  1.37500E-06  1.50000E-06  1.62500E-06  1.75000E-06
  1.87500E-06  2.00000E-06  2.25000E-06  2.50000E-06  2.75000E-06  3.00000E-06
  3.25000E-06  3.50000E-06  3.75000E-06  4.00000E-06  4.50000E-06  5.00000E-06
  5.50000E-06  6.00000E-06  6.50000E-06  7.00000E-06  7.50000E-06  8.00000E-06
  9.00000E-06  1.00000E-05  1.10000E-05  1.20000E-05  1.30000E-05  1.40000E-05
  1.50000E-05  1.60000E-05  1.80000E-05  2.00000E-05  2.20000E-05  2.40000E-05
  2.60000E-05  2.80000E-05  3.00000E-05  3.20000E-05  3.60000E-05  4.00000E-05
  4.40000E-05  4.80000E-05  5.20000E-05  5.60000E-05  6.00000E-05  6.40000E-05
  7.20000E-05  8.00000E-05  8.80000E-05  9.60000E-05  1.04000E-04  1.12000E-04
  1.20000E-04  1.28000E-04  1.44000E-04  1.60000E-04  1.76000E-04  1.92000E-04
  2.08000E-04  2.24000E-04  2.40000E-04  2.56000E-04  2.88000E-04  3.20000E-04
  3.52000E-04  3.84000E-04  4.16000E-04  4.48000E-04  4.80000E-04  5.12000E-04
  5.76000E-04  6.40000E-04  7.04000E-04  7.68000E-04  8.32000E-04  8.96000E-04
  9.60000E-04  1.02400E-03  1.15200E-03  1.28000E-03  1.40800E-03  1.53600E-03
  1.66400E-03  1.79200E-03  1.92000E-03  2.01600E-03  2.27200E-03  2.52800E-03
  2.78400E-03  3.04000E-03  3.29600E-03  3.55200E-03  3.80800E-03  4.06400E-03
  4.57600E-03  5.08800E-03  5.60000E-03  6.11200E-03  6.62400E-03  7.13600E-03
  7.64800E-03  8.16000E-03  9.18400E-03  1.02080E-02  1.12320E-02  1.22560E-02
  1.32800E-02  1.43040E-02  1.53280E-02  1.63520E-02  1.84000E-02  2.04480E-02
  2.24960E-02  2.45440E-02  2.65920E-02  2.86400E-02  3.06880E-02  3.27360E-02
  3.68320E-02  4.09280E-02  4.50240E-02  4.91200E-02  5.32160E-02
  1.60617E+00  1.60370E+00  1.60915E+00  1.60192E+00  1.60335E+00  1.60086E+00
  1.60174E+00  1.59954E+00  1.60050E+00  1.59543E+00  1.60264E+00  1.60238E+00
  1.59910E+00  1.59917E+00  1.59830E+00  1.59530E+00  1.59830E+00  1.59831E+00
  1.59762E+00  1.59772E+00  1.59384E+00  1.59623E+00  1.59444E+00  1.59411E+00
  1.59362E+00  1.59378E+00  1.59152E+00  1.59326E+00  1.59315E+00  1.59335E+00
  1.59157E+00  1.59056E+00  1.59116E+00  1.59039E+00  1.58921E+00  1.58865E+00
  1.58669E+00  1.58626E+00  1.58421E+00  1.58388E+00  1.58219E+00  1.58032E+00
  1.57850E+00  1.57645E+00  1.57481E+00  1.57335E+00  1.57019E+00  1.56751E+00
  1.56447E+00  1.56035E+00  1.55882E+00  1.55538E+00  1.55194E+00  1.54901E+00
  1.54273E+00  1.53669E+00  1.53038E+00  1.52447E+00  1.51778E+00  1.51233E+00
  1.50556E+00  1.49982E+00  1.48778E+00  1.47646E+00  1.46489E+00  1.45343E+00
  1.44181E+00  1.43060E+00  1.41827E+00  1.40770E+00  1.38574E+00  1.36413E+00
  1.34252E+00  1.32167E+00  1.30105E+00  1.28097E+00  1.26050E+00  1.24065E+00
  1.20233E+00  1.16516E+00  1.12906E+00  1.09387E+00  1.05991E+00  1.02704E+00
  9.95288E-01  9.64813E-01  9.06400E-01  8.51517E-01  8.00555E-01  7.52563E-01
  7.07802E-01  6.65776E-01  6.26571E-01  5.98448E-01  5.28899E-01  4.67070E-01
  4.12360E-01  3.64881E-01  3.22618E-01  2.85100E-01  2.51698E-01  2.22088E-01
  1.71630E-01  1.31185E-01  9.67743E-02  7.08824E-02  5.21190E-02  3.91063E-02
  2.86947E-02  1.93410E-02  6.18676E-03  4.43994E-03  2.62582E-03 -2.48268E-03
 -9.79154E-03 -1.02798E-02 -5.65421E-03  2.65141E-03  2.45420E-03 -1.50174E-02
 -2.20103E-02 -2.57873E-02 -2.06628E-02 -1.52182E-02 -1.93822E-02 -2.33781E-02
 -1.56446E-02 -2.15946E-02 -8.02829E-03 -4.99820E-04  9.33241E-03
