AutoSaveFileName0283.ASC
 IFORMY    0    .00
 (6E13.7)
 IFORMT    0    .00
 (6E13.7)
 IFORMW    0    .00
 (6E13.7)
 NINTT     0   -1.00
 DOUSNQ    0    1.00
 IQUAD          1.00
 PRWT      0    1.00
 PRY       0    1.00
 IPLRES    1    3.00
 IPLRES    2    3.00
 IPRINT    1    0.00
 IPRINT    2    2.00
 IPLFIT    1    0.00
 IPLFIT    2    0.00
 LINEPG    0   50.
 NONNEG    1    1.00
 IWT       0    5.00
 NQPROG    1    5.00
 NQPROG    2    5.00
 GMNMX     1    7.173E-06
 GMNMX     2    7.173E-03
 RUSER    10    -1.00
 NG        0    200.00
 NLINF     0    0.00
 IUSER    10    4.00
 RUSER    21    1.0
 RUSER    22   -1.0
 RUSER    23    0.0
 RUSER    18         292.25601
 RUSER    17         154.99900
 RUSER    19         1.02399
 RUSER    15         1.33200
 RUSER    16         632.80000
 RUSER    25         1
 RUSER    26         0
 END       0    0.00
 NY      188
  5.00000E-07  6.25000E-07  7.50000E-07  8.75000E-07  1.00000E-06  1.12500E-06
  1.25000E-06  1.37500E-06  1.50000E-06  1.62500E-06  1.75000E-06  1.87500E-06
  2.00000E-06  2.25000E-06  2.50000E-06  2.75000E-06  3.00000E-06  3.25000E-06
  3.50000E-06  3.75000E-06  4.00000E-06  4.50000E-06  5.00000E-06  5.50000E-06
  6.00000E-06  6.50000E-06  7.00000E-06  7.50000E-06  8.00000E-06  9.00000E-06
  1.00000E-05  1.10000E-05  1.20000E-05  1.30000E-05  1.40000E-05  1.50000E-05
  1.60000E-05  1.80000E-05  2.00000E-05  2.20000E-05  2.40000E-05  2.60000E-05
  2.80000E-05  3.00000E-05  3.20000E-05  3.60000E-05  4.00000E-05  4.40000E-05
  4.80000E-05  5.20000E-05  5.60000E-05  6.00000E-05  6.40000E-05  7.20000E-05
  8.00000E-05  8.80000E-05  9.60000E-05  1.04000E-04  1.12000E-04  1.20000E-04
  1.28000E-04  1.44000E-04  1.60000E-04  1.76000E-04  1.92000E-04  2.08000E-04
  2.24000E-04  2.40000E-04  2.56000E-04  2.88000E-04  3.20000E-04  3.52000E-04
  3.84000E-04  4.16000E-04  4.48000E-04  4.80000E-04  5.12000E-04  5.76000E-04
  6.40000E-04  7.04000E-04  7.68000E-04  8.32000E-04  8.96000E-04  9.60000E-04
  1.02400E-03  1.15200E-03  1.28000E-03  1.40800E-03  1.53600E-03  1.66400E-03
  1.79200E-03  1.92000E-03  2.01600E-03  2.27200E-03  2.52800E-03  2.78400E-03
  3.04000E-03  3.29600E-03  3.55200E-03  3.80800E-03  4.06400E-03  4.57600E-03
  5.08800E-03  5.60000E-03  6.11200E-03  6.62400E-03  7.13600E-03  7.64800E-03
  8.16000E-03  9.18400E-03  1.02080E-02  1.12320E-02  1.22560E-02  1.32800E-02
  1.43040E-02  1.53280E-02  1.63520E-02  1.84000E-02  2.04480E-02  2.24960E-02
  2.45440E-02  2.65920E-02  2.86400E-02  3.06880E-02  3.27360E-02  3.68320E-02
  4.09280E-02  4.50240E-02  4.91200E-02  5.32160E-02  5.73120E-02  6.14080E-02
  6.55040E-02  7.36960E-02  8.18880E-02  9.00800E-02  9.82720E-02  1.06464E-01
  1.14656E-01  1.22848E-01  1.31040E-01  1.47424E-01  1.63808E-01  1.80192E-01
  1.96576E-01  2.12960E-01  2.29344E-01  2.45728E-01  2.62112E-01  2.94880E-01
  3.27648E-01  3.60416E-01  3.93184E-01  4.25952E-01  4.58720E-01  4.91488E-01
  5.24256E-01  5.89792E-01  6.55328E-01  7.20864E-01  7.86400E-01  8.51936E-01
  9.17472E-01  9.83008E-01  1.04854E+00  1.17962E+00  1.31069E+00  1.44176E+00
  1.57283E+00  1.70390E+00  1.83498E+00  1.96605E+00  2.09712E+00  2.35926E+00
  2.62141E+00  2.88355E+00  3.14570E+00  3.40784E+00  3.66998E+00  3.93213E+00
  4.19427E+00  4.71856E+00  5.24285E+00  5.76714E+00  6.29142E+00  6.81571E+00
  7.34000E+00  7.86429E+00
  9.93800E-01  9.92364E-01  9.93975E-01  9.91295E-01  9.90210E-01  9.89492E-01
  9.88101E-01  9.90657E-01  9.86483E-01  9.87373E-01  9.90268E-01  9.86630E-01
  9.86429E-01  9.87555E-01  9.89007E-01  9.90469E-01  9.89591E-01  9.86071E-01
  9.85689E-01  9.86205E-01  9.86314E-01  9.87929E-01  9.87083E-01  9.86617E-01
  9.85191E-01  9.85615E-01  9.86853E-01  9.84412E-01  9.84182E-01  9.85105E-01
  9.84406E-01  9.83554E-01  9.83614E-01  9.82616E-01  9.82450E-01  9.82667E-01
  9.82421E-01  9.81336E-01  9.80210E-01  9.79642E-01  9.79329E-01  9.78218E-01
  9.77245E-01  9.76585E-01  9.75720E-01  9.73304E-01  9.71744E-01  9.70104E-01
  9.68349E-01  9.66495E-01  9.65445E-01  9.62675E-01  9.61798E-01  9.58703E-01
  9.55078E-01  9.52033E-01  9.48622E-01  9.44681E-01  9.41774E-01  9.38162E-01
  9.35019E-01  9.28676E-01  9.22051E-01  9.15660E-01  9.08968E-01  9.02535E-01
  8.96291E-01  8.90065E-01  8.83504E-01  8.71079E-01  8.58637E-01  8.46617E-01
  8.34778E-01  8.23195E-01  8.11650E-01  8.00332E-01  7.89508E-01  7.67803E-01
  7.46800E-01  7.26215E-01  7.06364E-01  6.87014E-01  6.68283E-01  6.50357E-01
  6.32857E-01  5.99576E-01  5.68569E-01  5.39209E-01  5.11652E-01  4.85610E-01
  4.61349E-01  4.38563E-01  4.22592E-01  3.83091E-01  3.47984E-01  3.17053E-01
  2.89762E-01  2.65361E-01  2.43536E-01  2.23813E-01  2.06512E-01  1.76592E-01
  1.52894E-01  1.34826E-01  1.19900E-01  1.06838E-01  9.53811E-02  8.66206E-02
  7.88608E-02  6.44498E-02  5.24288E-02  4.45391E-02  4.06423E-02  3.83404E-02
  3.60582E-02  3.35140E-02  3.09555E-02  2.62566E-02  2.28395E-02  2.01226E-02
  1.98680E-02  2.20293E-02  2.22451E-02  1.93963E-02  1.85505E-02  1.31499E-02
  6.40484E-03  5.14272E-03  3.25392E-03  3.87437E-03  9.84179E-03  5.92342E-03
  1.30038E-03 -6.41968E-03  4.17892E-03  5.99623E-03  2.29373E-03  2.18310E-03
  7.17871E-03  7.09941E-03  7.21148E-03  5.55358E-04 -7.87348E-04 -4.53991E-04
  2.08031E-03  1.96484E-03  2.61520E-03 -3.11351E-03 -6.61563E-04 -7.11202E-03
 -3.52474E-03  2.96878E-03 -1.44349E-04 -4.77754E-03 -9.55866E-04  3.29193E-03
 -2.43510E-03  3.45205E-04 -1.76647E-03 -4.18303E-03  2.33435E-03  7.30680E-03
 -6.83881E-04  2.55465E-03  1.82415E-03  1.34703E-03 -2.12890E-03 -2.26343E-03
 -7.41369E-03  6.61206E-04 -1.38500E-03 -2.38687E-03 -1.61378E-03 -3.74645E-03
 -4.44712E-04 -1.33800E-03 -2.08608E-03 -1.61132E-03 -1.10254E-03 -5.35724E-05
  1.21740E-03  2.22897E-03  8.94197E-04  1.88896E-03  7.54184E-04  1.07979E-03
  6.74640E-04 -2.22601E-04
