AutoSaveFileName0099.ASC
 IFORMY    0    .00
 (6E13.7)
 IFORMT    0    .00
 (6E13.7)
 IFORMW    0    .00
 (6E13.7)
 NINTT     0   -1.00
 DOUSNQ    0    1.00
 IQUAD          1.00
 PRWT      0    1.00
 PRY       0    1.00
 IPLRES    1    3.00
 IPLRES    2    3.00
 IPRINT    1    0.00
 IPRINT    2    2.00
 IPLFIT    1    0.00
 IPLFIT    2    0.00
 LINEPG    0   50.
 NONNEG    1    1.00
 IWT       0    5.00
 NQPROG    1    5.00
 NQPROG    2    5.00
 GMNMX     1    2.740E-05
 GMNMX     2    2.740E-02
 RUSER    10    -1.00
 NG        0    200.00
 NLINF     0    0.00
 IUSER    10    4.00
 RUSER    21    1.0
 RUSER    22   -1.0
 RUSER    23    0.0
 RUSER    18         292.19438
 RUSER    17         59.99800
 RUSER    19         1.02555
 RUSER    15         1.33200
 RUSER    16         632.80000
 RUSER    25         1
 RUSER    26         0
 END       0    0.00
 NY      188
  5.00000E-07  6.25000E-07  7.50000E-07  8.75000E-07  1.00000E-06  1.12500E-06
  1.25000E-06  1.37500E-06  1.50000E-06  1.62500E-06  1.75000E-06  1.87500E-06
  2.00000E-06  2.25000E-06  2.50000E-06  2.75000E-06  3.00000E-06  3.25000E-06
  3.50000E-06  3.75000E-06  4.00000E-06  4.50000E-06  5.00000E-06  5.50000E-06
  6.00000E-06  6.50000E-06  7.00000E-06  7.50000E-06  8.00000E-06  9.00000E-06
  1.00000E-05  1.10000E-05  1.20000E-05  1.30000E-05  1.40000E-05  1.50000E-05
  1.60000E-05  1.80000E-05  2.00000E-05  2.20000E-05  2.40000E-05  2.60000E-05
  2.80000E-05  3.00000E-05  3.20000E-05  3.60000E-05  4.00000E-05  4.40000E-05
  4.80000E-05  5.20000E-05  5.60000E-05  6.00000E-05  6.40000E-05  7.20000E-05
  8.00000E-05  8.80000E-05  9.60000E-05  1.04000E-04  1.12000E-04  1.20000E-04
  1.28000E-04  1.44000E-04  1.60000E-04  1.76000E-04  1.92000E-04  2.08000E-04
  2.24000E-04  2.40000E-04  2.56000E-04  2.88000E-04  3.20000E-04  3.52000E-04
  3.84000E-04  4.16000E-04  4.48000E-04  4.80000E-04  5.12000E-04  5.76000E-04
  6.40000E-04  7.04000E-04  7.68000E-04  8.32000E-04  8.96000E-04  9.60000E-04
  1.02400E-03  1.15200E-03  1.28000E-03  1.40800E-03  1.53600E-03  1.66400E-03
  1.79200E-03  1.92000E-03  2.01600E-03  2.27200E-03  2.52800E-03  2.78400E-03
  3.04000E-03  3.29600E-03  3.55200E-03  3.80800E-03  4.06400E-03  4.57600E-03
  5.08800E-03  5.60000E-03  6.11200E-03  6.62400E-03  7.13600E-03  7.64800E-03
  8.16000E-03  9.18400E-03  1.02080E-02  1.12320E-02  1.22560E-02  1.32800E-02
  1.43040E-02  1.53280E-02  1.63520E-02  1.84000E-02  2.04480E-02  2.24960E-02
  2.45440E-02  2.65920E-02  2.86400E-02  3.06880E-02  3.27360E-02  3.68320E-02
  4.09280E-02  4.50240E-02  4.91200E-02  5.32160E-02  5.73120E-02  6.14080E-02
  6.55040E-02  7.36960E-02  8.18880E-02  9.00800E-02  9.82720E-02  1.06464E-01
  1.14656E-01  1.22848E-01  1.31040E-01  1.47424E-01  1.63808E-01  1.80192E-01
  1.96576E-01  2.12960E-01  2.29344E-01  2.45728E-01  2.62112E-01  2.94880E-01
  3.27648E-01  3.60416E-01  3.93184E-01  4.25952E-01  4.58720E-01  4.91488E-01
  5.24256E-01  5.89792E-01  6.55328E-01  7.20864E-01  7.86400E-01  8.51936E-01
  9.17472E-01  9.83008E-01  1.04854E+00  1.17962E+00  1.31069E+00  1.44176E+00
  1.57283E+00  1.70390E+00  1.83498E+00  1.96605E+00  2.09712E+00  2.35926E+00
  2.62141E+00  2.88355E+00  3.14570E+00  3.40784E+00  3.66998E+00  3.93213E+00
  4.19427E+00  4.71856E+00  5.24285E+00  5.76714E+00  6.29142E+00  6.81571E+00
  7.34000E+00  7.86429E+00
  9.92306E-01  9.90671E-01  9.91003E-01  9.88713E-01  9.90597E-01  9.89114E-01
  9.89451E-01  9.88814E-01  9.87697E-01  9.86716E-01  9.87316E-01  9.87354E-01
  9.87617E-01  9.86462E-01  9.87351E-01  9.87560E-01  9.86993E-01  9.86389E-01
  9.86437E-01  9.87165E-01  9.86625E-01  9.86536E-01  9.86556E-01  9.87091E-01
  9.86890E-01  9.87725E-01  9.87526E-01  9.86444E-01  9.86808E-01  9.86228E-01
  9.86117E-01  9.86161E-01  9.85817E-01  9.85638E-01  9.86038E-01  9.85793E-01
  9.85434E-01  9.85045E-01  9.85174E-01  9.85653E-01  9.85081E-01  9.84147E-01
  9.84531E-01  9.84203E-01  9.83938E-01  9.83885E-01  9.82875E-01  9.82482E-01
  9.82390E-01  9.81630E-01  9.81197E-01  9.80943E-01  9.80596E-01  9.79662E-01
  9.78283E-01  9.77383E-01  9.76740E-01  9.75733E-01  9.74621E-01  9.74061E-01
  9.72980E-01  9.71005E-01  9.69008E-01  9.67361E-01  9.65603E-01  9.63827E-01
  9.61929E-01  9.60077E-01  9.58271E-01  9.54633E-01  9.51080E-01  9.47371E-01
  9.43770E-01  9.40055E-01  9.36632E-01  9.32938E-01  9.29363E-01  9.22446E-01
  9.15242E-01  9.08299E-01  9.01287E-01  8.94451E-01  8.87637E-01  8.80928E-01
  8.70586E-01  8.57325E-01  8.44382E-01  8.31628E-01  8.19081E-01  8.06693E-01
  7.94549E-01  7.82585E-01  7.76161E-01  7.53170E-01  7.30981E-01  7.09367E-01
  6.88417E-01  6.68223E-01  6.48640E-01  6.29721E-01  6.11635E-01  5.76864E-01
  5.44134E-01  5.13382E-01  4.84780E-01  4.58014E-01  4.32891E-01  4.09058E-01
  3.86738E-01  3.45216E-01  3.08576E-01  2.75904E-01  2.46993E-01  2.21305E-01
  1.98437E-01  1.78152E-01  1.60442E-01  1.29490E-01  1.05928E-01  8.75274E-02
  7.30139E-02  6.20767E-02  5.34635E-02  4.49303E-02  3.70553E-02  2.60749E-02
  1.77558E-02  1.24842E-02  9.52853E-03  6.99893E-03  4.97076E-03  4.32013E-03
  1.53198E-03 -4.12338E-03 -4.52144E-03 -1.65120E-03  4.74071E-03  3.60101E-03
  4.05614E-03  1.38019E-03 -1.48956E-03 -4.42434E-03 -4.21691E-03  7.84707E-04
  3.29459E-03  4.45271E-03 -3.72035E-03  8.51581E-04  7.87349E-04  3.56932E-03
 -6.76382E-03 -4.82664E-03 -1.06725E-03  4.68463E-04 -1.19980E-02 -4.85884E-03
  2.78156E-03 -2.41390E-03 -1.95125E-03  3.27176E-03 -6.44739E-03  2.76852E-03
  4.78255E-03 -3.89128E-03 -5.44866E-03 -1.31512E-03  3.36458E-03 -2.76754E-03
  1.31764E-03 -1.58735E-03  7.80702E-03  8.33397E-04  2.08409E-03 -1.80550E-03
 -4.23048E-03 -4.00464E-03  1.78759E-03  6.65677E-03  3.20689E-04 -6.89172E-05
  2.05502E-04 -2.17207E-03  1.63376E-03  3.13142E-05  3.32392E-04  1.51362E-03
  5.01938E-05 -2.25547E-03
