AutoSaveFileName0254.ASC
 IFORMY    0    .00
 (6E13.7)
 IFORMT    0    .00
 (6E13.7)
 IFORMW    0    .00
 (6E13.7)
 NINTT     0   -1.00
 DOUSNQ    0    1.00
 IQUAD          1.00
 PRWT      0    1.00
 PRY       0    1.00
 IPLRES    1    3.00
 IPLRES    2    3.00
 IPRINT    1    0.00
 IPRINT    2    2.00
 IPLFIT    1    0.00
 IPLFIT    2    0.00
 LINEPG    0   50.
 NONNEG    1    1.00
 IWT       0    5.00
 NQPROG    1    5.00
 NQPROG    2    5.00
 GMNMX     1    1.187E-05
 GMNMX     2    1.187E-02
 RUSER    10    -1.00
 NG        0    200.00
 NLINF     0    0.00
 IUSER    10    4.00
 RUSER    21    1.0
 RUSER    22   -1.0
 RUSER    23    0.0
 RUSER    18         292.10410
 RUSER    17         98.99900
 RUSER    19         1.02785
 RUSER    15         1.33200
 RUSER    16         632.80000
 RUSER    25         1
 RUSER    26         0
 END       0    0.00
 NY      131
  3.75000E-07  5.00000E-07  6.25000E-07  7.50000E-07  8.75000E-07  1.00000E-06
  1.12500E-06  1.25000E-06  1.37500E-06  1.50000E-06  1.62500E-06  1.75000E-06
  1.87500E-06  2.00000E-06  2.25000E-06  2.50000E-06  2.75000E-06  3.00000E-06
  3.25000E-06  3.50000E-06  3.75000E-06  4.00000E-06  4.50000E-06  5.00000E-06
  5.50000E-06  6.00000E-06  6.50000E-06  7.00000E-06  7.50000E-06  8.00000E-06
  9.00000E-06  1.00000E-05  1.10000E-05  1.20000E-05  1.30000E-05  1.40000E-05
  1.50000E-05  1.60000E-05  1.80000E-05  2.00000E-05  2.20000E-05  2.40000E-05
  2.60000E-05  2.80000E-05  3.00000E-05  3.20000E-05  3.60000E-05  4.00000E-05
  4.40000E-05  4.80000E-05  5.20000E-05  5.60000E-05  6.00000E-05  6.40000E-05
  7.20000E-05  8.00000E-05  8.80000E-05  9.60000E-05  1.04000E-04  1.12000E-04
  1.20000E-04  1.28000E-04  1.44000E-04  1.60000E-04  1.76000E-04  1.92000E-04
  2.08000E-04  2.24000E-04  2.40000E-04  2.56000E-04  2.88000E-04  3.20000E-04
  3.52000E-04  3.84000E-04  4.16000E-04  4.48000E-04  4.80000E-04  5.12000E-04
  5.76000E-04  6.40000E-04  7.04000E-04  7.68000E-04  8.32000E-04  8.96000E-04
  9.60000E-04  1.02400E-03  1.15200E-03  1.28000E-03  1.40800E-03  1.53600E-03
  1.66400E-03  1.79200E-03  1.92000E-03  2.01600E-03  2.27200E-03  2.52800E-03
  2.78400E-03  3.04000E-03  3.29600E-03  3.55200E-03  3.80800E-03  4.06400E-03
  4.57600E-03  5.08800E-03  5.60000E-03  6.11200E-03  6.62400E-03  7.13600E-03
  7.64800E-03  8.16000E-03  9.18400E-03  1.02080E-02  1.12320E-02  1.22560E-02
  1.32800E-02  1.43040E-02  1.53280E-02  1.63520E-02  1.84000E-02  2.04480E-02
  2.24960E-02  2.45440E-02  2.65920E-02  2.86400E-02  3.06880E-02  3.27360E-02
  3.68320E-02  4.09280E-02  4.50240E-02  4.91200E-02  5.32160E-02
  2.40053E+00  2.40304E+00  2.40074E+00  2.39556E+00  2.39559E+00  2.39348E+00
  2.39671E+00  2.38594E+00  2.39316E+00  2.38812E+00  2.38536E+00  2.38693E+00
  2.38408E+00  2.38978E+00  2.38952E+00  2.38504E+00  2.39171E+00  2.38628E+00
  2.38414E+00  2.38512E+00  2.38681E+00  2.38654E+00  2.38481E+00  2.38449E+00
  2.38184E+00  2.38461E+00  2.38140E+00  2.38459E+00  2.38116E+00  2.37988E+00
  2.37633E+00  2.37787E+00  2.37755E+00  2.37561E+00  2.37333E+00  2.37178E+00
  2.36805E+00  2.36710E+00  2.36550E+00  2.36369E+00  2.36003E+00  2.35819E+00
  2.35304E+00  2.35140E+00  2.34644E+00  2.34408E+00  2.33962E+00  2.33332E+00
  2.32830E+00  2.32204E+00  2.31607E+00  2.30933E+00  2.30478E+00  2.29930E+00
  2.28634E+00  2.27518E+00  2.26381E+00  2.25222E+00  2.24085E+00  2.22977E+00
  2.21833E+00  2.20713E+00  2.18500E+00  2.16213E+00  2.14066E+00  2.11988E+00
  2.09853E+00  2.07745E+00  2.05680E+00  2.03640E+00  1.99526E+00  1.95517E+00
  1.91638E+00  1.87804E+00  1.84096E+00  1.80464E+00  1.76895E+00  1.73427E+00
  1.66650E+00  1.60137E+00  1.53815E+00  1.47767E+00  1.41969E+00  1.36365E+00
  1.31119E+00  1.25886E+00  1.16337E+00  1.07582E+00  9.94935E-01  9.20059E-01
  8.50495E-01  7.87383E-01  7.29378E-01  6.91031E-01  5.93757E-01  5.11436E-01
  4.39760E-01  3.76725E-01  3.22586E-01  2.75900E-01  2.36562E-01  2.04812E-01
  1.52281E-01  1.15844E-01  8.85085E-02  6.73667E-02  4.65152E-02  3.24519E-02
  2.66652E-02  2.25820E-02  1.64962E-02  1.23774E-02  5.15458E-03  6.29110E-03
 -1.13099E-03 -7.08487E-03 -1.07910E-02 -4.94810E-03  1.35635E-03  7.26445E-03
  1.43719E-02  1.56143E-02  1.06323E-02 -3.01827E-04 -9.74296E-04 -6.95690E-04
 -6.27011E-03 -1.01163E-02  6.78458E-04 -8.33397E-03 -1.21744E-02
