AutoSaveFileName0015.ASC
 IFORMY    0    .00
 (6E13.7)
 IFORMT    0    .00
 (6E13.7)
 IFORMW    0    .00
 (6E13.7)
 NINTT     0   -1.00
 DOUSNQ    0    1.00
 IQUAD          1.00
 PRWT      0    1.00
 PRY       0    1.00
 IPLRES    1    3.00
 IPLRES    2    3.00
 IPRINT    1    0.00
 IPRINT    2    2.00
 IPLFIT    1    0.00
 IPLFIT    2    0.00
 LINEPG    0   50.
 NONNEG    1    1.00
 IWT       0    5.00
 NQPROG    1    5.00
 NQPROG    2    5.00
 GMNMX     1    2.274E-04
 GMNMX     2    2.274E-01
 RUSER    10    -1.00
 NG        0    200.00
 NLINF     0    0.00
 IUSER    10    4.00
 RUSER    21    1.0
 RUSER    22   -1.0
 RUSER    23    0.0
 RUSER    18         292.15615
 RUSER    17         19.99800
 RUSER    19         1.02652
 RUSER    15         1.33200
 RUSER    16         632.80000
 RUSER    25         1
 RUSER    26         0
 END       0    0.00
 NY      188
  5.00000E-07  6.25000E-07  7.50000E-07  8.75000E-07  1.00000E-06  1.12500E-06
  1.25000E-06  1.37500E-06  1.50000E-06  1.62500E-06  1.75000E-06  1.87500E-06
  2.00000E-06  2.25000E-06  2.50000E-06  2.75000E-06  3.00000E-06  3.25000E-06
  3.50000E-06  3.75000E-06  4.00000E-06  4.50000E-06  5.00000E-06  5.50000E-06
  6.00000E-06  6.50000E-06  7.00000E-06  7.50000E-06  8.00000E-06  9.00000E-06
  1.00000E-05  1.10000E-05  1.20000E-05  1.30000E-05  1.40000E-05  1.50000E-05
  1.60000E-05  1.80000E-05  2.00000E-05  2.20000E-05  2.40000E-05  2.60000E-05
  2.80000E-05  3.00000E-05  3.20000E-05  3.60000E-05  4.00000E-05  4.40000E-05
  4.80000E-05  5.20000E-05  5.60000E-05  6.00000E-05  6.40000E-05  7.20000E-05
  8.00000E-05  8.80000E-05  9.60000E-05  1.04000E-04  1.12000E-04  1.20000E-04
  1.28000E-04  1.44000E-04  1.60000E-04  1.76000E-04  1.92000E-04  2.08000E-04
  2.24000E-04  2.40000E-04  2.56000E-04  2.88000E-04  3.20000E-04  3.52000E-04
  3.84000E-04  4.16000E-04  4.48000E-04  4.80000E-04  5.12000E-04  5.76000E-04
  6.40000E-04  7.04000E-04  7.68000E-04  8.32000E-04  8.96000E-04  9.60000E-04
  1.02400E-03  1.15200E-03  1.28000E-03  1.40800E-03  1.53600E-03  1.66400E-03
  1.79200E-03  1.92000E-03  2.01600E-03  2.27200E-03  2.52800E-03  2.78400E-03
  3.04000E-03  3.29600E-03  3.55200E-03  3.80800E-03  4.06400E-03  4.57600E-03
  5.08800E-03  5.60000E-03  6.11200E-03  6.62400E-03  7.13600E-03  7.64800E-03
  8.16000E-03  9.18400E-03  1.02080E-02  1.12320E-02  1.22560E-02  1.32800E-02
  1.43040E-02  1.53280E-02  1.63520E-02  1.84000E-02  2.04480E-02  2.24960E-02
  2.45440E-02  2.65920E-02  2.86400E-02  3.06880E-02  3.27360E-02  3.68320E-02
  4.09280E-02  4.50240E-02  4.91200E-02  5.32160E-02  5.73120E-02  6.14080E-02
  6.55040E-02  7.36960E-02  8.18880E-02  9.00800E-02  9.82720E-02  1.06464E-01
  1.14656E-01  1.22848E-01  1.31040E-01  1.47424E-01  1.63808E-01  1.80192E-01
  1.96576E-01  2.12960E-01  2.29344E-01  2.45728E-01  2.62112E-01  2.94880E-01
  3.27648E-01  3.60416E-01  3.93184E-01  4.25952E-01  4.58720E-01  4.91488E-01
  5.24256E-01  5.89792E-01  6.55328E-01  7.20864E-01  7.86400E-01  8.51936E-01
  9.17472E-01  9.83008E-01  1.04854E+00  1.17962E+00  1.31069E+00  1.44176E+00
  1.57283E+00  1.70390E+00  1.83498E+00  1.96605E+00  2.09712E+00  2.35926E+00
  2.62141E+00  2.88355E+00  3.14570E+00  3.40784E+00  3.66998E+00  3.93213E+00
  4.19427E+00  4.71856E+00  5.24285E+00  5.76714E+00  6.29142E+00  6.81571E+00
  7.34000E+00  7.86429E+00
  9.99640E-01  9.98886E-01  9.98936E-01  9.98601E-01  9.98405E-01  9.98132E-01
  9.98340E-01  9.98306E-01  9.98092E-01  9.98235E-01  9.98055E-01  9.97921E-01
  9.97856E-01  9.97952E-01  9.97828E-01  9.98067E-01  9.97707E-01  9.97710E-01
  9.97484E-01  9.97512E-01  9.97645E-01  9.97459E-01  9.97198E-01  9.96978E-01
  9.96997E-01  9.96888E-01  9.96826E-01  9.96441E-01  9.96581E-01  9.96131E-01
  9.95957E-01  9.95786E-01  9.95433E-01  9.95178E-01  9.95023E-01  9.94719E-01
  9.94465E-01  9.94037E-01  9.93850E-01  9.93683E-01  9.93419E-01  9.93224E-01
  9.92985E-01  9.92696E-01  9.92516E-01  9.92057E-01  9.91796E-01  9.91396E-01
  9.91042E-01  9.90620E-01  9.90347E-01  9.89997E-01  9.89680E-01  9.89035E-01
  9.88346E-01  9.87735E-01  9.87117E-01  9.86581E-01  9.85966E-01  9.85402E-01
  9.84924E-01  9.83860E-01  9.82845E-01  9.81889E-01  9.80912E-01  9.79997E-01
  9.79150E-01  9.78244E-01  9.77527E-01  9.75904E-01  9.74316E-01  9.72798E-01
  9.71318E-01  9.69845E-01  9.68414E-01  9.67213E-01  9.68182E-01  9.67679E-01
  9.66407E-01  9.64769E-01  9.62991E-01  9.61194E-01  9.59416E-01  9.57663E-01
  9.57164E-01  9.54744E-01  9.51771E-01  9.48566E-01  9.46006E-01  9.43279E-01
  9.40102E-01  9.36918E-01  9.33875E-01  9.28892E-01  9.24095E-01  9.19183E-01
  9.13958E-01  9.08947E-01  9.03986E-01  8.98984E-01  8.93815E-01  8.84070E-01
  8.74656E-01  8.65351E-01  8.56638E-01  8.47405E-01  8.38608E-01  8.29834E-01
  8.21559E-01  8.04935E-01  7.88760E-01  7.72995E-01  7.57364E-01  7.42073E-01
  7.27314E-01  7.12979E-01  6.99594E-01  6.72792E-01  6.48141E-01  6.24039E-01
  6.01504E-01  5.79103E-01  5.57359E-01  5.37129E-01  5.18013E-01  4.80014E-01
  4.46048E-01  4.14850E-01  3.85272E-01  3.57074E-01  3.31632E-01  3.09318E-01
  2.88456E-01  2.50449E-01  2.16761E-01  1.86543E-01  1.61943E-01  1.42474E-01
  1.28539E-01  1.15512E-01  1.00060E-01  7.42551E-02  5.27020E-02  3.38678E-02
  2.05857E-02  1.11845E-02  5.71377E-03  4.06253E-03  2.57519E-03 -2.31402E-03
 -5.51929E-03 -6.91580E-03 -3.59491E-03  8.40275E-03  2.32111E-02  3.27844E-02
  3.08496E-02  2.19234E-02  1.48376E-02  9.68011E-03  1.23058E-02 -1.82165E-03
 -1.75368E-02 -9.93416E-03  4.13826E-03 -1.40754E-02 -6.05128E-02 -5.70046E-02
 -4.14770E-02 -7.63479E-03  1.85232E-04 -1.23165E-02 -1.34074E-03 -2.64964E-02
 -4.89756E-03  3.25948E-02  7.41437E-03  6.86054E-03 -1.31723E-02  2.94491E-03
 -3.55988E-02 -3.22181E-02  7.64770E-03  4.54100E-02  5.51563E-02 -7.99862E-03
 -2.22136E-02 -3.17031E-02
