AutoSaveFileName0312.ASC
 IFORMY    0    .00
 (6E13.7)
 IFORMT    0    .00
 (6E13.7)
 IFORMW    0    .00
 (6E13.7)
 NINTT     0   -1.00
 DOUSNQ    0    1.00
 IQUAD          1.00
 PRWT      0    1.00
 PRY       0    1.00
 IPLRES    1    3.00
 IPLRES    2    3.00
 IPRINT    1    0.00
 IPRINT    2    2.00
 IPLFIT    1    0.00
 IPLFIT    2    0.00
 LINEPG    0   50.
 NONNEG    1    1.00
 IWT       0    5.00
 NQPROG    1    5.00
 NQPROG    2    5.00
 GMNMX     1    9.224E-06
 GMNMX     2    9.224E-03
 RUSER    10    -1.00
 NG        0    200.00
 NLINF     0    0.00
 IUSER    10    4.00
 RUSER    21    1.0
 RUSER    22   -1.0
 RUSER    23    0.0
 RUSER    18         292.19808
 RUSER    17         118.99900
 RUSER    19         1.02546
 RUSER    15         1.33200
 RUSER    16         632.80000
 RUSER    25         1
 RUSER    26         0
 END       0    0.00
 NY      131
  3.75000E-07  5.00000E-07  6.25000E-07  7.50000E-07  8.75000E-07  1.00000E-06
  1.12500E-06  1.25000E-06  1.37500E-06  1.50000E-06  1.62500E-06  1.75000E-06
  1.87500E-06  2.00000E-06  2.25000E-06  2.50000E-06  2.75000E-06  3.00000E-06
  3.25000E-06  3.50000E-06  3.75000E-06  4.00000E-06  4.50000E-06  5.00000E-06
  5.50000E-06  6.00000E-06  6.50000E-06  7.00000E-06  7.50000E-06  8.00000E-06
  9.00000E-06  1.00000E-05  1.10000E-05  1.20000E-05  1.30000E-05  1.40000E-05
  1.50000E-05  1.60000E-05  1.80000E-05  2.00000E-05  2.20000E-05  2.40000E-05
  2.60000E-05  2.80000E-05  3.00000E-05  3.20000E-05  3.60000E-05  4.00000E-05
  4.40000E-05  4.80000E-05  5.20000E-05  5.60000E-05  6.00000E-05  6.40000E-05
  7.20000E-05  8.00000E-05  8.80000E-05  9.60000E-05  1.04000E-04  1.12000E-04
  1.20000E-04  1.28000E-04  1.44000E-04  1.60000E-04  1.76000E-04  1.92000E-04
  2.08000E-04  2.24000E-04  2.40000E-04  2.56000E-04  2.88000E-04  3.20000E-04
  3.52000E-04  3.84000E-04  4.16000E-04  4.48000E-04  4.80000E-04  5.12000E-04
  5.76000E-04  6.40000E-04  7.04000E-04  7.68000E-04  8.32000E-04  8.96000E-04
  9.60000E-04  1.02400E-03  1.15200E-03  1.28000E-03  1.40800E-03  1.53600E-03
  1.66400E-03  1.79200E-03  1.92000E-03  2.01600E-03  2.27200E-03  2.52800E-03
  2.78400E-03  3.04000E-03  3.29600E-03  3.55200E-03  3.80800E-03  4.06400E-03
  4.57600E-03  5.08800E-03  5.60000E-03  6.11200E-03  6.62400E-03  7.13600E-03
  7.64800E-03  8.16000E-03  9.18400E-03  1.02080E-02  1.12320E-02  1.22560E-02
  1.32800E-02  1.43040E-02  1.53280E-02  1.63520E-02  1.84000E-02  2.04480E-02
  2.24960E-02  2.45440E-02  2.65920E-02  2.86400E-02  3.06880E-02  3.27360E-02
  3.68320E-02  4.09280E-02  4.50240E-02  4.91200E-02  5.32160E-02
  8.22564E-01  8.26919E-01  8.20380E-01  8.22372E-01  8.22869E-01  8.23340E-01
  8.19559E-01  8.15820E-01  8.21114E-01  8.18470E-01  8.20799E-01  8.19965E-01
  8.21043E-01  8.19036E-01  8.17585E-01  8.22738E-01  8.20686E-01  8.21390E-01
  8.17104E-01  8.18377E-01  8.17883E-01  8.18390E-01  8.18000E-01  8.17940E-01
  8.15901E-01  8.16748E-01  8.16715E-01  8.16621E-01  8.15457E-01  8.15108E-01
  8.15444E-01  8.12931E-01  8.14808E-01  8.12733E-01  8.12657E-01  8.11780E-01
  8.11560E-01  8.10950E-01  8.09120E-01  8.07062E-01  8.06052E-01  8.05939E-01
  8.04840E-01  8.03050E-01  8.02110E-01  8.01506E-01  7.98072E-01  7.95871E-01
  7.94069E-01  7.90926E-01  7.88768E-01  7.86573E-01  7.83863E-01  7.81488E-01
  7.76984E-01  7.72373E-01  7.67218E-01  7.62890E-01  7.57611E-01  7.52943E-01
  7.48795E-01  7.44425E-01  7.35607E-01  7.26963E-01  7.17997E-01  7.09296E-01
  7.00963E-01  6.92555E-01  6.84298E-01  6.76087E-01  6.59850E-01  6.43920E-01
  6.28544E-01  6.13362E-01  5.98834E-01  5.84562E-01  5.70441E-01  5.56858E-01
  5.30273E-01  5.05067E-01  4.81153E-01  4.58304E-01  4.36442E-01  4.15732E-01
  3.95948E-01  3.77347E-01  3.42604E-01  3.11273E-01  2.82582E-01  2.56827E-01
  2.32959E-01  2.11530E-01  1.92046E-01  1.78596E-01  1.46961E-01  1.20981E-01
  9.96627E-02  8.04759E-02  6.49013E-02  5.23402E-02  4.20471E-02  3.34120E-02
  2.02115E-02  1.28560E-02  7.51105E-03  1.45693E-03 -1.83489E-03 -3.19263E-03
 -2.95358E-03 -3.50584E-03 -1.12945E-03  1.90512E-03 -1.03467E-03 -4.26023E-04
 -1.33531E-03 -2.34964E-03 -1.11190E-04  5.14870E-03  1.05381E-04 -7.94891E-03
 -9.64017E-03 -1.19934E-03  4.82698E-03  3.27065E-03  9.51222E-03  1.35656E-02
  9.65294E-03  2.23798E-03 -2.08119E-03 -5.19509E-03  3.91445E-03
