AutoSaveFileName0090.ASC
 IFORMY    0    .00
 (6E13.7)
 IFORMT    0    .00
 (6E13.7)
 IFORMW    0    .00
 (6E13.7)
 NINTT     0   -1.00
 DOUSNQ    0    1.00
 IQUAD          1.00
 PRWT      0    1.00
 PRY       0    1.00
 IPLRES    1    3.00
 IPLRES    2    3.00
 IPRINT    1    0.00
 IPRINT    2    2.00
 IPLFIT    1    0.00
 IPLFIT    2    0.00
 LINEPG    0   50.
 NONNEG    1    1.00
 IWT       0    5.00
 NQPROG    1    5.00
 NQPROG    2    5.00
 GMNMX     1    4.718E-05
 GMNMX     2    4.718E-02
 RUSER    10    -1.00
 NG        0    200.00
 NLINF     0    0.00
 IUSER    10    4.00
 RUSER    21    1.0
 RUSER    22   -1.0
 RUSER    23    0.0
 RUSER    18         291.88262
 RUSER    17         44.99900
 RUSER    19         1.03350
 RUSER    15         1.33200
 RUSER    16         632.80000
 RUSER    25         1
 RUSER    26         0
 END       0    0.00
 NY      131
  3.75000E-07  5.00000E-07  6.25000E-07  7.50000E-07  8.75000E-07  1.00000E-06
  1.12500E-06  1.25000E-06  1.37500E-06  1.50000E-06  1.62500E-06  1.75000E-06
  1.87500E-06  2.00000E-06  2.25000E-06  2.50000E-06  2.75000E-06  3.00000E-06
  3.25000E-06  3.50000E-06  3.75000E-06  4.00000E-06  4.50000E-06  5.00000E-06
  5.50000E-06  6.00000E-06  6.50000E-06  7.00000E-06  7.50000E-06  8.00000E-06
  9.00000E-06  1.00000E-05  1.10000E-05  1.20000E-05  1.30000E-05  1.40000E-05
  1.50000E-05  1.60000E-05  1.80000E-05  2.00000E-05  2.20000E-05  2.40000E-05
  2.60000E-05  2.80000E-05  3.00000E-05  3.20000E-05  3.60000E-05  4.00000E-05
  4.40000E-05  4.80000E-05  5.20000E-05  5.60000E-05  6.00000E-05  6.40000E-05
  7.20000E-05  8.00000E-05  8.80000E-05  9.60000E-05  1.04000E-04  1.12000E-04
  1.20000E-04  1.28000E-04  1.44000E-04  1.60000E-04  1.76000E-04  1.92000E-04
  2.08000E-04  2.24000E-04  2.40000E-04  2.56000E-04  2.88000E-04  3.20000E-04
  3.52000E-04  3.84000E-04  4.16000E-04  4.48000E-04  4.80000E-04  5.12000E-04
  5.76000E-04  6.40000E-04  7.04000E-04  7.68000E-04  8.32000E-04  8.96000E-04
  9.60000E-04  1.02400E-03  1.15200E-03  1.28000E-03  1.40800E-03  1.53600E-03
  1.66400E-03  1.79200E-03  1.92000E-03  2.01600E-03  2.27200E-03  2.52800E-03
  2.78400E-03  3.04000E-03  3.29600E-03  3.55200E-03  3.80800E-03  4.06400E-03
  4.57600E-03  5.08800E-03  5.60000E-03  6.11200E-03  6.62400E-03  7.13600E-03
  7.64800E-03  8.16000E-03  9.18400E-03  1.02080E-02  1.12320E-02  1.22560E-02
  1.32800E-02  1.43040E-02  1.53280E-02  1.63520E-02  1.84000E-02  2.04480E-02
  2.24960E-02  2.45440E-02  2.65920E-02  2.86400E-02  3.06880E-02  3.27360E-02
  3.68320E-02  4.09280E-02  4.50240E-02  4.91200E-02  5.32160E-02
  8.95844E-01  8.99272E-01  8.91194E-01  8.87031E-01  8.83663E-01  8.97635E-01
  8.83022E-01  8.93863E-01  8.92819E-01  8.95785E-01  8.89439E-01  8.87826E-01
  8.88585E-01  8.88460E-01  8.91787E-01  8.92470E-01  8.86913E-01  8.87737E-01
  8.89160E-01  8.89000E-01  8.88875E-01  8.89782E-01  8.88418E-01  8.88054E-01
  8.92978E-01  8.90725E-01  8.89290E-01  8.88614E-01  8.88376E-01  8.88418E-01
  8.87179E-01  8.87720E-01  8.89645E-01  8.88450E-01  8.89249E-01  8.88475E-01
  8.88526E-01  8.88187E-01  8.88938E-01  8.88144E-01  8.85842E-01  8.87691E-01
  8.86682E-01  8.86189E-01  8.88437E-01  8.86089E-01  8.85420E-01  8.85152E-01
  8.84896E-01  8.83201E-01  8.84256E-01  8.82563E-01  8.83589E-01  8.81909E-01
  8.81475E-01  8.80208E-01  8.79084E-01  8.78373E-01  8.77931E-01  8.76160E-01
  8.74732E-01  8.74120E-01  8.72238E-01  8.70044E-01  8.67869E-01  8.66340E-01
  8.64069E-01  8.61351E-01  8.59613E-01  8.57577E-01  8.53733E-01  8.50135E-01
  8.46453E-01  8.42217E-01  8.38439E-01  8.34650E-01  8.30539E-01  8.26691E-01
  8.18819E-01  8.11495E-01  8.04329E-01  7.96697E-01  7.89128E-01  7.81999E-01
  7.75518E-01  7.68201E-01  7.53785E-01  7.39870E-01  7.25474E-01  7.12040E-01
  6.98565E-01  6.85205E-01  6.72083E-01  6.62069E-01  6.36595E-01  6.12214E-01
  5.88711E-01  5.65915E-01  5.44058E-01  5.22693E-01  5.02483E-01  4.82825E-01
  4.45390E-01  4.10845E-01  3.77847E-01  3.47377E-01  3.18502E-01  2.92064E-01
  2.67849E-01  2.46883E-01  2.08899E-01  1.77286E-01  1.49231E-01  1.25375E-01
  1.04790E-01  8.83355E-02  7.53409E-02  6.48132E-02  4.87641E-02  3.61337E-02
  2.78303E-02  2.17013E-02  2.07061E-02  1.75873E-02  1.09706E-02  6.56032E-03
  5.52580E-03  9.34583E-03  9.75003E-03  9.73031E-03  7.10656E-03
