AutoSaveFileName0041.ASC
 IFORMY    0    .00
 (6E13.7)
 IFORMT    0    .00
 (6E13.7)
 IFORMW    0    .00
 (6E13.7)
 NINTT     0   -1.00
 DOUSNQ    0    1.00
 IQUAD          1.00
 PRWT      0    1.00
 PRY       0    1.00
 IPLRES    1    3.00
 IPLRES    2    3.00
 IPRINT    1    0.00
 IPRINT    2    2.00
 IPLFIT    1    0.00
 IPLFIT    2    0.00
 LINEPG    0   50.
 NONNEG    1    1.00
 IWT       0    5.00
 NQPROG    1    5.00
 NQPROG    2    5.00
 GMNMX     1    7.580E-05
 GMNMX     2    7.580E-02
 RUSER    10    -1.00
 NG        0    200.00
 NLINF     0    0.00
 IUSER    10    4.00
 RUSER    21    1.0
 RUSER    22   -1.0
 RUSER    23    0.0
 RUSER    18         292.17001
 RUSER    17         34.99800
 RUSER    19         1.02617
 RUSER    15         1.33200
 RUSER    16         632.80000
 RUSER    25         1
 RUSER    26         0
 END       0    0.00
 NY      188
  5.00000E-07  6.25000E-07  7.50000E-07  8.75000E-07  1.00000E-06  1.12500E-06
  1.25000E-06  1.37500E-06  1.50000E-06  1.62500E-06  1.75000E-06  1.87500E-06
  2.00000E-06  2.25000E-06  2.50000E-06  2.75000E-06  3.00000E-06  3.25000E-06
  3.50000E-06  3.75000E-06  4.00000E-06  4.50000E-06  5.00000E-06  5.50000E-06
  6.00000E-06  6.50000E-06  7.00000E-06  7.50000E-06  8.00000E-06  9.00000E-06
  1.00000E-05  1.10000E-05  1.20000E-05  1.30000E-05  1.40000E-05  1.50000E-05
  1.60000E-05  1.80000E-05  2.00000E-05  2.20000E-05  2.40000E-05  2.60000E-05
  2.80000E-05  3.00000E-05  3.20000E-05  3.60000E-05  4.00000E-05  4.40000E-05
  4.80000E-05  5.20000E-05  5.60000E-05  6.00000E-05  6.40000E-05  7.20000E-05
  8.00000E-05  8.80000E-05  9.60000E-05  1.04000E-04  1.12000E-04  1.20000E-04
  1.28000E-04  1.44000E-04  1.60000E-04  1.76000E-04  1.92000E-04  2.08000E-04
  2.24000E-04  2.40000E-04  2.56000E-04  2.88000E-04  3.20000E-04  3.52000E-04
  3.84000E-04  4.16000E-04  4.48000E-04  4.80000E-04  5.12000E-04  5.76000E-04
  6.40000E-04  7.04000E-04  7.68000E-04  8.32000E-04  8.96000E-04  9.60000E-04
  1.02400E-03  1.15200E-03  1.28000E-03  1.40800E-03  1.53600E-03  1.66400E-03
  1.79200E-03  1.92000E-03  2.01600E-03  2.27200E-03  2.52800E-03  2.78400E-03
  3.04000E-03  3.29600E-03  3.55200E-03  3.80800E-03  4.06400E-03  4.57600E-03
  5.08800E-03  5.60000E-03  6.11200E-03  6.62400E-03  7.13600E-03  7.64800E-03
  8.16000E-03  9.18400E-03  1.02080E-02  1.12320E-02  1.22560E-02  1.32800E-02
  1.43040E-02  1.53280E-02  1.63520E-02  1.84000E-02  2.04480E-02  2.24960E-02
  2.45440E-02  2.65920E-02  2.86400E-02  3.06880E-02  3.27360E-02  3.68320E-02
  4.09280E-02  4.50240E-02  4.91200E-02  5.32160E-02  5.73120E-02  6.14080E-02
  6.55040E-02  7.36960E-02  8.18880E-02  9.00800E-02  9.82720E-02  1.06464E-01
  1.14656E-01  1.22848E-01  1.31040E-01  1.47424E-01  1.63808E-01  1.80192E-01
  1.96576E-01  2.12960E-01  2.29344E-01  2.45728E-01  2.62112E-01  2.94880E-01
  3.27648E-01  3.60416E-01  3.93184E-01  4.25952E-01  4.58720E-01  4.91488E-01
  5.24256E-01  5.89792E-01  6.55328E-01  7.20864E-01  7.86400E-01  8.51936E-01
  9.17472E-01  9.83008E-01  1.04854E+00  1.17962E+00  1.31069E+00  1.44176E+00
  1.57283E+00  1.70390E+00  1.83498E+00  1.96605E+00  2.09712E+00  2.35926E+00
  2.62141E+00  2.88355E+00  3.14570E+00  3.40784E+00  3.66998E+00  3.93213E+00
  4.19427E+00  4.71856E+00  5.24285E+00  5.76714E+00  6.29142E+00  6.81571E+00
  7.34000E+00  7.86429E+00
  9.92620E-01  9.90727E-01  9.89045E-01  9.95569E-01  9.89714E-01  9.93175E-01
  9.87146E-01  9.89919E-01  9.89962E-01  9.90390E-01  9.95707E-01  9.90715E-01
  9.89455E-01  9.91119E-01  9.86200E-01  9.87013E-01  9.90450E-01  9.91698E-01
  9.90981E-01  9.87110E-01  9.88581E-01  9.88394E-01  9.88919E-01  9.89733E-01
  9.88919E-01  9.90510E-01  9.87761E-01  9.86157E-01  9.87809E-01  9.88870E-01
  9.89317E-01  9.87460E-01  9.89057E-01  9.88581E-01  9.90372E-01  9.87188E-01
  9.89081E-01  9.88527E-01  9.88653E-01  9.87960E-01  9.87448E-01  9.88243E-01
  9.88328E-01  9.87429E-01  9.88683E-01  9.87966E-01  9.88949E-01  9.88340E-01
  9.87224E-01  9.87532E-01  9.87622E-01  9.87279E-01  9.87218E-01  9.86796E-01
  9.86290E-01  9.86194E-01  9.85241E-01  9.85090E-01  9.85380E-01  9.84994E-01
  9.84228E-01  9.84095E-01  9.83227E-01  9.82293E-01  9.82015E-01  9.81997E-01
  9.80418E-01  9.80490E-01  9.79320E-01  9.78024E-01  9.76631E-01  9.75480E-01
  9.74147E-01  9.73249E-01  9.71832E-01  9.70723E-01  9.69258E-01  9.66864E-01
  9.64393E-01  9.61896E-01  9.59485E-01  9.57242E-01  9.54794E-01  9.52322E-01
  9.30690E-01  9.25951E-01  9.21387E-01  9.16522E-01  9.11849E-01  9.07273E-01
  9.02474E-01  8.98164E-01  9.12181E-01  9.02987E-01  8.94154E-01  8.85286E-01
  8.76700E-01  8.68012E-01  8.59493E-01  8.50980E-01  8.42920E-01  8.26701E-01
  8.11092E-01  7.95996E-01  7.81146E-01  7.66622E-01  7.52490E-01  7.38286E-01
  7.24889E-01  6.98657E-01  6.73479E-01  6.48423E-01  6.24373E-01  6.01405E-01
  5.79499E-01  5.58650E-01  5.39277E-01  5.01819E-01  4.67083E-01  4.33811E-01
  4.02210E-01  3.72371E-01  3.45132E-01  3.20533E-01  2.98329E-01  2.56488E-01
  2.19320E-01  1.86120E-01  1.58517E-01  1.38566E-01  1.21501E-01  1.06022E-01
  9.26500E-02  6.81076E-02  5.47477E-02  4.82882E-02  4.79634E-02  4.79365E-02
  4.27250E-02  3.25120E-02  2.37241E-02  1.61373E-02 -4.17607E-04 -2.58297E-02
 -3.91895E-02 -3.94913E-02 -2.58335E-02 -7.81671E-03  1.07701E-03 -6.91868E-03
 -2.40894E-02 -4.23108E-03  1.26773E-02 -9.65665E-03 -3.28118E-03  1.81479E-04
 -2.58971E-03 -7.62197E-03 -1.82791E-02 -1.33883E-02  1.96613E-03  3.47069E-02
  1.31495E-02  3.29973E-02  2.15867E-02 -4.58804E-02 -3.81606E-02 -1.80137E-02
 -1.34358E-02 -7.60370E-03 -1.47859E-02 -6.27779E-03 -2.83176E-02 -2.29392E-02
  4.33479E-03 -1.50896E-02 -2.31746E-02 -1.19286E-03 -2.12746E-03 -3.66641E-03
  1.90827E-02  1.85609E-03  2.63619E-03  5.89521E-03 -1.86265E-02  7.24485E-03
 -3.10203E-02  1.96349E-02
