AutoSaveFileName0268.ASC
 IFORMY    0    .00
 (6E13.7)
 IFORMT    0    .00
 (6E13.7)
 IFORMW    0    .00
 (6E13.7)
 NINTT     0   -1.00
 DOUSNQ    0    1.00
 IQUAD          1.00
 PRWT      0    1.00
 PRY       0    1.00
 IPLRES    1    3.00
 IPLRES    2    3.00
 IPRINT    1    0.00
 IPRINT    2    2.00
 IPLFIT    1    0.00
 IPLFIT    2    0.00
 LINEPG    0   50.
 NONNEG    1    1.00
 IWT       0    5.00
 NQPROG    1    5.00
 NQPROG    2    5.00
 GMNMX     1    1.105E-05
 GMNMX     2    1.105E-02
 RUSER    10    -1.00
 NG        0    200.00
 NLINF     0    0.00
 IUSER    10    4.00
 RUSER    21    1.0
 RUSER    22   -1.0
 RUSER    23    0.0
 RUSER    18         292.12446
 RUSER    17         103.99900
 RUSER    19         1.02733
 RUSER    15         1.33200
 RUSER    16         632.80000
 RUSER    25         1
 RUSER    26         0
 END       0    0.00
 NY      131
  3.75000E-07  5.00000E-07  6.25000E-07  7.50000E-07  8.75000E-07  1.00000E-06
  1.12500E-06  1.25000E-06  1.37500E-06  1.50000E-06  1.62500E-06  1.75000E-06
  1.87500E-06  2.00000E-06  2.25000E-06  2.50000E-06  2.75000E-06  3.00000E-06
  3.25000E-06  3.50000E-06  3.75000E-06  4.00000E-06  4.50000E-06  5.00000E-06
  5.50000E-06  6.00000E-06  6.50000E-06  7.00000E-06  7.50000E-06  8.00000E-06
  9.00000E-06  1.00000E-05  1.10000E-05  1.20000E-05  1.30000E-05  1.40000E-05
  1.50000E-05  1.60000E-05  1.80000E-05  2.00000E-05  2.20000E-05  2.40000E-05
  2.60000E-05  2.80000E-05  3.00000E-05  3.20000E-05  3.60000E-05  4.00000E-05
  4.40000E-05  4.80000E-05  5.20000E-05  5.60000E-05  6.00000E-05  6.40000E-05
  7.20000E-05  8.00000E-05  8.80000E-05  9.60000E-05  1.04000E-04  1.12000E-04
  1.20000E-04  1.28000E-04  1.44000E-04  1.60000E-04  1.76000E-04  1.92000E-04
  2.08000E-04  2.24000E-04  2.40000E-04  2.56000E-04  2.88000E-04  3.20000E-04
  3.52000E-04  3.84000E-04  4.16000E-04  4.48000E-04  4.80000E-04  5.12000E-04
  5.76000E-04  6.40000E-04  7.04000E-04  7.68000E-04  8.32000E-04  8.96000E-04
  9.60000E-04  1.02400E-03  1.15200E-03  1.28000E-03  1.40800E-03  1.53600E-03
  1.66400E-03  1.79200E-03  1.92000E-03  2.01600E-03  2.27200E-03  2.52800E-03
  2.78400E-03  3.04000E-03  3.29600E-03  3.55200E-03  3.80800E-03  4.06400E-03
  4.57600E-03  5.08800E-03  5.60000E-03  6.11200E-03  6.62400E-03  7.13600E-03
  7.64800E-03  8.16000E-03  9.18400E-03  1.02080E-02  1.12320E-02  1.22560E-02
  1.32800E-02  1.43040E-02  1.53280E-02  1.63520E-02  1.84000E-02  2.04480E-02
  2.24960E-02  2.45440E-02  2.65920E-02  2.86400E-02  3.06880E-02  3.27360E-02
  3.68320E-02  4.09280E-02  4.50240E-02  4.91200E-02  5.32160E-02
  1.59618E+00  1.59412E+00  1.58710E+00  1.58854E+00  1.59211E+00  1.58406E+00
  1.58651E+00  1.58803E+00  1.58850E+00  1.58279E+00  1.58679E+00  1.58136E+00
  1.58276E+00  1.58498E+00  1.58223E+00  1.58363E+00  1.58133E+00  1.58319E+00
  1.57757E+00  1.58157E+00  1.58223E+00  1.58041E+00  1.58058E+00  1.58086E+00
  1.57764E+00  1.57976E+00  1.57851E+00  1.57805E+00  1.57816E+00  1.57771E+00
  1.57584E+00  1.57401E+00  1.57410E+00  1.57151E+00  1.56994E+00  1.57068E+00
  1.56986E+00  1.56797E+00  1.56641E+00  1.56487E+00  1.56303E+00  1.56045E+00
  1.55832E+00  1.55643E+00  1.55409E+00  1.55233E+00  1.54807E+00  1.54376E+00
  1.53990E+00  1.53597E+00  1.53125E+00  1.52807E+00  1.52355E+00  1.52001E+00
  1.51189E+00  1.50321E+00  1.49570E+00  1.48747E+00  1.47988E+00  1.47148E+00
  1.46393E+00  1.45597E+00  1.44061E+00  1.42522E+00  1.41042E+00  1.39547E+00
  1.38075E+00  1.36669E+00  1.35212E+00  1.33764E+00  1.30947E+00  1.28218E+00
  1.25532E+00  1.22915E+00  1.20381E+00  1.17933E+00  1.15498E+00  1.13143E+00
  1.08545E+00  1.04089E+00  9.98380E-01  9.57686E-01  9.18683E-01  8.81495E-01
  8.46220E-01  8.13166E-01  7.50024E-01  6.91452E-01  6.36985E-01  5.85756E-01
  5.38206E-01  4.94900E-01  4.55366E-01  4.30202E-01  3.63725E-01  3.07170E-01
  2.59532E-01  2.19970E-01  1.87342E-01  1.60217E-01  1.37071E-01  1.18953E-01
  8.89007E-02  6.42356E-02  4.92703E-02  3.78656E-02  2.95879E-02  2.43969E-02
  2.25725E-02  2.34177E-02  2.28282E-02  8.10808E-03 -5.40451E-03 -5.39752E-03
 -2.17081E-03 -1.06676E-04  2.45074E-03 -6.59472E-04 -5.36848E-03  5.47596E-03
  5.34929E-03  3.85595E-05 -5.52799E-03 -1.44877E-03 -6.04092E-03 -1.45752E-03
  1.16975E-02  1.18934E-03 -6.80517E-03 -9.58956E-03  1.02720E-03
