AutoSaveFileName0134.ASC
 IFORMY    0    .00
 (6E13.7)
 IFORMT    0    .00
 (6E13.7)
 IFORMW    0    .00
 (6E13.7)
 NINTT     0   -1.00
 DOUSNQ    0    1.00
 IQUAD          1.00
 PRWT      0    1.00
 PRY       0    1.00
 IPLRES    1    3.00
 IPLRES    2    3.00
 IPRINT    1    0.00
 IPRINT    2    2.00
 IPLFIT    1    0.00
 IPLFIT    2    0.00
 LINEPG    0   50.
 NONNEG    1    1.00
 IWT       0    5.00
 NQPROG    1    5.00
 NQPROG    2    5.00
 GMNMX     1    2.845E-05
 GMNMX     2    2.845E-02
 RUSER    10    -1.00
 NG        0    200.00
 NLINF     0    0.00
 IUSER    10    4.00
 RUSER    21    1.0
 RUSER    22   -1.0
 RUSER    23    0.0
 RUSER    18         291.93423
 RUSER    17         58.99900
 RUSER    19         1.03218
 RUSER    15         1.33200
 RUSER    16         632.80000
 RUSER    25         1
 RUSER    26         0
 END       0    0.00
 NY      131
  3.75000E-07  5.00000E-07  6.25000E-07  7.50000E-07  8.75000E-07  1.00000E-06
  1.12500E-06  1.25000E-06  1.37500E-06  1.50000E-06  1.62500E-06  1.75000E-06
  1.87500E-06  2.00000E-06  2.25000E-06  2.50000E-06  2.75000E-06  3.00000E-06
  3.25000E-06  3.50000E-06  3.75000E-06  4.00000E-06  4.50000E-06  5.00000E-06
  5.50000E-06  6.00000E-06  6.50000E-06  7.00000E-06  7.50000E-06  8.00000E-06
  9.00000E-06  1.00000E-05  1.10000E-05  1.20000E-05  1.30000E-05  1.40000E-05
  1.50000E-05  1.60000E-05  1.80000E-05  2.00000E-05  2.20000E-05  2.40000E-05
  2.60000E-05  2.80000E-05  3.00000E-05  3.20000E-05  3.60000E-05  4.00000E-05
  4.40000E-05  4.80000E-05  5.20000E-05  5.60000E-05  6.00000E-05  6.40000E-05
  7.20000E-05  8.00000E-05  8.80000E-05  9.60000E-05  1.04000E-04  1.12000E-04
  1.20000E-04  1.28000E-04  1.44000E-04  1.60000E-04  1.76000E-04  1.92000E-04
  2.08000E-04  2.24000E-04  2.40000E-04  2.56000E-04  2.88000E-04  3.20000E-04
  3.52000E-04  3.84000E-04  4.16000E-04  4.48000E-04  4.80000E-04  5.12000E-04
  5.76000E-04  6.40000E-04  7.04000E-04  7.68000E-04  8.32000E-04  8.96000E-04
  9.60000E-04  1.02400E-03  1.15200E-03  1.28000E-03  1.40800E-03  1.53600E-03
  1.66400E-03  1.79200E-03  1.92000E-03  2.01600E-03  2.27200E-03  2.52800E-03
  2.78400E-03  3.04000E-03  3.29600E-03  3.55200E-03  3.80800E-03  4.06400E-03
  4.57600E-03  5.08800E-03  5.60000E-03  6.11200E-03  6.62400E-03  7.13600E-03
  7.64800E-03  8.16000E-03  9.18400E-03  1.02080E-02  1.12320E-02  1.22560E-02
  1.32800E-02  1.43040E-02  1.53280E-02  1.63520E-02  1.84000E-02  2.04480E-02
  2.24960E-02  2.45440E-02  2.65920E-02  2.86400E-02  3.06880E-02  3.27360E-02
  3.68320E-02  4.09280E-02  4.50240E-02  4.91200E-02  5.32160E-02
  2.48888E+00  2.48464E+00  2.47922E+00  2.47212E+00  2.47024E+00  2.46661E+00
  2.47383E+00  2.47353E+00  2.47637E+00  2.47347E+00  2.48032E+00  2.47088E+00
  2.48489E+00  2.47969E+00  2.47451E+00  2.47825E+00  2.46726E+00  2.47308E+00
  2.47415E+00  2.46704E+00  2.47455E+00  2.47027E+00  2.47238E+00  2.46963E+00
  2.46856E+00  2.46908E+00  2.47496E+00  2.47090E+00  2.46894E+00  2.46785E+00
  2.47155E+00  2.46604E+00  2.46491E+00  2.46257E+00  2.46546E+00  2.46320E+00
  2.46329E+00  2.46371E+00  2.46274E+00  2.45986E+00  2.45932E+00  2.45713E+00
  2.45745E+00  2.45557E+00  2.45654E+00  2.45439E+00  2.45279E+00  2.44922E+00
  2.44690E+00  2.44440E+00  2.44260E+00  2.43999E+00  2.43766E+00  2.43508E+00
  2.42920E+00  2.42511E+00  2.42064E+00  2.41433E+00  2.41043E+00  2.40615E+00
  2.40122E+00  2.39650E+00  2.38616E+00  2.37693E+00  2.36625E+00  2.35762E+00
  2.34768E+00  2.33823E+00  2.32887E+00  2.31981E+00  2.30096E+00  2.28235E+00
  2.26407E+00  2.24615E+00  2.22783E+00  2.20976E+00  2.19215E+00  2.17466E+00
  2.14039E+00  2.10624E+00  2.07250E+00  2.04029E+00  2.00735E+00  1.97559E+00
  1.94446E+00  1.91033E+00  1.85011E+00  1.79219E+00  1.73607E+00  1.68147E+00
  1.62853E+00  1.57731E+00  1.52803E+00  1.49757E+00  1.40483E+00  1.31800E+00
  1.23756E+00  1.16173E+00  1.09154E+00  1.02601E+00  9.65264E-01  9.07779E-01
  8.01294E-01  7.06009E-01  6.21270E-01  5.47564E-01  4.83982E-01  4.30812E-01
  3.83826E-01  3.42346E-01  2.71501E-01  2.18172E-01  1.74319E-01  1.41496E-01
  1.15474E-01  9.62593E-02  7.97281E-02  7.20017E-02  5.93613E-02  3.87347E-02
  1.83726E-02  5.81302E-03  3.96552E-03 -2.11441E-03 -1.02413E-02  5.96310E-04
  1.02316E-02  1.31031E-02 -2.77384E-03 -1.80872E-02 -3.79637E-02
