AutoSaveFileName0354.ASC
 IFORMY    0    .00
 (6E13.7)
 IFORMT    0    .00
 (6E13.7)
 IFORMW    0    .00
 (6E13.7)
 NINTT     0   -1.00
 DOUSNQ    0    1.00
 IQUAD          1.00
 PRWT      0    1.00
 PRY       0    1.00
 IPLRES    1    3.00
 IPLRES    2    3.00
 IPRINT    1    0.00
 IPRINT    2    2.00
 IPLFIT    1    0.00
 IPLFIT    2    0.00
 LINEPG    0   50.
 NONNEG    1    1.00
 IWT       0    5.00
 NQPROG    1    5.00
 NQPROG    2    5.00
 GMNMX     1    8.125E-06
 GMNMX     2    8.125E-03
 RUSER    10    -1.00
 NG        0    200.00
 NLINF     0    0.00
 IUSER    10    4.00
 RUSER    21    1.0
 RUSER    22   -1.0
 RUSER    23    0.0
 RUSER    18         292.27364
 RUSER    17         132.99900
 RUSER    19         1.02355
 RUSER    15         1.33200
 RUSER    16         632.80000
 RUSER    25         1
 RUSER    26         0
 END       0    0.00
 NY      131
  3.75000E-07  5.00000E-07  6.25000E-07  7.50000E-07  8.75000E-07  1.00000E-06
  1.12500E-06  1.25000E-06  1.37500E-06  1.50000E-06  1.62500E-06  1.75000E-06
  1.87500E-06  2.00000E-06  2.25000E-06  2.50000E-06  2.75000E-06  3.00000E-06
  3.25000E-06  3.50000E-06  3.75000E-06  4.00000E-06  4.50000E-06  5.00000E-06
  5.50000E-06  6.00000E-06  6.50000E-06  7.00000E-06  7.50000E-06  8.00000E-06
  9.00000E-06  1.00000E-05  1.10000E-05  1.20000E-05  1.30000E-05  1.40000E-05
  1.50000E-05  1.60000E-05  1.80000E-05  2.00000E-05  2.20000E-05  2.40000E-05
  2.60000E-05  2.80000E-05  3.00000E-05  3.20000E-05  3.60000E-05  4.00000E-05
  4.40000E-05  4.80000E-05  5.20000E-05  5.60000E-05  6.00000E-05  6.40000E-05
  7.20000E-05  8.00000E-05  8.80000E-05  9.60000E-05  1.04000E-04  1.12000E-04
  1.20000E-04  1.28000E-04  1.44000E-04  1.60000E-04  1.76000E-04  1.92000E-04
  2.08000E-04  2.24000E-04  2.40000E-04  2.56000E-04  2.88000E-04  3.20000E-04
  3.52000E-04  3.84000E-04  4.16000E-04  4.48000E-04  4.80000E-04  5.12000E-04
  5.76000E-04  6.40000E-04  7.04000E-04  7.68000E-04  8.32000E-04  8.96000E-04
  9.60000E-04  1.02400E-03  1.15200E-03  1.28000E-03  1.40800E-03  1.53600E-03
  1.66400E-03  1.79200E-03  1.92000E-03  2.01600E-03  2.27200E-03  2.52800E-03
  2.78400E-03  3.04000E-03  3.29600E-03  3.55200E-03  3.80800E-03  4.06400E-03
  4.57600E-03  5.08800E-03  5.60000E-03  6.11200E-03  6.62400E-03  7.13600E-03
  7.64800E-03  8.16000E-03  9.18400E-03  1.02080E-02  1.12320E-02  1.22560E-02
  1.32800E-02  1.43040E-02  1.53280E-02  1.63520E-02  1.84000E-02  2.04480E-02
  2.24960E-02  2.45440E-02  2.65920E-02  2.86400E-02  3.06880E-02  3.27360E-02
  3.68320E-02  4.09280E-02  4.50240E-02  4.91200E-02  5.32160E-02
  8.32002E-01  8.26798E-01  8.21400E-01  8.25201E-01  8.29914E-01  8.25190E-01
  8.24926E-01  8.30294E-01  8.25406E-01  8.21137E-01  8.23897E-01  8.21529E-01
  8.21453E-01  8.25557E-01  8.21338E-01  8.26122E-01  8.23049E-01  8.23587E-01
  8.24418E-01  8.24731E-01  8.22784E-01  8.20416E-01  8.21200E-01  8.20820E-01
  8.18823E-01  8.20913E-01  8.21028E-01  8.19336E-01  8.20269E-01  8.20455E-01
  8.19719E-01  8.17859E-01  8.20428E-01  8.17200E-01  8.18354E-01  8.16153E-01
  8.14641E-01  8.15627E-01  8.13932E-01  8.12118E-01  8.11470E-01  8.10278E-01
  8.08182E-01  8.06438E-01  8.06884E-01  8.04649E-01  8.02311E-01  7.99247E-01
  7.96351E-01  7.93945E-01  7.90963E-01  7.88630E-01  7.84868E-01  7.82727E-01
  7.77437E-01  7.72451E-01  7.67242E-01  7.62531E-01  7.56853E-01  7.52075E-01
  7.46970E-01  7.42236E-01  7.32352E-01  7.22800E-01  7.12997E-01  7.03548E-01
  6.93849E-01  6.85604E-01  6.75695E-01  6.66739E-01  6.48944E-01  6.31932E-01
  6.15437E-01  5.99588E-01  5.83968E-01  5.69097E-01  5.53842E-01  5.39563E-01
  5.12195E-01  4.86119E-01  4.61722E-01  4.38886E-01  4.16961E-01  3.96604E-01
  3.76726E-01  3.58172E-01  3.23652E-01  2.92562E-01  2.64427E-01  2.38501E-01
  2.15873E-01  1.95447E-01  1.77069E-01  1.64838E-01  1.34882E-01  1.10557E-01
  9.03722E-02  7.48491E-02  6.25070E-02  5.32959E-02  4.48237E-02  3.85048E-02
  2.68819E-02  1.96846E-02  1.77253E-02  1.74795E-02  1.59778E-02  1.47565E-02
  1.32953E-02  1.04151E-02  3.15457E-03  2.70213E-03  5.17527E-04 -2.25361E-03
 -4.17161E-03 -8.96125E-03 -1.33430E-02 -1.00469E-02 -2.44289E-03  6.64927E-03
  6.56640E-03  7.55492E-03  9.36878E-03  1.23919E-02  1.51475E-02  1.02489E-02
  2.05447E-03  4.57099E-03 -8.20417E-04  4.61905E-03  1.44080E-02
