AutoSaveFileName0092.ASC
 IFORMY    0    .00
 (6E13.7)
 IFORMT    0    .00
 (6E13.7)
 IFORMW    0    .00
 (6E13.7)
 NINTT     0   -1.00
 DOUSNQ    0    1.00
 IQUAD          1.00
 PRWT      0    1.00
 PRY       0    1.00
 IPLRES    1    3.00
 IPLRES    2    3.00
 IPRINT    1    0.00
 IPRINT    2    2.00
 IPLFIT    1    0.00
 IPLFIT    2    0.00
 LINEPG    0   50.
 NONNEG    1    1.00
 IWT       0    5.00
 NQPROG    1    5.00
 NQPROG    2    5.00
 GMNMX     1    2.740E-05
 GMNMX     2    2.740E-02
 RUSER    10    -1.00
 NG        0    200.00
 NLINF     0    0.00
 IUSER    10    4.00
 RUSER    21    1.0
 RUSER    22   -1.0
 RUSER    23    0.0
 RUSER    18         292.19286
 RUSER    17         59.99800
 RUSER    19         1.02559
 RUSER    15         1.33200
 RUSER    16         632.80000
 RUSER    25         1
 RUSER    26         0
 END       0    0.00
 NY      188
  5.00000E-07  6.25000E-07  7.50000E-07  8.75000E-07  1.00000E-06  1.12500E-06
  1.25000E-06  1.37500E-06  1.50000E-06  1.62500E-06  1.75000E-06  1.87500E-06
  2.00000E-06  2.25000E-06  2.50000E-06  2.75000E-06  3.00000E-06  3.25000E-06
  3.50000E-06  3.75000E-06  4.00000E-06  4.50000E-06  5.00000E-06  5.50000E-06
  6.00000E-06  6.50000E-06  7.00000E-06  7.50000E-06  8.00000E-06  9.00000E-06
  1.00000E-05  1.10000E-05  1.20000E-05  1.30000E-05  1.40000E-05  1.50000E-05
  1.60000E-05  1.80000E-05  2.00000E-05  2.20000E-05  2.40000E-05  2.60000E-05
  2.80000E-05  3.00000E-05  3.20000E-05  3.60000E-05  4.00000E-05  4.40000E-05
  4.80000E-05  5.20000E-05  5.60000E-05  6.00000E-05  6.40000E-05  7.20000E-05
  8.00000E-05  8.80000E-05  9.60000E-05  1.04000E-04  1.12000E-04  1.20000E-04
  1.28000E-04  1.44000E-04  1.60000E-04  1.76000E-04  1.92000E-04  2.08000E-04
  2.24000E-04  2.40000E-04  2.56000E-04  2.88000E-04  3.20000E-04  3.52000E-04
  3.84000E-04  4.16000E-04  4.48000E-04  4.80000E-04  5.12000E-04  5.76000E-04
  6.40000E-04  7.04000E-04  7.68000E-04  8.32000E-04  8.96000E-04  9.60000E-04
  1.02400E-03  1.15200E-03  1.28000E-03  1.40800E-03  1.53600E-03  1.66400E-03
  1.79200E-03  1.92000E-03  2.01600E-03  2.27200E-03  2.52800E-03  2.78400E-03
  3.04000E-03  3.29600E-03  3.55200E-03  3.80800E-03  4.06400E-03  4.57600E-03
  5.08800E-03  5.60000E-03  6.11200E-03  6.62400E-03  7.13600E-03  7.64800E-03
  8.16000E-03  9.18400E-03  1.02080E-02  1.12320E-02  1.22560E-02  1.32800E-02
  1.43040E-02  1.53280E-02  1.63520E-02  1.84000E-02  2.04480E-02  2.24960E-02
  2.45440E-02  2.65920E-02  2.86400E-02  3.06880E-02  3.27360E-02  3.68320E-02
  4.09280E-02  4.50240E-02  4.91200E-02  5.32160E-02  5.73120E-02  6.14080E-02
  6.55040E-02  7.36960E-02  8.18880E-02  9.00800E-02  9.82720E-02  1.06464E-01
  1.14656E-01  1.22848E-01  1.31040E-01  1.47424E-01  1.63808E-01  1.80192E-01
  1.96576E-01  2.12960E-01  2.29344E-01  2.45728E-01  2.62112E-01  2.94880E-01
  3.27648E-01  3.60416E-01  3.93184E-01  4.25952E-01  4.58720E-01  4.91488E-01
  5.24256E-01  5.89792E-01  6.55328E-01  7.20864E-01  7.86400E-01  8.51936E-01
  9.17472E-01  9.83008E-01  1.04854E+00  1.17962E+00  1.31069E+00  1.44176E+00
  1.57283E+00  1.70390E+00  1.83498E+00  1.96605E+00  2.09712E+00  2.35926E+00
  2.62141E+00  2.88355E+00  3.14570E+00  3.40784E+00  3.66998E+00  3.93213E+00
  4.19427E+00  4.71856E+00  5.24285E+00  5.76714E+00  6.29142E+00  6.81571E+00
  7.34000E+00  7.86429E+00
  9.92632E-01  9.92419E-01  9.89485E-01  9.92501E-01  9.94381E-01  9.90732E-01
  9.88529E-01  9.87728E-01  9.87805E-01  9.88312E-01  9.86710E-01  9.86870E-01
  9.87728E-01  9.85108E-01  9.90486E-01  9.86265E-01  9.86759E-01  9.85558E-01
  9.86579E-01  9.87887E-01  9.87192E-01  9.86367E-01  9.85558E-01  9.88365E-01
  9.87814E-01  9.91365E-01  9.87728E-01  9.85370E-01  9.88562E-01  9.86289E-01
  9.86126E-01  9.86138E-01  9.85832E-01  9.85550E-01  9.86159E-01  9.85881E-01
  9.85157E-01  9.85088E-01  9.85198E-01  9.84585E-01  9.84994E-01  9.83980E-01
  9.84074E-01  9.84454E-01  9.84062E-01  9.84115E-01  9.82452E-01  9.82746E-01
  9.81908E-01  9.82207E-01  9.81140E-01  9.81157E-01  9.80241E-01  9.79481E-01
  9.77993E-01  9.76988E-01  9.76089E-01  9.75210E-01  9.73846E-01  9.73212E-01
  9.72244E-01  9.70159E-01  9.68034E-01  9.66485E-01  9.64920E-01  9.62926E-01
  9.60674E-01  9.58856E-01  9.56812E-01  9.52816E-01  9.49158E-01  9.45182E-01
  9.41345E-01  9.37217E-01  9.33662E-01  9.29820E-01  9.26093E-01  9.18655E-01
  9.10899E-01  9.03715E-01  8.96110E-01  8.88786E-01  8.81733E-01  8.74683E-01
  8.67699E-01  8.53801E-01  8.40008E-01  8.26673E-01  8.13433E-01  8.00343E-01
  7.87442E-01  7.74736E-01  7.64332E-01  7.40090E-01  7.16723E-01  6.93858E-01
  6.71782E-01  6.50511E-01  6.29910E-01  6.10163E-01  5.91475E-01  5.55558E-01
  5.21966E-01  4.90883E-01  4.62101E-01  4.34642E-01  4.08860E-01  3.84088E-01
  3.61485E-01  3.19559E-01  2.83647E-01  2.52809E-01  2.24383E-01  1.99569E-01
  1.77920E-01  1.58471E-01  1.41385E-01  1.09920E-01  8.52129E-02  6.60883E-02
  5.22182E-02  4.54565E-02  4.14941E-02  3.63642E-02  2.88336E-02  1.75126E-02
  6.68169E-03 -1.89882E-03 -2.11760E-03  6.12742E-03  1.56748E-02  1.96871E-02
  1.59573E-02  3.39642E-03 -6.75333E-03 -9.35541E-04  1.12899E-02 -2.41237E-03
 -7.11013E-03 -5.44790E-03  8.98958E-04  1.55178E-02  1.11347E-02 -4.16747E-03
 -4.25439E-03  5.20846E-03 -7.77070E-03  4.05466E-03  4.72190E-03  3.86736E-03
 -6.94961E-03 -8.44630E-03 -1.27451E-03  1.91193E-03 -2.04994E-02 -1.21295E-02
  4.76318E-04  4.15603E-03  1.12679E-03  3.53446E-03 -7.38329E-03 -5.08602E-03
  1.47734E-03 -7.39040E-03 -8.83196E-03  2.29922E-03 -1.69007E-03  2.58405E-03
  1.83761E-03  1.94720E-03  1.03771E-02  6.33874E-03  6.08059E-03 -5.75652E-05
 -3.08575E-03 -1.01769E-02  4.76796E-03 -7.45321E-04  4.60760E-03  1.35191E-03
  1.19344E-02 -2.38532E-03 -1.35107E-04  5.23776E-03 -4.33923E-03  2.27770E-03
  1.63757E-03 -3.30471E-03
