AutoSaveFileName0068.ASC
 IFORMY    0    .00
 (6E13.7)
 IFORMT    0    .00
 (6E13.7)
 IFORMW    0    .00
 (6E13.7)
 NINTT     0   -1.00
 DOUSNQ    0    1.00
 IQUAD          1.00
 PRWT      0    1.00
 PRY       0    1.00
 IPLRES    1    3.00
 IPLRES    2    3.00
 IPRINT    1    0.00
 IPRINT    2    2.00
 IPLFIT    1    0.00
 IPLFIT    2    0.00
 LINEPG    0   50.
 NONNEG    1    1.00
 IWT       0    5.00
 NQPROG    1    5.00
 NQPROG    2    5.00
 GMNMX     1    6.867E-05
 GMNMX     2    6.867E-02
 RUSER    10    -1.00
 NG        0    200.00
 NLINF     0    0.00
 IUSER    10    4.00
 RUSER    21    1.0
 RUSER    22   -1.0
 RUSER    23    0.0
 RUSER    18         291.85954
 RUSER    17         36.99900
 RUSER    19         1.03409
 RUSER    15         1.33200
 RUSER    16         632.80000
 RUSER    25         1
 RUSER    26         0
 END       0    0.00
 NY      131
  3.75000E-07  5.00000E-07  6.25000E-07  7.50000E-07  8.75000E-07  1.00000E-06
  1.12500E-06  1.25000E-06  1.37500E-06  1.50000E-06  1.62500E-06  1.75000E-06
  1.87500E-06  2.00000E-06  2.25000E-06  2.50000E-06  2.75000E-06  3.00000E-06
  3.25000E-06  3.50000E-06  3.75000E-06  4.00000E-06  4.50000E-06  5.00000E-06
  5.50000E-06  6.00000E-06  6.50000E-06  7.00000E-06  7.50000E-06  8.00000E-06
  9.00000E-06  1.00000E-05  1.10000E-05  1.20000E-05  1.30000E-05  1.40000E-05
  1.50000E-05  1.60000E-05  1.80000E-05  2.00000E-05  2.20000E-05  2.40000E-05
  2.60000E-05  2.80000E-05  3.00000E-05  3.20000E-05  3.60000E-05  4.00000E-05
  4.40000E-05  4.80000E-05  5.20000E-05  5.60000E-05  6.00000E-05  6.40000E-05
  7.20000E-05  8.00000E-05  8.80000E-05  9.60000E-05  1.04000E-04  1.12000E-04
  1.20000E-04  1.28000E-04  1.44000E-04  1.60000E-04  1.76000E-04  1.92000E-04
  2.08000E-04  2.24000E-04  2.40000E-04  2.56000E-04  2.88000E-04  3.20000E-04
  3.52000E-04  3.84000E-04  4.16000E-04  4.48000E-04  4.80000E-04  5.12000E-04
  5.76000E-04  6.40000E-04  7.04000E-04  7.68000E-04  8.32000E-04  8.96000E-04
  9.60000E-04  1.02400E-03  1.15200E-03  1.28000E-03  1.40800E-03  1.53600E-03
  1.66400E-03  1.79200E-03  1.92000E-03  2.01600E-03  2.27200E-03  2.52800E-03
  2.78400E-03  3.04000E-03  3.29600E-03  3.55200E-03  3.80800E-03  4.06400E-03
  4.57600E-03  5.08800E-03  5.60000E-03  6.11200E-03  6.62400E-03  7.13600E-03
  7.64800E-03  8.16000E-03  9.18400E-03  1.02080E-02  1.12320E-02  1.22560E-02
  1.32800E-02  1.43040E-02  1.53280E-02  1.63520E-02  1.84000E-02  2.04480E-02
  2.24960E-02  2.45440E-02  2.65920E-02  2.86400E-02  3.06880E-02  3.27360E-02
  3.68320E-02  4.09280E-02  4.50240E-02  4.91200E-02  5.32160E-02
  2.47761E+00  2.46780E+00  2.46759E+00  2.46026E+00  2.44840E+00  2.45674E+00
  2.45407E+00  2.44870E+00  2.45748E+00  2.44981E+00  2.46175E+00  2.45763E+00
  2.45988E+00  2.45521E+00  2.45731E+00  2.45957E+00  2.44970E+00  2.45123E+00
  2.45795E+00  2.45799E+00  2.45681E+00  2.45223E+00  2.45558E+00  2.45155E+00
  2.45726E+00  2.45413E+00  2.45676E+00  2.45244E+00  2.45300E+00  2.45362E+00
  2.45389E+00  2.45058E+00  2.45127E+00  2.45123E+00  2.45352E+00  2.45191E+00
  2.45451E+00  2.45093E+00  2.44940E+00  2.44956E+00  2.45072E+00  2.44934E+00
  2.44836E+00  2.44781E+00  2.44930E+00  2.44818E+00  2.44650E+00  2.44477E+00
  2.44369E+00  2.44247E+00  2.44258E+00  2.44091E+00  2.43954E+00  2.43903E+00
  2.43672E+00  2.43473E+00  2.43333E+00  2.43125E+00  2.42845E+00  2.42697E+00
  2.42506E+00  2.42256E+00  2.41925E+00  2.41294E+00  2.41036E+00  2.40570E+00
  2.40193E+00  2.39694E+00  2.39368E+00  2.38999E+00  2.38200E+00  2.37303E+00
  2.36531E+00  2.35726E+00  2.34940E+00  2.34124E+00  2.33372E+00  2.32595E+00
  2.30956E+00  2.29422E+00  2.27846E+00  2.26315E+00  2.24813E+00  2.23232E+00
  2.21715E+00  2.20121E+00  2.17187E+00  2.14266E+00  2.11329E+00  2.08507E+00
  2.05682E+00  2.02943E+00  2.00172E+00  1.98085E+00  1.92721E+00  1.87520E+00
  1.82481E+00  1.77539E+00  1.72725E+00  1.68029E+00  1.63440E+00  1.59094E+00
  1.50544E+00  1.42416E+00  1.34594E+00  1.27253E+00  1.20313E+00  1.13691E+00
  1.07562E+00  1.01948E+00  9.15676E-01  8.26019E-01  7.45435E-01  6.71751E-01
  6.04402E-01  5.44595E-01  4.91291E-01  4.44356E-01  3.67186E-01  3.02720E-01
  2.52871E-01  2.20763E-01  1.94662E-01  1.70066E-01  1.48244E-01  1.34636E-01
  1.00128E-01  6.00229E-02  3.76537E-02  2.57185E-02  2.00188E-02
