AutoSaveFileName0284.ASC
 IFORMY    0    .00
 (6E13.7)
 IFORMT    0    .00
 (6E13.7)
 IFORMW    0    .00
 (6E13.7)
 NINTT     0   -1.00
 DOUSNQ    0    1.00
 IQUAD          1.00
 PRWT      0    1.00
 PRY       0    1.00
 IPLRES    1    3.00
 IPLRES    2    3.00
 IPRINT    1    0.00
 IPRINT    2    2.00
 IPLFIT    1    0.00
 IPLFIT    2    0.00
 LINEPG    0   50.
 NONNEG    1    1.00
 IWT       0    5.00
 NQPROG    1    5.00
 NQPROG    2    5.00
 GMNMX     1    7.192E-06
 GMNMX     2    2.158E-03
 RUSER    10    -1.00
 NG        0    200.00
 NLINF     0    0.00
 IUSER    10    4.00
 RUSER    21    1.0
 RUSER    22   -1.0
 RUSER    23    0.0
 RUSER    18         292.16067
 RUSER    17         154.99900
 RUSER    19         0.00103
 RUSER    15         1.33200
 RUSER    16         0.00000
 RUSER    25         1
 RUSER    26         0
 END       0    0.00
 NY      131
  3.75000E-07  5.00000E-07  6.25000E-07  7.50000E-07  8.75000E-07  1.00000E-06
  1.12500E-06  1.25000E-06  1.37500E-06  1.50000E-06  1.62500E-06  1.75000E-06
  1.87500E-06  2.00000E-06  2.25000E-06  2.50000E-06  2.75000E-06  3.00000E-06
  3.25000E-06  3.50000E-06  3.75000E-06  4.00000E-06  4.50000E-06  5.00000E-06
  5.50000E-06  6.00000E-06  6.50000E-06  7.00000E-06  7.50000E-06  8.00000E-06
  9.00000E-06  1.00000E-05  1.10000E-05  1.20000E-05  1.30000E-05  1.40000E-05
  1.50000E-05  1.60000E-05  1.80000E-05  2.00000E-05  2.20000E-05  2.40000E-05
  2.60000E-05  2.80000E-05  3.00000E-05  3.20000E-05  3.60000E-05  4.00000E-05
  4.40000E-05  4.80000E-05  5.20000E-05  5.60000E-05  6.00000E-05  6.40000E-05
  7.20000E-05  8.00000E-05  8.80000E-05  9.60000E-05  1.04000E-04  1.12000E-04
  1.20000E-04  1.28000E-04  1.44000E-04  1.60000E-04  1.76000E-04  1.92000E-04
  2.08000E-04  2.24000E-04  2.40000E-04  2.56000E-04  2.88000E-04  3.20000E-04
  3.52000E-04  3.84000E-04  4.16000E-04  4.48000E-04  4.80000E-04  5.12000E-04
  5.76000E-04  6.40000E-04  7.04000E-04  7.68000E-04  8.32000E-04  8.96000E-04
  9.60000E-04  1.02400E-03  1.15200E-03  1.28000E-03  1.40800E-03  1.53600E-03
  1.66400E-03  1.79200E-03  1.92000E-03  2.01600E-03  2.27200E-03  2.52800E-03
  2.78400E-03  3.04000E-03  3.29600E-03  3.55200E-03  3.80800E-03  4.06400E-03
  4.57600E-03  5.08800E-03  5.60000E-03  6.11200E-03  6.62400E-03  7.13600E-03
  7.64800E-03  8.16000E-03  9.18400E-03  1.02080E-02  1.12320E-02  1.22560E-02
  1.32800E-02  1.43040E-02  1.53280E-02  1.63520E-02  1.84000E-02  2.04480E-02
  2.24960E-02  2.45440E-02  2.65920E-02  2.86400E-02  3.06880E-02  3.27360E-02
  3.68320E-02  4.09280E-02  4.50240E-02  4.91200E-02  5.32160E-02
  5.04294E+00  5.03776E+00  5.01985E+00  5.01455E+00  5.00742E+00  5.01028E+00
  5.00573E+00  4.99974E+00  4.99595E+00  4.99261E+00  4.99303E+00  4.98775E+00
  4.98298E+00  4.97939E+00  4.97067E+00  4.97004E+00  4.96120E+00  4.95293E+00
  4.94697E+00  4.93182E+00  4.93246E+00  4.92961E+00  4.91677E+00  4.90379E+00
  4.88902E+00  4.87931E+00  4.86536E+00  4.84691E+00  4.84056E+00  4.82916E+00
  4.80196E+00  4.77804E+00  4.75320E+00  4.73174E+00  4.70608E+00  4.68069E+00
  4.65705E+00  4.63452E+00  4.58634E+00  4.54001E+00  4.49540E+00  4.44868E+00
  4.40615E+00  4.36173E+00  4.31841E+00  4.27603E+00  4.19020E+00  4.11113E+00
  4.03082E+00  3.95403E+00  3.87901E+00  3.80651E+00  3.73486E+00  3.66557E+00
  3.53270E+00  3.40544E+00  3.28448E+00  3.17079E+00  3.06153E+00  2.95959E+00
  2.86094E+00  2.76920E+00  2.59608E+00  2.44163E+00  2.30114E+00  2.17544E+00
  2.06050E+00  1.95758E+00  1.86404E+00  1.78240E+00  1.63745E+00  1.52088E+00
  1.42703E+00  1.35225E+00  1.29014E+00  1.23985E+00  1.19851E+00  1.16524E+00
  1.11295E+00  1.07563E+00  1.04931E+00  1.03053E+00  1.01917E+00  1.01311E+00
  1.01138E+00  1.01114E+00  1.01228E+00  1.00788E+00  1.00551E+00  1.00709E+00
  1.00408E+00  1.00222E+00  1.00338E+00  1.00500E+00  9.99432E-01  9.96730E-01
  9.91093E-01  9.91395E-01  9.91030E-01  9.94018E-01  9.95180E-01  9.95438E-01
  9.92765E-01  1.00113E+00  1.00013E+00  9.97326E-01  9.96783E-01  1.00054E+00
  9.95500E-01  1.00265E+00  9.99449E-01  9.97269E-01  1.00216E+00  1.00332E+00
  9.91703E-01  9.96525E-01  1.00041E+00  1.00321E+00  9.98080E-01  1.00289E+00
  9.99505E-01  9.97335E-01  9.94390E-01  9.97974E-01  9.91891E-01  9.98067E-01
  1.00091E+00  9.99659E-01  9.99051E-01  1.00126E+00  1.00009E+00
