AutoSaveFileName0012.ASC
 IFORMY    0    .00
 (6E13.7)
 IFORMT    0    .00
 (6E13.7)
 IFORMW    0    .00
 (6E13.7)
 NINTT     0   -1.00
 DOUSNQ    0    1.00
 IQUAD     0    1.00
 PRWT      0    1.00
 PRY       0    1.00
 IPLRES    1    3.00
 IPLRES    2    3.00
 IPRINT    1    0.00
 IPRINT    2    2.00
 IPLFIT    1    0.00
 IPLFIT    2    0.00
 LINEPG    0   50.
 NONNEG    1    1.00
 IWT       0    5.00
 NQPROG    1    5.00
 NQPROG    2    5.00
 GMNMX     1    8.93358E-02
 GMNMX     2    3.20693E-02
 RUSER    10    -1.00
 NG        0    500.00
 NLINF     0    1.00
 IUSER    10    4.00
 RUSER    21    1.0
 RUSER    22   -1.0
 RUSER    23    0.0
 RUSER    18         291.89948
 RUSER    17         19.99800
 RUSER    19         1.03307
 RUSER    15         1.33200
 RUSER    16         632.80000
 RUSER    25         1
 RUSER    26         0
 END       0    0.00
 NY      162
  7.50000E-07  8.75000E-07  1.00000E-06  1.12500E-06  1.25000E-06  1.37500E-06
  1.50000E-06  1.62500E-06  1.75000E-06  1.87500E-06  2.00000E-06  2.25000E-06
  2.50000E-06  2.75000E-06  3.00000E-06  3.25000E-06  3.50000E-06  3.75000E-06
  4.00000E-06  4.50000E-06  5.00000E-06  5.50000E-06  6.00000E-06  6.50000E-06
  7.00000E-06  7.50000E-06  8.00000E-06  9.00000E-06  1.00000E-05  1.10000E-05
  1.20000E-05  1.30000E-05  1.40000E-05  1.50000E-05  1.60000E-05  1.80000E-05
  2.00000E-05  2.20000E-05  2.40000E-05  2.60000E-05  2.80000E-05  3.00000E-05
  3.20000E-05  3.60000E-05  4.00000E-05  4.40000E-05  4.80000E-05  5.20000E-05
  5.60000E-05  6.00000E-05  6.40000E-05  7.20000E-05  8.00000E-05  8.80000E-05
  9.60000E-05  1.04000E-04  1.12000E-04  1.20000E-04  1.28000E-04  1.44000E-04
  1.60000E-04  1.76000E-04  1.92000E-04  2.08000E-04  2.24000E-04  2.40000E-04
  2.56000E-04  2.88000E-04  3.20000E-04  3.52000E-04  3.84000E-04  4.16000E-04
  4.48000E-04  4.80000E-04  5.12000E-04  5.76000E-04  6.40000E-04  7.04000E-04
  7.68000E-04  8.32000E-04  8.96000E-04  9.60000E-04  1.02400E-03  1.15200E-03
  1.28000E-03  1.40800E-03  1.53600E-03  1.66400E-03  1.79200E-03  1.92000E-03
  2.01600E-03  2.27200E-03  2.52800E-03  2.78400E-03  3.04000E-03  3.29600E-03
  3.55200E-03  3.80800E-03  4.06400E-03  4.57600E-03  5.08800E-03  5.60000E-03
  6.11200E-03  6.62400E-03  7.13600E-03  7.64800E-03  8.16000E-03  9.18400E-03
  1.02080E-02  1.12320E-02  1.22560E-02  1.32800E-02  1.43040E-02  1.53280E-02
  1.63520E-02  1.84000E-02  2.04480E-02  2.24960E-02  2.45440E-02  2.65920E-02
  2.86400E-02  3.06880E-02  3.27360E-02  3.68320E-02  4.09280E-02  4.50240E-02
  4.91200E-02  5.32160E-02  5.73120E-02  6.14080E-02  6.55040E-02  7.36960E-02
  8.18880E-02  9.00800E-02  9.82720E-02  1.06464E-01  1.14656E-01  1.22848E-01
  1.31040E-01  1.47424E-01  1.63808E-01  1.80192E-01  1.96576E-01  2.12960E-01
  2.29344E-01  2.45728E-01  2.62112E-01  2.94880E-01  3.27648E-01  3.60416E-01
  3.93184E-01  4.25952E-01  4.58720E-01  4.91488E-01  5.24256E-01  5.89792E-01
  6.55328E-01  7.20864E-01  7.86400E-01  8.51936E-01  9.17472E-01  9.83008E-01
  9.99513E-01  9.99913E-01  9.97224E-01  9.96974E-01  9.97190E-01  1.00000E+00
  9.98643E-01  9.98206E-01  9.97095E-01  9.97881E-01  9.98373E-01  9.97890E-01
  9.95796E-01  9.98805E-01  9.98876E-01  9.97694E-01  9.98418E-01  9.98194E-01
  9.98689E-01  9.98160E-01  9.95775E-01  9.96054E-01  9.96483E-01  9.96291E-01
  9.96325E-01  9.97120E-01  9.96366E-01  9.96620E-01  9.96254E-01  9.96275E-01
  9.95871E-01  9.95892E-01  9.95725E-01  9.95430E-01  9.95317E-01  9.95130E-01
  9.94489E-01  9.94223E-01  9.93328E-01  9.93132E-01  9.92733E-01  9.92316E-01
  9.92475E-01  9.91954E-01  9.91367E-01  9.90664E-01  9.89711E-01  9.89224E-01
  9.88887E-01  9.87775E-01  9.87143E-01  9.86139E-01  9.84741E-01  9.83155E-01
  9.82277E-01  9.80670E-01  9.79442E-01  9.78697E-01  9.76957E-01  9.74493E-01
  9.71988E-01  9.69544E-01  9.67226E-01  9.64674E-01  9.62302E-01  9.59821E-01
  9.57619E-01  9.53057E-01  9.48408E-01  9.43896E-01  9.39451E-01  9.35243E-01
  9.30693E-01  9.26548E-01  9.22310E-01  9.14032E-01  9.05749E-01  8.97699E-01
  8.89744E-01  8.81874E-01  8.74157E-01  8.66527E-01  8.27751E-01  8.13358E-01
  7.99322E-01  7.85404E-01  7.71697E-01  7.58199E-01  7.45029E-01  7.32047E-01
  7.50074E-01  7.25225E-01  7.01046E-01  6.77941E-01  6.55564E-01  6.33958E-01
  6.13146E-01  5.93101E-01  5.73517E-01  5.36655E-01  5.02633E-01  4.71403E-01
  4.42537E-01  4.15917E-01  3.90890E-01  3.67352E-01  3.45644E-01  3.06943E-01
  2.72384E-01  2.41993E-01  2.15798E-01  1.92317E-01  1.70555E-01  1.51696E-01
  1.36084E-01  1.05602E-01  8.14985E-02  6.43481E-02  5.36010E-02  4.87324E-02
  4.38608E-02  3.91034E-02  3.23343E-02  2.67330E-02  2.59477E-02  2.62066E-02
  2.60274E-02  2.40229E-02  2.75884E-02  2.69096E-02  2.34805E-02  2.07837E-02
  2.83879E-02  2.99811E-02  2.78754E-02  2.68303E-02  2.03074E-02  1.78339E-02
  2.35144E-02  2.51755E-02  2.14978E-02  5.39939E-04  4.63436E-03  4.54221E-03
  1.63378E-02  4.39986E-03 -6.43519E-03  1.02040E-02  1.12832E-02  4.87245E-03
 -7.90985E-03 -4.62008E-03  5.15428E-03 -6.95772E-04  5.95552E-03  5.42175E-04
  1.85089E-02  1.09040E-03  4.42754E-03 -4.57755E-03  2.07012E-03 -8.82094E-03
