AutoSaveFileName0052.ASC
 IFORMY    0    .00
 (6E13.7)
 IFORMT    0    .00
 (6E13.7)
 IFORMW    0    .00
 (6E13.7)
 NINTT     0   -1.00
 DOUSNQ    0    1.00
 IQUAD     0    1.00
 PRWT      0    1.00
 PRY       0    1.00
 IPLRES    1    3.00
 IPLRES    2    3.00
 IPRINT    1    0.00
 IPRINT    2    2.00
 IPLFIT    1    0.00
 IPLFIT    2    0.00
 LINEPG    0   50.
 NONNEG    1    1.00
 IWT       0    5.00
 NQPROG    1    5.00
 NQPROG    2    5.00
 GMNMX     1    2.30067E-02
 GMNMX     2    8.25883E-03
 RUSER    10    -1.00
 NG        0    500.00
 NLINF     0    1.00
 IUSER    10    4.00
 RUSER    21    1.0
 RUSER    22   -1.0
 RUSER    23    0.0
 RUSER    18         291.92906
 RUSER    17         39.99800
 RUSER    19         1.03231
 RUSER    15         1.33200
 RUSER    16         632.80000
 RUSER    25         1
 RUSER    26         0
 END       0    0.00
 NY      162
  7.50000E-07  8.75000E-07  1.00000E-06  1.12500E-06  1.25000E-06  1.37500E-06
  1.50000E-06  1.62500E-06  1.75000E-06  1.87500E-06  2.00000E-06  2.25000E-06
  2.50000E-06  2.75000E-06  3.00000E-06  3.25000E-06  3.50000E-06  3.75000E-06
  4.00000E-06  4.50000E-06  5.00000E-06  5.50000E-06  6.00000E-06  6.50000E-06
  7.00000E-06  7.50000E-06  8.00000E-06  9.00000E-06  1.00000E-05  1.10000E-05
  1.20000E-05  1.30000E-05  1.40000E-05  1.50000E-05  1.60000E-05  1.80000E-05
  2.00000E-05  2.20000E-05  2.40000E-05  2.60000E-05  2.80000E-05  3.00000E-05
  3.20000E-05  3.60000E-05  4.00000E-05  4.40000E-05  4.80000E-05  5.20000E-05
  5.60000E-05  6.00000E-05  6.40000E-05  7.20000E-05  8.00000E-05  8.80000E-05
  9.60000E-05  1.04000E-04  1.12000E-04  1.20000E-04  1.28000E-04  1.44000E-04
  1.60000E-04  1.76000E-04  1.92000E-04  2.08000E-04  2.24000E-04  2.40000E-04
  2.56000E-04  2.88000E-04  3.20000E-04  3.52000E-04  3.84000E-04  4.16000E-04
  4.48000E-04  4.80000E-04  5.12000E-04  5.76000E-04  6.40000E-04  7.04000E-04
  7.68000E-04  8.32000E-04  8.96000E-04  9.60000E-04  1.02400E-03  1.15200E-03
  1.28000E-03  1.40800E-03  1.53600E-03  1.66400E-03  1.79200E-03  1.92000E-03
  2.01600E-03  2.27200E-03  2.52800E-03  2.78400E-03  3.04000E-03  3.29600E-03
  3.55200E-03  3.80800E-03  4.06400E-03  4.57600E-03  5.08800E-03  5.60000E-03
  6.11200E-03  6.62400E-03  7.13600E-03  7.64800E-03  8.16000E-03  9.18400E-03
  1.02080E-02  1.12320E-02  1.22560E-02  1.32800E-02  1.43040E-02  1.53280E-02
  1.63520E-02  1.84000E-02  2.04480E-02  2.24960E-02  2.45440E-02  2.65920E-02
  2.86400E-02  3.06880E-02  3.27360E-02  3.68320E-02  4.09280E-02  4.50240E-02
  4.91200E-02  5.32160E-02  5.73120E-02  6.14080E-02  6.55040E-02  7.36960E-02
  8.18880E-02  9.00800E-02  9.82720E-02  1.06464E-01  1.14656E-01  1.22848E-01
  1.31040E-01  1.47424E-01  1.63808E-01  1.80192E-01  1.96576E-01  2.12960E-01
  2.29344E-01  2.45728E-01  2.62112E-01  2.94880E-01  3.27648E-01  3.60416E-01
  3.93184E-01  4.25952E-01  4.58720E-01  4.91488E-01  5.24256E-01  5.89792E-01
  6.55328E-01  7.20864E-01  7.86400E-01  8.51936E-01  9.17472E-01  9.83008E-01
  1.00000E+00  9.99465E-01  9.98047E-01  9.97114E-01  9.95846E-01  9.94722E-01
  9.93051E-01  9.97877E-01  9.96007E-01  9.94378E-01  9.93673E-01  9.94055E-01
  9.94229E-01  9.94183E-01  9.94233E-01  9.93611E-01  9.92790E-01  9.93101E-01
  9.92516E-01  9.92566E-01  9.92131E-01  9.92562E-01  9.92392E-01  9.90899E-01
  9.91646E-01  9.89187E-01  9.89871E-01  9.88528E-01  9.89312E-01  9.88205E-01
  9.87616E-01  9.86671E-01  9.85630E-01  9.84502E-01  9.83934E-01  9.81894E-01
  9.80961E-01  9.79697E-01  9.77595E-01  9.76496E-01  9.75136E-01  9.73088E-01
  9.72363E-01  9.69212E-01  9.66289E-01  9.63486E-01  9.60571E-01  9.57897E-01
  9.55231E-01  9.51720E-01  9.49058E-01  9.43291E-01  9.37598E-01  9.32312E-01
  9.26939E-01  9.21047E-01  9.15040E-01  9.10259E-01  9.04666E-01  8.93617E-01
  8.83281E-01  8.72531E-01  8.62580E-01  8.52124E-01  8.42327E-01  8.32322E-01
  8.22430E-01  8.03296E-01  7.84643E-01  7.66438E-01  7.48996E-01  7.31748E-01
  7.15214E-01  6.98990E-01  6.82937E-01  6.52373E-01  6.23263E-01  5.95531E-01
  5.68921E-01  5.43664E-01  5.19745E-01  4.96743E-01  4.75014E-01  4.34267E-01
  3.97038E-01  3.63095E-01  3.32489E-01  3.05280E-01  2.80190E-01  2.57041E-01
  2.42198E-01  2.04711E-01  1.72870E-01  1.45687E-01  1.23204E-01  1.04009E-01
  8.72298E-02  7.38759E-02  6.31717E-02  4.61631E-02  3.48143E-02  2.78121E-02
  2.18127E-02  1.76810E-02  1.43357E-02  1.22344E-02  9.27660E-03  3.30067E-03
  2.15492E-04 -8.41688E-04  1.46292E-03  6.51145E-03  6.09930E-03  2.41308E-03
  1.69742E-03  2.74752E-03  2.06074E-03  3.48123E-03  2.96271E-03  3.35633E-03
  1.73395E-03 -9.15525E-04  3.72274E-04  1.72311E-03  5.13327E-03  6.38007E-03
  5.02146E-03  3.12557E-03  4.75652E-03  2.03486E-03 -2.27398E-03  1.36907E-03
 -1.12975E-03 -1.27217E-03  2.80499E-03 -2.90647E-03 -1.98876E-03 -2.55103E-03
 -5.91492E-03  5.42673E-04  1.29912E-03  2.42435E-04 -3.17217E-03  5.06661E-03
  1.90421E-03 -4.80296E-03 -1.76060E-03  2.85995E-03 -4.14528E-04  1.97113E-04
  2.24144E-03 -2.83977E-04 -1.82318E-03  1.50310E-03  2.08967E-03  1.15715E-03
  1.28326E-03  1.15295E-03 -9.61691E-05  2.96288E-03  3.28370E-03  5.06553E-04
