AutoSaveFileName0208.ASC
 IFORMY    0    .00
 (6E13.7)
 IFORMT    0    .00
 (6E13.7)
 IFORMW    0    .00
 (6E13.7)
 NINTT     0   -1.00
 DOUSNQ    0    1.00
 IQUAD     0    1.00
 PRWT      0    1.00
 PRY       0    1.00
 IPLRES    1    3.00
 IPLRES    2    3.00
 IPRINT    1    0.00
 IPRINT    2    2.00
 IPLFIT    1    0.00
 IPLFIT    2    0.00
 LINEPG    0   50.
 NONNEG    1    1.00
 IWT       0    5.00
 NQPROG    1    5.00
 NQPROG    2    5.00
 GMNMX     1    3.76747E-03
 GMNMX     2    1.35242E-03
 RUSER    10    -1.00
 NG        0    500.00
 NLINF     0    1.00
 IUSER    10    4.00
 RUSER    21    1.0
 RUSER    22   -1.0
 RUSER    23    0.0
 RUSER    18         292.07705
 RUSER    17         114.99900
 RUSER    19         1.02853
 RUSER    15         1.33200
 RUSER    16         632.80000
 RUSER    25         1
 RUSER    26         0
 END       0    0.00
 NY      162
  7.50000E-07  8.75000E-07  1.00000E-06  1.12500E-06  1.25000E-06  1.37500E-06
  1.50000E-06  1.62500E-06  1.75000E-06  1.87500E-06  2.00000E-06  2.25000E-06
  2.50000E-06  2.75000E-06  3.00000E-06  3.25000E-06  3.50000E-06  3.75000E-06
  4.00000E-06  4.50000E-06  5.00000E-06  5.50000E-06  6.00000E-06  6.50000E-06
  7.00000E-06  7.50000E-06  8.00000E-06  9.00000E-06  1.00000E-05  1.10000E-05
  1.20000E-05  1.30000E-05  1.40000E-05  1.50000E-05  1.60000E-05  1.80000E-05
  2.00000E-05  2.20000E-05  2.40000E-05  2.60000E-05  2.80000E-05  3.00000E-05
  3.20000E-05  3.60000E-05  4.00000E-05  4.40000E-05  4.80000E-05  5.20000E-05
  5.60000E-05  6.00000E-05  6.40000E-05  7.20000E-05  8.00000E-05  8.80000E-05
  9.60000E-05  1.04000E-04  1.12000E-04  1.20000E-04  1.28000E-04  1.44000E-04
  1.60000E-04  1.76000E-04  1.92000E-04  2.08000E-04  2.24000E-04  2.40000E-04
  2.56000E-04  2.88000E-04  3.20000E-04  3.52000E-04  3.84000E-04  4.16000E-04
  4.48000E-04  4.80000E-04  5.12000E-04  5.76000E-04  6.40000E-04  7.04000E-04
  7.68000E-04  8.32000E-04  8.96000E-04  9.60000E-04  1.02400E-03  1.15200E-03
  1.28000E-03  1.40800E-03  1.53600E-03  1.66400E-03  1.79200E-03  1.92000E-03
  2.01600E-03  2.27200E-03  2.52800E-03  2.78400E-03  3.04000E-03  3.29600E-03
  3.55200E-03  3.80800E-03  4.06400E-03  4.57600E-03  5.08800E-03  5.60000E-03
  6.11200E-03  6.62400E-03  7.13600E-03  7.64800E-03  8.16000E-03  9.18400E-03
  1.02080E-02  1.12320E-02  1.22560E-02  1.32800E-02  1.43040E-02  1.53280E-02
  1.63520E-02  1.84000E-02  2.04480E-02  2.24960E-02  2.45440E-02  2.65920E-02
  2.86400E-02  3.06880E-02  3.27360E-02  3.68320E-02  4.09280E-02  4.50240E-02
  4.91200E-02  5.32160E-02  5.73120E-02  6.14080E-02  6.55040E-02  7.36960E-02
  8.18880E-02  9.00800E-02  9.82720E-02  1.06464E-01  1.14656E-01  1.22848E-01
  1.31040E-01  1.47424E-01  1.63808E-01  1.80192E-01  1.96576E-01  2.12960E-01
  2.29344E-01  2.45728E-01  2.62112E-01  2.94880E-01  3.27648E-01  3.60416E-01
  3.93184E-01  4.25952E-01  4.58720E-01  4.91488E-01  5.24256E-01  5.89792E-01
  6.55328E-01  7.20864E-01  7.86400E-01  8.51936E-01  9.17472E-01  9.83008E-01
  9.98026E-01  1.00000E+00  9.98593E-01  9.94929E-01  9.95751E-01  9.92869E-01
  9.95166E-01  9.91682E-01  9.93543E-01  9.90211E-01  9.90851E-01  9.89092E-01
  9.88361E-01  9.87332E-01  9.87508E-01  9.86216E-01  9.83456E-01  9.82662E-01
  9.80319E-01  9.78859E-01  9.75886E-01  9.74560E-01  9.71094E-01  9.69726E-01
  9.67200E-01  9.64317E-01  9.62136E-01  9.58006E-01  9.53510E-01  9.49223E-01
  9.45582E-01  9.40140E-01  9.36237E-01  9.30538E-01  9.26494E-01  9.17964E-01
  9.08887E-01  9.00630E-01  8.92512E-01  8.82935E-01  8.74727E-01  8.66308E-01
  8.58296E-01  8.42313E-01  8.26057E-01  8.11295E-01  7.95351E-01  7.80362E-01
  7.65494E-01  7.51365E-01  7.36885E-01  7.09257E-01  6.82657E-01  6.57107E-01
  6.32170E-01  6.08808E-01  5.85489E-01  5.64000E-01  5.43346E-01  5.03729E-01
  4.67071E-01  4.32751E-01  4.01262E-01  3.72087E-01  3.44888E-01  3.19443E-01
  2.96534E-01  2.54877E-01  2.18909E-01  1.87863E-01  1.61176E-01  1.38461E-01
  1.18819E-01  1.02230E-01  8.82275E-02  6.53939E-02  4.87400E-02  3.60150E-02
  2.68174E-02  2.00656E-02  1.48306E-02  1.09571E-02  8.22754E-03  4.33618E-03
  2.52187E-03  1.27907E-03  8.19481E-04  9.25260E-04  1.44993E-03  9.73787E-04
  7.60107E-04  1.69564E-04 -3.85714E-04 -5.56774E-04 -5.91224E-04 -4.85510E-04
 -1.09688E-04  1.90343E-04  1.43152E-03  8.42332E-04  3.80654E-04  1.26063E-03
 -3.37067E-04 -2.24281E-06 -6.07669E-04 -2.44398E-04  6.14652E-05 -4.67897E-04
  1.10012E-04 -1.75047E-04  9.25925E-04 -5.38762E-04 -3.71906E-04  5.09970E-04
  1.63419E-04  7.22964E-04 -5.48220E-05 -3.52248E-04 -1.51536E-04  4.09931E-04
  5.32086E-05  2.12821E-04 -1.96756E-04 -3.28244E-04 -2.17840E-04 -2.56621E-05
  4.96523E-04 -6.52368E-04 -6.03977E-04  5.83281E-04  7.29544E-04  2.53487E-05
  3.94333E-04 -6.58382E-04 -1.68009E-04 -1.30165E-04  7.96348E-06 -1.36230E-04
 -8.11873E-05 -1.39941E-04 -2.96295E-04  2.09995E-04 -2.90037E-04 -2.82275E-05
 -1.02772E-04  1.18160E-04  2.03115E-04 -5.55424E-05 -3.67729E-05  8.72067E-05
  2.71804E-05  1.48671E-04 -7.15168E-05 -1.54941E-04 -8.96218E-05 -8.72988E-05
 -8.75630E-05 -9.32323E-05 -8.09751E-05 -2.72892E-05  9.88700E-05 -8.78744E-05
