AutoSaveFileName0381.ASC
 IFORMY    0    .00
 (6E13.7)
 IFORMT    0    .00
 (6E13.7)
 IFORMW    0    .00
 (6E13.7)
 NINTT     0   -1.00
 DOUSNQ    0    1.00
 IQUAD          1.00
 PRWT      0    1.00
 PRY       0    1.00
 IPLRES    1    3.00
 IPLRES    2    3.00
 IPRINT    1    0.00
 IPRINT    2    2.00
 IPLFIT    1    0.00
 IPLFIT    2    0.00
 LINEPG    0   50.
 NONNEG    1    1.00
 IWT       0    5.00
 NQPROG    1    5.00
 NQPROG    2    5.00
 GMNMX     1    7.635E-06
 GMNMX     2    7.635E-03
 RUSER    10    -1.00
 NG        0    200.00
 NLINF     0    0.00
 IUSER    10    4.00
 RUSER    21    1.0
 RUSER    22   -1.0
 RUSER    23    0.0
 RUSER    18         292.31417
 RUSER    17         141.99900
 RUSER    19         1.02252
 RUSER    15         1.33200
 RUSER    16         632.80000
 RUSER    25         1
 RUSER    26         0
 END       0    0.00
 NY      131
  3.75000E-07  5.00000E-07  6.25000E-07  7.50000E-07  8.75000E-07  1.00000E-06
  1.12500E-06  1.25000E-06  1.37500E-06  1.50000E-06  1.62500E-06  1.75000E-06
  1.87500E-06  2.00000E-06  2.25000E-06  2.50000E-06  2.75000E-06  3.00000E-06
  3.25000E-06  3.50000E-06  3.75000E-06  4.00000E-06  4.50000E-06  5.00000E-06
  5.50000E-06  6.00000E-06  6.50000E-06  7.00000E-06  7.50000E-06  8.00000E-06
  9.00000E-06  1.00000E-05  1.10000E-05  1.20000E-05  1.30000E-05  1.40000E-05
  1.50000E-05  1.60000E-05  1.80000E-05  2.00000E-05  2.20000E-05  2.40000E-05
  2.60000E-05  2.80000E-05  3.00000E-05  3.20000E-05  3.60000E-05  4.00000E-05
  4.40000E-05  4.80000E-05  5.20000E-05  5.60000E-05  6.00000E-05  6.40000E-05
  7.20000E-05  8.00000E-05  8.80000E-05  9.60000E-05  1.04000E-04  1.12000E-04
  1.20000E-04  1.28000E-04  1.44000E-04  1.60000E-04  1.76000E-04  1.92000E-04
  2.08000E-04  2.24000E-04  2.40000E-04  2.56000E-04  2.88000E-04  3.20000E-04
  3.52000E-04  3.84000E-04  4.16000E-04  4.48000E-04  4.80000E-04  5.12000E-04
  5.76000E-04  6.40000E-04  7.04000E-04  7.68000E-04  8.32000E-04  8.96000E-04
  9.60000E-04  1.02400E-03  1.15200E-03  1.28000E-03  1.40800E-03  1.53600E-03
  1.66400E-03  1.79200E-03  1.92000E-03  2.01600E-03  2.27200E-03  2.52800E-03
  2.78400E-03  3.04000E-03  3.29600E-03  3.55200E-03  3.80800E-03  4.06400E-03
  4.57600E-03  5.08800E-03  5.60000E-03  6.11200E-03  6.62400E-03  7.13600E-03
  7.64800E-03  8.16000E-03  9.18400E-03  1.02080E-02  1.12320E-02  1.22560E-02
  1.32800E-02  1.43040E-02  1.53280E-02  1.63520E-02  1.84000E-02  2.04480E-02
  2.24960E-02  2.45440E-02  2.65920E-02  2.86400E-02  3.06880E-02  3.27360E-02
  3.68320E-02  4.09280E-02  4.50240E-02  4.91200E-02  5.32160E-02
  8.22525E-01  8.16570E-01  8.10908E-01  8.03692E-01  8.07250E-01  8.07584E-01
  8.12252E-01  8.08669E-01  8.12202E-01  8.08962E-01  8.06105E-01  8.08770E-01
  8.02706E-01  8.03677E-01  8.09791E-01  8.06191E-01  8.09565E-01  8.06128E-01
  8.06395E-01  8.00828E-01  8.02227E-01  8.04556E-01  8.06911E-01  8.05593E-01
  8.03131E-01  8.03112E-01  8.02987E-01  8.05081E-01  8.04540E-01  8.02168E-01
  8.02130E-01  8.00929E-01  8.02699E-01  8.00152E-01  7.99715E-01  8.00401E-01
  7.97267E-01  7.97040E-01  7.96751E-01  7.94443E-01  7.93443E-01  7.93573E-01
  7.91533E-01  7.90231E-01  7.89123E-01  7.88339E-01  7.86700E-01  7.83601E-01
  7.81328E-01  7.78767E-01  7.77757E-01  7.74934E-01  7.71891E-01  7.70002E-01
  7.65253E-01  7.61887E-01  7.57201E-01  7.52232E-01  7.48156E-01  7.44000E-01
  7.39622E-01  7.34713E-01  7.26417E-01  7.18349E-01  7.10263E-01  7.01878E-01
  6.93524E-01  6.85397E-01  6.77992E-01  6.70455E-01  6.55066E-01  6.40601E-01
  6.26446E-01  6.12791E-01  5.98864E-01  5.85698E-01  5.73237E-01  5.60114E-01
  5.36197E-01  5.12840E-01  4.90871E-01  4.69966E-01  4.50857E-01  4.32475E-01
  4.14924E-01  3.98530E-01  3.68137E-01  3.41119E-01  3.17432E-01  2.96100E-01
  2.76713E-01  2.58495E-01  2.41371E-01  2.29987E-01  2.01747E-01  1.78710E-01
  1.59253E-01  1.43499E-01  1.30229E-01  1.19044E-01  1.08603E-01  9.96486E-02
  8.68186E-02  7.69180E-02  6.91645E-02  6.28154E-02  5.65512E-02  4.98321E-02
  4.39826E-02  4.02685E-02  3.35895E-02  2.60173E-02  2.27184E-02  2.10132E-02
  1.99062E-02  8.89017E-03  2.48674E-03  6.84808E-03  1.32950E-02  1.55965E-02
  1.37441E-02  1.00807E-02  1.33843E-02  1.44661E-02  1.27716E-02  1.48543E-02
  7.44674E-03  6.50581E-03  1.07100E-03  3.51352E-03 -4.37044E-03
