AutoSaveFileName0020.ASC
 IFORMY    0    .00
 (6E13.7)
 IFORMT    0    .00
 (6E13.7)
 IFORMW    0    .00
 (6E13.7)
 NINTT     0   -1.00
 DOUSNQ    0    1.00
 IQUAD          1.00
 PRWT      0    1.00
 PRY       0    1.00
 IPLRES    1    3.00
 IPLRES    2    3.00
 IPRINT    1    0.00
 IPRINT    2    2.00
 IPLFIT    1    0.00
 IPLFIT    2    0.00
 LINEPG    0   50.
 NONNEG    1    1.00
 IWT       0    5.00
 NQPROG    1    5.00
 NQPROG    2    5.00
 GMNMX     1    2.085E-04
 GMNMX     2    2.085E-01
 RUSER    10    -1.00
 NG        0    200.00
 NLINF     0    0.00
 IUSER    10    4.00
 RUSER    21    1.0
 RUSER    22   -1.0
 RUSER    23    0.0
 RUSER    18         291.81066
 RUSER    17         20.99900
 RUSER    19         1.03535
 RUSER    15         1.33200
 RUSER    16         632.80000
 RUSER    25         1
 RUSER    26         0
 END       0    0.00
 NY      131
  3.75000E-07  5.00000E-07  6.25000E-07  7.50000E-07  8.75000E-07  1.00000E-06
  1.12500E-06  1.25000E-06  1.37500E-06  1.50000E-06  1.62500E-06  1.75000E-06
  1.87500E-06  2.00000E-06  2.25000E-06  2.50000E-06  2.75000E-06  3.00000E-06
  3.25000E-06  3.50000E-06  3.75000E-06  4.00000E-06  4.50000E-06  5.00000E-06
  5.50000E-06  6.00000E-06  6.50000E-06  7.00000E-06  7.50000E-06  8.00000E-06
  9.00000E-06  1.00000E-05  1.10000E-05  1.20000E-05  1.30000E-05  1.40000E-05
  1.50000E-05  1.60000E-05  1.80000E-05  2.00000E-05  2.20000E-05  2.40000E-05
  2.60000E-05  2.80000E-05  3.00000E-05  3.20000E-05  3.60000E-05  4.00000E-05
  4.40000E-05  4.80000E-05  5.20000E-05  5.60000E-05  6.00000E-05  6.40000E-05
  7.20000E-05  8.00000E-05  8.80000E-05  9.60000E-05  1.04000E-04  1.12000E-04
  1.20000E-04  1.28000E-04  1.44000E-04  1.60000E-04  1.76000E-04  1.92000E-04
  2.08000E-04  2.24000E-04  2.40000E-04  2.56000E-04  2.88000E-04  3.20000E-04
  3.52000E-04  3.84000E-04  4.16000E-04  4.48000E-04  4.80000E-04  5.12000E-04
  5.76000E-04  6.40000E-04  7.04000E-04  7.68000E-04  8.32000E-04  8.96000E-04
  9.60000E-04  1.02400E-03  1.15200E-03  1.28000E-03  1.40800E-03  1.53600E-03
  1.66400E-03  1.79200E-03  1.92000E-03  2.01600E-03  2.27200E-03  2.52800E-03
  2.78400E-03  3.04000E-03  3.29600E-03  3.55200E-03  3.80800E-03  4.06400E-03
  4.57600E-03  5.08800E-03  5.60000E-03  6.11200E-03  6.62400E-03  7.13600E-03
  7.64800E-03  8.16000E-03  9.18400E-03  1.02080E-02  1.12320E-02  1.22560E-02
  1.32800E-02  1.43040E-02  1.53280E-02  1.63520E-02  1.84000E-02  2.04480E-02
  2.24960E-02  2.45440E-02  2.65920E-02  2.86400E-02  3.06880E-02  3.27360E-02
  3.68320E-02  4.09280E-02  4.50240E-02  4.91200E-02  5.32160E-02
  2.21929E+00  2.21764E+00  2.21562E+00  2.21334E+00  2.21282E+00  2.21501E+00
  2.21291E+00  2.21534E+00  2.21352E+00  2.21064E+00  2.21211E+00  2.21329E+00
  2.21419E+00  2.21183E+00  2.21182E+00  2.21176E+00  2.21282E+00  2.21254E+00
  2.21119E+00  2.21223E+00  2.21127E+00  2.21219E+00  2.21174E+00  2.21272E+00
  2.21194E+00  2.21198E+00  2.21222E+00  2.21226E+00  2.21228E+00  2.21199E+00
  2.21224E+00  2.21116E+00  2.21225E+00  2.21146E+00  2.21140E+00  2.21173E+00
  2.21080E+00  2.21095E+00  2.21117E+00  2.21071E+00  2.21128E+00  2.21082E+00
  2.21029E+00  2.21046E+00  2.21055E+00  2.21000E+00  2.21034E+00  2.21005E+00
  2.20910E+00  2.20867E+00  2.20843E+00  2.20824E+00  2.20790E+00  2.20765E+00
  2.20719E+00  2.20636E+00  2.20570E+00  2.20512E+00  2.20435E+00  2.20421E+00
  2.20346E+00  2.20247E+00  2.20119E+00  2.20003E+00  2.19876E+00  2.19772E+00
  2.19617E+00  2.19481E+00  2.19381E+00  2.19231E+00  2.18975E+00  2.18736E+00
  2.18490E+00  2.18234E+00  2.17988E+00  2.17746E+00  2.17497E+00  2.16541E+00
  2.16053E+00  2.15574E+00  2.15087E+00  2.14598E+00  2.14122E+00  2.13648E+00
  2.13177E+00  1.68400E+00  1.67547E+00  1.66713E+00  1.65884E+00  1.65058E+00
  1.64248E+00  1.63430E+00  1.62621E+00  2.06693E+00  2.04815E+00  2.02948E+00
  2.01113E+00  1.99312E+00  1.97515E+00  1.95725E+00  1.93975E+00  1.92199E+00
  1.88811E+00  1.85482E+00  1.82210E+00  1.78994E+00  1.75825E+00  1.72697E+00
  1.69621E+00  1.66539E+00  1.60641E+00  1.55058E+00  1.49699E+00  1.44528E+00
  1.39557E+00  1.34812E+00  1.30213E+00  1.25642E+00  1.17119E+00  1.09276E+00
  1.01989E+00  9.51904E-01  8.89628E-01  8.31924E-01  7.79270E-01  7.26514E-01
  6.25518E-01  5.34226E-01  4.55668E-01  3.84565E-01  3.25122E-01
