AutoSaveFileName0237.ASC
 IFORMY    0    .00
 (6E13.7)
 IFORMT    0    .00
 (6E13.7)
 IFORMW    0    .00
 (6E13.7)
 NINTT     0   -1.00
 DOUSNQ    0    1.00
 IQUAD          1.00
 PRWT      0    1.00
 PRY       0    1.00
 IPLRES    1    3.00
 IPLRES    2    3.00
 IPRINT    1    0.00
 IPRINT    2    2.00
 IPLFIT    1    0.00
 IPLFIT    2    0.00
 LINEPG    0   50.
 NONNEG    1    1.00
 IWT       0    5.00
 NQPROG    1    5.00
 NQPROG    2    5.00
 GMNMX     1    1.285E-05
 GMNMX     2    1.285E-02
 RUSER    10    -1.00
 NG        0    200.00
 NLINF     0    0.00
 IUSER    10    4.00
 RUSER    21    1.0
 RUSER    22   -1.0
 RUSER    23    0.0
 RUSER    18         292.07927
 RUSER    17         93.99900
 RUSER    19         1.02848
 RUSER    15         1.33200
 RUSER    16         632.80000
 RUSER    25         1
 RUSER    26         0
 END       0    0.00
 NY      131
  3.75000E-07  5.00000E-07  6.25000E-07  7.50000E-07  8.75000E-07  1.00000E-06
  1.12500E-06  1.25000E-06  1.37500E-06  1.50000E-06  1.62500E-06  1.75000E-06
  1.87500E-06  2.00000E-06  2.25000E-06  2.50000E-06  2.75000E-06  3.00000E-06
  3.25000E-06  3.50000E-06  3.75000E-06  4.00000E-06  4.50000E-06  5.00000E-06
  5.50000E-06  6.00000E-06  6.50000E-06  7.00000E-06  7.50000E-06  8.00000E-06
  9.00000E-06  1.00000E-05  1.10000E-05  1.20000E-05  1.30000E-05  1.40000E-05
  1.50000E-05  1.60000E-05  1.80000E-05  2.00000E-05  2.20000E-05  2.40000E-05
  2.60000E-05  2.80000E-05  3.00000E-05  3.20000E-05  3.60000E-05  4.00000E-05
  4.40000E-05  4.80000E-05  5.20000E-05  5.60000E-05  6.00000E-05  6.40000E-05
  7.20000E-05  8.00000E-05  8.80000E-05  9.60000E-05  1.04000E-04  1.12000E-04
  1.20000E-04  1.28000E-04  1.44000E-04  1.60000E-04  1.76000E-04  1.92000E-04
  2.08000E-04  2.24000E-04  2.40000E-04  2.56000E-04  2.88000E-04  3.20000E-04
  3.52000E-04  3.84000E-04  4.16000E-04  4.48000E-04  4.80000E-04  5.12000E-04
  5.76000E-04  6.40000E-04  7.04000E-04  7.68000E-04  8.32000E-04  8.96000E-04
  9.60000E-04  1.02400E-03  1.15200E-03  1.28000E-03  1.40800E-03  1.53600E-03
  1.66400E-03  1.79200E-03  1.92000E-03  2.01600E-03  2.27200E-03  2.52800E-03
  2.78400E-03  3.04000E-03  3.29600E-03  3.55200E-03  3.80800E-03  4.06400E-03
  4.57600E-03  5.08800E-03  5.60000E-03  6.11200E-03  6.62400E-03  7.13600E-03
  7.64800E-03  8.16000E-03  9.18400E-03  1.02080E-02  1.12320E-02  1.22560E-02
  1.32800E-02  1.43040E-02  1.53280E-02  1.63520E-02  1.84000E-02  2.04480E-02
  2.24960E-02  2.45440E-02  2.65920E-02  2.86400E-02  3.06880E-02  3.27360E-02
  3.68320E-02  4.09280E-02  4.50240E-02  4.91200E-02  5.32160E-02
  8.08921E-01  8.09427E-01  8.07054E-01  8.03395E-01  8.07151E-01  8.07331E-01
  8.06029E-01  8.03739E-01  8.02743E-01  8.06720E-01  7.99843E-01  8.03362E-01
  8.07157E-01  8.05916E-01  8.05572E-01  8.03614E-01  8.05975E-01  8.03808E-01
  8.05164E-01  8.04011E-01  8.05787E-01  8.02388E-01  8.04810E-01  8.03382E-01
  8.01932E-01  8.03931E-01  8.03439E-01  8.03478E-01  8.02540E-01  8.00606E-01
  8.01605E-01  8.00904E-01  7.99426E-01  8.00539E-01  7.99540E-01  7.99253E-01
  7.99282E-01  7.97743E-01  7.97461E-01  7.96085E-01  7.95386E-01  7.94838E-01
  7.94185E-01  7.92666E-01  7.91123E-01  7.90649E-01  7.89184E-01  7.87824E-01
  7.85975E-01  7.84408E-01  7.82420E-01  7.79898E-01  7.78276E-01  7.76333E-01
  7.72741E-01  7.69578E-01  7.66686E-01  7.62802E-01  7.59150E-01  7.55554E-01
  7.52443E-01  7.49057E-01  7.42066E-01  7.35382E-01  7.29117E-01  7.22056E-01
  7.15672E-01  7.09459E-01  7.03064E-01  6.96777E-01  6.84144E-01  6.71961E-01
  6.59601E-01  6.47877E-01  6.36570E-01  6.25192E-01  6.14112E-01  6.03200E-01
  5.82058E-01  5.61688E-01  5.41795E-01  5.22804E-01  5.04909E-01  4.87405E-01
  4.70691E-01  4.54711E-01  4.24303E-01  3.96205E-01  3.69822E-01  3.45367E-01
  3.23006E-01  3.02208E-01  2.82656E-01  2.67941E-01  2.34492E-01  2.04847E-01
  1.79357E-01  1.57656E-01  1.38784E-01  1.21829E-01  1.06278E-01  9.31516E-02
  7.10248E-02  5.50332E-02  4.10799E-02  2.87469E-02  1.77967E-02  1.12741E-02
  8.76130E-03  9.22888E-03  7.92609E-03  6.95347E-03  2.71564E-03  4.86062E-04
  3.80934E-04  8.18299E-04  1.07836E-03  1.01203E-03  1.00873E-03  7.74246E-03
  4.08035E-03 -7.38012E-03 -1.23181E-02 -6.99910E-03 -3.18503E-03 -5.28818E-03
  1.38564E-03  6.77237E-03  5.44170E-03  7.40454E-03  7.92181E-03
