AutoSaveFileName0169.ASC
 IFORMY    0    .00
 (6E13.7)
 IFORMT    0    .00
 (6E13.7)
 IFORMW    0    .00
 (6E13.7)
 NINTT     0   -1.00
 DOUSNQ    0    1.00
 IQUAD     0    1.00
 PRWT      0    1.00
 PRY       0    1.00
 IPLRES    1    3.00
 IPLRES    2    3.00
 IPRINT    1    0.00
 IPRINT    2    2.00
 IPLFIT    1    0.00
 IPLFIT    2    0.00
 LINEPG    0   50.
 NONNEG    1    1.00
 IWT       0    5.00
 NQPROG    1    5.00
 NQPROG    2    5.00
 GMNMX     1    4.93678E-03
 GMNMX     2    1.77218E-03
 RUSER    10    -1.00
 NG        0    500.00
 NLINF     0    1.00
 IUSER    10    4.00
 RUSER    21    1.0
 RUSER    22   -1.0
 RUSER    23    0.0
 RUSER    18         292.02859
 RUSER    17         94.99900
 RUSER    19         1.02977
 RUSER    15         1.33200
 RUSER    16         632.80000
 RUSER    25         1
 RUSER    26         0
 END       0    0.00
 NY      162
  7.50000E-07  8.75000E-07  1.00000E-06  1.12500E-06  1.25000E-06  1.37500E-06
  1.50000E-06  1.62500E-06  1.75000E-06  1.87500E-06  2.00000E-06  2.25000E-06
  2.50000E-06  2.75000E-06  3.00000E-06  3.25000E-06  3.50000E-06  3.75000E-06
  4.00000E-06  4.50000E-06  5.00000E-06  5.50000E-06  6.00000E-06  6.50000E-06
  7.00000E-06  7.50000E-06  8.00000E-06  9.00000E-06  1.00000E-05  1.10000E-05
  1.20000E-05  1.30000E-05  1.40000E-05  1.50000E-05  1.60000E-05  1.80000E-05
  2.00000E-05  2.20000E-05  2.40000E-05  2.60000E-05  2.80000E-05  3.00000E-05
  3.20000E-05  3.60000E-05  4.00000E-05  4.40000E-05  4.80000E-05  5.20000E-05
  5.60000E-05  6.00000E-05  6.40000E-05  7.20000E-05  8.00000E-05  8.80000E-05
  9.60000E-05  1.04000E-04  1.12000E-04  1.20000E-04  1.28000E-04  1.44000E-04
  1.60000E-04  1.76000E-04  1.92000E-04  2.08000E-04  2.24000E-04  2.40000E-04
  2.56000E-04  2.88000E-04  3.20000E-04  3.52000E-04  3.84000E-04  4.16000E-04
  4.48000E-04  4.80000E-04  5.12000E-04  5.76000E-04  6.40000E-04  7.04000E-04
  7.68000E-04  8.32000E-04  8.96000E-04  9.60000E-04  1.02400E-03  1.15200E-03
  1.28000E-03  1.40800E-03  1.53600E-03  1.66400E-03  1.79200E-03  1.92000E-03
  2.01600E-03  2.27200E-03  2.52800E-03  2.78400E-03  3.04000E-03  3.29600E-03
  3.55200E-03  3.80800E-03  4.06400E-03  4.57600E-03  5.08800E-03  5.60000E-03
  6.11200E-03  6.62400E-03  7.13600E-03  7.64800E-03  8.16000E-03  9.18400E-03
  1.02080E-02  1.12320E-02  1.22560E-02  1.32800E-02  1.43040E-02  1.53280E-02
  1.63520E-02  1.84000E-02  2.04480E-02  2.24960E-02  2.45440E-02  2.65920E-02
  2.86400E-02  3.06880E-02  3.27360E-02  3.68320E-02  4.09280E-02  4.50240E-02
  4.91200E-02  5.32160E-02  5.73120E-02  6.14080E-02  6.55040E-02  7.36960E-02
  8.18880E-02  9.00800E-02  9.82720E-02  1.06464E-01  1.14656E-01  1.22848E-01
  1.31040E-01  1.47424E-01  1.63808E-01  1.80192E-01  1.96576E-01  2.12960E-01
  2.29344E-01  2.45728E-01  2.62112E-01  2.94880E-01  3.27648E-01  3.60416E-01
  3.93184E-01  4.25952E-01  4.58720E-01  4.91488E-01  5.24256E-01  5.89792E-01
  6.55328E-01  7.20864E-01  7.86400E-01  8.51936E-01  9.17472E-01  9.83008E-01
  1.00000E+00  9.97895E-01  9.99480E-01  9.96250E-01  9.95962E-01  9.93583E-01
  9.93669E-01  9.95128E-01  9.93134E-01  9.90719E-01  9.92087E-01  9.90325E-01
  9.91374E-01  9.88222E-01  9.89235E-01  9.87389E-01  9.86088E-01  9.84654E-01
  9.85047E-01  9.83079E-01  9.81084E-01  9.79989E-01  9.76597E-01  9.75630E-01
  9.74765E-01  9.73756E-01  9.70686E-01  9.67334E-01  9.63566E-01  9.59729E-01
  9.56809E-01  9.53521E-01  9.49934E-01  9.46563E-01  9.43430E-01  9.36472E-01
  9.30030E-01  9.22893E-01  9.15743E-01  9.09430E-01  9.02953E-01  8.96282E-01
  8.90195E-01  8.76800E-01  8.64446E-01  8.52302E-01  8.39356E-01  8.27891E-01
  8.15461E-01  8.03330E-01  7.92040E-01  7.69512E-01  7.47526E-01  7.26489E-01
  7.05379E-01  6.85391E-01  6.65796E-01  6.46883E-01  6.28622E-01  5.92816E-01
  5.59768E-01  5.28337E-01  4.98607E-01  4.70922E-01  4.44540E-01  4.20155E-01
  3.97007E-01  3.53762E-01  3.15450E-01  2.81298E-01  2.50863E-01  2.23718E-01
  1.99688E-01  1.77984E-01  1.59431E-01  1.26928E-01  1.00892E-01  8.06090E-02
  6.43923E-02  5.18660E-02  4.19467E-02  3.42000E-02  2.79722E-02  1.80992E-02
  1.14040E-02  6.82779E-03  3.99452E-03  2.49748E-03  1.43632E-03  6.09417E-04
  2.41609E-04 -3.76050E-04 -5.33127E-04 -1.19542E-03 -7.26397E-04  1.81138E-04
  3.80976E-04 -7.14107E-05  4.11652E-04  1.27237E-03 -1.26255E-05  3.45567E-04
  7.68816E-04  6.56446E-04  3.90860E-04  1.02260E-05  2.05077E-04  3.95238E-04
 -9.36843E-05 -6.14662E-04  4.73228E-04  3.11426E-04 -5.61710E-04 -7.62970E-05
 -2.91954E-04  4.92535E-05  4.89638E-05 -1.23315E-03  4.54232E-04  4.61863E-04
 -1.12388E-03 -2.06126E-04  1.18777E-04  5.54097E-04  4.79646E-04  7.26629E-04
  8.95181E-05 -6.17049E-04 -1.04263E-03 -2.84876E-04 -6.10421E-04 -8.25185E-04
  6.44093E-05  1.77839E-04  9.70953E-04 -7.63501E-04  1.35712E-04 -1.76057E-04
  2.66090E-04 -6.41107E-06  1.52724E-04 -1.20970E-04 -9.67810E-05  3.62947E-04
  3.06090E-04  2.76316E-05  2.49313E-05  1.56067E-04 -5.65572E-05  4.24837E-04
 -3.81099E-04  1.95071E-04 -3.13432E-04  1.54680E-04 -7.67487E-05  1.71421E-04
  7.99806E-05  2.35210E-04 -2.55925E-04  1.11861E-04 -5.82021E-05 -4.94858E-05
