AutoSaveFileName0159.ASC
 IFORMY    0    .00
 (6E13.7)
 IFORMT    0    .00
 (6E13.7)
 IFORMW    0    .00
 (6E13.7)
 NINTT     0   -1.00
 DOUSNQ    0    1.00
 IQUAD     0    1.00
 PRWT      0    1.00
 PRY       0    1.00
 IPLRES    1    3.00
 IPLRES    2    3.00
 IPRINT    1    0.00
 IPRINT    2    2.00
 IPLFIT    1    0.00
 IPLFIT    2    0.00
 LINEPG    0   50.
 NONNEG    1    1.00
 IWT       0    5.00
 NQPROG    1    5.00
 NQPROG    2    5.00
 GMNMX     1    5.36878E-03
 GMNMX     2    1.92725E-03
 RUSER    10    -1.00
 NG        0    500.00
 NLINF     0    1.00
 IUSER    10    4.00
 RUSER    21    1.0
 RUSER    22   -1.0
 RUSER    23    0.0
 RUSER    18         292.01714
 RUSER    17         89.99900
 RUSER    19         1.03006
 RUSER    15         1.33200
 RUSER    16         632.80000
 RUSER    25         1
 RUSER    26         0
 END       0    0.00
 NY      162
  7.50000E-07  8.75000E-07  1.00000E-06  1.12500E-06  1.25000E-06  1.37500E-06
  1.50000E-06  1.62500E-06  1.75000E-06  1.87500E-06  2.00000E-06  2.25000E-06
  2.50000E-06  2.75000E-06  3.00000E-06  3.25000E-06  3.50000E-06  3.75000E-06
  4.00000E-06  4.50000E-06  5.00000E-06  5.50000E-06  6.00000E-06  6.50000E-06
  7.00000E-06  7.50000E-06  8.00000E-06  9.00000E-06  1.00000E-05  1.10000E-05
  1.20000E-05  1.30000E-05  1.40000E-05  1.50000E-05  1.60000E-05  1.80000E-05
  2.00000E-05  2.20000E-05  2.40000E-05  2.60000E-05  2.80000E-05  3.00000E-05
  3.20000E-05  3.60000E-05  4.00000E-05  4.40000E-05  4.80000E-05  5.20000E-05
  5.60000E-05  6.00000E-05  6.40000E-05  7.20000E-05  8.00000E-05  8.80000E-05
  9.60000E-05  1.04000E-04  1.12000E-04  1.20000E-04  1.28000E-04  1.44000E-04
  1.60000E-04  1.76000E-04  1.92000E-04  2.08000E-04  2.24000E-04  2.40000E-04
  2.56000E-04  2.88000E-04  3.20000E-04  3.52000E-04  3.84000E-04  4.16000E-04
  4.48000E-04  4.80000E-04  5.12000E-04  5.76000E-04  6.40000E-04  7.04000E-04
  7.68000E-04  8.32000E-04  8.96000E-04  9.60000E-04  1.02400E-03  1.15200E-03
  1.28000E-03  1.40800E-03  1.53600E-03  1.66400E-03  1.79200E-03  1.92000E-03
  2.01600E-03  2.27200E-03  2.52800E-03  2.78400E-03  3.04000E-03  3.29600E-03
  3.55200E-03  3.80800E-03  4.06400E-03  4.57600E-03  5.08800E-03  5.60000E-03
  6.11200E-03  6.62400E-03  7.13600E-03  7.64800E-03  8.16000E-03  9.18400E-03
  1.02080E-02  1.12320E-02  1.22560E-02  1.32800E-02  1.43040E-02  1.53280E-02
  1.63520E-02  1.84000E-02  2.04480E-02  2.24960E-02  2.45440E-02  2.65920E-02
  2.86400E-02  3.06880E-02  3.27360E-02  3.68320E-02  4.09280E-02  4.50240E-02
  4.91200E-02  5.32160E-02  5.73120E-02  6.14080E-02  6.55040E-02  7.36960E-02
  8.18880E-02  9.00800E-02  9.82720E-02  1.06464E-01  1.14656E-01  1.22848E-01
  1.31040E-01  1.47424E-01  1.63808E-01  1.80192E-01  1.96576E-01  2.12960E-01
  2.29344E-01  2.45728E-01  2.62112E-01  2.94880E-01  3.27648E-01  3.60416E-01
  3.93184E-01  4.25952E-01  4.58720E-01  4.91488E-01  5.24256E-01  5.89792E-01
  6.55328E-01  7.20864E-01  7.86400E-01  8.51936E-01  9.17472E-01  9.83008E-01
  9.99275E-01  1.00000E+00  9.97492E-01  9.96965E-01  9.94947E-01  9.96355E-01
  9.94100E-01  9.94310E-01  9.92709E-01  9.93066E-01  9.94247E-01  9.90486E-01
  9.91485E-01  9.89333E-01  9.89369E-01  9.88178E-01  9.88538E-01  9.86738E-01
  9.85129E-01  9.84837E-01  9.83514E-01  9.81450E-01  9.80562E-01  9.77263E-01
  9.74861E-01  9.75528E-01  9.72063E-01  9.69360E-01  9.66976E-01  9.62474E-01
  9.60296E-01  9.56893E-01  9.53304E-01  9.51620E-01  9.48167E-01  9.41365E-01
  9.34433E-01  9.28595E-01  9.22367E-01  9.15865E-01  9.10577E-01  9.04868E-01
  8.98597E-01  8.86145E-01  8.74301E-01  8.62708E-01  8.51892E-01  8.40159E-01
  8.28993E-01  8.18237E-01  8.07035E-01  7.85654E-01  7.64965E-01  7.44973E-01
  7.25249E-01  7.06537E-01  6.88115E-01  6.69981E-01  6.52421E-01  6.18430E-01
  5.86287E-01  5.55791E-01  5.27118E-01  5.00080E-01  4.73863E-01  4.49669E-01
  4.26760E-01  3.83957E-01  3.45332E-01  3.10489E-01  2.79418E-01  2.51081E-01
  2.26058E-01  2.03778E-01  1.83967E-01  1.49428E-01  1.21419E-01  9.88149E-02
  8.03385E-02  6.52447E-02  5.32514E-02  4.36943E-02  3.65006E-02  2.49532E-02
  1.70957E-02  1.13576E-02  6.99404E-03  4.06712E-03  2.50160E-03  1.94305E-03
  1.51099E-03  1.19519E-03  1.27526E-03  8.41622E-04  4.90225E-04  3.05485E-04
  8.15919E-04  1.59995E-03  1.17137E-03  3.25737E-03 -3.65633E-04 -2.34710E-03
 -2.27497E-03 -1.84840E-03 -5.16387E-04 -1.39207E-03 -1.55812E-03 -2.09346E-03
 -8.76551E-05 -8.86299E-04 -3.26074E-04  6.63410E-04 -8.58210E-04 -8.79083E-05
 -3.68902E-04  4.86755E-04  1.18695E-03 -1.15651E-03 -1.17967E-03 -2.56482E-04
 -1.31090E-04  6.61756E-04  3.33773E-04 -7.04490E-04 -4.96494E-04 -1.33860E-04
  1.04868E-03 -5.68510E-04 -5.84626E-04  5.46533E-04  4.52161E-04 -2.71692E-04
  2.89813E-04  1.38593E-04  8.45429E-04  2.40170E-04  1.62079E-05  8.67629E-05
 -3.66564E-04 -2.60935E-04  2.14391E-04  1.59832E-07  1.36542E-04 -2.45855E-04
  1.52999E-04  4.66443E-04  1.28963E-04  1.77183E-05  5.75914E-05  2.44531E-04
 -1.65237E-04 -1.01712E-04 -4.19254E-05  2.55269E-04  1.58842E-04 -1.02526E-04
 -7.37496E-07 -2.21921E-05 -2.09937E-04 -1.45723E-04  3.79051E-05  1.82195E-05
