AutoSaveFileName0284.ASC
 IFORMY    0    .00
 (6E13.7)
 IFORMT    0    .00
 (6E13.7)
 IFORMW    0    .00
 (6E13.7)
 NINTT     0   -1.00
 DOUSNQ    0    1.00
 IQUAD          1.00
 PRWT      0    1.00
 PRY       0    1.00
 IPLRES    1    3.00
 IPLRES    2    3.00
 IPRINT    1    0.00
 IPRINT    2    2.00
 IPLFIT    1    0.00
 IPLFIT    2    0.00
 LINEPG    0   50.
 NONNEG    1    1.00
 IWT       0    5.00
 NQPROG    1    5.00
 NQPROG    2    5.00
 GMNMX     1    1.035E-05
 GMNMX     2    1.035E-02
 RUSER    10    -1.00
 NG        0    200.00
 NLINF     0    0.00
 IUSER    10    4.00
 RUSER    21    1.0
 RUSER    22   -1.0
 RUSER    23    0.0
 RUSER    18         292.15047
 RUSER    17         108.99900
 RUSER    19         1.02667
 RUSER    15         1.33200
 RUSER    16         632.80000
 RUSER    25         1
 RUSER    26         0
 END       0    0.00
 NY      131
  3.75000E-07  5.00000E-07  6.25000E-07  7.50000E-07  8.75000E-07  1.00000E-06
  1.12500E-06  1.25000E-06  1.37500E-06  1.50000E-06  1.62500E-06  1.75000E-06
  1.87500E-06  2.00000E-06  2.25000E-06  2.50000E-06  2.75000E-06  3.00000E-06
  3.25000E-06  3.50000E-06  3.75000E-06  4.00000E-06  4.50000E-06  5.00000E-06
  5.50000E-06  6.00000E-06  6.50000E-06  7.00000E-06  7.50000E-06  8.00000E-06
  9.00000E-06  1.00000E-05  1.10000E-05  1.20000E-05  1.30000E-05  1.40000E-05
  1.50000E-05  1.60000E-05  1.80000E-05  2.00000E-05  2.20000E-05  2.40000E-05
  2.60000E-05  2.80000E-05  3.00000E-05  3.20000E-05  3.60000E-05  4.00000E-05
  4.40000E-05  4.80000E-05  5.20000E-05  5.60000E-05  6.00000E-05  6.40000E-05
  7.20000E-05  8.00000E-05  8.80000E-05  9.60000E-05  1.04000E-04  1.12000E-04
  1.20000E-04  1.28000E-04  1.44000E-04  1.60000E-04  1.76000E-04  1.92000E-04
  2.08000E-04  2.24000E-04  2.40000E-04  2.56000E-04  2.88000E-04  3.20000E-04
  3.52000E-04  3.84000E-04  4.16000E-04  4.48000E-04  4.80000E-04  5.12000E-04
  5.76000E-04  6.40000E-04  7.04000E-04  7.68000E-04  8.32000E-04  8.96000E-04
  9.60000E-04  1.02400E-03  1.15200E-03  1.28000E-03  1.40800E-03  1.53600E-03
  1.66400E-03  1.79200E-03  1.92000E-03  2.01600E-03  2.27200E-03  2.52800E-03
  2.78400E-03  3.04000E-03  3.29600E-03  3.55200E-03  3.80800E-03  4.06400E-03
  4.57600E-03  5.08800E-03  5.60000E-03  6.11200E-03  6.62400E-03  7.13600E-03
  7.64800E-03  8.16000E-03  9.18400E-03  1.02080E-02  1.12320E-02  1.22560E-02
  1.32800E-02  1.43040E-02  1.53280E-02  1.63520E-02  1.84000E-02  2.04480E-02
  2.24960E-02  2.45440E-02  2.65920E-02  2.86400E-02  3.06880E-02  3.27360E-02
  3.68320E-02  4.09280E-02  4.50240E-02  4.91200E-02  5.32160E-02
  2.41186E+00  2.41331E+00  2.40757E+00  2.40627E+00  2.40275E+00  2.40419E+00
  2.40629E+00  2.40277E+00  2.40298E+00  2.39891E+00  2.40247E+00  2.39562E+00
  2.39468E+00  2.39715E+00  2.39851E+00  2.39648E+00  2.39662E+00  2.39587E+00
  2.39943E+00  2.39723E+00  2.39637E+00  2.39572E+00  2.39384E+00  2.39423E+00
  2.39385E+00  2.39164E+00  2.39367E+00  2.39261E+00  2.38977E+00  2.39001E+00
  2.38825E+00  2.38489E+00  2.38444E+00  2.38263E+00  2.37899E+00  2.37988E+00
  2.37968E+00  2.37623E+00  2.37233E+00  2.36922E+00  2.36733E+00  2.36370E+00
  2.35766E+00  2.35628E+00  2.35303E+00  2.34868E+00  2.34169E+00  2.33475E+00
  2.32780E+00  2.32170E+00  2.31520E+00  2.30831E+00  2.30208E+00  2.29523E+00
  2.28330E+00  2.26884E+00  2.25616E+00  2.24356E+00  2.22997E+00  2.21699E+00
  2.20456E+00  2.19234E+00  2.16752E+00  2.14292E+00  2.11840E+00  2.09466E+00
  2.07051E+00  2.04693E+00  2.02389E+00  2.00039E+00  1.95504E+00  1.91022E+00
  1.86641E+00  1.82350E+00  1.78163E+00  1.74127E+00  1.70120E+00  1.66227E+00
  1.58712E+00  1.51549E+00  1.44714E+00  1.38157E+00  1.31908E+00  1.25968E+00
  1.20260E+00  1.14855E+00  1.04597E+00  9.52021E-01  8.66245E-01  7.88424E-01
  7.18385E-01  6.55874E-01  5.99259E-01  5.61779E-01  4.69027E-01  3.91676E-01
  3.27525E-01  2.74295E-01  2.30189E-01  1.95408E-01  1.65953E-01  1.42918E-01
  1.06797E-01  8.18652E-02  6.77489E-02  6.19315E-02  5.35129E-02  4.64677E-02
  4.18383E-02  3.72360E-02  2.06500E-02  7.47639E-03  6.15752E-03  9.13790E-03
  1.01360E-03 -1.11989E-02 -1.36603E-02 -2.83418E-03  2.80699E-03  6.18019E-03
  8.93823E-03  1.35577E-02  1.77368E-02 -2.11098E-03 -2.34749E-03 -1.57959E-03
  1.28615E-02  2.64623E-02 -6.82787E-03 -9.47730E-03 -7.06587E-03
