AutoSaveFileName0016.ASC
 IFORMY    0    .00
 (6E13.7)
 IFORMT    0    .00
 (6E13.7)
 IFORMW    0    .00
 (6E13.7)
 NINTT     0   -1.00
 DOUSNQ    0    1.00
 IQUAD          1.00
 PRWT      0    1.00
 PRY       0    1.00
 IPLRES    1    3.00
 IPLRES    2    3.00
 IPRINT    1    0.00
 IPRINT    2    2.00
 IPLFIT    1    0.00
 IPLFIT    2    0.00
 LINEPG    0   50.
 NONNEG    1    1.00
 IWT       0    5.00
 NQPROG    1    5.00
 NQPROG    2    5.00
 GMNMX     1    2.274E-04
 GMNMX     2    2.274E-01
 RUSER    10    -1.00
 NG        0    200.00
 NLINF     0    0.00
 IUSER    10    4.00
 RUSER    21    1.0
 RUSER    22   -1.0
 RUSER    23    0.0
 RUSER    18         292.15740
 RUSER    17         19.99800
 RUSER    19         1.02649
 RUSER    15         1.33200
 RUSER    16         632.80000
 RUSER    25         1
 RUSER    26         0
 END       0    0.00
 NY      188
  5.00000E-07  6.25000E-07  7.50000E-07  8.75000E-07  1.00000E-06  1.12500E-06
  1.25000E-06  1.37500E-06  1.50000E-06  1.62500E-06  1.75000E-06  1.87500E-06
  2.00000E-06  2.25000E-06  2.50000E-06  2.75000E-06  3.00000E-06  3.25000E-06
  3.50000E-06  3.75000E-06  4.00000E-06  4.50000E-06  5.00000E-06  5.50000E-06
  6.00000E-06  6.50000E-06  7.00000E-06  7.50000E-06  8.00000E-06  9.00000E-06
  1.00000E-05  1.10000E-05  1.20000E-05  1.30000E-05  1.40000E-05  1.50000E-05
  1.60000E-05  1.80000E-05  2.00000E-05  2.20000E-05  2.40000E-05  2.60000E-05
  2.80000E-05  3.00000E-05  3.20000E-05  3.60000E-05  4.00000E-05  4.40000E-05
  4.80000E-05  5.20000E-05  5.60000E-05  6.00000E-05  6.40000E-05  7.20000E-05
  8.00000E-05  8.80000E-05  9.60000E-05  1.04000E-04  1.12000E-04  1.20000E-04
  1.28000E-04  1.44000E-04  1.60000E-04  1.76000E-04  1.92000E-04  2.08000E-04
  2.24000E-04  2.40000E-04  2.56000E-04  2.88000E-04  3.20000E-04  3.52000E-04
  3.84000E-04  4.16000E-04  4.48000E-04  4.80000E-04  5.12000E-04  5.76000E-04
  6.40000E-04  7.04000E-04  7.68000E-04  8.32000E-04  8.96000E-04  9.60000E-04
  1.02400E-03  1.15200E-03  1.28000E-03  1.40800E-03  1.53600E-03  1.66400E-03
  1.79200E-03  1.92000E-03  2.01600E-03  2.27200E-03  2.52800E-03  2.78400E-03
  3.04000E-03  3.29600E-03  3.55200E-03  3.80800E-03  4.06400E-03  4.57600E-03
  5.08800E-03  5.60000E-03  6.11200E-03  6.62400E-03  7.13600E-03  7.64800E-03
  8.16000E-03  9.18400E-03  1.02080E-02  1.12320E-02  1.22560E-02  1.32800E-02
  1.43040E-02  1.53280E-02  1.63520E-02  1.84000E-02  2.04480E-02  2.24960E-02
  2.45440E-02  2.65920E-02  2.86400E-02  3.06880E-02  3.27360E-02  3.68320E-02
  4.09280E-02  4.50240E-02  4.91200E-02  5.32160E-02  5.73120E-02  6.14080E-02
  6.55040E-02  7.36960E-02  8.18880E-02  9.00800E-02  9.82720E-02  1.06464E-01
  1.14656E-01  1.22848E-01  1.31040E-01  1.47424E-01  1.63808E-01  1.80192E-01
  1.96576E-01  2.12960E-01  2.29344E-01  2.45728E-01  2.62112E-01  2.94880E-01
  3.27648E-01  3.60416E-01  3.93184E-01  4.25952E-01  4.58720E-01  4.91488E-01
  5.24256E-01  5.89792E-01  6.55328E-01  7.20864E-01  7.86400E-01  8.51936E-01
  9.17472E-01  9.83008E-01  1.04854E+00  1.17962E+00  1.31069E+00  1.44176E+00
  1.57283E+00  1.70390E+00  1.83498E+00  1.96605E+00  2.09712E+00  2.35926E+00
  2.62141E+00  2.88355E+00  3.14570E+00  3.40784E+00  3.66998E+00  3.93213E+00
  4.19427E+00  4.71856E+00  5.24285E+00  5.76714E+00  6.29142E+00  6.81571E+00
  7.34000E+00  7.86429E+00
  9.99451E-01  9.98954E-01  9.98832E-01  9.98612E-01  9.98338E-01  9.98109E-01
  9.98340E-01  9.98243E-01  9.98087E-01  9.98034E-01  9.98009E-01  9.97832E-01
  9.97902E-01  9.97848E-01  9.97891E-01  9.97953E-01  9.97678E-01  9.97767E-01
  9.97452E-01  9.97455E-01  9.97549E-01  9.97466E-01  9.97296E-01  9.97019E-01
  9.96998E-01  9.96933E-01  9.96834E-01  9.96492E-01  9.96605E-01  9.96215E-01
  9.96027E-01  9.95814E-01  9.95540E-01  9.95284E-01  9.95066E-01  9.94819E-01
  9.94588E-01  9.94214E-01  9.94012E-01  9.93845E-01  9.93627E-01  9.93420E-01
  9.93178E-01  9.92925E-01  9.92777E-01  9.92336E-01  9.92083E-01  9.91720E-01
  9.91354E-01  9.90964E-01  9.90690E-01  9.90383E-01  9.90082E-01  9.89449E-01
  9.88807E-01  9.88236E-01  9.87650E-01  9.87133E-01  9.86550E-01  9.86022E-01
  9.85557E-01  9.84540E-01  9.83574E-01  9.82646E-01  9.81705E-01  9.80825E-01
  9.79999E-01  9.79128E-01  9.78434E-01  9.76854E-01  9.75308E-01  9.73823E-01
  9.72351E-01  9.70915E-01  9.69513E-01  9.68311E-01  9.69142E-01  9.68537E-01
  9.67229E-01  9.65583E-01  9.63786E-01  9.61994E-01  9.60230E-01  9.58478E-01
  9.57741E-01  9.55221E-01  9.52208E-01  9.48942E-01  9.46287E-01  9.43473E-01
  9.40328E-01  9.37224E-01  9.35182E-01  9.30257E-01  9.25388E-01  9.20400E-01
  9.15127E-01  9.10078E-01  9.05056E-01  9.00036E-01  8.94860E-01  8.85041E-01
  8.75545E-01  8.66079E-01  8.57234E-01  8.47991E-01  8.39138E-01  8.30295E-01
  8.21830E-01  8.04984E-01  7.88588E-01  7.72593E-01  7.56692E-01  7.41078E-01
  7.25938E-01  7.11302E-01  6.97351E-01  6.69783E-01  6.44275E-01  6.19408E-01
  5.96284E-01  5.73475E-01  5.51389E-01  5.30737E-01  5.11113E-01  4.72981E-01
  4.39120E-01  4.08195E-01  3.79075E-01  3.51934E-01  3.27549E-01  3.05974E-01
  2.85960E-01  2.49725E-01  2.17346E-01  1.88065E-01  1.64363E-01  1.45958E-01
  1.32866E-01  1.19807E-01  1.03212E-01  7.78183E-02  5.79248E-02  4.14226E-02
  3.00314E-02  2.17850E-02  1.43535E-02  9.37396E-03  5.64361E-03  2.20961E-03
  1.16901E-03 -2.43785E-03 -4.72413E-04  9.73672E-03  2.27314E-02  2.95644E-02
  2.92298E-02  1.42745E-02  2.99642E-03 -8.90107E-04 -1.94206E-03 -7.92352E-03
 -1.70519E-02 -9.50997E-03  4.88056E-04 -1.92746E-02 -4.96097E-02 -4.21247E-02
 -3.49470E-02 -1.02350E-02  5.89898E-04 -1.71807E-02 -6.26174E-03 -2.80900E-02
 -9.70441E-03  2.20185E-02  4.97539E-03  1.25835E-02 -2.88930E-03  8.65901E-03
 -3.16398E-02 -3.17157E-02  1.40695E-02  4.49203E-02  4.13231E-02 -4.76978E-03
 -1.80421E-02 -3.78690E-02
