AutoSaveFileName0048.ASC
 IFORMY    0    .00
 (6E13.7)
 IFORMT    0    .00
 (6E13.7)
 IFORMW    0    .00
 (6E13.7)
 NINTT     0   -1.00
 DOUSNQ    0    1.00
 IQUAD          1.00
 PRWT      0    1.00
 PRY       0    1.00
 IPLRES    1    3.00
 IPLRES    2    3.00
 IPRINT    1    0.00
 IPRINT    2    2.00
 IPLFIT    1    0.00
 IPLFIT    2    0.00
 LINEPG    0   50.
 NONNEG    1    1.00
 IWT       0    5.00
 NQPROG    1    5.00
 NQPROG    2    5.00
 GMNMX     1    9.687E-05
 GMNMX     2    9.687E-02
 RUSER    10    -1.00
 NG        0    200.00
 NLINF     0    0.00
 IUSER    10    4.00
 RUSER    21    1.0
 RUSER    22   -1.0
 RUSER    23    0.0
 RUSER    18         291.83887
 RUSER    17         30.99900
 RUSER    19         1.03463
 RUSER    15         1.33200
 RUSER    16         632.80000
 RUSER    25         1
 RUSER    26         0
 END       0    0.00
 NY      131
  3.75000E-07  5.00000E-07  6.25000E-07  7.50000E-07  8.75000E-07  1.00000E-06
  1.12500E-06  1.25000E-06  1.37500E-06  1.50000E-06  1.62500E-06  1.75000E-06
  1.87500E-06  2.00000E-06  2.25000E-06  2.50000E-06  2.75000E-06  3.00000E-06
  3.25000E-06  3.50000E-06  3.75000E-06  4.00000E-06  4.50000E-06  5.00000E-06
  5.50000E-06  6.00000E-06  6.50000E-06  7.00000E-06  7.50000E-06  8.00000E-06
  9.00000E-06  1.00000E-05  1.10000E-05  1.20000E-05  1.30000E-05  1.40000E-05
  1.50000E-05  1.60000E-05  1.80000E-05  2.00000E-05  2.20000E-05  2.40000E-05
  2.60000E-05  2.80000E-05  3.00000E-05  3.20000E-05  3.60000E-05  4.00000E-05
  4.40000E-05  4.80000E-05  5.20000E-05  5.60000E-05  6.00000E-05  6.40000E-05
  7.20000E-05  8.00000E-05  8.80000E-05  9.60000E-05  1.04000E-04  1.12000E-04
  1.20000E-04  1.28000E-04  1.44000E-04  1.60000E-04  1.76000E-04  1.92000E-04
  2.08000E-04  2.24000E-04  2.40000E-04  2.56000E-04  2.88000E-04  3.20000E-04
  3.52000E-04  3.84000E-04  4.16000E-04  4.48000E-04  4.80000E-04  5.12000E-04
  5.76000E-04  6.40000E-04  7.04000E-04  7.68000E-04  8.32000E-04  8.96000E-04
  9.60000E-04  1.02400E-03  1.15200E-03  1.28000E-03  1.40800E-03  1.53600E-03
  1.66400E-03  1.79200E-03  1.92000E-03  2.01600E-03  2.27200E-03  2.52800E-03
  2.78400E-03  3.04000E-03  3.29600E-03  3.55200E-03  3.80800E-03  4.06400E-03
  4.57600E-03  5.08800E-03  5.60000E-03  6.11200E-03  6.62400E-03  7.13600E-03
  7.64800E-03  8.16000E-03  9.18400E-03  1.02080E-02  1.12320E-02  1.22560E-02
  1.32800E-02  1.43040E-02  1.53280E-02  1.63520E-02  1.84000E-02  2.04480E-02
  2.24960E-02  2.45440E-02  2.65920E-02  2.86400E-02  3.06880E-02  3.27360E-02
  3.68320E-02  4.09280E-02  4.50240E-02  4.91200E-02  5.32160E-02
  8.04003E-01  8.06074E-01  8.04484E-01  8.02410E-01  8.00814E-01  8.00751E-01
  8.00054E-01  7.96082E-01  7.99676E-01  8.01868E-01  8.02052E-01  7.97112E-01
  7.98708E-01  7.98045E-01  8.00973E-01  7.99764E-01  7.97659E-01  7.98619E-01
  7.99307E-01  8.00204E-01  7.98057E-01  7.97815E-01  7.98276E-01  7.99718E-01
  8.00286E-01  7.99438E-01  7.98189E-01  7.98976E-01  7.98322E-01  7.98755E-01
  7.98157E-01  7.99799E-01  7.99204E-01  7.99176E-01  7.98574E-01  7.99559E-01
  7.97344E-01  7.98436E-01  7.98626E-01  7.97405E-01  7.98486E-01  7.98018E-01
  7.97986E-01  7.97701E-01  7.96763E-01  7.97608E-01  7.97022E-01  7.96542E-01
  7.96508E-01  7.95945E-01  7.96279E-01  7.96255E-01  7.95689E-01  7.95099E-01
  7.95397E-01  7.95028E-01  7.93870E-01  7.93707E-01  7.93526E-01  7.93053E-01
  7.92583E-01  7.92247E-01  7.90733E-01  7.90025E-01  7.88765E-01  7.88028E-01
  7.87094E-01  7.86385E-01  7.85188E-01  7.84532E-01  7.82619E-01  7.80705E-01
  7.78919E-01  7.77276E-01  7.75173E-01  7.73479E-01  7.71429E-01  7.70326E-01
  7.66643E-01  7.62875E-01  7.59219E-01  7.55541E-01  7.52042E-01  7.48247E-01
  7.44623E-01  7.41240E-01  7.34141E-01  7.27278E-01  7.20388E-01  7.13429E-01
  7.06608E-01  6.99941E-01  6.93178E-01  6.88882E-01  6.75567E-01  6.62954E-01
  6.50629E-01  6.38673E-01  6.26906E-01  6.15368E-01  6.03883E-01  5.92849E-01
  5.70733E-01  5.49706E-01  5.29438E-01  5.10311E-01  4.91918E-01  4.73591E-01
  4.55550E-01  4.37636E-01  4.02804E-01  3.71142E-01  3.42065E-01  3.15268E-01
  2.90460E-01  2.67682E-01  2.46601E-01  2.27576E-01  1.90439E-01  1.59950E-01
  1.35733E-01  1.14453E-01  9.67710E-02  8.16456E-02  6.95246E-02  5.92239E-02
  4.31736E-02  2.89821E-02  1.38531E-02  5.99962E-03  2.38516E-04
