AutoSaveFileName0040.ASC
 IFORMY    0    .00
 (6E13.7)
 IFORMT    0    .00
 (6E13.7)
 IFORMW    0    .00
 (6E13.7)
 NINTT     0   -1.00
 DOUSNQ    0    1.00
 IQUAD     0    1.00
 PRWT      0    1.00
 PRY       0    1.00
 IPLRES    1    3.00
 IPLRES    2    3.00
 IPRINT    1    0.00
 IPRINT    2    2.00
 IPLFIT    1    0.00
 IPLFIT    2    0.00
 LINEPG    0   50.
 NONNEG    1    1.00
 IWT       0    5.00
 NQPROG    1    5.00
 NQPROG    2    5.00
 GMNMX     1    2.97712E-02
 GMNMX     2    1.06871E-02
 RUSER    10    -1.00
 NG        0    500.00
 NLINF     0    1.00
 IUSER    10    4.00
 RUSER    21    1.0
 RUSER    22   -1.0
 RUSER    23    0.0
 RUSER    18         291.91964
 RUSER    17         34.99800
 RUSER    19         1.03255
 RUSER    15         1.33200
 RUSER    16         632.80000
 RUSER    25         1
 RUSER    26         0
 END       0    0.00
 NY      162
  7.50000E-07  8.75000E-07  1.00000E-06  1.12500E-06  1.25000E-06  1.37500E-06
  1.50000E-06  1.62500E-06  1.75000E-06  1.87500E-06  2.00000E-06  2.25000E-06
  2.50000E-06  2.75000E-06  3.00000E-06  3.25000E-06  3.50000E-06  3.75000E-06
  4.00000E-06  4.50000E-06  5.00000E-06  5.50000E-06  6.00000E-06  6.50000E-06
  7.00000E-06  7.50000E-06  8.00000E-06  9.00000E-06  1.00000E-05  1.10000E-05
  1.20000E-05  1.30000E-05  1.40000E-05  1.50000E-05  1.60000E-05  1.80000E-05
  2.00000E-05  2.20000E-05  2.40000E-05  2.60000E-05  2.80000E-05  3.00000E-05
  3.20000E-05  3.60000E-05  4.00000E-05  4.40000E-05  4.80000E-05  5.20000E-05
  5.60000E-05  6.00000E-05  6.40000E-05  7.20000E-05  8.00000E-05  8.80000E-05
  9.60000E-05  1.04000E-04  1.12000E-04  1.20000E-04  1.28000E-04  1.44000E-04
  1.60000E-04  1.76000E-04  1.92000E-04  2.08000E-04  2.24000E-04  2.40000E-04
  2.56000E-04  2.88000E-04  3.20000E-04  3.52000E-04  3.84000E-04  4.16000E-04
  4.48000E-04  4.80000E-04  5.12000E-04  5.76000E-04  6.40000E-04  7.04000E-04
  7.68000E-04  8.32000E-04  8.96000E-04  9.60000E-04  1.02400E-03  1.15200E-03
  1.28000E-03  1.40800E-03  1.53600E-03  1.66400E-03  1.79200E-03  1.92000E-03
  2.01600E-03  2.27200E-03  2.52800E-03  2.78400E-03  3.04000E-03  3.29600E-03
  3.55200E-03  3.80800E-03  4.06400E-03  4.57600E-03  5.08800E-03  5.60000E-03
  6.11200E-03  6.62400E-03  7.13600E-03  7.64800E-03  8.16000E-03  9.18400E-03
  1.02080E-02  1.12320E-02  1.22560E-02  1.32800E-02  1.43040E-02  1.53280E-02
  1.63520E-02  1.84000E-02  2.04480E-02  2.24960E-02  2.45440E-02  2.65920E-02
  2.86400E-02  3.06880E-02  3.27360E-02  3.68320E-02  4.09280E-02  4.50240E-02
  4.91200E-02  5.32160E-02  5.73120E-02  6.14080E-02  6.55040E-02  7.36960E-02
  8.18880E-02  9.00800E-02  9.82720E-02  1.06464E-01  1.14656E-01  1.22848E-01
  1.31040E-01  1.47424E-01  1.63808E-01  1.80192E-01  1.96576E-01  2.12960E-01
  2.29344E-01  2.45728E-01  2.62112E-01  2.94880E-01  3.27648E-01  3.60416E-01
  3.93184E-01  4.25952E-01  4.58720E-01  4.91488E-01  5.24256E-01  5.89792E-01
  6.55328E-01  7.20864E-01  7.86400E-01  8.51936E-01  9.17472E-01  9.83008E-01
  9.97926E-01  9.99801E-01  9.96614E-01  9.99110E-01  9.96870E-01  9.97403E-01
  1.00000E+00  9.96736E-01  9.96429E-01  9.95472E-01  9.96528E-01  9.98953E-01
  9.94372E-01  9.94260E-01  9.96656E-01  9.94289E-01  9.95910E-01  9.96846E-01
  9.95601E-01  9.95611E-01  9.94551E-01  9.94207E-01  9.93590E-01  9.93088E-01
  9.93626E-01  9.93496E-01  9.94510E-01  9.93779E-01  9.92289E-01  9.92217E-01
  9.91395E-01  9.90671E-01  9.89729E-01  9.89517E-01  9.88941E-01  9.87739E-01
  9.86989E-01  9.85357E-01  9.84435E-01  9.83226E-01  9.83206E-01  9.80807E-01
  9.80351E-01  9.78449E-01  9.76277E-01  9.74407E-01  9.72074E-01  9.70474E-01
  9.68198E-01  9.65611E-01  9.63760E-01  9.60157E-01  9.55299E-01  9.51204E-01
  9.47134E-01  9.43082E-01  9.38551E-01  9.35030E-01  9.31091E-01  9.23104E-01
  9.15331E-01  9.07348E-01  8.99978E-01  8.92432E-01  8.85045E-01  8.77633E-01
  8.70413E-01  8.55954E-01  8.41675E-01  8.27886E-01  8.14185E-01  8.01331E-01
  7.88583E-01  7.75672E-01  7.62866E-01  7.38490E-01  7.15073E-01  6.92394E-01
  6.70894E-01  6.49982E-01  6.30021E-01  6.11054E-01  5.92902E-01  5.57433E-01
  5.24157E-01  4.92474E-01  4.62442E-01  4.34523E-01  4.08419E-01  3.84237E-01
  3.67165E-01  3.26327E-01  2.90487E-01  2.58313E-01  2.29005E-01  2.02413E-01
  1.79225E-01  1.60173E-01  1.44497E-01  1.18817E-01  1.01412E-01  8.95683E-02
  7.83539E-02  6.66308E-02  5.56500E-02  4.63046E-02  3.83989E-02  2.95910E-02
  2.55872E-02  2.27389E-02  1.84518E-02  2.13601E-02  1.97298E-02  1.52516E-02
  1.19869E-02  1.26916E-02  1.18130E-02  4.69198E-03 -1.29080E-03 -2.69509E-04
  1.13525E-02  4.82160E-03  4.83720E-03  1.95666E-03  1.26495E-02  7.13747E-03
  1.00314E-02  3.96294E-03  1.50409E-02  7.43897E-03 -7.08229E-04 -3.04729E-03
  9.08368E-03  1.60820E-04 -9.80010E-03  1.71817E-03 -7.58938E-03 -2.12260E-03
 -1.66798E-03  1.05911E-02  5.67236E-03 -9.16421E-03  7.55434E-03 -1.75705E-03
 -7.05395E-03  2.10709E-03 -3.13597E-03 -3.61754E-03 -5.79699E-03  1.12407E-02
 -5.65704E-03  1.97089E-03 -6.02529E-03  5.37808E-03  2.12841E-03  4.71040E-04
  5.96448E-03  9.42978E-03 -3.84008E-03 -1.15330E-03  3.53308E-03 -3.51260E-03
