AutoSaveFileName0025.ASC
 IFORMY    0    .00
 (6E13.7)
 IFORMT    0    .00
 (6E13.7)
 IFORMW    0    .00
 (6E13.7)
 NINTT     0   -1.00
 DOUSNQ    0    1.00
 IQUAD     0    1.00
 PRWT      0    1.00
 PRY       0    1.00
 IPLRES    1    3.00
 IPLRES    2    3.00
 IPRINT    1    0.00
 IPRINT    2    2.00
 IPLFIT    1    0.00
 IPLFIT    2    0.00
 LINEPG    0   50.
 NONNEG    1    1.00
 IWT       0    5.00
 NQPROG    1    5.00
 NQPROG    2    5.00
 GMNMX     1    5.74870E-02
 GMNMX     2    2.06364E-02
 RUSER    10    -1.00
 NG        0    500.00
 NLINF     0    1.00
 IUSER    10    4.00
 RUSER    21    1.0
 RUSER    22   -1.0
 RUSER    23    0.0
 RUSER    18         291.90816
 RUSER    17         24.99800
 RUSER    19         1.03285
 RUSER    15         1.33200
 RUSER    16         632.80000
 RUSER    25         1
 RUSER    26         0
 END       0    0.00
 NY      162
  7.50000E-07  8.75000E-07  1.00000E-06  1.12500E-06  1.25000E-06  1.37500E-06
  1.50000E-06  1.62500E-06  1.75000E-06  1.87500E-06  2.00000E-06  2.25000E-06
  2.50000E-06  2.75000E-06  3.00000E-06  3.25000E-06  3.50000E-06  3.75000E-06
  4.00000E-06  4.50000E-06  5.00000E-06  5.50000E-06  6.00000E-06  6.50000E-06
  7.00000E-06  7.50000E-06  8.00000E-06  9.00000E-06  1.00000E-05  1.10000E-05
  1.20000E-05  1.30000E-05  1.40000E-05  1.50000E-05  1.60000E-05  1.80000E-05
  2.00000E-05  2.20000E-05  2.40000E-05  2.60000E-05  2.80000E-05  3.00000E-05
  3.20000E-05  3.60000E-05  4.00000E-05  4.40000E-05  4.80000E-05  5.20000E-05
  5.60000E-05  6.00000E-05  6.40000E-05  7.20000E-05  8.00000E-05  8.80000E-05
  9.60000E-05  1.04000E-04  1.12000E-04  1.20000E-04  1.28000E-04  1.44000E-04
  1.60000E-04  1.76000E-04  1.92000E-04  2.08000E-04  2.24000E-04  2.40000E-04
  2.56000E-04  2.88000E-04  3.20000E-04  3.52000E-04  3.84000E-04  4.16000E-04
  4.48000E-04  4.80000E-04  5.12000E-04  5.76000E-04  6.40000E-04  7.04000E-04
  7.68000E-04  8.32000E-04  8.96000E-04  9.60000E-04  1.02400E-03  1.15200E-03
  1.28000E-03  1.40800E-03  1.53600E-03  1.66400E-03  1.79200E-03  1.92000E-03
  2.01600E-03  2.27200E-03  2.52800E-03  2.78400E-03  3.04000E-03  3.29600E-03
  3.55200E-03  3.80800E-03  4.06400E-03  4.57600E-03  5.08800E-03  5.60000E-03
  6.11200E-03  6.62400E-03  7.13600E-03  7.64800E-03  8.16000E-03  9.18400E-03
  1.02080E-02  1.12320E-02  1.22560E-02  1.32800E-02  1.43040E-02  1.53280E-02
  1.63520E-02  1.84000E-02  2.04480E-02  2.24960E-02  2.45440E-02  2.65920E-02
  2.86400E-02  3.06880E-02  3.27360E-02  3.68320E-02  4.09280E-02  4.50240E-02
  4.91200E-02  5.32160E-02  5.73120E-02  6.14080E-02  6.55040E-02  7.36960E-02
  8.18880E-02  9.00800E-02  9.82720E-02  1.06464E-01  1.14656E-01  1.22848E-01
  1.31040E-01  1.47424E-01  1.63808E-01  1.80192E-01  1.96576E-01  2.12960E-01
  2.29344E-01  2.45728E-01  2.62112E-01  2.94880E-01  3.27648E-01  3.60416E-01
  3.93184E-01  4.25952E-01  4.58720E-01  4.91488E-01  5.24256E-01  5.89792E-01
  6.55328E-01  7.20864E-01  7.86400E-01  8.51936E-01  9.17472E-01  9.83008E-01
  9.98495E-01  9.99438E-01  1.00000E+00  9.97426E-01  9.97564E-01  9.95666E-01
  9.98816E-01  9.97143E-01  9.97325E-01  9.93778E-01  9.96019E-01  9.94620E-01
  9.96064E-01  9.95492E-01  9.93456E-01  9.95238E-01  9.95573E-01  9.96053E-01
  9.95015E-01  9.96007E-01  9.95299E-01  9.95299E-01  9.94206E-01  9.94877E-01
  9.95212E-01  9.94021E-01  9.93715E-01  9.93952E-01  9.92517E-01  9.93983E-01
  9.93216E-01  9.92991E-01  9.92801E-01  9.92318E-01  9.91294E-01  9.91667E-01
  9.90574E-01  9.90673E-01  9.89562E-01  9.89055E-01  9.88383E-01  9.87907E-01
  9.87132E-01  9.86207E-01  9.85285E-01  9.83891E-01  9.83098E-01  9.81819E-01
  9.80793E-01  9.79886E-01  9.78633E-01  9.76582E-01  9.74520E-01  9.72173E-01
  9.70064E-01  9.67973E-01  9.65645E-01  9.63463E-01  9.61532E-01  9.57511E-01
  9.53280E-01  9.49504E-01  9.45176E-01  9.41370E-01  9.37460E-01  9.33329E-01
  9.29553E-01  9.21866E-01  9.14121E-01  9.06808E-01  8.99363E-01  8.92018E-01
  8.84964E-01  8.77864E-01  8.71127E-01  8.57254E-01  8.43721E-01  8.30427E-01
  8.17395E-01  8.04636E-01  7.92367E-01  7.80150E-01  7.64648E-01  7.41289E-01
  7.19078E-01  6.97439E-01  6.76597E-01  6.56518E-01  6.37201E-01  6.18541E-01
  6.08214E-01  5.73000E-01  5.40091E-01  5.09441E-01  4.80913E-01  4.54251E-01
  4.29410E-01  4.06331E-01  3.84682E-01  3.44437E-01  3.08448E-01  2.76900E-01
  2.49137E-01  2.24484E-01  2.02981E-01  1.83915E-01  1.67465E-01  1.38614E-01
  1.16173E-01  9.75846E-02  8.08611E-02  6.73101E-02  5.76760E-02  5.17797E-02
  4.71483E-02  4.09910E-02  3.69717E-02  3.24678E-02  2.72264E-02  2.27400E-02
  1.73151E-02  1.46215E-02  1.30252E-02  1.29378E-02  1.41135E-02  8.15785E-03
  6.26250E-03  1.42022E-02  2.08254E-02  1.92909E-02  1.50565E-02  7.75003E-03
  1.55629E-03  1.05713E-03 -3.73866E-03 -7.23104E-03 -1.53922E-03 -2.85635E-03
 -1.27167E-03  2.40063E-05  4.45119E-03 -3.40860E-03 -4.83365E-03  4.76259E-03
  2.73175E-03  3.44409E-03 -1.28715E-03  1.76141E-04  2.35086E-03 -7.38472E-03
 -4.53659E-03  5.09780E-03  1.23134E-03 -2.73507E-03 -2.98470E-03  3.31787E-03
  1.54773E-03 -8.66812E-04 -1.34260E-03 -1.07809E-03 -6.28511E-04 -1.88064E-03
