AutoSaveFileName0259.ASC
 IFORMY    0    .00
 (6E13.7)
 IFORMT    0    .00
 (6E13.7)
 IFORMW    0    .00
 (6E13.7)
 NINTT     0   -1.00
 DOUSNQ    0    1.00
 IQUAD     0    1.00
 PRWT      0    1.00
 PRY       0    1.00
 IPLRES    1    3.00
 IPLRES    2    3.00
 IPRINT    1    0.00
 IPRINT    2    2.00
 IPLFIT    1    0.00
 IPLFIT    2    0.00
 LINEPG    0   50.
 NONNEG    1    1.00
 IWT       0    5.00
 NQPROG    1    5.00
 NQPROG    2    5.00
 GMNMX     1    3.02949E-03
 GMNMX     2    1.08751E-03
 RUSER    10    -1.00
 NG        0    500.00
 NLINF     0    1.00
 IUSER    10    4.00
 RUSER    21    1.0
 RUSER    22   -1.0
 RUSER    23    0.0
 RUSER    18         292.13961
 RUSER    17         139.99900
 RUSER    19         1.02694
 RUSER    15         1.33200
 RUSER    16         632.80000
 RUSER    25         1
 RUSER    26         0
 END       0    0.00
 NY      162
  7.50000E-07  8.75000E-07  1.00000E-06  1.12500E-06  1.25000E-06  1.37500E-06
  1.50000E-06  1.62500E-06  1.75000E-06  1.87500E-06  2.00000E-06  2.25000E-06
  2.50000E-06  2.75000E-06  3.00000E-06  3.25000E-06  3.50000E-06  3.75000E-06
  4.00000E-06  4.50000E-06  5.00000E-06  5.50000E-06  6.00000E-06  6.50000E-06
  7.00000E-06  7.50000E-06  8.00000E-06  9.00000E-06  1.00000E-05  1.10000E-05
  1.20000E-05  1.30000E-05  1.40000E-05  1.50000E-05  1.60000E-05  1.80000E-05
  2.00000E-05  2.20000E-05  2.40000E-05  2.60000E-05  2.80000E-05  3.00000E-05
  3.20000E-05  3.60000E-05  4.00000E-05  4.40000E-05  4.80000E-05  5.20000E-05
  5.60000E-05  6.00000E-05  6.40000E-05  7.20000E-05  8.00000E-05  8.80000E-05
  9.60000E-05  1.04000E-04  1.12000E-04  1.20000E-04  1.28000E-04  1.44000E-04
  1.60000E-04  1.76000E-04  1.92000E-04  2.08000E-04  2.24000E-04  2.40000E-04
  2.56000E-04  2.88000E-04  3.20000E-04  3.52000E-04  3.84000E-04  4.16000E-04
  4.48000E-04  4.80000E-04  5.12000E-04  5.76000E-04  6.40000E-04  7.04000E-04
  7.68000E-04  8.32000E-04  8.96000E-04  9.60000E-04  1.02400E-03  1.15200E-03
  1.28000E-03  1.40800E-03  1.53600E-03  1.66400E-03  1.79200E-03  1.92000E-03
  2.01600E-03  2.27200E-03  2.52800E-03  2.78400E-03  3.04000E-03  3.29600E-03
  3.55200E-03  3.80800E-03  4.06400E-03  4.57600E-03  5.08800E-03  5.60000E-03
  6.11200E-03  6.62400E-03  7.13600E-03  7.64800E-03  8.16000E-03  9.18400E-03
  1.02080E-02  1.12320E-02  1.22560E-02  1.32800E-02  1.43040E-02  1.53280E-02
  1.63520E-02  1.84000E-02  2.04480E-02  2.24960E-02  2.45440E-02  2.65920E-02
  2.86400E-02  3.06880E-02  3.27360E-02  3.68320E-02  4.09280E-02  4.50240E-02
  4.91200E-02  5.32160E-02  5.73120E-02  6.14080E-02  6.55040E-02  7.36960E-02
  8.18880E-02  9.00800E-02  9.82720E-02  1.06464E-01  1.14656E-01  1.22848E-01
  1.31040E-01  1.47424E-01  1.63808E-01  1.80192E-01  1.96576E-01  2.12960E-01
  2.29344E-01  2.45728E-01  2.62112E-01  2.94880E-01  3.27648E-01  3.60416E-01
  3.93184E-01  4.25952E-01  4.58720E-01  4.91488E-01  5.24256E-01  5.89792E-01
  6.55328E-01  7.20864E-01  7.86400E-01  8.51936E-01  9.17472E-01  9.83008E-01
  1.00000E+00  9.99980E-01  9.97290E-01  9.96962E-01  9.94766E-01  9.92898E-01
  9.92345E-01  9.92909E-01  9.91779E-01  9.90309E-01  9.88665E-01  9.89351E-01
  9.86571E-01  9.86074E-01  9.83605E-01  9.80649E-01  9.79253E-01  9.80413E-01
  9.78113E-01  9.74759E-01  9.70481E-01  9.69983E-01  9.66601E-01  9.62996E-01
  9.61352E-01  9.56895E-01  9.54312E-01  9.49339E-01  9.43017E-01  9.37296E-01
  9.32339E-01  9.26847E-01  9.21619E-01  9.15681E-01  9.09779E-01  8.99488E-01
  8.88051E-01  8.78225E-01  8.66890E-01  8.57189E-01  8.46633E-01  8.37084E-01
  8.26950E-01  8.07529E-01  7.88116E-01  7.69322E-01  7.51484E-01  7.33709E-01
  7.16185E-01  6.99363E-01  6.82772E-01  6.50900E-01  6.20219E-01  5.91285E-01
  5.63833E-01  5.37254E-01  5.12144E-01  4.88333E-01  4.65885E-01  4.23346E-01
  3.84681E-01  3.49742E-01  3.18122E-01  2.89130E-01  2.62960E-01  2.39144E-01
  2.17985E-01  1.80568E-01  1.49237E-01  1.23731E-01  1.02464E-01  8.48418E-02
  7.03233E-02  5.83658E-02  4.89216E-02  3.38710E-02  2.41464E-02  1.72942E-02
  1.24564E-02  9.26053E-03  6.72565E-03  4.90100E-03  3.91242E-03  2.90519E-03
  2.50781E-03  2.26954E-03  2.16545E-03  1.94777E-03  1.10454E-03  3.88617E-04
  3.21521E-04  2.12553E-04  5.02299E-04 -5.09985E-05  6.51064E-04  5.20979E-04
 -4.99947E-04 -1.50715E-03 -8.02760E-04 -6.41686E-05  8.11824E-04  1.12783E-04
  9.98233E-04  5.11547E-04 -5.18292E-04  1.21756E-04 -3.45111E-05  6.55727E-04
  1.08615E-03 -4.89342E-05  2.31333E-05  9.16441E-04 -7.90911E-04 -8.74586E-05
  4.74426E-05  4.39962E-04 -1.35669E-04  4.89473E-04 -3.80890E-04  1.51055E-04
  3.28575E-04 -1.98900E-04 -6.00481E-04  6.47163E-05 -7.96305E-04 -5.83867E-04
  1.31002E-04  1.60988E-04 -9.53536E-05  2.50532E-04 -1.51630E-04  1.01346E-05
 -8.55474E-05  3.55766E-04  1.95133E-04  1.37415E-04  4.57224E-04  3.92215E-05
 -7.99413E-05  3.68149E-05  1.44830E-04 -9.07099E-06  1.15650E-04 -4.19797E-05
  2.48754E-04 -1.84729E-04 -1.52151E-04 -2.61760E-04  1.40989E-04  1.57138E-04
 -8.36214E-05  5.35471E-05 -1.86116E-04 -2.56559E-04  2.60908E-05 -1.37170E-04
  5.53629E-05 -6.14190E-05 -2.76583E-05 -1.27053E-05  4.10738E-05  5.45360E-06
