AutoSaveFileName0076.ASC
 IFORMY    0    .00
 (6E13.7)
 IFORMT    0    .00
 (6E13.7)
 IFORMW    0    .00
 (6E13.7)
 NINTT     0   -1.00
 DOUSNQ    0    1.00
 IQUAD     0    1.00
 PRWT      0    1.00
 PRY       0    1.00
 IPLRES    1    3.00
 IPLRES    2    3.00
 IPRINT    1    0.00
 IPRINT    2    2.00
 IPLFIT    1    0.00
 IPLFIT    2    0.00
 LINEPG    0   50.
 NONNEG    1    1.00
 IWT       0    5.00
 NQPROG    1    5.00
 NQPROG    2    5.00
 GMNMX     1    1.50609E-02
 GMNMX     2    5.40648E-03
 RUSER    10    -1.00
 NG        0    500.00
 NLINF     0    1.00
 IUSER    10    4.00
 RUSER    21    1.0
 RUSER    22   -1.0
 RUSER    23    0.0
 RUSER    18         291.94572
 RUSER    17         49.99800
 RUSER    19         1.03189
 RUSER    15         1.33200
 RUSER    16         632.80000
 RUSER    25         1
 RUSER    26         0
 END       0    0.00
 NY      162
  7.50000E-07  8.75000E-07  1.00000E-06  1.12500E-06  1.25000E-06  1.37500E-06
  1.50000E-06  1.62500E-06  1.75000E-06  1.87500E-06  2.00000E-06  2.25000E-06
  2.50000E-06  2.75000E-06  3.00000E-06  3.25000E-06  3.50000E-06  3.75000E-06
  4.00000E-06  4.50000E-06  5.00000E-06  5.50000E-06  6.00000E-06  6.50000E-06
  7.00000E-06  7.50000E-06  8.00000E-06  9.00000E-06  1.00000E-05  1.10000E-05
  1.20000E-05  1.30000E-05  1.40000E-05  1.50000E-05  1.60000E-05  1.80000E-05
  2.00000E-05  2.20000E-05  2.40000E-05  2.60000E-05  2.80000E-05  3.00000E-05
  3.20000E-05  3.60000E-05  4.00000E-05  4.40000E-05  4.80000E-05  5.20000E-05
  5.60000E-05  6.00000E-05  6.40000E-05  7.20000E-05  8.00000E-05  8.80000E-05
  9.60000E-05  1.04000E-04  1.12000E-04  1.20000E-04  1.28000E-04  1.44000E-04
  1.60000E-04  1.76000E-04  1.92000E-04  2.08000E-04  2.24000E-04  2.40000E-04
  2.56000E-04  2.88000E-04  3.20000E-04  3.52000E-04  3.84000E-04  4.16000E-04
  4.48000E-04  4.80000E-04  5.12000E-04  5.76000E-04  6.40000E-04  7.04000E-04
  7.68000E-04  8.32000E-04  8.96000E-04  9.60000E-04  1.02400E-03  1.15200E-03
  1.28000E-03  1.40800E-03  1.53600E-03  1.66400E-03  1.79200E-03  1.92000E-03
  2.01600E-03  2.27200E-03  2.52800E-03  2.78400E-03  3.04000E-03  3.29600E-03
  3.55200E-03  3.80800E-03  4.06400E-03  4.57600E-03  5.08800E-03  5.60000E-03
  6.11200E-03  6.62400E-03  7.13600E-03  7.64800E-03  8.16000E-03  9.18400E-03
  1.02080E-02  1.12320E-02  1.22560E-02  1.32800E-02  1.43040E-02  1.53280E-02
  1.63520E-02  1.84000E-02  2.04480E-02  2.24960E-02  2.45440E-02  2.65920E-02
  2.86400E-02  3.06880E-02  3.27360E-02  3.68320E-02  4.09280E-02  4.50240E-02
  4.91200E-02  5.32160E-02  5.73120E-02  6.14080E-02  6.55040E-02  7.36960E-02
  8.18880E-02  9.00800E-02  9.82720E-02  1.06464E-01  1.14656E-01  1.22848E-01
  1.31040E-01  1.47424E-01  1.63808E-01  1.80192E-01  1.96576E-01  2.12960E-01
  2.29344E-01  2.45728E-01  2.62112E-01  2.94880E-01  3.27648E-01  3.60416E-01
  3.93184E-01  4.25952E-01  4.58720E-01  4.91488E-01  5.24256E-01  5.89792E-01
  6.55328E-01  7.20864E-01  7.86400E-01  8.51936E-01  9.17472E-01  9.83008E-01
  1.00000E+00  9.99287E-01  9.99304E-01  9.98851E-01  9.98858E-01  9.98086E-01
  9.95955E-01  9.97814E-01  9.98131E-01  9.95781E-01  9.96846E-01  9.96328E-01
  9.95403E-01  9.95542E-01  9.95295E-01  9.94979E-01  9.92812E-01  9.95380E-01
  9.94852E-01  9.94523E-01  9.92467E-01  9.92822E-01  9.92088E-01  9.91107E-01
  9.90776E-01  9.90439E-01  9.89126E-01  9.88123E-01  9.86650E-01  9.85375E-01
  9.84487E-01  9.83802E-01  9.82367E-01  9.80990E-01  9.80120E-01  9.78441E-01
  9.75937E-01  9.73334E-01  9.71092E-01  9.69120E-01  9.66522E-01  9.63759E-01
  9.61991E-01  9.57859E-01  9.53146E-01  9.49167E-01  9.44371E-01  9.39798E-01
  9.35779E-01  9.31696E-01  9.27176E-01  9.18482E-01  9.10033E-01  9.01813E-01
  8.93749E-01  8.85167E-01  8.77095E-01  8.69143E-01  8.61228E-01  8.45722E-01
  8.30410E-01  8.15202E-01  8.00575E-01  7.86385E-01  7.72061E-01  7.58264E-01
  7.44715E-01  7.18082E-01  6.92547E-01  6.68012E-01  6.44422E-01  6.21623E-01
  5.99682E-01  5.78474E-01  5.58379E-01  5.19916E-01  4.84400E-01  4.51311E-01
  4.20490E-01  3.92194E-01  3.65699E-01  3.40927E-01  3.17962E-01  2.76651E-01
  2.41144E-01  2.10388E-01  1.83771E-01  1.60881E-01  1.41191E-01  1.24113E-01
  1.13320E-01  8.85236E-02  6.94333E-02  5.42689E-02  4.20459E-02  3.24669E-02
  2.53297E-02  2.00523E-02  1.69514E-02  1.06404E-02  6.09763E-03  4.22754E-03
  3.19484E-03  1.81241E-03  7.96677E-04  6.35685E-04 -1.61156E-04 -5.55654E-04
  7.33988E-04 -2.58736E-03 -3.50148E-03  6.36163E-05  1.99188E-03  1.04465E-04
 -1.36342E-03  2.27725E-04  3.84809E-05  5.15398E-04  2.10418E-04  2.04832E-03
  6.47171E-04 -1.88420E-04 -2.09435E-03  2.59515E-03  8.29614E-04 -2.63693E-03
 -2.30376E-04  2.14538E-03  2.04618E-03  6.53316E-05  4.02487E-06  9.42041E-04
  9.02234E-04  8.38605E-04 -1.34044E-05  1.41961E-03  2.52627E-04  1.70013E-03
  1.57352E-03 -6.16647E-04 -8.51094E-04  1.28215E-03  1.11379E-03  1.29356E-03
  1.27398E-03  9.44015E-04  2.56047E-04  4.16012E-05  9.29719E-04  3.86627E-04
  9.86170E-04  8.92775E-04  2.74813E-05 -5.18145E-04  1.82655E-05  2.18115E-04
  4.43667E-04  1.34089E-04  1.98416E-04  6.71553E-04 -7.52481E-04  1.17005E-03
