AutoSaveFileName0011.ASC
 IFORMY    0    .00
 (6E13.7)
 IFORMT    0    .00
 (6E13.7)
 IFORMW    0    .00
 (6E13.7)
 NINTT     0   -1.00
 DOUSNQ    0    1.00
 IQUAD          1.00
 PRWT      0    1.00
 PRY       0    1.00
 IPLRES    1    3.00
 IPLRES    2    3.00
 IPRINT    1    0.00
 IPRINT    2    2.00
 IPLFIT    1    0.00
 IPLFIT    2    0.00
 LINEPG    0   50.
 NONNEG    1    1.00
 IWT       0    5.00
 NQPROG    1    5.00
 NQPROG    2    5.00
 GMNMX     1    2.830E-04
 GMNMX     2    2.830E-01
 RUSER    10    -1.00
 NG        0    200.00
 NLINF     0    0.00
 IUSER    10    4.00
 RUSER    21    1.0
 RUSER    22   -1.0
 RUSER    23    0.0
 RUSER    18         291.80101
 RUSER    17         17.99900
 RUSER    19         1.03560
 RUSER    15         1.33200
 RUSER    16         632.80000
 RUSER    25         1
 RUSER    26         0
 END       0    0.00
 NY      131
  3.75000E-07  5.00000E-07  6.25000E-07  7.50000E-07  8.75000E-07  1.00000E-06
  1.12500E-06  1.25000E-06  1.37500E-06  1.50000E-06  1.62500E-06  1.75000E-06
  1.87500E-06  2.00000E-06  2.25000E-06  2.50000E-06  2.75000E-06  3.00000E-06
  3.25000E-06  3.50000E-06  3.75000E-06  4.00000E-06  4.50000E-06  5.00000E-06
  5.50000E-06  6.00000E-06  6.50000E-06  7.00000E-06  7.50000E-06  8.00000E-06
  9.00000E-06  1.00000E-05  1.10000E-05  1.20000E-05  1.30000E-05  1.40000E-05
  1.50000E-05  1.60000E-05  1.80000E-05  2.00000E-05  2.20000E-05  2.40000E-05
  2.60000E-05  2.80000E-05  3.00000E-05  3.20000E-05  3.60000E-05  4.00000E-05
  4.40000E-05  4.80000E-05  5.20000E-05  5.60000E-05  6.00000E-05  6.40000E-05
  7.20000E-05  8.00000E-05  8.80000E-05  9.60000E-05  1.04000E-04  1.12000E-04
  1.20000E-04  1.28000E-04  1.44000E-04  1.60000E-04  1.76000E-04  1.92000E-04
  2.08000E-04  2.24000E-04  2.40000E-04  2.56000E-04  2.88000E-04  3.20000E-04
  3.52000E-04  3.84000E-04  4.16000E-04  4.48000E-04  4.80000E-04  5.12000E-04
  5.76000E-04  6.40000E-04  7.04000E-04  7.68000E-04  8.32000E-04  8.96000E-04
  9.60000E-04  1.02400E-03  1.15200E-03  1.28000E-03  1.40800E-03  1.53600E-03
  1.66400E-03  1.79200E-03  1.92000E-03  2.01600E-03  2.27200E-03  2.52800E-03
  2.78400E-03  3.04000E-03  3.29600E-03  3.55200E-03  3.80800E-03  4.06400E-03
  4.57600E-03  5.08800E-03  5.60000E-03  6.11200E-03  6.62400E-03  7.13600E-03
  7.64800E-03  8.16000E-03  9.18400E-03  1.02080E-02  1.12320E-02  1.22560E-02
  1.32800E-02  1.43040E-02  1.53280E-02  1.63520E-02  1.84000E-02  2.04480E-02
  2.24960E-02  2.45440E-02  2.65920E-02  2.86400E-02  3.06880E-02  3.27360E-02
  3.68320E-02  4.09280E-02  4.50240E-02  4.91200E-02  5.32160E-02
  1.97561E+00  1.97430E+00  1.97374E+00  1.97359E+00  1.97147E+00  1.97267E+00
  1.97305E+00  1.97083E+00  1.97196E+00  1.97293E+00  1.97029E+00  1.97099E+00
  1.97170E+00  1.97148E+00  1.97099E+00  1.97073E+00  1.97083E+00  1.97094E+00
  1.97147E+00  1.97073E+00  1.97156E+00  1.97125E+00  1.97235E+00  1.97144E+00
  1.97094E+00  1.97187E+00  1.97129E+00  1.97088E+00  1.97053E+00  1.97107E+00
  1.96992E+00  1.97076E+00  1.97074E+00  1.97037E+00  1.97081E+00  1.97108E+00
  1.97049E+00  1.97073E+00  1.97064E+00  1.97036E+00  1.97020E+00  1.97004E+00
  1.96994E+00  1.97032E+00  1.96973E+00  1.96956E+00  1.96926E+00  1.96899E+00
  1.96897E+00  1.96846E+00  1.96889E+00  1.96839E+00  1.96834E+00  1.96806E+00
  1.96785E+00  1.96740E+00  1.96662E+00  1.96628E+00  1.96602E+00  1.96546E+00
  1.96481E+00  1.96435E+00  1.96351E+00  1.96251E+00  1.96155E+00  1.96072E+00
  1.95991E+00  1.95895E+00  1.95807E+00  1.95710E+00  1.95533E+00  1.95339E+00
  1.95160E+00  1.94968E+00  1.94792E+00  1.94611E+00  1.94441E+00  1.94249E+00
  1.93893E+00  1.93526E+00  1.93160E+00  1.92797E+00  1.92452E+00  1.92087E+00
  1.91728E+00  1.91260E+00  1.90556E+00  1.89845E+00  1.89142E+00  1.88454E+00
  1.87760E+00  1.87066E+00  1.86374E+00  1.85552E+00  1.84183E+00  1.82814E+00
  1.81462E+00  1.80122E+00  1.78783E+00  1.77461E+00  1.76162E+00  1.74879E+00
  1.72330E+00  1.69855E+00  1.67444E+00  1.65074E+00  1.62772E+00  1.60511E+00
  1.58308E+00  1.56157E+00  1.51885E+00  1.47675E+00  1.43602E+00  1.39667E+00
  1.35829E+00  1.32041E+00  1.28345E+00  1.24862E+00  1.17938E+00  1.11291E+00
  1.04996E+00  9.90134E-01  9.33757E-01  8.81290E-01  8.30400E-01  7.83707E-01
  6.95194E-01  6.18050E-01  5.51404E-01  4.97583E-01  4.54386E-01
