AutoSaveFileName0046.ASC
 IFORMY    0    .00
 (6E13.7)
 IFORMT    0    .00
 (6E13.7)
 IFORMW    0    .00
 (6E13.7)
 NINTT     0   -1.00
 DOUSNQ    0    1.00
 IQUAD     0    1.00
 PRWT      0    1.00
 PRY       0    1.00
 IPLRES    1    3.00
 IPLRES    2    3.00
 IPRINT    1    0.00
 IPRINT    2    2.00
 IPLFIT    1    0.00
 IPLFIT    2    0.00
 LINEPG    0   50.
 NONNEG    1    1.00
 IWT       0    5.00
 NQPROG    1    5.00
 NQPROG    2    5.00
 GMNMX     1    2.97676E-02
 GMNMX     2    1.06858E-02
 RUSER    10    -1.00
 NG        0    500.00
 NLINF     0    1.00
 IUSER    10    4.00
 RUSER    21    1.0
 RUSER    22   -1.0
 RUSER    23    0.0
 RUSER    18         291.92392
 RUSER    17         34.99800
 RUSER    19         1.03244
 RUSER    15         1.33200
 RUSER    16         632.80000
 RUSER    25         1
 RUSER    26         0
 END       0    0.00
 NY      162
  7.50000E-07  8.75000E-07  1.00000E-06  1.12500E-06  1.25000E-06  1.37500E-06
  1.50000E-06  1.62500E-06  1.75000E-06  1.87500E-06  2.00000E-06  2.25000E-06
  2.50000E-06  2.75000E-06  3.00000E-06  3.25000E-06  3.50000E-06  3.75000E-06
  4.00000E-06  4.50000E-06  5.00000E-06  5.50000E-06  6.00000E-06  6.50000E-06
  7.00000E-06  7.50000E-06  8.00000E-06  9.00000E-06  1.00000E-05  1.10000E-05
  1.20000E-05  1.30000E-05  1.40000E-05  1.50000E-05  1.60000E-05  1.80000E-05
  2.00000E-05  2.20000E-05  2.40000E-05  2.60000E-05  2.80000E-05  3.00000E-05
  3.20000E-05  3.60000E-05  4.00000E-05  4.40000E-05  4.80000E-05  5.20000E-05
  5.60000E-05  6.00000E-05  6.40000E-05  7.20000E-05  8.00000E-05  8.80000E-05
  9.60000E-05  1.04000E-04  1.12000E-04  1.20000E-04  1.28000E-04  1.44000E-04
  1.60000E-04  1.76000E-04  1.92000E-04  2.08000E-04  2.24000E-04  2.40000E-04
  2.56000E-04  2.88000E-04  3.20000E-04  3.52000E-04  3.84000E-04  4.16000E-04
  4.48000E-04  4.80000E-04  5.12000E-04  5.76000E-04  6.40000E-04  7.04000E-04
  7.68000E-04  8.32000E-04  8.96000E-04  9.60000E-04  1.02400E-03  1.15200E-03
  1.28000E-03  1.40800E-03  1.53600E-03  1.66400E-03  1.79200E-03  1.92000E-03
  2.01600E-03  2.27200E-03  2.52800E-03  2.78400E-03  3.04000E-03  3.29600E-03
  3.55200E-03  3.80800E-03  4.06400E-03  4.57600E-03  5.08800E-03  5.60000E-03
  6.11200E-03  6.62400E-03  7.13600E-03  7.64800E-03  8.16000E-03  9.18400E-03
  1.02080E-02  1.12320E-02  1.22560E-02  1.32800E-02  1.43040E-02  1.53280E-02
  1.63520E-02  1.84000E-02  2.04480E-02  2.24960E-02  2.45440E-02  2.65920E-02
  2.86400E-02  3.06880E-02  3.27360E-02  3.68320E-02  4.09280E-02  4.50240E-02
  4.91200E-02  5.32160E-02  5.73120E-02  6.14080E-02  6.55040E-02  7.36960E-02
  8.18880E-02  9.00800E-02  9.82720E-02  1.06464E-01  1.14656E-01  1.22848E-01
  1.31040E-01  1.47424E-01  1.63808E-01  1.80192E-01  1.96576E-01  2.12960E-01
  2.29344E-01  2.45728E-01  2.62112E-01  2.94880E-01  3.27648E-01  3.60416E-01
  3.93184E-01  4.25952E-01  4.58720E-01  4.91488E-01  5.24256E-01  5.89792E-01
  6.55328E-01  7.20864E-01  7.86400E-01  8.51936E-01  9.17472E-01  9.83008E-01
  1.00000E+00  9.98655E-01  9.96007E-01  9.96226E-01  9.97302E-01  9.97818E-01
  9.95997E-01  9.95945E-01  9.96533E-01  9.93473E-01  9.93482E-01  9.96155E-01
  9.96190E-01  9.93685E-01  9.94122E-01  9.93096E-01  9.93315E-01  9.94280E-01
  9.94910E-01  9.93645E-01  9.93131E-01  9.94011E-01  9.91959E-01  9.93864E-01
  9.92011E-01  9.91713E-01  9.92178E-01  9.90499E-01  9.90704E-01  9.90841E-01
  9.89406E-01  9.88743E-01  9.87705E-01  9.88566E-01  9.87639E-01  9.85741E-01
  9.85349E-01  9.83745E-01  9.83634E-01  9.82044E-01  9.81230E-01  9.79154E-01
  9.78638E-01  9.76492E-01  9.73852E-01  9.71835E-01  9.69066E-01  9.67552E-01
  9.64959E-01  9.62862E-01  9.60767E-01  9.56908E-01  9.52415E-01  9.48339E-01
  9.43802E-01  9.39301E-01  9.35452E-01  9.31182E-01  9.26870E-01  9.18819E-01
  9.10847E-01  9.02475E-01  8.94641E-01  8.86921E-01  8.79002E-01  8.71116E-01
  8.63516E-01  8.48631E-01  8.33777E-01  8.19641E-01  8.05434E-01  7.91733E-01
  7.78094E-01  7.65092E-01  7.52229E-01  7.27081E-01  7.02618E-01  6.79158E-01
  6.56542E-01  6.34656E-01  6.13480E-01  5.93178E-01  5.73941E-01  5.36836E-01
  5.01967E-01  4.69557E-01  4.39412E-01  4.11379E-01  3.85133E-01  3.60694E-01
  3.43258E-01  3.02046E-01  2.65871E-01  2.33967E-01  2.06635E-01  1.82591E-01
  1.61586E-01  1.43447E-01  1.28029E-01  1.01812E-01  8.27123E-02  6.83128E-02
  5.65631E-02  4.75038E-02  4.02003E-02  3.47745E-02  3.00072E-02  2.29252E-02
  1.83199E-02  1.64934E-02  1.22277E-02  9.09818E-03  7.17365E-03  3.67503E-03
  1.07535E-03 -2.15020E-04 -7.69815E-04 -2.60252E-03 -2.11616E-03  1.03680E-03
  9.77709E-05 -2.01079E-03 -6.34896E-04  4.43097E-03  8.96057E-03  5.71632E-03
  1.51612E-03  2.79221E-04  4.74572E-04  9.16520E-04  1.26663E-04  2.63547E-03
  3.19471E-03  2.73804E-03 -3.71199E-04 -1.19249E-03 -4.51193E-03 -6.19029E-04
  2.84246E-03  3.45181E-03  1.24917E-03 -4.74965E-03 -4.34409E-04  3.75129E-04
  2.31001E-03  9.25387E-04  9.56437E-04 -1.94076E-03 -1.27778E-03  6.53263E-04
 -7.64611E-04  2.65503E-03  1.48866E-04  2.10289E-03  2.29258E-03  1.05383E-03
  5.11903E-04  8.07101E-04 -1.07017E-03 -1.36063E-03  1.13833E-03 -2.63851E-03
