AutoSaveFileName0126.ASC
 IFORMY    0    .00
 (6E13.7)
 IFORMT    0    .00
 (6E13.7)
 IFORMW    0    .00
 (6E13.7)
 NINTT     0   -1.00
 DOUSNQ    0    1.00
 IQUAD          1.00
 PRWT      0    1.00
 PRY       0    1.00
 IPLRES    1    3.00
 IPLRES    2    3.00
 IPRINT    1    0.00
 IPRINT    2    2.00
 IPLFIT    1    0.00
 IPLFIT    2    0.00
 LINEPG    0   50.
 NONNEG    1    1.00
 IWT       0    5.00
 NQPROG    1    5.00
 NQPROG    2    5.00
 GMNMX     1    1.848E-05
 GMNMX     2    1.848E-02
 RUSER    10    -1.00
 NG        0    200.00
 NLINF     0    0.00
 IUSER    10    4.00
 RUSER    21    1.0
 RUSER    22   -1.0
 RUSER    23    0.0
 RUSER    18         292.20598
 RUSER    17         74.99800
 RUSER    19         1.02526
 RUSER    15         1.33200
 RUSER    16         632.80000
 RUSER    25         1
 RUSER    26         0
 END       0    0.00
 NY      188
  5.00000E-07  6.25000E-07  7.50000E-07  8.75000E-07  1.00000E-06  1.12500E-06
  1.25000E-06  1.37500E-06  1.50000E-06  1.62500E-06  1.75000E-06  1.87500E-06
  2.00000E-06  2.25000E-06  2.50000E-06  2.75000E-06  3.00000E-06  3.25000E-06
  3.50000E-06  3.75000E-06  4.00000E-06  4.50000E-06  5.00000E-06  5.50000E-06
  6.00000E-06  6.50000E-06  7.00000E-06  7.50000E-06  8.00000E-06  9.00000E-06
  1.00000E-05  1.10000E-05  1.20000E-05  1.30000E-05  1.40000E-05  1.50000E-05
  1.60000E-05  1.80000E-05  2.00000E-05  2.20000E-05  2.40000E-05  2.60000E-05
  2.80000E-05  3.00000E-05  3.20000E-05  3.60000E-05  4.00000E-05  4.40000E-05
  4.80000E-05  5.20000E-05  5.60000E-05  6.00000E-05  6.40000E-05  7.20000E-05
  8.00000E-05  8.80000E-05  9.60000E-05  1.04000E-04  1.12000E-04  1.20000E-04
  1.28000E-04  1.44000E-04  1.60000E-04  1.76000E-04  1.92000E-04  2.08000E-04
  2.24000E-04  2.40000E-04  2.56000E-04  2.88000E-04  3.20000E-04  3.52000E-04
  3.84000E-04  4.16000E-04  4.48000E-04  4.80000E-04  5.12000E-04  5.76000E-04
  6.40000E-04  7.04000E-04  7.68000E-04  8.32000E-04  8.96000E-04  9.60000E-04
  1.02400E-03  1.15200E-03  1.28000E-03  1.40800E-03  1.53600E-03  1.66400E-03
  1.79200E-03  1.92000E-03  2.01600E-03  2.27200E-03  2.52800E-03  2.78400E-03
  3.04000E-03  3.29600E-03  3.55200E-03  3.80800E-03  4.06400E-03  4.57600E-03
  5.08800E-03  5.60000E-03  6.11200E-03  6.62400E-03  7.13600E-03  7.64800E-03
  8.16000E-03  9.18400E-03  1.02080E-02  1.12320E-02  1.22560E-02  1.32800E-02
  1.43040E-02  1.53280E-02  1.63520E-02  1.84000E-02  2.04480E-02  2.24960E-02
  2.45440E-02  2.65920E-02  2.86400E-02  3.06880E-02  3.27360E-02  3.68320E-02
  4.09280E-02  4.50240E-02  4.91200E-02  5.32160E-02  5.73120E-02  6.14080E-02
  6.55040E-02  7.36960E-02  8.18880E-02  9.00800E-02  9.82720E-02  1.06464E-01
  1.14656E-01  1.22848E-01  1.31040E-01  1.47424E-01  1.63808E-01  1.80192E-01
  1.96576E-01  2.12960E-01  2.29344E-01  2.45728E-01  2.62112E-01  2.94880E-01
  3.27648E-01  3.60416E-01  3.93184E-01  4.25952E-01  4.58720E-01  4.91488E-01
  5.24256E-01  5.89792E-01  6.55328E-01  7.20864E-01  7.86400E-01  8.51936E-01
  9.17472E-01  9.83008E-01  1.04854E+00  1.17962E+00  1.31069E+00  1.44176E+00
  1.57283E+00  1.70390E+00  1.83498E+00  1.96605E+00  2.09712E+00  2.35926E+00
  2.62141E+00  2.88355E+00  3.14570E+00  3.40784E+00  3.66998E+00  3.93213E+00
  4.19427E+00  4.71856E+00  5.24285E+00  5.76714E+00  6.29142E+00  6.81571E+00
  7.34000E+00  7.86429E+00
  9.95431E-01  9.94135E-01  9.92813E-01  9.92433E-01  9.89383E-01  9.90090E-01
  9.89941E-01  9.89807E-01  9.90118E-01  9.90475E-01  9.92075E-01  9.90938E-01
  9.89687E-01  9.89878E-01  9.88495E-01  9.90689E-01  9.88483E-01  9.88637E-01
  9.90045E-01  9.89323E-01  9.89063E-01  9.89305E-01  9.88978E-01  9.89284E-01
  9.88916E-01  9.88396E-01  9.89066E-01  9.88250E-01  9.88379E-01  9.89031E-01
  9.88681E-01  9.88393E-01  9.88449E-01  9.87274E-01  9.87783E-01  9.87776E-01
  9.87935E-01  9.86822E-01  9.86680E-01  9.86228E-01  9.85869E-01  9.86000E-01
  9.85293E-01  9.85390E-01  9.84580E-01  9.84078E-01  9.83234E-01  9.82419E-01
  9.81387E-01  9.80812E-01  9.80376E-01  9.79681E-01  9.78912E-01  9.77408E-01
  9.76006E-01  9.74714E-01  9.73028E-01  9.71683E-01  9.70009E-01  9.68606E-01
  9.67139E-01  9.64194E-01  9.61340E-01  9.58243E-01  9.55351E-01  9.52631E-01
  9.49577E-01  9.46828E-01  9.43663E-01  9.38090E-01  9.32277E-01  9.26663E-01
  9.20965E-01  9.15300E-01  9.09750E-01  9.04186E-01  8.98675E-01  8.87812E-01
  8.77129E-01  8.66507E-01  8.55840E-01  8.45420E-01  8.35181E-01  8.25045E-01
  8.14761E-01  7.94925E-01  7.75691E-01  7.57037E-01  7.38651E-01  7.20800E-01
  7.03552E-01  6.86581E-01  6.73275E-01  6.41446E-01  6.11632E-01  5.83518E-01
  5.56879E-01  5.31856E-01  5.08128E-01  4.85532E-01  4.64630E-01  4.25142E-01
  3.89540E-01  3.56671E-01  3.26836E-01  2.99744E-01  2.74564E-01  2.51675E-01
  2.31381E-01  1.94675E-01  1.63452E-01  1.37555E-01  1.16516E-01  9.94233E-02
  8.42750E-02  7.24377E-02  6.39465E-02  4.96818E-02  3.90795E-02  3.07885E-02
  2.52278E-02  2.14494E-02  1.71105E-02  1.40345E-02  8.77568E-03  2.67144E-03
  8.49464E-04  2.69355E-03  8.42380E-05  9.29868E-05 -6.80432E-03 -1.15342E-02
 -1.11063E-02 -6.83567E-03 -4.65471E-03 -3.85796E-03 -2.38336E-03 -3.34671E-03
 -2.31747E-03 -3.10556E-03 -5.30771E-03 -3.14669E-03 -1.42625E-03 -3.63292E-03
  9.87886E-04  7.47655E-03 -1.12597E-02 -4.24076E-03 -3.25328E-03 -1.06868E-03
  1.43811E-04 -3.91777E-03  6.34744E-03 -3.42936E-03 -8.37613E-03 -7.80195E-03
 -7.02167E-03 -2.33055E-03  1.39447E-03 -7.41690E-03  1.05855E-02 -4.38314E-03
 -9.08500E-04  7.59059E-03  2.42311E-03 -3.31087E-03  1.49513E-03 -1.26989E-03
 -2.82355E-03  7.15078E-04 -2.99168E-03  4.11077E-03  1.19814E-03 -4.46863E-04
  1.95939E-03 -2.96511E-03 -5.87513E-04  1.83955E-03  2.97628E-03 -7.95243E-04
 -8.56856E-04 -1.59672E-03 -1.49179E-03 -9.02629E-04  1.43235E-03 -2.91709E-03
  1.94749E-03 -3.03074E-03
