AutoSaveFileName0282.ASC
 IFORMY    0    .00
 (6E13.7)
 IFORMT    0    .00
 (6E13.7)
 IFORMW    0    .00
 (6E13.7)
 NINTT     0   -1.00
 DOUSNQ    0    1.00
 IQUAD          1.00
 PRWT      0    1.00
 PRY       0    1.00
 IPLRES    1    3.00
 IPLRES    2    3.00
 IPRINT    1    0.00
 IPRINT    2    2.00
 IPLFIT    1    0.00
 IPLFIT    2    0.00
 LINEPG    0   50.
 NONNEG    1    1.00
 IWT       0    5.00
 NQPROG    1    5.00
 NQPROG    2    5.00
 GMNMX     1    1.035E-05
 GMNMX     2    1.035E-02
 RUSER    10    -1.00
 NG        0    200.00
 NLINF     0    0.00
 IUSER    10    4.00
 RUSER    21    1.0
 RUSER    22   -1.0
 RUSER    23    0.0
 RUSER    18         292.14669
 RUSER    17         108.99900
 RUSER    19         1.02676
 RUSER    15         1.33200
 RUSER    16         632.80000
 RUSER    25         1
 RUSER    26         0
 END       0    0.00
 NY      131
  3.75000E-07  5.00000E-07  6.25000E-07  7.50000E-07  8.75000E-07  1.00000E-06
  1.12500E-06  1.25000E-06  1.37500E-06  1.50000E-06  1.62500E-06  1.75000E-06
  1.87500E-06  2.00000E-06  2.25000E-06  2.50000E-06  2.75000E-06  3.00000E-06
  3.25000E-06  3.50000E-06  3.75000E-06  4.00000E-06  4.50000E-06  5.00000E-06
  5.50000E-06  6.00000E-06  6.50000E-06  7.00000E-06  7.50000E-06  8.00000E-06
  9.00000E-06  1.00000E-05  1.10000E-05  1.20000E-05  1.30000E-05  1.40000E-05
  1.50000E-05  1.60000E-05  1.80000E-05  2.00000E-05  2.20000E-05  2.40000E-05
  2.60000E-05  2.80000E-05  3.00000E-05  3.20000E-05  3.60000E-05  4.00000E-05
  4.40000E-05  4.80000E-05  5.20000E-05  5.60000E-05  6.00000E-05  6.40000E-05
  7.20000E-05  8.00000E-05  8.80000E-05  9.60000E-05  1.04000E-04  1.12000E-04
  1.20000E-04  1.28000E-04  1.44000E-04  1.60000E-04  1.76000E-04  1.92000E-04
  2.08000E-04  2.24000E-04  2.40000E-04  2.56000E-04  2.88000E-04  3.20000E-04
  3.52000E-04  3.84000E-04  4.16000E-04  4.48000E-04  4.80000E-04  5.12000E-04
  5.76000E-04  6.40000E-04  7.04000E-04  7.68000E-04  8.32000E-04  8.96000E-04
  9.60000E-04  1.02400E-03  1.15200E-03  1.28000E-03  1.40800E-03  1.53600E-03
  1.66400E-03  1.79200E-03  1.92000E-03  2.01600E-03  2.27200E-03  2.52800E-03
  2.78400E-03  3.04000E-03  3.29600E-03  3.55200E-03  3.80800E-03  4.06400E-03
  4.57600E-03  5.08800E-03  5.60000E-03  6.11200E-03  6.62400E-03  7.13600E-03
  7.64800E-03  8.16000E-03  9.18400E-03  1.02080E-02  1.12320E-02  1.22560E-02
  1.32800E-02  1.43040E-02  1.53280E-02  1.63520E-02  1.84000E-02  2.04480E-02
  2.24960E-02  2.45440E-02  2.65920E-02  2.86400E-02  3.06880E-02  3.27360E-02
  3.68320E-02  4.09280E-02  4.50240E-02  4.91200E-02  5.32160E-02
  8.08108E-01  8.08133E-01  8.04996E-01  8.06123E-01  8.00753E-01  8.04027E-01
  8.05299E-01  8.03710E-01  8.05944E-01  8.01412E-01  8.03630E-01  8.00380E-01
  8.01328E-01  8.02927E-01  8.03055E-01  8.02204E-01  8.01666E-01  8.02624E-01
  8.03334E-01  8.02882E-01  8.02881E-01  8.00786E-01  8.01151E-01  8.00406E-01
  8.00758E-01  8.00084E-01  8.01411E-01  8.00027E-01  7.99191E-01  8.00719E-01
  7.98882E-01  7.97871E-01  7.97796E-01  7.98011E-01  7.95118E-01  7.96721E-01
  7.96197E-01  7.95131E-01  7.93502E-01  7.92550E-01  7.91855E-01  7.91505E-01
  7.89137E-01  7.88979E-01  7.87273E-01  7.85706E-01  7.84006E-01  7.81630E-01
  7.79155E-01  7.77227E-01  7.74743E-01  7.72663E-01  7.71045E-01  7.68602E-01
  7.64718E-01  7.60008E-01  7.55802E-01  7.51628E-01  7.47256E-01  7.43099E-01
  7.39074E-01  7.34890E-01  7.26897E-01  7.18903E-01  7.11070E-01  7.03267E-01
  6.95367E-01  6.87632E-01  6.80488E-01  6.72748E-01  6.58177E-01  6.43512E-01
  6.29049E-01  6.15281E-01  6.01532E-01  5.88224E-01  5.75174E-01  5.62634E-01
  5.37909E-01  5.14320E-01  4.91795E-01  4.70133E-01  4.49292E-01  4.29417E-01
  4.10527E-01  3.92711E-01  3.58776E-01  3.27944E-01  2.99710E-01  2.73886E-01
  2.50284E-01  2.29362E-01  2.10040E-01  1.97722E-01  1.65556E-01  1.38352E-01
  1.15131E-01  9.55697E-02  7.88417E-02  6.53525E-02  5.32245E-02  4.26157E-02
  2.66840E-02  1.77348E-02  1.24783E-02  1.05980E-02  1.01841E-02  1.27150E-02
  1.67745E-02  1.67492E-02  1.29785E-02  4.57784E-03  1.31231E-04  1.35042E-03
 -1.00355E-03 -8.10130E-03 -1.04090E-02 -5.87339E-03  5.67841E-05  4.25301E-03
  1.50275E-03  1.08221E-02  1.51823E-02  4.79948E-03  2.46646E-03  3.00440E-03
  1.72848E-03  1.00401E-02 -3.16388E-03 -7.97364E-03  9.68149E-04
