AutoSaveFileName0339.ASC
 IFORMY    0    .00
 (6E13.7)
 IFORMT    0    .00
 (6E13.7)
 IFORMW    0    .00
 (6E13.7)
 NINTT     0   -1.00
 DOUSNQ    0    1.00
 IQUAD          1.00
 PRWT      0    1.00
 PRY       0    1.00
 IPLRES    1    3.00
 IPLRES    2    3.00
 IPRINT    1    0.00
 IPRINT    2    2.00
 IPLFIT    1    0.00
 IPLFIT    2    0.00
 LINEPG    0   50.
 NONNEG    1    1.00
 IWT       0    5.00
 NQPROG    1    5.00
 NQPROG    2    5.00
 GMNMX     1    8.465E-06
 GMNMX     2    8.465E-03
 RUSER    10    -1.00
 NG        0    200.00
 NLINF     0    0.00
 IUSER    10    4.00
 RUSER    21    1.0
 RUSER    22   -1.0
 RUSER    23    0.0
 RUSER    18         292.24768
 RUSER    17         127.99900
 RUSER    19         1.02420
 RUSER    15         1.33200
 RUSER    16         632.80000
 RUSER    25         1
 RUSER    26         0
 END       0    0.00
 NY      131
  3.75000E-07  5.00000E-07  6.25000E-07  7.50000E-07  8.75000E-07  1.00000E-06
  1.12500E-06  1.25000E-06  1.37500E-06  1.50000E-06  1.62500E-06  1.75000E-06
  1.87500E-06  2.00000E-06  2.25000E-06  2.50000E-06  2.75000E-06  3.00000E-06
  3.25000E-06  3.50000E-06  3.75000E-06  4.00000E-06  4.50000E-06  5.00000E-06
  5.50000E-06  6.00000E-06  6.50000E-06  7.00000E-06  7.50000E-06  8.00000E-06
  9.00000E-06  1.00000E-05  1.10000E-05  1.20000E-05  1.30000E-05  1.40000E-05
  1.50000E-05  1.60000E-05  1.80000E-05  2.00000E-05  2.20000E-05  2.40000E-05
  2.60000E-05  2.80000E-05  3.00000E-05  3.20000E-05  3.60000E-05  4.00000E-05
  4.40000E-05  4.80000E-05  5.20000E-05  5.60000E-05  6.00000E-05  6.40000E-05
  7.20000E-05  8.00000E-05  8.80000E-05  9.60000E-05  1.04000E-04  1.12000E-04
  1.20000E-04  1.28000E-04  1.44000E-04  1.60000E-04  1.76000E-04  1.92000E-04
  2.08000E-04  2.24000E-04  2.40000E-04  2.56000E-04  2.88000E-04  3.20000E-04
  3.52000E-04  3.84000E-04  4.16000E-04  4.48000E-04  4.80000E-04  5.12000E-04
  5.76000E-04  6.40000E-04  7.04000E-04  7.68000E-04  8.32000E-04  8.96000E-04
  9.60000E-04  1.02400E-03  1.15200E-03  1.28000E-03  1.40800E-03  1.53600E-03
  1.66400E-03  1.79200E-03  1.92000E-03  2.01600E-03  2.27200E-03  2.52800E-03
  2.78400E-03  3.04000E-03  3.29600E-03  3.55200E-03  3.80800E-03  4.06400E-03
  4.57600E-03  5.08800E-03  5.60000E-03  6.11200E-03  6.62400E-03  7.13600E-03
  7.64800E-03  8.16000E-03  9.18400E-03  1.02080E-02  1.12320E-02  1.22560E-02
  1.32800E-02  1.43040E-02  1.53280E-02  1.63520E-02  1.84000E-02  2.04480E-02
  2.24960E-02  2.45440E-02  2.65920E-02  2.86400E-02  3.06880E-02  3.27360E-02
  3.68320E-02  4.09280E-02  4.50240E-02  4.91200E-02  5.32160E-02
  8.31055E-01  8.34443E-01  8.31789E-01  8.27944E-01  8.26377E-01  8.27563E-01
  8.20771E-01  8.26584E-01  8.26334E-01  8.25445E-01  8.25835E-01  8.27600E-01
  8.24951E-01  8.24262E-01  8.25277E-01  8.21940E-01  8.22620E-01  8.22422E-01
  8.23778E-01  8.23653E-01  8.24208E-01  8.23928E-01  8.23369E-01  8.24216E-01
  8.21437E-01  8.22786E-01  8.23832E-01  8.23064E-01  8.20876E-01  8.22981E-01
  8.20433E-01  8.20686E-01  8.19392E-01  8.18875E-01  8.17664E-01  8.16458E-01
  8.17459E-01  8.16753E-01  8.14145E-01  8.12776E-01  8.11171E-01  8.10961E-01
  8.08937E-01  8.07874E-01  8.06715E-01  8.05890E-01  8.02723E-01  8.00109E-01
  7.96846E-01  7.94048E-01  7.90947E-01  7.89368E-01  7.85550E-01  7.84157E-01
  7.78577E-01  7.72900E-01  7.68079E-01  7.63113E-01  7.57225E-01  7.52928E-01
  7.48255E-01  7.43133E-01  7.32849E-01  7.23060E-01  7.14040E-01  7.04505E-01
  6.95098E-01  6.85850E-01  6.76728E-01  6.68326E-01  6.50561E-01  6.33378E-01
  6.17058E-01  6.00878E-01  5.85331E-01  5.70140E-01  5.55238E-01  5.40632E-01
  5.13026E-01  4.86978E-01  4.62442E-01  4.39095E-01  4.17355E-01  3.97025E-01
  3.77294E-01  3.59130E-01  3.25287E-01  2.95385E-01  2.68075E-01  2.42722E-01
  2.19757E-01  1.99161E-01  1.79958E-01  1.65357E-01  1.32843E-01  1.06453E-01
  8.52866E-02  6.75125E-02  5.38792E-02  4.33330E-02  3.43042E-02  2.76079E-02
  1.73857E-02  8.81106E-03  2.43025E-03 -1.74516E-03 -1.68605E-03  1.60247E-03
  5.03450E-03  6.66930E-03  5.97810E-03  5.01456E-03  8.57631E-03  6.01966E-03
  2.49256E-03  1.49770E-03 -2.08459E-03 -1.80919E-03 -3.34633E-03 -3.33508E-03
 -3.96595E-03 -1.02405E-02 -1.09969E-02 -7.30706E-03  3.01141E-04  7.82614E-04
 -7.26138E-03  7.67202E-04  2.74303E-03  8.46228E-04 -7.91045E-05
