AutoSaveFileName0206.ASC
 IFORMY    0    .00
 (6E13.7)
 IFORMT    0    .00
 (6E13.7)
 IFORMW    0    .00
 (6E13.7)
 NINTT     0   -1.00
 DOUSNQ    0    1.00
 IQUAD          1.00
 PRWT      0    1.00
 PRY       0    1.00
 IPLRES    1    3.00
 IPLRES    2    3.00
 IPRINT    1    0.00
 IPRINT    2    2.00
 IPLFIT    1    0.00
 IPLFIT    2    0.00
 LINEPG    0   50.
 NONNEG    1    1.00
 IWT       0    5.00
 NQPROG    1    5.00
 NQPROG    2    5.00
 GMNMX     1    9.617E-06
 GMNMX     2    9.617E-03
 RUSER    10    -1.00
 NG        0    200.00
 NLINF     0    0.00
 IUSER    10    4.00
 RUSER    21    1.0
 RUSER    22   -1.0
 RUSER    23    0.0
 RUSER    18         292.23460
 RUSER    17         114.99900
 RUSER    19         1.02453
 RUSER    15         1.33200
 RUSER    16         632.80000
 RUSER    25         1
 RUSER    26         0
 END       0    0.00
 NY      188
  5.00000E-07  6.25000E-07  7.50000E-07  8.75000E-07  1.00000E-06  1.12500E-06
  1.25000E-06  1.37500E-06  1.50000E-06  1.62500E-06  1.75000E-06  1.87500E-06
  2.00000E-06  2.25000E-06  2.50000E-06  2.75000E-06  3.00000E-06  3.25000E-06
  3.50000E-06  3.75000E-06  4.00000E-06  4.50000E-06  5.00000E-06  5.50000E-06
  6.00000E-06  6.50000E-06  7.00000E-06  7.50000E-06  8.00000E-06  9.00000E-06
  1.00000E-05  1.10000E-05  1.20000E-05  1.30000E-05  1.40000E-05  1.50000E-05
  1.60000E-05  1.80000E-05  2.00000E-05  2.20000E-05  2.40000E-05  2.60000E-05
  2.80000E-05  3.00000E-05  3.20000E-05  3.60000E-05  4.00000E-05  4.40000E-05
  4.80000E-05  5.20000E-05  5.60000E-05  6.00000E-05  6.40000E-05  7.20000E-05
  8.00000E-05  8.80000E-05  9.60000E-05  1.04000E-04  1.12000E-04  1.20000E-04
  1.28000E-04  1.44000E-04  1.60000E-04  1.76000E-04  1.92000E-04  2.08000E-04
  2.24000E-04  2.40000E-04  2.56000E-04  2.88000E-04  3.20000E-04  3.52000E-04
  3.84000E-04  4.16000E-04  4.48000E-04  4.80000E-04  5.12000E-04  5.76000E-04
  6.40000E-04  7.04000E-04  7.68000E-04  8.32000E-04  8.96000E-04  9.60000E-04
  1.02400E-03  1.15200E-03  1.28000E-03  1.40800E-03  1.53600E-03  1.66400E-03
  1.79200E-03  1.92000E-03  2.01600E-03  2.27200E-03  2.52800E-03  2.78400E-03
  3.04000E-03  3.29600E-03  3.55200E-03  3.80800E-03  4.06400E-03  4.57600E-03
  5.08800E-03  5.60000E-03  6.11200E-03  6.62400E-03  7.13600E-03  7.64800E-03
  8.16000E-03  9.18400E-03  1.02080E-02  1.12320E-02  1.22560E-02  1.32800E-02
  1.43040E-02  1.53280E-02  1.63520E-02  1.84000E-02  2.04480E-02  2.24960E-02
  2.45440E-02  2.65920E-02  2.86400E-02  3.06880E-02  3.27360E-02  3.68320E-02
  4.09280E-02  4.50240E-02  4.91200E-02  5.32160E-02  5.73120E-02  6.14080E-02
  6.55040E-02  7.36960E-02  8.18880E-02  9.00800E-02  9.82720E-02  1.06464E-01
  1.14656E-01  1.22848E-01  1.31040E-01  1.47424E-01  1.63808E-01  1.80192E-01
  1.96576E-01  2.12960E-01  2.29344E-01  2.45728E-01  2.62112E-01  2.94880E-01
  3.27648E-01  3.60416E-01  3.93184E-01  4.25952E-01  4.58720E-01  4.91488E-01
  5.24256E-01  5.89792E-01  6.55328E-01  7.20864E-01  7.86400E-01  8.51936E-01
  9.17472E-01  9.83008E-01  1.04854E+00  1.17962E+00  1.31069E+00  1.44176E+00
  1.57283E+00  1.70390E+00  1.83498E+00  1.96605E+00  2.09712E+00  2.35926E+00
  2.62141E+00  2.88355E+00  3.14570E+00  3.40784E+00  3.66998E+00  3.93213E+00
  4.19427E+00  4.71856E+00  5.24285E+00  5.76714E+00  6.29142E+00  6.81571E+00
  7.34000E+00  7.86429E+00
  9.97950E-01  9.93666E-01  9.94109E-01  9.94409E-01  9.92276E-01  9.92751E-01
  9.91380E-01  9.93517E-01  9.92156E-01  9.91850E-01  9.91398E-01  9.92159E-01
  9.91457E-01  9.91341E-01  9.91776E-01  9.91490E-01  9.92021E-01  9.91743E-01
  9.90238E-01  9.91092E-01  9.91429E-01  9.90847E-01  9.90539E-01  9.90638E-01
  9.90594E-01  9.90271E-01  9.89196E-01  9.88864E-01  9.89207E-01  9.89355E-01
  9.88944E-01  9.89205E-01  9.87863E-01  9.87904E-01  9.87079E-01  9.87133E-01
  9.86901E-01  9.85720E-01  9.85637E-01  9.84996E-01  9.84171E-01  9.83078E-01
  9.81988E-01  9.81723E-01  9.80836E-01  9.79458E-01  9.78109E-01  9.76313E-01
  9.74747E-01  9.73454E-01  9.71740E-01  9.70452E-01  9.69036E-01  9.65774E-01
  9.62735E-01  9.60078E-01  9.56704E-01  9.53861E-01  9.50855E-01  9.47908E-01
  9.44821E-01  9.38788E-01  9.33110E-01  9.27217E-01  9.21414E-01  9.15665E-01
  9.09823E-01  9.04007E-01  8.98234E-01  8.87032E-01  8.75734E-01  8.64569E-01
  8.53654E-01  8.42851E-01  8.32202E-01  8.21632E-01  8.11265E-01  7.90960E-01
  7.71135E-01  7.51639E-01  7.33001E-01  7.14651E-01  6.96855E-01  6.79524E-01
  6.62818E-01  6.30180E-01  5.99301E-01  5.70223E-01  5.42745E-01  5.16660E-01
  4.91936E-01  4.68339E-01  4.51329E-01  4.09423E-01  3.71860E-01  3.37866E-01
  3.07465E-01  2.79706E-01  2.54603E-01  2.31713E-01  2.11631E-01  1.75809E-01
  1.46033E-01  1.21664E-01  1.01495E-01  8.50737E-02  7.14987E-02  5.99450E-02
  5.11528E-02  3.66077E-02  2.54180E-02  1.76585E-02  9.98309E-03  4.27944E-03
  1.09849E-03 -2.26729E-04 -1.74069E-03 -2.58254E-03 -2.35785E-03 -2.50848E-03
 -2.58383E-03 -1.49307E-03 -3.08752E-03 -2.42180E-03 -2.96307E-03 -5.07092E-03
 -3.27513E-03  2.13473E-05  3.06777E-03 -5.84776E-03 -5.82305E-03 -6.60717E-03
 -3.65518E-03  3.20996E-03  2.33447E-04 -1.95648E-03 -2.12818E-03  3.36500E-03
  7.88482E-04 -5.77649E-03  3.00465E-04 -2.62091E-03 -3.19820E-03 -2.74443E-03
  2.34734E-03  8.05811E-04  1.90540E-03  7.42705E-03  1.44965E-03  6.35157E-04
  8.69756E-04 -1.51720E-03  1.23377E-03  4.25124E-03  2.36159E-03  3.07046E-03
  2.89887E-03 -2.20504E-03  9.36579E-04 -3.42084E-03  1.58839E-03  4.37418E-04
  2.18931E-03  2.75909E-03  1.26873E-03 -2.30602E-03  2.96796E-04 -1.33254E-03
 -1.37100E-03  1.39151E-05  2.11266E-03 -5.08880E-04 -1.10506E-03 -1.06416E-03
 -1.81242E-03 -2.14600E-03 -4.10703E-04 -3.30695E-04  9.56296E-04  1.37115E-04
 -1.54690E-03  7.10919E-05 -9.64576E-05  8.94902E-04 -5.63021E-04 -9.12903E-05
  1.67928E-03  1.01293E-03
