AutoSaveFileName0204.ASC
 IFORMY    0    .00
 (6E13.7)
 IFORMT    0    .00
 (6E13.7)
 IFORMW    0    .00
 (6E13.7)
 NINTT     0   -1.00
 DOUSNQ    0    1.00
 IQUAD          1.00
 PRWT      0    1.00
 PRY       0    1.00
 IPLRES    1    3.00
 IPLRES    2    3.00
 IPRINT    1    0.00
 IPRINT    2    2.00
 IPLFIT    1    0.00
 IPLFIT    2    0.00
 LINEPG    0   50.
 NONNEG    1    1.00
 IWT       0    5.00
 NQPROG    1    5.00
 NQPROG    2    5.00
 GMNMX     1    1.567E-05
 GMNMX     2    1.567E-02
 RUSER    10    -1.00
 NG        0    200.00
 NLINF     0    0.00
 IUSER    10    4.00
 RUSER    21    1.0
 RUSER    22   -1.0
 RUSER    23    0.0
 RUSER    18         292.03400
 RUSER    17         82.99900
 RUSER    19         1.02963
 RUSER    15         1.33200
 RUSER    16         632.80000
 RUSER    25         1
 RUSER    26         0
 END       0    0.00
 NY      131
  3.75000E-07  5.00000E-07  6.25000E-07  7.50000E-07  8.75000E-07  1.00000E-06
  1.12500E-06  1.25000E-06  1.37500E-06  1.50000E-06  1.62500E-06  1.75000E-06
  1.87500E-06  2.00000E-06  2.25000E-06  2.50000E-06  2.75000E-06  3.00000E-06
  3.25000E-06  3.50000E-06  3.75000E-06  4.00000E-06  4.50000E-06  5.00000E-06
  5.50000E-06  6.00000E-06  6.50000E-06  7.00000E-06  7.50000E-06  8.00000E-06
  9.00000E-06  1.00000E-05  1.10000E-05  1.20000E-05  1.30000E-05  1.40000E-05
  1.50000E-05  1.60000E-05  1.80000E-05  2.00000E-05  2.20000E-05  2.40000E-05
  2.60000E-05  2.80000E-05  3.00000E-05  3.20000E-05  3.60000E-05  4.00000E-05
  4.40000E-05  4.80000E-05  5.20000E-05  5.60000E-05  6.00000E-05  6.40000E-05
  7.20000E-05  8.00000E-05  8.80000E-05  9.60000E-05  1.04000E-04  1.12000E-04
  1.20000E-04  1.28000E-04  1.44000E-04  1.60000E-04  1.76000E-04  1.92000E-04
  2.08000E-04  2.24000E-04  2.40000E-04  2.56000E-04  2.88000E-04  3.20000E-04
  3.52000E-04  3.84000E-04  4.16000E-04  4.48000E-04  4.80000E-04  5.12000E-04
  5.76000E-04  6.40000E-04  7.04000E-04  7.68000E-04  8.32000E-04  8.96000E-04
  9.60000E-04  1.02400E-03  1.15200E-03  1.28000E-03  1.40800E-03  1.53600E-03
  1.66400E-03  1.79200E-03  1.92000E-03  2.01600E-03  2.27200E-03  2.52800E-03
  2.78400E-03  3.04000E-03  3.29600E-03  3.55200E-03  3.80800E-03  4.06400E-03
  4.57600E-03  5.08800E-03  5.60000E-03  6.11200E-03  6.62400E-03  7.13600E-03
  7.64800E-03  8.16000E-03  9.18400E-03  1.02080E-02  1.12320E-02  1.22560E-02
  1.32800E-02  1.43040E-02  1.53280E-02  1.63520E-02  1.84000E-02  2.04480E-02
  2.24960E-02  2.45440E-02  2.65920E-02  2.86400E-02  3.06880E-02  3.27360E-02
  3.68320E-02  4.09280E-02  4.50240E-02  4.91200E-02  5.32160E-02
  6.79716E-01  6.79262E-01  6.78601E-01  6.78427E-01  6.77181E-01  6.76960E-01
  6.76844E-01  6.77313E-01  6.76871E-01  6.77028E-01  6.75882E-01  6.76962E-01
  6.77114E-01  6.76614E-01  6.76784E-01  6.77172E-01  6.77177E-01  6.76485E-01
  6.77213E-01  6.77439E-01  6.76822E-01  6.76462E-01  6.76197E-01  6.75989E-01
  6.76334E-01  6.75683E-01  6.75516E-01  6.75195E-01  6.74789E-01  6.74961E-01
  6.74726E-01  6.74401E-01  6.74029E-01  6.74029E-01  6.73335E-01  6.73330E-01
  6.73042E-01  6.72862E-01  6.72011E-01  6.71550E-01  6.71195E-01  6.70435E-01
  6.69849E-01  6.69329E-01  6.68695E-01  6.68047E-01  6.67002E-01  6.65669E-01
  6.64591E-01  6.63394E-01  6.62278E-01  6.61135E-01  6.59933E-01  6.58731E-01
  6.56393E-01  6.53930E-01  6.51708E-01  6.49465E-01  6.47207E-01  6.44850E-01
  6.42622E-01  6.40390E-01  6.35947E-01  6.31397E-01  6.27024E-01  6.22712E-01
  6.18388E-01  6.13931E-01  6.09724E-01  6.05604E-01  5.97176E-01  5.88956E-01
  5.80709E-01  5.72744E-01  5.64761E-01  5.56892E-01  5.49135E-01  5.41843E-01
  5.26951E-01  5.12396E-01  4.98341E-01  4.84688E-01  4.71428E-01  4.58521E-01
  4.46069E-01  4.34194E-01  4.10751E-01  3.88852E-01  3.68438E-01  3.49322E-01
  3.31309E-01  3.14333E-01  2.98304E-01  2.87623E-01  2.59684E-01  2.34744E-01
  2.12898E-01  1.93314E-01  1.74872E-01  1.58480E-01  1.44144E-01  1.31105E-01
  1.07738E-01  8.88194E-02  7.25133E-02  5.76889E-02  4.55673E-02  3.66224E-02
  2.94282E-02  2.46585E-02  1.77670E-02  1.24758E-02  1.12855E-02  9.34533E-03
  6.63962E-03 -6.96646E-04 -7.19722E-03 -7.68787E-03 -2.87642E-03  2.69016E-03
  2.33327E-03  6.85624E-04 -3.93333E-04 -1.12739E-03  2.22975E-03  4.74681E-03
  3.64255E-03 -4.51654E-03 -2.85905E-03  1.04831E-03 -2.80161E-03
