AutoSaveFileName0096.ASC
 IFORMY    0    .00
 (6E13.7)
 IFORMT    0    .00
 (6E13.7)
 IFORMW    0    .00
 (6E13.7)
 NINTT     0   -1.00
 DOUSNQ    0    1.00
 IQUAD          1.00
 PRWT      0    1.00
 PRY       0    1.00
 IPLRES    1    3.00
 IPLRES    2    3.00
 IPRINT    1    0.00
 IPRINT    2    2.00
 IPLFIT    1    0.00
 IPLFIT    2    0.00
 LINEPG    0   50.
 NONNEG    1    1.00
 IWT       0    5.00
 NQPROG    1    5.00
 NQPROG    2    5.00
 GMNMX     1    4.345E-05
 GMNMX     2    4.345E-02
 RUSER    10    -1.00
 NG        0    200.00
 NLINF     0    0.00
 IUSER    10    4.00
 RUSER    21    1.0
 RUSER    22   -1.0
 RUSER    23    0.0
 RUSER    18         291.88932
 RUSER    17         46.99900
 RUSER    19         1.03333
 RUSER    15         1.33200
 RUSER    16         632.80000
 RUSER    25         1
 RUSER    26         0
 END       0    0.00
 NY      131
  3.75000E-07  5.00000E-07  6.25000E-07  7.50000E-07  8.75000E-07  1.00000E-06
  1.12500E-06  1.25000E-06  1.37500E-06  1.50000E-06  1.62500E-06  1.75000E-06
  1.87500E-06  2.00000E-06  2.25000E-06  2.50000E-06  2.75000E-06  3.00000E-06
  3.25000E-06  3.50000E-06  3.75000E-06  4.00000E-06  4.50000E-06  5.00000E-06
  5.50000E-06  6.00000E-06  6.50000E-06  7.00000E-06  7.50000E-06  8.00000E-06
  9.00000E-06  1.00000E-05  1.10000E-05  1.20000E-05  1.30000E-05  1.40000E-05
  1.50000E-05  1.60000E-05  1.80000E-05  2.00000E-05  2.20000E-05  2.40000E-05
  2.60000E-05  2.80000E-05  3.00000E-05  3.20000E-05  3.60000E-05  4.00000E-05
  4.40000E-05  4.80000E-05  5.20000E-05  5.60000E-05  6.00000E-05  6.40000E-05
  7.20000E-05  8.00000E-05  8.80000E-05  9.60000E-05  1.04000E-04  1.12000E-04
  1.20000E-04  1.28000E-04  1.44000E-04  1.60000E-04  1.76000E-04  1.92000E-04
  2.08000E-04  2.24000E-04  2.40000E-04  2.56000E-04  2.88000E-04  3.20000E-04
  3.52000E-04  3.84000E-04  4.16000E-04  4.48000E-04  4.80000E-04  5.12000E-04
  5.76000E-04  6.40000E-04  7.04000E-04  7.68000E-04  8.32000E-04  8.96000E-04
  9.60000E-04  1.02400E-03  1.15200E-03  1.28000E-03  1.40800E-03  1.53600E-03
  1.66400E-03  1.79200E-03  1.92000E-03  2.01600E-03  2.27200E-03  2.52800E-03
  2.78400E-03  3.04000E-03  3.29600E-03  3.55200E-03  3.80800E-03  4.06400E-03
  4.57600E-03  5.08800E-03  5.60000E-03  6.11200E-03  6.62400E-03  7.13600E-03
  7.64800E-03  8.16000E-03  9.18400E-03  1.02080E-02  1.12320E-02  1.22560E-02
  1.32800E-02  1.43040E-02  1.53280E-02  1.63520E-02  1.84000E-02  2.04480E-02
  2.24960E-02  2.45440E-02  2.65920E-02  2.86400E-02  3.06880E-02  3.27360E-02
  3.68320E-02  4.09280E-02  4.50240E-02  4.91200E-02  5.32160E-02
  8.60081E-01  8.64730E-01  8.68004E-01  8.58689E-01  8.59426E-01  8.50996E-01
  8.58837E-01  8.46641E-01  8.48753E-01  8.60392E-01  8.56381E-01  8.46641E-01
  8.57511E-01  8.52402E-01  8.54490E-01  8.45036E-01  8.47483E-01  8.63427E-01
  8.51338E-01  8.44594E-01  8.48081E-01  8.53906E-01  8.49380E-01  8.54585E-01
  8.47387E-01  8.48299E-01  8.48042E-01  8.52101E-01  8.54941E-01  8.52642E-01
  8.49295E-01  8.49493E-01  8.51937E-01  8.50985E-01  8.51409E-01  8.51098E-01
  8.49704E-01  8.48945E-01  8.50067E-01  8.48249E-01  8.49907E-01  8.51000E-01
  8.48073E-01  8.49761E-01  8.50472E-01  8.48292E-01  8.47889E-01  8.45920E-01
  8.44339E-01  8.46142E-01  8.44735E-01  8.43720E-01  8.44176E-01  8.44452E-01
  8.43536E-01  8.41178E-01  8.40355E-01  8.38592E-01  8.38011E-01  8.36213E-01
  8.35297E-01  8.34782E-01  8.32711E-01  8.30448E-01  8.27664E-01  8.26114E-01
  8.23604E-01  8.21647E-01  8.18862E-01  8.16642E-01  8.12220E-01  8.08159E-01
  8.03410E-01  7.99574E-01  7.95012E-01  7.90409E-01  7.86804E-01  7.82288E-01
  7.73651E-01  7.65625E-01  7.57257E-01  7.49241E-01  7.41263E-01  7.33542E-01
  7.25699E-01  7.18273E-01  7.03534E-01  6.88823E-01  6.73853E-01  6.60297E-01
  6.47066E-01  6.33932E-01  6.21376E-01  6.12101E-01  5.88368E-01  5.65053E-01
  5.42921E-01  5.21733E-01  5.01607E-01  4.81853E-01  4.63113E-01  4.45247E-01
  4.11259E-01  3.80297E-01  3.51831E-01  3.24559E-01  2.98643E-01  2.74998E-01
  2.54229E-01  2.35813E-01  2.02977E-01  1.74975E-01  1.51614E-01  1.31962E-01
  1.13968E-01  9.81939E-02  8.51975E-02  7.42053E-02  5.51423E-02  4.28221E-02
  3.54903E-02  3.22559E-02  2.89867E-02  2.68378E-02  2.06548E-02  1.38631E-02
  3.78173E-03 -5.76314E-03 -1.17394E-02 -1.75258E-02 -1.73568E-02
