AutoSaveFileName0006.ASC
 IFORMY    0    .00
 (6E13.7)
 IFORMT    0    .00
 (6E13.7)
 IFORMW    0    .00
 (6E13.7)
 NINTT     0   -1.00
 DOUSNQ    0    1.00
 IQUAD     0    1.00
 PRWT      0    1.00
 PRY       0    1.00
 IPLRES    1    3.00
 IPLRES    2    3.00
 IPRINT    1    0.00
 IPRINT    2    2.00
 IPLFIT    1    0.00
 IPLFIT    2    0.00
 LINEPG    0   50.
 NONNEG    1    1.00
 IWT       0    5.00
 NQPROG    1    5.00
 NQPROG    2    5.00
 GMNMX     1    1.58022E-01
 GMNMX     2    5.67258E-02
 RUSER    10    -1.00
 NG        0    500.00
 NLINF     0    1.00
 IUSER    10    4.00
 RUSER    21    1.0
 RUSER    22   -1.0
 RUSER    23    0.0
 RUSER    18         291.89905
 RUSER    17         15.00300
 RUSER    19         1.03308
 RUSER    15         1.33200
 RUSER    16         632.80000
 RUSER    25         1
 RUSER    26         0
 END       0    0.00
 NY      162
  7.50000E-07  8.75000E-07  1.00000E-06  1.12500E-06  1.25000E-06  1.37500E-06
  1.50000E-06  1.62500E-06  1.75000E-06  1.87500E-06  2.00000E-06  2.25000E-06
  2.50000E-06  2.75000E-06  3.00000E-06  3.25000E-06  3.50000E-06  3.75000E-06
  4.00000E-06  4.50000E-06  5.00000E-06  5.50000E-06  6.00000E-06  6.50000E-06
  7.00000E-06  7.50000E-06  8.00000E-06  9.00000E-06  1.00000E-05  1.10000E-05
  1.20000E-05  1.30000E-05  1.40000E-05  1.50000E-05  1.60000E-05  1.80000E-05
  2.00000E-05  2.20000E-05  2.40000E-05  2.60000E-05  2.80000E-05  3.00000E-05
  3.20000E-05  3.60000E-05  4.00000E-05  4.40000E-05  4.80000E-05  5.20000E-05
  5.60000E-05  6.00000E-05  6.40000E-05  7.20000E-05  8.00000E-05  8.80000E-05
  9.60000E-05  1.04000E-04  1.12000E-04  1.20000E-04  1.28000E-04  1.44000E-04
  1.60000E-04  1.76000E-04  1.92000E-04  2.08000E-04  2.24000E-04  2.40000E-04
  2.56000E-04  2.88000E-04  3.20000E-04  3.52000E-04  3.84000E-04  4.16000E-04
  4.48000E-04  4.80000E-04  5.12000E-04  5.76000E-04  6.40000E-04  7.04000E-04
  7.68000E-04  8.32000E-04  8.96000E-04  9.60000E-04  1.02400E-03  1.15200E-03
  1.28000E-03  1.40800E-03  1.53600E-03  1.66400E-03  1.79200E-03  1.92000E-03
  2.01600E-03  2.27200E-03  2.52800E-03  2.78400E-03  3.04000E-03  3.29600E-03
  3.55200E-03  3.80800E-03  4.06400E-03  4.57600E-03  5.08800E-03  5.60000E-03
  6.11200E-03  6.62400E-03  7.13600E-03  7.64800E-03  8.16000E-03  9.18400E-03
  1.02080E-02  1.12320E-02  1.22560E-02  1.32800E-02  1.43040E-02  1.53280E-02
  1.63520E-02  1.84000E-02  2.04480E-02  2.24960E-02  2.45440E-02  2.65920E-02
  2.86400E-02  3.06880E-02  3.27360E-02  3.68320E-02  4.09280E-02  4.50240E-02
  4.91200E-02  5.32160E-02  5.73120E-02  6.14080E-02  6.55040E-02  7.36960E-02
  8.18880E-02  9.00800E-02  9.82720E-02  1.06464E-01  1.14656E-01  1.22848E-01
  1.31040E-01  1.47424E-01  1.63808E-01  1.80192E-01  1.96576E-01  2.12960E-01
  2.29344E-01  2.45728E-01  2.62112E-01  2.94880E-01  3.27648E-01  3.60416E-01
  3.93184E-01  4.25952E-01  4.58720E-01  4.91488E-01  5.24256E-01  5.89792E-01
  6.55328E-01  7.20864E-01  7.86400E-01  8.51936E-01  9.17472E-01  9.83008E-01
  9.99681E-01  9.97231E-01  9.95835E-01  9.92830E-01  1.00000E+00  9.96908E-01
  9.92414E-01  9.97825E-01  9.97158E-01  9.94135E-01  9.95534E-01  9.94389E-01
  9.93331E-01  9.95629E-01  9.93581E-01  9.97916E-01  9.94472E-01  9.94175E-01
  9.95150E-01  9.93182E-01  9.95031E-01  9.94878E-01  9.94197E-01  9.95190E-01
  9.94668E-01  9.94389E-01  9.94654E-01  9.94041E-01  9.95060E-01  9.94309E-01
  9.93722E-01  9.95857E-01  9.94027E-01  9.94436E-01  9.95060E-01  9.93983E-01
  9.94273E-01  9.94313E-01  9.94842E-01  9.95136E-01  9.94255E-01  9.93283E-01
  9.93425E-01  9.93969E-01  9.93439E-01  9.93805E-01  9.93432E-01  9.92979E-01
  9.93196E-01  9.93258E-01  9.92972E-01  9.92243E-01  9.92026E-01  9.92011E-01
  9.91703E-01  9.90967E-01  9.90511E-01  9.90387E-01  9.89989E-01  9.89554E-01
  9.88705E-01  9.87796E-01  9.87241E-01  9.86687E-01  9.86063E-01  9.85432E-01
  9.84649E-01  9.83490E-01  9.82130E-01  9.81028E-01  9.80057E-01  9.78908E-01
  9.77697E-01  9.75965E-01  9.75127E-01  9.72786E-01  9.70618E-01  9.68367E-01
  9.66280E-01  9.64239E-01  9.61847E-01  9.59610E-01  9.57649E-01  9.53495E-01
  9.49360E-01  9.45198E-01  9.41121E-01  9.37329E-01  9.33190E-01  9.29333E-01
  9.27216E-01  9.19456E-01  9.11724E-01  9.04312E-01  8.96852E-01  8.89690E-01
  8.82470E-01  8.75470E-01  8.68594E-01  8.55089E-01  8.41931E-01  8.29121E-01
  8.16790E-01  8.04807E-01  7.93172E-01  7.81729E-01  7.70532E-01  7.49139E-01
  7.29080E-01  7.10014E-01  6.91894E-01  6.74713E-01  6.58526E-01  6.43139E-01
  6.28448E-01  6.01183E-01  5.76006E-01  5.53294E-01  5.32803E-01  5.13498E-01
  4.95549E-01  4.78875E-01  4.63942E-01  4.37862E-01  4.15356E-01  3.94971E-01
  3.75662E-01  3.59105E-01  3.44976E-01  3.31688E-01  3.18989E-01  2.95480E-01
  2.76015E-01  2.60570E-01  2.49751E-01  2.40008E-01  2.31165E-01  2.24014E-01
  2.16143E-01  1.97700E-01  1.82610E-01  1.65186E-01  1.46415E-01  1.29160E-01
  1.11851E-01  1.03485E-01  9.69078E-02  8.03397E-02  6.90749E-02  6.02006E-02
  5.40683E-02  4.90543E-02  4.37612E-02  2.99901E-02  3.28117E-02  2.59339E-02
  9.11971E-03 -8.45462E-04  1.19363E-02  2.81829E-04 -5.56509E-03 -2.12231E-03
