AutoSaveFileName0189.ASC
 IFORMY    0    .00
 (6E13.7)
 IFORMT    0    .00
 (6E13.7)
 IFORMW    0    .00
 (6E13.7)
 NINTT     0   -1.00
 DOUSNQ    0    1.00
 IQUAD     0    1.00
 PRWT      0    1.00
 PRY       0    1.00
 IPLRES    1    3.00
 IPLRES    2    3.00
 IPRINT    1    0.00
 IPRINT    2    2.00
 IPLFIT    1    0.00
 IPLFIT    2    0.00
 LINEPG    0   50.
 NONNEG    1    1.00
 IWT       0    5.00
 NQPROG    1    5.00
 NQPROG    2    5.00
 GMNMX     1    4.26067E-03
 GMNMX     2    1.52947E-03
 RUSER    10    -1.00
 NG        0    500.00
 NLINF     0    1.00
 IUSER    10    4.00
 RUSER    21    1.0
 RUSER    22   -1.0
 RUSER    23    0.0
 RUSER    18         292.05257
 RUSER    17         104.99900
 RUSER    19         1.02916
 RUSER    15         1.33200
 RUSER    16         632.80000
 RUSER    25         1
 RUSER    26         0
 END       0    0.00
 NY      162
  7.50000E-07  8.75000E-07  1.00000E-06  1.12500E-06  1.25000E-06  1.37500E-06
  1.50000E-06  1.62500E-06  1.75000E-06  1.87500E-06  2.00000E-06  2.25000E-06
  2.50000E-06  2.75000E-06  3.00000E-06  3.25000E-06  3.50000E-06  3.75000E-06
  4.00000E-06  4.50000E-06  5.00000E-06  5.50000E-06  6.00000E-06  6.50000E-06
  7.00000E-06  7.50000E-06  8.00000E-06  9.00000E-06  1.00000E-05  1.10000E-05
  1.20000E-05  1.30000E-05  1.40000E-05  1.50000E-05  1.60000E-05  1.80000E-05
  2.00000E-05  2.20000E-05  2.40000E-05  2.60000E-05  2.80000E-05  3.00000E-05
  3.20000E-05  3.60000E-05  4.00000E-05  4.40000E-05  4.80000E-05  5.20000E-05
  5.60000E-05  6.00000E-05  6.40000E-05  7.20000E-05  8.00000E-05  8.80000E-05
  9.60000E-05  1.04000E-04  1.12000E-04  1.20000E-04  1.28000E-04  1.44000E-04
  1.60000E-04  1.76000E-04  1.92000E-04  2.08000E-04  2.24000E-04  2.40000E-04
  2.56000E-04  2.88000E-04  3.20000E-04  3.52000E-04  3.84000E-04  4.16000E-04
  4.48000E-04  4.80000E-04  5.12000E-04  5.76000E-04  6.40000E-04  7.04000E-04
  7.68000E-04  8.32000E-04  8.96000E-04  9.60000E-04  1.02400E-03  1.15200E-03
  1.28000E-03  1.40800E-03  1.53600E-03  1.66400E-03  1.79200E-03  1.92000E-03
  2.01600E-03  2.27200E-03  2.52800E-03  2.78400E-03  3.04000E-03  3.29600E-03
  3.55200E-03  3.80800E-03  4.06400E-03  4.57600E-03  5.08800E-03  5.60000E-03
  6.11200E-03  6.62400E-03  7.13600E-03  7.64800E-03  8.16000E-03  9.18400E-03
  1.02080E-02  1.12320E-02  1.22560E-02  1.32800E-02  1.43040E-02  1.53280E-02
  1.63520E-02  1.84000E-02  2.04480E-02  2.24960E-02  2.45440E-02  2.65920E-02
  2.86400E-02  3.06880E-02  3.27360E-02  3.68320E-02  4.09280E-02  4.50240E-02
  4.91200E-02  5.32160E-02  5.73120E-02  6.14080E-02  6.55040E-02  7.36960E-02
  8.18880E-02  9.00800E-02  9.82720E-02  1.06464E-01  1.14656E-01  1.22848E-01
  1.31040E-01  1.47424E-01  1.63808E-01  1.80192E-01  1.96576E-01  2.12960E-01
  2.29344E-01  2.45728E-01  2.62112E-01  2.94880E-01  3.27648E-01  3.60416E-01
  3.93184E-01  4.25952E-01  4.58720E-01  4.91488E-01  5.24256E-01  5.89792E-01
  6.55328E-01  7.20864E-01  7.86400E-01  8.51936E-01  9.17472E-01  9.83008E-01
  1.00000E+00  9.98137E-01  9.97142E-01  9.92506E-01  9.94354E-01  9.94694E-01
  9.89496E-01  9.93073E-01  9.90463E-01  9.90828E-01  9.90649E-01  9.89763E-01
  9.90199E-01  9.86527E-01  9.87057E-01  9.84526E-01  9.84412E-01  9.84522E-01
  9.81870E-01  9.80393E-01  9.78711E-01  9.77184E-01  9.73617E-01  9.70976E-01
  9.69027E-01  9.67440E-01  9.65305E-01  9.61351E-01  9.57081E-01  9.53859E-01
  9.50062E-01  9.46191E-01  9.42674E-01  9.37207E-01  9.33545E-01  9.26258E-01
  9.17729E-01  9.10619E-01  9.02645E-01  8.95124E-01  8.88165E-01  8.79749E-01
  8.72686E-01  8.58362E-01  8.43869E-01  8.29932E-01  8.16030E-01  8.03061E-01
  7.89148E-01  7.76373E-01  7.63326E-01  7.38376E-01  7.13786E-01  6.90236E-01
  6.67529E-01  6.45527E-01  6.24296E-01  6.03722E-01  5.83829E-01  5.46244E-01
  5.10801E-01  4.77835E-01  4.47058E-01  4.18085E-01  3.91133E-01  3.65807E-01
  3.42734E-01  2.99918E-01  2.62300E-01  2.29336E-01  2.00541E-01  1.75590E-01
  1.53569E-01  1.34755E-01  1.18792E-01  9.17332E-02  7.10489E-02  5.54308E-02
  4.33237E-02  3.38098E-02  2.66290E-02  2.06802E-02  1.66361E-02  9.83512E-03
  5.51678E-03  2.90133E-03  9.72792E-04  3.90478E-04  4.18081E-04  5.49615E-04
  3.20268E-04  4.73820E-04  4.37273E-04  4.38235E-04  6.35792E-04  1.17297E-03
  1.54626E-03  1.61782E-03  5.76552E-04 -9.71058E-04  1.44871E-03  2.02738E-03
  7.70217E-04 -1.61380E-04 -7.94388E-04 -2.27261E-03 -9.28996E-04  3.35461E-05
  1.21493E-03 -3.99205E-04  1.58061E-04  7.82161E-04  4.32364E-04  1.18368E-03
 -4.41685E-04 -1.09374E-03  2.08048E-05 -1.38958E-03  3.16175E-05  1.06961E-04
  2.06933E-04 -3.76778E-04 -3.44227E-04 -1.26633E-04 -1.15013E-04 -3.61128E-04
 -4.81280E-04 -9.01637E-04  7.45740E-05  5.01160E-04 -1.71884E-05  7.98770E-04
  2.38720E-04 -2.54945E-04  3.11043E-04 -7.04748E-05 -2.58183E-04 -6.89569E-04
 -2.91797E-04 -2.14239E-04  2.58960E-04 -2.52814E-04 -1.97133E-04 -3.47673E-04
 -4.87605E-04 -8.49940E-05 -2.16251E-04  3.86387E-04 -5.24883E-05  7.44451E-05
  1.77719E-04  9.78308E-05 -1.41163E-04  2.20469E-04  1.08264E-04  5.97202E-05
  3.28742E-05 -5.13220E-05 -6.11784E-05 -2.51341E-04 -5.11056E-05  1.74566E-04
