AutoSaveFileName0091.ASC
 IFORMY    0    .00
 (6E13.7)
 IFORMT    0    .00
 (6E13.7)
 IFORMW    0    .00
 (6E13.7)
 NINTT     0   -1.00
 DOUSNQ    0    1.00
 IQUAD     0    1.00
 PRWT      0    1.00
 PRY       0    1.00
 IPLRES    1    3.00
 IPLRES    2    3.00
 IPRINT    1    0.00
 IPRINT    2    2.00
 IPLFIT    1    0.00
 IPLFIT    2    0.00
 LINEPG    0   50.
 NONNEG    1    1.00
 IWT       0    5.00
 NQPROG    1    5.00
 NQPROG    2    5.00
 GMNMX     1    1.07556E-02
 GMNMX     2    3.86099E-03
 RUSER    10    -1.00
 NG        0    500.00
 NLINF     0    1.00
 IUSER    10    4.00
 RUSER    21    1.0
 RUSER    22   -1.0
 RUSER    23    0.0
 RUSER    18         291.95798
 RUSER    17         59.99900
 RUSER    19         1.03157
 RUSER    15         1.33200
 RUSER    16         632.80000
 RUSER    25         1
 RUSER    26         0
 END       0    0.00
 NY      162
  7.50000E-07  8.75000E-07  1.00000E-06  1.12500E-06  1.25000E-06  1.37500E-06
  1.50000E-06  1.62500E-06  1.75000E-06  1.87500E-06  2.00000E-06  2.25000E-06
  2.50000E-06  2.75000E-06  3.00000E-06  3.25000E-06  3.50000E-06  3.75000E-06
  4.00000E-06  4.50000E-06  5.00000E-06  5.50000E-06  6.00000E-06  6.50000E-06
  7.00000E-06  7.50000E-06  8.00000E-06  9.00000E-06  1.00000E-05  1.10000E-05
  1.20000E-05  1.30000E-05  1.40000E-05  1.50000E-05  1.60000E-05  1.80000E-05
  2.00000E-05  2.20000E-05  2.40000E-05  2.60000E-05  2.80000E-05  3.00000E-05
  3.20000E-05  3.60000E-05  4.00000E-05  4.40000E-05  4.80000E-05  5.20000E-05
  5.60000E-05  6.00000E-05  6.40000E-05  7.20000E-05  8.00000E-05  8.80000E-05
  9.60000E-05  1.04000E-04  1.12000E-04  1.20000E-04  1.28000E-04  1.44000E-04
  1.60000E-04  1.76000E-04  1.92000E-04  2.08000E-04  2.24000E-04  2.40000E-04
  2.56000E-04  2.88000E-04  3.20000E-04  3.52000E-04  3.84000E-04  4.16000E-04
  4.48000E-04  4.80000E-04  5.12000E-04  5.76000E-04  6.40000E-04  7.04000E-04
  7.68000E-04  8.32000E-04  8.96000E-04  9.60000E-04  1.02400E-03  1.15200E-03
  1.28000E-03  1.40800E-03  1.53600E-03  1.66400E-03  1.79200E-03  1.92000E-03
  2.01600E-03  2.27200E-03  2.52800E-03  2.78400E-03  3.04000E-03  3.29600E-03
  3.55200E-03  3.80800E-03  4.06400E-03  4.57600E-03  5.08800E-03  5.60000E-03
  6.11200E-03  6.62400E-03  7.13600E-03  7.64800E-03  8.16000E-03  9.18400E-03
  1.02080E-02  1.12320E-02  1.22560E-02  1.32800E-02  1.43040E-02  1.53280E-02
  1.63520E-02  1.84000E-02  2.04480E-02  2.24960E-02  2.45440E-02  2.65920E-02
  2.86400E-02  3.06880E-02  3.27360E-02  3.68320E-02  4.09280E-02  4.50240E-02
  4.91200E-02  5.32160E-02  5.73120E-02  6.14080E-02  6.55040E-02  7.36960E-02
  8.18880E-02  9.00800E-02  9.82720E-02  1.06464E-01  1.14656E-01  1.22848E-01
  1.31040E-01  1.47424E-01  1.63808E-01  1.80192E-01  1.96576E-01  2.12960E-01
  2.29344E-01  2.45728E-01  2.62112E-01  2.94880E-01  3.27648E-01  3.60416E-01
  3.93184E-01  4.25952E-01  4.58720E-01  4.91488E-01  5.24256E-01  5.89792E-01
  6.55328E-01  7.20864E-01  7.86400E-01  8.51936E-01  9.17472E-01  9.83008E-01
  1.00000E+00  9.97540E-01  9.93247E-01  9.99741E-01  9.98208E-01  9.96771E-01
  9.94762E-01  9.92387E-01  9.95237E-01  9.99723E-01  9.95574E-01  9.92477E-01
  9.92152E-01  9.94053E-01  9.88941E-01  9.89741E-01  9.90384E-01  9.88899E-01
  9.89146E-01  9.87414E-01  9.85676E-01  9.86686E-01  9.86145E-01  9.87534E-01
  9.86187E-01  9.84629E-01  9.82477E-01  9.80859E-01  9.79716E-01  9.79560E-01
  9.75994E-01  9.75338E-01  9.73408E-01  9.71586E-01  9.70924E-01  9.66709E-01
  9.62806E-01  9.59535E-01  9.56702E-01  9.54050E-01  9.51074E-01  9.48163E-01
  9.44194E-01  9.38277E-01  9.32269E-01  9.25246E-01  9.19460E-01  9.13483E-01
  9.07157E-01  9.01300E-01  8.95232E-01  8.83511E-01  8.71815E-01  8.60353E-01
  8.49264E-01  8.38073E-01  8.27393E-01  8.16328E-01  8.05576E-01  7.84661E-01
  7.64425E-01  7.44550E-01  7.25295E-01  7.06478E-01  6.87963E-01  6.69814E-01
  6.52429E-01  6.18903E-01  5.87138E-01  5.57087E-01  5.28384E-01  5.01239E-01
  4.75746E-01  4.51769E-01  4.29128E-01  3.86649E-01  3.48791E-01  3.14592E-01
  2.84126E-01  2.55703E-01  2.30308E-01  2.07451E-01  1.87595E-01  1.52367E-01
  1.24933E-01  1.04114E-01  8.72266E-02  7.29757E-02  6.11927E-02  5.08668E-02
  4.40322E-02  3.05674E-02  2.31530E-02  1.89153E-02  1.52323E-02  1.04940E-02
  6.23978E-03  2.29731E-03  1.07259E-03 -1.55005E-04  2.55868E-03  1.43150E-03
 -1.38209E-03 -1.03479E-03 -1.84030E-03  6.17412E-04 -9.66059E-04 -2.48395E-03
 -1.60216E-03 -1.25871E-03  2.94579E-03  4.62080E-03  3.79981E-04 -2.62462E-03
  9.36058E-04  2.27957E-03  3.25069E-03 -9.80757E-04 -1.45584E-03  2.81605E-04
 -6.73217E-03 -7.02930E-03 -2.92243E-03  2.47167E-03 -3.56567E-03 -5.73914E-03
  5.55152E-04  9.14589E-04  1.20129E-03 -2.33429E-03 -1.24210E-03 -8.94781E-05
 -9.38902E-05  1.35071E-03 -1.15039E-03  2.24882E-03 -5.16294E-03  1.67978E-03
  1.07040E-04  2.60888E-03  6.24917E-04 -5.57975E-04  1.54153E-03  2.66173E-03
 -2.78530E-03 -2.73223E-04  5.92727E-04 -7.67913E-04 -3.52029E-04 -9.81977E-04
 -7.53252E-04  1.07536E-03 -1.09626E-03 -4.63684E-04 -7.20436E-04 -4.87658E-04
  4.94867E-04  3.17902E-04 -5.67891E-04 -1.03235E-03 -2.55809E-04 -1.07558E-03
