AutoSaveFileName0186.ASC
 IFORMY    0    .00
 (6E13.7)
 IFORMT    0    .00
 (6E13.7)
 IFORMW    0    .00
 (6E13.7)
 NINTT     0   -1.00
 DOUSNQ    0    1.00
 IQUAD          1.00
 PRWT      0    1.00
 PRY       0    1.00
 IPLRES    1    3.00
 IPLRES    2    3.00
 IPRINT    1    0.00
 IPRINT    2    2.00
 IPLFIT    1    0.00
 IPLFIT    2    0.00
 LINEPG    0   50.
 NONNEG    1    1.00
 IWT       0    5.00
 NQPROG    1    5.00
 NQPROG    2    5.00
 GMNMX     1    1.087E-05
 GMNMX     2    1.087E-02
 RUSER    10    -1.00
 NG        0    200.00
 NLINF     0    0.00
 IUSER    10    4.00
 RUSER    21    1.0
 RUSER    22   -1.0
 RUSER    23    0.0
 RUSER    18         292.22868
 RUSER    17         104.99900
 RUSER    19         1.02468
 RUSER    15         1.33200
 RUSER    16         632.80000
 RUSER    25         1
 RUSER    26         0
 END       0    0.00
 NY      188
  5.00000E-07  6.25000E-07  7.50000E-07  8.75000E-07  1.00000E-06  1.12500E-06
  1.25000E-06  1.37500E-06  1.50000E-06  1.62500E-06  1.75000E-06  1.87500E-06
  2.00000E-06  2.25000E-06  2.50000E-06  2.75000E-06  3.00000E-06  3.25000E-06
  3.50000E-06  3.75000E-06  4.00000E-06  4.50000E-06  5.00000E-06  5.50000E-06
  6.00000E-06  6.50000E-06  7.00000E-06  7.50000E-06  8.00000E-06  9.00000E-06
  1.00000E-05  1.10000E-05  1.20000E-05  1.30000E-05  1.40000E-05  1.50000E-05
  1.60000E-05  1.80000E-05  2.00000E-05  2.20000E-05  2.40000E-05  2.60000E-05
  2.80000E-05  3.00000E-05  3.20000E-05  3.60000E-05  4.00000E-05  4.40000E-05
  4.80000E-05  5.20000E-05  5.60000E-05  6.00000E-05  6.40000E-05  7.20000E-05
  8.00000E-05  8.80000E-05  9.60000E-05  1.04000E-04  1.12000E-04  1.20000E-04
  1.28000E-04  1.44000E-04  1.60000E-04  1.76000E-04  1.92000E-04  2.08000E-04
  2.24000E-04  2.40000E-04  2.56000E-04  2.88000E-04  3.20000E-04  3.52000E-04
  3.84000E-04  4.16000E-04  4.48000E-04  4.80000E-04  5.12000E-04  5.76000E-04
  6.40000E-04  7.04000E-04  7.68000E-04  8.32000E-04  8.96000E-04  9.60000E-04
  1.02400E-03  1.15200E-03  1.28000E-03  1.40800E-03  1.53600E-03  1.66400E-03
  1.79200E-03  1.92000E-03  2.01600E-03  2.27200E-03  2.52800E-03  2.78400E-03
  3.04000E-03  3.29600E-03  3.55200E-03  3.80800E-03  4.06400E-03  4.57600E-03
  5.08800E-03  5.60000E-03  6.11200E-03  6.62400E-03  7.13600E-03  7.64800E-03
  8.16000E-03  9.18400E-03  1.02080E-02  1.12320E-02  1.22560E-02  1.32800E-02
  1.43040E-02  1.53280E-02  1.63520E-02  1.84000E-02  2.04480E-02  2.24960E-02
  2.45440E-02  2.65920E-02  2.86400E-02  3.06880E-02  3.27360E-02  3.68320E-02
  4.09280E-02  4.50240E-02  4.91200E-02  5.32160E-02  5.73120E-02  6.14080E-02
  6.55040E-02  7.36960E-02  8.18880E-02  9.00800E-02  9.82720E-02  1.06464E-01
  1.14656E-01  1.22848E-01  1.31040E-01  1.47424E-01  1.63808E-01  1.80192E-01
  1.96576E-01  2.12960E-01  2.29344E-01  2.45728E-01  2.62112E-01  2.94880E-01
  3.27648E-01  3.60416E-01  3.93184E-01  4.25952E-01  4.58720E-01  4.91488E-01
  5.24256E-01  5.89792E-01  6.55328E-01  7.20864E-01  7.86400E-01  8.51936E-01
  9.17472E-01  9.83008E-01  1.04854E+00  1.17962E+00  1.31069E+00  1.44176E+00
  1.57283E+00  1.70390E+00  1.83498E+00  1.96605E+00  2.09712E+00  2.35926E+00
  2.62141E+00  2.88355E+00  3.14570E+00  3.40784E+00  3.66998E+00  3.93213E+00
  4.19427E+00  4.71856E+00  5.24285E+00  5.76714E+00  6.29142E+00  6.81571E+00
  7.34000E+00  7.86429E+00
  9.96628E-01  9.95735E-01  9.95562E-01  9.94587E-01  9.93587E-01  9.93175E-01
  9.92304E-01  9.92328E-01  9.92359E-01  9.92011E-01  9.92801E-01  9.93855E-01
  9.92401E-01  9.92339E-01  9.91947E-01  9.92860E-01  9.91916E-01  9.91031E-01
  9.91091E-01  9.91324E-01  9.91229E-01  9.90803E-01  9.91437E-01  9.91162E-01
  9.90540E-01  9.90830E-01  9.89965E-01  9.91391E-01  9.89761E-01  9.89487E-01
  9.88952E-01  9.89378E-01  9.89028E-01  9.88232E-01  9.87452E-01  9.87986E-01
  9.87658E-01  9.86813E-01  9.86037E-01  9.85344E-01  9.85020E-01  9.84298E-01
  9.83630E-01  9.82957E-01  9.82351E-01  9.81114E-01  9.79572E-01  9.78510E-01
  9.77067E-01  9.75823E-01  9.74398E-01  9.73157E-01  9.71893E-01  9.69302E-01
  9.66742E-01  9.64146E-01  9.61535E-01  9.58844E-01  9.56208E-01  9.53518E-01
  9.50942E-01  9.45839E-01  9.40665E-01  9.35423E-01  9.30398E-01  9.25413E-01
  9.20477E-01  9.15421E-01  9.10376E-01  9.00543E-01  8.90712E-01  8.80977E-01
  8.71416E-01  8.62140E-01  8.52781E-01  8.43524E-01  8.34015E-01  8.16180E-01
  7.98629E-01  7.81413E-01  7.64671E-01  7.48184E-01  7.32188E-01  7.16435E-01
  6.67456E-01  6.38636E-01  6.11101E-01  5.85030E-01  5.60097E-01  5.36443E-01
  5.13847E-01  4.92386E-01  5.03500E-01  4.62993E-01  4.25941E-01  3.92091E-01
  3.60960E-01  3.32535E-01  3.06480E-01  2.82672E-01  2.60913E-01  2.21701E-01
  1.88585E-01  1.59886E-01  1.35580E-01  1.15009E-01  9.83377E-02  8.47155E-02
  7.41021E-02  5.55355E-02  4.17305E-02  3.22524E-02  2.42347E-02  1.75148E-02
  1.23920E-02  9.48002E-03  7.41766E-03  2.20043E-03 -3.41909E-03 -6.45290E-03
 -7.60047E-03 -3.88125E-03  2.85471E-04  2.88267E-03  4.70597E-03  8.14225E-03
  7.81207E-03 -7.80921E-04 -1.11276E-03  5.91528E-04  2.52707E-03 -2.30009E-03
 -5.50625E-03 -4.91672E-03  2.89872E-03  5.77291E-03  3.73263E-03  4.77745E-04
  3.69437E-03 -1.46756E-03 -2.91121E-03  1.55622E-03  6.52007E-03  1.75310E-04
  8.46912E-04 -2.41514E-04 -7.47769E-07 -2.80371E-03  2.42606E-03 -9.67569E-04
 -5.66696E-04  1.25607E-03  1.46608E-03 -4.02997E-03  3.50436E-03 -1.50548E-03
  2.24689E-03 -2.59007E-04  3.72711E-03 -7.14959E-04 -3.70665E-04 -3.18222E-03
  3.41667E-03 -1.88696E-03 -3.09273E-04 -1.01568E-03 -4.26052E-04 -3.55721E-03
 -2.20075E-03 -8.71141E-05  9.50621E-04  4.12579E-04 -1.77301E-04 -2.47013E-03
  4.46930E-04  1.45511E-04 -2.83317E-05 -1.64029E-03  1.70172E-04 -7.56316E-04
 -4.37602E-04  7.01196E-04 -1.29732E-03 -1.48396E-03 -2.59808E-04  5.51195E-04
  1.11160E-03 -3.18382E-04
