AutoSaveFileName0020.ASC
 IFORMY    0    .00
 (6E13.7)
 IFORMT    0    .00
 (6E13.7)
 IFORMW    0    .00
 (6E13.7)
 NINTT     0   -1.00
 DOUSNQ    0    1.00
 IQUAD     0    1.00
 PRWT      0    1.00
 PRY       0    1.00
 IPLRES    1    3.00
 IPLRES    2    3.00
 IPRINT    1    0.00
 IPRINT    2    2.00
 IPLFIT    1    0.00
 IPLFIT    2    0.00
 LINEPG    0   50.
 NONNEG    1    1.00
 IWT       0    5.00
 NQPROG    1    5.00
 NQPROG    2    5.00
 GMNMX     1    5.74946E-02
 GMNMX     2    2.06391E-02
 RUSER    10    -1.00
 NG        0    500.00
 NLINF     0    1.00
 IUSER    10    4.00
 RUSER    21    1.0
 RUSER    22   -1.0
 RUSER    23    0.0
 RUSER    18         291.90348
 RUSER    17         24.99800
 RUSER    19         1.03297
 RUSER    15         1.33200
 RUSER    16         632.80000
 RUSER    25         1
 RUSER    26         0
 END       0    0.00
 NY      162
  7.50000E-07  8.75000E-07  1.00000E-06  1.12500E-06  1.25000E-06  1.37500E-06
  1.50000E-06  1.62500E-06  1.75000E-06  1.87500E-06  2.00000E-06  2.25000E-06
  2.50000E-06  2.75000E-06  3.00000E-06  3.25000E-06  3.50000E-06  3.75000E-06
  4.00000E-06  4.50000E-06  5.00000E-06  5.50000E-06  6.00000E-06  6.50000E-06
  7.00000E-06  7.50000E-06  8.00000E-06  9.00000E-06  1.00000E-05  1.10000E-05
  1.20000E-05  1.30000E-05  1.40000E-05  1.50000E-05  1.60000E-05  1.80000E-05
  2.00000E-05  2.20000E-05  2.40000E-05  2.60000E-05  2.80000E-05  3.00000E-05
  3.20000E-05  3.60000E-05  4.00000E-05  4.40000E-05  4.80000E-05  5.20000E-05
  5.60000E-05  6.00000E-05  6.40000E-05  7.20000E-05  8.00000E-05  8.80000E-05
  9.60000E-05  1.04000E-04  1.12000E-04  1.20000E-04  1.28000E-04  1.44000E-04
  1.60000E-04  1.76000E-04  1.92000E-04  2.08000E-04  2.24000E-04  2.40000E-04
  2.56000E-04  2.88000E-04  3.20000E-04  3.52000E-04  3.84000E-04  4.16000E-04
  4.48000E-04  4.80000E-04  5.12000E-04  5.76000E-04  6.40000E-04  7.04000E-04
  7.68000E-04  8.32000E-04  8.96000E-04  9.60000E-04  1.02400E-03  1.15200E-03
  1.28000E-03  1.40800E-03  1.53600E-03  1.66400E-03  1.79200E-03  1.92000E-03
  2.01600E-03  2.27200E-03  2.52800E-03  2.78400E-03  3.04000E-03  3.29600E-03
  3.55200E-03  3.80800E-03  4.06400E-03  4.57600E-03  5.08800E-03  5.60000E-03
  6.11200E-03  6.62400E-03  7.13600E-03  7.64800E-03  8.16000E-03  9.18400E-03
  1.02080E-02  1.12320E-02  1.22560E-02  1.32800E-02  1.43040E-02  1.53280E-02
  1.63520E-02  1.84000E-02  2.04480E-02  2.24960E-02  2.45440E-02  2.65920E-02
  2.86400E-02  3.06880E-02  3.27360E-02  3.68320E-02  4.09280E-02  4.50240E-02
  4.91200E-02  5.32160E-02  5.73120E-02  6.14080E-02  6.55040E-02  7.36960E-02
  8.18880E-02  9.00800E-02  9.82720E-02  1.06464E-01  1.14656E-01  1.22848E-01
  1.31040E-01  1.47424E-01  1.63808E-01  1.80192E-01  1.96576E-01  2.12960E-01
  2.29344E-01  2.45728E-01  2.62112E-01  2.94880E-01  3.27648E-01  3.60416E-01
  3.93184E-01  4.25952E-01  4.58720E-01  4.91488E-01  5.24256E-01  5.89792E-01
  6.55328E-01  7.20864E-01  7.86400E-01  8.51936E-01  9.17472E-01  9.83008E-01
  9.91529E-01  1.00000E+00  9.90798E-01  9.92833E-01  9.92286E-01  9.89161E-01
  9.93376E-01  9.89943E-01  9.88527E-01  9.84705E-01  9.88519E-01  9.89986E-01
  9.89379E-01  9.90390E-01  9.89824E-01  9.86841E-01  9.89726E-01  9.86721E-01
  9.87124E-01  9.88249E-01  9.85779E-01  9.88217E-01  9.87285E-01  9.86912E-01
  9.84930E-01  9.85750E-01  9.86847E-01  9.88458E-01  9.86514E-01  9.87052E-01
  9.86393E-01  9.84985E-01  9.86047E-01  9.84916E-01  9.84370E-01  9.85140E-01
  9.83202E-01  9.84733E-01  9.83521E-01  9.82911E-01  9.81972E-01  9.81650E-01
  9.81160E-01  9.79833E-01  9.79370E-01  9.77148E-01  9.76922E-01  9.76194E-01
  9.74964E-01  9.74146E-01  9.72979E-01  9.71607E-01  9.69640E-01  9.67121E-01
  9.65214E-01  9.62633E-01  9.61161E-01  9.59393E-01  9.57436E-01  9.53987E-01
  9.50266E-01  9.46629E-01  9.42483E-01  9.39292E-01  9.35664E-01  9.32068E-01
  9.28625E-01  9.21735E-01  9.14782E-01  9.07603E-01  9.00755E-01  8.93891E-01
  8.87299E-01  8.80719E-01  8.74537E-01  8.61649E-01  8.49216E-01  8.36987E-01
  8.24607E-01  8.12956E-01  8.01659E-01  7.90143E-01  7.74871E-01  7.53066E-01
  7.32441E-01  7.12127E-01  6.92151E-01  6.72874E-01  6.54536E-01  6.36768E-01
  6.28500E-01  5.94588E-01  5.62535E-01  5.32401E-01  5.04356E-01  4.77724E-01
  4.52993E-01  4.29618E-01  4.06883E-01  3.64825E-01  3.28256E-01  2.97285E-01
  2.70142E-01  2.47064E-01  2.27761E-01  2.11427E-01  1.97998E-01  1.73892E-01
  1.52129E-01  1.34705E-01  1.23385E-01  1.14081E-01  1.08682E-01  1.04823E-01
  9.98440E-02  8.79242E-02  7.66092E-02  6.65257E-02  5.21157E-02  3.43847E-02
  2.28411E-02  1.98984E-02  1.68966E-02  1.79118E-02  2.15661E-02  7.74927E-03
  1.24338E-03  1.11508E-02  1.84187E-02  1.93323E-02  1.60359E-02  1.77408E-02
  8.90879E-03 -2.72425E-03 -6.13546E-03 -1.22305E-02 -1.76164E-02 -1.20174E-02
 -1.13145E-02  7.46955E-03 -6.18600E-05 -5.48303E-03 -6.10811E-03 -2.21728E-03
 -2.66865E-03 -4.28333E-04 -1.13073E-02 -1.77164E-02 -5.02167E-03 -6.63360E-03
 -1.81815E-02 -2.63794E-03  1.41377E-02  7.54952E-03 -3.20933E-03  2.76746E-03
  5.86446E-03  4.71975E-03 -2.39486E-03 -5.49746E-03  1.96796E-02  1.80835E-02
