AutoSaveFileName0324.ASC
 IFORMY    0    .00
 (6E13.7)
 IFORMT    0    .00
 (6E13.7)
 IFORMW    0    .00
 (6E13.7)
 NINTT     0   -1.00
 DOUSNQ    0    1.00
 IQUAD          1.00
 PRWT      0    1.00
 PRY       0    1.00
 IPLRES    1    3.00
 IPLRES    2    3.00
 IPRINT    1    0.00
 IPRINT    2    2.00
 IPLFIT    1    0.00
 IPLFIT    2    0.00
 LINEPG    0   50.
 NONNEG    1    1.00
 IWT       0    5.00
 NQPROG    1    5.00
 NQPROG    2    5.00
 GMNMX     1    8.861E-06
 GMNMX     2    8.861E-03
 RUSER    10    -1.00
 NG        0    200.00
 NLINF     0    0.00
 IUSER    10    4.00
 RUSER    21    1.0
 RUSER    22   -1.0
 RUSER    23    0.0
 RUSER    18         292.22035
 RUSER    17         122.99900
 RUSER    19         1.02490
 RUSER    15         1.33200
 RUSER    16         632.80000
 RUSER    25         1
 RUSER    26         0
 END       0    0.00
 NY      131
  3.75000E-07  5.00000E-07  6.25000E-07  7.50000E-07  8.75000E-07  1.00000E-06
  1.12500E-06  1.25000E-06  1.37500E-06  1.50000E-06  1.62500E-06  1.75000E-06
  1.87500E-06  2.00000E-06  2.25000E-06  2.50000E-06  2.75000E-06  3.00000E-06
  3.25000E-06  3.50000E-06  3.75000E-06  4.00000E-06  4.50000E-06  5.00000E-06
  5.50000E-06  6.00000E-06  6.50000E-06  7.00000E-06  7.50000E-06  8.00000E-06
  9.00000E-06  1.00000E-05  1.10000E-05  1.20000E-05  1.30000E-05  1.40000E-05
  1.50000E-05  1.60000E-05  1.80000E-05  2.00000E-05  2.20000E-05  2.40000E-05
  2.60000E-05  2.80000E-05  3.00000E-05  3.20000E-05  3.60000E-05  4.00000E-05
  4.40000E-05  4.80000E-05  5.20000E-05  5.60000E-05  6.00000E-05  6.40000E-05
  7.20000E-05  8.00000E-05  8.80000E-05  9.60000E-05  1.04000E-04  1.12000E-04
  1.20000E-04  1.28000E-04  1.44000E-04  1.60000E-04  1.76000E-04  1.92000E-04
  2.08000E-04  2.24000E-04  2.40000E-04  2.56000E-04  2.88000E-04  3.20000E-04
  3.52000E-04  3.84000E-04  4.16000E-04  4.48000E-04  4.80000E-04  5.12000E-04
  5.76000E-04  6.40000E-04  7.04000E-04  7.68000E-04  8.32000E-04  8.96000E-04
  9.60000E-04  1.02400E-03  1.15200E-03  1.28000E-03  1.40800E-03  1.53600E-03
  1.66400E-03  1.79200E-03  1.92000E-03  2.01600E-03  2.27200E-03  2.52800E-03
  2.78400E-03  3.04000E-03  3.29600E-03  3.55200E-03  3.80800E-03  4.06400E-03
  4.57600E-03  5.08800E-03  5.60000E-03  6.11200E-03  6.62400E-03  7.13600E-03
  7.64800E-03  8.16000E-03  9.18400E-03  1.02080E-02  1.12320E-02  1.22560E-02
  1.32800E-02  1.43040E-02  1.53280E-02  1.63520E-02  1.84000E-02  2.04480E-02
  2.24960E-02  2.45440E-02  2.65920E-02  2.86400E-02  3.06880E-02  3.27360E-02
  3.68320E-02  4.09280E-02  4.50240E-02  4.91200E-02  5.32160E-02
  8.09341E-01  8.07502E-01  8.04292E-01  8.01718E-01  8.04909E-01  8.01076E-01
  8.04989E-01  8.04333E-01  8.05173E-01  8.00093E-01  8.04057E-01  8.03144E-01
  8.02845E-01  8.02529E-01  8.00633E-01  8.01659E-01  8.01102E-01  8.01471E-01
  8.00502E-01  8.02138E-01  8.02175E-01  8.00501E-01  7.98757E-01  8.01287E-01
  7.99367E-01  8.00674E-01  7.99089E-01  7.98695E-01  7.97628E-01  7.98652E-01
  7.97174E-01  7.98068E-01  7.95337E-01  7.96383E-01  7.93861E-01  7.93916E-01
  7.93788E-01  7.93657E-01  7.91967E-01  7.90180E-01  7.89981E-01  7.87316E-01
  7.87032E-01  7.84400E-01  7.84385E-01  7.82641E-01  7.80244E-01  7.77650E-01
  7.74845E-01  7.72628E-01  7.69401E-01  7.67156E-01  7.65094E-01  7.61975E-01
  7.57255E-01  7.52518E-01  7.47736E-01  7.42679E-01  7.37652E-01  7.32786E-01
  7.28042E-01  7.22971E-01  7.13581E-01  7.03562E-01  6.94583E-01  6.85094E-01
  6.76155E-01  6.67327E-01  6.58650E-01  6.50271E-01  6.33327E-01  6.16548E-01
  6.00378E-01  5.85031E-01  5.69676E-01  5.54855E-01  5.40729E-01  5.26941E-01
  5.00237E-01  4.75286E-01  4.51459E-01  4.28770E-01  4.06844E-01  3.86440E-01
  3.66886E-01  3.48652E-01  3.14443E-01  2.83330E-01  2.55896E-01  2.31553E-01
  2.09671E-01  1.89844E-01  1.71476E-01  1.59273E-01  1.30340E-01  1.07463E-01
  8.86703E-02  7.37511E-02  6.15751E-02  4.99248E-02  4.06397E-02  3.38020E-02
  2.30366E-02  1.42439E-02  8.78998E-03  4.03446E-03  8.67763E-04 -7.07067E-04
  3.21247E-03  6.83250E-03  8.01222E-03  1.08424E-02  1.05037E-02  6.58283E-03
  4.04155E-03  1.31878E-03 -2.31084E-03 -1.96033E-03 -2.14299E-04 -3.98831E-03
  5.79139E-04  3.83119E-04 -4.68355E-03 -7.20608E-03 -5.42590E-03 -2.26026E-03
  1.27608E-03 -8.03368E-04  3.71477E-03  1.60012E-03 -5.51428E-03
