AutoSaveFileName0273.ASC
 IFORMY    0    .00
 (6E13.7)
 IFORMT    0    .00
 (6E13.7)
 IFORMW    0    .00
 (6E13.7)
 NINTT     0   -1.00
 DOUSNQ    0    1.00
 IQUAD          1.00
 PRWT      0    1.00
 PRY       0    1.00
 IPLRES    1    3.00
 IPLRES    2    3.00
 IPRINT    1    0.00
 IPRINT    2    2.00
 IPLFIT    1    0.00
 IPLFIT    2    0.00
 LINEPG    0   50.
 NONNEG    1    1.00
 IWT       0    5.00
 NQPROG    1    5.00
 NQPROG    2    5.00
 GMNMX     1    1.076E-05
 GMNMX     2    1.076E-02
 RUSER    10    -1.00
 NG        0    200.00
 NLINF     0    0.00
 IUSER    10    4.00
 RUSER    21    1.0
 RUSER    22   -1.0
 RUSER    23    0.0
 RUSER    18         292.13237
 RUSER    17         105.99900
 RUSER    19         1.02713
 RUSER    15         1.33200
 RUSER    16         632.80000
 RUSER    25         1
 RUSER    26         0
 END       0    0.00
 NY      131
  3.75000E-07  5.00000E-07  6.25000E-07  7.50000E-07  8.75000E-07  1.00000E-06
  1.12500E-06  1.25000E-06  1.37500E-06  1.50000E-06  1.62500E-06  1.75000E-06
  1.87500E-06  2.00000E-06  2.25000E-06  2.50000E-06  2.75000E-06  3.00000E-06
  3.25000E-06  3.50000E-06  3.75000E-06  4.00000E-06  4.50000E-06  5.00000E-06
  5.50000E-06  6.00000E-06  6.50000E-06  7.00000E-06  7.50000E-06  8.00000E-06
  9.00000E-06  1.00000E-05  1.10000E-05  1.20000E-05  1.30000E-05  1.40000E-05
  1.50000E-05  1.60000E-05  1.80000E-05  2.00000E-05  2.20000E-05  2.40000E-05
  2.60000E-05  2.80000E-05  3.00000E-05  3.20000E-05  3.60000E-05  4.00000E-05
  4.40000E-05  4.80000E-05  5.20000E-05  5.60000E-05  6.00000E-05  6.40000E-05
  7.20000E-05  8.00000E-05  8.80000E-05  9.60000E-05  1.04000E-04  1.12000E-04
  1.20000E-04  1.28000E-04  1.44000E-04  1.60000E-04  1.76000E-04  1.92000E-04
  2.08000E-04  2.24000E-04  2.40000E-04  2.56000E-04  2.88000E-04  3.20000E-04
  3.52000E-04  3.84000E-04  4.16000E-04  4.48000E-04  4.80000E-04  5.12000E-04
  5.76000E-04  6.40000E-04  7.04000E-04  7.68000E-04  8.32000E-04  8.96000E-04
  9.60000E-04  1.02400E-03  1.15200E-03  1.28000E-03  1.40800E-03  1.53600E-03
  1.66400E-03  1.79200E-03  1.92000E-03  2.01600E-03  2.27200E-03  2.52800E-03
  2.78400E-03  3.04000E-03  3.29600E-03  3.55200E-03  3.80800E-03  4.06400E-03
  4.57600E-03  5.08800E-03  5.60000E-03  6.11200E-03  6.62400E-03  7.13600E-03
  7.64800E-03  8.16000E-03  9.18400E-03  1.02080E-02  1.12320E-02  1.22560E-02
  1.32800E-02  1.43040E-02  1.53280E-02  1.63520E-02  1.84000E-02  2.04480E-02
  2.24960E-02  2.45440E-02  2.65920E-02  2.86400E-02  3.06880E-02  3.27360E-02
  3.68320E-02  4.09280E-02  4.50240E-02  4.91200E-02  5.32160E-02
  7.88479E-01  7.90607E-01  7.84623E-01  7.89350E-01  7.82624E-01  7.83211E-01
  7.83192E-01  7.81843E-01  7.81893E-01  7.85351E-01  7.82956E-01  7.82725E-01
  7.83920E-01  7.83399E-01  7.84519E-01  7.81349E-01  7.82017E-01  7.82705E-01
  7.83642E-01  7.81665E-01  7.82641E-01  7.81990E-01  7.82753E-01  7.81633E-01
  7.81716E-01  7.79243E-01  7.81764E-01  7.81493E-01  7.79816E-01  7.80279E-01
  7.78754E-01  7.78535E-01  7.78299E-01  7.77861E-01  7.77458E-01  7.76126E-01
  7.76349E-01  7.75741E-01  7.73696E-01  7.73503E-01  7.71804E-01  7.71560E-01
  7.70130E-01  7.68550E-01  7.67957E-01  7.67119E-01  7.64587E-01  7.62115E-01
  7.60410E-01  7.57845E-01  7.55857E-01  7.53853E-01  7.51043E-01  7.49521E-01
  7.45194E-01  7.40947E-01  7.36559E-01  7.32339E-01  7.28218E-01  7.23975E-01
  7.19830E-01  7.15517E-01  7.06881E-01  6.99463E-01  6.91206E-01  6.83375E-01
  6.75829E-01  6.67938E-01  6.60126E-01  6.52863E-01  6.38157E-01  6.24069E-01
  6.10124E-01  5.96677E-01  5.83340E-01  5.70507E-01  5.57923E-01  5.45800E-01
  5.22311E-01  4.99579E-01  4.78072E-01  4.57651E-01  4.37776E-01  4.18472E-01
  4.00357E-01  3.83921E-01  3.51267E-01  3.21861E-01  2.95272E-01  2.70200E-01
  2.47217E-01  2.26633E-01  2.06943E-01  1.93976E-01  1.60993E-01  1.33492E-01
  1.11120E-01  9.18635E-02  7.63452E-02  6.38298E-02  5.37325E-02  4.60000E-02
  3.39610E-02  2.51065E-02  1.71447E-02  1.22520E-02  8.33114E-03  3.80657E-03
 -1.04478E-03 -3.30201E-03 -4.94541E-03 -3.33711E-03 -5.46238E-03 -7.08438E-03
 -4.85831E-03 -7.99228E-04 -3.51429E-03 -6.88314E-03 -5.22719E-03 -1.25259E-03
  8.19963E-04  3.74073E-03  2.60183E-03  1.22619E-03  1.12577E-04 -3.86273E-03
 -6.51548E-03 -9.85115E-03 -7.68435E-03 -5.17752E-04  2.16108E-03
