AutoSaveFileName0286.ASC
 IFORMY    0    .00
 (6E13.7)
 IFORMT    0    .00
 (6E13.7)
 IFORMW    0    .00
 (6E13.7)
 NINTT     0   -1.00
 DOUSNQ    0    1.00
 IQUAD          1.00
 PRWT      0    1.00
 PRY       0    1.00
 IPLRES    1    3.00
 IPLRES    2    3.00
 IPRINT    1    0.00
 IPRINT    2    2.00
 IPLFIT    1    0.00
 IPLFIT    2    0.00
 LINEPG    0   50.
 NONNEG    1    1.00
 IWT       0    5.00
 NQPROG    1    5.00
 NQPROG    2    5.00
 GMNMX     1    1.022E-05
 GMNMX     2    1.022E-02
 RUSER    10    -1.00
 NG        0    200.00
 NLINF     0    0.00
 IUSER    10    4.00
 RUSER    21    1.0
 RUSER    22   -1.0
 RUSER    23    0.0
 RUSER    18         292.15343
 RUSER    17         109.99900
 RUSER    19         1.02659
 RUSER    15         1.33200
 RUSER    16         632.80000
 RUSER    25         1
 RUSER    26         0
 END       0    0.00
 NY      131
  3.75000E-07  5.00000E-07  6.25000E-07  7.50000E-07  8.75000E-07  1.00000E-06
  1.12500E-06  1.25000E-06  1.37500E-06  1.50000E-06  1.62500E-06  1.75000E-06
  1.87500E-06  2.00000E-06  2.25000E-06  2.50000E-06  2.75000E-06  3.00000E-06
  3.25000E-06  3.50000E-06  3.75000E-06  4.00000E-06  4.50000E-06  5.00000E-06
  5.50000E-06  6.00000E-06  6.50000E-06  7.00000E-06  7.50000E-06  8.00000E-06
  9.00000E-06  1.00000E-05  1.10000E-05  1.20000E-05  1.30000E-05  1.40000E-05
  1.50000E-05  1.60000E-05  1.80000E-05  2.00000E-05  2.20000E-05  2.40000E-05
  2.60000E-05  2.80000E-05  3.00000E-05  3.20000E-05  3.60000E-05  4.00000E-05
  4.40000E-05  4.80000E-05  5.20000E-05  5.60000E-05  6.00000E-05  6.40000E-05
  7.20000E-05  8.00000E-05  8.80000E-05  9.60000E-05  1.04000E-04  1.12000E-04
  1.20000E-04  1.28000E-04  1.44000E-04  1.60000E-04  1.76000E-04  1.92000E-04
  2.08000E-04  2.24000E-04  2.40000E-04  2.56000E-04  2.88000E-04  3.20000E-04
  3.52000E-04  3.84000E-04  4.16000E-04  4.48000E-04  4.80000E-04  5.12000E-04
  5.76000E-04  6.40000E-04  7.04000E-04  7.68000E-04  8.32000E-04  8.96000E-04
  9.60000E-04  1.02400E-03  1.15200E-03  1.28000E-03  1.40800E-03  1.53600E-03
  1.66400E-03  1.79200E-03  1.92000E-03  2.01600E-03  2.27200E-03  2.52800E-03
  2.78400E-03  3.04000E-03  3.29600E-03  3.55200E-03  3.80800E-03  4.06400E-03
  4.57600E-03  5.08800E-03  5.60000E-03  6.11200E-03  6.62400E-03  7.13600E-03
  7.64800E-03  8.16000E-03  9.18400E-03  1.02080E-02  1.12320E-02  1.22560E-02
  1.32800E-02  1.43040E-02  1.53280E-02  1.63520E-02  1.84000E-02  2.04480E-02
  2.24960E-02  2.45440E-02  2.65920E-02  2.86400E-02  3.06880E-02  3.27360E-02
  3.68320E-02  4.09280E-02  4.50240E-02  4.91200E-02  5.32160E-02
  1.59819E+00  1.59567E+00  1.59343E+00  1.58894E+00  1.58751E+00  1.58953E+00
  1.58965E+00  1.58425E+00  1.58826E+00  1.58627E+00  1.58726E+00  1.58941E+00
  1.58554E+00  1.58652E+00  1.58683E+00  1.58481E+00  1.58584E+00  1.58383E+00
  1.58364E+00  1.58474E+00  1.58575E+00  1.58503E+00  1.58453E+00  1.58339E+00
  1.58214E+00  1.58163E+00  1.58141E+00  1.57877E+00  1.57877E+00  1.57971E+00
  1.57691E+00  1.57610E+00  1.57493E+00  1.57452E+00  1.57267E+00  1.57325E+00
  1.57086E+00  1.56919E+00  1.56764E+00  1.56445E+00  1.56166E+00  1.55993E+00
  1.55803E+00  1.55591E+00  1.55372E+00  1.55028E+00  1.54694E+00  1.54223E+00
  1.53770E+00  1.53322E+00  1.52840E+00  1.52440E+00  1.51866E+00  1.51435E+00
  1.50565E+00  1.49649E+00  1.48764E+00  1.47918E+00  1.47021E+00  1.46185E+00
  1.45314E+00  1.44436E+00  1.42743E+00  1.41060E+00  1.39385E+00  1.37742E+00
  1.36126E+00  1.34507E+00  1.32916E+00  1.31340E+00  1.28281E+00  1.25239E+00
  1.22349E+00  1.19508E+00  1.16714E+00  1.13993E+00  1.11358E+00  1.08745E+00
  1.03737E+00  9.89881E-01  9.44439E-01  9.00918E-01  8.59568E-01  8.20335E-01
  7.83065E-01  7.18718E-01  6.55701E-01  5.98523E-01  5.46580E-01  4.99670E-01
  4.57010E-01  4.18395E-01  3.83009E-01  3.73693E-01  3.12315E-01  2.59290E-01
  2.14850E-01  1.77207E-01  1.45150E-01  1.18957E-01  9.72051E-02  8.13386E-02
  5.54348E-02  3.51003E-02  1.98311E-02  7.35244E-03 -1.35056E-04 -4.93877E-04
  2.28267E-03  2.86113E-03  7.13254E-03  7.19071E-03  9.88546E-03  3.48106E-03
 -5.13490E-03 -1.37374E-02 -2.38332E-02 -2.06610E-02 -5.81686E-03  1.40511E-02
  1.29759E-03 -1.18142E-02 -1.71684E-02 -1.34564E-02  2.75015E-03 -5.44790E-03
  5.85252E-04  4.66231E-03  7.18699E-03 -1.34908E-02 -6.81475E-03
