AutoSaveFileName0375.ASC
 IFORMY    0    .00
 (6E13.7)
 IFORMT    0    .00
 (6E13.7)
 IFORMW    0    .00
 (6E13.7)
 NINTT     0   -1.00
 DOUSNQ    0    1.00
 IQUAD          1.00
 PRWT      0    1.00
 PRY       0    1.00
 IPLRES    1    3.00
 IPLRES    2    3.00
 IPRINT    1    0.00
 IPRINT    2    2.00
 IPLFIT    1    0.00
 IPLFIT    2    0.00
 LINEPG    0   50.
 NONNEG    1    1.00
 IWT       0    5.00
 NQPROG    1    5.00
 NQPROG    2    5.00
 GMNMX     1    7.732E-06
 GMNMX     2    7.732E-03
 RUSER    10    -1.00
 NG        0    200.00
 NLINF     0    0.00
 IUSER    10    4.00
 RUSER    21    1.0
 RUSER    22   -1.0
 RUSER    23    0.0
 RUSER    18         292.30600
 RUSER    17         139.99900
 RUSER    19         1.02273
 RUSER    15         1.33200
 RUSER    16         632.80000
 RUSER    25         1
 RUSER    26         0
 END       0    0.00
 NY      131
  3.75000E-07  5.00000E-07  6.25000E-07  7.50000E-07  8.75000E-07  1.00000E-06
  1.12500E-06  1.25000E-06  1.37500E-06  1.50000E-06  1.62500E-06  1.75000E-06
  1.87500E-06  2.00000E-06  2.25000E-06  2.50000E-06  2.75000E-06  3.00000E-06
  3.25000E-06  3.50000E-06  3.75000E-06  4.00000E-06  4.50000E-06  5.00000E-06
  5.50000E-06  6.00000E-06  6.50000E-06  7.00000E-06  7.50000E-06  8.00000E-06
  9.00000E-06  1.00000E-05  1.10000E-05  1.20000E-05  1.30000E-05  1.40000E-05
  1.50000E-05  1.60000E-05  1.80000E-05  2.00000E-05  2.20000E-05  2.40000E-05
  2.60000E-05  2.80000E-05  3.00000E-05  3.20000E-05  3.60000E-05  4.00000E-05
  4.40000E-05  4.80000E-05  5.20000E-05  5.60000E-05  6.00000E-05  6.40000E-05
  7.20000E-05  8.00000E-05  8.80000E-05  9.60000E-05  1.04000E-04  1.12000E-04
  1.20000E-04  1.28000E-04  1.44000E-04  1.60000E-04  1.76000E-04  1.92000E-04
  2.08000E-04  2.24000E-04  2.40000E-04  2.56000E-04  2.88000E-04  3.20000E-04
  3.52000E-04  3.84000E-04  4.16000E-04  4.48000E-04  4.80000E-04  5.12000E-04
  5.76000E-04  6.40000E-04  7.04000E-04  7.68000E-04  8.32000E-04  8.96000E-04
  9.60000E-04  1.02400E-03  1.15200E-03  1.28000E-03  1.40800E-03  1.53600E-03
  1.66400E-03  1.79200E-03  1.92000E-03  2.01600E-03  2.27200E-03  2.52800E-03
  2.78400E-03  3.04000E-03  3.29600E-03  3.55200E-03  3.80800E-03  4.06400E-03
  4.57600E-03  5.08800E-03  5.60000E-03  6.11200E-03  6.62400E-03  7.13600E-03
  7.64800E-03  8.16000E-03  9.18400E-03  1.02080E-02  1.12320E-02  1.22560E-02
  1.32800E-02  1.43040E-02  1.53280E-02  1.63520E-02  1.84000E-02  2.04480E-02
  2.24960E-02  2.45440E-02  2.65920E-02  2.86400E-02  3.06880E-02  3.27360E-02
  3.68320E-02  4.09280E-02  4.50240E-02  4.91200E-02  5.32160E-02
  8.18811E-01  8.14320E-01  8.20645E-01  8.26986E-01  8.13174E-01  8.15735E-01
  8.16874E-01  8.12715E-01  8.21515E-01  8.19270E-01  8.17530E-01  8.15815E-01
  8.14518E-01  8.16683E-01  8.14409E-01  8.09907E-01  8.12860E-01  8.11358E-01
  8.14006E-01  8.08867E-01  8.10037E-01  8.15762E-01  8.12483E-01  8.14689E-01
  8.10933E-01  8.13044E-01  8.10028E-01  8.10534E-01  8.12072E-01  8.10508E-01
  8.09095E-01  8.10711E-01  8.08919E-01  8.09723E-01  8.07561E-01  8.07925E-01
  8.04812E-01  8.04504E-01  8.04169E-01  8.03448E-01  8.01349E-01  8.00716E-01
  7.99520E-01  7.98627E-01  7.98304E-01  7.97628E-01  7.94561E-01  7.92095E-01
  7.88756E-01  7.87257E-01  7.85480E-01  7.82402E-01  7.80160E-01  7.78061E-01
  7.73474E-01  7.69824E-01  7.63435E-01  7.59726E-01  7.54370E-01  7.50568E-01
  7.46202E-01  7.41610E-01  7.32878E-01  7.24152E-01  7.15351E-01  7.06858E-01
  6.99438E-01  6.90902E-01  6.82621E-01  6.74601E-01  6.58879E-01  6.43730E-01
  6.28666E-01  6.13770E-01  5.99231E-01  5.85641E-01  5.72479E-01  5.59696E-01
  5.34993E-01  5.11017E-01  4.88244E-01  4.66870E-01  4.46623E-01  4.26766E-01
  4.08568E-01  3.91115E-01  3.58929E-01  3.30510E-01  3.04215E-01  2.80294E-01
  2.58781E-01  2.39303E-01  2.20739E-01  2.09020E-01  1.80672E-01  1.57861E-01
  1.38562E-01  1.22683E-01  1.09956E-01  9.94505E-02  8.94917E-02  8.13625E-02
  6.88405E-02  6.09194E-02  5.32215E-02  4.62398E-02  4.00640E-02  3.49692E-02
  3.31641E-02  3.44634E-02  3.58817E-02  3.20726E-02  2.73788E-02  2.32743E-02
  2.12474E-02  1.75356E-02  1.01462E-02  8.73911E-03  8.01227E-03  1.19856E-02
  1.36585E-02  2.25459E-03 -1.63824E-03  1.00011E-03  2.63090E-03  1.04768E-03
 -2.46935E-03  4.10550E-03 -9.00831E-04  2.44972E-04  2.06867E-03
