AutoSaveFileName0167.ASC
 IFORMY    0    .00
 (6E13.7)
 IFORMT    0    .00
 (6E13.7)
 IFORMW    0    .00
 (6E13.7)
 NINTT     0   -1.00
 DOUSNQ    0    1.00
 IQUAD          1.00
 PRWT      0    1.00
 PRY       0    1.00
 IPLRES    1    3.00
 IPLRES    2    3.00
 IPRINT    1    0.00
 IPRINT    2    2.00
 IPLFIT    1    0.00
 IPLFIT    2    0.00
 LINEPG    0   50.
 NONNEG    1    1.00
 IWT       0    5.00
 NQPROG    1    5.00
 NQPROG    2    5.00
 GMNMX     1    1.259E-05
 GMNMX     2    1.259E-02
 RUSER    10    -1.00
 NG        0    200.00
 NLINF     0    0.00
 IUSER    10    4.00
 RUSER    21    1.0
 RUSER    22   -1.0
 RUSER    23    0.0
 RUSER    18         292.22334
 RUSER    17         94.99900
 RUSER    19         1.02482
 RUSER    15         1.33200
 RUSER    16         632.80000
 RUSER    25         1
 RUSER    26         0
 END       0    0.00
 NY      188
  5.00000E-07  6.25000E-07  7.50000E-07  8.75000E-07  1.00000E-06  1.12500E-06
  1.25000E-06  1.37500E-06  1.50000E-06  1.62500E-06  1.75000E-06  1.87500E-06
  2.00000E-06  2.25000E-06  2.50000E-06  2.75000E-06  3.00000E-06  3.25000E-06
  3.50000E-06  3.75000E-06  4.00000E-06  4.50000E-06  5.00000E-06  5.50000E-06
  6.00000E-06  6.50000E-06  7.00000E-06  7.50000E-06  8.00000E-06  9.00000E-06
  1.00000E-05  1.10000E-05  1.20000E-05  1.30000E-05  1.40000E-05  1.50000E-05
  1.60000E-05  1.80000E-05  2.00000E-05  2.20000E-05  2.40000E-05  2.60000E-05
  2.80000E-05  3.00000E-05  3.20000E-05  3.60000E-05  4.00000E-05  4.40000E-05
  4.80000E-05  5.20000E-05  5.60000E-05  6.00000E-05  6.40000E-05  7.20000E-05
  8.00000E-05  8.80000E-05  9.60000E-05  1.04000E-04  1.12000E-04  1.20000E-04
  1.28000E-04  1.44000E-04  1.60000E-04  1.76000E-04  1.92000E-04  2.08000E-04
  2.24000E-04  2.40000E-04  2.56000E-04  2.88000E-04  3.20000E-04  3.52000E-04
  3.84000E-04  4.16000E-04  4.48000E-04  4.80000E-04  5.12000E-04  5.76000E-04
  6.40000E-04  7.04000E-04  7.68000E-04  8.32000E-04  8.96000E-04  9.60000E-04
  1.02400E-03  1.15200E-03  1.28000E-03  1.40800E-03  1.53600E-03  1.66400E-03
  1.79200E-03  1.92000E-03  2.01600E-03  2.27200E-03  2.52800E-03  2.78400E-03
  3.04000E-03  3.29600E-03  3.55200E-03  3.80800E-03  4.06400E-03  4.57600E-03
  5.08800E-03  5.60000E-03  6.11200E-03  6.62400E-03  7.13600E-03  7.64800E-03
  8.16000E-03  9.18400E-03  1.02080E-02  1.12320E-02  1.22560E-02  1.32800E-02
  1.43040E-02  1.53280E-02  1.63520E-02  1.84000E-02  2.04480E-02  2.24960E-02
  2.45440E-02  2.65920E-02  2.86400E-02  3.06880E-02  3.27360E-02  3.68320E-02
  4.09280E-02  4.50240E-02  4.91200E-02  5.32160E-02  5.73120E-02  6.14080E-02
  6.55040E-02  7.36960E-02  8.18880E-02  9.00800E-02  9.82720E-02  1.06464E-01
  1.14656E-01  1.22848E-01  1.31040E-01  1.47424E-01  1.63808E-01  1.80192E-01
  1.96576E-01  2.12960E-01  2.29344E-01  2.45728E-01  2.62112E-01  2.94880E-01
  3.27648E-01  3.60416E-01  3.93184E-01  4.25952E-01  4.58720E-01  4.91488E-01
  5.24256E-01  5.89792E-01  6.55328E-01  7.20864E-01  7.86400E-01  8.51936E-01
  9.17472E-01  9.83008E-01  1.04854E+00  1.17962E+00  1.31069E+00  1.44176E+00
  1.57283E+00  1.70390E+00  1.83498E+00  1.96605E+00  2.09712E+00  2.35926E+00
  2.62141E+00  2.88355E+00  3.14570E+00  3.40784E+00  3.66998E+00  3.93213E+00
  4.19427E+00  4.71856E+00  5.24285E+00  5.76714E+00  6.29142E+00  6.81571E+00
  7.34000E+00  7.86429E+00
  9.93881E-01  9.92883E-01  9.93696E-01  9.91643E-01  9.89884E-01  9.88875E-01
  9.90418E-01  9.89008E-01  9.89281E-01  9.90562E-01  9.89955E-01  9.88150E-01
  9.88677E-01  9.89289E-01  9.88711E-01  9.88813E-01  9.88359E-01  9.87670E-01
  9.89190E-01  9.88952E-01  9.88271E-01  9.87752E-01  9.88710E-01  9.87483E-01
  9.87800E-01  9.88578E-01  9.87923E-01  9.87692E-01  9.87132E-01  9.87828E-01
  9.87103E-01  9.86581E-01  9.86053E-01  9.86513E-01  9.85198E-01  9.85242E-01
  9.84735E-01  9.84976E-01  9.84007E-01  9.83768E-01  9.82833E-01  9.82722E-01
  9.81907E-01  9.81221E-01  9.80870E-01  9.79821E-01  9.78565E-01  9.77842E-01
  9.76650E-01  9.75518E-01  9.74336E-01  9.73227E-01  9.72335E-01  9.70089E-01
  9.67627E-01  9.65636E-01  9.63699E-01  9.61525E-01  9.59077E-01  9.57155E-01
  9.54857E-01  9.50451E-01  9.46405E-01  9.42191E-01  9.37644E-01  9.33433E-01
  9.29259E-01  9.24926E-01  9.20641E-01  9.12423E-01  9.03953E-01  8.95910E-01
  8.87743E-01  8.79588E-01  8.71809E-01  8.63826E-01  8.56091E-01  8.40590E-01
  8.25561E-01  8.10756E-01  7.96364E-01  7.82064E-01  7.68239E-01  7.54579E-01
  7.41172E-01  7.15233E-01  6.90326E-01  6.66276E-01  6.43159E-01  6.20790E-01
  5.99457E-01  5.78941E-01  5.64462E-01  5.26678E-01  4.91305E-01  4.58197E-01
  4.27106E-01  3.98354E-01  3.71800E-01  3.47037E-01  3.24311E-01  2.82314E-01
  2.46215E-01  2.15635E-01  1.89085E-01  1.65731E-01  1.44951E-01  1.26920E-01
  1.11864E-01  8.75768E-02  6.99149E-02  5.64771E-02  4.53076E-02  3.55493E-02
  2.83514E-02  2.34549E-02  1.97656E-02  1.36795E-02  1.14380E-02  9.41363E-03
  5.92492E-03  2.15775E-03  2.34999E-03  4.78863E-03  7.10441E-03  1.43924E-03
  8.73635E-04  7.73576E-03  1.08036E-02  7.27719E-03 -5.67886E-05 -2.18328E-03
 -1.19726E-03  3.23073E-03  3.73140E-03  3.76373E-03 -6.55694E-04 -3.22891E-04
  7.70558E-03  6.25014E-03  4.79739E-03  4.63970E-03  8.66476E-04 -2.42262E-03
 -3.67622E-03 -1.21698E-04 -2.80085E-03 -2.59223E-04  8.12795E-04  5.92062E-04
  2.95372E-03  2.97460E-03 -5.22983E-04 -5.11277E-03 -1.27687E-03  2.39251E-03
 -3.60258E-04 -1.96201E-03  6.53017E-04 -6.88383E-03 -2.43859E-03 -2.27275E-03
 -3.11006E-03 -2.42860E-03 -1.63149E-04  1.44953E-04 -4.08704E-04  6.09671E-04
 -3.20549E-03 -3.66428E-03 -6.29490E-04 -1.68428E-03 -1.74686E-03  4.18680E-04
  1.98504E-04 -1.61616E-03 -1.14263E-03 -1.98103E-05 -4.92296E-05 -8.27228E-06
  4.26206E-04  9.44634E-04  6.63546E-04 -1.22582E-03 -3.57556E-04 -1.46923E-03
 -5.40096E-04 -9.08604E-04
