AutoSaveFileName0080.ASC
 IFORMY    0    .00
 (6E13.7)
 IFORMT    0    .00
 (6E13.7)
 IFORMW    0    .00
 (6E13.7)
 NINTT     0   -1.00
 DOUSNQ    0    1.00
 IQUAD     0    1.00
 PRWT      0    1.00
 PRY       0    1.00
 IPLRES    1    3.00
 IPLRES    2    3.00
 IPRINT    1    0.00
 IPRINT    2    2.00
 IPLFIT    1    0.00
 IPLFIT    2    0.00
 LINEPG    0   50.
 NONNEG    1    1.00
 IWT       0    5.00
 NQPROG    1    5.00
 NQPROG    2    5.00
 GMNMX     1    1.26156E-02
 GMNMX     2    4.52869E-03
 RUSER    10    -1.00
 NG        0    500.00
 NLINF     0    1.00
 IUSER    10    4.00
 RUSER    21    1.0
 RUSER    22   -1.0
 RUSER    23    0.0
 RUSER    18         291.94879
 RUSER    17         54.99700
 RUSER    19         1.03181
 RUSER    15         1.33200
 RUSER    16         632.80000
 RUSER    25         1
 RUSER    26         0
 END       0    0.00
 NY      162
  7.50000E-07  8.75000E-07  1.00000E-06  1.12500E-06  1.25000E-06  1.37500E-06
  1.50000E-06  1.62500E-06  1.75000E-06  1.87500E-06  2.00000E-06  2.25000E-06
  2.50000E-06  2.75000E-06  3.00000E-06  3.25000E-06  3.50000E-06  3.75000E-06
  4.00000E-06  4.50000E-06  5.00000E-06  5.50000E-06  6.00000E-06  6.50000E-06
  7.00000E-06  7.50000E-06  8.00000E-06  9.00000E-06  1.00000E-05  1.10000E-05
  1.20000E-05  1.30000E-05  1.40000E-05  1.50000E-05  1.60000E-05  1.80000E-05
  2.00000E-05  2.20000E-05  2.40000E-05  2.60000E-05  2.80000E-05  3.00000E-05
  3.20000E-05  3.60000E-05  4.00000E-05  4.40000E-05  4.80000E-05  5.20000E-05
  5.60000E-05  6.00000E-05  6.40000E-05  7.20000E-05  8.00000E-05  8.80000E-05
  9.60000E-05  1.04000E-04  1.12000E-04  1.20000E-04  1.28000E-04  1.44000E-04
  1.60000E-04  1.76000E-04  1.92000E-04  2.08000E-04  2.24000E-04  2.40000E-04
  2.56000E-04  2.88000E-04  3.20000E-04  3.52000E-04  3.84000E-04  4.16000E-04
  4.48000E-04  4.80000E-04  5.12000E-04  5.76000E-04  6.40000E-04  7.04000E-04
  7.68000E-04  8.32000E-04  8.96000E-04  9.60000E-04  1.02400E-03  1.15200E-03
  1.28000E-03  1.40800E-03  1.53600E-03  1.66400E-03  1.79200E-03  1.92000E-03
  2.01600E-03  2.27200E-03  2.52800E-03  2.78400E-03  3.04000E-03  3.29600E-03
  3.55200E-03  3.80800E-03  4.06400E-03  4.57600E-03  5.08800E-03  5.60000E-03
  6.11200E-03  6.62400E-03  7.13600E-03  7.64800E-03  8.16000E-03  9.18400E-03
  1.02080E-02  1.12320E-02  1.22560E-02  1.32800E-02  1.43040E-02  1.53280E-02
  1.63520E-02  1.84000E-02  2.04480E-02  2.24960E-02  2.45440E-02  2.65920E-02
  2.86400E-02  3.06880E-02  3.27360E-02  3.68320E-02  4.09280E-02  4.50240E-02
  4.91200E-02  5.32160E-02  5.73120E-02  6.14080E-02  6.55040E-02  7.36960E-02
  8.18880E-02  9.00800E-02  9.82720E-02  1.06464E-01  1.14656E-01  1.22848E-01
  1.31040E-01  1.47424E-01  1.63808E-01  1.80192E-01  1.96576E-01  2.12960E-01
  2.29344E-01  2.45728E-01  2.62112E-01  2.94880E-01  3.27648E-01  3.60416E-01
  3.93184E-01  4.25952E-01  4.58720E-01  4.91488E-01  5.24256E-01  5.89792E-01
  6.55328E-01  7.20864E-01  7.86400E-01  8.51936E-01  9.17472E-01  9.83008E-01
  9.99053E-01  9.99925E-01  9.97752E-01  9.94481E-01  9.91066E-01  9.92643E-01
  9.96729E-01  1.00000E+00  9.99168E-01  9.90244E-01  9.93043E-01  9.93529E-01
  9.92896E-01  9.93393E-01  9.90532E-01  9.92463E-01  9.92099E-01  9.88229E-01
  9.91327E-01  9.89784E-01  9.89714E-01  9.89240E-01  9.86856E-01  9.86160E-01
  9.85356E-01  9.86463E-01  9.85264E-01  9.83927E-01  9.83285E-01  9.81153E-01
  9.81369E-01  9.76830E-01  9.78472E-01  9.75876E-01  9.73636E-01  9.71662E-01
  9.70369E-01  9.67848E-01  9.64537E-01  9.63217E-01  9.58288E-01  9.57645E-01
  9.54660E-01  9.48763E-01  9.43887E-01  9.37217E-01  9.32568E-01  9.27328E-01
  9.23116E-01  9.17072E-01  9.11862E-01  9.01317E-01  8.91406E-01  8.81482E-01
  8.72435E-01  8.62957E-01  8.52327E-01  8.43121E-01  8.34164E-01  8.16280E-01
  7.98730E-01  7.81729E-01  7.64493E-01  7.47237E-01  7.30775E-01  7.14987E-01
  6.99810E-01  6.69639E-01  6.39936E-01  6.12230E-01  5.85648E-01  5.60656E-01
  5.36169E-01  5.13298E-01  4.91402E-01  4.50383E-01  4.12758E-01  3.78852E-01
  3.47802E-01  3.18872E-01  2.92136E-01  2.67920E-01  2.45245E-01  2.05116E-01
  1.71547E-01  1.43698E-01  1.21410E-01  1.03015E-01  8.69879E-02  7.38704E-02
  6.67475E-02  5.13515E-02  4.11547E-02  3.41235E-02  2.84128E-02  2.38573E-02
  1.85459E-02  1.45189E-02  1.08139E-02  8.04485E-03  5.74913E-03  1.33612E-03
  3.82744E-04  1.59484E-03  4.59599E-03  5.07341E-03  5.26049E-03  5.50062E-04
  9.94721E-04  2.33766E-03 -4.51167E-04  5.64864E-04  7.40471E-03  6.48031E-03
  5.66856E-03  3.04736E-04  2.82031E-03 -5.41669E-04 -5.02478E-03 -4.98306E-03
 -8.20709E-03 -3.27407E-03 -9.18319E-04 -7.82279E-04 -5.78819E-03  3.57582E-04
 -4.09510E-03  1.06206E-03 -7.25398E-03 -9.03639E-03 -4.25117E-03 -3.76252E-03
  1.08882E-03  6.07359E-04  1.38800E-03  2.03991E-03  5.10645E-03  2.83702E-03
  9.42830E-04 -4.57402E-03 -3.48525E-04  4.46616E-03  9.99275E-04 -3.39068E-03
  2.29639E-03  1.27915E-03  2.02233E-03 -1.76465E-03 -5.10479E-04  3.20937E-03
 -2.50826E-03  2.68925E-04  3.69128E-04 -1.39609E-03  2.03138E-05 -1.27229E-03
  4.43191E-04  1.47229E-03 -2.47550E-03 -5.74024E-04  5.42538E-05 -1.63041E-03
