AutoSaveFileName0047.ASC
 IFORMY    0    .00
 (6E13.7)
 IFORMT    0    .00
 (6E13.7)
 IFORMW    0    .00
 (6E13.7)
 NINTT     0   -1.00
 DOUSNQ    0    1.00
 IQUAD          1.00
 PRWT      0    1.00
 PRY       0    1.00
 IPLRES    1    3.00
 IPLRES    2    3.00
 IPRINT    1    0.00
 IPRINT    2    2.00
 IPLFIT    1    0.00
 IPLFIT    2    0.00
 LINEPG    0   50.
 NONNEG    1    1.00
 IWT       0    5.00
 NQPROG    1    5.00
 NQPROG    2    5.00
 GMNMX     1    7.579E-05
 GMNMX     2    7.579E-02
 RUSER    10    -1.00
 NG        0    200.00
 NLINF     0    0.00
 IUSER    10    4.00
 RUSER    21    1.0
 RUSER    22   -1.0
 RUSER    23    0.0
 RUSER    18         292.17270
 RUSER    17         34.99800
 RUSER    19         1.02610
 RUSER    15         1.33200
 RUSER    16         632.80000
 RUSER    25         1
 RUSER    26         0
 END       0    0.00
 NY      188
  5.00000E-07  6.25000E-07  7.50000E-07  8.75000E-07  1.00000E-06  1.12500E-06
  1.25000E-06  1.37500E-06  1.50000E-06  1.62500E-06  1.75000E-06  1.87500E-06
  2.00000E-06  2.25000E-06  2.50000E-06  2.75000E-06  3.00000E-06  3.25000E-06
  3.50000E-06  3.75000E-06  4.00000E-06  4.50000E-06  5.00000E-06  5.50000E-06
  6.00000E-06  6.50000E-06  7.00000E-06  7.50000E-06  8.00000E-06  9.00000E-06
  1.00000E-05  1.10000E-05  1.20000E-05  1.30000E-05  1.40000E-05  1.50000E-05
  1.60000E-05  1.80000E-05  2.00000E-05  2.20000E-05  2.40000E-05  2.60000E-05
  2.80000E-05  3.00000E-05  3.20000E-05  3.60000E-05  4.00000E-05  4.40000E-05
  4.80000E-05  5.20000E-05  5.60000E-05  6.00000E-05  6.40000E-05  7.20000E-05
  8.00000E-05  8.80000E-05  9.60000E-05  1.04000E-04  1.12000E-04  1.20000E-04
  1.28000E-04  1.44000E-04  1.60000E-04  1.76000E-04  1.92000E-04  2.08000E-04
  2.24000E-04  2.40000E-04  2.56000E-04  2.88000E-04  3.20000E-04  3.52000E-04
  3.84000E-04  4.16000E-04  4.48000E-04  4.80000E-04  5.12000E-04  5.76000E-04
  6.40000E-04  7.04000E-04  7.68000E-04  8.32000E-04  8.96000E-04  9.60000E-04
  1.02400E-03  1.15200E-03  1.28000E-03  1.40800E-03  1.53600E-03  1.66400E-03
  1.79200E-03  1.92000E-03  2.01600E-03  2.27200E-03  2.52800E-03  2.78400E-03
  3.04000E-03  3.29600E-03  3.55200E-03  3.80800E-03  4.06400E-03  4.57600E-03
  5.08800E-03  5.60000E-03  6.11200E-03  6.62400E-03  7.13600E-03  7.64800E-03
  8.16000E-03  9.18400E-03  1.02080E-02  1.12320E-02  1.22560E-02  1.32800E-02
  1.43040E-02  1.53280E-02  1.63520E-02  1.84000E-02  2.04480E-02  2.24960E-02
  2.45440E-02  2.65920E-02  2.86400E-02  3.06880E-02  3.27360E-02  3.68320E-02
  4.09280E-02  4.50240E-02  4.91200E-02  5.32160E-02  5.73120E-02  6.14080E-02
  6.55040E-02  7.36960E-02  8.18880E-02  9.00800E-02  9.82720E-02  1.06464E-01
  1.14656E-01  1.22848E-01  1.31040E-01  1.47424E-01  1.63808E-01  1.80192E-01
  1.96576E-01  2.12960E-01  2.29344E-01  2.45728E-01  2.62112E-01  2.94880E-01
  3.27648E-01  3.60416E-01  3.93184E-01  4.25952E-01  4.58720E-01  4.91488E-01
  5.24256E-01  5.89792E-01  6.55328E-01  7.20864E-01  7.86400E-01  8.51936E-01
  9.17472E-01  9.83008E-01  1.04854E+00  1.17962E+00  1.31069E+00  1.44176E+00
  1.57283E+00  1.70390E+00  1.83498E+00  1.96605E+00  2.09712E+00  2.35926E+00
  2.62141E+00  2.88355E+00  3.14570E+00  3.40784E+00  3.66998E+00  3.93213E+00
  4.19427E+00  4.71856E+00  5.24285E+00  5.76714E+00  6.29142E+00  6.81571E+00
  7.34000E+00  7.86429E+00
  9.93408E-01  9.92863E-01  9.90754E-01  9.92481E-01  9.89280E-01  9.90599E-01
  9.91085E-01  9.89261E-01  9.88844E-01  9.89341E-01  9.90267E-01  9.90060E-01
  9.89496E-01  9.89343E-01  9.89566E-01  9.89346E-01  9.89705E-01  9.90710E-01
  9.88726E-01  9.87672E-01  9.89138E-01  9.88133E-01  9.89391E-01  9.90091E-01
  9.89401E-01  9.89250E-01  9.88840E-01  9.88880E-01  9.88775E-01  9.89218E-01
  9.89326E-01  9.89076E-01  9.89492E-01  9.88562E-01  9.89550E-01  9.88321E-01
  9.88753E-01  9.89050E-01  9.88480E-01  9.88132E-01  9.88379E-01  9.88240E-01
  9.88644E-01  9.87994E-01  9.88254E-01  9.88227E-01  9.88582E-01  9.88118E-01
  9.87778E-01  9.87778E-01  9.87533E-01  9.87263E-01  9.87222E-01  9.86973E-01
  9.86546E-01  9.86263E-01  9.85924E-01  9.85725E-01  9.85406E-01  9.85136E-01
  9.84654E-01  9.84270E-01  9.83659E-01  9.82866E-01  9.82223E-01  9.81870E-01
  9.80862E-01  9.80608E-01  9.79806E-01  9.78446E-01  9.77306E-01  9.76004E-01
  9.74847E-01  9.73699E-01  9.72396E-01  9.71240E-01  9.69804E-01  9.67337E-01
  9.64901E-01  9.62535E-01  9.60029E-01  9.57610E-01  9.55247E-01  9.52808E-01
  9.19218E-01  9.14520E-01  9.09846E-01  9.05057E-01  9.00453E-01  8.95907E-01
  8.91216E-01  8.86813E-01  9.16987E-01  9.07842E-01  8.98966E-01  8.90143E-01
  8.81515E-01  8.72879E-01  8.64415E-01  8.56027E-01  8.47828E-01  8.31411E-01
  8.15504E-01  8.00040E-01  7.84944E-01  7.70155E-01  7.55754E-01  7.41638E-01
  7.28053E-01  7.01349E-01  6.75859E-01  6.51258E-01  6.27818E-01  6.05379E-01
  5.83876E-01  5.63113E-01  5.43565E-01  5.06112E-01  4.71792E-01  4.39998E-01
  4.10414E-01  3.82794E-01  3.56477E-01  3.31705E-01  3.07639E-01  2.67245E-01
  2.33433E-01  2.03603E-01  1.78928E-01  1.59175E-01  1.41554E-01  1.26147E-01
  1.02189E-01  7.74500E-02  5.76343E-02  4.22170E-02  2.94522E-02  2.44254E-02
  2.34806E-02  2.29119E-02  1.88610E-02  7.45722E-03 -1.43698E-03 -8.23366E-03
 -1.28847E-02 -1.49273E-02 -1.07530E-02 -9.14926E-03 -2.38114E-03 -5.84877E-03
 -4.20130E-03 -6.09712E-03 -1.00456E-02 -2.04044E-02 -1.25526E-02 -1.07741E-02
 -1.01813E-02 -1.86363E-02 -2.35565E-04  1.19154E-02 -7.80825E-03 -4.93200E-03
  8.67579E-04  3.06718E-02  6.94959E-03 -1.34970E-02  2.72032E-03 -2.97592E-02
 -1.49881E-02 -4.09343E-03 -7.48605E-03 -1.01136E-03 -1.16878E-02 -1.02235E-02
  1.02713E-02 -1.08798E-02 -3.88402E-03 -6.22300E-03  3.14059E-03  8.32173E-03
  1.09321E-03 -6.13486E-04  6.77164E-03 -1.03166E-03  6.39743E-03 -4.43654E-03
 -1.06897E-02 -3.69252E-03
