AutoSaveFileName0125.ASC
 IFORMY    0    .00
 (6E13.7)
 IFORMT    0    .00
 (6E13.7)
 IFORMW    0    .00
 (6E13.7)
 NINTT     0   -1.00
 DOUSNQ    0    1.00
 IQUAD          1.00
 PRWT      0    1.00
 PRY       0    1.00
 IPLRES    1    3.00
 IPLRES    2    3.00
 IPRINT    1    0.00
 IPRINT    2    2.00
 IPLFIT    1    0.00
 IPLFIT    2    0.00
 LINEPG    0   50.
 NONNEG    1    1.00
 IWT       0    5.00
 NQPROG    1    5.00
 NQPROG    2    5.00
 GMNMX     1    1.848E-05
 GMNMX     2    1.848E-02
 RUSER    10    -1.00
 NG        0    200.00
 NLINF     0    0.00
 IUSER    10    4.00
 RUSER    21    1.0
 RUSER    22   -1.0
 RUSER    23    0.0
 RUSER    18         292.20505
 RUSER    17         74.99800
 RUSER    19         1.02528
 RUSER    15         1.33200
 RUSER    16         632.80000
 RUSER    25         1
 RUSER    26         0
 END       0    0.00
 NY      188
  5.00000E-07  6.25000E-07  7.50000E-07  8.75000E-07  1.00000E-06  1.12500E-06
  1.25000E-06  1.37500E-06  1.50000E-06  1.62500E-06  1.75000E-06  1.87500E-06
  2.00000E-06  2.25000E-06  2.50000E-06  2.75000E-06  3.00000E-06  3.25000E-06
  3.50000E-06  3.75000E-06  4.00000E-06  4.50000E-06  5.00000E-06  5.50000E-06
  6.00000E-06  6.50000E-06  7.00000E-06  7.50000E-06  8.00000E-06  9.00000E-06
  1.00000E-05  1.10000E-05  1.20000E-05  1.30000E-05  1.40000E-05  1.50000E-05
  1.60000E-05  1.80000E-05  2.00000E-05  2.20000E-05  2.40000E-05  2.60000E-05
  2.80000E-05  3.00000E-05  3.20000E-05  3.60000E-05  4.00000E-05  4.40000E-05
  4.80000E-05  5.20000E-05  5.60000E-05  6.00000E-05  6.40000E-05  7.20000E-05
  8.00000E-05  8.80000E-05  9.60000E-05  1.04000E-04  1.12000E-04  1.20000E-04
  1.28000E-04  1.44000E-04  1.60000E-04  1.76000E-04  1.92000E-04  2.08000E-04
  2.24000E-04  2.40000E-04  2.56000E-04  2.88000E-04  3.20000E-04  3.52000E-04
  3.84000E-04  4.16000E-04  4.48000E-04  4.80000E-04  5.12000E-04  5.76000E-04
  6.40000E-04  7.04000E-04  7.68000E-04  8.32000E-04  8.96000E-04  9.60000E-04
  1.02400E-03  1.15200E-03  1.28000E-03  1.40800E-03  1.53600E-03  1.66400E-03
  1.79200E-03  1.92000E-03  2.01600E-03  2.27200E-03  2.52800E-03  2.78400E-03
  3.04000E-03  3.29600E-03  3.55200E-03  3.80800E-03  4.06400E-03  4.57600E-03
  5.08800E-03  5.60000E-03  6.11200E-03  6.62400E-03  7.13600E-03  7.64800E-03
  8.16000E-03  9.18400E-03  1.02080E-02  1.12320E-02  1.22560E-02  1.32800E-02
  1.43040E-02  1.53280E-02  1.63520E-02  1.84000E-02  2.04480E-02  2.24960E-02
  2.45440E-02  2.65920E-02  2.86400E-02  3.06880E-02  3.27360E-02  3.68320E-02
  4.09280E-02  4.50240E-02  4.91200E-02  5.32160E-02  5.73120E-02  6.14080E-02
  6.55040E-02  7.36960E-02  8.18880E-02  9.00800E-02  9.82720E-02  1.06464E-01
  1.14656E-01  1.22848E-01  1.31040E-01  1.47424E-01  1.63808E-01  1.80192E-01
  1.96576E-01  2.12960E-01  2.29344E-01  2.45728E-01  2.62112E-01  2.94880E-01
  3.27648E-01  3.60416E-01  3.93184E-01  4.25952E-01  4.58720E-01  4.91488E-01
  5.24256E-01  5.89792E-01  6.55328E-01  7.20864E-01  7.86400E-01  8.51936E-01
  9.17472E-01  9.83008E-01  1.04854E+00  1.17962E+00  1.31069E+00  1.44176E+00
  1.57283E+00  1.70390E+00  1.83498E+00  1.96605E+00  2.09712E+00  2.35926E+00
  2.62141E+00  2.88355E+00  3.14570E+00  3.40784E+00  3.66998E+00  3.93213E+00
  4.19427E+00  4.71856E+00  5.24285E+00  5.76714E+00  6.29142E+00  6.81571E+00
  7.34000E+00  7.86429E+00
  9.95816E-01  9.94522E-01  9.92388E-01  9.91735E-01  9.88500E-01  9.89327E-01
  9.89229E-01  9.89021E-01  9.89790E-01  9.90360E-01  9.91319E-01  9.90593E-01
  9.89204E-01  9.89774E-01  9.88138E-01  9.90354E-01  9.88426E-01  9.88644E-01
  9.89177E-01  9.88871E-01  9.88798E-01  9.88790E-01  9.88315E-01  9.89350E-01
  9.88387E-01  9.87693E-01  9.88574E-01  9.87611E-01  9.87755E-01  9.88617E-01
  9.88403E-01  9.87955E-01  9.88154E-01  9.86938E-01  9.87436E-01  9.87485E-01
  9.87537E-01  9.86362E-01  9.86277E-01  9.85921E-01  9.85769E-01  9.85609E-01
  9.85004E-01  9.84781E-01  9.84168E-01  9.83668E-01  9.82816E-01  9.81964E-01
  9.81005E-01  9.80361E-01  9.80015E-01  9.79239E-01  9.78527E-01  9.77072E-01
  9.75584E-01  9.74329E-01  9.72629E-01  9.71242E-01  9.69486E-01  9.68149E-01
  9.66754E-01  9.63716E-01  9.60882E-01  9.57756E-01  9.54863E-01  9.52121E-01
  9.49129E-01  9.46353E-01  9.43202E-01  9.37627E-01  9.31782E-01  9.26174E-01
  9.20460E-01  9.14817E-01  9.09225E-01  9.03658E-01  8.98128E-01  8.87221E-01
  8.76551E-01  8.65862E-01  8.55115E-01  8.44689E-01  8.34422E-01  8.24287E-01
  8.13916E-01  7.94047E-01  7.74761E-01  7.56160E-01  7.37800E-01  7.19941E-01
  7.02661E-01  6.85713E-01  6.72633E-01  6.40827E-01  6.11001E-01  5.83002E-01
  5.56512E-01  5.31705E-01  5.08131E-01  4.85617E-01  4.64737E-01  4.25290E-01
  3.89586E-01  3.56710E-01  3.26993E-01  3.00035E-01  2.74918E-01  2.52188E-01
  2.31989E-01  1.95125E-01  1.63659E-01  1.37584E-01  1.16345E-01  9.93645E-02
  8.43880E-02  7.23860E-02  6.37271E-02  4.88251E-02  3.83577E-02  3.10076E-02
  2.65132E-02  2.33086E-02  1.99774E-02  1.78373E-02  1.24224E-02  5.18524E-03
  2.21118E-03  1.82530E-03 -2.49541E-03 -2.59535E-03 -8.01515E-03 -1.12001E-02
 -1.16562E-02 -9.77624E-03 -7.22022E-03 -5.89013E-03 -2.84642E-03 -1.96365E-03
 -1.26293E-03 -2.31361E-03 -4.57005E-03 -2.99614E-03 -7.72522E-04 -4.51049E-03
 -9.02613E-04  8.85602E-03 -9.38950E-03 -2.59646E-03 -1.74600E-03 -1.84198E-03
  3.95885E-03 -4.38522E-03  1.81838E-03 -3.06502E-03 -1.00439E-02 -1.10315E-02
 -8.49949E-03 -3.13766E-03  2.69748E-03 -6.26691E-03  1.29552E-02 -5.03762E-03
 -7.09544E-04  8.04697E-03  3.76256E-03 -5.19678E-03  2.14018E-04 -8.29357E-04
 -2.56314E-03  1.36489E-03 -4.05776E-03  3.63474E-03  3.77711E-05 -1.23952E-03
  3.44411E-03 -2.52564E-03 -9.77321E-04  1.92042E-03  2.70707E-03 -7.09884E-04
 -8.39196E-04 -5.90559E-04 -2.42830E-03 -8.78567E-04  2.31962E-03 -1.83054E-03
  9.79649E-04 -2.31633E-03
