AutoSaveFileName0081.ASC
 IFORMY    0    .00
 (6E13.7)
 IFORMT    0    .00
 (6E13.7)
 IFORMW    0    .00
 (6E13.7)
 NINTT     0   -1.00
 DOUSNQ    0    1.00
 IQUAD     0    1.00
 PRWT      0    1.00
 PRY       0    1.00
 IPLRES    1    3.00
 IPLRES    2    3.00
 IPRINT    1    0.00
 IPRINT    2    2.00
 IPLFIT    1    0.00
 IPLFIT    2    0.00
 LINEPG    0   50.
 NONNEG    1    1.00
 IWT       0    5.00
 NQPROG    1    5.00
 NQPROG    2    5.00
 GMNMX     1    1.26151E-02
 GMNMX     2    4.52849E-03
 RUSER    10    -1.00
 NG        0    500.00
 NLINF     0    1.00
 IUSER    10    4.00
 RUSER    21    1.0
 RUSER    22   -1.0
 RUSER    23    0.0
 RUSER    18         291.95027
 RUSER    17         54.99700
 RUSER    19         1.03177
 RUSER    15         1.33200
 RUSER    16         632.80000
 RUSER    25         1
 RUSER    26         0
 END       0    0.00
 NY      162
  7.50000E-07  8.75000E-07  1.00000E-06  1.12500E-06  1.25000E-06  1.37500E-06
  1.50000E-06  1.62500E-06  1.75000E-06  1.87500E-06  2.00000E-06  2.25000E-06
  2.50000E-06  2.75000E-06  3.00000E-06  3.25000E-06  3.50000E-06  3.75000E-06
  4.00000E-06  4.50000E-06  5.00000E-06  5.50000E-06  6.00000E-06  6.50000E-06
  7.00000E-06  7.50000E-06  8.00000E-06  9.00000E-06  1.00000E-05  1.10000E-05
  1.20000E-05  1.30000E-05  1.40000E-05  1.50000E-05  1.60000E-05  1.80000E-05
  2.00000E-05  2.20000E-05  2.40000E-05  2.60000E-05  2.80000E-05  3.00000E-05
  3.20000E-05  3.60000E-05  4.00000E-05  4.40000E-05  4.80000E-05  5.20000E-05
  5.60000E-05  6.00000E-05  6.40000E-05  7.20000E-05  8.00000E-05  8.80000E-05
  9.60000E-05  1.04000E-04  1.12000E-04  1.20000E-04  1.28000E-04  1.44000E-04
  1.60000E-04  1.76000E-04  1.92000E-04  2.08000E-04  2.24000E-04  2.40000E-04
  2.56000E-04  2.88000E-04  3.20000E-04  3.52000E-04  3.84000E-04  4.16000E-04
  4.48000E-04  4.80000E-04  5.12000E-04  5.76000E-04  6.40000E-04  7.04000E-04
  7.68000E-04  8.32000E-04  8.96000E-04  9.60000E-04  1.02400E-03  1.15200E-03
  1.28000E-03  1.40800E-03  1.53600E-03  1.66400E-03  1.79200E-03  1.92000E-03
  2.01600E-03  2.27200E-03  2.52800E-03  2.78400E-03  3.04000E-03  3.29600E-03
  3.55200E-03  3.80800E-03  4.06400E-03  4.57600E-03  5.08800E-03  5.60000E-03
  6.11200E-03  6.62400E-03  7.13600E-03  7.64800E-03  8.16000E-03  9.18400E-03
  1.02080E-02  1.12320E-02  1.22560E-02  1.32800E-02  1.43040E-02  1.53280E-02
  1.63520E-02  1.84000E-02  2.04480E-02  2.24960E-02  2.45440E-02  2.65920E-02
  2.86400E-02  3.06880E-02  3.27360E-02  3.68320E-02  4.09280E-02  4.50240E-02
  4.91200E-02  5.32160E-02  5.73120E-02  6.14080E-02  6.55040E-02  7.36960E-02
  8.18880E-02  9.00800E-02  9.82720E-02  1.06464E-01  1.14656E-01  1.22848E-01
  1.31040E-01  1.47424E-01  1.63808E-01  1.80192E-01  1.96576E-01  2.12960E-01
  2.29344E-01  2.45728E-01  2.62112E-01  2.94880E-01  3.27648E-01  3.60416E-01
  3.93184E-01  4.25952E-01  4.58720E-01  4.91488E-01  5.24256E-01  5.89792E-01
  6.55328E-01  7.20864E-01  7.86400E-01  8.51936E-01  9.17472E-01  9.83008E-01
  9.99851E-01  9.98979E-01  1.00000E+00  9.95228E-01  9.96817E-01  9.95085E-01
  9.99367E-01  9.99791E-01  9.96273E-01  9.93580E-01  9.93831E-01  9.94398E-01
  9.96458E-01  9.92965E-01  9.94464E-01  9.94941E-01  9.92517E-01  9.92917E-01
  9.94111E-01  9.90474E-01  9.91071E-01  9.91460E-01  9.89226E-01  9.90319E-01
  9.87452E-01  9.88742E-01  9.87715E-01  9.84293E-01  9.84693E-01  9.82883E-01
  9.82991E-01  9.80035E-01  9.79366E-01  9.76899E-01  9.75334E-01  9.74182E-01
  9.71261E-01  9.68783E-01  9.65540E-01  9.64955E-01  9.60201E-01  9.58905E-01
  9.55244E-01  9.49791E-01  9.45395E-01  9.39686E-01  9.34508E-01  9.29449E-01
  9.24289E-01  9.19792E-01  9.14345E-01  9.03780E-01  8.94237E-01  8.83642E-01
  8.74940E-01  8.65546E-01  8.55721E-01  8.46190E-01  8.37040E-01  8.19099E-01
  8.01756E-01  7.84167E-01  7.67570E-01  7.50854E-01  7.34239E-01  7.18538E-01
  7.03135E-01  6.73065E-01  6.44177E-01  6.16896E-01  5.90797E-01  5.66212E-01
  5.42148E-01  5.19654E-01  4.98483E-01  4.58128E-01  4.20798E-01  3.86919E-01
  3.55768E-01  3.27021E-01  3.00538E-01  2.76316E-01  2.53141E-01  2.13382E-01
  1.80309E-01  1.53027E-01  1.29915E-01  1.10317E-01  9.38336E-02  8.00340E-02
  7.16573E-02  5.28092E-02  3.97430E-02  3.01004E-02  2.31098E-02  1.82237E-02
  1.35451E-02  9.88342E-03  6.95192E-03  2.43949E-03 -1.21728E-03 -2.42068E-03
 -1.92177E-03 -1.36562E-03  2.15516E-05  2.81011E-03  2.54500E-03  1.70213E-03
  2.11918E-03  2.61034E-03  2.48898E-03  2.57092E-03  2.71101E-03  1.86960E-03
  3.77729E-03 -1.22920E-03  7.30112E-04 -6.65671E-04 -4.43157E-04  1.12087E-03
 -5.40113E-04  1.05391E-03  1.22557E-05  6.05853E-04 -1.76197E-03 -4.86063E-04
 -2.85562E-03 -1.17361E-03 -2.88547E-03 -8.85201E-03 -3.84077E-03 -2.28024E-03
  1.16777E-03  2.54679E-03  2.16727E-04 -2.46883E-03  5.41749E-03  4.14730E-03
  2.35675E-03 -2.40927E-04  9.83170E-04  2.91218E-03  2.54864E-03 -1.75379E-03
  2.24882E-03  1.82450E-05  4.42909E-04 -2.88852E-04 -1.89792E-03  2.70063E-03
 -3.09685E-03  5.54464E-04  5.09978E-04  2.00589E-04 -1.29693E-03 -6.90755E-04
 -1.98304E-04  1.34126E-03 -1.40742E-03 -5.87725E-04  4.81129E-04 -3.91996E-05
