AutoSaveFileName0148.ASC
 IFORMY    0    .00
 (6E13.7)
 IFORMT    0    .00
 (6E13.7)
 IFORMW    0    .00
 (6E13.7)
 NINTT     0   -1.00
 DOUSNQ    0    1.00
 IQUAD     0    1.00
 PRWT      0    1.00
 PRY       0    1.00
 IPLRES    1    3.00
 IPLRES    2    3.00
 IPRINT    1    0.00
 IPRINT    2    2.00
 IPLFIT    1    0.00
 IPLFIT    2    0.00
 LINEPG    0   50.
 NONNEG    1    1.00
 IWT       0    5.00
 NQPROG    1    5.00
 NQPROG    2    5.00
 GMNMX     1    5.88333E-03
 GMNMX     2    2.11197E-03
 RUSER    10    -1.00
 NG        0    500.00
 NLINF     0    1.00
 IUSER    10    4.00
 RUSER    21    1.0
 RUSER    22   -1.0
 RUSER    23    0.0
 RUSER    18         292.00543
 RUSER    17         84.99900
 RUSER    19         1.03036
 RUSER    15         1.33200
 RUSER    16         632.80000
 RUSER    25         1
 RUSER    26         0
 END       0    0.00
 NY      162
  7.50000E-07  8.75000E-07  1.00000E-06  1.12500E-06  1.25000E-06  1.37500E-06
  1.50000E-06  1.62500E-06  1.75000E-06  1.87500E-06  2.00000E-06  2.25000E-06
  2.50000E-06  2.75000E-06  3.00000E-06  3.25000E-06  3.50000E-06  3.75000E-06
  4.00000E-06  4.50000E-06  5.00000E-06  5.50000E-06  6.00000E-06  6.50000E-06
  7.00000E-06  7.50000E-06  8.00000E-06  9.00000E-06  1.00000E-05  1.10000E-05
  1.20000E-05  1.30000E-05  1.40000E-05  1.50000E-05  1.60000E-05  1.80000E-05
  2.00000E-05  2.20000E-05  2.40000E-05  2.60000E-05  2.80000E-05  3.00000E-05
  3.20000E-05  3.60000E-05  4.00000E-05  4.40000E-05  4.80000E-05  5.20000E-05
  5.60000E-05  6.00000E-05  6.40000E-05  7.20000E-05  8.00000E-05  8.80000E-05
  9.60000E-05  1.04000E-04  1.12000E-04  1.20000E-04  1.28000E-04  1.44000E-04
  1.60000E-04  1.76000E-04  1.92000E-04  2.08000E-04  2.24000E-04  2.40000E-04
  2.56000E-04  2.88000E-04  3.20000E-04  3.52000E-04  3.84000E-04  4.16000E-04
  4.48000E-04  4.80000E-04  5.12000E-04  5.76000E-04  6.40000E-04  7.04000E-04
  7.68000E-04  8.32000E-04  8.96000E-04  9.60000E-04  1.02400E-03  1.15200E-03
  1.28000E-03  1.40800E-03  1.53600E-03  1.66400E-03  1.79200E-03  1.92000E-03
  2.01600E-03  2.27200E-03  2.52800E-03  2.78400E-03  3.04000E-03  3.29600E-03
  3.55200E-03  3.80800E-03  4.06400E-03  4.57600E-03  5.08800E-03  5.60000E-03
  6.11200E-03  6.62400E-03  7.13600E-03  7.64800E-03  8.16000E-03  9.18400E-03
  1.02080E-02  1.12320E-02  1.22560E-02  1.32800E-02  1.43040E-02  1.53280E-02
  1.63520E-02  1.84000E-02  2.04480E-02  2.24960E-02  2.45440E-02  2.65920E-02
  2.86400E-02  3.06880E-02  3.27360E-02  3.68320E-02  4.09280E-02  4.50240E-02
  4.91200E-02  5.32160E-02  5.73120E-02  6.14080E-02  6.55040E-02  7.36960E-02
  8.18880E-02  9.00800E-02  9.82720E-02  1.06464E-01  1.14656E-01  1.22848E-01
  1.31040E-01  1.47424E-01  1.63808E-01  1.80192E-01  1.96576E-01  2.12960E-01
  2.29344E-01  2.45728E-01  2.62112E-01  2.94880E-01  3.27648E-01  3.60416E-01
  3.93184E-01  4.25952E-01  4.58720E-01  4.91488E-01  5.24256E-01  5.89792E-01
  6.55328E-01  7.20864E-01  7.86400E-01  8.51936E-01  9.17472E-01  9.83008E-01
  1.00000E+00  9.98778E-01  9.98451E-01  9.96661E-01  9.96901E-01  9.99068E-01
  9.95575E-01  9.98050E-01  9.95353E-01  9.93706E-01  9.94841E-01  9.92169E-01
  9.94002E-01  9.93845E-01  9.90674E-01  9.90895E-01  9.88977E-01  9.90634E-01
  9.88704E-01  9.87077E-01  9.84541E-01  9.83982E-01  9.82141E-01  9.80045E-01
  9.78146E-01  9.77161E-01  9.75707E-01  9.72665E-01  9.70841E-01  9.66955E-01
  9.64879E-01  9.60815E-01  9.57501E-01  9.56470E-01  9.52918E-01  9.46966E-01
  9.40689E-01  9.35757E-01  9.30004E-01  9.23420E-01  9.17867E-01  9.12986E-01
  9.07768E-01  8.96481E-01  8.85837E-01  8.74881E-01  8.64409E-01  8.53944E-01
  8.43615E-01  8.33855E-01  8.23501E-01  8.03388E-01  7.84597E-01  7.65852E-01
  7.47320E-01  7.29160E-01  7.12025E-01  6.94930E-01  6.78533E-01  6.46519E-01
  6.15816E-01  5.86968E-01  5.59261E-01  5.33080E-01  5.07777E-01  4.84047E-01
  4.61373E-01  4.18773E-01  3.80270E-01  3.45465E-01  3.13395E-01  2.84571E-01
  2.58394E-01  2.34413E-01  2.13486E-01  1.76152E-01  1.45561E-01  1.20089E-01
  9.91042E-02  8.17262E-02  6.73562E-02  5.56969E-02  4.63543E-02  3.16655E-02
  2.18792E-02  1.56094E-02  1.12967E-02  7.95695E-03  5.47705E-03  3.79640E-03
  2.99463E-03  1.54294E-03 -3.08294E-04 -5.01126E-04 -1.19363E-03 -1.71003E-03
 -5.87356E-04 -3.44884E-05 -9.13719E-05 -3.66337E-04 -3.92556E-04 -6.87460E-04
 -8.08821E-04 -1.95105E-03 -1.36058E-03  3.70366E-04  1.50064E-03  2.73448E-04
 -6.31377E-04  6.86603E-04 -2.40540E-03 -2.62843E-03 -7.70613E-04 -7.03116E-04
 -2.76491E-04  5.21155E-04 -5.01704E-04  3.11233E-05  2.36332E-04  1.20401E-04
  5.85652E-06 -1.37856E-03 -8.08214E-04  2.68721E-04  1.12025E-04 -4.28480E-04
 -8.37091E-04 -1.40745E-03 -2.24732E-03 -3.31862E-04  8.94409E-04  2.58224E-04
  3.18367E-04 -1.23347E-03  1.98294E-04 -1.04595E-03 -8.56181E-04  2.90045E-04
 -1.66544E-04 -3.89370E-04  1.19857E-04 -3.23929E-04 -2.29774E-04  4.05039E-04
  1.75320E-04  3.02407E-05 -1.34820E-04 -2.57606E-04 -1.81704E-04  2.12504E-04
 -3.29301E-04  2.55164E-04  8.93255E-05  2.76218E-04  4.05111E-05 -1.44171E-04
  6.40576E-06  7.32119E-05 -3.05833E-04 -1.48363E-04  1.98436E-04 -1.04344E-05
