AutoSaveFileName0241.ASC
 IFORMY    0    .00
 (6E13.7)
 IFORMT    0    .00
 (6E13.7)
 IFORMW    0    .00
 (6E13.7)
 NINTT     0   -1.00
 DOUSNQ    0    1.00
 IQUAD          1.00
 PRWT      0    1.00
 PRY       0    1.00
 IPLRES    1    3.00
 IPLRES    2    3.00
 IPRINT    1    0.00
 IPRINT    2    2.00
 IPLFIT    1    0.00
 IPLFIT    2    0.00
 LINEPG    0   50.
 NONNEG    1    1.00
 IWT       0    5.00
 NQPROG    1    5.00
 NQPROG    2    5.00
 GMNMX     1    8.012E-06
 GMNMX     2    8.012E-03
 RUSER    10    -1.00
 NG        0    200.00
 NLINF     0    0.00
 IUSER    10    4.00
 RUSER    21    1.0
 RUSER    22   -1.0
 RUSER    23    0.0
 RUSER    18         292.24460
 RUSER    17         134.99900
 RUSER    19         1.02428
 RUSER    15         1.33200
 RUSER    16         632.80000
 RUSER    25         1
 RUSER    26         0
 END       0    0.00
 NY      188
  5.00000E-07  6.25000E-07  7.50000E-07  8.75000E-07  1.00000E-06  1.12500E-06
  1.25000E-06  1.37500E-06  1.50000E-06  1.62500E-06  1.75000E-06  1.87500E-06
  2.00000E-06  2.25000E-06  2.50000E-06  2.75000E-06  3.00000E-06  3.25000E-06
  3.50000E-06  3.75000E-06  4.00000E-06  4.50000E-06  5.00000E-06  5.50000E-06
  6.00000E-06  6.50000E-06  7.00000E-06  7.50000E-06  8.00000E-06  9.00000E-06
  1.00000E-05  1.10000E-05  1.20000E-05  1.30000E-05  1.40000E-05  1.50000E-05
  1.60000E-05  1.80000E-05  2.00000E-05  2.20000E-05  2.40000E-05  2.60000E-05
  2.80000E-05  3.00000E-05  3.20000E-05  3.60000E-05  4.00000E-05  4.40000E-05
  4.80000E-05  5.20000E-05  5.60000E-05  6.00000E-05  6.40000E-05  7.20000E-05
  8.00000E-05  8.80000E-05  9.60000E-05  1.04000E-04  1.12000E-04  1.20000E-04
  1.28000E-04  1.44000E-04  1.60000E-04  1.76000E-04  1.92000E-04  2.08000E-04
  2.24000E-04  2.40000E-04  2.56000E-04  2.88000E-04  3.20000E-04  3.52000E-04
  3.84000E-04  4.16000E-04  4.48000E-04  4.80000E-04  5.12000E-04  5.76000E-04
  6.40000E-04  7.04000E-04  7.68000E-04  8.32000E-04  8.96000E-04  9.60000E-04
  1.02400E-03  1.15200E-03  1.28000E-03  1.40800E-03  1.53600E-03  1.66400E-03
  1.79200E-03  1.92000E-03  2.01600E-03  2.27200E-03  2.52800E-03  2.78400E-03
  3.04000E-03  3.29600E-03  3.55200E-03  3.80800E-03  4.06400E-03  4.57600E-03
  5.08800E-03  5.60000E-03  6.11200E-03  6.62400E-03  7.13600E-03  7.64800E-03
  8.16000E-03  9.18400E-03  1.02080E-02  1.12320E-02  1.22560E-02  1.32800E-02
  1.43040E-02  1.53280E-02  1.63520E-02  1.84000E-02  2.04480E-02  2.24960E-02
  2.45440E-02  2.65920E-02  2.86400E-02  3.06880E-02  3.27360E-02  3.68320E-02
  4.09280E-02  4.50240E-02  4.91200E-02  5.32160E-02  5.73120E-02  6.14080E-02
  6.55040E-02  7.36960E-02  8.18880E-02  9.00800E-02  9.82720E-02  1.06464E-01
  1.14656E-01  1.22848E-01  1.31040E-01  1.47424E-01  1.63808E-01  1.80192E-01
  1.96576E-01  2.12960E-01  2.29344E-01  2.45728E-01  2.62112E-01  2.94880E-01
  3.27648E-01  3.60416E-01  3.93184E-01  4.25952E-01  4.58720E-01  4.91488E-01
  5.24256E-01  5.89792E-01  6.55328E-01  7.20864E-01  7.86400E-01  8.51936E-01
  9.17472E-01  9.83008E-01  1.04854E+00  1.17962E+00  1.31069E+00  1.44176E+00
  1.57283E+00  1.70390E+00  1.83498E+00  1.96605E+00  2.09712E+00  2.35926E+00
  2.62141E+00  2.88355E+00  3.14570E+00  3.40784E+00  3.66998E+00  3.93213E+00
  4.19427E+00  4.71856E+00  5.24285E+00  5.76714E+00  6.29142E+00  6.81571E+00
  7.34000E+00  7.86429E+00
  1.00000E+00  9.95840E-01  9.95762E-01  9.91258E-01  9.93520E-01  9.92775E-01
  9.95354E-01  9.91252E-01  9.93371E-01  9.91764E-01  9.91744E-01  9.92166E-01
  9.90960E-01  9.91103E-01  9.92004E-01  9.90805E-01  9.90591E-01  9.90442E-01
  9.91621E-01  9.89885E-01  9.91129E-01  9.91077E-01  9.90546E-01  9.89671E-01
  9.89677E-01  9.91038E-01  9.90429E-01  9.91343E-01  9.90332E-01  9.88511E-01
  9.88744E-01  9.88828E-01  9.88407E-01  9.87085E-01  9.88122E-01  9.87046E-01
  9.86625E-01  9.85614E-01  9.85096E-01  9.84474E-01  9.83580E-01  9.82776E-01
  9.81791E-01  9.81169E-01  9.79918E-01  9.78415E-01  9.76730E-01  9.75052E-01
  9.73555E-01  9.71449E-01  9.69972E-01  9.69090E-01  9.67017E-01  9.63751E-01
  9.60362E-01  9.57498E-01  9.54290E-01  9.51206E-01  9.48115E-01  9.44700E-01
  9.41557E-01  9.35245E-01  9.28863E-01  9.22467E-01  9.16285E-01  9.10265E-01
  9.04031E-01  8.97992E-01  8.91959E-01  8.79828E-01  8.68106E-01  8.56241E-01
  8.44726E-01  8.33470E-01  8.22442E-01  8.11257E-01  8.00507E-01  7.79129E-01
  7.58426E-01  7.38331E-01  7.19183E-01  7.00469E-01  6.82312E-01  6.64537E-01
  6.47313E-01  6.14581E-01  5.83444E-01  5.53833E-01  5.25954E-01  4.99850E-01
  4.75210E-01  4.51900E-01  4.35691E-01  3.93500E-01  3.55459E-01  3.21725E-01
  2.92271E-01  2.65705E-01  2.42713E-01  2.22039E-01  2.03644E-01  1.72721E-01
  1.49442E-01  1.30209E-01  1.14099E-01  9.93740E-02  8.73426E-02  7.80548E-02
  6.99322E-02  5.48584E-02  4.42783E-02  3.64024E-02  3.07813E-02  2.71979E-02
  2.41815E-02  1.63399E-02  1.06450E-02  9.71073E-03  1.30333E-02  8.62300E-03
  7.05050E-03  1.10324E-02  5.93979E-03  3.44687E-03  5.38171E-03  1.01490E-02
  7.13098E-03 -2.38146E-04  5.35575E-03 -1.15052E-03 -2.84003E-03  5.78418E-04
 -3.73696E-03  1.11800E-03 -1.81342E-04  2.89675E-04  5.58947E-03  1.17504E-02
  1.09555E-02  1.13049E-02  1.20080E-02 -5.29183E-03 -5.26167E-03  6.50333E-03
 -3.88352E-03 -9.34442E-03 -2.05397E-03 -4.71849E-03 -8.48990E-03 -2.28610E-03
 -8.08976E-03 -5.48849E-03  8.78189E-03  6.47515E-03 -5.86167E-03 -2.32195E-03
 -2.82177E-03 -3.50509E-03 -4.62363E-03 -3.70971E-03  2.29784E-03 -1.55074E-03
 -6.76700E-03  2.39446E-03 -1.24763E-03  4.86109E-04 -4.30656E-03 -1.30831E-03
  2.00718E-03  3.67195E-03  6.83225E-04  3.21771E-03  1.56902E-03 -1.00697E-03
 -3.80762E-04 -2.51791E-03  2.16652E-03 -2.43853E-03 -9.99268E-04 -2.49575E-03
  9.47661E-04 -3.31444E-03  2.24549E-03 -1.74761E-03  8.15126E-04  3.03016E-03
  2.73280E-03 -1.24347E-03
