AutoSaveFileName0418.ASC
 IFORMY    0    .00
 (6E13.7)
 IFORMT    0    .00
 (6E13.7)
 IFORMW    0    .00
 (6E13.7)
 NINTT     0   -1.00
 DOUSNQ    0    1.00
 IQUAD          1.00
 PRWT      0    1.00
 PRY       0    1.00
 IPLRES    1    3.00
 IPLRES    2    3.00
 IPRINT    1    0.00
 IPRINT    2    2.00
 IPLFIT    1    0.00
 IPLFIT    2    0.00
 LINEPG    0   50.
 NONNEG    1    1.00
 IWT       0    5.00
 NQPROG    1    5.00
 NQPROG    2    5.00
 GMNMX     1    7.181E-06
 GMNMX     2    7.181E-03
 RUSER    10    -1.00
 NG        0    200.00
 NLINF     0    0.00
 IUSER    10    4.00
 RUSER    21    1.0
 RUSER    22   -1.0
 RUSER    23    0.0
 RUSER    18         292.35587
 RUSER    17         153.99900
 RUSER    19         1.02147
 RUSER    15         1.33200
 RUSER    16         632.80000
 RUSER    25         1
 RUSER    26         0
 END       0    0.00
 NY      131
  3.75000E-07  5.00000E-07  6.25000E-07  7.50000E-07  8.75000E-07  1.00000E-06
  1.12500E-06  1.25000E-06  1.37500E-06  1.50000E-06  1.62500E-06  1.75000E-06
  1.87500E-06  2.00000E-06  2.25000E-06  2.50000E-06  2.75000E-06  3.00000E-06
  3.25000E-06  3.50000E-06  3.75000E-06  4.00000E-06  4.50000E-06  5.00000E-06
  5.50000E-06  6.00000E-06  6.50000E-06  7.00000E-06  7.50000E-06  8.00000E-06
  9.00000E-06  1.00000E-05  1.10000E-05  1.20000E-05  1.30000E-05  1.40000E-05
  1.50000E-05  1.60000E-05  1.80000E-05  2.00000E-05  2.20000E-05  2.40000E-05
  2.60000E-05  2.80000E-05  3.00000E-05  3.20000E-05  3.60000E-05  4.00000E-05
  4.40000E-05  4.80000E-05  5.20000E-05  5.60000E-05  6.00000E-05  6.40000E-05
  7.20000E-05  8.00000E-05  8.80000E-05  9.60000E-05  1.04000E-04  1.12000E-04
  1.20000E-04  1.28000E-04  1.44000E-04  1.60000E-04  1.76000E-04  1.92000E-04
  2.08000E-04  2.24000E-04  2.40000E-04  2.56000E-04  2.88000E-04  3.20000E-04
  3.52000E-04  3.84000E-04  4.16000E-04  4.48000E-04  4.80000E-04  5.12000E-04
  5.76000E-04  6.40000E-04  7.04000E-04  7.68000E-04  8.32000E-04  8.96000E-04
  9.60000E-04  1.02400E-03  1.15200E-03  1.28000E-03  1.40800E-03  1.53600E-03
  1.66400E-03  1.79200E-03  1.92000E-03  2.01600E-03  2.27200E-03  2.52800E-03
  2.78400E-03  3.04000E-03  3.29600E-03  3.55200E-03  3.80800E-03  4.06400E-03
  4.57600E-03  5.08800E-03  5.60000E-03  6.11200E-03  6.62400E-03  7.13600E-03
  7.64800E-03  8.16000E-03  9.18400E-03  1.02080E-02  1.12320E-02  1.22560E-02
  1.32800E-02  1.43040E-02  1.53280E-02  1.63520E-02  1.84000E-02  2.04480E-02
  2.24960E-02  2.45440E-02  2.65920E-02  2.86400E-02  3.06880E-02  3.27360E-02
  3.68320E-02  4.09280E-02  4.50240E-02  4.91200E-02  5.32160E-02
  1.52993E+00  1.52825E+00  1.52787E+00  1.52038E+00  1.51416E+00  1.52411E+00
  1.51885E+00  1.51263E+00  1.52251E+00  1.51861E+00  1.51185E+00  1.50977E+00
  1.51881E+00  1.51979E+00  1.51163E+00  1.51410E+00  1.51620E+00  1.51674E+00
  1.51684E+00  1.51233E+00  1.51474E+00  1.51465E+00  1.51358E+00  1.51174E+00
  1.51240E+00  1.51136E+00  1.51223E+00  1.51484E+00  1.51063E+00  1.51223E+00
  1.51167E+00  1.51066E+00  1.50724E+00  1.50762E+00  1.50838E+00  1.50747E+00
  1.50828E+00  1.50748E+00  1.50305E+00  1.50120E+00  1.50170E+00  1.50083E+00
  1.49943E+00  1.49916E+00  1.49785E+00  1.49654E+00  1.49261E+00  1.48930E+00
  1.48670E+00  1.48283E+00  1.48124E+00  1.47955E+00  1.47629E+00  1.47368E+00
  1.46799E+00  1.46200E+00  1.45823E+00  1.45332E+00  1.44737E+00  1.44118E+00
  1.43628E+00  1.43168E+00  1.42036E+00  1.41077E+00  1.40052E+00  1.39094E+00
  1.38110E+00  1.37180E+00  1.36157E+00  1.35186E+00  1.33328E+00  1.31530E+00
  1.29761E+00  1.28072E+00  1.26434E+00  1.24746E+00  1.23105E+00  1.21502E+00
  1.18437E+00  1.15510E+00  1.12694E+00  1.09957E+00  1.07349E+00  1.04925E+00
  1.02569E+00  9.99838E-01  9.57430E-01  9.18351E-01  8.82050E-01  8.48909E-01
  8.18617E-01  7.89758E-01  7.62970E-01  7.49388E-01  7.04430E-01  6.64485E-01
  6.29967E-01  5.98184E-01  5.68238E-01  5.41152E-01  5.18305E-01  4.98004E-01
  4.61507E-01  4.32541E-01  4.09529E-01  3.90514E-01  3.73927E-01  3.60357E-01
  3.45355E-01  3.27258E-01  2.96018E-01  2.73662E-01  2.55916E-01  2.38709E-01
  2.24800E-01  2.14086E-01  2.02852E-01  1.89253E-01  1.64537E-01  1.41905E-01
  1.28313E-01  1.23820E-01  1.21168E-01  1.06468E-01  8.66494E-02  7.22883E-02
  5.17873E-02  3.95617E-02  4.47917E-02  3.73154E-02  2.69660E-02
