AutoSaveFileName0384.ASC
 IFORMY    0    .00
 (6E13.7)
 IFORMT    0    .00
 (6E13.7)
 IFORMW    0    .00
 (6E13.7)
 NINTT     0   -1.00
 DOUSNQ    0    1.00
 IQUAD          1.00
 PRWT      0    1.00
 PRY       0    1.00
 IPLRES    1    3.00
 IPLRES    2    3.00
 IPRINT    1    0.00
 IPRINT    2    2.00
 IPLFIT    1    0.00
 IPLFIT    2    0.00
 LINEPG    0   50.
 NONNEG    1    1.00
 IWT       0    5.00
 NQPROG    1    5.00
 NQPROG    2    5.00
 GMNMX     1    7.589E-06
 GMNMX     2    7.589E-03
 RUSER    10    -1.00
 NG        0    200.00
 NLINF     0    0.00
 IUSER    10    4.00
 RUSER    21    1.0
 RUSER    22   -1.0
 RUSER    23    0.0
 RUSER    18         292.31849
 RUSER    17         142.99900
 RUSER    19         1.02241
 RUSER    15         1.33200
 RUSER    16         632.80000
 RUSER    25         1
 RUSER    26         0
 END       0    0.00
 NY      131
  3.75000E-07  5.00000E-07  6.25000E-07  7.50000E-07  8.75000E-07  1.00000E-06
  1.12500E-06  1.25000E-06  1.37500E-06  1.50000E-06  1.62500E-06  1.75000E-06
  1.87500E-06  2.00000E-06  2.25000E-06  2.50000E-06  2.75000E-06  3.00000E-06
  3.25000E-06  3.50000E-06  3.75000E-06  4.00000E-06  4.50000E-06  5.00000E-06
  5.50000E-06  6.00000E-06  6.50000E-06  7.00000E-06  7.50000E-06  8.00000E-06
  9.00000E-06  1.00000E-05  1.10000E-05  1.20000E-05  1.30000E-05  1.40000E-05
  1.50000E-05  1.60000E-05  1.80000E-05  2.00000E-05  2.20000E-05  2.40000E-05
  2.60000E-05  2.80000E-05  3.00000E-05  3.20000E-05  3.60000E-05  4.00000E-05
  4.40000E-05  4.80000E-05  5.20000E-05  5.60000E-05  6.00000E-05  6.40000E-05
  7.20000E-05  8.00000E-05  8.80000E-05  9.60000E-05  1.04000E-04  1.12000E-04
  1.20000E-04  1.28000E-04  1.44000E-04  1.60000E-04  1.76000E-04  1.92000E-04
  2.08000E-04  2.24000E-04  2.40000E-04  2.56000E-04  2.88000E-04  3.20000E-04
  3.52000E-04  3.84000E-04  4.16000E-04  4.48000E-04  4.80000E-04  5.12000E-04
  5.76000E-04  6.40000E-04  7.04000E-04  7.68000E-04  8.32000E-04  8.96000E-04
  9.60000E-04  1.02400E-03  1.15200E-03  1.28000E-03  1.40800E-03  1.53600E-03
  1.66400E-03  1.79200E-03  1.92000E-03  2.01600E-03  2.27200E-03  2.52800E-03
  2.78400E-03  3.04000E-03  3.29600E-03  3.55200E-03  3.80800E-03  4.06400E-03
  4.57600E-03  5.08800E-03  5.60000E-03  6.11200E-03  6.62400E-03  7.13600E-03
  7.64800E-03  8.16000E-03  9.18400E-03  1.02080E-02  1.12320E-02  1.22560E-02
  1.32800E-02  1.43040E-02  1.53280E-02  1.63520E-02  1.84000E-02  2.04480E-02
  2.24960E-02  2.45440E-02  2.65920E-02  2.86400E-02  3.06880E-02  3.27360E-02
  3.68320E-02  4.09280E-02  4.50240E-02  4.91200E-02  5.32160E-02
  8.08490E-01  8.06730E-01  8.05047E-01  8.12702E-01  8.01782E-01  7.98830E-01
  8.00725E-01  7.99236E-01  7.99845E-01  7.91928E-01  8.08591E-01  8.12296E-01
  8.01723E-01  7.99816E-01  8.01748E-01  7.99482E-01  7.98632E-01  8.00662E-01
  8.04764E-01  8.02967E-01  7.97148E-01  8.00878E-01  8.00146E-01  7.96877E-01
  7.97335E-01  8.01425E-01  7.98262E-01  7.98114E-01  7.99926E-01  7.99903E-01
  7.95451E-01  7.97602E-01  7.97003E-01  7.94808E-01  7.95577E-01  7.95143E-01
  7.94680E-01  7.93173E-01  7.93504E-01  7.89810E-01  7.91603E-01  7.87432E-01
  7.88044E-01  7.88137E-01  7.85847E-01  7.85408E-01  7.83070E-01  7.79742E-01
  7.77684E-01  7.76524E-01  7.73100E-01  7.71443E-01  7.69345E-01  7.67180E-01
  7.63004E-01  7.58713E-01  7.53840E-01  7.49350E-01  7.45713E-01  7.41875E-01
  7.36600E-01  7.33115E-01  7.24609E-01  7.15917E-01  7.08784E-01  7.00778E-01
  6.93504E-01  6.85689E-01  6.76760E-01  6.69675E-01  6.55407E-01  6.40683E-01
  6.26688E-01  6.12743E-01  5.99917E-01  5.86264E-01  5.73862E-01  5.61767E-01
  5.37851E-01  5.15498E-01  4.93875E-01  4.73300E-01  4.54149E-01  4.35539E-01
  4.18221E-01  4.04549E-01  3.73465E-01  3.46514E-01  3.22002E-01  2.99803E-01
  2.79618E-01  2.60809E-01  2.43778E-01  2.31135E-01  2.01358E-01  1.77347E-01
  1.57631E-01  1.41854E-01  1.28444E-01  1.16519E-01  1.05673E-01  9.64510E-02
  7.99067E-02  6.76791E-02  5.84269E-02  5.19189E-02  4.51784E-02  4.06916E-02
  3.61626E-02  3.28658E-02  2.93231E-02  2.98156E-02  2.73753E-02  2.15027E-02
  1.69272E-02  1.48038E-02  1.79378E-02  2.07630E-02  1.44005E-02  8.75438E-03
  6.85591E-03  6.61018E-03  8.40665E-03  3.08095E-03  5.70309E-04  3.45703E-03
  1.11451E-02 -1.77062E-03 -9.56542E-03 -9.73284E-04 -6.64653E-03
