AutoSaveFileName0268.ASC
 IFORMY    0    .00
 (6E13.7)
 IFORMT    0    .00
 (6E13.7)
 IFORMW    0    .00
 (6E13.7)
 NINTT     0   -1.00
 DOUSNQ    0    1.00
 IQUAD     0    1.00
 PRWT      0    1.00
 PRY       0    1.00
 IPLRES    1    3.00
 IPLRES    2    3.00
 IPRINT    1    0.00
 IPRINT    2    2.00
 IPLFIT    1    0.00
 IPLFIT    2    0.00
 LINEPG    0   50.
 NONNEG    1    1.00
 IWT       0    5.00
 NQPROG    1    5.00
 NQPROG    2    5.00
 GMNMX     1    2.94042E-03
 GMNMX     2    1.05554E-03
 RUSER    10    -1.00
 NG        0    500.00
 NLINF     0    1.00
 IUSER    10    4.00
 RUSER    21    1.0
 RUSER    22   -1.0
 RUSER    23    0.0
 RUSER    18         292.14739
 RUSER    17         144.99900
 RUSER    19         1.02675
 RUSER    15         1.33200
 RUSER    16         632.80000
 RUSER    25         1
 RUSER    26         0
 END       0    0.00
 NY      162
  7.50000E-07  8.75000E-07  1.00000E-06  1.12500E-06  1.25000E-06  1.37500E-06
  1.50000E-06  1.62500E-06  1.75000E-06  1.87500E-06  2.00000E-06  2.25000E-06
  2.50000E-06  2.75000E-06  3.00000E-06  3.25000E-06  3.50000E-06  3.75000E-06
  4.00000E-06  4.50000E-06  5.00000E-06  5.50000E-06  6.00000E-06  6.50000E-06
  7.00000E-06  7.50000E-06  8.00000E-06  9.00000E-06  1.00000E-05  1.10000E-05
  1.20000E-05  1.30000E-05  1.40000E-05  1.50000E-05  1.60000E-05  1.80000E-05
  2.00000E-05  2.20000E-05  2.40000E-05  2.60000E-05  2.80000E-05  3.00000E-05
  3.20000E-05  3.60000E-05  4.00000E-05  4.40000E-05  4.80000E-05  5.20000E-05
  5.60000E-05  6.00000E-05  6.40000E-05  7.20000E-05  8.00000E-05  8.80000E-05
  9.60000E-05  1.04000E-04  1.12000E-04  1.20000E-04  1.28000E-04  1.44000E-04
  1.60000E-04  1.76000E-04  1.92000E-04  2.08000E-04  2.24000E-04  2.40000E-04
  2.56000E-04  2.88000E-04  3.20000E-04  3.52000E-04  3.84000E-04  4.16000E-04
  4.48000E-04  4.80000E-04  5.12000E-04  5.76000E-04  6.40000E-04  7.04000E-04
  7.68000E-04  8.32000E-04  8.96000E-04  9.60000E-04  1.02400E-03  1.15200E-03
  1.28000E-03  1.40800E-03  1.53600E-03  1.66400E-03  1.79200E-03  1.92000E-03
  2.01600E-03  2.27200E-03  2.52800E-03  2.78400E-03  3.04000E-03  3.29600E-03
  3.55200E-03  3.80800E-03  4.06400E-03  4.57600E-03  5.08800E-03  5.60000E-03
  6.11200E-03  6.62400E-03  7.13600E-03  7.64800E-03  8.16000E-03  9.18400E-03
  1.02080E-02  1.12320E-02  1.22560E-02  1.32800E-02  1.43040E-02  1.53280E-02
  1.63520E-02  1.84000E-02  2.04480E-02  2.24960E-02  2.45440E-02  2.65920E-02
  2.86400E-02  3.06880E-02  3.27360E-02  3.68320E-02  4.09280E-02  4.50240E-02
  4.91200E-02  5.32160E-02  5.73120E-02  6.14080E-02  6.55040E-02  7.36960E-02
  8.18880E-02  9.00800E-02  9.82720E-02  1.06464E-01  1.14656E-01  1.22848E-01
  1.31040E-01  1.47424E-01  1.63808E-01  1.80192E-01  1.96576E-01  2.12960E-01
  2.29344E-01  2.45728E-01  2.62112E-01  2.94880E-01  3.27648E-01  3.60416E-01
  3.93184E-01  4.25952E-01  4.58720E-01  4.91488E-01  5.24256E-01  5.89792E-01
  6.55328E-01  7.20864E-01  7.86400E-01  8.51936E-01  9.17472E-01  9.83008E-01
  9.98645E-01  1.00000E+00  9.98321E-01  9.96230E-01  9.97403E-01  9.94080E-01
  9.92810E-01  9.92992E-01  9.94535E-01  9.90871E-01  9.90947E-01  9.89511E-01
  9.88354E-01  9.86007E-01  9.83256E-01  9.83318E-01  9.80642E-01  9.80402E-01
  9.78564E-01  9.75394E-01  9.72974E-01  9.69563E-01  9.67416E-01  9.64895E-01
  9.60509E-01  9.57044E-01  9.54525E-01  9.48737E-01  9.43171E-01  9.37259E-01
  9.31145E-01  9.25878E-01  9.20054E-01  9.14653E-01  9.08647E-01  8.98286E-01
  8.86598E-01  8.75978E-01  8.65100E-01  8.54412E-01  8.43687E-01  8.33120E-01
  8.23094E-01  8.02884E-01  7.83749E-01  7.63856E-01  7.45633E-01  7.27248E-01
  7.09117E-01  6.92586E-01  6.75540E-01  6.43046E-01  6.11961E-01  5.82755E-01
  5.54536E-01  5.28116E-01  5.02629E-01  4.78390E-01  4.55828E-01  4.13398E-01
  3.74674E-01  3.39583E-01  3.07928E-01  2.79317E-01  2.53178E-01  2.29507E-01
  2.08584E-01  1.71535E-01  1.40867E-01  1.15757E-01  9.48857E-02  7.80390E-02
  6.43677E-02  5.30862E-02  4.42934E-02  3.01397E-02  2.02565E-02  1.31090E-02
  7.61102E-03  4.34616E-03  2.64599E-03  1.58954E-03  9.65272E-04  2.08320E-04
 -5.07650E-04 -4.36827E-04 -4.42117E-04  9.32077E-05  9.01205E-04  1.03245E-03
  4.15359E-04 -1.88727E-04  8.15472E-04  9.21067E-04  1.54346E-04  2.37214E-04
  1.81850E-04 -9.25172E-04 -9.25027E-04 -6.15201E-04 -8.75061E-04  9.30044E-04
  6.24724E-04  7.35129E-05  3.00737E-04  1.73977E-03  1.39075E-04 -1.31709E-03
 -2.97786E-04 -1.09804E-03 -1.09746E-03  5.20479E-05  6.29843E-04 -3.41982E-05
 -1.71496E-04 -6.10891E-05 -3.53795E-04  1.01040E-04 -4.74788E-04  6.25147E-04
 -6.29450E-05 -3.88206E-04  1.45757E-04  3.06524E-04  1.03593E-04 -4.59847E-04
 -7.60038E-05 -4.23596E-04 -1.25447E-04  8.38330E-05  2.46847E-04  1.11302E-04
 -2.12436E-04  5.85807E-04  2.46547E-04 -2.99245E-04 -4.32520E-04 -1.60873E-04
 -1.28649E-04  1.35306E-04  1.31119E-04 -1.75630E-04 -2.21503E-05 -1.93848E-04
 -3.74677E-05  2.63780E-04  6.71420E-05  7.62587E-05  1.09322E-04  4.28762E-05
  1.09609E-04 -3.37845E-04 -1.72707E-04  1.78102E-04 -1.09818E-04 -1.62348E-05
 -4.81431E-05  9.75616E-05  9.87116E-05 -9.45922E-05 -5.98414E-05  9.79662E-05
