AutoSaveFileName0410.ASC
 IFORMY    0    .00
 (6E13.7)
 IFORMT    0    .00
 (6E13.7)
 IFORMW    0    .00
 (6E13.7)
 NINTT     0   -1.00
 DOUSNQ    0    1.00
 IQUAD          1.00
 PRWT      0    1.00
 PRY       0    1.00
 IPLRES    1    3.00
 IPLRES    2    3.00
 IPRINT    1    0.00
 IPRINT    2    2.00
 IPLFIT    1    0.00
 IPLFIT    2    0.00
 LINEPG    0   50.
 NONNEG    1    1.00
 IWT       0    5.00
 NQPROG    1    5.00
 NQPROG    2    5.00
 GMNMX     1    7.275E-06
 GMNMX     2    7.275E-03
 RUSER    10    -1.00
 NG        0    200.00
 NLINF     0    0.00
 IUSER    10    4.00
 RUSER    21    1.0
 RUSER    22   -1.0
 RUSER    23    0.0
 RUSER    18         292.34910
 RUSER    17         150.99900
 RUSER    19         1.02164
 RUSER    15         1.33200
 RUSER    16         632.80000
 RUSER    25         1
 RUSER    26         0
 END       0    0.00
 NY      131
  3.75000E-07  5.00000E-07  6.25000E-07  7.50000E-07  8.75000E-07  1.00000E-06
  1.12500E-06  1.25000E-06  1.37500E-06  1.50000E-06  1.62500E-06  1.75000E-06
  1.87500E-06  2.00000E-06  2.25000E-06  2.50000E-06  2.75000E-06  3.00000E-06
  3.25000E-06  3.50000E-06  3.75000E-06  4.00000E-06  4.50000E-06  5.00000E-06
  5.50000E-06  6.00000E-06  6.50000E-06  7.00000E-06  7.50000E-06  8.00000E-06
  9.00000E-06  1.00000E-05  1.10000E-05  1.20000E-05  1.30000E-05  1.40000E-05
  1.50000E-05  1.60000E-05  1.80000E-05  2.00000E-05  2.20000E-05  2.40000E-05
  2.60000E-05  2.80000E-05  3.00000E-05  3.20000E-05  3.60000E-05  4.00000E-05
  4.40000E-05  4.80000E-05  5.20000E-05  5.60000E-05  6.00000E-05  6.40000E-05
  7.20000E-05  8.00000E-05  8.80000E-05  9.60000E-05  1.04000E-04  1.12000E-04
  1.20000E-04  1.28000E-04  1.44000E-04  1.60000E-04  1.76000E-04  1.92000E-04
  2.08000E-04  2.24000E-04  2.40000E-04  2.56000E-04  2.88000E-04  3.20000E-04
  3.52000E-04  3.84000E-04  4.16000E-04  4.48000E-04  4.80000E-04  5.12000E-04
  5.76000E-04  6.40000E-04  7.04000E-04  7.68000E-04  8.32000E-04  8.96000E-04
  9.60000E-04  1.02400E-03  1.15200E-03  1.28000E-03  1.40800E-03  1.53600E-03
  1.66400E-03  1.79200E-03  1.92000E-03  2.01600E-03  2.27200E-03  2.52800E-03
  2.78400E-03  3.04000E-03  3.29600E-03  3.55200E-03  3.80800E-03  4.06400E-03
  4.57600E-03  5.08800E-03  5.60000E-03  6.11200E-03  6.62400E-03  7.13600E-03
  7.64800E-03  8.16000E-03  9.18400E-03  1.02080E-02  1.12320E-02  1.22560E-02
  1.32800E-02  1.43040E-02  1.53280E-02  1.63520E-02  1.84000E-02  2.04480E-02
  2.24960E-02  2.45440E-02  2.65920E-02  2.86400E-02  3.06880E-02  3.27360E-02
  3.68320E-02  4.09280E-02  4.50240E-02  4.91200E-02  5.32160E-02
  2.37525E+00  2.36293E+00  2.36206E+00  2.35988E+00  2.35049E+00  2.36092E+00
  2.35283E+00  2.35457E+00  2.34855E+00  2.35919E+00  2.34893E+00  2.34944E+00
  2.33821E+00  2.35277E+00  2.34532E+00  2.34588E+00  2.34749E+00  2.35362E+00
  2.35062E+00  2.34265E+00  2.34783E+00  2.34531E+00  2.34778E+00  2.34737E+00
  2.34681E+00  2.34499E+00  2.33804E+00  2.34891E+00  2.34176E+00  2.34029E+00
  2.33910E+00  2.33730E+00  2.33756E+00  2.33741E+00  2.33625E+00  2.33581E+00
  2.33482E+00  2.33047E+00  2.33110E+00  2.32952E+00  2.32501E+00  2.32115E+00
  2.31924E+00  2.31608E+00  2.31669E+00  2.31268E+00  2.30851E+00  2.30233E+00
  2.29966E+00  2.29331E+00  2.29003E+00  2.28355E+00  2.27981E+00  2.27528E+00
  2.26569E+00  2.25655E+00  2.24566E+00  2.23662E+00  2.22716E+00  2.21955E+00
  2.20801E+00  2.19974E+00  2.18103E+00  2.16406E+00  2.14548E+00  2.12761E+00
  2.11041E+00  2.09335E+00  2.07661E+00  2.05905E+00  2.02626E+00  1.99452E+00
  1.96266E+00  1.93258E+00  1.90246E+00  1.87265E+00  1.84409E+00  1.81569E+00
  1.76102E+00  1.70849E+00  1.65904E+00  1.61103E+00  1.56532E+00  1.52159E+00
  1.47958E+00  1.43826E+00  1.36315E+00  1.29366E+00  1.22905E+00  1.16881E+00
  1.11232E+00  1.06038E+00  1.01216E+00  9.79976E-01  8.98090E-01  8.28865E-01
  7.67453E-01  7.15148E-01  6.70486E-01  6.30689E-01  5.95003E-01  5.63604E-01
  5.06939E-01  4.62655E-01  4.28499E-01  4.03926E-01  3.85825E-01  3.69488E-01
  3.51246E-01  3.32866E-01  3.08282E-01  2.90314E-01  2.64396E-01  2.40361E-01
  2.23144E-01  2.09822E-01  1.97467E-01  1.82979E-01  1.52373E-01  1.33081E-01
  1.12132E-01  8.89224E-02  6.85425E-02  5.64624E-02  5.49233E-02  5.24039E-02
  3.84183E-02  2.63494E-02  3.08771E-02  2.51614E-02  1.46602E-02
