AutoSaveFileName0174.ASC
 IFORMY    0    .00
 (6E13.7)
 IFORMT    0    .00
 (6E13.7)
 IFORMW    0    .00
 (6E13.7)
 NINTT     0   -1.00
 DOUSNQ    0    1.00
 IQUAD          1.00
 PRWT      0    1.00
 PRY       0    1.00
 IPLRES    1    3.00
 IPLRES    2    3.00
 IPRINT    1    0.00
 IPRINT    2    2.00
 IPLFIT    1    0.00
 IPLFIT    2    0.00
 LINEPG    0   50.
 NONNEG    1    1.00
 IWT       0    5.00
 NQPROG    1    5.00
 NQPROG    2    5.00
 GMNMX     1    1.166E-05
 GMNMX     2    1.166E-02
 RUSER    10    -1.00
 NG        0    200.00
 NLINF     0    0.00
 IUSER    10    4.00
 RUSER    21    1.0
 RUSER    22   -1.0
 RUSER    23    0.0
 RUSER    18         292.22603
 RUSER    17         99.99900
 RUSER    19         1.02475
 RUSER    15         1.33200
 RUSER    16         632.80000
 RUSER    25         1
 RUSER    26         0
 END       0    0.00
 NY      188
  5.00000E-07  6.25000E-07  7.50000E-07  8.75000E-07  1.00000E-06  1.12500E-06
  1.25000E-06  1.37500E-06  1.50000E-06  1.62500E-06  1.75000E-06  1.87500E-06
  2.00000E-06  2.25000E-06  2.50000E-06  2.75000E-06  3.00000E-06  3.25000E-06
  3.50000E-06  3.75000E-06  4.00000E-06  4.50000E-06  5.00000E-06  5.50000E-06
  6.00000E-06  6.50000E-06  7.00000E-06  7.50000E-06  8.00000E-06  9.00000E-06
  1.00000E-05  1.10000E-05  1.20000E-05  1.30000E-05  1.40000E-05  1.50000E-05
  1.60000E-05  1.80000E-05  2.00000E-05  2.20000E-05  2.40000E-05  2.60000E-05
  2.80000E-05  3.00000E-05  3.20000E-05  3.60000E-05  4.00000E-05  4.40000E-05
  4.80000E-05  5.20000E-05  5.60000E-05  6.00000E-05  6.40000E-05  7.20000E-05
  8.00000E-05  8.80000E-05  9.60000E-05  1.04000E-04  1.12000E-04  1.20000E-04
  1.28000E-04  1.44000E-04  1.60000E-04  1.76000E-04  1.92000E-04  2.08000E-04
  2.24000E-04  2.40000E-04  2.56000E-04  2.88000E-04  3.20000E-04  3.52000E-04
  3.84000E-04  4.16000E-04  4.48000E-04  4.80000E-04  5.12000E-04  5.76000E-04
  6.40000E-04  7.04000E-04  7.68000E-04  8.32000E-04  8.96000E-04  9.60000E-04
  1.02400E-03  1.15200E-03  1.28000E-03  1.40800E-03  1.53600E-03  1.66400E-03
  1.79200E-03  1.92000E-03  2.01600E-03  2.27200E-03  2.52800E-03  2.78400E-03
  3.04000E-03  3.29600E-03  3.55200E-03  3.80800E-03  4.06400E-03  4.57600E-03
  5.08800E-03  5.60000E-03  6.11200E-03  6.62400E-03  7.13600E-03  7.64800E-03
  8.16000E-03  9.18400E-03  1.02080E-02  1.12320E-02  1.22560E-02  1.32800E-02
  1.43040E-02  1.53280E-02  1.63520E-02  1.84000E-02  2.04480E-02  2.24960E-02
  2.45440E-02  2.65920E-02  2.86400E-02  3.06880E-02  3.27360E-02  3.68320E-02
  4.09280E-02  4.50240E-02  4.91200E-02  5.32160E-02  5.73120E-02  6.14080E-02
  6.55040E-02  7.36960E-02  8.18880E-02  9.00800E-02  9.82720E-02  1.06464E-01
  1.14656E-01  1.22848E-01  1.31040E-01  1.47424E-01  1.63808E-01  1.80192E-01
  1.96576E-01  2.12960E-01  2.29344E-01  2.45728E-01  2.62112E-01  2.94880E-01
  3.27648E-01  3.60416E-01  3.93184E-01  4.25952E-01  4.58720E-01  4.91488E-01
  5.24256E-01  5.89792E-01  6.55328E-01  7.20864E-01  7.86400E-01  8.51936E-01
  9.17472E-01  9.83008E-01  1.04854E+00  1.17962E+00  1.31069E+00  1.44176E+00
  1.57283E+00  1.70390E+00  1.83498E+00  1.96605E+00  2.09712E+00  2.35926E+00
  2.62141E+00  2.88355E+00  3.14570E+00  3.40784E+00  3.66998E+00  3.93213E+00
  4.19427E+00  4.71856E+00  5.24285E+00  5.76714E+00  6.29142E+00  6.81571E+00
  7.34000E+00  7.86429E+00
  9.96759E-01  9.95759E-01  9.93864E-01  9.92703E-01  9.92203E-01  9.92323E-01
  9.91089E-01  9.91755E-01  9.90093E-01  9.93501E-01  9.93882E-01  9.90574E-01
  9.91530E-01  9.91415E-01  9.91112E-01  9.91129E-01  9.90183E-01  9.90887E-01
  9.90374E-01  9.91480E-01  9.91702E-01  9.90974E-01  9.90263E-01  9.89335E-01
  9.89650E-01  9.89147E-01  9.89328E-01  9.89568E-01  9.89142E-01  9.89195E-01
  9.88399E-01  9.88126E-01  9.88184E-01  9.87518E-01  9.87153E-01  9.86350E-01
  9.86550E-01  9.86557E-01  9.86025E-01  9.84631E-01  9.84513E-01  9.83537E-01
  9.83795E-01  9.82909E-01  9.82236E-01  9.80787E-01  9.80031E-01  9.79005E-01
  9.77379E-01  9.76393E-01  9.75217E-01  9.74344E-01  9.72907E-01  9.70868E-01
  9.68478E-01  9.65626E-01  9.63456E-01  9.60959E-01  9.58904E-01  9.56389E-01
  9.53765E-01  9.49348E-01  9.44914E-01  9.40082E-01  9.35317E-01  9.30706E-01
  9.26296E-01  9.21552E-01  9.17130E-01  9.08235E-01  8.99414E-01  8.90496E-01
  8.81853E-01  8.73074E-01  8.64424E-01  8.56139E-01  8.47826E-01  8.31396E-01
  8.15233E-01  7.99333E-01  7.83836E-01  7.68540E-01  7.53541E-01  7.38755E-01
  7.18536E-01  6.90878E-01  6.64315E-01  6.38917E-01  6.14454E-01  5.90990E-01
  5.68541E-01  5.47109E-01  5.35218E-01  4.96016E-01  4.59705E-01  4.25981E-01
  3.94827E-01  3.66263E-01  3.39658E-01  3.14990E-01  2.92630E-01  2.52305E-01
  2.18298E-01  1.88233E-01  1.62360E-01  1.40519E-01  1.21881E-01  1.06275E-01
  9.22545E-02  6.71472E-02  4.73530E-02  3.36773E-02  2.29164E-02  1.57889E-02
  1.18102E-02  9.82203E-03  8.85574E-03  4.16703E-03 -2.80511E-03 -3.96611E-03
  1.02761E-04  4.55854E-03  6.90832E-03  5.41021E-03  2.75962E-03  1.46604E-03
  7.77448E-04 -8.19334E-06 -6.87727E-04 -2.47715E-03  9.01411E-04  7.57297E-03
  1.14711E-02  5.84781E-03  7.41950E-03  4.76751E-03 -2.59509E-03 -2.35393E-03
  3.70665E-03  6.28142E-03  5.42997E-03  4.44704E-04  7.35294E-03 -9.69767E-03
 -4.59582E-03 -2.96271E-03 -7.02939E-03 -5.87599E-04  5.29142E-04  2.47573E-03
 -1.31062E-03  3.90561E-03 -9.81570E-04 -3.17493E-03 -1.35575E-03  1.10704E-04
  2.98956E-03  6.16623E-04 -5.68661E-04  1.20928E-03  7.12005E-04  6.76154E-04
  3.27968E-03  3.54310E-04  1.76025E-03 -8.18396E-04  3.92555E-03  8.68408E-04
  1.99623E-03 -1.93106E-03  6.95377E-04 -3.88329E-03 -2.18501E-03  1.52876E-03
  1.93564E-03 -3.22760E-04 -7.27644E-04 -6.88690E-04 -3.50704E-04 -4.55348E-04
 -1.62856E-03 -7.19474E-05  5.59263E-04 -3.74656E-03  8.80066E-04 -9.43928E-04
  6.35138E-04  1.10762E-03
