AutoSaveFileName0182.ASC
 IFORMY    0    .00
 (6E13.7)
 IFORMT    0    .00
 (6E13.7)
 IFORMW    0    .00
 (6E13.7)
 NINTT     0   -1.00
 DOUSNQ    0    1.00
 IQUAD          1.00
 PRWT      0    1.00
 PRY       0    1.00
 IPLRES    1    3.00
 IPLRES    2    3.00
 IPRINT    1    0.00
 IPRINT    2    2.00
 IPLFIT    1    0.00
 IPLFIT    2    0.00
 LINEPG    0   50.
 NONNEG    1    1.00
 IWT       0    5.00
 NQPROG    1    5.00
 NQPROG    2    5.00
 GMNMX     1    1.858E-05
 GMNMX     2    1.858E-02
 RUSER    10    -1.00
 NG        0    200.00
 NLINF     0    0.00
 IUSER    10    4.00
 RUSER    21    1.0
 RUSER    22   -1.0
 RUSER    23    0.0
 RUSER    18         292.00177
 RUSER    17         74.99900
 RUSER    19         1.03045
 RUSER    15         1.33200
 RUSER    16         632.80000
 RUSER    25         1
 RUSER    26         0
 END       0    0.00
 NY      131
  3.75000E-07  5.00000E-07  6.25000E-07  7.50000E-07  8.75000E-07  1.00000E-06
  1.12500E-06  1.25000E-06  1.37500E-06  1.50000E-06  1.62500E-06  1.75000E-06
  1.87500E-06  2.00000E-06  2.25000E-06  2.50000E-06  2.75000E-06  3.00000E-06
  3.25000E-06  3.50000E-06  3.75000E-06  4.00000E-06  4.50000E-06  5.00000E-06
  5.50000E-06  6.00000E-06  6.50000E-06  7.00000E-06  7.50000E-06  8.00000E-06
  9.00000E-06  1.00000E-05  1.10000E-05  1.20000E-05  1.30000E-05  1.40000E-05
  1.50000E-05  1.60000E-05  1.80000E-05  2.00000E-05  2.20000E-05  2.40000E-05
  2.60000E-05  2.80000E-05  3.00000E-05  3.20000E-05  3.60000E-05  4.00000E-05
  4.40000E-05  4.80000E-05  5.20000E-05  5.60000E-05  6.00000E-05  6.40000E-05
  7.20000E-05  8.00000E-05  8.80000E-05  9.60000E-05  1.04000E-04  1.12000E-04
  1.20000E-04  1.28000E-04  1.44000E-04  1.60000E-04  1.76000E-04  1.92000E-04
  2.08000E-04  2.24000E-04  2.40000E-04  2.56000E-04  2.88000E-04  3.20000E-04
  3.52000E-04  3.84000E-04  4.16000E-04  4.48000E-04  4.80000E-04  5.12000E-04
  5.76000E-04  6.40000E-04  7.04000E-04  7.68000E-04  8.32000E-04  8.96000E-04
  9.60000E-04  1.02400E-03  1.15200E-03  1.28000E-03  1.40800E-03  1.53600E-03
  1.66400E-03  1.79200E-03  1.92000E-03  2.01600E-03  2.27200E-03  2.52800E-03
  2.78400E-03  3.04000E-03  3.29600E-03  3.55200E-03  3.80800E-03  4.06400E-03
  4.57600E-03  5.08800E-03  5.60000E-03  6.11200E-03  6.62400E-03  7.13600E-03
  7.64800E-03  8.16000E-03  9.18400E-03  1.02080E-02  1.12320E-02  1.22560E-02
  1.32800E-02  1.43040E-02  1.53280E-02  1.63520E-02  1.84000E-02  2.04480E-02
  2.24960E-02  2.45440E-02  2.65920E-02  2.86400E-02  3.06880E-02  3.27360E-02
  3.68320E-02  4.09280E-02  4.50240E-02  4.91200E-02  5.32160E-02
  2.02435E+00  2.02248E+00  2.02066E+00  2.02017E+00  2.02165E+00  2.01975E+00
  2.02007E+00  2.01868E+00  2.01632E+00  2.01756E+00  2.01776E+00  2.01522E+00
  2.01728E+00  2.01801E+00  2.01773E+00  2.01677E+00  2.01697E+00  2.01663E+00
  2.01565E+00  2.01669E+00  2.01691E+00  2.01729E+00  2.01574E+00  2.01557E+00
  2.01512E+00  2.01405E+00  2.01480E+00  2.01445E+00  2.01431E+00  2.01323E+00
  2.01342E+00  2.01265E+00  2.01174E+00  2.01158E+00  2.01063E+00  2.00959E+00
  2.00856E+00  2.00815E+00  2.00708E+00  2.00545E+00  2.00417E+00  2.00306E+00
  2.00184E+00  2.00042E+00  1.99888E+00  1.99763E+00  1.99530E+00  1.99241E+00
  1.98982E+00  1.98715E+00  1.98486E+00  1.98201E+00  1.97926E+00  1.97647E+00
  1.97130E+00  1.96616E+00  1.96080E+00  1.95572E+00  1.95053E+00  1.94522E+00
  1.94020E+00  1.93484E+00  1.92461E+00  1.91457E+00  1.90436E+00  1.89429E+00
  1.88444E+00  1.87446E+00  1.86444E+00  1.85441E+00  1.83512E+00  1.81607E+00
  1.79696E+00  1.77826E+00  1.75999E+00  1.74162E+00  1.72355E+00  1.70566E+00
  1.67089E+00  1.63684E+00  1.60345E+00  1.57089E+00  1.53917E+00  1.50820E+00
  1.47808E+00  1.44890E+00  1.39173E+00  1.33710E+00  1.28469E+00  1.23463E+00
  1.18680E+00  1.14101E+00  1.09710E+00  1.06667E+00  9.86788E-01  9.13649E-01
  8.45707E-01  7.82806E-01  7.25142E-01  6.71591E-01  6.21754E-01  5.77574E-01
  4.97474E-01  4.28211E-01  3.68472E-01  3.19517E-01  2.78041E-01  2.42160E-01
  2.11422E-01  1.87122E-01  1.49466E-01  1.23032E-01  1.04302E-01  8.69745E-02
  7.53397E-02  6.63610E-02  5.88859E-02  5.74564E-02  4.95299E-02  3.02822E-02
  7.73367E-03 -9.76508E-03 -1.27660E-02 -1.19110E-02 -1.06296E-02 -6.83396E-03
 -2.57529E-04 -1.62034E-03 -5.94391E-03 -7.45987E-03  3.19064E-03
