AutoSaveFileName0323.ASC
 IFORMY    0    .00
 (6E13.7)
 IFORMT    0    .00
 (6E13.7)
 IFORMW    0    .00
 (6E13.7)
 NINTT     0   -1.00
 DOUSNQ    0    1.00
 IQUAD          1.00
 PRWT      0    1.00
 PRY       0    1.00
 IPLRES    1    3.00
 IPLRES    2    3.00
 IPRINT    1    0.00
 IPRINT    2    2.00
 IPLFIT    1    0.00
 IPLFIT    2    0.00
 LINEPG    0   50.
 NONNEG    1    1.00
 IWT       0    5.00
 NQPROG    1    5.00
 NQPROG    2    5.00
 GMNMX     1    8.947E-06
 GMNMX     2    8.947E-03
 RUSER    10    -1.00
 NG        0    200.00
 NLINF     0    0.00
 IUSER    10    4.00
 RUSER    21    1.0
 RUSER    22   -1.0
 RUSER    23    0.0
 RUSER    18         292.21863
 RUSER    17         121.99900
 RUSER    19         1.02494
 RUSER    15         1.33200
 RUSER    16         632.80000
 RUSER    25         1
 RUSER    26         0
 END       0    0.00
 NY      131
  3.75000E-07  5.00000E-07  6.25000E-07  7.50000E-07  8.75000E-07  1.00000E-06
  1.12500E-06  1.25000E-06  1.37500E-06  1.50000E-06  1.62500E-06  1.75000E-06
  1.87500E-06  2.00000E-06  2.25000E-06  2.50000E-06  2.75000E-06  3.00000E-06
  3.25000E-06  3.50000E-06  3.75000E-06  4.00000E-06  4.50000E-06  5.00000E-06
  5.50000E-06  6.00000E-06  6.50000E-06  7.00000E-06  7.50000E-06  8.00000E-06
  9.00000E-06  1.00000E-05  1.10000E-05  1.20000E-05  1.30000E-05  1.40000E-05
  1.50000E-05  1.60000E-05  1.80000E-05  2.00000E-05  2.20000E-05  2.40000E-05
  2.60000E-05  2.80000E-05  3.00000E-05  3.20000E-05  3.60000E-05  4.00000E-05
  4.40000E-05  4.80000E-05  5.20000E-05  5.60000E-05  6.00000E-05  6.40000E-05
  7.20000E-05  8.00000E-05  8.80000E-05  9.60000E-05  1.04000E-04  1.12000E-04
  1.20000E-04  1.28000E-04  1.44000E-04  1.60000E-04  1.76000E-04  1.92000E-04
  2.08000E-04  2.24000E-04  2.40000E-04  2.56000E-04  2.88000E-04  3.20000E-04
  3.52000E-04  3.84000E-04  4.16000E-04  4.48000E-04  4.80000E-04  5.12000E-04
  5.76000E-04  6.40000E-04  7.04000E-04  7.68000E-04  8.32000E-04  8.96000E-04
  9.60000E-04  1.02400E-03  1.15200E-03  1.28000E-03  1.40800E-03  1.53600E-03
  1.66400E-03  1.79200E-03  1.92000E-03  2.01600E-03  2.27200E-03  2.52800E-03
  2.78400E-03  3.04000E-03  3.29600E-03  3.55200E-03  3.80800E-03  4.06400E-03
  4.57600E-03  5.08800E-03  5.60000E-03  6.11200E-03  6.62400E-03  7.13600E-03
  7.64800E-03  8.16000E-03  9.18400E-03  1.02080E-02  1.12320E-02  1.22560E-02
  1.32800E-02  1.43040E-02  1.53280E-02  1.63520E-02  1.84000E-02  2.04480E-02
  2.24960E-02  2.45440E-02  2.65920E-02  2.86400E-02  3.06880E-02  3.27360E-02
  3.68320E-02  4.09280E-02  4.50240E-02  4.91200E-02  5.32160E-02
  2.45731E+00  2.45318E+00  2.44982E+00  2.44792E+00  2.44653E+00  2.44253E+00
  2.44835E+00  2.43697E+00  2.44012E+00  2.43571E+00  2.43992E+00  2.44021E+00
  2.44419E+00  2.44455E+00  2.43550E+00  2.43891E+00  2.43439E+00  2.43680E+00
  2.43377E+00  2.43461E+00  2.43191E+00  2.43455E+00  2.43124E+00  2.43253E+00
  2.43109E+00  2.42963E+00  2.42496E+00  2.42903E+00  2.42762E+00  2.42568E+00
  2.42356E+00  2.42150E+00  2.42034E+00  2.41490E+00  2.41594E+00  2.41508E+00
  2.41286E+00  2.40990E+00  2.40528E+00  2.40488E+00  2.39891E+00  2.39286E+00
  2.38991E+00  2.38670E+00  2.38435E+00  2.37907E+00  2.37099E+00  2.36355E+00
  2.35546E+00  2.34807E+00  2.34073E+00  2.33304E+00  2.32551E+00  2.31761E+00
  2.30218E+00  2.28768E+00  2.27290E+00  2.25792E+00  2.24252E+00  2.22818E+00
  2.21302E+00  2.19880E+00  2.16971E+00  2.14135E+00  2.11355E+00  2.08578E+00
  2.05850E+00  2.03210E+00  2.00503E+00  1.97914E+00  1.92846E+00  1.87827E+00
  1.83004E+00  1.78295E+00  1.73714E+00  1.69234E+00  1.64879E+00  1.60724E+00
  1.52599E+00  1.44821E+00  1.37456E+00  1.30402E+00  1.23743E+00  1.17387E+00
  1.11421E+00  1.05785E+00  9.51404E-01  8.55891E-01  7.69442E-01  6.91123E-01
  6.20961E-01  5.58084E-01  5.01627E-01  4.64399E-01  3.76871E-01  3.06007E-01
  2.50410E-01  2.06187E-01  1.69960E-01  1.42104E-01  1.18497E-01  9.91551E-02
  7.39193E-02  5.84595E-02  4.82481E-02  4.01537E-02  3.30381E-02  2.42576E-02
  1.30272E-02  5.51498E-03 -1.38195E-03 -2.91787E-03 -2.93351E-03 -1.19784E-03
  4.03038E-03  1.13624E-02  2.82743E-03 -3.38597E-03  1.15967E-03  1.02666E-02
 -4.59095E-04 -1.74671E-03  1.89633E-02  1.42658E-02  4.55819E-03 -1.31898E-02
 -7.92756E-03  1.72273E-03  1.07784E-02 -1.17138E-03  8.89563E-04
