AutoSaveFileName0019.ASC
 IFORMY    0    .00
 (6E13.7)
 IFORMT    0    .00
 (6E13.7)
 IFORMW    0    .00
 (6E13.7)
 NINTT     0   -1.00
 DOUSNQ    0    1.00
 IQUAD          1.00
 PRWT      0    1.00
 PRY       0    1.00
 IPLRES    1    3.00
 IPLRES    2    3.00
 IPRINT    1    0.00
 IPRINT    2    2.00
 IPLFIT    1    0.00
 IPLFIT    2    0.00
 LINEPG    0   50.
 NONNEG    1    1.00
 IWT       0    5.00
 NQPROG    1    5.00
 NQPROG    2    5.00
 GMNMX     1    2.290E-04
 GMNMX     2    6.871E-02
 RUSER    10    -1.00
 NG        0    200.00
 NLINF     0    0.00
 IUSER    10    4.00
 RUSER    21    1.0
 RUSER    22   -1.0
 RUSER    23    0.0
 RUSER    18         291.90325
 RUSER    17         19.99800
 RUSER    19         0.00103
 RUSER    15         1.33200
 RUSER    16         0.00000
 RUSER    25         1
 RUSER    26         0
 END       0    0.00
 NY      131
  3.75000E-07  5.00000E-07  6.25000E-07  7.50000E-07  8.75000E-07  1.00000E-06
  1.12500E-06  1.25000E-06  1.37500E-06  1.50000E-06  1.62500E-06  1.75000E-06
  1.87500E-06  2.00000E-06  2.25000E-06  2.50000E-06  2.75000E-06  3.00000E-06
  3.25000E-06  3.50000E-06  3.75000E-06  4.00000E-06  4.50000E-06  5.00000E-06
  5.50000E-06  6.00000E-06  6.50000E-06  7.00000E-06  7.50000E-06  8.00000E-06
  9.00000E-06  1.00000E-05  1.10000E-05  1.20000E-05  1.30000E-05  1.40000E-05
  1.50000E-05  1.60000E-05  1.80000E-05  2.00000E-05  2.20000E-05  2.40000E-05
  2.60000E-05  2.80000E-05  3.00000E-05  3.20000E-05  3.60000E-05  4.00000E-05
  4.40000E-05  4.80000E-05  5.20000E-05  5.60000E-05  6.00000E-05  6.40000E-05
  7.20000E-05  8.00000E-05  8.80000E-05  9.60000E-05  1.04000E-04  1.12000E-04
  1.20000E-04  1.28000E-04  1.44000E-04  1.60000E-04  1.76000E-04  1.92000E-04
  2.08000E-04  2.24000E-04  2.40000E-04  2.56000E-04  2.88000E-04  3.20000E-04
  3.52000E-04  3.84000E-04  4.16000E-04  4.48000E-04  4.80000E-04  5.12000E-04
  5.76000E-04  6.40000E-04  7.04000E-04  7.68000E-04  8.32000E-04  8.96000E-04
  9.60000E-04  1.02400E-03  1.15200E-03  1.28000E-03  1.40800E-03  1.53600E-03
  1.66400E-03  1.79200E-03  1.92000E-03  2.01600E-03  2.27200E-03  2.52800E-03
  2.78400E-03  3.04000E-03  3.29600E-03  3.55200E-03  3.80800E-03  4.06400E-03
  4.57600E-03  5.08800E-03  5.60000E-03  6.11200E-03  6.62400E-03  7.13600E-03
  7.64800E-03  8.16000E-03  9.18400E-03  1.02080E-02  1.12320E-02  1.22560E-02
  1.32800E-02  1.43040E-02  1.53280E-02  1.63520E-02  1.84000E-02  2.04480E-02
  2.24960E-02  2.45440E-02  2.65920E-02  2.86400E-02  3.06880E-02  3.27360E-02
  3.68320E-02  4.09280E-02  4.50240E-02  4.91200E-02  5.32160E-02
  9.06549E+00  9.07489E+00  9.02025E+00  9.02642E+00  9.04720E+00  9.03863E+00
  9.00387E+00  9.00713E+00  9.02404E+00  8.99109E+00  9.02126E+00  9.00500E+00
  9.00197E+00  9.00173E+00  9.00311E+00  9.00467E+00  9.00875E+00  9.00632E+00
  9.02212E+00  8.98938E+00  9.00214E+00  8.99985E+00  9.00359E+00  9.00489E+00
  8.99306E+00  9.00182E+00  8.99849E+00  8.99721E+00  9.00849E+00  9.00138E+00
  8.99030E+00  8.99518E+00  8.99749E+00  8.99150E+00  8.98615E+00  8.99241E+00
  8.99062E+00  8.98381E+00  8.98239E+00  8.97864E+00  8.96682E+00  8.96865E+00
  8.97013E+00  8.97055E+00  8.96323E+00  8.96389E+00  8.95316E+00  8.95372E+00
  8.94458E+00  8.94029E+00  8.93577E+00  8.93239E+00  8.92303E+00  8.91792E+00
  8.90439E+00  8.89250E+00  8.88397E+00  8.87390E+00  8.86316E+00  8.85279E+00
  8.84716E+00  8.83225E+00  8.81288E+00  8.79280E+00  8.77028E+00  8.75533E+00
  8.73287E+00  8.71591E+00  8.69479E+00  8.67611E+00  8.63949E+00  8.60207E+00
  8.56449E+00  8.52982E+00  8.49359E+00  8.45530E+00  8.42436E+00  8.38757E+00
  8.31843E+00  8.25162E+00  8.18646E+00  8.12210E+00  8.05859E+00  7.99586E+00
  7.93304E+00  7.70835E+00  7.59208E+00  7.47693E+00  7.36360E+00  7.25330E+00
  7.14402E+00  7.03696E+00  6.93446E+00  7.00303E+00  6.80174E+00  6.60885E+00
  6.42340E+00  6.24485E+00  6.07122E+00  5.90584E+00  5.74757E+00  5.59396E+00
  5.30296E+00  5.03448E+00  4.78590E+00  4.55716E+00  4.34536E+00  4.14799E+00
  3.96478E+00  3.79538E+00  3.49305E+00  3.23305E+00  3.00961E+00  2.81610E+00
  2.64624E+00  2.49100E+00  2.35432E+00  2.23912E+00  2.03035E+00  1.86965E+00
  1.75639E+00  1.67455E+00  1.61383E+00  1.56414E+00  1.52638E+00  1.47246E+00
  1.39798E+00  1.35551E+00  1.35867E+00  1.35252E+00  1.33046E+00
