AutoSaveFileName0106.ASC
 IFORMY    0    .00
 (6E13.7)
 IFORMT    0    .00
 (6E13.7)
 IFORMW    0    .00
 (6E13.7)
 NINTT     0   -1.00
 DOUSNQ    0    1.00
 IQUAD     0    1.00
 PRWT      0    1.00
 PRY       0    1.00
 IPLRES    1    3.00
 IPLRES    2    3.00
 IPRINT    1    0.00
 IPRINT    2    2.00
 IPLFIT    1    0.00
 IPLFIT    2    0.00
 LINEPG    0   50.
 NONNEG    1    1.00
 IWT       0    5.00
 NQPROG    1    5.00
 NQPROG    2    5.00
 GMNMX     1    9.31123E-03
 GMNMX     2    3.34249E-03
 RUSER    10    -1.00
 NG        0    500.00
 NLINF     0    1.00
 IUSER    10    4.00
 RUSER    21    1.0
 RUSER    22   -1.0
 RUSER    23    0.0
 RUSER    18         291.96884
 RUSER    17         64.99900
 RUSER    19         1.03129
 RUSER    15         1.33200
 RUSER    16         632.80000
 RUSER    25         1
 RUSER    26         0
 END       0    0.00
 NY      162
  7.50000E-07  8.75000E-07  1.00000E-06  1.12500E-06  1.25000E-06  1.37500E-06
  1.50000E-06  1.62500E-06  1.75000E-06  1.87500E-06  2.00000E-06  2.25000E-06
  2.50000E-06  2.75000E-06  3.00000E-06  3.25000E-06  3.50000E-06  3.75000E-06
  4.00000E-06  4.50000E-06  5.00000E-06  5.50000E-06  6.00000E-06  6.50000E-06
  7.00000E-06  7.50000E-06  8.00000E-06  9.00000E-06  1.00000E-05  1.10000E-05
  1.20000E-05  1.30000E-05  1.40000E-05  1.50000E-05  1.60000E-05  1.80000E-05
  2.00000E-05  2.20000E-05  2.40000E-05  2.60000E-05  2.80000E-05  3.00000E-05
  3.20000E-05  3.60000E-05  4.00000E-05  4.40000E-05  4.80000E-05  5.20000E-05
  5.60000E-05  6.00000E-05  6.40000E-05  7.20000E-05  8.00000E-05  8.80000E-05
  9.60000E-05  1.04000E-04  1.12000E-04  1.20000E-04  1.28000E-04  1.44000E-04
  1.60000E-04  1.76000E-04  1.92000E-04  2.08000E-04  2.24000E-04  2.40000E-04
  2.56000E-04  2.88000E-04  3.20000E-04  3.52000E-04  3.84000E-04  4.16000E-04
  4.48000E-04  4.80000E-04  5.12000E-04  5.76000E-04  6.40000E-04  7.04000E-04
  7.68000E-04  8.32000E-04  8.96000E-04  9.60000E-04  1.02400E-03  1.15200E-03
  1.28000E-03  1.40800E-03  1.53600E-03  1.66400E-03  1.79200E-03  1.92000E-03
  2.01600E-03  2.27200E-03  2.52800E-03  2.78400E-03  3.04000E-03  3.29600E-03
  3.55200E-03  3.80800E-03  4.06400E-03  4.57600E-03  5.08800E-03  5.60000E-03
  6.11200E-03  6.62400E-03  7.13600E-03  7.64800E-03  8.16000E-03  9.18400E-03
  1.02080E-02  1.12320E-02  1.22560E-02  1.32800E-02  1.43040E-02  1.53280E-02
  1.63520E-02  1.84000E-02  2.04480E-02  2.24960E-02  2.45440E-02  2.65920E-02
  2.86400E-02  3.06880E-02  3.27360E-02  3.68320E-02  4.09280E-02  4.50240E-02
  4.91200E-02  5.32160E-02  5.73120E-02  6.14080E-02  6.55040E-02  7.36960E-02
  8.18880E-02  9.00800E-02  9.82720E-02  1.06464E-01  1.14656E-01  1.22848E-01
  1.31040E-01  1.47424E-01  1.63808E-01  1.80192E-01  1.96576E-01  2.12960E-01
  2.29344E-01  2.45728E-01  2.62112E-01  2.94880E-01  3.27648E-01  3.60416E-01
  3.93184E-01  4.25952E-01  4.58720E-01  4.91488E-01  5.24256E-01  5.89792E-01
  6.55328E-01  7.20864E-01  7.86400E-01  8.51936E-01  9.17472E-01  9.83008E-01
  1.00000E+00  9.99143E-01  9.99807E-01  9.94550E-01  9.97374E-01  9.94010E-01
  9.95852E-01  9.91531E-01  9.95766E-01  9.93095E-01  9.93034E-01  9.95662E-01
  9.94677E-01  9.93469E-01  9.92962E-01  9.93204E-01  9.92634E-01  9.89835E-01
  9.91003E-01  9.89488E-01  9.88883E-01  9.88724E-01  9.87298E-01  9.85668E-01
  9.84478E-01  9.83862E-01  9.83319E-01  9.81407E-01  9.79641E-01  9.77957E-01
  9.75091E-01  9.73733E-01  9.71600E-01  9.70531E-01  9.68296E-01  9.64410E-01
  9.61136E-01  9.57456E-01  9.54192E-01  9.49826E-01  9.46488E-01  9.42624E-01
  9.39390E-01  9.32224E-01  9.25617E-01  9.17545E-01  9.11198E-01  9.04003E-01
  8.97333E-01  8.90205E-01  8.83710E-01  8.70477E-01  8.57559E-01  8.44472E-01
  8.31716E-01  8.19235E-01  8.06890E-01  7.95328E-01  7.83458E-01  7.60012E-01
  7.37417E-01  7.15476E-01  6.94200E-01  6.73824E-01  6.53572E-01  6.34585E-01
  6.15961E-01  5.80406E-01  5.46712E-01  5.15153E-01  4.85547E-01  4.57465E-01
  4.31384E-01  4.06501E-01  3.83647E-01  3.41093E-01  3.03637E-01  2.70382E-01
  2.40743E-01  2.14470E-01  1.91152E-01  1.70452E-01  1.52224E-01  1.20884E-01
  9.66353E-02  7.72460E-02  6.16869E-02  4.90100E-02  3.83530E-02  2.98584E-02
  2.54971E-02  1.66337E-02  1.12820E-02  6.75504E-03  2.86801E-03  7.04002E-04
  5.65743E-05  2.87076E-04  9.55102E-04  1.75895E-03  3.38701E-03  5.52646E-03
  3.60452E-03  2.33074E-04 -4.40712E-04  7.64643E-04  1.71295E-03  5.89631E-05
 -1.13841E-03  2.22310E-03  2.88448E-03  1.94074E-04  8.37168E-04  1.63253E-03
  3.35218E-04  1.27969E-03  1.69975E-03 -8.47374E-04  4.86285E-04  2.62512E-03
  1.69660E-03  7.72099E-04  7.98037E-04  2.20720E-03  7.25869E-04  1.71390E-03
 -1.12285E-03 -1.15479E-03  1.30027E-03 -4.34731E-04  3.23204E-05 -6.93874E-04
  1.52621E-04 -6.92225E-04 -5.26081E-04 -7.75152E-04  3.22124E-04  3.26752E-04
 -3.41512E-04 -1.95928E-05 -6.23082E-04 -5.73857E-04  7.40718E-04  2.00945E-04
  3.06908E-04 -6.31008E-05  3.52370E-04  8.51231E-04 -1.01296E-03 -1.91287E-05
 -3.16821E-04 -3.90227E-04 -1.10516E-03  1.90749E-05 -6.91028E-04 -3.91284E-05
 -1.66977E-04 -2.83089E-04  4.89998E-04  6.58015E-04 -2.46372E-04  2.67176E-04
