AutoSaveFileName0150.ASC
 IFORMY    0    .00
 (6E13.7)
 IFORMT    0    .00
 (6E13.7)
 IFORMW    0    .00
 (6E13.7)
 NINTT     0   -1.00
 DOUSNQ    0    1.00
 IQUAD     0    1.00
 PRWT      0    1.00
 PRY       0    1.00
 IPLRES    1    3.00
 IPLRES    2    3.00
 IPRINT    1    0.00
 IPRINT    2    2.00
 IPLFIT    1    0.00
 IPLFIT    2    0.00
 LINEPG    0   50.
 NONNEG    1    1.00
 IWT       0    5.00
 NQPROG    1    5.00
 NQPROG    2    5.00
 GMNMX     1    5.37032E-03
 GMNMX     2    1.92781E-03
 RUSER    10    -1.00
 NG        0    500.00
 NLINF     0    1.00
 IUSER    10    4.00
 RUSER    21    1.0
 RUSER    22   -1.0
 RUSER    23    0.0
 RUSER    18         292.00714
 RUSER    17         89.99900
 RUSER    19         1.03032
 RUSER    15         1.33200
 RUSER    16         632.80000
 RUSER    25         1
 RUSER    26         0
 END       0    0.00
 NY      162
  7.50000E-07  8.75000E-07  1.00000E-06  1.12500E-06  1.25000E-06  1.37500E-06
  1.50000E-06  1.62500E-06  1.75000E-06  1.87500E-06  2.00000E-06  2.25000E-06
  2.50000E-06  2.75000E-06  3.00000E-06  3.25000E-06  3.50000E-06  3.75000E-06
  4.00000E-06  4.50000E-06  5.00000E-06  5.50000E-06  6.00000E-06  6.50000E-06
  7.00000E-06  7.50000E-06  8.00000E-06  9.00000E-06  1.00000E-05  1.10000E-05
  1.20000E-05  1.30000E-05  1.40000E-05  1.50000E-05  1.60000E-05  1.80000E-05
  2.00000E-05  2.20000E-05  2.40000E-05  2.60000E-05  2.80000E-05  3.00000E-05
  3.20000E-05  3.60000E-05  4.00000E-05  4.40000E-05  4.80000E-05  5.20000E-05
  5.60000E-05  6.00000E-05  6.40000E-05  7.20000E-05  8.00000E-05  8.80000E-05
  9.60000E-05  1.04000E-04  1.12000E-04  1.20000E-04  1.28000E-04  1.44000E-04
  1.60000E-04  1.76000E-04  1.92000E-04  2.08000E-04  2.24000E-04  2.40000E-04
  2.56000E-04  2.88000E-04  3.20000E-04  3.52000E-04  3.84000E-04  4.16000E-04
  4.48000E-04  4.80000E-04  5.12000E-04  5.76000E-04  6.40000E-04  7.04000E-04
  7.68000E-04  8.32000E-04  8.96000E-04  9.60000E-04  1.02400E-03  1.15200E-03
  1.28000E-03  1.40800E-03  1.53600E-03  1.66400E-03  1.79200E-03  1.92000E-03
  2.01600E-03  2.27200E-03  2.52800E-03  2.78400E-03  3.04000E-03  3.29600E-03
  3.55200E-03  3.80800E-03  4.06400E-03  4.57600E-03  5.08800E-03  5.60000E-03
  6.11200E-03  6.62400E-03  7.13600E-03  7.64800E-03  8.16000E-03  9.18400E-03
  1.02080E-02  1.12320E-02  1.22560E-02  1.32800E-02  1.43040E-02  1.53280E-02
  1.63520E-02  1.84000E-02  2.04480E-02  2.24960E-02  2.45440E-02  2.65920E-02
  2.86400E-02  3.06880E-02  3.27360E-02  3.68320E-02  4.09280E-02  4.50240E-02
  4.91200E-02  5.32160E-02  5.73120E-02  6.14080E-02  6.55040E-02  7.36960E-02
  8.18880E-02  9.00800E-02  9.82720E-02  1.06464E-01  1.14656E-01  1.22848E-01
  1.31040E-01  1.47424E-01  1.63808E-01  1.80192E-01  1.96576E-01  2.12960E-01
  2.29344E-01  2.45728E-01  2.62112E-01  2.94880E-01  3.27648E-01  3.60416E-01
  3.93184E-01  4.25952E-01  4.58720E-01  4.91488E-01  5.24256E-01  5.89792E-01
  6.55328E-01  7.20864E-01  7.86400E-01  8.51936E-01  9.17472E-01  9.83008E-01
  9.92555E-01  9.97452E-01  1.00000E+00  9.96420E-01  9.91369E-01  9.91029E-01
  9.92555E-01  9.92479E-01  9.93191E-01  9.84111E-01  9.90433E-01  9.82654E-01
  9.93688E-01  9.84855E-01  9.82757E-01  9.87616E-01  9.83466E-01  9.84871E-01
  9.80725E-01  9.82043E-01  9.78977E-01  9.76291E-01  9.80058E-01  9.72419E-01
  9.70045E-01  9.70064E-01  9.68533E-01  9.64796E-01  9.63641E-01  9.60383E-01
  9.59838E-01  9.52876E-01  9.47698E-01  9.48982E-01  9.45528E-01  9.39330E-01
  9.29581E-01  9.25374E-01  9.18577E-01  9.10525E-01  9.07724E-01  8.99547E-01
  8.95041E-01  8.82438E-01  8.69422E-01  8.58358E-01  8.47928E-01  8.36680E-01
  8.24917E-01  8.14941E-01  8.03888E-01  7.82104E-01  7.61453E-01  7.42497E-01
  7.22338E-01  7.03596E-01  6.85284E-01  6.68064E-01  6.50348E-01  6.15550E-01
  5.84364E-01  5.54886E-01  5.26801E-01  5.00159E-01  4.75388E-01  4.51252E-01
  4.29052E-01  3.87935E-01  3.50655E-01  3.16156E-01  2.84940E-01  2.57267E-01
  2.32176E-01  2.09026E-01  1.88918E-01  1.52872E-01  1.24564E-01  1.02544E-01
  8.40610E-02  6.93495E-02  5.77923E-02  4.83300E-02  4.13992E-02  2.87914E-02
  1.84151E-02  1.08713E-02  5.21754E-03  1.20180E-03 -3.38745E-05 -4.39738E-04
 -1.03457E-03  1.23749E-03  4.39779E-03  6.52450E-03  4.52721E-03 -6.89923E-04
 -2.02245E-03 -1.23233E-05 -6.51415E-04  2.31682E-04  3.85722E-03  5.59817E-04
 -2.66055E-03 -4.57110E-03 -3.32835E-03  1.94276E-04  1.12692E-03 -2.29895E-03
 -4.81672E-05  4.45689E-04  5.85685E-03  5.26565E-03  1.65719E-03  1.20534E-03
  1.39405E-03  6.37809E-04  1.71370E-03  8.83577E-05 -9.01885E-04 -9.45366E-04
  1.77608E-03 -2.43726E-03 -2.41565E-04 -1.80940E-03 -1.88362E-03  1.29322E-03
 -2.18586E-06  2.15825E-03 -1.07995E-03  2.34524E-04 -2.32003E-03  1.69847E-04
 -1.54196E-03 -4.36684E-04  7.01427E-04  6.33882E-04  2.54097E-03  1.16428E-03
  1.26611E-03  8.89971E-04 -8.05642E-04 -2.85367E-03 -3.33036E-04 -1.60756E-04
  6.71650E-04  2.84669E-03  1.81300E-03 -3.28908E-04 -3.69065E-04  9.55230E-05
  1.04607E-04 -8.10173E-04 -2.63439E-03  4.70204E-04 -1.47197E-04 -9.96224E-04
 -3.81725E-04 -2.37616E-04 -7.31081E-04  1.11914E-03 -2.92078E-04  1.59531E-04
