AutoSaveFileName0037.ASC
 IFORMY    0    .00
 (6E13.7)
 IFORMT    0    .00
 (6E13.7)
 IFORMW    0    .00
 (6E13.7)
 NINTT     0   -1.00
 DOUSNQ    0    1.00
 IQUAD          1.00
 PRWT      0    1.00
 PRY       0    1.00
 IPLRES    1    3.00
 IPLRES    2    3.00
 IPRINT    1    0.00
 IPRINT    2    2.00
 IPLFIT    1    0.00
 IPLFIT    2    0.00
 LINEPG    0   50.
 NONNEG    1    1.00
 IWT       0    5.00
 NQPROG    1    5.00
 NQPROG    2    5.00
 GMNMX     1    1.023E-04
 GMNMX     2    1.023E-01
 RUSER    10    -1.00
 NG        0    200.00
 NLINF     0    0.00
 IUSER    10    4.00
 RUSER    21    1.0
 RUSER    22   -1.0
 RUSER    23    0.0
 RUSER    18         292.16783
 RUSER    17         29.99800
 RUSER    19         1.02623
 RUSER    15         1.33200
 RUSER    16         632.80000
 RUSER    25         1
 RUSER    26         0
 END       0    0.00
 NY      188
  5.00000E-07  6.25000E-07  7.50000E-07  8.75000E-07  1.00000E-06  1.12500E-06
  1.25000E-06  1.37500E-06  1.50000E-06  1.62500E-06  1.75000E-06  1.87500E-06
  2.00000E-06  2.25000E-06  2.50000E-06  2.75000E-06  3.00000E-06  3.25000E-06
  3.50000E-06  3.75000E-06  4.00000E-06  4.50000E-06  5.00000E-06  5.50000E-06
  6.00000E-06  6.50000E-06  7.00000E-06  7.50000E-06  8.00000E-06  9.00000E-06
  1.00000E-05  1.10000E-05  1.20000E-05  1.30000E-05  1.40000E-05  1.50000E-05
  1.60000E-05  1.80000E-05  2.00000E-05  2.20000E-05  2.40000E-05  2.60000E-05
  2.80000E-05  3.00000E-05  3.20000E-05  3.60000E-05  4.00000E-05  4.40000E-05
  4.80000E-05  5.20000E-05  5.60000E-05  6.00000E-05  6.40000E-05  7.20000E-05
  8.00000E-05  8.80000E-05  9.60000E-05  1.04000E-04  1.12000E-04  1.20000E-04
  1.28000E-04  1.44000E-04  1.60000E-04  1.76000E-04  1.92000E-04  2.08000E-04
  2.24000E-04  2.40000E-04  2.56000E-04  2.88000E-04  3.20000E-04  3.52000E-04
  3.84000E-04  4.16000E-04  4.48000E-04  4.80000E-04  5.12000E-04  5.76000E-04
  6.40000E-04  7.04000E-04  7.68000E-04  8.32000E-04  8.96000E-04  9.60000E-04
  1.02400E-03  1.15200E-03  1.28000E-03  1.40800E-03  1.53600E-03  1.66400E-03
  1.79200E-03  1.92000E-03  2.01600E-03  2.27200E-03  2.52800E-03  2.78400E-03
  3.04000E-03  3.29600E-03  3.55200E-03  3.80800E-03  4.06400E-03  4.57600E-03
  5.08800E-03  5.60000E-03  6.11200E-03  6.62400E-03  7.13600E-03  7.64800E-03
  8.16000E-03  9.18400E-03  1.02080E-02  1.12320E-02  1.22560E-02  1.32800E-02
  1.43040E-02  1.53280E-02  1.63520E-02  1.84000E-02  2.04480E-02  2.24960E-02
  2.45440E-02  2.65920E-02  2.86400E-02  3.06880E-02  3.27360E-02  3.68320E-02
  4.09280E-02  4.50240E-02  4.91200E-02  5.32160E-02  5.73120E-02  6.14080E-02
  6.55040E-02  7.36960E-02  8.18880E-02  9.00800E-02  9.82720E-02  1.06464E-01
  1.14656E-01  1.22848E-01  1.31040E-01  1.47424E-01  1.63808E-01  1.80192E-01
  1.96576E-01  2.12960E-01  2.29344E-01  2.45728E-01  2.62112E-01  2.94880E-01
  3.27648E-01  3.60416E-01  3.93184E-01  4.25952E-01  4.58720E-01  4.91488E-01
  5.24256E-01  5.89792E-01  6.55328E-01  7.20864E-01  7.86400E-01  8.51936E-01
  9.17472E-01  9.83008E-01  1.04854E+00  1.17962E+00  1.31069E+00  1.44176E+00
  1.57283E+00  1.70390E+00  1.83498E+00  1.96605E+00  2.09712E+00  2.35926E+00
  2.62141E+00  2.88355E+00  3.14570E+00  3.40784E+00  3.66998E+00  3.93213E+00
  4.19427E+00  4.71856E+00  5.24285E+00  5.76714E+00  6.29142E+00  6.81571E+00
  7.34000E+00  7.86429E+00
  9.97264E-01  9.96565E-01  9.96146E-01  9.94181E-01  9.96330E-01  9.93411E-01
  9.93142E-01  9.93835E-01  9.93545E-01  9.94613E-01  9.94803E-01  9.93620E-01
  9.93573E-01  9.93348E-01  9.94298E-01  9.92913E-01  9.93199E-01  9.94031E-01
  9.92756E-01  9.92186E-01  9.93476E-01  9.93170E-01  9.92624E-01  9.93340E-01
  9.93091E-01  9.93948E-01  9.92764E-01  9.92658E-01  9.92929E-01  9.92853E-01
  9.92712E-01  9.93307E-01  9.93311E-01  9.93100E-01  9.92937E-01  9.92815E-01
  9.92825E-01  9.92898E-01  9.92586E-01  9.92697E-01  9.92819E-01  9.92558E-01
  9.92678E-01  9.92301E-01  9.92387E-01  9.92188E-01  9.92333E-01  9.92061E-01
  9.91820E-01  9.91762E-01  9.91639E-01  9.91440E-01  9.91395E-01  9.91254E-01
  9.91183E-01  9.90798E-01  9.90511E-01  9.90322E-01  9.90031E-01  9.89796E-01
  9.89453E-01  9.88815E-01  9.88471E-01  9.87906E-01  9.87312E-01  9.86814E-01
  9.86220E-01  9.85793E-01  9.85210E-01  9.84120E-01  9.83048E-01  9.82045E-01
  9.80969E-01  9.79993E-01  9.78998E-01  9.77927E-01  9.75221E-01  9.73239E-01
  9.71095E-01  9.69045E-01  9.66949E-01  9.64919E-01  9.62860E-01  9.60830E-01
  9.58587E-01  9.54582E-01  9.50537E-01  9.46527E-01  9.42524E-01  9.38574E-01
  9.34633E-01  9.30680E-01  9.30552E-01  9.22747E-01  9.14950E-01  9.07199E-01
  8.99623E-01  8.92092E-01  8.84701E-01  8.77439E-01  8.70236E-01  8.56037E-01
  8.42032E-01  8.28323E-01  8.14930E-01  8.01756E-01  7.88887E-01  7.76148E-01
  7.63630E-01  7.39259E-01  7.15365E-01  6.92138E-01  6.69724E-01  6.48198E-01
  6.27482E-01  6.07543E-01  5.88223E-01  5.51392E-01  5.16785E-01  4.84508E-01
  4.54825E-01  4.27352E-01  4.01363E-01  3.77023E-01  3.54985E-01  3.13632E-01
  2.79612E-01  2.50227E-01  2.22538E-01  1.96359E-01  1.73785E-01  1.54810E-01
  1.38483E-01  1.11132E-01  9.29507E-02  7.71910E-02  6.41418E-02  5.54324E-02
  4.95003E-02  4.17216E-02  3.58770E-02  2.41801E-02  1.86693E-02  1.76650E-02
  1.55092E-02  9.42289E-03  7.39586E-03  7.16210E-03 -4.50022E-05 -3.89408E-03
  2.28053E-03  4.46328E-03  4.47909E-03  1.14239E-02  3.17247E-03 -1.33742E-02
 -1.80858E-02 -1.07712E-02 -1.99603E-02 -1.29046E-02 -1.29731E-02 -9.02209E-03
  6.21074E-04  5.96001E-03 -6.57125E-03  1.57602E-02 -3.80058E-03 -1.86007E-02
  2.44667E-03  1.27288E-02  9.16721E-03 -3.59547E-03 -8.83495E-03 -2.26284E-02
 -1.75554E-02 -7.80741E-03 -8.35202E-03  4.84840E-03  8.13103E-03 -1.79040E-02
 -2.01318E-02 -2.28704E-03  1.07936E-02 -1.15135E-02  1.34568E-02  8.62090E-03
  7.40327E-03 -2.34021E-03
