AutoSaveFileName0039.ASC
 IFORMY    0    .00
 (6E13.7)
 IFORMT    0    .00
 (6E13.7)
 IFORMW    0    .00
 (6E13.7)
 NINTT     0   -1.00
 DOUSNQ    0    1.00
 IQUAD     0    1.00
 PRWT      0    1.00
 PRY       0    1.00
 IPLRES    1    3.00
 IPLRES    2    3.00
 IPRINT    1    0.00
 IPRINT    2    2.00
 IPLFIT    1    0.00
 IPLFIT    2    0.00
 LINEPG    0   50.
 NONNEG    1    1.00
 IWT       0    5.00
 NQPROG    1    5.00
 NQPROG    2    5.00
 GMNMX     1    4.01892E-02
 GMNMX     2    1.44269E-02
 RUSER    10    -1.00
 NG        0    500.00
 NLINF     0    1.00
 IUSER    10    4.00
 RUSER    21    1.0
 RUSER    22   -1.0
 RUSER    23    0.0
 RUSER    18         291.91878
 RUSER    17         29.99800
 RUSER    19         1.03258
 RUSER    15         1.33200
 RUSER    16         632.80000
 RUSER    25         1
 RUSER    26         0
 END       0    0.00
 NY      162
  7.50000E-07  8.75000E-07  1.00000E-06  1.12500E-06  1.25000E-06  1.37500E-06
  1.50000E-06  1.62500E-06  1.75000E-06  1.87500E-06  2.00000E-06  2.25000E-06
  2.50000E-06  2.75000E-06  3.00000E-06  3.25000E-06  3.50000E-06  3.75000E-06
  4.00000E-06  4.50000E-06  5.00000E-06  5.50000E-06  6.00000E-06  6.50000E-06
  7.00000E-06  7.50000E-06  8.00000E-06  9.00000E-06  1.00000E-05  1.10000E-05
  1.20000E-05  1.30000E-05  1.40000E-05  1.50000E-05  1.60000E-05  1.80000E-05
  2.00000E-05  2.20000E-05  2.40000E-05  2.60000E-05  2.80000E-05  3.00000E-05
  3.20000E-05  3.60000E-05  4.00000E-05  4.40000E-05  4.80000E-05  5.20000E-05
  5.60000E-05  6.00000E-05  6.40000E-05  7.20000E-05  8.00000E-05  8.80000E-05
  9.60000E-05  1.04000E-04  1.12000E-04  1.20000E-04  1.28000E-04  1.44000E-04
  1.60000E-04  1.76000E-04  1.92000E-04  2.08000E-04  2.24000E-04  2.40000E-04
  2.56000E-04  2.88000E-04  3.20000E-04  3.52000E-04  3.84000E-04  4.16000E-04
  4.48000E-04  4.80000E-04  5.12000E-04  5.76000E-04  6.40000E-04  7.04000E-04
  7.68000E-04  8.32000E-04  8.96000E-04  9.60000E-04  1.02400E-03  1.15200E-03
  1.28000E-03  1.40800E-03  1.53600E-03  1.66400E-03  1.79200E-03  1.92000E-03
  2.01600E-03  2.27200E-03  2.52800E-03  2.78400E-03  3.04000E-03  3.29600E-03
  3.55200E-03  3.80800E-03  4.06400E-03  4.57600E-03  5.08800E-03  5.60000E-03
  6.11200E-03  6.62400E-03  7.13600E-03  7.64800E-03  8.16000E-03  9.18400E-03
  1.02080E-02  1.12320E-02  1.22560E-02  1.32800E-02  1.43040E-02  1.53280E-02
  1.63520E-02  1.84000E-02  2.04480E-02  2.24960E-02  2.45440E-02  2.65920E-02
  2.86400E-02  3.06880E-02  3.27360E-02  3.68320E-02  4.09280E-02  4.50240E-02
  4.91200E-02  5.32160E-02  5.73120E-02  6.14080E-02  6.55040E-02  7.36960E-02
  8.18880E-02  9.00800E-02  9.82720E-02  1.06464E-01  1.14656E-01  1.22848E-01
  1.31040E-01  1.47424E-01  1.63808E-01  1.80192E-01  1.96576E-01  2.12960E-01
  2.29344E-01  2.45728E-01  2.62112E-01  2.94880E-01  3.27648E-01  3.60416E-01
  3.93184E-01  4.25952E-01  4.58720E-01  4.91488E-01  5.24256E-01  5.89792E-01
  6.55328E-01  7.20864E-01  7.86400E-01  8.51936E-01  9.17472E-01  9.83008E-01
  1.00000E+00  9.98234E-01  9.98169E-01  9.99286E-01  9.97041E-01  9.96982E-01
  9.96423E-01  9.96806E-01  9.94896E-01  9.94554E-01  9.96307E-01  9.94597E-01
  9.94762E-01  9.95162E-01  9.96818E-01  9.94373E-01  9.94991E-01  9.95137E-01
  9.95381E-01  9.95331E-01  9.94922E-01  9.95234E-01  9.94957E-01  9.93512E-01
  9.93577E-01  9.92639E-01  9.92582E-01  9.93295E-01  9.92363E-01  9.91496E-01
  9.91330E-01  9.91378E-01  9.90782E-01  9.90608E-01  9.89463E-01  9.89149E-01
  9.88286E-01  9.87540E-01  9.86622E-01  9.85995E-01  9.85247E-01  9.83673E-01
  9.83434E-01  9.82052E-01  9.80594E-01  9.78579E-01  9.77034E-01  9.75768E-01
  9.74160E-01  9.72599E-01  9.70726E-01  9.67746E-01  9.64862E-01  9.61409E-01
  9.58539E-01  9.55324E-01  9.52320E-01  9.49395E-01  9.46437E-01  9.40255E-01
  9.34533E-01  9.28596E-01  9.22726E-01  9.17171E-01  9.11391E-01  9.05782E-01
  9.00255E-01  8.89284E-01  8.78563E-01  8.68129E-01  8.57650E-01  8.47275E-01
  8.37169E-01  8.27378E-01  8.17624E-01  7.98587E-01  7.80038E-01  7.61994E-01
  7.44566E-01  7.27377E-01  7.10621E-01  6.94440E-01  6.65069E-01  6.35227E-01
  6.06843E-01  5.79842E-01  5.54220E-01  5.29829E-01  5.06695E-01  4.84685E-01
  4.79780E-01  4.39833E-01  4.03450E-01  3.70275E-01  3.40082E-01  3.12526E-01
  2.87863E-01  2.65303E-01  2.45178E-01  2.09997E-01  1.81473E-01  1.57416E-01
  1.37448E-01  1.20757E-01  1.06507E-01  9.41754E-02  8.40185E-02  6.65058E-02
  5.30785E-02  4.24875E-02  3.53711E-02  3.14365E-02  2.84964E-02  2.66977E-02
  2.47228E-02  2.19832E-02  1.87563E-02  1.62461E-02  1.63757E-02  1.62356E-02
  1.26619E-02  1.13298E-02  1.09470E-02  1.05878E-02  5.31195E-03  7.44990E-03
  3.70799E-03  3.23643E-03  2.69850E-03  3.42138E-05 -3.10961E-04 -3.43554E-03
 -7.30371E-05  1.74656E-03 -3.78080E-03 -7.77517E-04 -3.02139E-03 -3.47764E-03
 -7.50299E-04  2.10997E-03  5.10917E-03  6.24920E-03  1.12999E-03  2.04904E-03
 -1.19470E-03  1.40981E-03 -7.30897E-04  2.30648E-03  2.37450E-03  1.43572E-03
 -3.25766E-04  2.21059E-03 -3.20330E-05 -1.65049E-03  1.02148E-03 -1.63785E-03
 -1.91539E-03 -2.81494E-03  5.75092E-04 -9.08373E-04  8.45282E-04  1.50997E-03
