AutoSaveFileName0105.ASC
 IFORMY    0    .00
 (6E13.7)
 IFORMT    0    .00
 (6E13.7)
 IFORMW    0    .00
 (6E13.7)
 NINTT     0   -1.00
 DOUSNQ    0    1.00
 IQUAD          1.00
 PRWT      0    1.00
 PRY       0    1.00
 IPLRES    1    3.00
 IPLRES    2    3.00
 IPRINT    1    0.00
 IPRINT    2    2.00
 IPLFIT    1    0.00
 IPLFIT    2    0.00
 LINEPG    0   50.
 NONNEG    1    1.00
 IWT       0    5.00
 NQPROG    1    5.00
 NQPROG    2    5.00
 GMNMX     1    2.372E-05
 GMNMX     2    2.372E-02
 RUSER    10    -1.00
 NG        0    200.00
 NLINF     0    0.00
 IUSER    10    4.00
 RUSER    21    1.0
 RUSER    22   -1.0
 RUSER    23    0.0
 RUSER    18         292.19742
 RUSER    17         64.99800
 RUSER    19         1.02548
 RUSER    15         1.33200
 RUSER    16         632.80000
 RUSER    25         1
 RUSER    26         0
 END       0    0.00
 NY      188
  5.00000E-07  6.25000E-07  7.50000E-07  8.75000E-07  1.00000E-06  1.12500E-06
  1.25000E-06  1.37500E-06  1.50000E-06  1.62500E-06  1.75000E-06  1.87500E-06
  2.00000E-06  2.25000E-06  2.50000E-06  2.75000E-06  3.00000E-06  3.25000E-06
  3.50000E-06  3.75000E-06  4.00000E-06  4.50000E-06  5.00000E-06  5.50000E-06
  6.00000E-06  6.50000E-06  7.00000E-06  7.50000E-06  8.00000E-06  9.00000E-06
  1.00000E-05  1.10000E-05  1.20000E-05  1.30000E-05  1.40000E-05  1.50000E-05
  1.60000E-05  1.80000E-05  2.00000E-05  2.20000E-05  2.40000E-05  2.60000E-05
  2.80000E-05  3.00000E-05  3.20000E-05  3.60000E-05  4.00000E-05  4.40000E-05
  4.80000E-05  5.20000E-05  5.60000E-05  6.00000E-05  6.40000E-05  7.20000E-05
  8.00000E-05  8.80000E-05  9.60000E-05  1.04000E-04  1.12000E-04  1.20000E-04
  1.28000E-04  1.44000E-04  1.60000E-04  1.76000E-04  1.92000E-04  2.08000E-04
  2.24000E-04  2.40000E-04  2.56000E-04  2.88000E-04  3.20000E-04  3.52000E-04
  3.84000E-04  4.16000E-04  4.48000E-04  4.80000E-04  5.12000E-04  5.76000E-04
  6.40000E-04  7.04000E-04  7.68000E-04  8.32000E-04  8.96000E-04  9.60000E-04
  1.02400E-03  1.15200E-03  1.28000E-03  1.40800E-03  1.53600E-03  1.66400E-03
  1.79200E-03  1.92000E-03  2.01600E-03  2.27200E-03  2.52800E-03  2.78400E-03
  3.04000E-03  3.29600E-03  3.55200E-03  3.80800E-03  4.06400E-03  4.57600E-03
  5.08800E-03  5.60000E-03  6.11200E-03  6.62400E-03  7.13600E-03  7.64800E-03
  8.16000E-03  9.18400E-03  1.02080E-02  1.12320E-02  1.22560E-02  1.32800E-02
  1.43040E-02  1.53280E-02  1.63520E-02  1.84000E-02  2.04480E-02  2.24960E-02
  2.45440E-02  2.65920E-02  2.86400E-02  3.06880E-02  3.27360E-02  3.68320E-02
  4.09280E-02  4.50240E-02  4.91200E-02  5.32160E-02  5.73120E-02  6.14080E-02
  6.55040E-02  7.36960E-02  8.18880E-02  9.00800E-02  9.82720E-02  1.06464E-01
  1.14656E-01  1.22848E-01  1.31040E-01  1.47424E-01  1.63808E-01  1.80192E-01
  1.96576E-01  2.12960E-01  2.29344E-01  2.45728E-01  2.62112E-01  2.94880E-01
  3.27648E-01  3.60416E-01  3.93184E-01  4.25952E-01  4.58720E-01  4.91488E-01
  5.24256E-01  5.89792E-01  6.55328E-01  7.20864E-01  7.86400E-01  8.51936E-01
  9.17472E-01  9.83008E-01  1.04854E+00  1.17962E+00  1.31069E+00  1.44176E+00
  1.57283E+00  1.70390E+00  1.83498E+00  1.96605E+00  2.09712E+00  2.35926E+00
  2.62141E+00  2.88355E+00  3.14570E+00  3.40784E+00  3.66998E+00  3.93213E+00
  4.19427E+00  4.71856E+00  5.24285E+00  5.76714E+00  6.29142E+00  6.81571E+00
  7.34000E+00  7.86429E+00
  9.97697E-01  9.95324E-01  9.95191E-01  9.93783E-01  9.93502E-01  9.91579E-01
  9.91570E-01  9.93489E-01  9.93779E-01  9.92345E-01  9.93200E-01  9.90317E-01
  9.90956E-01  9.92204E-01  9.92383E-01  9.91788E-01  9.91674E-01  9.91646E-01
  9.91467E-01  9.91009E-01  9.91188E-01  9.92601E-01  9.90893E-01  9.90534E-01
  9.92875E-01  9.91592E-01  9.91207E-01  9.91444E-01  9.91699E-01  9.90906E-01
  9.90078E-01  9.90956E-01  9.91402E-01  9.90561E-01  9.90631E-01  9.90439E-01
  9.90631E-01  9.89725E-01  9.90340E-01  9.89293E-01  9.89426E-01  9.88858E-01
  9.89215E-01  9.88944E-01  9.88235E-01  9.87469E-01  9.87036E-01  9.86487E-01
  9.86080E-01  9.85681E-01  9.84984E-01  9.84376E-01  9.83779E-01  9.82890E-01
  9.81910E-01  9.80840E-01  9.79854E-01  9.78250E-01  9.77578E-01  9.76392E-01
  9.75410E-01  9.73052E-01  9.70890E-01  9.68695E-01  9.66664E-01  9.64412E-01
  9.62355E-01  9.60265E-01  9.57979E-01  9.53759E-01  9.49533E-01  9.45342E-01
  9.41118E-01  9.37048E-01  9.32965E-01  9.28779E-01  9.24628E-01  9.16345E-01
  9.08401E-01  9.00467E-01  8.92475E-01  8.84716E-01  8.76891E-01  8.69171E-01
  8.46035E-01  8.31306E-01  8.16869E-01  8.02674E-01  7.88749E-01  7.74894E-01
  7.61516E-01  7.48278E-01  7.51596E-01  7.25981E-01  7.01427E-01  6.77916E-01
  6.55017E-01  6.32999E-01  6.12031E-01  5.91708E-01  5.72223E-01  5.34656E-01
  4.99729E-01  4.67590E-01  4.37446E-01  4.09434E-01  3.83381E-01  3.59245E-01
  3.36640E-01  2.94486E-01  2.57536E-01  2.26218E-01  1.99363E-01  1.75797E-01
  1.55045E-01  1.36581E-01  1.20299E-01  9.15129E-02  6.71129E-02  4.94913E-02
  3.70352E-02  2.60327E-02  1.91787E-02  1.37270E-02  1.18991E-02  1.18597E-02
  1.36061E-02  1.25917E-02  9.27974E-03  3.48291E-03  1.17828E-06 -1.61309E-03
 -2.87893E-03 -2.76935E-03 -1.93271E-03 -4.39147E-03 -7.69802E-03 -2.30052E-03
  5.26957E-03  7.19004E-03  6.81158E-03  1.13476E-02  5.62050E-03  1.11392E-03
 -7.93218E-04 -5.64260E-03 -3.75809E-03 -1.23121E-02 -2.58573E-04  5.85464E-03
 -6.44061E-03 -6.35053E-04  1.35267E-03 -5.79903E-03  3.09416E-04 -2.08326E-03
 -7.33391E-04 -2.59193E-03 -6.30524E-03  3.49283E-03  3.61428E-03  2.03424E-03
 -1.45268E-03 -2.70082E-04  3.47284E-03 -1.53456E-03  1.15607E-03  2.07759E-03
 -4.58738E-03  1.97048E-03  4.28450E-04  7.95357E-03  1.96018E-03 -4.65230E-03
 -6.46516E-03 -5.87089E-03 -6.15259E-03  2.13991E-03 -5.37475E-03  3.36395E-04
 -5.75700E-03 -1.12455E-03  1.65487E-03 -4.82435E-04 -2.97142E-03  2.43964E-04
  2.04656E-03  3.04341E-03
