AutoSaveFileName0287.ASC
 IFORMY    0    .00
 (6E13.7)
 IFORMT    0    .00
 (6E13.7)
 IFORMW    0    .00
 (6E13.7)
 NINTT     0   -1.00
 DOUSNQ    0    1.00
 IQUAD          1.00
 PRWT      0    1.00
 PRY       0    1.00
 IPLRES    1    3.00
 IPLRES    2    3.00
 IPRINT    1    0.00
 IPRINT    2    2.00
 IPLFIT    1    0.00
 IPLFIT    2    0.00
 LINEPG    0   50.
 NONNEG    1    1.00
 IWT       0    5.00
 NQPROG    1    5.00
 NQPROG    2    5.00
 GMNMX     1    1.022E-05
 GMNMX     2    1.022E-02
 RUSER    10    -1.00
 NG        0    200.00
 NLINF     0    0.00
 IUSER    10    4.00
 RUSER    21    1.0
 RUSER    22   -1.0
 RUSER    23    0.0
 RUSER    18         292.15514
 RUSER    17         109.99900
 RUSER    19         1.02655
 RUSER    15         1.33200
 RUSER    16         632.80000
 RUSER    25         1
 RUSER    26         0
 END       0    0.00
 NY      131
  3.75000E-07  5.00000E-07  6.25000E-07  7.50000E-07  8.75000E-07  1.00000E-06
  1.12500E-06  1.25000E-06  1.37500E-06  1.50000E-06  1.62500E-06  1.75000E-06
  1.87500E-06  2.00000E-06  2.25000E-06  2.50000E-06  2.75000E-06  3.00000E-06
  3.25000E-06  3.50000E-06  3.75000E-06  4.00000E-06  4.50000E-06  5.00000E-06
  5.50000E-06  6.00000E-06  6.50000E-06  7.00000E-06  7.50000E-06  8.00000E-06
  9.00000E-06  1.00000E-05  1.10000E-05  1.20000E-05  1.30000E-05  1.40000E-05
  1.50000E-05  1.60000E-05  1.80000E-05  2.00000E-05  2.20000E-05  2.40000E-05
  2.60000E-05  2.80000E-05  3.00000E-05  3.20000E-05  3.60000E-05  4.00000E-05
  4.40000E-05  4.80000E-05  5.20000E-05  5.60000E-05  6.00000E-05  6.40000E-05
  7.20000E-05  8.00000E-05  8.80000E-05  9.60000E-05  1.04000E-04  1.12000E-04
  1.20000E-04  1.28000E-04  1.44000E-04  1.60000E-04  1.76000E-04  1.92000E-04
  2.08000E-04  2.24000E-04  2.40000E-04  2.56000E-04  2.88000E-04  3.20000E-04
  3.52000E-04  3.84000E-04  4.16000E-04  4.48000E-04  4.80000E-04  5.12000E-04
  5.76000E-04  6.40000E-04  7.04000E-04  7.68000E-04  8.32000E-04  8.96000E-04
  9.60000E-04  1.02400E-03  1.15200E-03  1.28000E-03  1.40800E-03  1.53600E-03
  1.66400E-03  1.79200E-03  1.92000E-03  2.01600E-03  2.27200E-03  2.52800E-03
  2.78400E-03  3.04000E-03  3.29600E-03  3.55200E-03  3.80800E-03  4.06400E-03
  4.57600E-03  5.08800E-03  5.60000E-03  6.11200E-03  6.62400E-03  7.13600E-03
  7.64800E-03  8.16000E-03  9.18400E-03  1.02080E-02  1.12320E-02  1.22560E-02
  1.32800E-02  1.43040E-02  1.53280E-02  1.63520E-02  1.84000E-02  2.04480E-02
  2.24960E-02  2.45440E-02  2.65920E-02  2.86400E-02  3.06880E-02  3.27360E-02
  3.68320E-02  4.09280E-02  4.50240E-02  4.91200E-02  5.32160E-02
  2.41150E+00  2.40826E+00  2.40708E+00  2.40242E+00  2.39840E+00  2.40115E+00
  2.39970E+00  2.39228E+00  2.39562E+00  2.39408E+00  2.39806E+00  2.39792E+00
  2.39416E+00  2.39446E+00  2.39615E+00  2.39016E+00  2.39462E+00  2.39343E+00
  2.39252E+00  2.39250E+00  2.39231E+00  2.39226E+00  2.39076E+00  2.38936E+00
  2.38761E+00  2.38747E+00  2.38844E+00  2.38327E+00  2.38494E+00  2.38348E+00
  2.38037E+00  2.38016E+00  2.37799E+00  2.37695E+00  2.37486E+00  2.37468E+00
  2.37174E+00  2.36934E+00  2.36668E+00  2.36203E+00  2.35881E+00  2.35541E+00
  2.35214E+00  2.34841E+00  2.34620E+00  2.34105E+00  2.33571E+00  2.32803E+00
  2.32189E+00  2.31442E+00  2.30803E+00  2.30082E+00  2.29301E+00  2.28651E+00
  2.27334E+00  2.25922E+00  2.24646E+00  2.23353E+00  2.22032E+00  2.20721E+00
  2.19397E+00  2.18095E+00  2.15571E+00  2.13000E+00  2.10501E+00  2.08065E+00
  2.05640E+00  2.03203E+00  2.00865E+00  1.98495E+00  1.93901E+00  1.89386E+00
  1.85017E+00  1.80744E+00  1.76541E+00  1.72476E+00  1.68498E+00  1.64611E+00
  1.57102E+00  1.49991E+00  1.43168E+00  1.36670E+00  1.30449E+00  1.24544E+00
  1.18934E+00  1.09053E+00  9.95630E-01  9.09478E-01  8.31384E-01  7.60517E-01
  6.96039E-01  6.36974E-01  5.82755E-01  5.72821E-01  4.80150E-01  4.00733E-01
  3.34361E-01  2.78765E-01  2.31440E-01  1.91734E-01  1.59091E-01  1.34237E-01
  9.26176E-02  5.97687E-02  3.79400E-02  2.17891E-02  1.13620E-02  1.08355E-02
  1.72950E-02  1.86428E-02  1.76733E-02  1.43594E-02  1.44562E-02  6.56339E-03
 -5.85710E-03 -1.65629E-02 -2.48081E-02 -1.81254E-02  1.96757E-04  1.69254E-02
  9.35326E-03 -6.74619E-04 -3.40685E-03 -7.68319E-03  6.90506E-03 -1.94903E-03
  2.59787E-03 -2.62245E-03  7.03355E-03 -1.66004E-02 -7.49924E-03
