AutoSaveFileName0007.ASC
 IFORMY    0    .00
 (6E13.7)
 IFORMT    0    .00
 (6E13.7)
 IFORMW    0    .00
 (6E13.7)
 NINTT     0   -1.00
 DOUSNQ    0    1.00
 IQUAD          1.00
 PRWT      0    1.00
 PRY       0    1.00
 IPLRES    1    3.00
 IPLRES    2    3.00
 IPRINT    1    0.00
 IPRINT    2    2.00
 IPLFIT    1    0.00
 IPLFIT    2    0.00
 LINEPG    0   50.
 NONNEG    1    1.00
 IWT       0    5.00
 NQPROG    1    5.00
 NQPROG    2    5.00
 GMNMX     1    4.023E-04
 GMNMX     2    4.023E-01
 RUSER    10    -1.00
 NG        0    200.00
 NLINF     0    0.00
 IUSER    10    4.00
 RUSER    21    1.0
 RUSER    22   -1.0
 RUSER    23    0.0
 RUSER    18         292.15565
 RUSER    17         15.00300
 RUSER    19         1.02654
 RUSER    15         1.33200
 RUSER    16         632.80000
 RUSER    25         1
 RUSER    26         0
 END       0    0.00
 NY      188
  5.00000E-07  6.25000E-07  7.50000E-07  8.75000E-07  1.00000E-06  1.12500E-06
  1.25000E-06  1.37500E-06  1.50000E-06  1.62500E-06  1.75000E-06  1.87500E-06
  2.00000E-06  2.25000E-06  2.50000E-06  2.75000E-06  3.00000E-06  3.25000E-06
  3.50000E-06  3.75000E-06  4.00000E-06  4.50000E-06  5.00000E-06  5.50000E-06
  6.00000E-06  6.50000E-06  7.00000E-06  7.50000E-06  8.00000E-06  9.00000E-06
  1.00000E-05  1.10000E-05  1.20000E-05  1.30000E-05  1.40000E-05  1.50000E-05
  1.60000E-05  1.80000E-05  2.00000E-05  2.20000E-05  2.40000E-05  2.60000E-05
  2.80000E-05  3.00000E-05  3.20000E-05  3.60000E-05  4.00000E-05  4.40000E-05
  4.80000E-05  5.20000E-05  5.60000E-05  6.00000E-05  6.40000E-05  7.20000E-05
  8.00000E-05  8.80000E-05  9.60000E-05  1.04000E-04  1.12000E-04  1.20000E-04
  1.28000E-04  1.44000E-04  1.60000E-04  1.76000E-04  1.92000E-04  2.08000E-04
  2.24000E-04  2.40000E-04  2.56000E-04  2.88000E-04  3.20000E-04  3.52000E-04
  3.84000E-04  4.16000E-04  4.48000E-04  4.80000E-04  5.12000E-04  5.76000E-04
  6.40000E-04  7.04000E-04  7.68000E-04  8.32000E-04  8.96000E-04  9.60000E-04
  1.02400E-03  1.15200E-03  1.28000E-03  1.40800E-03  1.53600E-03  1.66400E-03
  1.79200E-03  1.92000E-03  2.01600E-03  2.27200E-03  2.52800E-03  2.78400E-03
  3.04000E-03  3.29600E-03  3.55200E-03  3.80800E-03  4.06400E-03  4.57600E-03
  5.08800E-03  5.60000E-03  6.11200E-03  6.62400E-03  7.13600E-03  7.64800E-03
  8.16000E-03  9.18400E-03  1.02080E-02  1.12320E-02  1.22560E-02  1.32800E-02
  1.43040E-02  1.53280E-02  1.63520E-02  1.84000E-02  2.04480E-02  2.24960E-02
  2.45440E-02  2.65920E-02  2.86400E-02  3.06880E-02  3.27360E-02  3.68320E-02
  4.09280E-02  4.50240E-02  4.91200E-02  5.32160E-02  5.73120E-02  6.14080E-02
  6.55040E-02  7.36960E-02  8.18880E-02  9.00800E-02  9.82720E-02  1.06464E-01
  1.14656E-01  1.22848E-01  1.31040E-01  1.47424E-01  1.63808E-01  1.80192E-01
  1.96576E-01  2.12960E-01  2.29344E-01  2.45728E-01  2.62112E-01  2.94880E-01
  3.27648E-01  3.60416E-01  3.93184E-01  4.25952E-01  4.58720E-01  4.91488E-01
  5.24256E-01  5.89792E-01  6.55328E-01  7.20864E-01  7.86400E-01  8.51936E-01
  9.17472E-01  9.83008E-01  1.04854E+00  1.17962E+00  1.31069E+00  1.44176E+00
  1.57283E+00  1.70390E+00  1.83498E+00  1.96605E+00  2.09712E+00  2.35926E+00
  2.62141E+00  2.88355E+00  3.14570E+00  3.40784E+00  3.66998E+00  3.93213E+00
  4.19427E+00  4.71856E+00  5.24285E+00  5.76714E+00  6.29142E+00  6.81571E+00
  7.34000E+00  7.86429E+00
  9.98992E-01  9.98470E-01  9.98260E-01  9.97794E-01  9.97596E-01  9.97150E-01
  9.97034E-01  9.96479E-01  9.96252E-01  9.96036E-01  9.95514E-01  9.95474E-01
  9.95222E-01  9.94598E-01  9.94001E-01  9.93439E-01  9.92835E-01  9.92139E-01
  9.91600E-01  9.91072E-01  9.90565E-01  9.89396E-01  9.88220E-01  9.86901E-01
  9.85752E-01  9.84650E-01  9.83506E-01  9.82296E-01  9.81169E-01  9.78740E-01
  9.76403E-01  9.74079E-01  9.71749E-01  9.69377E-01  9.67052E-01  9.64678E-01
  9.62437E-01  9.59474E-01  9.58209E-01  9.57109E-01  9.56000E-01  9.54854E-01
  9.53755E-01  9.52656E-01  9.51541E-01  9.49489E-01  9.47771E-01  9.46115E-01
  9.44443E-01  9.42802E-01  9.41292E-01  9.39846E-01  9.38454E-01  9.35639E-01
  9.33050E-01  9.30520E-01  9.28135E-01  9.25798E-01  9.23602E-01  9.21480E-01
  9.19435E-01  9.15457E-01  9.11694E-01  9.08104E-01  9.04670E-01  9.01360E-01
  8.98168E-01  8.95041E-01  8.92095E-01  8.86282E-01  8.80798E-01  8.75545E-01
  8.70516E-01  8.65684E-01  8.61024E-01  8.58402E-01  8.69865E-01  8.68367E-01
  8.65698E-01  8.62317E-01  8.58615E-01  8.54607E-01  8.50423E-01  8.46429E-01
  8.49789E-01  8.44734E-01  8.39284E-01  8.33508E-01  8.33310E-01  8.27774E-01
  8.22850E-01  8.17851E-01  8.19406E-01  8.10956E-01  8.04554E-01  7.97156E-01
  7.91044E-01  7.83614E-01  7.77506E-01  7.70821E-01  7.65429E-01  7.53894E-01
  7.43456E-01  7.32390E-01  7.22110E-01  7.12898E-01  7.04039E-01  6.94753E-01
  6.86340E-01  6.70027E-01  6.53343E-01  6.37584E-01  6.22779E-01  6.08202E-01
  5.94526E-01  5.81362E-01  5.68923E-01  5.43864E-01  5.19829E-01  4.97591E-01
  4.77396E-01  4.59003E-01  4.42079E-01  4.26130E-01  4.13236E-01  3.87557E-01
  3.64562E-01  3.42641E-01  3.22167E-01  3.03554E-01  2.86983E-01  2.71109E-01
  2.58376E-01  2.33789E-01  2.12902E-01  1.97123E-01  1.81900E-01  1.67328E-01
  1.57008E-01  1.47937E-01  1.39796E-01  1.29595E-01  1.21827E-01  1.12478E-01
  1.05343E-01  9.75920E-02  9.21480E-02  9.40153E-02  8.92645E-02  8.35467E-02
  8.56365E-02  9.26385E-02  9.21151E-02  8.26383E-02  7.39470E-02  6.41526E-02
  5.27367E-02  6.11660E-02  6.67668E-02  5.35795E-02  5.69941E-02  4.09121E-02
  3.81623E-02  3.74988E-02  3.56429E-02  4.30010E-02  2.68561E-02  2.77197E-02
  2.09726E-02  1.37909E-02  3.31468E-02  3.27445E-02  3.45011E-02  2.21401E-02
  2.93363E-02  2.03944E-02  1.07556E-02 -8.85819E-03 -1.78775E-03 -1.59019E-02
  1.63050E-02 -6.94225E-03 -1.04272E-02 -1.96201E-02 -3.24269E-03 -1.50039E-02
 -2.01698E-03 -2.23436E-02
