AutoSaveFileName0389.ASC
 IFORMY    0    .00
 (6E13.7)
 IFORMT    0    .00
 (6E13.7)
 IFORMW    0    .00
 (6E13.7)
 NINTT     0   -1.00
 DOUSNQ    0    1.00
 IQUAD          1.00
 PRWT      0    1.00
 PRY       0    1.00
 IPLRES    1    3.00
 IPLRES    2    3.00
 IPRINT    1    0.00
 IPRINT    2    2.00
 IPLFIT    1    0.00
 IPLFIT    2    0.00
 LINEPG    0   50.
 NONNEG    1    1.00
 IWT       0    5.00
 NQPROG    1    5.00
 NQPROG    2    5.00
 GMNMX     1    7.544E-06
 GMNMX     2    7.544E-03
 RUSER    10    -1.00
 NG        0    200.00
 NLINF     0    0.00
 IUSER    10    4.00
 RUSER    21    1.0
 RUSER    22   -1.0
 RUSER    23    0.0
 RUSER    18         292.32550
 RUSER    17         143.99900
 RUSER    19         1.02224
 RUSER    15         1.33200
 RUSER    16         632.80000
 RUSER    25         1
 RUSER    26         0
 END       0    0.00
 NY      131
  3.75000E-07  5.00000E-07  6.25000E-07  7.50000E-07  8.75000E-07  1.00000E-06
  1.12500E-06  1.25000E-06  1.37500E-06  1.50000E-06  1.62500E-06  1.75000E-06
  1.87500E-06  2.00000E-06  2.25000E-06  2.50000E-06  2.75000E-06  3.00000E-06
  3.25000E-06  3.50000E-06  3.75000E-06  4.00000E-06  4.50000E-06  5.00000E-06
  5.50000E-06  6.00000E-06  6.50000E-06  7.00000E-06  7.50000E-06  8.00000E-06
  9.00000E-06  1.00000E-05  1.10000E-05  1.20000E-05  1.30000E-05  1.40000E-05
  1.50000E-05  1.60000E-05  1.80000E-05  2.00000E-05  2.20000E-05  2.40000E-05
  2.60000E-05  2.80000E-05  3.00000E-05  3.20000E-05  3.60000E-05  4.00000E-05
  4.40000E-05  4.80000E-05  5.20000E-05  5.60000E-05  6.00000E-05  6.40000E-05
  7.20000E-05  8.00000E-05  8.80000E-05  9.60000E-05  1.04000E-04  1.12000E-04
  1.20000E-04  1.28000E-04  1.44000E-04  1.60000E-04  1.76000E-04  1.92000E-04
  2.08000E-04  2.24000E-04  2.40000E-04  2.56000E-04  2.88000E-04  3.20000E-04
  3.52000E-04  3.84000E-04  4.16000E-04  4.48000E-04  4.80000E-04  5.12000E-04
  5.76000E-04  6.40000E-04  7.04000E-04  7.68000E-04  8.32000E-04  8.96000E-04
  9.60000E-04  1.02400E-03  1.15200E-03  1.28000E-03  1.40800E-03  1.53600E-03
  1.66400E-03  1.79200E-03  1.92000E-03  2.01600E-03  2.27200E-03  2.52800E-03
  2.78400E-03  3.04000E-03  3.29600E-03  3.55200E-03  3.80800E-03  4.06400E-03
  4.57600E-03  5.08800E-03  5.60000E-03  6.11200E-03  6.62400E-03  7.13600E-03
  7.64800E-03  8.16000E-03  9.18400E-03  1.02080E-02  1.12320E-02  1.22560E-02
  1.32800E-02  1.43040E-02  1.53280E-02  1.63520E-02  1.84000E-02  2.04480E-02
  2.24960E-02  2.45440E-02  2.65920E-02  2.86400E-02  3.06880E-02  3.27360E-02
  3.68320E-02  4.09280E-02  4.50240E-02  4.91200E-02  5.32160E-02
  2.25638E+00  2.25103E+00  2.24917E+00  2.24039E+00  2.24492E+00  2.23170E+00
  2.23949E+00  2.24406E+00  2.23537E+00  2.24842E+00  2.24187E+00  2.23503E+00
  2.23374E+00  2.23820E+00  2.23933E+00  2.23371E+00  2.22948E+00  2.23927E+00
  2.23464E+00  2.23365E+00  2.23565E+00  2.23365E+00  2.23086E+00  2.22875E+00
  2.23032E+00  2.22921E+00  2.22904E+00  2.22918E+00  2.23008E+00  2.22682E+00
  2.22398E+00  2.22517E+00  2.21943E+00  2.21962E+00  2.22156E+00  2.21845E+00
  2.21446E+00  2.21477E+00  2.20889E+00  2.20681E+00  2.20479E+00  2.20155E+00
  2.20010E+00  2.19779E+00  2.19145E+00  2.19068E+00  2.18473E+00  2.17929E+00
  2.17129E+00  2.16665E+00  2.15996E+00  2.15346E+00  2.14698E+00  2.14204E+00
  2.13108E+00  2.11951E+00  2.10741E+00  2.09531E+00  2.08360E+00  2.07409E+00
  2.06224E+00  2.05106E+00  2.02834E+00  2.00691E+00  1.98487E+00  1.96354E+00
  1.94214E+00  1.92116E+00  1.90024E+00  1.87988E+00  1.84044E+00  1.80142E+00
  1.76333E+00  1.72626E+00  1.69030E+00  1.65622E+00  1.62156E+00  1.54888E+00
  1.48601E+00  1.42564E+00  1.36855E+00  1.31427E+00  1.26322E+00  1.21464E+00
  1.16871E+00  9.84849E-01  9.11544E-01  8.46203E-01  7.86894E-01  7.33788E-01
  6.84965E-01  6.41560E-01  6.01064E-01  6.81057E-01  6.01890E-01  5.34516E-01
  4.77999E-01  4.29923E-01  3.89230E-01  3.52792E-01  3.21685E-01  2.97507E-01
  2.55201E-01  2.23733E-01  2.01622E-01  1.80391E-01  1.62473E-01  1.48173E-01
  1.30821E-01  1.16042E-01  1.01385E-01  9.23353E-02  8.24210E-02  7.73916E-02
  7.07676E-02  5.89382E-02  4.60379E-02  4.12963E-02  3.49050E-02  2.67212E-02
  1.50203E-02  2.15898E-02  1.57046E-02  8.38303E-03  1.25205E-02  1.41154E-02
  2.69626E-03  6.15605E-03  7.82025E-03 -2.67354E-03 -2.43759E-03
