AutoSaveFileName0298.ASC
 IFORMY    0    .00
 (6E13.7)
 IFORMT    0    .00
 (6E13.7)
 IFORMW    0    .00
 (6E13.7)
 NINTT     0   -1.00
 DOUSNQ    0    1.00
 IQUAD          1.00
 PRWT      0    1.00
 PRY       0    1.00
 IPLRES    1    3.00
 IPLRES    2    3.00
 IPRINT    1    0.00
 IPRINT    2    2.00
 IPLFIT    1    0.00
 IPLFIT    2    0.00
 LINEPG    0   50.
 NONNEG    1    1.00
 IWT       0    5.00
 NQPROG    1    5.00
 NQPROG    2    5.00
 GMNMX     1    9.742E-06
 GMNMX     2    9.742E-03
 RUSER    10    -1.00
 NG        0    200.00
 NLINF     0    0.00
 IUSER    10    4.00
 RUSER    21    1.0
 RUSER    22   -1.0
 RUSER    23    0.0
 RUSER    18         292.17527
 RUSER    17         113.99900
 RUSER    19         1.02604
 RUSER    15         1.33200
 RUSER    16         632.80000
 RUSER    25         1
 RUSER    26         0
 END       0    0.00
 NY      131
  3.75000E-07  5.00000E-07  6.25000E-07  7.50000E-07  8.75000E-07  1.00000E-06
  1.12500E-06  1.25000E-06  1.37500E-06  1.50000E-06  1.62500E-06  1.75000E-06
  1.87500E-06  2.00000E-06  2.25000E-06  2.50000E-06  2.75000E-06  3.00000E-06
  3.25000E-06  3.50000E-06  3.75000E-06  4.00000E-06  4.50000E-06  5.00000E-06
  5.50000E-06  6.00000E-06  6.50000E-06  7.00000E-06  7.50000E-06  8.00000E-06
  9.00000E-06  1.00000E-05  1.10000E-05  1.20000E-05  1.30000E-05  1.40000E-05
  1.50000E-05  1.60000E-05  1.80000E-05  2.00000E-05  2.20000E-05  2.40000E-05
  2.60000E-05  2.80000E-05  3.00000E-05  3.20000E-05  3.60000E-05  4.00000E-05
  4.40000E-05  4.80000E-05  5.20000E-05  5.60000E-05  6.00000E-05  6.40000E-05
  7.20000E-05  8.00000E-05  8.80000E-05  9.60000E-05  1.04000E-04  1.12000E-04
  1.20000E-04  1.28000E-04  1.44000E-04  1.60000E-04  1.76000E-04  1.92000E-04
  2.08000E-04  2.24000E-04  2.40000E-04  2.56000E-04  2.88000E-04  3.20000E-04
  3.52000E-04  3.84000E-04  4.16000E-04  4.48000E-04  4.80000E-04  5.12000E-04
  5.76000E-04  6.40000E-04  7.04000E-04  7.68000E-04  8.32000E-04  8.96000E-04
  9.60000E-04  1.02400E-03  1.15200E-03  1.28000E-03  1.40800E-03  1.53600E-03
  1.66400E-03  1.79200E-03  1.92000E-03  2.01600E-03  2.27200E-03  2.52800E-03
  2.78400E-03  3.04000E-03  3.29600E-03  3.55200E-03  3.80800E-03  4.06400E-03
  4.57600E-03  5.08800E-03  5.60000E-03  6.11200E-03  6.62400E-03  7.13600E-03
  7.64800E-03  8.16000E-03  9.18400E-03  1.02080E-02  1.12320E-02  1.22560E-02
  1.32800E-02  1.43040E-02  1.53280E-02  1.63520E-02  1.84000E-02  2.04480E-02
  2.24960E-02  2.45440E-02  2.65920E-02  2.86400E-02  3.06880E-02  3.27360E-02
  3.68320E-02  4.09280E-02  4.50240E-02  4.91200E-02  5.32160E-02
  1.62746E+00  1.62610E+00  1.62266E+00  1.62404E+00  1.61847E+00  1.61916E+00
  1.61397E+00  1.61845E+00  1.61578E+00  1.61520E+00  1.61560E+00  1.61868E+00
  1.61705E+00  1.61932E+00  1.61629E+00  1.61598E+00  1.61157E+00  1.61085E+00
  1.61421E+00  1.61350E+00  1.61226E+00  1.61193E+00  1.61258E+00  1.61172E+00
  1.61138E+00  1.60964E+00  1.60830E+00  1.61066E+00  1.61095E+00  1.60835E+00
  1.60643E+00  1.60632E+00  1.60435E+00  1.60343E+00  1.60191E+00  1.60052E+00
  1.59836E+00  1.59710E+00  1.59486E+00  1.59373E+00  1.59217E+00  1.58843E+00
  1.58674E+00  1.58452E+00  1.58234E+00  1.57917E+00  1.57457E+00  1.56965E+00
  1.56520E+00  1.56115E+00  1.55563E+00  1.55077E+00  1.54593E+00  1.54118E+00
  1.53168E+00  1.52283E+00  1.51376E+00  1.50457E+00  1.49522E+00  1.48534E+00
  1.47725E+00  1.46883E+00  1.45148E+00  1.43404E+00  1.41715E+00  1.40028E+00
  1.38288E+00  1.36696E+00  1.35021E+00  1.33396E+00  1.30177E+00  1.27058E+00
  1.24071E+00  1.21116E+00  1.18214E+00  1.15420E+00  1.12701E+00  1.10018E+00
  1.04835E+00  9.98916E-01  9.51929E-01  9.06646E-01  8.63439E-01  8.22885E-01
  7.84067E-01  7.48318E-01  6.80316E-01  6.18586E-01  5.62307E-01  5.10984E-01
  4.64758E-01  4.22569E-01  3.84101E-01  3.60654E-01  2.97119E-01  2.42651E-01
  1.97259E-01  1.60210E-01  1.28941E-01  1.04599E-01  8.60687E-02  7.27964E-02
  5.35201E-02  4.04445E-02  3.03236E-02  1.93974E-02  5.45150E-03 -2.19686E-03
 -6.37999E-03 -6.52661E-03 -8.05828E-04  5.95170E-03  8.57634E-03  1.31267E-02
  1.64997E-02  1.64335E-02  1.41632E-02  1.33936E-02  1.00934E-02  1.59160E-02
  5.55623E-03 -7.44084E-03 -1.52852E-02 -1.12054E-02 -2.66716E-03  4.55875E-04
 -1.07046E-02 -7.64976E-04  1.47828E-03  5.21608E-03 -7.46846E-05
