AutoSaveFileName0083.ASC
 IFORMY    0    .00
 (6E13.7)
 IFORMT    0    .00
 (6E13.7)
 IFORMW    0    .00
 (6E13.7)
 NINTT     0   -1.00
 DOUSNQ    0    1.00
 IQUAD     0    1.00
 PRWT      0    1.00
 PRY       0    1.00
 IPLRES    1    3.00
 IPLRES    2    3.00
 IPRINT    1    0.00
 IPRINT    2    2.00
 IPLFIT    1    0.00
 IPLFIT    2    0.00
 LINEPG    0   50.
 NONNEG    1    1.00
 IWT       0    5.00
 NQPROG    1    5.00
 NQPROG    2    5.00
 GMNMX     1    1.26145E-02
 GMNMX     2    4.52830E-03
 RUSER    10    -1.00
 NG        0    500.00
 NLINF     0    1.00
 IUSER    10    4.00
 RUSER    21    1.0
 RUSER    22   -1.0
 RUSER    23    0.0
 RUSER    18         291.95163
 RUSER    17         54.99700
 RUSER    19         1.03173
 RUSER    15         1.33200
 RUSER    16         632.80000
 RUSER    25         1
 RUSER    26         0
 END       0    0.00
 NY      162
  7.50000E-07  8.75000E-07  1.00000E-06  1.12500E-06  1.25000E-06  1.37500E-06
  1.50000E-06  1.62500E-06  1.75000E-06  1.87500E-06  2.00000E-06  2.25000E-06
  2.50000E-06  2.75000E-06  3.00000E-06  3.25000E-06  3.50000E-06  3.75000E-06
  4.00000E-06  4.50000E-06  5.00000E-06  5.50000E-06  6.00000E-06  6.50000E-06
  7.00000E-06  7.50000E-06  8.00000E-06  9.00000E-06  1.00000E-05  1.10000E-05
  1.20000E-05  1.30000E-05  1.40000E-05  1.50000E-05  1.60000E-05  1.80000E-05
  2.00000E-05  2.20000E-05  2.40000E-05  2.60000E-05  2.80000E-05  3.00000E-05
  3.20000E-05  3.60000E-05  4.00000E-05  4.40000E-05  4.80000E-05  5.20000E-05
  5.60000E-05  6.00000E-05  6.40000E-05  7.20000E-05  8.00000E-05  8.80000E-05
  9.60000E-05  1.04000E-04  1.12000E-04  1.20000E-04  1.28000E-04  1.44000E-04
  1.60000E-04  1.76000E-04  1.92000E-04  2.08000E-04  2.24000E-04  2.40000E-04
  2.56000E-04  2.88000E-04  3.20000E-04  3.52000E-04  3.84000E-04  4.16000E-04
  4.48000E-04  4.80000E-04  5.12000E-04  5.76000E-04  6.40000E-04  7.04000E-04
  7.68000E-04  8.32000E-04  8.96000E-04  9.60000E-04  1.02400E-03  1.15200E-03
  1.28000E-03  1.40800E-03  1.53600E-03  1.66400E-03  1.79200E-03  1.92000E-03
  2.01600E-03  2.27200E-03  2.52800E-03  2.78400E-03  3.04000E-03  3.29600E-03
  3.55200E-03  3.80800E-03  4.06400E-03  4.57600E-03  5.08800E-03  5.60000E-03
  6.11200E-03  6.62400E-03  7.13600E-03  7.64800E-03  8.16000E-03  9.18400E-03
  1.02080E-02  1.12320E-02  1.22560E-02  1.32800E-02  1.43040E-02  1.53280E-02
  1.63520E-02  1.84000E-02  2.04480E-02  2.24960E-02  2.45440E-02  2.65920E-02
  2.86400E-02  3.06880E-02  3.27360E-02  3.68320E-02  4.09280E-02  4.50240E-02
  4.91200E-02  5.32160E-02  5.73120E-02  6.14080E-02  6.55040E-02  7.36960E-02
  8.18880E-02  9.00800E-02  9.82720E-02  1.06464E-01  1.14656E-01  1.22848E-01
  1.31040E-01  1.47424E-01  1.63808E-01  1.80192E-01  1.96576E-01  2.12960E-01
  2.29344E-01  2.45728E-01  2.62112E-01  2.94880E-01  3.27648E-01  3.60416E-01
  3.93184E-01  4.25952E-01  4.58720E-01  4.91488E-01  5.24256E-01  5.89792E-01
  6.55328E-01  7.20864E-01  7.86400E-01  8.51936E-01  9.17472E-01  9.83008E-01
  9.99536E-01  9.98816E-01  1.00000E+00  9.98102E-01  9.97701E-01  9.97038E-01
  9.99117E-01  9.95619E-01  9.97631E-01  9.95025E-01  9.94618E-01  9.94211E-01
  9.95890E-01  9.93810E-01  9.95182E-01  9.94802E-01  9.91294E-01  9.91713E-01
  9.93223E-01  9.91526E-01  9.91062E-01  9.90179E-01  9.89432E-01  9.89420E-01
  9.88347E-01  9.87901E-01  9.87428E-01  9.84876E-01  9.84370E-01  9.82604E-01
  9.81914E-01  9.80015E-01  9.78798E-01  9.77074E-01  9.75836E-01  9.74088E-01
  9.70990E-01  9.68215E-01  9.64987E-01  9.63713E-01  9.59807E-01  9.57526E-01
  9.54558E-01  9.49480E-01  9.44454E-01  9.39199E-01  9.33609E-01  9.28447E-01
  9.23580E-01  9.18620E-01  9.13253E-01  9.02902E-01  8.93323E-01  8.82604E-01
  8.73727E-01  8.64078E-01  8.54182E-01  8.44699E-01  8.35867E-01  8.17479E-01
  8.00010E-01  7.82493E-01  7.65395E-01  7.48734E-01  7.32088E-01  7.16214E-01
  7.00701E-01  6.70468E-01  6.41406E-01  6.14012E-01  5.87870E-01  5.63118E-01
  5.38939E-01  5.16173E-01  4.94841E-01  4.54205E-01  4.16761E-01  3.82833E-01
  3.51795E-01  3.23213E-01  2.96899E-01  2.72978E-01  2.50691E-01  2.11634E-01
  1.78572E-01  1.51211E-01  1.28112E-01  1.08723E-01  9.27428E-02  7.92004E-02
  7.04603E-02  5.16556E-02  3.85835E-02  2.89842E-02  2.22171E-02  1.72117E-02
  1.31319E-02  1.01926E-02  8.07836E-03  4.01751E-03  3.44241E-04 -4.60654E-04
  1.55553E-03  2.21042E-03  1.14999E-03  4.38412E-04 -8.57807E-04 -3.26287E-04
  3.85009E-03  4.15288E-03  5.17535E-04 -4.92400E-04  1.93454E-03  4.72602E-04
  1.11379E-04 -1.90688E-03  1.58451E-03 -1.81196E-04 -9.47462E-04  1.69430E-03
 -1.43950E-03  2.77080E-03  5.39225E-04 -8.49707E-04 -1.19459E-03  2.41045E-04
 -2.56444E-03  1.02639E-03  1.37352E-03 -4.52307E-03 -1.41930E-03 -1.34995E-03
 -1.15297E-03  6.54692E-04 -1.52527E-03 -1.88881E-03  4.75775E-03  2.42077E-03
  1.11173E-03 -7.35346E-04  1.17655E-03  3.21577E-03  1.20392E-03 -7.66977E-04
  2.35147E-03 -6.01880E-04 -2.89178E-04 -6.43118E-05 -1.25416E-03  2.75814E-03
 -2.11726E-03  9.05524E-04 -2.19696E-05 -2.29999E-04 -1.10842E-03 -2.50060E-04
 -9.60256E-04  9.41947E-04 -1.56118E-03 -2.17065E-04  3.15379E-04 -5.50381E-04
