AutoSaveFileName0212.ASC
 IFORMY    0    .00
 (6E13.7)
 IFORMT    0    .00
 (6E13.7)
 IFORMW    0    .00
 (6E13.7)
 NINTT     0   -1.00
 DOUSNQ    0    1.00
 IQUAD          1.00
 PRWT      0    1.00
 PRY       0    1.00
 IPLRES    1    3.00
 IPLRES    2    3.00
 IPRINT    1    0.00
 IPRINT    2    2.00
 IPLFIT    1    0.00
 IPLFIT    2    0.00
 LINEPG    0   50.
 NONNEG    1    1.00
 IWT       0    5.00
 NQPROG    1    5.00
 NQPROG    2    5.00
 GMNMX     1    9.121E-06
 GMNMX     2    9.121E-03
 RUSER    10    -1.00
 NG        0    200.00
 NLINF     0    0.00
 IUSER    10    4.00
 RUSER    21    1.0
 RUSER    22   -1.0
 RUSER    23    0.0
 RUSER    18         292.23604
 RUSER    17         119.99900
 RUSER    19         1.02450
 RUSER    15         1.33200
 RUSER    16         632.80000
 RUSER    25         1
 RUSER    26         0
 END       0    0.00
 NY      188
  5.00000E-07  6.25000E-07  7.50000E-07  8.75000E-07  1.00000E-06  1.12500E-06
  1.25000E-06  1.37500E-06  1.50000E-06  1.62500E-06  1.75000E-06  1.87500E-06
  2.00000E-06  2.25000E-06  2.50000E-06  2.75000E-06  3.00000E-06  3.25000E-06
  3.50000E-06  3.75000E-06  4.00000E-06  4.50000E-06  5.00000E-06  5.50000E-06
  6.00000E-06  6.50000E-06  7.00000E-06  7.50000E-06  8.00000E-06  9.00000E-06
  1.00000E-05  1.10000E-05  1.20000E-05  1.30000E-05  1.40000E-05  1.50000E-05
  1.60000E-05  1.80000E-05  2.00000E-05  2.20000E-05  2.40000E-05  2.60000E-05
  2.80000E-05  3.00000E-05  3.20000E-05  3.60000E-05  4.00000E-05  4.40000E-05
  4.80000E-05  5.20000E-05  5.60000E-05  6.00000E-05  6.40000E-05  7.20000E-05
  8.00000E-05  8.80000E-05  9.60000E-05  1.04000E-04  1.12000E-04  1.20000E-04
  1.28000E-04  1.44000E-04  1.60000E-04  1.76000E-04  1.92000E-04  2.08000E-04
  2.24000E-04  2.40000E-04  2.56000E-04  2.88000E-04  3.20000E-04  3.52000E-04
  3.84000E-04  4.16000E-04  4.48000E-04  4.80000E-04  5.12000E-04  5.76000E-04
  6.40000E-04  7.04000E-04  7.68000E-04  8.32000E-04  8.96000E-04  9.60000E-04
  1.02400E-03  1.15200E-03  1.28000E-03  1.40800E-03  1.53600E-03  1.66400E-03
  1.79200E-03  1.92000E-03  2.01600E-03  2.27200E-03  2.52800E-03  2.78400E-03
  3.04000E-03  3.29600E-03  3.55200E-03  3.80800E-03  4.06400E-03  4.57600E-03
  5.08800E-03  5.60000E-03  6.11200E-03  6.62400E-03  7.13600E-03  7.64800E-03
  8.16000E-03  9.18400E-03  1.02080E-02  1.12320E-02  1.22560E-02  1.32800E-02
  1.43040E-02  1.53280E-02  1.63520E-02  1.84000E-02  2.04480E-02  2.24960E-02
  2.45440E-02  2.65920E-02  2.86400E-02  3.06880E-02  3.27360E-02  3.68320E-02
  4.09280E-02  4.50240E-02  4.91200E-02  5.32160E-02  5.73120E-02  6.14080E-02
  6.55040E-02  7.36960E-02  8.18880E-02  9.00800E-02  9.82720E-02  1.06464E-01
  1.14656E-01  1.22848E-01  1.31040E-01  1.47424E-01  1.63808E-01  1.80192E-01
  1.96576E-01  2.12960E-01  2.29344E-01  2.45728E-01  2.62112E-01  2.94880E-01
  3.27648E-01  3.60416E-01  3.93184E-01  4.25952E-01  4.58720E-01  4.91488E-01
  5.24256E-01  5.89792E-01  6.55328E-01  7.20864E-01  7.86400E-01  8.51936E-01
  9.17472E-01  9.83008E-01  1.04854E+00  1.17962E+00  1.31069E+00  1.44176E+00
  1.57283E+00  1.70390E+00  1.83498E+00  1.96605E+00  2.09712E+00  2.35926E+00
  2.62141E+00  2.88355E+00  3.14570E+00  3.40784E+00  3.66998E+00  3.93213E+00
  4.19427E+00  4.71856E+00  5.24285E+00  5.76714E+00  6.29142E+00  6.81571E+00
  7.34000E+00  7.86429E+00
  9.94374E-01  9.95571E-01  9.94777E-01  9.93848E-01  9.93327E-01  9.90046E-01
  9.92100E-01  9.91890E-01  9.92722E-01  9.92004E-01  9.92697E-01  9.91088E-01
  9.91264E-01  9.91680E-01  9.91899E-01  9.92264E-01  9.91462E-01  9.91470E-01
  9.91651E-01  9.91210E-01  9.91075E-01  9.90701E-01  9.90810E-01  9.90726E-01
  9.91281E-01  9.89810E-01  9.89781E-01  9.90025E-01  9.90273E-01  9.90020E-01
  9.88903E-01  9.88403E-01  9.87386E-01  9.88394E-01  9.88071E-01  9.87083E-01
  9.86550E-01  9.85726E-01  9.85541E-01  9.84323E-01  9.83499E-01  9.82999E-01
  9.82066E-01  9.81268E-01  9.80478E-01  9.78948E-01  9.77545E-01  9.76352E-01
  9.74435E-01  9.73078E-01  9.71683E-01  9.69855E-01  9.68250E-01  9.65250E-01
  9.62178E-01  9.59178E-01  9.55821E-01  9.52880E-01  9.49947E-01  9.46967E-01
  9.43845E-01  9.37727E-01  9.31874E-01  9.25765E-01  9.19941E-01  9.14054E-01
  9.08045E-01  9.02389E-01  8.96380E-01  8.84884E-01  8.73539E-01  8.62454E-01
  8.51222E-01  8.40356E-01  8.29557E-01  8.18830E-01  8.08182E-01  7.87685E-01
  7.67625E-01  7.47994E-01  7.28925E-01  7.10592E-01  6.92528E-01  6.75048E-01
  6.57610E-01  6.24621E-01  5.93484E-01  5.63764E-01  5.35603E-01  5.08967E-01
  4.83461E-01  4.59048E-01  4.42480E-01  3.99699E-01  3.61483E-01  3.26699E-01
  2.94989E-01  2.66592E-01  2.40744E-01  2.17307E-01  1.96643E-01  1.60409E-01
  1.32026E-01  1.09756E-01  9.21193E-02  7.81130E-02  6.57992E-02  5.51247E-02
  4.63956E-02  3.25260E-02  2.21463E-02  1.58660E-02  1.29112E-02  1.06606E-02
  4.67343E-03  2.27284E-04 -3.09637E-03 -2.66359E-03 -2.05106E-03 -5.44187E-03
 -8.59420E-04 -9.63040E-04 -3.08256E-03 -5.37775E-03 -7.66053E-03 -9.45913E-03
 -1.20995E-02 -1.45810E-02 -8.72459E-03 -5.18686E-03 -9.58372E-03 -3.51268E-03
 -5.07870E-05  3.53364E-03 -1.22588E-03 -6.24491E-03 -3.88022E-03 -4.03164E-03
 -1.31196E-03 -1.47673E-03  4.29555E-03  2.63550E-03  1.80656E-03 -1.25288E-03
 -6.56026E-05  1.83046E-03 -4.19209E-04 -9.40421E-03 -9.41005E-04  2.08431E-03
 -6.32672E-03 -5.41960E-03 -5.13160E-04  3.63037E-03 -9.64321E-04 -4.19431E-03
  1.47741E-03 -3.78809E-03 -1.12200E-03  1.55909E-03  6.51391E-04 -7.09987E-04
 -4.48917E-03 -2.72534E-03 -4.98513E-05  1.49092E-03 -1.80183E-03 -1.08162E-03
  8.89523E-04 -3.53167E-03 -2.62542E-03  2.26710E-03  1.37482E-04 -1.22806E-04
 -2.45227E-05 -3.69713E-04  1.89988E-03  3.83220E-04  3.48658E-04  1.84868E-03
  7.65545E-04 -2.75301E-03 -7.08395E-04  3.09636E-03  1.50609E-04  8.60462E-05
  1.21940E-03 -9.41320E-04
