AutoSaveFileName0287.ASC
 IFORMY    0    .00
 (6E13.7)
 IFORMT    0    .00
 (6E13.7)
 IFORMW    0    .00
 (6E13.7)
 NINTT     0   -1.00
 DOUSNQ    0    1.00
 IQUAD     0    1.00
 PRWT      0    1.00
 PRY       0    1.00
 IPLRES    1    3.00
 IPLRES    2    3.00
 IPRINT    1    0.00
 IPRINT    2    2.00
 IPLFIT    1    0.00
 IPLFIT    2    0.00
 LINEPG    0   50.
 NONNEG    1    1.00
 IWT       0    5.00
 NQPROG    1    5.00
 NQPROG    2    5.00
 GMNMX     1    2.80477E-03
 GMNMX     2    1.00684E-03
 RUSER    10    -1.00
 NG        0    500.00
 NLINF     0    1.00
 IUSER    10    4.00
 RUSER    21    1.0
 RUSER    22   -1.0
 RUSER    23    0.0
 RUSER    18         292.16250
 RUSER    17         154.99900
 RUSER    19         1.02636
 RUSER    15         1.33200
 RUSER    16         632.80000
 RUSER    25         1
 RUSER    26         0
 END       0    0.00
 NY      162
  7.50000E-07  8.75000E-07  1.00000E-06  1.12500E-06  1.25000E-06  1.37500E-06
  1.50000E-06  1.62500E-06  1.75000E-06  1.87500E-06  2.00000E-06  2.25000E-06
  2.50000E-06  2.75000E-06  3.00000E-06  3.25000E-06  3.50000E-06  3.75000E-06
  4.00000E-06  4.50000E-06  5.00000E-06  5.50000E-06  6.00000E-06  6.50000E-06
  7.00000E-06  7.50000E-06  8.00000E-06  9.00000E-06  1.00000E-05  1.10000E-05
  1.20000E-05  1.30000E-05  1.40000E-05  1.50000E-05  1.60000E-05  1.80000E-05
  2.00000E-05  2.20000E-05  2.40000E-05  2.60000E-05  2.80000E-05  3.00000E-05
  3.20000E-05  3.60000E-05  4.00000E-05  4.40000E-05  4.80000E-05  5.20000E-05
  5.60000E-05  6.00000E-05  6.40000E-05  7.20000E-05  8.00000E-05  8.80000E-05
  9.60000E-05  1.04000E-04  1.12000E-04  1.20000E-04  1.28000E-04  1.44000E-04
  1.60000E-04  1.76000E-04  1.92000E-04  2.08000E-04  2.24000E-04  2.40000E-04
  2.56000E-04  2.88000E-04  3.20000E-04  3.52000E-04  3.84000E-04  4.16000E-04
  4.48000E-04  4.80000E-04  5.12000E-04  5.76000E-04  6.40000E-04  7.04000E-04
  7.68000E-04  8.32000E-04  8.96000E-04  9.60000E-04  1.02400E-03  1.15200E-03
  1.28000E-03  1.40800E-03  1.53600E-03  1.66400E-03  1.79200E-03  1.92000E-03
  2.01600E-03  2.27200E-03  2.52800E-03  2.78400E-03  3.04000E-03  3.29600E-03
  3.55200E-03  3.80800E-03  4.06400E-03  4.57600E-03  5.08800E-03  5.60000E-03
  6.11200E-03  6.62400E-03  7.13600E-03  7.64800E-03  8.16000E-03  9.18400E-03
  1.02080E-02  1.12320E-02  1.22560E-02  1.32800E-02  1.43040E-02  1.53280E-02
  1.63520E-02  1.84000E-02  2.04480E-02  2.24960E-02  2.45440E-02  2.65920E-02
  2.86400E-02  3.06880E-02  3.27360E-02  3.68320E-02  4.09280E-02  4.50240E-02
  4.91200E-02  5.32160E-02  5.73120E-02  6.14080E-02  6.55040E-02  7.36960E-02
  8.18880E-02  9.00800E-02  9.82720E-02  1.06464E-01  1.14656E-01  1.22848E-01
  1.31040E-01  1.47424E-01  1.63808E-01  1.80192E-01  1.96576E-01  2.12960E-01
  2.29344E-01  2.45728E-01  2.62112E-01  2.94880E-01  3.27648E-01  3.60416E-01
  3.93184E-01  4.25952E-01  4.58720E-01  4.91488E-01  5.24256E-01  5.89792E-01
  6.55328E-01  7.20864E-01  7.86400E-01  8.51936E-01  9.17472E-01  9.83008E-01
  1.00000E+00  9.98930E-01  9.98376E-01  9.97800E-01  9.96548E-01  9.95985E-01
  9.94542E-01  9.94904E-01  9.94231E-01  9.91571E-01  9.91605E-01  9.89180E-01
  9.87969E-01  9.86580E-01  9.84818E-01  9.83583E-01  9.80448E-01  9.79826E-01
  9.78569E-01  9.75807E-01  9.71982E-01  9.68640E-01  9.66038E-01  9.62874E-01
  9.58794E-01  9.56652E-01  9.53900E-01  9.47236E-01  9.41025E-01  9.34876E-01
  9.29116E-01  9.23132E-01  9.16712E-01  9.10767E-01  9.05346E-01  8.93188E-01
  8.81770E-01  8.70617E-01  8.59078E-01  8.48261E-01  8.37025E-01  8.26349E-01
  8.15860E-01  7.94416E-01  7.74746E-01  7.54703E-01  7.35604E-01  7.16900E-01
  6.98487E-01  6.80717E-01  6.63489E-01  6.30204E-01  5.98468E-01  5.68477E-01
  5.39874E-01  5.12736E-01  4.87287E-01  4.62873E-01  4.40128E-01  3.97021E-01
  3.58567E-01  3.23701E-01  2.92452E-01  2.63945E-01  2.38330E-01  2.15011E-01
  1.94725E-01  1.58892E-01  1.29855E-01  1.06562E-01  8.77960E-02  7.23497E-02
  5.98186E-02  4.94362E-02  4.11953E-02  2.82915E-02  1.91837E-02  1.27273E-02
  7.73813E-03  5.05506E-03  3.34400E-03  2.28686E-03  2.06886E-03  2.51790E-03
  1.58337E-03  5.79492E-04  9.51273E-04  7.20383E-04  6.65135E-04  8.79701E-04
  1.05480E-03  7.09420E-04  1.42446E-05 -1.73195E-03 -1.97068E-03 -2.04917E-03
 -1.25870E-03 -4.83854E-04 -1.14028E-04 -6.97395E-04  4.10996E-04 -3.26442E-04
 -4.08174E-04 -9.22595E-04 -1.02371E-04 -7.78916E-04  5.23608E-04  1.01155E-04
 -8.01832E-04  7.58713E-04  7.82715E-04 -9.27235E-04 -8.24777E-04  5.48918E-04
  4.96471E-04 -2.16195E-04  9.02655E-04 -3.60853E-04 -3.84375E-04 -7.99064E-04
 -4.43711E-04 -1.07522E-03 -3.93485E-04  5.69339E-05 -3.06102E-04 -2.25918E-04
  5.87459E-04  5.30589E-05 -3.22900E-05  5.37211E-04  5.51830E-06 -2.24756E-04
  7.05983E-05 -1.87069E-04 -1.41056E-05  6.86063E-05  9.62093E-05 -2.11436E-05
  1.17656E-05  2.34776E-06  2.76179E-04  3.62152E-05 -1.34029E-04  2.58087E-04
 -1.37359E-04  9.15360E-05  4.21316E-04 -2.40016E-04 -6.79054E-05  1.91471E-04
  2.35012E-04  3.86591E-05  9.86129E-05 -7.71860E-05 -5.90510E-05 -1.84765E-06
 -5.91838E-05 -1.78149E-05  4.11541E-05  1.96576E-04 -2.27239E-04  2.92665E-04
