AutoSaveFileName0048.ASC
 IFORMY    0    .00
 (6E13.7)
 IFORMT    0    .00
 (6E13.7)
 IFORMW    0    .00
 (6E13.7)
 NINTT     0   -1.00
 DOUSNQ    0    1.00
 IQUAD     0    1.00
 PRWT      0    1.00
 PRY       0    1.00
 IPLRES    1    3.00
 IPLRES    2    3.00
 IPRINT    1    0.00
 IPRINT    2    2.00
 IPLFIT    1    0.00
 IPLFIT    2    0.00
 LINEPG    0   50.
 NONNEG    1    1.00
 IWT       0    5.00
 NQPROG    1    5.00
 NQPROG    2    5.00
 GMNMX     1    2.97659E-02
 GMNMX     2    1.06852E-02
 RUSER    10    -1.00
 NG        0    500.00
 NLINF     0    1.00
 IUSER    10    4.00
 RUSER    21    1.0
 RUSER    22   -1.0
 RUSER    23    0.0
 RUSER    18         291.92610
 RUSER    17         34.99800
 RUSER    19         1.03239
 RUSER    15         1.33200
 RUSER    16         632.80000
 RUSER    25         1
 RUSER    26         0
 END       0    0.00
 NY      162
  7.50000E-07  8.75000E-07  1.00000E-06  1.12500E-06  1.25000E-06  1.37500E-06
  1.50000E-06  1.62500E-06  1.75000E-06  1.87500E-06  2.00000E-06  2.25000E-06
  2.50000E-06  2.75000E-06  3.00000E-06  3.25000E-06  3.50000E-06  3.75000E-06
  4.00000E-06  4.50000E-06  5.00000E-06  5.50000E-06  6.00000E-06  6.50000E-06
  7.00000E-06  7.50000E-06  8.00000E-06  9.00000E-06  1.00000E-05  1.10000E-05
  1.20000E-05  1.30000E-05  1.40000E-05  1.50000E-05  1.60000E-05  1.80000E-05
  2.00000E-05  2.20000E-05  2.40000E-05  2.60000E-05  2.80000E-05  3.00000E-05
  3.20000E-05  3.60000E-05  4.00000E-05  4.40000E-05  4.80000E-05  5.20000E-05
  5.60000E-05  6.00000E-05  6.40000E-05  7.20000E-05  8.00000E-05  8.80000E-05
  9.60000E-05  1.04000E-04  1.12000E-04  1.20000E-04  1.28000E-04  1.44000E-04
  1.60000E-04  1.76000E-04  1.92000E-04  2.08000E-04  2.24000E-04  2.40000E-04
  2.56000E-04  2.88000E-04  3.20000E-04  3.52000E-04  3.84000E-04  4.16000E-04
  4.48000E-04  4.80000E-04  5.12000E-04  5.76000E-04  6.40000E-04  7.04000E-04
  7.68000E-04  8.32000E-04  8.96000E-04  9.60000E-04  1.02400E-03  1.15200E-03
  1.28000E-03  1.40800E-03  1.53600E-03  1.66400E-03  1.79200E-03  1.92000E-03
  2.01600E-03  2.27200E-03  2.52800E-03  2.78400E-03  3.04000E-03  3.29600E-03
  3.55200E-03  3.80800E-03  4.06400E-03  4.57600E-03  5.08800E-03  5.60000E-03
  6.11200E-03  6.62400E-03  7.13600E-03  7.64800E-03  8.16000E-03  9.18400E-03
  1.02080E-02  1.12320E-02  1.22560E-02  1.32800E-02  1.43040E-02  1.53280E-02
  1.63520E-02  1.84000E-02  2.04480E-02  2.24960E-02  2.45440E-02  2.65920E-02
  2.86400E-02  3.06880E-02  3.27360E-02  3.68320E-02  4.09280E-02  4.50240E-02
  4.91200E-02  5.32160E-02  5.73120E-02  6.14080E-02  6.55040E-02  7.36960E-02
  8.18880E-02  9.00800E-02  9.82720E-02  1.06464E-01  1.14656E-01  1.22848E-01
  1.31040E-01  1.47424E-01  1.63808E-01  1.80192E-01  1.96576E-01  2.12960E-01
  2.29344E-01  2.45728E-01  2.62112E-01  2.94880E-01  3.27648E-01  3.60416E-01
  3.93184E-01  4.25952E-01  4.58720E-01  4.91488E-01  5.24256E-01  5.89792E-01
  6.55328E-01  7.20864E-01  7.86400E-01  8.51936E-01  9.17472E-01  9.83008E-01
  1.00000E+00  9.98797E-01  9.96207E-01  9.95892E-01  9.97692E-01  9.98127E-01
  9.96566E-01  9.95354E-01  9.96707E-01  9.93355E-01  9.93949E-01  9.96027E-01
  9.96943E-01  9.94369E-01  9.94837E-01  9.93977E-01  9.93846E-01  9.95294E-01
  9.95383E-01  9.94234E-01  9.93465E-01  9.94336E-01  9.92484E-01  9.93759E-01
  9.92009E-01  9.91963E-01  9.92272E-01  9.91330E-01  9.91116E-01  9.91087E-01
  9.89587E-01  9.89241E-01  9.88033E-01  9.88524E-01  9.87805E-01  9.86147E-01
  9.85651E-01  9.84099E-01  9.83901E-01  9.82143E-01  9.81396E-01  9.79281E-01
  9.78760E-01  9.76586E-01  9.73979E-01  9.71991E-01  9.69328E-01  9.67643E-01
  9.65187E-01  9.63062E-01  9.60875E-01  9.56852E-01  9.52583E-01  9.48327E-01
  9.43830E-01  9.39407E-01  9.35320E-01  9.31128E-01  9.26911E-01  9.18685E-01
  9.10753E-01  9.02498E-01  8.94476E-01  8.86799E-01  8.78830E-01  8.71024E-01
  8.63349E-01  8.48408E-01  8.33570E-01  8.19316E-01  8.05040E-01  7.91361E-01
  7.77643E-01  7.64600E-01  7.51709E-01  7.26589E-01  7.02157E-01  6.78645E-01
  6.56057E-01  6.34148E-01  6.12979E-01  5.92740E-01  5.73528E-01  5.36477E-01
  5.01731E-01  4.69452E-01  4.39356E-01  4.11412E-01  3.85332E-01  3.61130E-01
  3.44007E-01  3.02864E-01  2.66970E-01  2.35069E-01  2.07565E-01  1.83341E-01
  1.62086E-01  1.43590E-01  1.27814E-01  1.01098E-01  8.16540E-02  6.73080E-02
  5.58810E-02  4.70055E-02  3.95072E-02  3.40777E-02  2.94812E-02  2.23369E-02
  1.67215E-02  1.38031E-02  9.31605E-03  6.14137E-03  4.37537E-03  1.86539E-03
  6.40215E-04 -1.24102E-05 -7.40210E-05 -2.68320E-03 -3.82986E-03 -1.48164E-03
 -2.08292E-03 -2.90964E-03 -1.57049E-03  5.20488E-03  8.57584E-03  4.68155E-03
 -2.69130E-05 -3.99563E-04 -1.07108E-03  1.20637E-03  1.03581E-04  4.16640E-03
  1.42925E-03  1.26038E-03 -2.44362E-03 -4.83047E-04 -5.14704E-03  5.25789E-04
  2.63894E-03  2.27424E-03  8.44539E-04 -4.27566E-03 -9.40224E-04 -1.14121E-03
  1.47271E-03  3.29547E-05  8.39263E-04 -1.57330E-03 -7.33894E-04 -3.56954E-04
 -1.54474E-03  2.08116E-03  1.08299E-04  1.39889E-03  2.12991E-03 -1.20046E-04
  8.79001E-04  8.80604E-04 -1.01223E-03 -1.19124E-03  1.57351E-04 -2.32399E-03
