AutoSaveFileName0114.ASC
 IFORMY    0    .00
 (6E13.7)
 IFORMT    0    .00
 (6E13.7)
 IFORMW    0    .00
 (6E13.7)
 NINTT     0   -1.00
 DOUSNQ    0    1.00
 IQUAD     0    1.00
 PRWT      0    1.00
 PRY       0    1.00
 IPLRES    1    3.00
 IPLRES    2    3.00
 IPRINT    1    0.00
 IPRINT    2    2.00
 IPLFIT    1    0.00
 IPLFIT    2    0.00
 LINEPG    0   50.
 NONNEG    1    1.00
 IWT       0    5.00
 NQPROG    1    5.00
 NQPROG    2    5.00
 GMNMX     1    8.16929E-03
 GMNMX     2    2.93256E-03
 RUSER    10    -1.00
 NG        0    500.00
 NLINF     0    1.00
 IUSER    10    4.00
 RUSER    21    1.0
 RUSER    22   -1.0
 RUSER    23    0.0
 RUSER    18         291.97491
 RUSER    17         69.99900
 RUSER    19         1.03114
 RUSER    15         1.33200
 RUSER    16         632.80000
 RUSER    25         1
 RUSER    26         0
 END       0    0.00
 NY      162
  7.50000E-07  8.75000E-07  1.00000E-06  1.12500E-06  1.25000E-06  1.37500E-06
  1.50000E-06  1.62500E-06  1.75000E-06  1.87500E-06  2.00000E-06  2.25000E-06
  2.50000E-06  2.75000E-06  3.00000E-06  3.25000E-06  3.50000E-06  3.75000E-06
  4.00000E-06  4.50000E-06  5.00000E-06  5.50000E-06  6.00000E-06  6.50000E-06
  7.00000E-06  7.50000E-06  8.00000E-06  9.00000E-06  1.00000E-05  1.10000E-05
  1.20000E-05  1.30000E-05  1.40000E-05  1.50000E-05  1.60000E-05  1.80000E-05
  2.00000E-05  2.20000E-05  2.40000E-05  2.60000E-05  2.80000E-05  3.00000E-05
  3.20000E-05  3.60000E-05  4.00000E-05  4.40000E-05  4.80000E-05  5.20000E-05
  5.60000E-05  6.00000E-05  6.40000E-05  7.20000E-05  8.00000E-05  8.80000E-05
  9.60000E-05  1.04000E-04  1.12000E-04  1.20000E-04  1.28000E-04  1.44000E-04
  1.60000E-04  1.76000E-04  1.92000E-04  2.08000E-04  2.24000E-04  2.40000E-04
  2.56000E-04  2.88000E-04  3.20000E-04  3.52000E-04  3.84000E-04  4.16000E-04
  4.48000E-04  4.80000E-04  5.12000E-04  5.76000E-04  6.40000E-04  7.04000E-04
  7.68000E-04  8.32000E-04  8.96000E-04  9.60000E-04  1.02400E-03  1.15200E-03
  1.28000E-03  1.40800E-03  1.53600E-03  1.66400E-03  1.79200E-03  1.92000E-03
  2.01600E-03  2.27200E-03  2.52800E-03  2.78400E-03  3.04000E-03  3.29600E-03
  3.55200E-03  3.80800E-03  4.06400E-03  4.57600E-03  5.08800E-03  5.60000E-03
  6.11200E-03  6.62400E-03  7.13600E-03  7.64800E-03  8.16000E-03  9.18400E-03
  1.02080E-02  1.12320E-02  1.22560E-02  1.32800E-02  1.43040E-02  1.53280E-02
  1.63520E-02  1.84000E-02  2.04480E-02  2.24960E-02  2.45440E-02  2.65920E-02
  2.86400E-02  3.06880E-02  3.27360E-02  3.68320E-02  4.09280E-02  4.50240E-02
  4.91200E-02  5.32160E-02  5.73120E-02  6.14080E-02  6.55040E-02  7.36960E-02
  8.18880E-02  9.00800E-02  9.82720E-02  1.06464E-01  1.14656E-01  1.22848E-01
  1.31040E-01  1.47424E-01  1.63808E-01  1.80192E-01  1.96576E-01  2.12960E-01
  2.29344E-01  2.45728E-01  2.62112E-01  2.94880E-01  3.27648E-01  3.60416E-01
  3.93184E-01  4.25952E-01  4.58720E-01  4.91488E-01  5.24256E-01  5.89792E-01
  6.55328E-01  7.20864E-01  7.86400E-01  8.51936E-01  9.17472E-01  9.83008E-01
  1.00000E+00  9.98372E-01  9.99950E-01  9.97814E-01  9.97857E-01  9.95769E-01
  9.94927E-01  9.95396E-01  9.96305E-01  9.93605E-01  9.94051E-01  9.94886E-01
  9.90646E-01  9.94184E-01  9.93010E-01  9.92022E-01  9.91860E-01  9.90691E-01
  9.89334E-01  9.89420E-01  9.88332E-01  9.85137E-01  9.86082E-01  9.84068E-01
  9.82597E-01  9.82666E-01  9.80449E-01  9.79702E-01  9.77559E-01  9.75638E-01
  9.73352E-01  9.70526E-01  9.69772E-01  9.66260E-01  9.65089E-01  9.59251E-01
  9.56178E-01  9.52033E-01  9.47490E-01  9.43922E-01  9.39877E-01  9.34658E-01
  9.31413E-01  9.22914E-01  9.14658E-01  9.07434E-01  8.99226E-01  8.91529E-01
  8.83441E-01  8.76178E-01  8.68885E-01  8.53425E-01  8.38390E-01  8.24027E-01
  8.09745E-01  7.95961E-01  7.81848E-01  7.68639E-01  7.55241E-01  7.29450E-01
  7.04659E-01  6.80307E-01  6.57014E-01  6.34435E-01  6.12958E-01  5.91962E-01
  5.71942E-01  5.33279E-01  4.97618E-01  4.64278E-01  4.33367E-01  4.04755E-01
  3.77826E-01  3.53055E-01  3.30228E-01  2.88379E-01  2.52059E-01  2.20029E-01
  1.91931E-01  1.67542E-01  1.46293E-01  1.27484E-01  1.11239E-01  8.46195E-02
  6.47607E-02  4.98718E-02  3.88380E-02  3.08354E-02  2.44462E-02  1.91342E-02
  1.65569E-02  1.09617E-02  8.11071E-03  6.60697E-03  5.61334E-03  5.73145E-03
  5.43807E-03  6.06908E-03  7.07628E-03  6.51305E-03  3.35680E-03  2.18013E-03
  2.94795E-03  3.30419E-03  2.95500E-03  1.65290E-03  1.53034E-03  1.56096E-03
  5.34672E-04  1.05904E-03  1.17368E-03  1.86485E-03  5.50935E-04 -1.68663E-03
 -1.15923E-03  1.37407E-03  8.67381E-04  3.96363E-04 -7.05176E-04 -1.17316E-03
  1.42299E-03 -5.07810E-04  1.35393E-03  1.10518E-03 -8.03332E-04 -8.18985E-04
 -2.98281E-04 -1.31597E-03 -1.39746E-03 -2.55732E-03 -1.45610E-03 -3.16451E-04
 -1.06422E-03 -7.56255E-04 -1.07618E-03  2.53366E-04  1.61460E-03  8.10531E-05
  2.40393E-04  1.25837E-03  1.82795E-04 -1.40552E-03  1.10827E-03 -1.06622E-03
 -5.98695E-04 -1.37051E-04  1.61561E-04  1.03708E-04  4.95364E-05 -3.26400E-04
 -4.09009E-04 -5.07162E-04  1.50474E-05 -1.39274E-04 -5.89998E-04 -3.06909E-04
  8.15114E-05  5.45697E-05 -4.03217E-04  2.33566E-04  1.44980E-04 -9.86701E-05
