AutoSaveFileName0211.ASC
 IFORMY    0    .00
 (6E13.7)
 IFORMT    0    .00
 (6E13.7)
 IFORMW    0    .00
 (6E13.7)
 NINTT     0   -1.00
 DOUSNQ    0    1.00
 IQUAD          1.00
 PRWT      0    1.00
 PRY       0    1.00
 IPLRES    1    3.00
 IPLRES    2    3.00
 IPRINT    1    0.00
 IPRINT    2    2.00
 IPLFIT    1    0.00
 IPLFIT    2    0.00
 LINEPG    0   50.
 NONNEG    1    1.00
 IWT       0    5.00
 NQPROG    1    5.00
 NQPROG    2    5.00
 GMNMX     1    9.121E-06
 GMNMX     2    9.121E-03
 RUSER    10    -1.00
 NG        0    200.00
 NLINF     0    0.00
 IUSER    10    4.00
 RUSER    21    1.0
 RUSER    22   -1.0
 RUSER    23    0.0
 RUSER    18         292.23611
 RUSER    17         119.99900
 RUSER    19         1.02450
 RUSER    15         1.33200
 RUSER    16         632.80000
 RUSER    25         1
 RUSER    26         0
 END       0    0.00
 NY      188
  5.00000E-07  6.25000E-07  7.50000E-07  8.75000E-07  1.00000E-06  1.12500E-06
  1.25000E-06  1.37500E-06  1.50000E-06  1.62500E-06  1.75000E-06  1.87500E-06
  2.00000E-06  2.25000E-06  2.50000E-06  2.75000E-06  3.00000E-06  3.25000E-06
  3.50000E-06  3.75000E-06  4.00000E-06  4.50000E-06  5.00000E-06  5.50000E-06
  6.00000E-06  6.50000E-06  7.00000E-06  7.50000E-06  8.00000E-06  9.00000E-06
  1.00000E-05  1.10000E-05  1.20000E-05  1.30000E-05  1.40000E-05  1.50000E-05
  1.60000E-05  1.80000E-05  2.00000E-05  2.20000E-05  2.40000E-05  2.60000E-05
  2.80000E-05  3.00000E-05  3.20000E-05  3.60000E-05  4.00000E-05  4.40000E-05
  4.80000E-05  5.20000E-05  5.60000E-05  6.00000E-05  6.40000E-05  7.20000E-05
  8.00000E-05  8.80000E-05  9.60000E-05  1.04000E-04  1.12000E-04  1.20000E-04
  1.28000E-04  1.44000E-04  1.60000E-04  1.76000E-04  1.92000E-04  2.08000E-04
  2.24000E-04  2.40000E-04  2.56000E-04  2.88000E-04  3.20000E-04  3.52000E-04
  3.84000E-04  4.16000E-04  4.48000E-04  4.80000E-04  5.12000E-04  5.76000E-04
  6.40000E-04  7.04000E-04  7.68000E-04  8.32000E-04  8.96000E-04  9.60000E-04
  1.02400E-03  1.15200E-03  1.28000E-03  1.40800E-03  1.53600E-03  1.66400E-03
  1.79200E-03  1.92000E-03  2.01600E-03  2.27200E-03  2.52800E-03  2.78400E-03
  3.04000E-03  3.29600E-03  3.55200E-03  3.80800E-03  4.06400E-03  4.57600E-03
  5.08800E-03  5.60000E-03  6.11200E-03  6.62400E-03  7.13600E-03  7.64800E-03
  8.16000E-03  9.18400E-03  1.02080E-02  1.12320E-02  1.22560E-02  1.32800E-02
  1.43040E-02  1.53280E-02  1.63520E-02  1.84000E-02  2.04480E-02  2.24960E-02
  2.45440E-02  2.65920E-02  2.86400E-02  3.06880E-02  3.27360E-02  3.68320E-02
  4.09280E-02  4.50240E-02  4.91200E-02  5.32160E-02  5.73120E-02  6.14080E-02
  6.55040E-02  7.36960E-02  8.18880E-02  9.00800E-02  9.82720E-02  1.06464E-01
  1.14656E-01  1.22848E-01  1.31040E-01  1.47424E-01  1.63808E-01  1.80192E-01
  1.96576E-01  2.12960E-01  2.29344E-01  2.45728E-01  2.62112E-01  2.94880E-01
  3.27648E-01  3.60416E-01  3.93184E-01  4.25952E-01  4.58720E-01  4.91488E-01
  5.24256E-01  5.89792E-01  6.55328E-01  7.20864E-01  7.86400E-01  8.51936E-01
  9.17472E-01  9.83008E-01  1.04854E+00  1.17962E+00  1.31069E+00  1.44176E+00
  1.57283E+00  1.70390E+00  1.83498E+00  1.96605E+00  2.09712E+00  2.35926E+00
  2.62141E+00  2.88355E+00  3.14570E+00  3.40784E+00  3.66998E+00  3.93213E+00
  4.19427E+00  4.71856E+00  5.24285E+00  5.76714E+00  6.29142E+00  6.81571E+00
  7.34000E+00  7.86429E+00
  9.93090E-01  9.94999E-01  9.93291E-01  9.92690E-01  9.90537E-01  9.89204E-01
  9.90975E-01  9.91426E-01  9.93084E-01  9.90330E-01  9.90906E-01  9.90462E-01
  9.89936E-01  9.90174E-01  9.91538E-01  9.91219E-01  9.90700E-01  9.90174E-01
  9.90712E-01  9.90443E-01  9.90180E-01  9.89705E-01  9.89185E-01  9.89786E-01
  9.90387E-01  9.89010E-01  9.88766E-01  9.89561E-01  9.89241E-01  9.88703E-01
  9.88290E-01  9.87214E-01  9.86782E-01  9.87408E-01  9.86976E-01  9.85480E-01
  9.85424E-01  9.84579E-01  9.84629E-01  9.82920E-01  9.82501E-01  9.81869E-01
  9.80880E-01  9.80304E-01  9.79378E-01  9.77913E-01  9.76837E-01  9.75379E-01
  9.73432E-01  9.72130E-01  9.70572E-01  9.68751E-01  9.67261E-01  9.64245E-01
  9.61253E-01  9.58355E-01  9.54919E-01  9.51846E-01  9.48955E-01  9.45944E-01
  9.42959E-01  9.36951E-01  9.31061E-01  9.25110E-01  9.19370E-01  9.13318E-01
  9.07398E-01  9.01796E-01  8.95907E-01  8.84404E-01  8.73063E-01  8.62010E-01
  8.50701E-01  8.39924E-01  8.29077E-01  8.18331E-01  8.07711E-01  7.87164E-01
  7.67099E-01  7.47584E-01  7.28596E-01  7.10308E-01  6.92371E-01  6.75103E-01
  6.57767E-01  6.25177E-01  5.94265E-01  5.64591E-01  5.36359E-01  5.09650E-01
  4.84139E-01  4.59768E-01  4.44221E-01  4.00987E-01  3.62130E-01  3.26769E-01
  2.94676E-01  2.65921E-01  2.39671E-01  2.15821E-01  1.95243E-01  1.58494E-01
  1.29123E-01  1.05937E-01  8.78220E-02  7.42465E-02  6.28270E-02  5.28581E-02
  4.46576E-02  2.95228E-02  1.99649E-02  1.58708E-02  1.33356E-02  1.18649E-02
  6.54863E-03  1.61794E-03 -1.91722E-03 -1.50004E-03  8.55777E-04 -4.45633E-03
 -1.45774E-03 -3.69539E-03 -4.68389E-03 -7.42052E-03 -1.09265E-02 -1.34213E-02
 -9.92684E-03 -1.71838E-02 -8.09319E-03 -2.20461E-03 -6.45312E-03 -1.05376E-04
  2.78903E-03  2.99196E-03  1.88066E-04 -7.10690E-03 -3.71576E-03 -1.31507E-03
 -2.56881E-03  2.53136E-03  1.07682E-02 -1.12965E-03  7.08505E-04 -7.92690E-03
  2.12331E-03 -1.78288E-04  1.50889E-03 -1.13604E-02 -4.44450E-03  7.20366E-03
 -6.05684E-03 -6.17375E-03  1.12466E-04  4.05861E-03  4.89695E-04 -3.68330E-03
  1.35755E-03 -3.40764E-03 -2.15513E-03  1.46618E-03  3.60972E-03 -2.85528E-03
 -1.88965E-03 -5.93422E-03  2.04339E-04  2.28781E-03 -1.93025E-03 -2.85692E-03
  7.42390E-04 -4.25455E-03 -2.35287E-03  1.24687E-03 -3.00724E-04 -1.32328E-04
  8.17987E-04 -3.77798E-04  2.34325E-03  5.14054E-04  4.26737E-04  2.94269E-03
 -9.02779E-05 -1.51849E-03 -8.38296E-05  1.88550E-03  1.11228E-03  7.26092E-04
 -6.62649E-04 -5.03310E-04
