AutoSaveFileName0056.ASC
 IFORMY    0    .00
 (6E13.7)
 IFORMT    0    .00
 (6E13.7)
 IFORMW    0    .00
 (6E13.7)
 NINTT     0   -1.00
 DOUSNQ    0    1.00
 IQUAD     0    1.00
 PRWT      0    1.00
 PRY       0    1.00
 IPLRES    1    3.00
 IPLRES    2    3.00
 IPRINT    1    0.00
 IPRINT    2    2.00
 IPLFIT    1    0.00
 IPLFIT    2    0.00
 LINEPG    0   50.
 NONNEG    1    1.00
 IWT       0    5.00
 NQPROG    1    5.00
 NQPROG    2    5.00
 GMNMX     1    2.30050E-02
 GMNMX     2    8.25819E-03
 RUSER    10    -1.00
 NG        0    500.00
 NLINF     0    1.00
 IUSER    10    4.00
 RUSER    21    1.0
 RUSER    22   -1.0
 RUSER    23    0.0
 RUSER    18         291.93178
 RUSER    17         39.99800
 RUSER    19         1.03224
 RUSER    15         1.33200
 RUSER    16         632.80000
 RUSER    25         1
 RUSER    26         0
 END       0    0.00
 NY      162
  7.50000E-07  8.75000E-07  1.00000E-06  1.12500E-06  1.25000E-06  1.37500E-06
  1.50000E-06  1.62500E-06  1.75000E-06  1.87500E-06  2.00000E-06  2.25000E-06
  2.50000E-06  2.75000E-06  3.00000E-06  3.25000E-06  3.50000E-06  3.75000E-06
  4.00000E-06  4.50000E-06  5.00000E-06  5.50000E-06  6.00000E-06  6.50000E-06
  7.00000E-06  7.50000E-06  8.00000E-06  9.00000E-06  1.00000E-05  1.10000E-05
  1.20000E-05  1.30000E-05  1.40000E-05  1.50000E-05  1.60000E-05  1.80000E-05
  2.00000E-05  2.20000E-05  2.40000E-05  2.60000E-05  2.80000E-05  3.00000E-05
  3.20000E-05  3.60000E-05  4.00000E-05  4.40000E-05  4.80000E-05  5.20000E-05
  5.60000E-05  6.00000E-05  6.40000E-05  7.20000E-05  8.00000E-05  8.80000E-05
  9.60000E-05  1.04000E-04  1.12000E-04  1.20000E-04  1.28000E-04  1.44000E-04
  1.60000E-04  1.76000E-04  1.92000E-04  2.08000E-04  2.24000E-04  2.40000E-04
  2.56000E-04  2.88000E-04  3.20000E-04  3.52000E-04  3.84000E-04  4.16000E-04
  4.48000E-04  4.80000E-04  5.12000E-04  5.76000E-04  6.40000E-04  7.04000E-04
  7.68000E-04  8.32000E-04  8.96000E-04  9.60000E-04  1.02400E-03  1.15200E-03
  1.28000E-03  1.40800E-03  1.53600E-03  1.66400E-03  1.79200E-03  1.92000E-03
  2.01600E-03  2.27200E-03  2.52800E-03  2.78400E-03  3.04000E-03  3.29600E-03
  3.55200E-03  3.80800E-03  4.06400E-03  4.57600E-03  5.08800E-03  5.60000E-03
  6.11200E-03  6.62400E-03  7.13600E-03  7.64800E-03  8.16000E-03  9.18400E-03
  1.02080E-02  1.12320E-02  1.22560E-02  1.32800E-02  1.43040E-02  1.53280E-02
  1.63520E-02  1.84000E-02  2.04480E-02  2.24960E-02  2.45440E-02  2.65920E-02
  2.86400E-02  3.06880E-02  3.27360E-02  3.68320E-02  4.09280E-02  4.50240E-02
  4.91200E-02  5.32160E-02  5.73120E-02  6.14080E-02  6.55040E-02  7.36960E-02
  8.18880E-02  9.00800E-02  9.82720E-02  1.06464E-01  1.14656E-01  1.22848E-01
  1.31040E-01  1.47424E-01  1.63808E-01  1.80192E-01  1.96576E-01  2.12960E-01
  2.29344E-01  2.45728E-01  2.62112E-01  2.94880E-01  3.27648E-01  3.60416E-01
  3.93184E-01  4.25952E-01  4.58720E-01  4.91488E-01  5.24256E-01  5.89792E-01
  6.55328E-01  7.20864E-01  7.86400E-01  8.51936E-01  9.17472E-01  9.83008E-01
  1.00000E+00  9.96997E-01  9.95709E-01  9.96893E-01  9.94710E-01  9.96490E-01
  9.92837E-01  9.96037E-01  9.95295E-01  9.93794E-01  9.94416E-01  9.94434E-01
  9.94025E-01  9.94460E-01  9.94322E-01  9.93642E-01  9.93339E-01  9.92781E-01
  9.92922E-01  9.93191E-01  9.92592E-01  9.92726E-01  9.92404E-01  9.91533E-01
  9.91981E-01  9.90162E-01  9.90162E-01  9.88999E-01  9.89376E-01  9.88416E-01
  9.87570E-01  9.86936E-01  9.86083E-01  9.85364E-01  9.84441E-01  9.82583E-01
  9.81505E-01  9.80162E-01  9.78254E-01  9.77135E-01  9.75508E-01  9.73419E-01
  9.72402E-01  9.69928E-01  9.66758E-01  9.64000E-01  9.61299E-01  9.58337E-01
  9.55292E-01  9.52518E-01  9.49759E-01  9.44080E-01  9.38538E-01  9.33179E-01
  9.27877E-01  9.22133E-01  9.16517E-01  9.11370E-01  9.06099E-01  8.95213E-01
  8.84977E-01  8.74436E-01  8.64515E-01  8.54413E-01  8.44600E-01  8.34873E-01
  8.25351E-01  8.06417E-01  7.88073E-01  7.70022E-01  7.52618E-01  7.35494E-01
  7.18978E-01  7.02881E-01  6.87073E-01  6.56735E-01  6.27882E-01  6.00370E-01
  5.74067E-01  5.49007E-01  5.25187E-01  5.02249E-01  4.80426E-01  4.39601E-01
  4.02488E-01  3.68793E-01  3.38167E-01  3.10532E-01  2.85304E-01  2.62254E-01
  2.47052E-01  2.09632E-01  1.78094E-01  1.51440E-01  1.29044E-01  1.09992E-01
  9.39838E-02  8.08475E-02  7.00990E-02  5.22632E-02  4.00454E-02  3.13766E-02
  2.42314E-02  1.95927E-02  1.67613E-02  1.46098E-02  1.18216E-02  5.35842E-03
  2.59891E-03  2.42591E-03  5.79352E-03  8.91549E-03  8.89535E-03  6.13380E-03
  4.79738E-03  2.78490E-03  1.29159E-03 -5.53303E-05 -1.53863E-03  3.25841E-04
  1.71892E-03  8.60568E-04  2.17102E-03 -1.14573E-03  3.87920E-03  1.98387E-03
  3.04562E-03  3.28707E-03  4.85097E-03  1.93580E-03 -2.87021E-03 -5.71777E-04
  5.63297E-04  7.47194E-05  5.97824E-03 -5.76605E-04 -6.66756E-04 -3.53295E-03
 -5.07298E-03  3.24342E-04 -9.24203E-04  2.42230E-03 -1.00547E-03  3.07140E-03
 -1.03743E-03 -2.49507E-03 -3.46719E-04  3.47038E-03  1.71257E-03  6.24807E-05
  1.55441E-03 -1.71683E-03 -3.32488E-04  1.99116E-03  2.25058E-03  2.67965E-05
  5.35937E-05  3.82431E-04  9.27220E-04  1.52948E-03  2.45988E-03 -2.15863E-04
