AutoSaveFileName0077.ASC
 IFORMY    0    .00
 (6E13.7)
 IFORMT    0    .00
 (6E13.7)
 IFORMW    0    .00
 (6E13.7)
 NINTT     0   -1.00
 DOUSNQ    0    1.00
 IQUAD          1.00
 PRWT      0    1.00
 PRY       0    1.00
 IPLRES    1    3.00
 IPLRES    2    3.00
 IPRINT    1    0.00
 IPRINT    2    2.00
 IPLFIT    1    0.00
 IPLFIT    2    0.00
 LINEPG    0   50.
 NONNEG    1    1.00
 IWT       0    5.00
 NQPROG    1    5.00
 NQPROG    2    5.00
 GMNMX     1    3.836E-05
 GMNMX     2    3.836E-02
 RUSER    10    -1.00
 NG        0    200.00
 NLINF     0    0.00
 IUSER    10    4.00
 RUSER    21    1.0
 RUSER    22   -1.0
 RUSER    23    0.0
 RUSER    18         292.18512
 RUSER    17         49.99800
 RUSER    19         1.02579
 RUSER    15         1.33200
 RUSER    16         632.80000
 RUSER    25         1
 RUSER    26         0
 END       0    0.00
 NY      188
  5.00000E-07  6.25000E-07  7.50000E-07  8.75000E-07  1.00000E-06  1.12500E-06
  1.25000E-06  1.37500E-06  1.50000E-06  1.62500E-06  1.75000E-06  1.87500E-06
  2.00000E-06  2.25000E-06  2.50000E-06  2.75000E-06  3.00000E-06  3.25000E-06
  3.50000E-06  3.75000E-06  4.00000E-06  4.50000E-06  5.00000E-06  5.50000E-06
  6.00000E-06  6.50000E-06  7.00000E-06  7.50000E-06  8.00000E-06  9.00000E-06
  1.00000E-05  1.10000E-05  1.20000E-05  1.30000E-05  1.40000E-05  1.50000E-05
  1.60000E-05  1.80000E-05  2.00000E-05  2.20000E-05  2.40000E-05  2.60000E-05
  2.80000E-05  3.00000E-05  3.20000E-05  3.60000E-05  4.00000E-05  4.40000E-05
  4.80000E-05  5.20000E-05  5.60000E-05  6.00000E-05  6.40000E-05  7.20000E-05
  8.00000E-05  8.80000E-05  9.60000E-05  1.04000E-04  1.12000E-04  1.20000E-04
  1.28000E-04  1.44000E-04  1.60000E-04  1.76000E-04  1.92000E-04  2.08000E-04
  2.24000E-04  2.40000E-04  2.56000E-04  2.88000E-04  3.20000E-04  3.52000E-04
  3.84000E-04  4.16000E-04  4.48000E-04  4.80000E-04  5.12000E-04  5.76000E-04
  6.40000E-04  7.04000E-04  7.68000E-04  8.32000E-04  8.96000E-04  9.60000E-04
  1.02400E-03  1.15200E-03  1.28000E-03  1.40800E-03  1.53600E-03  1.66400E-03
  1.79200E-03  1.92000E-03  2.01600E-03  2.27200E-03  2.52800E-03  2.78400E-03
  3.04000E-03  3.29600E-03  3.55200E-03  3.80800E-03  4.06400E-03  4.57600E-03
  5.08800E-03  5.60000E-03  6.11200E-03  6.62400E-03  7.13600E-03  7.64800E-03
  8.16000E-03  9.18400E-03  1.02080E-02  1.12320E-02  1.22560E-02  1.32800E-02
  1.43040E-02  1.53280E-02  1.63520E-02  1.84000E-02  2.04480E-02  2.24960E-02
  2.45440E-02  2.65920E-02  2.86400E-02  3.06880E-02  3.27360E-02  3.68320E-02
  4.09280E-02  4.50240E-02  4.91200E-02  5.32160E-02  5.73120E-02  6.14080E-02
  6.55040E-02  7.36960E-02  8.18880E-02  9.00800E-02  9.82720E-02  1.06464E-01
  1.14656E-01  1.22848E-01  1.31040E-01  1.47424E-01  1.63808E-01  1.80192E-01
  1.96576E-01  2.12960E-01  2.29344E-01  2.45728E-01  2.62112E-01  2.94880E-01
  3.27648E-01  3.60416E-01  3.93184E-01  4.25952E-01  4.58720E-01  4.91488E-01
  5.24256E-01  5.89792E-01  6.55328E-01  7.20864E-01  7.86400E-01  8.51936E-01
  9.17472E-01  9.83008E-01  1.04854E+00  1.17962E+00  1.31069E+00  1.44176E+00
  1.57283E+00  1.70390E+00  1.83498E+00  1.96605E+00  2.09712E+00  2.35926E+00
  2.62141E+00  2.88355E+00  3.14570E+00  3.40784E+00  3.66998E+00  3.93213E+00
  4.19427E+00  4.71856E+00  5.24285E+00  5.76714E+00  6.29142E+00  6.81571E+00
  7.34000E+00  7.86429E+00
  9.97198E-01  9.96234E-01  9.96000E-01  9.94994E-01  9.94478E-01  9.94148E-01
  9.94278E-01  9.94303E-01  9.94973E-01  9.93825E-01  9.94230E-01  9.93698E-01
  9.93797E-01  9.93267E-01  9.94249E-01  9.93870E-01  9.93676E-01  9.94468E-01
  9.94042E-01  9.94000E-01  9.93490E-01  9.93837E-01  9.93702E-01  9.93530E-01
  9.93547E-01  9.93415E-01  9.93280E-01  9.93606E-01  9.93509E-01  9.93052E-01
  9.93493E-01  9.93478E-01  9.93104E-01  9.92946E-01  9.93085E-01  9.93174E-01
  9.92764E-01  9.92595E-01  9.92437E-01  9.92406E-01  9.92175E-01  9.91949E-01
  9.91928E-01  9.91642E-01  9.91541E-01  9.91065E-01  9.90996E-01  9.90492E-01
  9.89995E-01  9.89832E-01  9.89436E-01  9.88996E-01  9.88671E-01  9.88067E-01
  9.87332E-01  9.86551E-01  9.85904E-01  9.85239E-01  9.84414E-01  9.83799E-01
  9.83056E-01  9.81578E-01  9.80160E-01  9.78797E-01  9.77324E-01  9.75868E-01
  9.74503E-01  9.73018E-01  9.71590E-01  9.68733E-01  9.65931E-01  9.63154E-01
  9.60345E-01  9.57588E-01  9.54861E-01  9.52030E-01  9.49169E-01  9.43682E-01
  9.38256E-01  9.32842E-01  9.27429E-01  9.22039E-01  9.16648E-01  9.11296E-01
  9.06221E-01  8.95788E-01  8.85455E-01  8.75256E-01  8.65219E-01  8.55292E-01
  8.45449E-01  8.35776E-01  8.28783E-01  8.09832E-01  7.91349E-01  7.73351E-01
  7.55786E-01  7.38578E-01  7.21936E-01  7.05669E-01  6.89882E-01  6.59271E-01
  6.30172E-01  6.02416E-01  5.75957E-01  5.50861E-01  5.27007E-01  5.04354E-01
  4.82838E-01  4.42128E-01  4.04676E-01  3.70376E-01  3.39357E-01  3.11398E-01
  2.86005E-01  2.62772E-01  2.41561E-01  2.03669E-01  1.71655E-01  1.43886E-01
  1.20626E-01  1.02671E-01  8.89678E-02  7.74982E-02  6.76532E-02  5.18494E-02
  3.71548E-02  2.39576E-02  1.58764E-02  1.03748E-02  5.42463E-03  1.13533E-03
  1.14008E-03  8.13551E-03  1.30076E-02  7.84559E-03  1.50652E-03 -2.53456E-03
 -5.16615E-03 -9.40686E-03 -1.52165E-02 -3.90597E-03  4.27659E-03  3.61157E-03
  5.73911E-03 -4.77147E-03 -1.05672E-02 -9.38044E-03 -8.53333E-03 -2.95081E-03
  1.19108E-04 -4.53127E-03 -6.73356E-03 -7.09553E-03 -1.15575E-02 -7.02084E-03
 -4.14436E-03  2.48441E-03  4.71989E-03 -8.26222E-03 -4.15928E-04 -5.35088E-03
 -1.37227E-02 -1.09532E-02 -4.20862E-03  2.37205E-03  1.04957E-02 -1.23035E-03
  4.91318E-03  3.19430E-03 -6.80134E-03  1.74823E-04  6.11351E-03 -4.68631E-04
 -2.67071E-03 -3.33993E-03 -4.02774E-03  2.77934E-04 -5.12693E-03 -9.11789E-03
 -3.48823E-03  2.87610E-03 -1.71486E-03 -1.39992E-03 -6.47395E-03  2.74225E-03
 -4.81813E-03  2.39006E-03
