AutoSaveFileName0001.ASC
 IFORMY    0    .00
 (6E13.7)
 IFORMT    0    .00
 (6E13.7)
 IFORMW    0    .00
 (6E13.7)
 NINTT     0   -1.00
 DOUSNQ    0    1.00
 IQUAD          1.00
 PRWT      0    1.00
 PRY       0    1.00
 IPLRES    1    3.00
 IPLRES    2    3.00
 IPRINT    1    0.00
 IPRINT    2    2.00
 IPLFIT    1    0.00
 IPLFIT    2    0.00
 LINEPG    0   50.
 NONNEG    1    1.00
 IWT       0    5.00
 NQPROG    1    5.00
 NQPROG    2    5.00
 GMNMX     1    4.023E-04
 GMNMX     2    4.023E-01
 RUSER    10    -1.00
 NG        0    200.00
 NLINF     0    0.00
 IUSER    10    4.00
 RUSER    21    1.0
 RUSER    22   -1.0
 RUSER    23    0.0
 RUSER    18         292.15230
 RUSER    17         15.00300
 RUSER    19         1.02662
 RUSER    15         1.33200
 RUSER    16         632.80000
 RUSER    25         1
 RUSER    26         0
 END       0    0.00
 NY      188
  5.00000E-07  6.25000E-07  7.50000E-07  8.75000E-07  1.00000E-06  1.12500E-06
  1.25000E-06  1.37500E-06  1.50000E-06  1.62500E-06  1.75000E-06  1.87500E-06
  2.00000E-06  2.25000E-06  2.50000E-06  2.75000E-06  3.00000E-06  3.25000E-06
  3.50000E-06  3.75000E-06  4.00000E-06  4.50000E-06  5.00000E-06  5.50000E-06
  6.00000E-06  6.50000E-06  7.00000E-06  7.50000E-06  8.00000E-06  9.00000E-06
  1.00000E-05  1.10000E-05  1.20000E-05  1.30000E-05  1.40000E-05  1.50000E-05
  1.60000E-05  1.80000E-05  2.00000E-05  2.20000E-05  2.40000E-05  2.60000E-05
  2.80000E-05  3.00000E-05  3.20000E-05  3.60000E-05  4.00000E-05  4.40000E-05
  4.80000E-05  5.20000E-05  5.60000E-05  6.00000E-05  6.40000E-05  7.20000E-05
  8.00000E-05  8.80000E-05  9.60000E-05  1.04000E-04  1.12000E-04  1.20000E-04
  1.28000E-04  1.44000E-04  1.60000E-04  1.76000E-04  1.92000E-04  2.08000E-04
  2.24000E-04  2.40000E-04  2.56000E-04  2.88000E-04  3.20000E-04  3.52000E-04
  3.84000E-04  4.16000E-04  4.48000E-04  4.80000E-04  5.12000E-04  5.76000E-04
  6.40000E-04  7.04000E-04  7.68000E-04  8.32000E-04  8.96000E-04  9.60000E-04
  1.02400E-03  1.15200E-03  1.28000E-03  1.40800E-03  1.53600E-03  1.66400E-03
  1.79200E-03  1.92000E-03  2.01600E-03  2.27200E-03  2.52800E-03  2.78400E-03
  3.04000E-03  3.29600E-03  3.55200E-03  3.80800E-03  4.06400E-03  4.57600E-03
  5.08800E-03  5.60000E-03  6.11200E-03  6.62400E-03  7.13600E-03  7.64800E-03
  8.16000E-03  9.18400E-03  1.02080E-02  1.12320E-02  1.22560E-02  1.32800E-02
  1.43040E-02  1.53280E-02  1.63520E-02  1.84000E-02  2.04480E-02  2.24960E-02
  2.45440E-02  2.65920E-02  2.86400E-02  3.06880E-02  3.27360E-02  3.68320E-02
  4.09280E-02  4.50240E-02  4.91200E-02  5.32160E-02  5.73120E-02  6.14080E-02
  6.55040E-02  7.36960E-02  8.18880E-02  9.00800E-02  9.82720E-02  1.06464E-01
  1.14656E-01  1.22848E-01  1.31040E-01  1.47424E-01  1.63808E-01  1.80192E-01
  1.96576E-01  2.12960E-01  2.29344E-01  2.45728E-01  2.62112E-01  2.94880E-01
  3.27648E-01  3.60416E-01  3.93184E-01  4.25952E-01  4.58720E-01  4.91488E-01
  5.24256E-01  5.89792E-01  6.55328E-01  7.20864E-01  7.86400E-01  8.51936E-01
  9.17472E-01  9.83008E-01  1.04854E+00  1.17962E+00  1.31069E+00  1.44176E+00
  1.57283E+00  1.70390E+00  1.83498E+00  1.96605E+00  2.09712E+00  2.35926E+00
  2.62141E+00  2.88355E+00  3.14570E+00  3.40784E+00  3.66998E+00  3.93213E+00
  4.19427E+00  4.71856E+00  5.24285E+00  5.76714E+00  6.29142E+00  6.81571E+00
  7.34000E+00  7.86429E+00
  9.98668E-01  9.98150E-01  9.97982E-01  9.98317E-01  9.97597E-01  9.96923E-01
  9.96784E-01  9.96002E-01  9.95987E-01  9.95254E-01  9.95223E-01  9.94923E-01
  9.94516E-01  9.93761E-01  9.93580E-01  9.92311E-01  9.91984E-01  9.91362E-01
  9.90655E-01  9.89895E-01  9.89422E-01  9.88152E-01  9.86901E-01  9.85246E-01
  9.84033E-01  9.82875E-01  9.81364E-01  9.80164E-01  9.78855E-01  9.76072E-01
  9.73539E-01  9.70830E-01  9.68282E-01  9.65539E-01  9.63005E-01  9.60370E-01
  9.57815E-01  9.54356E-01  9.53012E-01  9.51722E-01  9.50555E-01  9.49232E-01
  9.48052E-01  9.46785E-01  9.45564E-01  9.43338E-01  9.41482E-01  9.39676E-01
  9.37879E-01  9.36097E-01  9.34504E-01  9.32981E-01  9.31474E-01  9.28484E-01
  9.25773E-01  9.23020E-01  9.20526E-01  9.18044E-01  9.15750E-01  9.13570E-01
  9.11305E-01  9.07119E-01  9.03174E-01  8.99401E-01  8.95789E-01  8.92362E-01
  8.89052E-01  8.85797E-01  8.82624E-01  8.76680E-01  8.71141E-01  8.65854E-01
  8.60772E-01  8.55838E-01  8.51094E-01  8.48663E-01  8.61575E-01  8.59339E-01
  8.55869E-01  8.51962E-01  8.47467E-01  8.42479E-01  8.37642E-01  8.33055E-01
  8.36679E-01  8.30940E-01  8.24335E-01  8.17507E-01  8.17261E-01  8.11665E-01
  8.07342E-01  8.02153E-01  8.00930E-01  7.91471E-01  7.84956E-01  7.76364E-01
  7.70277E-01  7.61791E-01  7.56814E-01  7.50311E-01  7.43658E-01  7.31491E-01
  7.20281E-01  7.08711E-01  6.98071E-01  6.87529E-01  6.77809E-01  6.68660E-01
  6.61061E-01  6.43442E-01  6.24931E-01  6.08462E-01  5.93381E-01  5.77927E-01
  5.62474E-01  5.48981E-01  5.36489E-01  5.10864E-01  4.86241E-01  4.63864E-01
  4.43825E-01  4.25369E-01  4.09058E-01  3.93316E-01  3.80721E-01  3.55256E-01
  3.31187E-01  3.09252E-01  2.85639E-01  2.65347E-01  2.47505E-01  2.33465E-01
  2.19218E-01  1.88707E-01  1.63420E-01  1.45730E-01  1.30039E-01  1.11616E-01
  9.91425E-02  8.71859E-02  7.76254E-02  6.84319E-02  5.93487E-02  4.78109E-02
  3.45487E-02  1.51388E-02  7.85470E-03  1.13129E-02  1.55828E-02  2.34812E-02
  2.48495E-02  3.82386E-02  3.04444E-02  1.07416E-02  1.37730E-03 -1.15102E-02
 -1.06874E-02  2.97906E-03  1.06538E-02 -1.67236E-03 -1.46057E-02 -4.43323E-02
 -5.71668E-02 -4.49791E-02 -4.30659E-02 -3.54049E-02 -2.60180E-02 -3.21867E-02
 -3.07346E-02 -9.72835E-03  4.16205E-03  2.00661E-02  7.26419E-03  3.90022E-03
  3.92055E-02  1.33455E-02 -8.11401E-03 -2.22127E-02  1.63789E-02 -2.05898E-02
  1.25568E-02 -1.41437E-02 -2.77694E-02  1.76951E-02  2.50148E-02 -2.45079E-02
 -1.47864E-02 -1.18290E-02
