AutoSaveFileName0149.ASC
 IFORMY    0    .00
 (6E13.7)
 IFORMT    0    .00
 (6E13.7)
 IFORMW    0    .00
 (6E13.7)
 NINTT     0   -1.00
 DOUSNQ    0    1.00
 IQUAD     0    1.00
 PRWT      0    1.00
 PRY       0    1.00
 IPLRES    1    3.00
 IPLRES    2    3.00
 IPRINT    1    0.00
 IPRINT    2    2.00
 IPLFIT    1    0.00
 IPLFIT    2    0.00
 LINEPG    0   50.
 NONNEG    1    1.00
 IWT       0    5.00
 NQPROG    1    5.00
 NQPROG    2    5.00
 GMNMX     1    5.88320E-03
 GMNMX     2    2.11192E-03
 RUSER    10    -1.00
 NG        0    500.00
 NLINF     0    1.00
 IUSER    10    4.00
 RUSER    21    1.0
 RUSER    22   -1.0
 RUSER    23    0.0
 RUSER    18         292.00617
 RUSER    17         84.99900
 RUSER    19         1.03034
 RUSER    15         1.33200
 RUSER    16         632.80000
 RUSER    25         1
 RUSER    26         0
 END       0    0.00
 NY      162
  7.50000E-07  8.75000E-07  1.00000E-06  1.12500E-06  1.25000E-06  1.37500E-06
  1.50000E-06  1.62500E-06  1.75000E-06  1.87500E-06  2.00000E-06  2.25000E-06
  2.50000E-06  2.75000E-06  3.00000E-06  3.25000E-06  3.50000E-06  3.75000E-06
  4.00000E-06  4.50000E-06  5.00000E-06  5.50000E-06  6.00000E-06  6.50000E-06
  7.00000E-06  7.50000E-06  8.00000E-06  9.00000E-06  1.00000E-05  1.10000E-05
  1.20000E-05  1.30000E-05  1.40000E-05  1.50000E-05  1.60000E-05  1.80000E-05
  2.00000E-05  2.20000E-05  2.40000E-05  2.60000E-05  2.80000E-05  3.00000E-05
  3.20000E-05  3.60000E-05  4.00000E-05  4.40000E-05  4.80000E-05  5.20000E-05
  5.60000E-05  6.00000E-05  6.40000E-05  7.20000E-05  8.00000E-05  8.80000E-05
  9.60000E-05  1.04000E-04  1.12000E-04  1.20000E-04  1.28000E-04  1.44000E-04
  1.60000E-04  1.76000E-04  1.92000E-04  2.08000E-04  2.24000E-04  2.40000E-04
  2.56000E-04  2.88000E-04  3.20000E-04  3.52000E-04  3.84000E-04  4.16000E-04
  4.48000E-04  4.80000E-04  5.12000E-04  5.76000E-04  6.40000E-04  7.04000E-04
  7.68000E-04  8.32000E-04  8.96000E-04  9.60000E-04  1.02400E-03  1.15200E-03
  1.28000E-03  1.40800E-03  1.53600E-03  1.66400E-03  1.79200E-03  1.92000E-03
  2.01600E-03  2.27200E-03  2.52800E-03  2.78400E-03  3.04000E-03  3.29600E-03
  3.55200E-03  3.80800E-03  4.06400E-03  4.57600E-03  5.08800E-03  5.60000E-03
  6.11200E-03  6.62400E-03  7.13600E-03  7.64800E-03  8.16000E-03  9.18400E-03
  1.02080E-02  1.12320E-02  1.22560E-02  1.32800E-02  1.43040E-02  1.53280E-02
  1.63520E-02  1.84000E-02  2.04480E-02  2.24960E-02  2.45440E-02  2.65920E-02
  2.86400E-02  3.06880E-02  3.27360E-02  3.68320E-02  4.09280E-02  4.50240E-02
  4.91200E-02  5.32160E-02  5.73120E-02  6.14080E-02  6.55040E-02  7.36960E-02
  8.18880E-02  9.00800E-02  9.82720E-02  1.06464E-01  1.14656E-01  1.22848E-01
  1.31040E-01  1.47424E-01  1.63808E-01  1.80192E-01  1.96576E-01  2.12960E-01
  2.29344E-01  2.45728E-01  2.62112E-01  2.94880E-01  3.27648E-01  3.60416E-01
  3.93184E-01  4.25952E-01  4.58720E-01  4.91488E-01  5.24256E-01  5.89792E-01
  6.55328E-01  7.20864E-01  7.86400E-01  8.51936E-01  9.17472E-01  9.83008E-01
  1.00000E+00  9.99263E-01  9.98918E-01  9.97589E-01  9.97587E-01  9.99948E-01
  9.95965E-01  9.99206E-01  9.95792E-01  9.93853E-01  9.95279E-01  9.92671E-01
  9.94761E-01  9.94116E-01  9.91723E-01  9.91224E-01  9.89952E-01  9.90595E-01
  9.88893E-01  9.87748E-01  9.84923E-01  9.84434E-01  9.82601E-01  9.80599E-01
  9.78558E-01  9.77455E-01  9.76219E-01  9.73051E-01  9.71098E-01  9.67272E-01
  9.65268E-01  9.61142E-01  9.58192E-01  9.56611E-01  9.53163E-01  9.47571E-01
  9.41334E-01  9.36254E-01  9.30122E-01  9.23874E-01  9.18308E-01  9.13413E-01
  9.08188E-01  8.97048E-01  8.86279E-01  8.75296E-01  8.64707E-01  8.54276E-01
  8.44051E-01  8.34068E-01  8.23807E-01  8.03667E-01  7.84808E-01  7.66171E-01
  7.47538E-01  7.29463E-01  7.12335E-01  6.95160E-01  6.78802E-01  6.46675E-01
  6.16004E-01  5.87060E-01  5.59386E-01  5.33105E-01  5.07774E-01  4.84089E-01
  4.61438E-01  4.18811E-01  3.80313E-01  3.45396E-01  3.13392E-01  2.84529E-01
  2.58368E-01  2.34411E-01  2.13478E-01  1.76238E-01  1.45777E-01  1.20332E-01
  9.95212E-02  8.23418E-02  6.81502E-02  5.65085E-02  4.71818E-02  3.24477E-02
  2.23839E-02  1.58500E-02  1.15240E-02  8.25332E-03  5.65192E-03  3.76932E-03
  2.83049E-03  1.04148E-03 -7.72789E-04 -6.32400E-04 -1.10098E-03 -1.44165E-03
 -6.50973E-04 -3.39747E-04 -3.02789E-04 -5.00172E-04 -8.11623E-04 -9.23030E-04
 -6.90770E-04 -1.35810E-03 -1.06422E-03  5.13823E-04  1.20895E-03  4.84337E-05
 -6.48668E-04  3.42401E-04 -2.31457E-03 -2.73246E-03 -7.60003E-04 -1.11339E-03
 -7.82681E-04 -6.20422E-05 -4.61994E-04  1.47904E-04  8.42064E-05  5.78013E-04
  1.07138E-04 -1.25014E-03 -4.56618E-04  2.24772E-04  1.27859E-04 -3.09766E-04
 -6.80720E-04 -1.13497E-03 -2.11011E-03 -1.95803E-04  4.52680E-04  3.54747E-04
  1.32857E-04 -1.16227E-03  4.93951E-04 -1.23924E-03 -9.42626E-04  3.82018E-04
 -3.86352E-05 -2.77316E-04  2.00718E-04 -2.85513E-04 -9.55698E-05  3.00369E-04
  7.54470E-05 -9.98985E-06 -1.43011E-04 -2.81023E-04 -1.73779E-04 -4.42610E-05
 -3.96500E-04  1.50442E-04  2.15266E-04  1.97046E-04 -1.92485E-05 -2.55182E-04
  8.18334E-06  3.34852E-05 -2.41654E-04 -1.09379E-04  2.16906E-04 -1.56362E-05
