AutoSaveFileName0088.ASC
 IFORMY    0    .00
 (6E13.7)
 IFORMT    0    .00
 (6E13.7)
 IFORMW    0    .00
 (6E13.7)
 NINTT     0   -1.00
 DOUSNQ    0    1.00
 IQUAD          1.00
 PRWT      0    1.00
 PRY       0    1.00
 IPLRES    1    3.00
 IPLRES    2    3.00
 IPRINT    1    0.00
 IPRINT    2    2.00
 IPLFIT    1    0.00
 IPLFIT    2    0.00
 LINEPG    0   50.
 NONNEG    1    1.00
 IWT       0    5.00
 NQPROG    1    5.00
 NQPROG    2    5.00
 GMNMX     1    3.213E-05
 GMNMX     2    3.213E-02
 RUSER    10    -1.00
 NG        0    200.00
 NLINF     0    0.00
 IUSER    10    4.00
 RUSER    21    1.0
 RUSER    22   -1.0
 RUSER    23    0.0
 RUSER    18         292.19158
 RUSER    17         54.99800
 RUSER    19         1.02562
 RUSER    15         1.33200
 RUSER    16         632.80000
 RUSER    25         1
 RUSER    26         0
 END       0    0.00
 NY      188
  5.00000E-07  6.25000E-07  7.50000E-07  8.75000E-07  1.00000E-06  1.12500E-06
  1.25000E-06  1.37500E-06  1.50000E-06  1.62500E-06  1.75000E-06  1.87500E-06
  2.00000E-06  2.25000E-06  2.50000E-06  2.75000E-06  3.00000E-06  3.25000E-06
  3.50000E-06  3.75000E-06  4.00000E-06  4.50000E-06  5.00000E-06  5.50000E-06
  6.00000E-06  6.50000E-06  7.00000E-06  7.50000E-06  8.00000E-06  9.00000E-06
  1.00000E-05  1.10000E-05  1.20000E-05  1.30000E-05  1.40000E-05  1.50000E-05
  1.60000E-05  1.80000E-05  2.00000E-05  2.20000E-05  2.40000E-05  2.60000E-05
  2.80000E-05  3.00000E-05  3.20000E-05  3.60000E-05  4.00000E-05  4.40000E-05
  4.80000E-05  5.20000E-05  5.60000E-05  6.00000E-05  6.40000E-05  7.20000E-05
  8.00000E-05  8.80000E-05  9.60000E-05  1.04000E-04  1.12000E-04  1.20000E-04
  1.28000E-04  1.44000E-04  1.60000E-04  1.76000E-04  1.92000E-04  2.08000E-04
  2.24000E-04  2.40000E-04  2.56000E-04  2.88000E-04  3.20000E-04  3.52000E-04
  3.84000E-04  4.16000E-04  4.48000E-04  4.80000E-04  5.12000E-04  5.76000E-04
  6.40000E-04  7.04000E-04  7.68000E-04  8.32000E-04  8.96000E-04  9.60000E-04
  1.02400E-03  1.15200E-03  1.28000E-03  1.40800E-03  1.53600E-03  1.66400E-03
  1.79200E-03  1.92000E-03  2.01600E-03  2.27200E-03  2.52800E-03  2.78400E-03
  3.04000E-03  3.29600E-03  3.55200E-03  3.80800E-03  4.06400E-03  4.57600E-03
  5.08800E-03  5.60000E-03  6.11200E-03  6.62400E-03  7.13600E-03  7.64800E-03
  8.16000E-03  9.18400E-03  1.02080E-02  1.12320E-02  1.22560E-02  1.32800E-02
  1.43040E-02  1.53280E-02  1.63520E-02  1.84000E-02  2.04480E-02  2.24960E-02
  2.45440E-02  2.65920E-02  2.86400E-02  3.06880E-02  3.27360E-02  3.68320E-02
  4.09280E-02  4.50240E-02  4.91200E-02  5.32160E-02  5.73120E-02  6.14080E-02
  6.55040E-02  7.36960E-02  8.18880E-02  9.00800E-02  9.82720E-02  1.06464E-01
  1.14656E-01  1.22848E-01  1.31040E-01  1.47424E-01  1.63808E-01  1.80192E-01
  1.96576E-01  2.12960E-01  2.29344E-01  2.45728E-01  2.62112E-01  2.94880E-01
  3.27648E-01  3.60416E-01  3.93184E-01  4.25952E-01  4.58720E-01  4.91488E-01
  5.24256E-01  5.89792E-01  6.55328E-01  7.20864E-01  7.86400E-01  8.51936E-01
  9.17472E-01  9.83008E-01  1.04854E+00  1.17962E+00  1.31069E+00  1.44176E+00
  1.57283E+00  1.70390E+00  1.83498E+00  1.96605E+00  2.09712E+00  2.35926E+00
  2.62141E+00  2.88355E+00  3.14570E+00  3.40784E+00  3.66998E+00  3.93213E+00
  4.19427E+00  4.71856E+00  5.24285E+00  5.76714E+00  6.29142E+00  6.81571E+00
  7.34000E+00  7.86429E+00
  9.96934E-01  9.97703E-01  9.93612E-01  9.94362E-01  9.92768E-01  9.93060E-01
  9.93519E-01  9.92466E-01  9.92939E-01  9.91899E-01  9.92223E-01  9.93738E-01
  9.93014E-01  9.93134E-01  9.91593E-01  9.92617E-01  9.91921E-01  9.92469E-01
  9.92200E-01  9.91827E-01  9.91756E-01  9.91848E-01  9.92199E-01  9.92111E-01
  9.92237E-01  9.91579E-01  9.91647E-01  9.92277E-01  9.91438E-01  9.91493E-01
  9.91644E-01  9.91241E-01  9.91713E-01  9.91207E-01  9.91303E-01  9.91541E-01
  9.91055E-01  9.90452E-01  9.90717E-01  9.90261E-01  9.90140E-01  9.90040E-01
  9.89700E-01  9.89627E-01  9.89547E-01  9.89040E-01  9.88456E-01  9.88201E-01
  9.87912E-01  9.87352E-01  9.87111E-01  9.86801E-01  9.86310E-01  9.85580E-01
  9.84539E-01  9.83858E-01  9.83012E-01  9.82110E-01  9.81201E-01  9.80554E-01
  9.79725E-01  9.77990E-01  9.76304E-01  9.74755E-01  9.73001E-01  9.71421E-01
  9.69758E-01  9.68078E-01  9.66602E-01  9.63293E-01  9.60107E-01  9.56726E-01
  9.53554E-01  9.50322E-01  9.47142E-01  9.43954E-01  9.40873E-01  9.34497E-01
  9.28172E-01  9.21923E-01  9.15708E-01  9.09569E-01  9.03464E-01  8.97391E-01
  8.38931E-01  8.27499E-01  8.16320E-01  8.05195E-01  7.94242E-01  7.83538E-01
  7.72988E-01  7.62552E-01  8.03887E-01  7.82792E-01  7.62404E-01  7.42664E-01
  7.23531E-01  7.04955E-01  6.86881E-01  6.69425E-01  6.52796E-01  6.20455E-01
  5.89729E-01  5.60610E-01  5.33049E-01  5.06878E-01  4.82338E-01  4.59185E-01
  4.37994E-01  3.97706E-01  3.60585E-01  3.26461E-01  2.95619E-01  2.67282E-01
  2.41478E-01  2.17574E-01  1.96647E-01  1.58074E-01  1.26541E-01  9.99897E-02
  7.86203E-02  6.14371E-02  4.74924E-02  3.63097E-02  2.77860E-02  1.35498E-02
  1.94422E-03 -4.55514E-03 -8.18085E-03 -9.44472E-03 -6.33429E-03 -4.57485E-03
 -4.62393E-03 -7.25454E-03 -1.68089E-02 -1.10092E-02 -5.98199E-04  7.20734E-03
  6.27941E-03  1.06085E-02  1.00394E-02 -5.30237E-03 -6.64771E-03 -4.97446E-03
 -8.89567E-03 -7.37407E-04  2.81263E-03  5.35229E-03 -3.97071E-03  5.20413E-03
 -1.10993E-03 -3.99223E-03 -1.43775E-02 -4.72021E-03 -7.58391E-03  6.51431E-03
  3.37593E-03 -8.39522E-03  6.77387E-03 -3.46710E-03  2.31189E-03 -1.44559E-03
 -1.82576E-03 -2.72159E-03 -2.62190E-03 -3.19398E-05  7.12938E-04  2.47062E-03
 -3.83818E-03 -4.27450E-03 -4.07520E-03 -9.42653E-04 -3.75802E-03 -5.77310E-03
 -2.75945E-03 -1.50589E-03  6.99766E-04  2.15751E-04 -3.39134E-03 -1.81333E-03
  1.76620E-03  2.28431E-03  2.42458E-05 -2.85007E-03 -1.53975E-03  1.00222E-03
  4.34261E-04  1.86510E-03
