AutoSaveFileName0028.ASC
 IFORMY    0    .00
 (6E13.7)
 IFORMT    0    .00
 (6E13.7)
 IFORMW    0    .00
 (6E13.7)
 NINTT     0   -1.00
 DOUSNQ    0    1.00
 IQUAD          1.00
 PRWT      0    1.00
 PRY       0    1.00
 IPLRES    1    3.00
 IPLRES    2    3.00
 IPRINT    1    0.00
 IPRINT    2    2.00
 IPLFIT    1    0.00
 IPLFIT    2    0.00
 LINEPG    0   50.
 NONNEG    1    1.00
 IWT       0    5.00
 NQPROG    1    5.00
 NQPROG    2    5.00
 GMNMX     1    1.463E-04
 GMNMX     2    1.463E-01
 RUSER    10    -1.00
 NG        0    200.00
 NLINF     0    0.00
 IUSER    10    4.00
 RUSER    21    1.0
 RUSER    22   -1.0
 RUSER    23    0.0
 RUSER    18         292.16328
 RUSER    17         24.99800
 RUSER    19         1.02634
 RUSER    15         1.33200
 RUSER    16         632.80000
 RUSER    25         1
 RUSER    26         0
 END       0    0.00
 NY      188
  5.00000E-07  6.25000E-07  7.50000E-07  8.75000E-07  1.00000E-06  1.12500E-06
  1.25000E-06  1.37500E-06  1.50000E-06  1.62500E-06  1.75000E-06  1.87500E-06
  2.00000E-06  2.25000E-06  2.50000E-06  2.75000E-06  3.00000E-06  3.25000E-06
  3.50000E-06  3.75000E-06  4.00000E-06  4.50000E-06  5.00000E-06  5.50000E-06
  6.00000E-06  6.50000E-06  7.00000E-06  7.50000E-06  8.00000E-06  9.00000E-06
  1.00000E-05  1.10000E-05  1.20000E-05  1.30000E-05  1.40000E-05  1.50000E-05
  1.60000E-05  1.80000E-05  2.00000E-05  2.20000E-05  2.40000E-05  2.60000E-05
  2.80000E-05  3.00000E-05  3.20000E-05  3.60000E-05  4.00000E-05  4.40000E-05
  4.80000E-05  5.20000E-05  5.60000E-05  6.00000E-05  6.40000E-05  7.20000E-05
  8.00000E-05  8.80000E-05  9.60000E-05  1.04000E-04  1.12000E-04  1.20000E-04
  1.28000E-04  1.44000E-04  1.60000E-04  1.76000E-04  1.92000E-04  2.08000E-04
  2.24000E-04  2.40000E-04  2.56000E-04  2.88000E-04  3.20000E-04  3.52000E-04
  3.84000E-04  4.16000E-04  4.48000E-04  4.80000E-04  5.12000E-04  5.76000E-04
  6.40000E-04  7.04000E-04  7.68000E-04  8.32000E-04  8.96000E-04  9.60000E-04
  1.02400E-03  1.15200E-03  1.28000E-03  1.40800E-03  1.53600E-03  1.66400E-03
  1.79200E-03  1.92000E-03  2.01600E-03  2.27200E-03  2.52800E-03  2.78400E-03
  3.04000E-03  3.29600E-03  3.55200E-03  3.80800E-03  4.06400E-03  4.57600E-03
  5.08800E-03  5.60000E-03  6.11200E-03  6.62400E-03  7.13600E-03  7.64800E-03
  8.16000E-03  9.18400E-03  1.02080E-02  1.12320E-02  1.22560E-02  1.32800E-02
  1.43040E-02  1.53280E-02  1.63520E-02  1.84000E-02  2.04480E-02  2.24960E-02
  2.45440E-02  2.65920E-02  2.86400E-02  3.06880E-02  3.27360E-02  3.68320E-02
  4.09280E-02  4.50240E-02  4.91200E-02  5.32160E-02  5.73120E-02  6.14080E-02
  6.55040E-02  7.36960E-02  8.18880E-02  9.00800E-02  9.82720E-02  1.06464E-01
  1.14656E-01  1.22848E-01  1.31040E-01  1.47424E-01  1.63808E-01  1.80192E-01
  1.96576E-01  2.12960E-01  2.29344E-01  2.45728E-01  2.62112E-01  2.94880E-01
  3.27648E-01  3.60416E-01  3.93184E-01  4.25952E-01  4.58720E-01  4.91488E-01
  5.24256E-01  5.89792E-01  6.55328E-01  7.20864E-01  7.86400E-01  8.51936E-01
  9.17472E-01  9.83008E-01  1.04854E+00  1.17962E+00  1.31069E+00  1.44176E+00
  1.57283E+00  1.70390E+00  1.83498E+00  1.96605E+00  2.09712E+00  2.35926E+00
  2.62141E+00  2.88355E+00  3.14570E+00  3.40784E+00  3.66998E+00  3.93213E+00
  4.19427E+00  4.71856E+00  5.24285E+00  5.76714E+00  6.29142E+00  6.81571E+00
  7.34000E+00  7.86429E+00
  9.97578E-01  9.96984E-01  9.97307E-01  9.96247E-01  9.96356E-01  9.96059E-01
  9.96077E-01  9.96385E-01  9.96131E-01  9.95836E-01  9.95434E-01  9.96035E-01
  9.96126E-01  9.96020E-01  9.95988E-01  9.95921E-01  9.96056E-01  9.95720E-01
  9.95564E-01  9.95606E-01  9.95874E-01  9.95805E-01  9.95794E-01  9.95775E-01
  9.95669E-01  9.95622E-01  9.95564E-01  9.95489E-01  9.95627E-01  9.95497E-01
  9.95680E-01  9.95725E-01  9.95691E-01  9.95397E-01  9.95587E-01  9.95731E-01
  9.95559E-01  9.95434E-01  9.95433E-01  9.95400E-01  9.95463E-01  9.95164E-01
  9.95205E-01  9.95217E-01  9.95195E-01  9.95004E-01  9.94959E-01  9.94914E-01
  9.94814E-01  9.94614E-01  9.94594E-01  9.94548E-01  9.94437E-01  9.94263E-01
  9.94039E-01  9.93835E-01  9.93565E-01  9.93403E-01  9.93218E-01  9.93062E-01
  9.92783E-01  9.92376E-01  9.91930E-01  9.91533E-01  9.91135E-01  9.90733E-01
  9.90293E-01  9.89900E-01  9.89445E-01  9.88657E-01  9.87812E-01  9.86996E-01
  9.86195E-01  9.85355E-01  9.84538E-01  9.83691E-01  9.82805E-01  9.81167E-01
  9.79532E-01  9.77906E-01  9.76257E-01  9.74654E-01  9.73010E-01  9.71423E-01
  9.69576E-01  9.66337E-01  9.63118E-01  9.59910E-01  9.56704E-01  9.53547E-01
  9.50399E-01  9.47238E-01  9.46111E-01  9.39899E-01  9.33770E-01  9.27661E-01
  9.21571E-01  9.15539E-01  9.09554E-01  9.03624E-01  8.97708E-01  8.86061E-01
  8.74606E-01  8.63375E-01  8.52307E-01  8.41403E-01  8.30611E-01  8.19899E-01
  8.09333E-01  7.88579E-01  7.68488E-01  7.49033E-01  7.30152E-01  7.11704E-01
  6.93516E-01  6.75721E-01  6.58731E-01  6.25873E-01  5.95014E-01  5.65688E-01
  5.37983E-01  5.11782E-01  4.87342E-01  4.64275E-01  4.42342E-01  4.02129E-01
  3.66434E-01  3.33117E-01  3.02076E-01  2.73388E-01  2.47649E-01  2.23856E-01
  2.01921E-01  1.63969E-01  1.33121E-01  1.09568E-01  8.84465E-02  6.84530E-02
  5.04776E-02  3.61951E-02  2.88757E-02  1.76271E-02  1.10625E-02  3.91578E-03
 -2.62287E-03 -2.10364E-03 -3.70649E-03 -2.86226E-03  3.08766E-04  1.35707E-03
  9.29301E-03  1.15972E-02  1.75035E-02  1.23248E-02  9.89299E-03  1.70335E-02
  1.89929E-02  1.79995E-02  2.35157E-03 -1.31359E-02 -1.45867E-02 -2.73754E-02
 -2.64676E-02 -9.55978E-03 -1.30884E-02  1.16350E-02  2.61783E-02 -1.23512E-02
 -8.42945E-03 -1.61089E-02  1.90663E-02 -2.48572E-02 -1.66023E-02 -6.09232E-03
  4.78746E-03 -1.61513E-03  1.29659E-02  7.39140E-03 -1.56706E-02 -5.19909E-03
 -5.02218E-04 -3.00245E-02 -2.60583E-03  4.43630E-03  7.61549E-03  6.44543E-03
 -9.88377E-03  4.14104E-03
