AutoSaveFileName0408.ASC
 IFORMY    0    .00
 (6E13.7)
 IFORMT    0    .00
 (6E13.7)
 IFORMW    0    .00
 (6E13.7)
 NINTT     0   -1.00
 DOUSNQ    0    1.00
 IQUAD          1.00
 PRWT      0    1.00
 PRY       0    1.00
 IPLRES    1    3.00
 IPLRES    2    3.00
 IPRINT    1    0.00
 IPRINT    2    2.00
 IPLFIT    1    0.00
 IPLFIT    2    0.00
 LINEPG    0   50.
 NONNEG    1    1.00
 IWT       0    5.00
 NQPROG    1    5.00
 NQPROG    2    5.00
 GMNMX     1    7.275E-06
 GMNMX     2    7.275E-03
 RUSER    10    -1.00
 NG        0    200.00
 NLINF     0    0.00
 IUSER    10    4.00
 RUSER    21    1.0
 RUSER    22   -1.0
 RUSER    23    0.0
 RUSER    18         292.34711
 RUSER    17         150.99900
 RUSER    19         1.02169
 RUSER    15         1.33200
 RUSER    16         632.80000
 RUSER    25         1
 RUSER    26         0
 END       0    0.00
 NY      131
  3.75000E-07  5.00000E-07  6.25000E-07  7.50000E-07  8.75000E-07  1.00000E-06
  1.12500E-06  1.25000E-06  1.37500E-06  1.50000E-06  1.62500E-06  1.75000E-06
  1.87500E-06  2.00000E-06  2.25000E-06  2.50000E-06  2.75000E-06  3.00000E-06
  3.25000E-06  3.50000E-06  3.75000E-06  4.00000E-06  4.50000E-06  5.00000E-06
  5.50000E-06  6.00000E-06  6.50000E-06  7.00000E-06  7.50000E-06  8.00000E-06
  9.00000E-06  1.00000E-05  1.10000E-05  1.20000E-05  1.30000E-05  1.40000E-05
  1.50000E-05  1.60000E-05  1.80000E-05  2.00000E-05  2.20000E-05  2.40000E-05
  2.60000E-05  2.80000E-05  3.00000E-05  3.20000E-05  3.60000E-05  4.00000E-05
  4.40000E-05  4.80000E-05  5.20000E-05  5.60000E-05  6.00000E-05  6.40000E-05
  7.20000E-05  8.00000E-05  8.80000E-05  9.60000E-05  1.04000E-04  1.12000E-04
  1.20000E-04  1.28000E-04  1.44000E-04  1.60000E-04  1.76000E-04  1.92000E-04
  2.08000E-04  2.24000E-04  2.40000E-04  2.56000E-04  2.88000E-04  3.20000E-04
  3.52000E-04  3.84000E-04  4.16000E-04  4.48000E-04  4.80000E-04  5.12000E-04
  5.76000E-04  6.40000E-04  7.04000E-04  7.68000E-04  8.32000E-04  8.96000E-04
  9.60000E-04  1.02400E-03  1.15200E-03  1.28000E-03  1.40800E-03  1.53600E-03
  1.66400E-03  1.79200E-03  1.92000E-03  2.01600E-03  2.27200E-03  2.52800E-03
  2.78400E-03  3.04000E-03  3.29600E-03  3.55200E-03  3.80800E-03  4.06400E-03
  4.57600E-03  5.08800E-03  5.60000E-03  6.11200E-03  6.62400E-03  7.13600E-03
  7.64800E-03  8.16000E-03  9.18400E-03  1.02080E-02  1.12320E-02  1.22560E-02
  1.32800E-02  1.43040E-02  1.53280E-02  1.63520E-02  1.84000E-02  2.04480E-02
  2.24960E-02  2.45440E-02  2.65920E-02  2.86400E-02  3.06880E-02  3.27360E-02
  3.68320E-02  4.09280E-02  4.50240E-02  4.91200E-02  5.32160E-02
  7.83314E-01  7.83676E-01  7.79912E-01  7.75241E-01  7.81980E-01  7.75031E-01
  7.81764E-01  7.76456E-01  7.77407E-01  7.81284E-01  7.76570E-01  7.75052E-01
  7.74388E-01  7.75603E-01  7.73856E-01  7.77034E-01  7.76580E-01  7.80841E-01
  7.76464E-01  7.73983E-01  7.77420E-01  7.75734E-01  7.77665E-01  7.74028E-01
  7.76775E-01  7.75342E-01  7.72206E-01  7.74464E-01  7.74557E-01  7.74287E-01
  7.73015E-01  7.72902E-01  7.73049E-01  7.72247E-01  7.72728E-01  7.71055E-01
  7.71843E-01  7.70235E-01  7.70148E-01  7.69220E-01  7.68728E-01  7.66267E-01
  7.66689E-01  7.65316E-01  7.65367E-01  7.64301E-01  7.62669E-01  7.61324E-01
  7.58774E-01  7.57486E-01  7.56490E-01  7.54343E-01  7.52923E-01  7.51442E-01
  7.48580E-01  7.45581E-01  7.41791E-01  7.38004E-01  7.34831E-01  7.32454E-01
  7.28834E-01  7.26287E-01  7.19309E-01  7.13525E-01  7.07083E-01  7.01408E-01
  6.95339E-01  6.89614E-01  6.84248E-01  6.78335E-01  6.67125E-01  6.56748E-01
  6.45925E-01  6.35495E-01  6.25032E-01  6.14940E-01  6.05433E-01  5.96449E-01
  5.77913E-01  5.60398E-01  5.44213E-01  5.28149E-01  5.12985E-01  4.98365E-01
  4.84090E-01  4.69192E-01  4.44259E-01  4.20916E-01  3.99176E-01  3.78610E-01
  3.59816E-01  3.42405E-01  3.26555E-01  3.16574E-01  2.89142E-01  2.66124E-01
  2.46867E-01  2.30443E-01  2.16382E-01  2.04145E-01  1.93842E-01  1.85099E-01
  1.68787E-01  1.56117E-01  1.45501E-01  1.37778E-01  1.30951E-01  1.24067E-01
  1.17302E-01  1.12606E-01  1.07200E-01  1.00860E-01  9.16135E-02  8.31716E-02
  7.60387E-02  7.22860E-02  7.18561E-02  6.86989E-02  5.77625E-02  5.37608E-02
  4.41334E-02  3.54516E-02  2.41509E-02  2.00133E-02  2.40179E-02  2.39234E-02
  1.81147E-02  7.49347E-03  7.09739E-03  1.97070E-03  7.75762E-03
