AutoSaveFileName0301.ASC
 IFORMY    0    .00
 (6E13.7)
 IFORMT    0    .00
 (6E13.7)
 IFORMW    0    .00
 (6E13.7)
 NINTT     0   -1.00
 DOUSNQ    0    1.00
 IQUAD          1.00
 PRWT      0    1.00
 PRY       0    1.00
 IPLRES    1    3.00
 IPLRES    2    3.00
 IPRINT    1    0.00
 IPRINT    2    2.00
 IPLFIT    1    0.00
 IPLFIT    2    0.00
 LINEPG    0   50.
 NONNEG    1    1.00
 IWT       0    5.00
 NQPROG    1    5.00
 NQPROG    2    5.00
 GMNMX     1    9.632E-06
 GMNMX     2    9.632E-03
 RUSER    10    -1.00
 NG        0    200.00
 NLINF     0    0.00
 IUSER    10    4.00
 RUSER    21    1.0
 RUSER    22   -1.0
 RUSER    23    0.0
 RUSER    18         292.17935
 RUSER    17         114.99900
 RUSER    19         1.02593
 RUSER    15         1.33200
 RUSER    16         632.80000
 RUSER    25         1
 RUSER    26         0
 END       0    0.00
 NY      131
  3.75000E-07  5.00000E-07  6.25000E-07  7.50000E-07  8.75000E-07  1.00000E-06
  1.12500E-06  1.25000E-06  1.37500E-06  1.50000E-06  1.62500E-06  1.75000E-06
  1.87500E-06  2.00000E-06  2.25000E-06  2.50000E-06  2.75000E-06  3.00000E-06
  3.25000E-06  3.50000E-06  3.75000E-06  4.00000E-06  4.50000E-06  5.00000E-06
  5.50000E-06  6.00000E-06  6.50000E-06  7.00000E-06  7.50000E-06  8.00000E-06
  9.00000E-06  1.00000E-05  1.10000E-05  1.20000E-05  1.30000E-05  1.40000E-05
  1.50000E-05  1.60000E-05  1.80000E-05  2.00000E-05  2.20000E-05  2.40000E-05
  2.60000E-05  2.80000E-05  3.00000E-05  3.20000E-05  3.60000E-05  4.00000E-05
  4.40000E-05  4.80000E-05  5.20000E-05  5.60000E-05  6.00000E-05  6.40000E-05
  7.20000E-05  8.00000E-05  8.80000E-05  9.60000E-05  1.04000E-04  1.12000E-04
  1.20000E-04  1.28000E-04  1.44000E-04  1.60000E-04  1.76000E-04  1.92000E-04
  2.08000E-04  2.24000E-04  2.40000E-04  2.56000E-04  2.88000E-04  3.20000E-04
  3.52000E-04  3.84000E-04  4.16000E-04  4.48000E-04  4.80000E-04  5.12000E-04
  5.76000E-04  6.40000E-04  7.04000E-04  7.68000E-04  8.32000E-04  8.96000E-04
  9.60000E-04  1.02400E-03  1.15200E-03  1.28000E-03  1.40800E-03  1.53600E-03
  1.66400E-03  1.79200E-03  1.92000E-03  2.01600E-03  2.27200E-03  2.52800E-03
  2.78400E-03  3.04000E-03  3.29600E-03  3.55200E-03  3.80800E-03  4.06400E-03
  4.57600E-03  5.08800E-03  5.60000E-03  6.11200E-03  6.62400E-03  7.13600E-03
  7.64800E-03  8.16000E-03  9.18400E-03  1.02080E-02  1.12320E-02  1.22560E-02
  1.32800E-02  1.43040E-02  1.53280E-02  1.63520E-02  1.84000E-02  2.04480E-02
  2.24960E-02  2.45440E-02  2.65920E-02  2.86400E-02  3.06880E-02  3.27360E-02
  3.68320E-02  4.09280E-02  4.50240E-02  4.91200E-02  5.32160E-02
  1.61899E+00  1.62126E+00  1.61449E+00  1.61467E+00  1.61214E+00  1.61472E+00
  1.61032E+00  1.61382E+00  1.61525E+00  1.61082E+00  1.60737E+00  1.61113E+00
  1.61309E+00  1.60951E+00  1.60848E+00  1.61121E+00  1.60788E+00  1.60845E+00
  1.60986E+00  1.60962E+00  1.60888E+00  1.60902E+00  1.60755E+00  1.60836E+00
  1.60450E+00  1.60410E+00  1.60326E+00  1.60184E+00  1.60426E+00  1.60427E+00
  1.60208E+00  1.60056E+00  1.59908E+00  1.59791E+00  1.59709E+00  1.59745E+00
  1.59313E+00  1.59280E+00  1.59103E+00  1.58793E+00  1.58593E+00  1.58427E+00
  1.58173E+00  1.57814E+00  1.57649E+00  1.57363E+00  1.56905E+00  1.56474E+00
  1.56000E+00  1.55419E+00  1.54901E+00  1.54406E+00  1.54062E+00  1.53560E+00
  1.52614E+00  1.51659E+00  1.50735E+00  1.49754E+00  1.48862E+00  1.47925E+00
  1.47000E+00  1.46084E+00  1.44336E+00  1.42571E+00  1.40799E+00  1.39073E+00
  1.37344E+00  1.35676E+00  1.34015E+00  1.32383E+00  1.29103E+00  1.25940E+00
  1.22826E+00  1.19786E+00  1.16883E+00  1.14009E+00  1.11151E+00  1.08434E+00
  1.03125E+00  9.80814E-01  9.33536E-01  8.88528E-01  8.45603E-01  8.04809E-01
  7.66211E-01  7.30519E-01  6.62432E-01  6.00550E-01  5.44252E-01  4.93240E-01
  4.47495E-01  4.05744E-01  3.67440E-01  3.43175E-01  2.81377E-01  2.32114E-01
  1.92164E-01  1.59462E-01  1.31983E-01  1.10387E-01  9.20107E-02  7.50633E-02
  4.64822E-02  2.77369E-02  1.55915E-02  5.83446E-03  1.13303E-03 -2.16768E-03
 -5.72821E-03 -8.83640E-03 -6.48506E-03 -3.68906E-03 -6.83226E-04  1.14521E-02
  2.17509E-02  2.20810E-02  1.39289E-02  8.78177E-03 -9.78786E-04 -8.89112E-03
 -5.80844E-03  2.29514E-03  1.69162E-03 -1.49644E-03 -2.00802E-03 -5.85152E-03
 -4.75349E-03  1.26413E-02  1.28702E-02 -1.54782E-03 -1.12659E-02
