AutoSaveFileName0108.ASC
 IFORMY    0    .00
 (6E13.7)
 IFORMT    0    .00
 (6E13.7)
 IFORMW    0    .00
 (6E13.7)
 NINTT     0   -1.00
 DOUSNQ    0    1.00
 IQUAD          1.00
 PRWT      0    1.00
 PRY       0    1.00
 IPLRES    1    3.00
 IPLRES    2    3.00
 IPRINT    1    0.00
 IPRINT    2    2.00
 IPLFIT    1    0.00
 IPLFIT    2    0.00
 LINEPG    0   50.
 NONNEG    1    1.00
 IWT       0    5.00
 NQPROG    1    5.00
 NQPROG    2    5.00
 GMNMX     1    3.726E-05
 GMNMX     2    3.726E-02
 RUSER    10    -1.00
 NG        0    200.00
 NLINF     0    0.00
 IUSER    10    4.00
 RUSER    21    1.0
 RUSER    22   -1.0
 RUSER    23    0.0
 RUSER    18         291.90278
 RUSER    17         50.99900
 RUSER    19         1.03299
 RUSER    15         1.33200
 RUSER    16         632.80000
 RUSER    25         1
 RUSER    26         0
 END       0    0.00
 NY      131
  3.75000E-07  5.00000E-07  6.25000E-07  7.50000E-07  8.75000E-07  1.00000E-06
  1.12500E-06  1.25000E-06  1.37500E-06  1.50000E-06  1.62500E-06  1.75000E-06
  1.87500E-06  2.00000E-06  2.25000E-06  2.50000E-06  2.75000E-06  3.00000E-06
  3.25000E-06  3.50000E-06  3.75000E-06  4.00000E-06  4.50000E-06  5.00000E-06
  5.50000E-06  6.00000E-06  6.50000E-06  7.00000E-06  7.50000E-06  8.00000E-06
  9.00000E-06  1.00000E-05  1.10000E-05  1.20000E-05  1.30000E-05  1.40000E-05
  1.50000E-05  1.60000E-05  1.80000E-05  2.00000E-05  2.20000E-05  2.40000E-05
  2.60000E-05  2.80000E-05  3.00000E-05  3.20000E-05  3.60000E-05  4.00000E-05
  4.40000E-05  4.80000E-05  5.20000E-05  5.60000E-05  6.00000E-05  6.40000E-05
  7.20000E-05  8.00000E-05  8.80000E-05  9.60000E-05  1.04000E-04  1.12000E-04
  1.20000E-04  1.28000E-04  1.44000E-04  1.60000E-04  1.76000E-04  1.92000E-04
  2.08000E-04  2.24000E-04  2.40000E-04  2.56000E-04  2.88000E-04  3.20000E-04
  3.52000E-04  3.84000E-04  4.16000E-04  4.48000E-04  4.80000E-04  5.12000E-04
  5.76000E-04  6.40000E-04  7.04000E-04  7.68000E-04  8.32000E-04  8.96000E-04
  9.60000E-04  1.02400E-03  1.15200E-03  1.28000E-03  1.40800E-03  1.53600E-03
  1.66400E-03  1.79200E-03  1.92000E-03  2.01600E-03  2.27200E-03  2.52800E-03
  2.78400E-03  3.04000E-03  3.29600E-03  3.55200E-03  3.80800E-03  4.06400E-03
  4.57600E-03  5.08800E-03  5.60000E-03  6.11200E-03  6.62400E-03  7.13600E-03
  7.64800E-03  8.16000E-03  9.18400E-03  1.02080E-02  1.12320E-02  1.22560E-02
  1.32800E-02  1.43040E-02  1.53280E-02  1.63520E-02  1.84000E-02  2.04480E-02
  2.24960E-02  2.45440E-02  2.65920E-02  2.86400E-02  3.06880E-02  3.27360E-02
  3.68320E-02  4.09280E-02  4.50240E-02  4.91200E-02  5.32160E-02
  7.65035E-01  7.65973E-01  7.65724E-01  7.66383E-01  7.63784E-01  7.65227E-01
  7.62138E-01  7.61590E-01  7.63150E-01  7.63483E-01  7.63386E-01  7.64196E-01
  7.63951E-01  7.63945E-01  7.61203E-01  7.63791E-01  7.60938E-01  7.62539E-01
  7.61716E-01  7.62970E-01  7.62819E-01  7.62972E-01  7.62981E-01  7.62226E-01
  7.62525E-01  7.61618E-01  7.62758E-01  7.61941E-01  7.64099E-01  7.62297E-01
  7.62312E-01  7.61644E-01  7.61665E-01  7.61257E-01  7.62079E-01  7.61440E-01
  7.61467E-01  7.60627E-01  7.61062E-01  7.60579E-01  7.60372E-01  7.59784E-01
  7.58998E-01  7.59311E-01  7.58781E-01  7.58489E-01  7.57966E-01  7.57483E-01
  7.56985E-01  7.56249E-01  7.55846E-01  7.55587E-01  7.54410E-01  7.54203E-01
  7.52903E-01  7.52038E-01  7.50917E-01  7.49596E-01  7.48785E-01  7.47479E-01
  7.46344E-01  7.45167E-01  7.42833E-01  7.40630E-01  7.38397E-01  7.36061E-01
  7.33807E-01  7.31694E-01  7.29291E-01  7.27155E-01  7.22787E-01  7.18418E-01
  7.14006E-01  7.09662E-01  7.05615E-01  7.01243E-01  6.96996E-01  6.87642E-01
  6.79312E-01  6.71213E-01  6.63073E-01  6.55135E-01  6.47288E-01  6.39624E-01
  6.31968E-01  6.23730E-01  6.08914E-01  5.94487E-01  5.80563E-01  5.67075E-01
  5.53789E-01  5.40782E-01  5.28152E-01  5.23442E-01  4.99142E-01  4.75822E-01
  4.53885E-01  4.32843E-01  4.12956E-01  3.93949E-01  3.75830E-01  3.58932E-01
  3.27181E-01  2.98579E-01  2.72209E-01  2.48156E-01  2.27389E-01  2.08742E-01
  1.92113E-01  1.78043E-01  1.53031E-01  1.31683E-01  1.12769E-01  9.71308E-02
  8.38969E-02  7.20393E-02  6.30165E-02  5.62699E-02  4.60160E-02  3.94368E-02
  3.52570E-02  2.65906E-02  1.64316E-02  3.77019E-03 -9.43342E-03 -1.75360E-02
 -1.89583E-02 -1.32060E-02 -6.16949E-03 -7.43860E-03 -1.24593E-02
