AutoSaveFileName0191.ASC
 IFORMY    0    .00
 (6E13.7)
 IFORMT    0    .00
 (6E13.7)
 IFORMW    0    .00
 (6E13.7)
 NINTT     0   -1.00
 DOUSNQ    0    1.00
 IQUAD          1.00
 PRWT      0    1.00
 PRY       0    1.00
 IPLRES    1    3.00
 IPLRES    2    3.00
 IPRINT    1    0.00
 IPRINT    2    2.00
 IPLFIT    1    0.00
 IPLFIT    2    0.00
 LINEPG    0   50.
 NONNEG    1    1.00
 IWT       0    5.00
 NQPROG    1    5.00
 NQPROG    2    5.00
 GMNMX     1    1.020E-05
 GMNMX     2    1.020E-02
 RUSER    10    -1.00
 NG        0    200.00
 NLINF     0    0.00
 IUSER    10    4.00
 RUSER    21    1.0
 RUSER    22   -1.0
 RUSER    23    0.0
 RUSER    18         292.23059
 RUSER    17         109.99900
 RUSER    19         1.02464
 RUSER    15         1.33200
 RUSER    16         632.80000
 RUSER    25         1
 RUSER    26         0
 END       0    0.00
 NY      188
  5.00000E-07  6.25000E-07  7.50000E-07  8.75000E-07  1.00000E-06  1.12500E-06
  1.25000E-06  1.37500E-06  1.50000E-06  1.62500E-06  1.75000E-06  1.87500E-06
  2.00000E-06  2.25000E-06  2.50000E-06  2.75000E-06  3.00000E-06  3.25000E-06
  3.50000E-06  3.75000E-06  4.00000E-06  4.50000E-06  5.00000E-06  5.50000E-06
  6.00000E-06  6.50000E-06  7.00000E-06  7.50000E-06  8.00000E-06  9.00000E-06
  1.00000E-05  1.10000E-05  1.20000E-05  1.30000E-05  1.40000E-05  1.50000E-05
  1.60000E-05  1.80000E-05  2.00000E-05  2.20000E-05  2.40000E-05  2.60000E-05
  2.80000E-05  3.00000E-05  3.20000E-05  3.60000E-05  4.00000E-05  4.40000E-05
  4.80000E-05  5.20000E-05  5.60000E-05  6.00000E-05  6.40000E-05  7.20000E-05
  8.00000E-05  8.80000E-05  9.60000E-05  1.04000E-04  1.12000E-04  1.20000E-04
  1.28000E-04  1.44000E-04  1.60000E-04  1.76000E-04  1.92000E-04  2.08000E-04
  2.24000E-04  2.40000E-04  2.56000E-04  2.88000E-04  3.20000E-04  3.52000E-04
  3.84000E-04  4.16000E-04  4.48000E-04  4.80000E-04  5.12000E-04  5.76000E-04
  6.40000E-04  7.04000E-04  7.68000E-04  8.32000E-04  8.96000E-04  9.60000E-04
  1.02400E-03  1.15200E-03  1.28000E-03  1.40800E-03  1.53600E-03  1.66400E-03
  1.79200E-03  1.92000E-03  2.01600E-03  2.27200E-03  2.52800E-03  2.78400E-03
  3.04000E-03  3.29600E-03  3.55200E-03  3.80800E-03  4.06400E-03  4.57600E-03
  5.08800E-03  5.60000E-03  6.11200E-03  6.62400E-03  7.13600E-03  7.64800E-03
  8.16000E-03  9.18400E-03  1.02080E-02  1.12320E-02  1.22560E-02  1.32800E-02
  1.43040E-02  1.53280E-02  1.63520E-02  1.84000E-02  2.04480E-02  2.24960E-02
  2.45440E-02  2.65920E-02  2.86400E-02  3.06880E-02  3.27360E-02  3.68320E-02
  4.09280E-02  4.50240E-02  4.91200E-02  5.32160E-02  5.73120E-02  6.14080E-02
  6.55040E-02  7.36960E-02  8.18880E-02  9.00800E-02  9.82720E-02  1.06464E-01
  1.14656E-01  1.22848E-01  1.31040E-01  1.47424E-01  1.63808E-01  1.80192E-01
  1.96576E-01  2.12960E-01  2.29344E-01  2.45728E-01  2.62112E-01  2.94880E-01
  3.27648E-01  3.60416E-01  3.93184E-01  4.25952E-01  4.58720E-01  4.91488E-01
  5.24256E-01  5.89792E-01  6.55328E-01  7.20864E-01  7.86400E-01  8.51936E-01
  9.17472E-01  9.83008E-01  1.04854E+00  1.17962E+00  1.31069E+00  1.44176E+00
  1.57283E+00  1.70390E+00  1.83498E+00  1.96605E+00  2.09712E+00  2.35926E+00
  2.62141E+00  2.88355E+00  3.14570E+00  3.40784E+00  3.66998E+00  3.93213E+00
  4.19427E+00  4.71856E+00  5.24285E+00  5.76714E+00  6.29142E+00  6.81571E+00
  7.34000E+00  7.86429E+00
  9.90529E-01  9.82035E-01  9.81822E-01  9.92608E-01  9.88622E-01  9.85678E-01
  9.83000E-01  9.80530E-01  9.82420E-01  9.82894E-01  9.78671E-01  9.84078E-01
  9.83670E-01  9.84848E-01  9.76947E-01  9.81111E-01  9.86720E-01  9.81822E-01
  9.78925E-01  9.76426E-01  9.79642E-01  9.79541E-01  9.77184E-01  9.80222E-01
  9.81419E-01  9.77646E-01  9.78197E-01  9.78979E-01  9.78440E-01  9.79974E-01
  9.80750E-01  9.77296E-01  9.79204E-01  9.75981E-01  9.77533E-01  9.74477E-01
  9.76171E-01  9.77486E-01  9.73482E-01  9.73121E-01  9.72155E-01  9.72653E-01
  9.71539E-01  9.71930E-01  9.71806E-01  9.68933E-01  9.66504E-01  9.66267E-01
  9.64798E-01  9.63620E-01  9.61410E-01  9.59385E-01  9.58875E-01  9.56121E-01
  9.52561E-01  9.49890E-01  9.46987E-01  9.44423E-01  9.41888E-01  9.39506E-01
  9.36284E-01  9.30716E-01  9.24704E-01  9.19083E-01  9.13533E-01  9.08173E-01
  9.01829E-01  8.96711E-01  8.90972E-01  8.79493E-01  8.68985E-01  8.58300E-01
  8.47810E-01  8.37491E-01  8.27463E-01  8.17056E-01  8.06922E-01  7.87186E-01
  7.67159E-01  7.48217E-01  7.29695E-01  7.11120E-01  6.93623E-01  6.75818E-01
  6.59269E-01  6.26898E-01  5.95547E-01  5.65948E-01  5.37993E-01  5.11137E-01
  4.85737E-01  4.61946E-01  4.44332E-01  4.01836E-01  3.63405E-01  3.29050E-01
  2.97680E-01  2.69089E-01  2.43718E-01  2.21373E-01  2.01821E-01  1.67620E-01
  1.39801E-01  1.15249E-01  9.59829E-02  7.99269E-02  6.66643E-02  5.56744E-02
  4.72220E-02  3.44745E-02  2.30246E-02  1.41654E-02  8.63885E-03  7.35085E-03
  1.04718E-02  1.11452E-02  5.21055E-03 -2.45242E-03 -3.39981E-03  1.18589E-03
  3.43415E-03  8.06116E-03  1.17142E-02  7.26201E-03 -4.36457E-03 -1.59242E-02
 -1.04742E-02 -5.26048E-03 -2.40669E-03 -5.40270E-03 -6.18967E-03 -1.03559E-02
 -9.62441E-03 -1.23219E-03 -4.81953E-03  3.19365E-03 -3.47789E-03  6.79342E-03
 -8.54538E-03 -1.58840E-02 -7.59690E-03 -1.31058E-03  7.49372E-03  3.39753E-03
 -2.76458E-03 -1.00343E-03 -2.69407E-03 -7.92943E-03 -6.84353E-03  1.07653E-03
  2.86120E-03  2.27223E-03  9.72078E-05  1.00757E-03 -6.44615E-03 -1.84016E-03
 -1.02289E-03 -1.10224E-03 -4.33579E-04 -1.08448E-03 -4.11589E-03 -8.85534E-04
  2.33468E-03 -1.49287E-03 -2.47263E-03  2.64317E-03  9.80690E-04 -1.66166E-03
  9.08884E-04  2.19158E-03 -1.37138E-03  2.02767E-03  2.13614E-03 -1.11888E-03
 -6.51906E-04  2.37702E-03 -1.32081E-04 -2.14514E-03  4.10924E-03 -2.99459E-03
 -7.64032E-05 -8.27292E-05  4.53521E-04 -7.39261E-04  9.35491E-04  1.32493E-04
 -2.01131E-03  5.56475E-04
