AutoSaveFileName0269.ASC
 IFORMY    0    .00
 (6E13.7)
 IFORMT    0    .00
 (6E13.7)
 IFORMW    0    .00
 (6E13.7)
 NINTT     0   -1.00
 DOUSNQ    0    1.00
 IQUAD          1.00
 PRWT      0    1.00
 PRY       0    1.00
 IPLRES    1    3.00
 IPLRES    2    3.00
 IPRINT    1    0.00
 IPRINT    2    2.00
 IPLFIT    1    0.00
 IPLFIT    2    0.00
 LINEPG    0   50.
 NONNEG    1    1.00
 IWT       0    5.00
 NQPROG    1    5.00
 NQPROG    2    5.00
 GMNMX     1    7.517E-06
 GMNMX     2    7.517E-03
 RUSER    10    -1.00
 NG        0    200.00
 NLINF     0    0.00
 IUSER    10    4.00
 RUSER    21    1.0
 RUSER    22   -1.0
 RUSER    23    0.0
 RUSER    18         292.25254
 RUSER    17         144.99900
 RUSER    19         1.02408
 RUSER    15         1.33200
 RUSER    16         632.80000
 RUSER    25         1
 RUSER    26         0
 END       0    0.00
 NY      188
  5.00000E-07  6.25000E-07  7.50000E-07  8.75000E-07  1.00000E-06  1.12500E-06
  1.25000E-06  1.37500E-06  1.50000E-06  1.62500E-06  1.75000E-06  1.87500E-06
  2.00000E-06  2.25000E-06  2.50000E-06  2.75000E-06  3.00000E-06  3.25000E-06
  3.50000E-06  3.75000E-06  4.00000E-06  4.50000E-06  5.00000E-06  5.50000E-06
  6.00000E-06  6.50000E-06  7.00000E-06  7.50000E-06  8.00000E-06  9.00000E-06
  1.00000E-05  1.10000E-05  1.20000E-05  1.30000E-05  1.40000E-05  1.50000E-05
  1.60000E-05  1.80000E-05  2.00000E-05  2.20000E-05  2.40000E-05  2.60000E-05
  2.80000E-05  3.00000E-05  3.20000E-05  3.60000E-05  4.00000E-05  4.40000E-05
  4.80000E-05  5.20000E-05  5.60000E-05  6.00000E-05  6.40000E-05  7.20000E-05
  8.00000E-05  8.80000E-05  9.60000E-05  1.04000E-04  1.12000E-04  1.20000E-04
  1.28000E-04  1.44000E-04  1.60000E-04  1.76000E-04  1.92000E-04  2.08000E-04
  2.24000E-04  2.40000E-04  2.56000E-04  2.88000E-04  3.20000E-04  3.52000E-04
  3.84000E-04  4.16000E-04  4.48000E-04  4.80000E-04  5.12000E-04  5.76000E-04
  6.40000E-04  7.04000E-04  7.68000E-04  8.32000E-04  8.96000E-04  9.60000E-04
  1.02400E-03  1.15200E-03  1.28000E-03  1.40800E-03  1.53600E-03  1.66400E-03
  1.79200E-03  1.92000E-03  2.01600E-03  2.27200E-03  2.52800E-03  2.78400E-03
  3.04000E-03  3.29600E-03  3.55200E-03  3.80800E-03  4.06400E-03  4.57600E-03
  5.08800E-03  5.60000E-03  6.11200E-03  6.62400E-03  7.13600E-03  7.64800E-03
  8.16000E-03  9.18400E-03  1.02080E-02  1.12320E-02  1.22560E-02  1.32800E-02
  1.43040E-02  1.53280E-02  1.63520E-02  1.84000E-02  2.04480E-02  2.24960E-02
  2.45440E-02  2.65920E-02  2.86400E-02  3.06880E-02  3.27360E-02  3.68320E-02
  4.09280E-02  4.50240E-02  4.91200E-02  5.32160E-02  5.73120E-02  6.14080E-02
  6.55040E-02  7.36960E-02  8.18880E-02  9.00800E-02  9.82720E-02  1.06464E-01
  1.14656E-01  1.22848E-01  1.31040E-01  1.47424E-01  1.63808E-01  1.80192E-01
  1.96576E-01  2.12960E-01  2.29344E-01  2.45728E-01  2.62112E-01  2.94880E-01
  3.27648E-01  3.60416E-01  3.93184E-01  4.25952E-01  4.58720E-01  4.91488E-01
  5.24256E-01  5.89792E-01  6.55328E-01  7.20864E-01  7.86400E-01  8.51936E-01
  9.17472E-01  9.83008E-01  1.04854E+00  1.17962E+00  1.31069E+00  1.44176E+00
  1.57283E+00  1.70390E+00  1.83498E+00  1.96605E+00  2.09712E+00  2.35926E+00
  2.62141E+00  2.88355E+00  3.14570E+00  3.40784E+00  3.66998E+00  3.93213E+00
  4.19427E+00  4.71856E+00  5.24285E+00  5.76714E+00  6.29142E+00  6.81571E+00
  7.34000E+00  7.86429E+00
  9.94882E-01  9.93942E-01  9.93509E-01  9.92643E-01  9.93589E-01  9.92619E-01
  9.90621E-01  9.91988E-01  9.90419E-01  9.91414E-01  9.90567E-01  9.92031E-01
  9.91232E-01  9.90733E-01  9.89754E-01  9.91354E-01  9.90783E-01  9.89251E-01
  9.89834E-01  9.89888E-01  9.90323E-01  9.89699E-01  9.89287E-01  9.89278E-01
  9.88723E-01  9.88800E-01  9.87923E-01  9.88403E-01  9.87750E-01  9.87619E-01
  9.87082E-01  9.86559E-01  9.86108E-01  9.85330E-01  9.84877E-01  9.84689E-01
  9.84401E-01  9.83320E-01  9.82874E-01  9.81707E-01  9.80747E-01  9.79709E-01
  9.79275E-01  9.78305E-01  9.77374E-01  9.75488E-01  9.73416E-01  9.71740E-01
  9.69745E-01  9.68022E-01  9.66368E-01  9.64667E-01  9.62866E-01  9.58816E-01
  9.55400E-01  9.51742E-01  9.48302E-01  9.44505E-01  9.41202E-01  9.37491E-01
  9.33922E-01  9.26960E-01  9.19947E-01  9.13018E-01  9.05995E-01  8.99204E-01
  8.92456E-01  8.85801E-01  8.79079E-01  8.65633E-01  8.52603E-01  8.39635E-01
  8.27086E-01  8.14504E-01  8.02288E-01  7.90297E-01  7.77963E-01  7.54642E-01
  7.32125E-01  7.10303E-01  6.89227E-01  6.68779E-01  6.49053E-01  6.29874E-01
  6.11443E-01  5.76288E-01  5.43503E-01  5.12685E-01  4.83587E-01  4.56297E-01
  4.30718E-01  4.06725E-01  3.90188E-01  3.48248E-01  3.11233E-01  2.78545E-01
  2.49619E-01  2.24231E-01  2.01780E-01  1.81863E-01  1.64717E-01  1.35429E-01
  1.12394E-01  9.34866E-02  7.78365E-02  6.59000E-02  5.67617E-02  4.96860E-02
  4.37175E-02  3.34399E-02  2.61496E-02  2.05376E-02  1.61802E-02  1.25564E-02
  9.37743E-03  8.47881E-03  7.54531E-03  8.32403E-03  5.21480E-03  5.79635E-03
  4.20683E-03  5.25504E-03  7.39425E-03  6.65293E-03  4.57969E-03  3.07023E-03
 -3.14533E-03 -2.83946E-03  1.65924E-03  1.90093E-03  2.24882E-03 -9.67734E-04
  1.13151E-03  1.44922E-03  2.94294E-03 -3.77760E-03 -5.40396E-04  4.09968E-03
 -2.25465E-03 -7.70719E-03 -4.36497E-03  2.24724E-03  1.59503E-03 -7.50838E-04
 -5.45562E-04  7.20673E-04 -3.41588E-04  9.84693E-04  6.39663E-04 -2.38356E-03
 -9.40674E-04 -3.52924E-04 -1.69096E-03 -2.09107E-03 -6.71463E-04 -3.84357E-04
  8.04630E-04  6.20072E-05 -1.79470E-03  3.83350E-04  5.37382E-04 -1.59935E-03
 -2.10823E-03  2.20280E-03  1.34917E-04 -2.51640E-03  2.72512E-04 -2.04604E-04
  3.45169E-04 -3.27015E-04 -2.21721E-04 -2.58471E-04  5.33913E-05 -7.32237E-04
  1.67607E-03  9.10167E-04 -1.05424E-03 -5.39486E-04 -4.58287E-04  8.08756E-04
  4.24061E-04 -7.75231E-04  1.72353E-03  2.27282E-04 -1.29856E-03  7.55508E-04
 -1.65474E-03  1.09492E-03
