AutoSaveFileName0105.ASC
 IFORMY    0    .00
 (6E13.7)
 IFORMT    0    .00
 (6E13.7)
 IFORMW    0    .00
 (6E13.7)
 NINTT     0   -1.00
 DOUSNQ    0    1.00
 IQUAD     0    1.00
 PRWT      0    1.00
 PRY       0    1.00
 IPLRES    1    3.00
 IPLRES    2    3.00
 IPRINT    1    0.00
 IPRINT    2    2.00
 IPLFIT    1    0.00
 IPLFIT    2    0.00
 LINEPG    0   50.
 NONNEG    1    1.00
 IWT       0    5.00
 NQPROG    1    5.00
 NQPROG    2    5.00
 GMNMX     1    9.31122E-03
 GMNMX     2    3.34249E-03
 RUSER    10    -1.00
 NG        0    500.00
 NLINF     0    1.00
 IUSER    10    4.00
 RUSER    21    1.0
 RUSER    22   -1.0
 RUSER    23    0.0
 RUSER    18         291.96892
 RUSER    17         64.99900
 RUSER    19         1.03129
 RUSER    15         1.33200
 RUSER    16         632.80000
 RUSER    25         1
 RUSER    26         0
 END       0    0.00
 NY      162
  7.50000E-07  8.75000E-07  1.00000E-06  1.12500E-06  1.25000E-06  1.37500E-06
  1.50000E-06  1.62500E-06  1.75000E-06  1.87500E-06  2.00000E-06  2.25000E-06
  2.50000E-06  2.75000E-06  3.00000E-06  3.25000E-06  3.50000E-06  3.75000E-06
  4.00000E-06  4.50000E-06  5.00000E-06  5.50000E-06  6.00000E-06  6.50000E-06
  7.00000E-06  7.50000E-06  8.00000E-06  9.00000E-06  1.00000E-05  1.10000E-05
  1.20000E-05  1.30000E-05  1.40000E-05  1.50000E-05  1.60000E-05  1.80000E-05
  2.00000E-05  2.20000E-05  2.40000E-05  2.60000E-05  2.80000E-05  3.00000E-05
  3.20000E-05  3.60000E-05  4.00000E-05  4.40000E-05  4.80000E-05  5.20000E-05
  5.60000E-05  6.00000E-05  6.40000E-05  7.20000E-05  8.00000E-05  8.80000E-05
  9.60000E-05  1.04000E-04  1.12000E-04  1.20000E-04  1.28000E-04  1.44000E-04
  1.60000E-04  1.76000E-04  1.92000E-04  2.08000E-04  2.24000E-04  2.40000E-04
  2.56000E-04  2.88000E-04  3.20000E-04  3.52000E-04  3.84000E-04  4.16000E-04
  4.48000E-04  4.80000E-04  5.12000E-04  5.76000E-04  6.40000E-04  7.04000E-04
  7.68000E-04  8.32000E-04  8.96000E-04  9.60000E-04  1.02400E-03  1.15200E-03
  1.28000E-03  1.40800E-03  1.53600E-03  1.66400E-03  1.79200E-03  1.92000E-03
  2.01600E-03  2.27200E-03  2.52800E-03  2.78400E-03  3.04000E-03  3.29600E-03
  3.55200E-03  3.80800E-03  4.06400E-03  4.57600E-03  5.08800E-03  5.60000E-03
  6.11200E-03  6.62400E-03  7.13600E-03  7.64800E-03  8.16000E-03  9.18400E-03
  1.02080E-02  1.12320E-02  1.22560E-02  1.32800E-02  1.43040E-02  1.53280E-02
  1.63520E-02  1.84000E-02  2.04480E-02  2.24960E-02  2.45440E-02  2.65920E-02
  2.86400E-02  3.06880E-02  3.27360E-02  3.68320E-02  4.09280E-02  4.50240E-02
  4.91200E-02  5.32160E-02  5.73120E-02  6.14080E-02  6.55040E-02  7.36960E-02
  8.18880E-02  9.00800E-02  9.82720E-02  1.06464E-01  1.14656E-01  1.22848E-01
  1.31040E-01  1.47424E-01  1.63808E-01  1.80192E-01  1.96576E-01  2.12960E-01
  2.29344E-01  2.45728E-01  2.62112E-01  2.94880E-01  3.27648E-01  3.60416E-01
  3.93184E-01  4.25952E-01  4.58720E-01  4.91488E-01  5.24256E-01  5.89792E-01
  6.55328E-01  7.20864E-01  7.86400E-01  8.51936E-01  9.17472E-01  9.83008E-01
  1.00000E+00  9.99925E-01  9.99623E-01  9.94482E-01  9.97989E-01  9.95101E-01
  9.95872E-01  9.92254E-01  9.96183E-01  9.93920E-01  9.93784E-01  9.96268E-01
  9.95804E-01  9.93480E-01  9.93480E-01  9.93653E-01  9.93021E-01  9.91047E-01
  9.91019E-01  9.90002E-01  9.88904E-01  9.88561E-01  9.87686E-01  9.85639E-01
  9.84758E-01  9.84511E-01  9.83863E-01  9.81497E-01  9.79890E-01  9.78498E-01
  9.75479E-01  9.74450E-01  9.72055E-01  9.70692E-01  9.68715E-01  9.64460E-01
  9.61663E-01  9.57621E-01  9.54573E-01  9.50109E-01  9.46832E-01  9.43053E-01
  9.39711E-01  9.32674E-01  9.25981E-01  9.18051E-01  9.11364E-01  9.04215E-01
  8.97338E-01  8.90569E-01  8.84045E-01  8.70788E-01  8.57918E-01  8.44783E-01
  8.32262E-01  8.19563E-01  8.07333E-01  7.95929E-01  7.83932E-01  7.60581E-01
  7.37997E-01  7.16159E-01  6.94888E-01  6.74588E-01  6.54394E-01  6.35350E-01
  6.16752E-01  5.81155E-01  5.47678E-01  5.16184E-01  4.86640E-01  4.58582E-01
  4.32668E-01  4.07883E-01  3.85101E-01  3.42659E-01  3.05274E-01  2.72023E-01
  2.42296E-01  2.15874E-01  1.92421E-01  1.71617E-01  1.53442E-01  1.21907E-01
  9.76130E-02  7.84792E-02  6.32505E-02  5.06269E-02  3.99028E-02  3.14183E-02
  2.69326E-02  1.73350E-02  1.11546E-02  6.36204E-03  2.62766E-03  7.35573E-04
  1.26185E-04  4.07384E-04  8.98438E-04  1.83286E-03  4.02455E-03  6.08255E-03
  4.27185E-03  9.22170E-04 -5.48451E-05  4.59010E-04  1.16176E-03  3.30565E-04
 -1.21573E-03  1.64881E-03  1.95864E-03 -1.08253E-04  2.08946E-04  1.33711E-03
 -1.55961E-04  2.41868E-04  8.77575E-04 -1.59092E-04  1.09451E-03  3.24025E-03
  1.89895E-03  5.07990E-04  9.94572E-04  3.21106E-03  4.31459E-05  9.40212E-04
 -1.21642E-03 -4.89504E-04  1.74672E-03 -7.09793E-04  3.76897E-04 -4.12808E-04
  8.04086E-05 -8.56721E-04 -1.04399E-04 -1.16210E-03  3.24688E-05  1.22455E-04
 -2.81081E-04  7.69747E-05 -9.12976E-04 -1.26778E-03  4.00470E-04 -2.08154E-04
  5.63206E-04  6.39932E-05  5.11935E-04  8.72399E-04 -1.05174E-03 -1.89288E-05
 -7.73242E-04 -5.71386E-04 -1.19875E-03 -1.22858E-04 -8.07812E-04  1.32790E-04
 -1.35802E-04 -4.56591E-04  6.46923E-04  6.09264E-04 -3.16892E-04  9.17491E-05
