AutoSaveFileName0118.ASC
 IFORMY    0    .00
 (6E13.7)
 IFORMT    0    .00
 (6E13.7)
 IFORMW    0    .00
 (6E13.7)
 NINTT     0   -1.00
 DOUSNQ    0    1.00
 IQUAD          1.00
 PRWT      0    1.00
 PRY       0    1.00
 IPLRES    1    3.00
 IPLRES    2    3.00
 IPRINT    1    0.00
 IPRINT    2    2.00
 IPLFIT    1    0.00
 IPLFIT    2    0.00
 LINEPG    0   50.
 NONNEG    1    1.00
 IWT       0    5.00
 NQPROG    1    5.00
 NQPROG    2    5.00
 GMNMX     1    3.349E-05
 GMNMX     2    3.349E-02
 RUSER    10    -1.00
 NG        0    200.00
 NLINF     0    0.00
 IUSER    10    4.00
 RUSER    21    1.0
 RUSER    22   -1.0
 RUSER    23    0.0
 RUSER    18         291.91512
 RUSER    17         53.99900
 RUSER    19         1.03267
 RUSER    15         1.33200
 RUSER    16         632.80000
 RUSER    25         1
 RUSER    26         0
 END       0    0.00
 NY      131
  3.75000E-07  5.00000E-07  6.25000E-07  7.50000E-07  8.75000E-07  1.00000E-06
  1.12500E-06  1.25000E-06  1.37500E-06  1.50000E-06  1.62500E-06  1.75000E-06
  1.87500E-06  2.00000E-06  2.25000E-06  2.50000E-06  2.75000E-06  3.00000E-06
  3.25000E-06  3.50000E-06  3.75000E-06  4.00000E-06  4.50000E-06  5.00000E-06
  5.50000E-06  6.00000E-06  6.50000E-06  7.00000E-06  7.50000E-06  8.00000E-06
  9.00000E-06  1.00000E-05  1.10000E-05  1.20000E-05  1.30000E-05  1.40000E-05
  1.50000E-05  1.60000E-05  1.80000E-05  2.00000E-05  2.20000E-05  2.40000E-05
  2.60000E-05  2.80000E-05  3.00000E-05  3.20000E-05  3.60000E-05  4.00000E-05
  4.40000E-05  4.80000E-05  5.20000E-05  5.60000E-05  6.00000E-05  6.40000E-05
  7.20000E-05  8.00000E-05  8.80000E-05  9.60000E-05  1.04000E-04  1.12000E-04
  1.20000E-04  1.28000E-04  1.44000E-04  1.60000E-04  1.76000E-04  1.92000E-04
  2.08000E-04  2.24000E-04  2.40000E-04  2.56000E-04  2.88000E-04  3.20000E-04
  3.52000E-04  3.84000E-04  4.16000E-04  4.48000E-04  4.80000E-04  5.12000E-04
  5.76000E-04  6.40000E-04  7.04000E-04  7.68000E-04  8.32000E-04  8.96000E-04
  9.60000E-04  1.02400E-03  1.15200E-03  1.28000E-03  1.40800E-03  1.53600E-03
  1.66400E-03  1.79200E-03  1.92000E-03  2.01600E-03  2.27200E-03  2.52800E-03
  2.78400E-03  3.04000E-03  3.29600E-03  3.55200E-03  3.80800E-03  4.06400E-03
  4.57600E-03  5.08800E-03  5.60000E-03  6.11200E-03  6.62400E-03  7.13600E-03
  7.64800E-03  8.16000E-03  9.18400E-03  1.02080E-02  1.12320E-02  1.22560E-02
  1.32800E-02  1.43040E-02  1.53280E-02  1.63520E-02  1.84000E-02  2.04480E-02
  2.24960E-02  2.45440E-02  2.65920E-02  2.86400E-02  3.06880E-02  3.27360E-02
  3.68320E-02  4.09280E-02  4.50240E-02  4.91200E-02  5.32160E-02
  1.57602E+00  1.57321E+00  1.56975E+00  1.56424E+00  1.56937E+00  1.56974E+00
  1.56533E+00  1.56364E+00  1.56370E+00  1.56123E+00  1.56452E+00  1.56598E+00
  1.56358E+00  1.56289E+00  1.56628E+00  1.56432E+00  1.56450E+00  1.56250E+00
  1.56350E+00  1.56294E+00  1.56573E+00  1.56553E+00  1.56287E+00  1.56372E+00
  1.56257E+00  1.56123E+00  1.56301E+00  1.56260E+00  1.56165E+00  1.56300E+00
  1.56175E+00  1.56177E+00  1.56257E+00  1.56102E+00  1.56030E+00  1.56081E+00
  1.55964E+00  1.56010E+00  1.55929E+00  1.55806E+00  1.55759E+00  1.55635E+00
  1.55730E+00  1.55519E+00  1.55492E+00  1.55515E+00  1.55338E+00  1.55270E+00
  1.55070E+00  1.54950E+00  1.54817E+00  1.54696E+00  1.54561E+00  1.54423E+00
  1.54166E+00  1.53895E+00  1.53643E+00  1.53344E+00  1.53089E+00  1.52874E+00
  1.52636E+00  1.52341E+00  1.51790E+00  1.51292E+00  1.50765E+00  1.50267E+00
  1.49735E+00  1.49220E+00  1.48705E+00  1.48192E+00  1.47190E+00  1.46216E+00
  1.45211E+00  1.44234E+00  1.43227E+00  1.42258E+00  1.41312E+00  1.40371E+00
  1.38460E+00  1.36561E+00  1.34724E+00  1.32900E+00  1.31091E+00  1.29313E+00
  1.27547E+00  1.25937E+00  1.22623E+00  1.19375E+00  1.16215E+00  1.13132E+00
  1.10107E+00  1.07153E+00  1.04295E+00  1.02069E+00  9.66795E-01  9.15777E-01
  8.67810E-01  8.22381E-01  7.80152E-01  7.39987E-01  7.02049E-01  6.67497E-01
  6.02784E-01  5.43388E-01  4.89566E-01  4.40127E-01  3.94917E-01  3.55039E-01
  3.19231E-01  2.87731E-01  2.32320E-01  1.88850E-01  1.54917E-01  1.27025E-01
  1.04834E-01  8.77212E-02  7.37119E-02  6.23081E-02  4.65096E-02  3.17339E-02
  1.88257E-02  6.41249E-03 -1.25724E-02 -2.80478E-02 -3.25421E-02 -2.47931E-02
 -1.29946E-02 -3.84308E-03  1.04204E-03  1.75379E-02  3.13822E-02
