AutoSaveFileName0058.ASC
 IFORMY    0    .00
 (6E13.7)
 IFORMT    0    .00
 (6E13.7)
 IFORMW    0    .00
 (6E13.7)
 NINTT     0   -1.00
 DOUSNQ    0    1.00
 IQUAD          1.00
 PRWT      0    1.00
 PRY       0    1.00
 IPLRES    1    3.00
 IPLRES    2    3.00
 IPRINT    1    0.00
 IPRINT    2    2.00
 IPLFIT    1    0.00
 IPLFIT    2    0.00
 LINEPG    0   50.
 NONNEG    1    1.00
 IWT       0    5.00
 NQPROG    1    5.00
 NQPROG    2    5.00
 GMNMX     1    5.858E-05
 GMNMX     2    5.858E-02
 RUSER    10    -1.00
 NG        0    200.00
 NLINF     0    0.00
 IUSER    10    4.00
 RUSER    21    1.0
 RUSER    22   -1.0
 RUSER    23    0.0
 RUSER    18         292.17752
 RUSER    17         39.99800
 RUSER    19         1.02598
 RUSER    15         1.33200
 RUSER    16         632.80000
 RUSER    25         1
 RUSER    26         0
 END       0    0.00
 NY      188
  5.00000E-07  6.25000E-07  7.50000E-07  8.75000E-07  1.00000E-06  1.12500E-06
  1.25000E-06  1.37500E-06  1.50000E-06  1.62500E-06  1.75000E-06  1.87500E-06
  2.00000E-06  2.25000E-06  2.50000E-06  2.75000E-06  3.00000E-06  3.25000E-06
  3.50000E-06  3.75000E-06  4.00000E-06  4.50000E-06  5.00000E-06  5.50000E-06
  6.00000E-06  6.50000E-06  7.00000E-06  7.50000E-06  8.00000E-06  9.00000E-06
  1.00000E-05  1.10000E-05  1.20000E-05  1.30000E-05  1.40000E-05  1.50000E-05
  1.60000E-05  1.80000E-05  2.00000E-05  2.20000E-05  2.40000E-05  2.60000E-05
  2.80000E-05  3.00000E-05  3.20000E-05  3.60000E-05  4.00000E-05  4.40000E-05
  4.80000E-05  5.20000E-05  5.60000E-05  6.00000E-05  6.40000E-05  7.20000E-05
  8.00000E-05  8.80000E-05  9.60000E-05  1.04000E-04  1.12000E-04  1.20000E-04
  1.28000E-04  1.44000E-04  1.60000E-04  1.76000E-04  1.92000E-04  2.08000E-04
  2.24000E-04  2.40000E-04  2.56000E-04  2.88000E-04  3.20000E-04  3.52000E-04
  3.84000E-04  4.16000E-04  4.48000E-04  4.80000E-04  5.12000E-04  5.76000E-04
  6.40000E-04  7.04000E-04  7.68000E-04  8.32000E-04  8.96000E-04  9.60000E-04
  1.02400E-03  1.15200E-03  1.28000E-03  1.40800E-03  1.53600E-03  1.66400E-03
  1.79200E-03  1.92000E-03  2.01600E-03  2.27200E-03  2.52800E-03  2.78400E-03
  3.04000E-03  3.29600E-03  3.55200E-03  3.80800E-03  4.06400E-03  4.57600E-03
  5.08800E-03  5.60000E-03  6.11200E-03  6.62400E-03  7.13600E-03  7.64800E-03
  8.16000E-03  9.18400E-03  1.02080E-02  1.12320E-02  1.22560E-02  1.32800E-02
  1.43040E-02  1.53280E-02  1.63520E-02  1.84000E-02  2.04480E-02  2.24960E-02
  2.45440E-02  2.65920E-02  2.86400E-02  3.06880E-02  3.27360E-02  3.68320E-02
  4.09280E-02  4.50240E-02  4.91200E-02  5.32160E-02  5.73120E-02  6.14080E-02
  6.55040E-02  7.36960E-02  8.18880E-02  9.00800E-02  9.82720E-02  1.06464E-01
  1.14656E-01  1.22848E-01  1.31040E-01  1.47424E-01  1.63808E-01  1.80192E-01
  1.96576E-01  2.12960E-01  2.29344E-01  2.45728E-01  2.62112E-01  2.94880E-01
  3.27648E-01  3.60416E-01  3.93184E-01  4.25952E-01  4.58720E-01  4.91488E-01
  5.24256E-01  5.89792E-01  6.55328E-01  7.20864E-01  7.86400E-01  8.51936E-01
  9.17472E-01  9.83008E-01  1.04854E+00  1.17962E+00  1.31069E+00  1.44176E+00
  1.57283E+00  1.70390E+00  1.83498E+00  1.96605E+00  2.09712E+00  2.35926E+00
  2.62141E+00  2.88355E+00  3.14570E+00  3.40784E+00  3.66998E+00  3.93213E+00
  4.19427E+00  4.71856E+00  5.24285E+00  5.76714E+00  6.29142E+00  6.81571E+00
  7.34000E+00  7.86429E+00
  9.93920E-01  9.95540E-01  9.90414E-01  9.93271E-01  9.91780E-01  9.89409E-01
  9.89581E-01  9.90588E-01  9.88383E-01  9.90198E-01  9.88013E-01  9.88983E-01
  9.89216E-01  9.90029E-01  9.87271E-01  9.89949E-01  9.88864E-01  9.88007E-01
  9.88381E-01  9.87973E-01  9.88015E-01  9.89345E-01  9.88869E-01  9.88633E-01
  9.89714E-01  9.89278E-01  9.89895E-01  9.88073E-01  9.88909E-01  9.89040E-01
  9.88683E-01  9.89205E-01  9.88792E-01  9.87482E-01  9.87787E-01  9.88081E-01
  9.88586E-01  9.88294E-01  9.88043E-01  9.88044E-01  9.88051E-01  9.87568E-01
  9.87749E-01  9.88649E-01  9.87634E-01  9.87275E-01  9.87373E-01  9.87085E-01
  9.87162E-01  9.86653E-01  9.86608E-01  9.86300E-01  9.86062E-01  9.85955E-01
  9.85204E-01  9.84895E-01  9.84677E-01  9.84362E-01  9.83618E-01  9.83256E-01
  9.83037E-01  9.82296E-01  9.81480E-01  9.80731E-01  9.79768E-01  9.78992E-01
  9.78146E-01  9.77344E-01  9.76591E-01  9.74952E-01  9.73383E-01  9.71651E-01
  9.70081E-01  9.68684E-01  9.66972E-01  9.65382E-01  9.63705E-01  9.60399E-01
  9.57361E-01  9.54298E-01  9.51019E-01  9.47947E-01  9.44746E-01  9.41683E-01
  9.36815E-01  9.30614E-01  9.24607E-01  9.18513E-01  9.12415E-01  9.06491E-01
  9.00545E-01  8.94691E-01  8.90156E-01  8.78609E-01  8.67132E-01  8.55867E-01
  8.44689E-01  8.33734E-01  8.22926E-01  8.12265E-01  8.01938E-01  7.81280E-01
  7.61315E-01  7.42056E-01  7.23242E-01  7.04830E-01  6.86883E-01  6.69449E-01
  6.52630E-01  6.20022E-01  5.89088E-01  5.59768E-01  5.32198E-01  5.06071E-01
  4.81057E-01  4.57529E-01  4.35865E-01  3.95668E-01  3.59802E-01  3.27545E-01
  2.98081E-01  2.71400E-01  2.47341E-01  2.25221E-01  2.06431E-01  1.73655E-01
  1.46096E-01  1.23561E-01  1.06006E-01  9.13744E-02  7.79241E-02  6.51345E-02
  5.33595E-02  3.40826E-02  2.11433E-02  1.38560E-02  1.26145E-02  8.52079E-03
  3.19673E-03  8.77191E-04  4.11637E-04 -8.69477E-03 -9.33951E-03 -8.87182E-03
 -6.49246E-03 -9.17911E-04  5.71755E-03  6.48457E-03  5.12076E-03 -5.51646E-04
 -6.74589E-03 -1.53817E-02 -9.03309E-03  9.97110E-03  8.54122E-03  5.67031E-03
  7.01844E-03  2.27815E-02  8.72364E-03 -3.83235E-03 -1.67555E-02 -1.52877E-02
 -2.40501E-02 -1.42610E-02 -4.91381E-03  1.15662E-02 -4.07662E-03 -4.41553E-03
  4.10174E-03 -5.97283E-03 -7.99101E-03 -1.09521E-02  4.74447E-03 -4.66086E-03
  5.11557E-04 -3.06122E-03 -8.13758E-03 -5.35967E-04 -4.74466E-03 -4.93561E-04
  1.85791E-02 -2.65809E-03 -6.77052E-03  1.35799E-05  2.40763E-03 -5.46330E-03
 -1.13231E-02 -1.70241E-03
