AutoSaveFileName0174.ASC
 IFORMY    0    .00
 (6E13.7)
 IFORMT    0    .00
 (6E13.7)
 IFORMW    0    .00
 (6E13.7)
 NINTT     0   -1.00
 DOUSNQ    0    1.00
 IQUAD     0    1.00
 PRWT      0    1.00
 PRY       0    1.00
 IPLRES    1    3.00
 IPLRES    2    3.00
 IPRINT    1    0.00
 IPRINT    2    2.00
 IPLFIT    1    0.00
 IPLFIT    2    0.00
 LINEPG    0   50.
 NONNEG    1    1.00
 IWT       0    5.00
 NQPROG    1    5.00
 NQPROG    2    5.00
 GMNMX     1    4.57215E-03
 GMNMX     2    1.64128E-03
 RUSER    10    -1.00
 NG        0    500.00
 NLINF     0    1.00
 IUSER    10    4.00
 RUSER    21    1.0
 RUSER    22   -1.0
 RUSER    23    0.0
 RUSER    18         292.03470
 RUSER    17         99.99900
 RUSER    19         1.02961
 RUSER    15         1.33200
 RUSER    16         632.80000
 RUSER    25         1
 RUSER    26         0
 END       0    0.00
 NY      162
  7.50000E-07  8.75000E-07  1.00000E-06  1.12500E-06  1.25000E-06  1.37500E-06
  1.50000E-06  1.62500E-06  1.75000E-06  1.87500E-06  2.00000E-06  2.25000E-06
  2.50000E-06  2.75000E-06  3.00000E-06  3.25000E-06  3.50000E-06  3.75000E-06
  4.00000E-06  4.50000E-06  5.00000E-06  5.50000E-06  6.00000E-06  6.50000E-06
  7.00000E-06  7.50000E-06  8.00000E-06  9.00000E-06  1.00000E-05  1.10000E-05
  1.20000E-05  1.30000E-05  1.40000E-05  1.50000E-05  1.60000E-05  1.80000E-05
  2.00000E-05  2.20000E-05  2.40000E-05  2.60000E-05  2.80000E-05  3.00000E-05
  3.20000E-05  3.60000E-05  4.00000E-05  4.40000E-05  4.80000E-05  5.20000E-05
  5.60000E-05  6.00000E-05  6.40000E-05  7.20000E-05  8.00000E-05  8.80000E-05
  9.60000E-05  1.04000E-04  1.12000E-04  1.20000E-04  1.28000E-04  1.44000E-04
  1.60000E-04  1.76000E-04  1.92000E-04  2.08000E-04  2.24000E-04  2.40000E-04
  2.56000E-04  2.88000E-04  3.20000E-04  3.52000E-04  3.84000E-04  4.16000E-04
  4.48000E-04  4.80000E-04  5.12000E-04  5.76000E-04  6.40000E-04  7.04000E-04
  7.68000E-04  8.32000E-04  8.96000E-04  9.60000E-04  1.02400E-03  1.15200E-03
  1.28000E-03  1.40800E-03  1.53600E-03  1.66400E-03  1.79200E-03  1.92000E-03
  2.01600E-03  2.27200E-03  2.52800E-03  2.78400E-03  3.04000E-03  3.29600E-03
  3.55200E-03  3.80800E-03  4.06400E-03  4.57600E-03  5.08800E-03  5.60000E-03
  6.11200E-03  6.62400E-03  7.13600E-03  7.64800E-03  8.16000E-03  9.18400E-03
  1.02080E-02  1.12320E-02  1.22560E-02  1.32800E-02  1.43040E-02  1.53280E-02
  1.63520E-02  1.84000E-02  2.04480E-02  2.24960E-02  2.45440E-02  2.65920E-02
  2.86400E-02  3.06880E-02  3.27360E-02  3.68320E-02  4.09280E-02  4.50240E-02
  4.91200E-02  5.32160E-02  5.73120E-02  6.14080E-02  6.55040E-02  7.36960E-02
  8.18880E-02  9.00800E-02  9.82720E-02  1.06464E-01  1.14656E-01  1.22848E-01
  1.31040E-01  1.47424E-01  1.63808E-01  1.80192E-01  1.96576E-01  2.12960E-01
  2.29344E-01  2.45728E-01  2.62112E-01  2.94880E-01  3.27648E-01  3.60416E-01
  3.93184E-01  4.25952E-01  4.58720E-01  4.91488E-01  5.24256E-01  5.89792E-01
  6.55328E-01  7.20864E-01  7.86400E-01  8.51936E-01  9.17472E-01  9.83008E-01
  1.00000E+00  9.99207E-01  9.90196E-01  9.95054E-01  9.90854E-01  9.94221E-01
  9.90751E-01  9.90938E-01  9.88851E-01  9.93323E-01  9.91073E-01  9.89506E-01
  9.86022E-01  9.87859E-01  9.85861E-01  9.85192E-01  9.85241E-01  9.82328E-01
  9.79735E-01  9.81896E-01  9.77228E-01  9.76029E-01  9.74117E-01  9.72030E-01
  9.71500E-01  9.69222E-01  9.66561E-01  9.63091E-01  9.59026E-01  9.55787E-01
  9.52088E-01  9.49570E-01  9.43567E-01  9.41228E-01  9.37226E-01  9.29514E-01
  9.23370E-01  9.15312E-01  9.07736E-01  9.01873E-01  8.93820E-01  8.86300E-01
  8.80612E-01  8.67335E-01  8.53532E-01  8.40177E-01  8.27488E-01  8.14422E-01
  8.01882E-01  7.89366E-01  7.77475E-01  7.53735E-01  7.30263E-01  7.08534E-01
  6.86890E-01  6.66147E-01  6.45963E-01  6.25858E-01  6.06862E-01  5.70650E-01
  5.36630E-01  5.04322E-01  4.73934E-01  4.45709E-01  4.18777E-01  3.93840E-01
  3.70539E-01  3.28089E-01  2.90228E-01  2.57470E-01  2.27865E-01  2.02194E-01
  1.79265E-01  1.58778E-01  1.40989E-01  1.10108E-01  8.63126E-02  6.82039E-02
  5.41495E-02  4.31143E-02  3.43951E-02  2.75602E-02  2.21332E-02  1.34009E-02
  7.72273E-03  4.22858E-03  2.93983E-03  2.59956E-03  1.77216E-03  1.03087E-03
  1.22882E-04 -1.31785E-04 -5.46749E-04 -8.91351E-04 -1.20139E-03 -1.15084E-03
 -1.19763E-03  1.08077E-03  1.12185E-03  4.87823E-04 -3.58895E-04 -9.92656E-04
 -1.99651E-03 -1.51362E-03 -4.75412E-04 -1.26781E-03 -3.04981E-04 -1.45046E-03
 -7.20851E-04  2.13879E-03  1.44575E-03  3.27587E-04 -9.29071E-04 -1.45903E-03
 -3.54249E-04  1.69418E-04 -1.18392E-03 -1.28151E-03 -4.73166E-04 -1.03988E-03
 -1.10472E-03 -4.15290E-04 -1.40870E-04  1.04522E-03  2.11958E-03  9.99014E-04
  9.94527E-04 -1.96757E-04  3.82255E-04  1.74000E-04 -7.40168E-04 -6.14075E-04
 -1.85547E-04 -1.56102E-04  5.76056E-04  2.03344E-04 -1.29320E-04  1.11856E-03
  6.18128E-04 -2.95174E-04 -4.93637E-06  2.06594E-04 -1.52415E-04  4.36663E-04
 -1.34234E-03  2.08191E-05 -2.48802E-04  5.82322E-05 -3.26687E-04 -1.55346E-04
  7.91048E-04  1.70585E-04  9.83440E-05 -2.98703E-04 -5.32911E-05 -1.40401E-05
 -3.87695E-05  2.41794E-04 -2.54998E-04  2.63638E-04 -2.76229E-04 -3.23800E-07
