AutoSaveFileName0034.ASC
 IFORMY    0    .00
 (6E13.7)
 IFORMT    0    .00
 (6E13.7)
 IFORMW    0    .00
 (6E13.7)
 NINTT     0   -1.00
 DOUSNQ    0    1.00
 IQUAD          1.00
 PRWT      0    1.00
 PRY       0    1.00
 IPLRES    1    3.00
 IPLRES    2    3.00
 IPRINT    1    0.00
 IPRINT    2    2.00
 IPLFIT    1    0.00
 IPLFIT    2    0.00
 LINEPG    0   50.
 NONNEG    1    1.00
 IWT       0    5.00
 NQPROG    1    5.00
 NQPROG    2    5.00
 GMNMX     1    1.368E-04
 GMNMX     2    1.368E-01
 RUSER    10    -1.00
 NG        0    200.00
 NLINF     0    0.00
 IUSER    10    4.00
 RUSER    21    1.0
 RUSER    22   -1.0
 RUSER    23    0.0
 RUSER    18         291.82467
 RUSER    17         25.99900
 RUSER    19         1.03499
 RUSER    15         1.33200
 RUSER    16         632.80000
 RUSER    25         1
 RUSER    26         0
 END       0    0.00
 NY      131
  3.75000E-07  5.00000E-07  6.25000E-07  7.50000E-07  8.75000E-07  1.00000E-06
  1.12500E-06  1.25000E-06  1.37500E-06  1.50000E-06  1.62500E-06  1.75000E-06
  1.87500E-06  2.00000E-06  2.25000E-06  2.50000E-06  2.75000E-06  3.00000E-06
  3.25000E-06  3.50000E-06  3.75000E-06  4.00000E-06  4.50000E-06  5.00000E-06
  5.50000E-06  6.00000E-06  6.50000E-06  7.00000E-06  7.50000E-06  8.00000E-06
  9.00000E-06  1.00000E-05  1.10000E-05  1.20000E-05  1.30000E-05  1.40000E-05
  1.50000E-05  1.60000E-05  1.80000E-05  2.00000E-05  2.20000E-05  2.40000E-05
  2.60000E-05  2.80000E-05  3.00000E-05  3.20000E-05  3.60000E-05  4.00000E-05
  4.40000E-05  4.80000E-05  5.20000E-05  5.60000E-05  6.00000E-05  6.40000E-05
  7.20000E-05  8.00000E-05  8.80000E-05  9.60000E-05  1.04000E-04  1.12000E-04
  1.20000E-04  1.28000E-04  1.44000E-04  1.60000E-04  1.76000E-04  1.92000E-04
  2.08000E-04  2.24000E-04  2.40000E-04  2.56000E-04  2.88000E-04  3.20000E-04
  3.52000E-04  3.84000E-04  4.16000E-04  4.48000E-04  4.80000E-04  5.12000E-04
  5.76000E-04  6.40000E-04  7.04000E-04  7.68000E-04  8.32000E-04  8.96000E-04
  9.60000E-04  1.02400E-03  1.15200E-03  1.28000E-03  1.40800E-03  1.53600E-03
  1.66400E-03  1.79200E-03  1.92000E-03  2.01600E-03  2.27200E-03  2.52800E-03
  2.78400E-03  3.04000E-03  3.29600E-03  3.55200E-03  3.80800E-03  4.06400E-03
  4.57600E-03  5.08800E-03  5.60000E-03  6.11200E-03  6.62400E-03  7.13600E-03
  7.64800E-03  8.16000E-03  9.18400E-03  1.02080E-02  1.12320E-02  1.22560E-02
  1.32800E-02  1.43040E-02  1.53280E-02  1.63520E-02  1.84000E-02  2.04480E-02
  2.24960E-02  2.45440E-02  2.65920E-02  2.86400E-02  3.06880E-02  3.27360E-02
  3.68320E-02  4.09280E-02  4.50240E-02  4.91200E-02  5.32160E-02
  1.55018E+00  1.54722E+00  1.54795E+00  1.54702E+00  1.54525E+00  1.54588E+00
  1.54379E+00  1.54225E+00  1.54358E+00  1.54518E+00  1.54358E+00  1.54534E+00
  1.54664E+00  1.54267E+00  1.54294E+00  1.54051E+00  1.54170E+00  1.54040E+00
  1.53930E+00  1.54283E+00  1.54153E+00  1.54129E+00  1.54263E+00  1.54251E+00
  1.54224E+00  1.54097E+00  1.54112E+00  1.54329E+00  1.54290E+00  1.54215E+00
  1.54220E+00  1.54185E+00  1.54212E+00  1.54179E+00  1.54238E+00  1.54065E+00
  1.54070E+00  1.54045E+00  1.54075E+00  1.54030E+00  1.54049E+00  1.54143E+00
  1.54049E+00  1.53986E+00  1.54006E+00  1.53966E+00  1.53991E+00  1.53970E+00
  1.53918E+00  1.53848E+00  1.53906E+00  1.53829E+00  1.53810E+00  1.53707E+00
  1.53695E+00  1.53625E+00  1.53557E+00  1.53487E+00  1.53420E+00  1.53316E+00
  1.53263E+00  1.53200E+00  1.53091E+00  1.52951E+00  1.52790E+00  1.52654E+00
  1.52551E+00  1.52410E+00  1.52274E+00  1.52118E+00  1.51850E+00  1.51594E+00
  1.51313E+00  1.51026E+00  1.50810E+00  1.50535E+00  1.50253E+00  1.49926E+00
  1.49394E+00  1.48873E+00  1.48357E+00  1.47837E+00  1.47310E+00  1.46787E+00
  1.46283E+00  1.45652E+00  1.44622E+00  1.43598E+00  1.42570E+00  1.41560E+00
  1.40550E+00  1.39559E+00  1.38569E+00  1.38101E+00  1.36137E+00  1.34180E+00
  1.32267E+00  1.30374E+00  1.28549E+00  1.26738E+00  1.24952E+00  1.23159E+00
  1.19706E+00  1.16414E+00  1.13243E+00  1.10165E+00  1.07168E+00  1.04232E+00
  1.01362E+00  9.84663E-01  9.28769E-01  8.74314E-01  8.21671E-01  7.73894E-01
  7.28929E-01  6.87801E-01  6.50188E-01  6.14217E-01  5.50098E-01  4.94985E-01
  4.49395E-01  4.09832E-01  3.73629E-01  3.40345E-01  3.07906E-01  2.79482E-01
  2.30568E-01  1.91370E-01  1.60973E-01  1.34052E-01  1.13134E-01
