AutoSaveFileName0207.ASC
 IFORMY    0    .00
 (6E13.7)
 IFORMT    0    .00
 (6E13.7)
 IFORMW    0    .00
 (6E13.7)
 NINTT     0   -1.00
 DOUSNQ    0    1.00
 IQUAD     0    1.00
 PRWT      0    1.00
 PRY       0    1.00
 IPLRES    1    3.00
 IPLRES    2    3.00
 IPRINT    1    0.00
 IPRINT    2    2.00
 IPLFIT    1    0.00
 IPLFIT    2    0.00
 LINEPG    0   50.
 NONNEG    1    1.00
 IWT       0    5.00
 NQPROG    1    5.00
 NQPROG    2    5.00
 GMNMX     1    3.76763E-03
 GMNMX     2    1.35248E-03
 RUSER    10    -1.00
 NG        0    500.00
 NLINF     0    1.00
 IUSER    10    4.00
 RUSER    21    1.0
 RUSER    22   -1.0
 RUSER    23    0.0
 RUSER    18         292.07557
 RUSER    17         114.99900
 RUSER    19         1.02857
 RUSER    15         1.33200
 RUSER    16         632.80000
 RUSER    25         1
 RUSER    26         0
 END       0    0.00
 NY      162
  7.50000E-07  8.75000E-07  1.00000E-06  1.12500E-06  1.25000E-06  1.37500E-06
  1.50000E-06  1.62500E-06  1.75000E-06  1.87500E-06  2.00000E-06  2.25000E-06
  2.50000E-06  2.75000E-06  3.00000E-06  3.25000E-06  3.50000E-06  3.75000E-06
  4.00000E-06  4.50000E-06  5.00000E-06  5.50000E-06  6.00000E-06  6.50000E-06
  7.00000E-06  7.50000E-06  8.00000E-06  9.00000E-06  1.00000E-05  1.10000E-05
  1.20000E-05  1.30000E-05  1.40000E-05  1.50000E-05  1.60000E-05  1.80000E-05
  2.00000E-05  2.20000E-05  2.40000E-05  2.60000E-05  2.80000E-05  3.00000E-05
  3.20000E-05  3.60000E-05  4.00000E-05  4.40000E-05  4.80000E-05  5.20000E-05
  5.60000E-05  6.00000E-05  6.40000E-05  7.20000E-05  8.00000E-05  8.80000E-05
  9.60000E-05  1.04000E-04  1.12000E-04  1.20000E-04  1.28000E-04  1.44000E-04
  1.60000E-04  1.76000E-04  1.92000E-04  2.08000E-04  2.24000E-04  2.40000E-04
  2.56000E-04  2.88000E-04  3.20000E-04  3.52000E-04  3.84000E-04  4.16000E-04
  4.48000E-04  4.80000E-04  5.12000E-04  5.76000E-04  6.40000E-04  7.04000E-04
  7.68000E-04  8.32000E-04  8.96000E-04  9.60000E-04  1.02400E-03  1.15200E-03
  1.28000E-03  1.40800E-03  1.53600E-03  1.66400E-03  1.79200E-03  1.92000E-03
  2.01600E-03  2.27200E-03  2.52800E-03  2.78400E-03  3.04000E-03  3.29600E-03
  3.55200E-03  3.80800E-03  4.06400E-03  4.57600E-03  5.08800E-03  5.60000E-03
  6.11200E-03  6.62400E-03  7.13600E-03  7.64800E-03  8.16000E-03  9.18400E-03
  1.02080E-02  1.12320E-02  1.22560E-02  1.32800E-02  1.43040E-02  1.53280E-02
  1.63520E-02  1.84000E-02  2.04480E-02  2.24960E-02  2.45440E-02  2.65920E-02
  2.86400E-02  3.06880E-02  3.27360E-02  3.68320E-02  4.09280E-02  4.50240E-02
  4.91200E-02  5.32160E-02  5.73120E-02  6.14080E-02  6.55040E-02  7.36960E-02
  8.18880E-02  9.00800E-02  9.82720E-02  1.06464E-01  1.14656E-01  1.22848E-01
  1.31040E-01  1.47424E-01  1.63808E-01  1.80192E-01  1.96576E-01  2.12960E-01
  2.29344E-01  2.45728E-01  2.62112E-01  2.94880E-01  3.27648E-01  3.60416E-01
  3.93184E-01  4.25952E-01  4.58720E-01  4.91488E-01  5.24256E-01  5.89792E-01
  6.55328E-01  7.20864E-01  7.86400E-01  8.51936E-01  9.17472E-01  9.83008E-01
  9.98484E-01  1.00000E+00  9.99630E-01  9.94958E-01  9.96218E-01  9.93737E-01
  9.95938E-01  9.92043E-01  9.93538E-01  9.91174E-01  9.92103E-01  9.89833E-01
  9.88160E-01  9.89080E-01  9.87713E-01  9.86461E-01  9.83788E-01  9.83467E-01
  9.80839E-01  9.79557E-01  9.77092E-01  9.74857E-01  9.71640E-01  9.70285E-01
  9.68117E-01  9.64681E-01  9.62541E-01  9.58382E-01  9.53868E-01  9.49653E-01
  9.45545E-01  9.40445E-01  9.36526E-01  9.30889E-01  9.26874E-01  9.18671E-01
  9.09237E-01  9.00782E-01  8.92959E-01  8.83294E-01  8.75157E-01  8.66682E-01
  8.58628E-01  8.42600E-01  8.26451E-01  8.11352E-01  7.95453E-01  7.80525E-01
  7.65629E-01  7.51534E-01  7.37038E-01  7.09189E-01  6.82563E-01  6.57056E-01
  6.32012E-01  6.08707E-01  5.85360E-01  5.63732E-01  5.43146E-01  5.03596E-01
  4.66935E-01  4.32627E-01  4.01141E-01  3.71911E-01  3.44762E-01  3.19208E-01
  2.96274E-01  2.54572E-01  2.18459E-01  1.87338E-01  1.60621E-01  1.37925E-01
  1.18294E-01  1.01831E-01  8.78625E-02  6.47365E-02  4.78026E-02  3.48955E-02
  2.56327E-02  1.87354E-02  1.33809E-02  9.62882E-03  6.98528E-03  3.36186E-03
  1.98584E-03  1.29451E-03  1.24642E-03  1.68371E-03  2.19829E-03  1.42051E-03
  1.02532E-03  8.97589E-04  8.56349E-04  4.42821E-04 -4.09781E-04 -2.46888E-04
  2.65437E-04  2.22320E-04  1.17208E-03  8.96903E-04  9.08913E-04  1.51335E-03
 -9.22514E-05 -7.64385E-04 -1.05083E-03 -2.20176E-04  1.49559E-04 -2.34351E-04
  3.52481E-04  2.53487E-06  1.20248E-03 -8.87316E-04 -4.77287E-04  3.52386E-04
  1.19542E-05  8.02106E-04  1.09244E-04 -3.00323E-04  1.97627E-04  4.69381E-04
  2.70826E-04  4.26169E-04 -1.16405E-04 -3.62908E-04 -1.27317E-04 -3.43709E-05
  6.59327E-04 -7.79487E-04 -9.92952E-04  4.32473E-04  6.70984E-04  2.25360E-05
  6.56843E-04 -5.04843E-04 -3.31379E-04 -2.43661E-04 -2.01508E-05 -2.55570E-04
 -4.68890E-05 -6.11434E-05 -3.27076E-04  4.24879E-05 -3.75692E-04 -1.89732E-05
 -7.16010E-06  2.44234E-04  2.28747E-04 -7.44561E-05 -6.05715E-05  5.15487E-05
 -2.76768E-05  2.52594E-04 -1.47307E-04 -1.65206E-04 -8.90172E-05 -4.36439E-05
 -3.18469E-05 -1.69630E-05 -5.04515E-05 -2.87398E-06  1.20404E-04 -1.42069E-04
