AutoSaveFileName0244.ASC
 IFORMY    0    .00
 (6E13.7)
 IFORMT    0    .00
 (6E13.7)
 IFORMW    0    .00
 (6E13.7)
 NINTT     0   -1.00
 DOUSNQ    0    1.00
 IQUAD          1.00
 PRWT      0    1.00
 PRY       0    1.00
 IPLRES    1    3.00
 IPLRES    2    3.00
 IPRINT    1    0.00
 IPRINT    2    2.00
 IPLFIT    1    0.00
 IPLFIT    2    0.00
 LINEPG    0   50.
 NONNEG    1    1.00
 IWT       0    5.00
 NQPROG    1    5.00
 NQPROG    2    5.00
 GMNMX     1    1.244E-05
 GMNMX     2    1.244E-02
 RUSER    10    -1.00
 NG        0    200.00
 NLINF     0    0.00
 IUSER    10    4.00
 RUSER    21    1.0
 RUSER    22   -1.0
 RUSER    23    0.0
 RUSER    18         292.08865
 RUSER    17         95.99900
 RUSER    19         1.02824
 RUSER    15         1.33200
 RUSER    16         632.80000
 RUSER    25         1
 RUSER    26         0
 END       0    0.00
 NY      131
  3.75000E-07  5.00000E-07  6.25000E-07  7.50000E-07  8.75000E-07  1.00000E-06
  1.12500E-06  1.25000E-06  1.37500E-06  1.50000E-06  1.62500E-06  1.75000E-06
  1.87500E-06  2.00000E-06  2.25000E-06  2.50000E-06  2.75000E-06  3.00000E-06
  3.25000E-06  3.50000E-06  3.75000E-06  4.00000E-06  4.50000E-06  5.00000E-06
  5.50000E-06  6.00000E-06  6.50000E-06  7.00000E-06  7.50000E-06  8.00000E-06
  9.00000E-06  1.00000E-05  1.10000E-05  1.20000E-05  1.30000E-05  1.40000E-05
  1.50000E-05  1.60000E-05  1.80000E-05  2.00000E-05  2.20000E-05  2.40000E-05
  2.60000E-05  2.80000E-05  3.00000E-05  3.20000E-05  3.60000E-05  4.00000E-05
  4.40000E-05  4.80000E-05  5.20000E-05  5.60000E-05  6.00000E-05  6.40000E-05
  7.20000E-05  8.00000E-05  8.80000E-05  9.60000E-05  1.04000E-04  1.12000E-04
  1.20000E-04  1.28000E-04  1.44000E-04  1.60000E-04  1.76000E-04  1.92000E-04
  2.08000E-04  2.24000E-04  2.40000E-04  2.56000E-04  2.88000E-04  3.20000E-04
  3.52000E-04  3.84000E-04  4.16000E-04  4.48000E-04  4.80000E-04  5.12000E-04
  5.76000E-04  6.40000E-04  7.04000E-04  7.68000E-04  8.32000E-04  8.96000E-04
  9.60000E-04  1.02400E-03  1.15200E-03  1.28000E-03  1.40800E-03  1.53600E-03
  1.66400E-03  1.79200E-03  1.92000E-03  2.01600E-03  2.27200E-03  2.52800E-03
  2.78400E-03  3.04000E-03  3.29600E-03  3.55200E-03  3.80800E-03  4.06400E-03
  4.57600E-03  5.08800E-03  5.60000E-03  6.11200E-03  6.62400E-03  7.13600E-03
  7.64800E-03  8.16000E-03  9.18400E-03  1.02080E-02  1.12320E-02  1.22560E-02
  1.32800E-02  1.43040E-02  1.53280E-02  1.63520E-02  1.84000E-02  2.04480E-02
  2.24960E-02  2.45440E-02  2.65920E-02  2.86400E-02  3.06880E-02  3.27360E-02
  3.68320E-02  4.09280E-02  4.50240E-02  4.91200E-02  5.32160E-02
  1.63772E+00  1.63293E+00  1.62917E+00  1.63370E+00  1.62552E+00  1.62637E+00
  1.62628E+00  1.62452E+00  1.63022E+00  1.62847E+00  1.62702E+00  1.62486E+00
  1.62681E+00  1.62539E+00  1.62398E+00  1.62358E+00  1.62243E+00  1.62384E+00
  1.62565E+00  1.62334E+00  1.62331E+00  1.62325E+00  1.62381E+00  1.62049E+00
  1.62132E+00  1.62094E+00  1.62018E+00  1.61961E+00  1.62088E+00  1.62102E+00
  1.61894E+00  1.61824E+00  1.61777E+00  1.61481E+00  1.61518E+00  1.61321E+00
  1.61199E+00  1.61088E+00  1.61023E+00  1.60843E+00  1.60633E+00  1.60374E+00
  1.60244E+00  1.60020E+00  1.59884E+00  1.59708E+00  1.59277E+00  1.58957E+00
  1.58547E+00  1.58154E+00  1.57824E+00  1.57365E+00  1.57097E+00  1.56700E+00
  1.55936E+00  1.55212E+00  1.54466E+00  1.53760E+00  1.52994E+00  1.52328E+00
  1.51546E+00  1.50873E+00  1.49465E+00  1.48152E+00  1.46717E+00  1.45304E+00
  1.43950E+00  1.42615E+00  1.41258E+00  1.39933E+00  1.37283E+00  1.34709E+00
  1.32226E+00  1.29734E+00  1.27301E+00  1.24922E+00  1.22587E+00  1.20318E+00
  1.15842E+00  1.11547E+00  1.07449E+00  1.03476E+00  9.96740E-01  9.60398E-01
  9.25295E-01  8.92004E-01  8.28160E-01  7.68414E-01  7.13278E-01  6.62298E-01
  6.15136E-01  5.71263E-01  5.30289E-01  5.02037E-01  4.32722E-01  3.73838E-01
  3.21974E-01  2.77142E-01  2.38008E-01  2.04040E-01  1.74441E-01  1.49664E-01
  1.05752E-01  7.14709E-02  4.65174E-02  2.76730E-02  1.68297E-02  9.03581E-03
  4.17175E-03  2.32882E-03  9.19938E-04 -6.10553E-03 -5.79044E-03 -5.03079E-03
 -7.31977E-03 -6.12981E-03 -4.85501E-04  5.32604E-04  4.28177E-04 -6.14381E-03
 -8.40784E-03 -8.48390E-03 -1.93771E-02 -1.30826E-02 -1.32780E-02 -1.65557E-02
 -1.53865E-02 -3.35556E-03  1.49875E-02  1.26221E-03  1.84434E-03
