AutoSaveFileName0221.ASC
 IFORMY    0    .00
 (6E13.7)
 IFORMT    0    .00
 (6E13.7)
 IFORMW    0    .00
 (6E13.7)
 NINTT     0   -1.00
 DOUSNQ    0    1.00
 IQUAD          1.00
 PRWT      0    1.00
 PRY       0    1.00
 IPLRES    1    3.00
 IPLRES    2    3.00
 IPRINT    1    0.00
 IPRINT    2    2.00
 IPLFIT    1    0.00
 IPLFIT    2    0.00
 LINEPG    0   50.
 NONNEG    1    1.00
 IWT       0    5.00
 NQPROG    1    5.00
 NQPROG    2    5.00
 GMNMX     1    1.425E-05
 GMNMX     2    1.425E-02
 RUSER    10    -1.00
 NG        0    200.00
 NLINF     0    0.00
 IUSER    10    4.00
 RUSER    21    1.0
 RUSER    22   -1.0
 RUSER    23    0.0
 RUSER    18         292.05696
 RUSER    17         87.99900
 RUSER    19         1.02905
 RUSER    15         1.33200
 RUSER    16         632.80000
 RUSER    25         1
 RUSER    26         0
 END       0    0.00
 NY      131
  3.75000E-07  5.00000E-07  6.25000E-07  7.50000E-07  8.75000E-07  1.00000E-06
  1.12500E-06  1.25000E-06  1.37500E-06  1.50000E-06  1.62500E-06  1.75000E-06
  1.87500E-06  2.00000E-06  2.25000E-06  2.50000E-06  2.75000E-06  3.00000E-06
  3.25000E-06  3.50000E-06  3.75000E-06  4.00000E-06  4.50000E-06  5.00000E-06
  5.50000E-06  6.00000E-06  6.50000E-06  7.00000E-06  7.50000E-06  8.00000E-06
  9.00000E-06  1.00000E-05  1.10000E-05  1.20000E-05  1.30000E-05  1.40000E-05
  1.50000E-05  1.60000E-05  1.80000E-05  2.00000E-05  2.20000E-05  2.40000E-05
  2.60000E-05  2.80000E-05  3.00000E-05  3.20000E-05  3.60000E-05  4.00000E-05
  4.40000E-05  4.80000E-05  5.20000E-05  5.60000E-05  6.00000E-05  6.40000E-05
  7.20000E-05  8.00000E-05  8.80000E-05  9.60000E-05  1.04000E-04  1.12000E-04
  1.20000E-04  1.28000E-04  1.44000E-04  1.60000E-04  1.76000E-04  1.92000E-04
  2.08000E-04  2.24000E-04  2.40000E-04  2.56000E-04  2.88000E-04  3.20000E-04
  3.52000E-04  3.84000E-04  4.16000E-04  4.48000E-04  4.80000E-04  5.12000E-04
  5.76000E-04  6.40000E-04  7.04000E-04  7.68000E-04  8.32000E-04  8.96000E-04
  9.60000E-04  1.02400E-03  1.15200E-03  1.28000E-03  1.40800E-03  1.53600E-03
  1.66400E-03  1.79200E-03  1.92000E-03  2.01600E-03  2.27200E-03  2.52800E-03
  2.78400E-03  3.04000E-03  3.29600E-03  3.55200E-03  3.80800E-03  4.06400E-03
  4.57600E-03  5.08800E-03  5.60000E-03  6.11200E-03  6.62400E-03  7.13600E-03
  7.64800E-03  8.16000E-03  9.18400E-03  1.02080E-02  1.12320E-02  1.22560E-02
  1.32800E-02  1.43040E-02  1.53280E-02  1.63520E-02  1.84000E-02  2.04480E-02
  2.24960E-02  2.45440E-02  2.65920E-02  2.86400E-02  3.06880E-02  3.27360E-02
  3.68320E-02  4.09280E-02  4.50240E-02  4.91200E-02  5.32160E-02
  2.48027E+00  2.48065E+00  2.47065E+00  2.46899E+00  2.47055E+00  2.46812E+00
  2.47320E+00  2.46781E+00  2.46780E+00  2.46915E+00  2.46930E+00  2.46454E+00
  2.46635E+00  2.46431E+00  2.46108E+00  2.45905E+00  2.46564E+00  2.46549E+00
  2.46118E+00  2.46649E+00  2.46060E+00  2.46436E+00  2.46068E+00  2.46204E+00
  2.45758E+00  2.45804E+00  2.45932E+00  2.45876E+00  2.45908E+00  2.45753E+00
  2.45715E+00  2.45293E+00  2.45404E+00  2.45139E+00  2.45012E+00  2.44868E+00
  2.44915E+00  2.44587E+00  2.44489E+00  2.44336E+00  2.44019E+00  2.43843E+00
  2.43614E+00  2.43286E+00  2.43142E+00  2.42942E+00  2.42367E+00  2.41912E+00
  2.41510E+00  2.41106E+00  2.40566E+00  2.39979E+00  2.39606E+00  2.39150E+00
  2.38257E+00  2.37203E+00  2.36330E+00  2.35502E+00  2.34630E+00  2.33538E+00
  2.32668E+00  2.31734E+00  2.29922E+00  2.28176E+00  2.26378E+00  2.24610E+00
  2.22815E+00  2.21072E+00  2.19414E+00  2.17685E+00  2.14283E+00  2.10998E+00
  2.07749E+00  2.04556E+00  2.01376E+00  1.98231E+00  1.95186E+00  1.92214E+00
  1.86388E+00  1.80712E+00  1.75239E+00  1.69890E+00  1.64765E+00  1.59846E+00
  1.55055E+00  1.46591E+00  1.37822E+00  1.29665E+00  1.22005E+00  1.14898E+00
  1.08205E+00  1.01991E+00  9.61032E-01  9.43277E-01  8.38755E-01  7.46326E-01
  6.64457E-01  5.91388E-01  5.27286E-01  4.70882E-01  4.22222E-01  3.80010E-01
  3.06098E-01  2.45318E-01  1.97104E-01  1.60037E-01  1.27789E-01  1.02455E-01
  8.49463E-02  7.01241E-02  4.10395E-02  1.88759E-02  1.00715E-02  9.48203E-03
  1.52314E-02  1.47627E-02  9.67639E-03  4.19298E-03  1.67689E-03 -7.17322E-03
 -3.21553E-02 -3.60872E-02 -2.51106E-02 -1.64340E-02 -2.87481E-02 -2.56324E-02
 -2.40397E-03  8.29486E-03  5.44279E-03 -8.71101E-03  1.75494E-03
