AutoSaveFileName0201.ASC
 IFORMY    0    .00
 (6E13.7)
 IFORMT    0    .00
 (6E13.7)
 IFORMW    0    .00
 (6E13.7)
 NINTT     0   -1.00
 DOUSNQ    0    1.00
 IQUAD          1.00
 PRWT      0    1.00
 PRY       0    1.00
 IPLRES    1    3.00
 IPLRES    2    3.00
 IPRINT    1    0.00
 IPRINT    2    2.00
 IPLFIT    1    0.00
 IPLFIT    2    0.00
 LINEPG    0   50.
 NONNEG    1    1.00
 IWT       0    5.00
 NQPROG    1    5.00
 NQPROG    2    5.00
 GMNMX     1    9.618E-06
 GMNMX     2    9.618E-03
 RUSER    10    -1.00
 NG        0    200.00
 NLINF     0    0.00
 IUSER    10    4.00
 RUSER    21    1.0
 RUSER    22   -1.0
 RUSER    23    0.0
 RUSER    18         292.23409
 RUSER    17         114.99900
 RUSER    19         1.02455
 RUSER    15         1.33200
 RUSER    16         632.80000
 RUSER    25         1
 RUSER    26         0
 END       0    0.00
 NY      188
  5.00000E-07  6.25000E-07  7.50000E-07  8.75000E-07  1.00000E-06  1.12500E-06
  1.25000E-06  1.37500E-06  1.50000E-06  1.62500E-06  1.75000E-06  1.87500E-06
  2.00000E-06  2.25000E-06  2.50000E-06  2.75000E-06  3.00000E-06  3.25000E-06
  3.50000E-06  3.75000E-06  4.00000E-06  4.50000E-06  5.00000E-06  5.50000E-06
  6.00000E-06  6.50000E-06  7.00000E-06  7.50000E-06  8.00000E-06  9.00000E-06
  1.00000E-05  1.10000E-05  1.20000E-05  1.30000E-05  1.40000E-05  1.50000E-05
  1.60000E-05  1.80000E-05  2.00000E-05  2.20000E-05  2.40000E-05  2.60000E-05
  2.80000E-05  3.00000E-05  3.20000E-05  3.60000E-05  4.00000E-05  4.40000E-05
  4.80000E-05  5.20000E-05  5.60000E-05  6.00000E-05  6.40000E-05  7.20000E-05
  8.00000E-05  8.80000E-05  9.60000E-05  1.04000E-04  1.12000E-04  1.20000E-04
  1.28000E-04  1.44000E-04  1.60000E-04  1.76000E-04  1.92000E-04  2.08000E-04
  2.24000E-04  2.40000E-04  2.56000E-04  2.88000E-04  3.20000E-04  3.52000E-04
  3.84000E-04  4.16000E-04  4.48000E-04  4.80000E-04  5.12000E-04  5.76000E-04
  6.40000E-04  7.04000E-04  7.68000E-04  8.32000E-04  8.96000E-04  9.60000E-04
  1.02400E-03  1.15200E-03  1.28000E-03  1.40800E-03  1.53600E-03  1.66400E-03
  1.79200E-03  1.92000E-03  2.01600E-03  2.27200E-03  2.52800E-03  2.78400E-03
  3.04000E-03  3.29600E-03  3.55200E-03  3.80800E-03  4.06400E-03  4.57600E-03
  5.08800E-03  5.60000E-03  6.11200E-03  6.62400E-03  7.13600E-03  7.64800E-03
  8.16000E-03  9.18400E-03  1.02080E-02  1.12320E-02  1.22560E-02  1.32800E-02
  1.43040E-02  1.53280E-02  1.63520E-02  1.84000E-02  2.04480E-02  2.24960E-02
  2.45440E-02  2.65920E-02  2.86400E-02  3.06880E-02  3.27360E-02  3.68320E-02
  4.09280E-02  4.50240E-02  4.91200E-02  5.32160E-02  5.73120E-02  6.14080E-02
  6.55040E-02  7.36960E-02  8.18880E-02  9.00800E-02  9.82720E-02  1.06464E-01
  1.14656E-01  1.22848E-01  1.31040E-01  1.47424E-01  1.63808E-01  1.80192E-01
  1.96576E-01  2.12960E-01  2.29344E-01  2.45728E-01  2.62112E-01  2.94880E-01
  3.27648E-01  3.60416E-01  3.93184E-01  4.25952E-01  4.58720E-01  4.91488E-01
  5.24256E-01  5.89792E-01  6.55328E-01  7.20864E-01  7.86400E-01  8.51936E-01
  9.17472E-01  9.83008E-01  1.04854E+00  1.17962E+00  1.31069E+00  1.44176E+00
  1.57283E+00  1.70390E+00  1.83498E+00  1.96605E+00  2.09712E+00  2.35926E+00
  2.62141E+00  2.88355E+00  3.14570E+00  3.40784E+00  3.66998E+00  3.93213E+00
  4.19427E+00  4.71856E+00  5.24285E+00  5.76714E+00  6.29142E+00  6.81571E+00
  7.34000E+00  7.86429E+00
  9.97794E-01  9.93808E-01  9.92222E-01  9.94127E-01  9.92639E-01  9.91308E-01
  9.93038E-01  9.92816E-01  9.91269E-01  9.91465E-01  9.92900E-01  9.93958E-01
  9.91589E-01  9.90734E-01  9.91837E-01  9.91556E-01  9.91178E-01  9.91641E-01
  9.90310E-01  9.90512E-01  9.91152E-01  9.91002E-01  9.90551E-01  9.91400E-01
  9.91387E-01  9.90271E-01  9.90023E-01  9.90088E-01  9.88933E-01  9.88927E-01
  9.88287E-01  9.88685E-01  9.87458E-01  9.87765E-01  9.87002E-01  9.87080E-01
  9.86558E-01  9.85135E-01  9.85292E-01  9.83915E-01  9.83746E-01  9.82897E-01
  9.82127E-01  9.81233E-01  9.80294E-01  9.79139E-01  9.77168E-01  9.75804E-01
  9.74591E-01  9.73220E-01  9.71582E-01  9.69984E-01  9.68405E-01  9.65116E-01
  9.62088E-01  9.59034E-01  9.55980E-01  9.52966E-01  9.50114E-01  9.47086E-01
  9.43863E-01  9.38016E-01  9.32287E-01  9.26271E-01  9.20124E-01  9.14349E-01
  9.08620E-01  9.02728E-01  8.96920E-01  8.85344E-01  8.73873E-01  8.62473E-01
  8.51413E-01  8.40470E-01  8.29560E-01  8.18701E-01  8.08052E-01  7.87361E-01
  7.67230E-01  7.47400E-01  7.28359E-01  7.09801E-01  6.91693E-01  6.74003E-01
  6.56529E-01  6.23399E-01  5.92102E-01  5.62476E-01  5.34217E-01  5.07381E-01
  4.82187E-01  4.58092E-01  4.41383E-01  3.98193E-01  3.59528E-01  3.25160E-01
  2.94855E-01  2.67544E-01  2.43176E-01  2.20705E-01  2.00674E-01  1.64719E-01
  1.35951E-01  1.13021E-01  9.39889E-02  7.88600E-02  6.68940E-02  5.79154E-02
  5.17774E-02  4.22254E-02  3.51359E-02  2.69165E-02  1.87675E-02  1.43742E-02
  9.80574E-03  5.88579E-03  2.71548E-03 -2.66243E-04 -2.74562E-03 -1.54169E-03
 -1.80891E-03  1.47155E-03  4.94187E-03  1.11794E-02  1.03982E-02  3.66115E-03
 -3.48430E-03  5.76283E-03 -5.15507E-04 -8.22675E-03 -5.88890E-03 -1.51388E-02
 -6.76607E-03  3.44626E-03  2.39088E-03 -1.89509E-03 -2.54831E-03  1.55872E-03
  1.75627E-03 -9.76111E-03  8.40431E-04  3.54135E-03 -3.46918E-03 -2.31357E-03
 -4.24942E-03  1.41348E-03  8.52463E-03  1.58634E-02  3.37852E-03  1.88416E-03
  4.31203E-03 -3.37316E-03  1.07918E-04 -5.12895E-03 -5.08044E-03  5.50059E-03
  9.39674E-04 -2.35230E-03  4.87084E-03 -9.81129E-04  4.52728E-03 -2.32187E-03
  4.08120E-03  5.73256E-03  1.15485E-03 -1.91840E-03 -6.81638E-04 -6.27928E-04
 -5.88406E-03  3.57755E-03 -1.35048E-03  3.18319E-04 -1.67938E-03 -5.42555E-04
 -3.88721E-05 -1.06878E-03 -1.30173E-03 -2.21620E-04  3.05868E-03  8.81651E-04
 -1.40831E-03  1.56168E-03 -2.22809E-03  3.87081E-03 -4.02433E-04  2.32546E-03
  9.96535E-04 -6.74069E-04
