AutoSaveFileName0387.ASC
 IFORMY    0    .00
 (6E13.7)
 IFORMT    0    .00
 (6E13.7)
 IFORMW    0    .00
 (6E13.7)
 NINTT     0   -1.00
 DOUSNQ    0    1.00
 IQUAD          1.00
 PRWT      0    1.00
 PRY       0    1.00
 IPLRES    1    3.00
 IPLRES    2    3.00
 IPRINT    1    0.00
 IPRINT    2    2.00
 IPLFIT    1    0.00
 IPLFIT    2    0.00
 LINEPG    0   50.
 NONNEG    1    1.00
 IWT       0    5.00
 NQPROG    1    5.00
 NQPROG    2    5.00
 GMNMX     1    7.545E-06
 GMNMX     2    7.545E-03
 RUSER    10    -1.00
 NG        0    200.00
 NLINF     0    0.00
 IUSER    10    4.00
 RUSER    21    1.0
 RUSER    22   -1.0
 RUSER    23    0.0
 RUSER    18         292.32231
 RUSER    17         143.99900
 RUSER    19         1.02232
 RUSER    15         1.33200
 RUSER    16         632.80000
 RUSER    25         1
 RUSER    26         0
 END       0    0.00
 NY      131
  3.75000E-07  5.00000E-07  6.25000E-07  7.50000E-07  8.75000E-07  1.00000E-06
  1.12500E-06  1.25000E-06  1.37500E-06  1.50000E-06  1.62500E-06  1.75000E-06
  1.87500E-06  2.00000E-06  2.25000E-06  2.50000E-06  2.75000E-06  3.00000E-06
  3.25000E-06  3.50000E-06  3.75000E-06  4.00000E-06  4.50000E-06  5.00000E-06
  5.50000E-06  6.00000E-06  6.50000E-06  7.00000E-06  7.50000E-06  8.00000E-06
  9.00000E-06  1.00000E-05  1.10000E-05  1.20000E-05  1.30000E-05  1.40000E-05
  1.50000E-05  1.60000E-05  1.80000E-05  2.00000E-05  2.20000E-05  2.40000E-05
  2.60000E-05  2.80000E-05  3.00000E-05  3.20000E-05  3.60000E-05  4.00000E-05
  4.40000E-05  4.80000E-05  5.20000E-05  5.60000E-05  6.00000E-05  6.40000E-05
  7.20000E-05  8.00000E-05  8.80000E-05  9.60000E-05  1.04000E-04  1.12000E-04
  1.20000E-04  1.28000E-04  1.44000E-04  1.60000E-04  1.76000E-04  1.92000E-04
  2.08000E-04  2.24000E-04  2.40000E-04  2.56000E-04  2.88000E-04  3.20000E-04
  3.52000E-04  3.84000E-04  4.16000E-04  4.48000E-04  4.80000E-04  5.12000E-04
  5.76000E-04  6.40000E-04  7.04000E-04  7.68000E-04  8.32000E-04  8.96000E-04
  9.60000E-04  1.02400E-03  1.15200E-03  1.28000E-03  1.40800E-03  1.53600E-03
  1.66400E-03  1.79200E-03  1.92000E-03  2.01600E-03  2.27200E-03  2.52800E-03
  2.78400E-03  3.04000E-03  3.29600E-03  3.55200E-03  3.80800E-03  4.06400E-03
  4.57600E-03  5.08800E-03  5.60000E-03  6.11200E-03  6.62400E-03  7.13600E-03
  7.64800E-03  8.16000E-03  9.18400E-03  1.02080E-02  1.12320E-02  1.22560E-02
  1.32800E-02  1.43040E-02  1.53280E-02  1.63520E-02  1.84000E-02  2.04480E-02
  2.24960E-02  2.45440E-02  2.65920E-02  2.86400E-02  3.06880E-02  3.27360E-02
  3.68320E-02  4.09280E-02  4.50240E-02  4.91200E-02  5.32160E-02
  8.08294E-01  8.10291E-01  8.06272E-01  8.02850E-01  8.02367E-01  7.98348E-01
  8.02195E-01  8.01974E-01  7.98307E-01  8.02826E-01  7.97055E-01  8.00755E-01
  8.00738E-01  8.03194E-01  8.00211E-01  7.97079E-01  7.96969E-01  7.99691E-01
  8.00697E-01  7.98655E-01  8.00480E-01  7.96193E-01  7.96948E-01  7.96330E-01
  7.98768E-01  7.96717E-01  7.98197E-01  7.95940E-01  7.97158E-01  7.96074E-01
  7.95061E-01  7.95969E-01  7.92747E-01  7.92236E-01  7.94259E-01  7.93260E-01
  7.90291E-01  7.92234E-01  7.90074E-01  7.89706E-01  7.90397E-01  7.86686E-01
  7.86820E-01  7.85382E-01  7.83165E-01  7.83054E-01  7.80925E-01  7.79351E-01
  7.75894E-01  7.74951E-01  7.72128E-01  7.69368E-01  7.67479E-01  7.65705E-01
  7.62468E-01  7.57917E-01  7.53351E-01  7.49530E-01  7.44733E-01  7.41619E-01
  7.38024E-01  7.33526E-01  7.24995E-01  7.17817E-01  7.09667E-01  7.02214E-01
  6.93912E-01  6.87087E-01  6.79525E-01  6.72335E-01  6.58495E-01  6.44510E-01
  6.30528E-01  6.17199E-01  6.04042E-01  5.91948E-01  5.79578E-01  5.67591E-01
  5.44318E-01  5.22209E-01  5.00664E-01  4.80312E-01  4.60855E-01  4.43012E-01
  4.26026E-01  4.10135E-01  3.79920E-01  3.53165E-01  3.29237E-01  3.07218E-01
  2.87102E-01  2.69601E-01  2.53099E-01  2.41219E-01  2.13120E-01  1.88600E-01
  1.67793E-01  1.49627E-01  1.34963E-01  1.21516E-01  1.09855E-01  1.01408E-01
  8.72903E-02  7.63467E-02  6.88199E-02  6.23793E-02  5.69925E-02  5.15301E-02
  4.45767E-02  3.73046E-02  2.67502E-02  1.95496E-02  1.49880E-02  1.95004E-02
  2.24671E-02  1.73197E-02  8.16086E-03  4.08483E-03  6.10185E-03  1.44239E-02
  1.38068E-02  1.40072E-02  6.76571E-03 -2.78276E-03 -4.67733E-04  3.95532E-03
  9.30153E-05  6.37637E-03  5.05680E-03  4.66407E-03  5.14987E-03
