AutoSaveFileName0264.ASC
 IFORMY    0    .00
 (6E13.7)
 IFORMT    0    .00
 (6E13.7)
 IFORMW    0    .00
 (6E13.7)
 NINTT     0   -1.00
 DOUSNQ    0    1.00
 IQUAD          1.00
 PRWT      0    1.00
 PRY       0    1.00
 IPLRES    1    3.00
 IPLRES    2    3.00
 IPRINT    1    0.00
 IPRINT    2    2.00
 IPLFIT    1    0.00
 IPLFIT    2    0.00
 LINEPG    0   50.
 NONNEG    1    1.00
 IWT       0    5.00
 NQPROG    1    5.00
 NQPROG    2    5.00
 GMNMX     1    7.518E-06
 GMNMX     2    7.518E-03
 RUSER    10    -1.00
 NG        0    200.00
 NLINF     0    0.00
 IUSER    10    4.00
 RUSER    21    1.0
 RUSER    22   -1.0
 RUSER    23    0.0
 RUSER    18         292.25079
 RUSER    17         144.99900
 RUSER    19         1.02412
 RUSER    15         1.33200
 RUSER    16         632.80000
 RUSER    25         1
 RUSER    26         0
 END       0    0.00
 NY      188
  5.00000E-07  6.25000E-07  7.50000E-07  8.75000E-07  1.00000E-06  1.12500E-06
  1.25000E-06  1.37500E-06  1.50000E-06  1.62500E-06  1.75000E-06  1.87500E-06
  2.00000E-06  2.25000E-06  2.50000E-06  2.75000E-06  3.00000E-06  3.25000E-06
  3.50000E-06  3.75000E-06  4.00000E-06  4.50000E-06  5.00000E-06  5.50000E-06
  6.00000E-06  6.50000E-06  7.00000E-06  7.50000E-06  8.00000E-06  9.00000E-06
  1.00000E-05  1.10000E-05  1.20000E-05  1.30000E-05  1.40000E-05  1.50000E-05
  1.60000E-05  1.80000E-05  2.00000E-05  2.20000E-05  2.40000E-05  2.60000E-05
  2.80000E-05  3.00000E-05  3.20000E-05  3.60000E-05  4.00000E-05  4.40000E-05
  4.80000E-05  5.20000E-05  5.60000E-05  6.00000E-05  6.40000E-05  7.20000E-05
  8.00000E-05  8.80000E-05  9.60000E-05  1.04000E-04  1.12000E-04  1.20000E-04
  1.28000E-04  1.44000E-04  1.60000E-04  1.76000E-04  1.92000E-04  2.08000E-04
  2.24000E-04  2.40000E-04  2.56000E-04  2.88000E-04  3.20000E-04  3.52000E-04
  3.84000E-04  4.16000E-04  4.48000E-04  4.80000E-04  5.12000E-04  5.76000E-04
  6.40000E-04  7.04000E-04  7.68000E-04  8.32000E-04  8.96000E-04  9.60000E-04
  1.02400E-03  1.15200E-03  1.28000E-03  1.40800E-03  1.53600E-03  1.66400E-03
  1.79200E-03  1.92000E-03  2.01600E-03  2.27200E-03  2.52800E-03  2.78400E-03
  3.04000E-03  3.29600E-03  3.55200E-03  3.80800E-03  4.06400E-03  4.57600E-03
  5.08800E-03  5.60000E-03  6.11200E-03  6.62400E-03  7.13600E-03  7.64800E-03
  8.16000E-03  9.18400E-03  1.02080E-02  1.12320E-02  1.22560E-02  1.32800E-02
  1.43040E-02  1.53280E-02  1.63520E-02  1.84000E-02  2.04480E-02  2.24960E-02
  2.45440E-02  2.65920E-02  2.86400E-02  3.06880E-02  3.27360E-02  3.68320E-02
  4.09280E-02  4.50240E-02  4.91200E-02  5.32160E-02  5.73120E-02  6.14080E-02
  6.55040E-02  7.36960E-02  8.18880E-02  9.00800E-02  9.82720E-02  1.06464E-01
  1.14656E-01  1.22848E-01  1.31040E-01  1.47424E-01  1.63808E-01  1.80192E-01
  1.96576E-01  2.12960E-01  2.29344E-01  2.45728E-01  2.62112E-01  2.94880E-01
  3.27648E-01  3.60416E-01  3.93184E-01  4.25952E-01  4.58720E-01  4.91488E-01
  5.24256E-01  5.89792E-01  6.55328E-01  7.20864E-01  7.86400E-01  8.51936E-01
  9.17472E-01  9.83008E-01  1.04854E+00  1.17962E+00  1.31069E+00  1.44176E+00
  1.57283E+00  1.70390E+00  1.83498E+00  1.96605E+00  2.09712E+00  2.35926E+00
  2.62141E+00  2.88355E+00  3.14570E+00  3.40784E+00  3.66998E+00  3.93213E+00
  4.19427E+00  4.71856E+00  5.24285E+00  5.76714E+00  6.29142E+00  6.81571E+00
  7.34000E+00  7.86429E+00
  9.96703E-01  9.95296E-01  9.94603E-01  9.94455E-01  9.94847E-01  9.94582E-01
  9.92796E-01  9.94463E-01  9.93162E-01  9.92415E-01  9.92596E-01  9.92150E-01
  9.92181E-01  9.91527E-01  9.91161E-01  9.92391E-01  9.92033E-01  9.91000E-01
  9.91413E-01  9.91332E-01  9.91431E-01  9.91654E-01  9.90657E-01  9.89824E-01
  9.90125E-01  9.90206E-01  9.89393E-01  9.89756E-01  9.89653E-01  9.88845E-01
  9.88692E-01  9.88856E-01  9.87711E-01  9.87321E-01  9.86880E-01  9.86608E-01
  9.85946E-01  9.85117E-01  9.84481E-01  9.83329E-01  9.82122E-01  9.81652E-01
  9.80754E-01  9.79856E-01  9.79043E-01  9.77239E-01  9.75224E-01  9.73467E-01
  9.71484E-01  9.69786E-01  9.68158E-01  9.66377E-01  9.64610E-01  9.60778E-01
  9.57333E-01  9.53751E-01  9.50327E-01  9.46607E-01  9.43110E-01  9.39751E-01
  9.36098E-01  9.29326E-01  9.22244E-01  9.15445E-01  9.08675E-01  9.01933E-01
  8.95150E-01  8.88486E-01  8.81968E-01  8.68677E-01  8.55759E-01  8.42951E-01
  8.30514E-01  8.18066E-01  8.05883E-01  7.93968E-01  7.81941E-01  7.58650E-01
  7.36276E-01  7.14701E-01  6.93947E-01  6.73745E-01  6.54294E-01  6.35468E-01
  6.17166E-01  5.82487E-01  5.50186E-01  5.19663E-01  4.90768E-01  4.63541E-01
  4.38114E-01  4.14302E-01  3.97737E-01  3.56298E-01  3.19241E-01  2.86246E-01
  2.57219E-01  2.31727E-01  2.09338E-01  1.89451E-01  1.72470E-01  1.43885E-01
  1.21201E-01  1.03105E-01  8.78671E-02  7.53173E-02  6.51295E-02  5.71904E-02
  5.02156E-02  3.83436E-02  2.97155E-02  2.29281E-02  1.70116E-02  1.18756E-02
  7.22707E-03  5.77207E-03  4.75662E-03  4.29477E-03  2.51325E-03  2.52085E-03
  2.72265E-03  6.32425E-03  8.78702E-03  1.21071E-02  9.72950E-03  3.70685E-03
 -3.27553E-03 -1.00783E-02 -5.87703E-03 -1.17247E-03 -6.06520E-04 -5.59820E-03
 -2.26866E-04  2.01052E-03  1.92218E-03 -5.30252E-03  1.87515E-03  4.35596E-03
 -1.74604E-03 -8.83409E-03 -4.62181E-03  3.05906E-03  3.16235E-03 -2.65154E-03
  3.02380E-03 -1.76043E-03  1.77630E-03  2.94387E-03  8.15613E-04 -3.18667E-03
 -3.52383E-03 -2.21881E-03 -4.68289E-03 -5.12815E-03 -2.05584E-04 -2.27448E-03
 -1.03215E-03  1.01533E-03 -3.83023E-03  8.52860E-04  1.25673E-03 -4.37771E-04
 -1.53119E-03  2.32002E-03 -2.00806E-04 -1.27494E-03 -5.60814E-04 -8.12275E-04
 -1.86630E-03  7.16495E-05 -3.13366E-03 -5.96321E-04  1.07171E-03  4.27229E-05
  1.62807E-03  9.41150E-04 -2.17501E-03 -7.75659E-04 -8.95739E-04  1.77058E-03
 -2.06903E-04  3.33921E-04  1.36352E-03 -5.29369E-04 -2.23438E-03  7.77829E-04
 -1.07382E-03  2.33625E-03
