AutoSaveFileName0073.ASC
 IFORMY    0    .00
 (6E13.7)
 IFORMT    0    .00
 (6E13.7)
 IFORMW    0    .00
 (6E13.7)
 NINTT     0   -1.00
 DOUSNQ    0    1.00
 IQUAD          1.00
 PRWT      0    1.00
 PRY       0    1.00
 IPLRES    1    3.00
 IPLRES    2    3.00
 IPRINT    1    0.00
 IPRINT    2    2.00
 IPLFIT    1    0.00
 IPLFIT    2    0.00
 LINEPG    0   50.
 NONNEG    1    1.00
 IWT       0    5.00
 NQPROG    1    5.00
 NQPROG    2    5.00
 GMNMX     1    3.836E-05
 GMNMX     2    3.836E-02
 RUSER    10    -1.00
 NG        0    200.00
 NLINF     0    0.00
 IUSER    10    4.00
 RUSER    21    1.0
 RUSER    22   -1.0
 RUSER    23    0.0
 RUSER    18         292.18430
 RUSER    17         49.99800
 RUSER    19         1.02581
 RUSER    15         1.33200
 RUSER    16         632.80000
 RUSER    25         1
 RUSER    26         0
 END       0    0.00
 NY      188
  5.00000E-07  6.25000E-07  7.50000E-07  8.75000E-07  1.00000E-06  1.12500E-06
  1.25000E-06  1.37500E-06  1.50000E-06  1.62500E-06  1.75000E-06  1.87500E-06
  2.00000E-06  2.25000E-06  2.50000E-06  2.75000E-06  3.00000E-06  3.25000E-06
  3.50000E-06  3.75000E-06  4.00000E-06  4.50000E-06  5.00000E-06  5.50000E-06
  6.00000E-06  6.50000E-06  7.00000E-06  7.50000E-06  8.00000E-06  9.00000E-06
  1.00000E-05  1.10000E-05  1.20000E-05  1.30000E-05  1.40000E-05  1.50000E-05
  1.60000E-05  1.80000E-05  2.00000E-05  2.20000E-05  2.40000E-05  2.60000E-05
  2.80000E-05  3.00000E-05  3.20000E-05  3.60000E-05  4.00000E-05  4.40000E-05
  4.80000E-05  5.20000E-05  5.60000E-05  6.00000E-05  6.40000E-05  7.20000E-05
  8.00000E-05  8.80000E-05  9.60000E-05  1.04000E-04  1.12000E-04  1.20000E-04
  1.28000E-04  1.44000E-04  1.60000E-04  1.76000E-04  1.92000E-04  2.08000E-04
  2.24000E-04  2.40000E-04  2.56000E-04  2.88000E-04  3.20000E-04  3.52000E-04
  3.84000E-04  4.16000E-04  4.48000E-04  4.80000E-04  5.12000E-04  5.76000E-04
  6.40000E-04  7.04000E-04  7.68000E-04  8.32000E-04  8.96000E-04  9.60000E-04
  1.02400E-03  1.15200E-03  1.28000E-03  1.40800E-03  1.53600E-03  1.66400E-03
  1.79200E-03  1.92000E-03  2.01600E-03  2.27200E-03  2.52800E-03  2.78400E-03
  3.04000E-03  3.29600E-03  3.55200E-03  3.80800E-03  4.06400E-03  4.57600E-03
  5.08800E-03  5.60000E-03  6.11200E-03  6.62400E-03  7.13600E-03  7.64800E-03
  8.16000E-03  9.18400E-03  1.02080E-02  1.12320E-02  1.22560E-02  1.32800E-02
  1.43040E-02  1.53280E-02  1.63520E-02  1.84000E-02  2.04480E-02  2.24960E-02
  2.45440E-02  2.65920E-02  2.86400E-02  3.06880E-02  3.27360E-02  3.68320E-02
  4.09280E-02  4.50240E-02  4.91200E-02  5.32160E-02  5.73120E-02  6.14080E-02
  6.55040E-02  7.36960E-02  8.18880E-02  9.00800E-02  9.82720E-02  1.06464E-01
  1.14656E-01  1.22848E-01  1.31040E-01  1.47424E-01  1.63808E-01  1.80192E-01
  1.96576E-01  2.12960E-01  2.29344E-01  2.45728E-01  2.62112E-01  2.94880E-01
  3.27648E-01  3.60416E-01  3.93184E-01  4.25952E-01  4.58720E-01  4.91488E-01
  5.24256E-01  5.89792E-01  6.55328E-01  7.20864E-01  7.86400E-01  8.51936E-01
  9.17472E-01  9.83008E-01  1.04854E+00  1.17962E+00  1.31069E+00  1.44176E+00
  1.57283E+00  1.70390E+00  1.83498E+00  1.96605E+00  2.09712E+00  2.35926E+00
  2.62141E+00  2.88355E+00  3.14570E+00  3.40784E+00  3.66998E+00  3.93213E+00
  4.19427E+00  4.71856E+00  5.24285E+00  5.76714E+00  6.29142E+00  6.81571E+00
  7.34000E+00  7.86429E+00
  9.95921E-01  9.96074E-01  9.95907E-01  9.95157E-01  9.94309E-01  9.93330E-01
  9.94299E-01  9.93642E-01  9.95091E-01  9.93614E-01  9.94292E-01  9.94022E-01
  9.93413E-01  9.92943E-01  9.93894E-01  9.93956E-01  9.93925E-01  9.94811E-01
  9.93994E-01  9.93555E-01  9.93392E-01  9.93721E-01  9.93666E-01  9.92870E-01
  9.93603E-01  9.93181E-01  9.92984E-01  9.93652E-01  9.93278E-01  9.92880E-01
  9.93188E-01  9.93524E-01  9.92984E-01  9.92849E-01  9.93002E-01  9.92666E-01
  9.92534E-01  9.92528E-01  9.92451E-01  9.92067E-01  9.91977E-01  9.91836E-01
  9.91829E-01  9.91486E-01  9.91337E-01  9.90819E-01  9.90718E-01  9.90317E-01
  9.89777E-01  9.89639E-01  9.89200E-01  9.88833E-01  9.88349E-01  9.87792E-01
  9.87127E-01  9.86152E-01  9.85595E-01  9.84906E-01  9.84093E-01  9.83529E-01
  9.82689E-01  9.81167E-01  9.79645E-01  9.78337E-01  9.76863E-01  9.75344E-01
  9.74009E-01  9.72442E-01  9.70968E-01  9.68083E-01  9.65250E-01  9.62437E-01
  9.59628E-01  9.56850E-01  9.54051E-01  9.51225E-01  9.48468E-01  9.42922E-01
  9.37456E-01  9.32035E-01  9.26517E-01  9.21048E-01  9.15631E-01  9.10206E-01
  9.04837E-01  8.94351E-01  8.83959E-01  8.73688E-01  8.63590E-01  8.53571E-01
  8.43656E-01  8.33932E-01  8.26985E-01  8.07951E-01  7.89305E-01  7.71174E-01
  7.53582E-01  7.36489E-01  7.20053E-01  7.03984E-01  6.88479E-01  6.58194E-01
  6.29384E-01  6.01857E-01  5.75742E-01  5.51183E-01  5.28022E-01  5.05923E-01
  4.84595E-01  4.44379E-01  4.07293E-01  3.73508E-01  3.43457E-01  3.16456E-01
  2.91833E-01  2.68589E-01  2.46655E-01  2.07755E-01  1.74367E-01  1.44743E-01
  1.21139E-01  1.03417E-01  9.01364E-02  7.90180E-02  7.09823E-02  5.72642E-02
  4.22743E-02  2.90502E-02  2.20087E-02  1.57893E-02  8.40020E-03  2.76512E-03
  1.62470E-03  9.38982E-03  1.95554E-02  1.30238E-02  5.70556E-03  6.37417E-04
 -3.34885E-03 -1.40383E-02 -2.00928E-02 -4.11690E-03  4.21826E-03 -1.88955E-03
  6.47754E-06 -1.04962E-02 -8.06990E-03 -2.53539E-03 -4.72200E-03  6.55416E-03
  3.85118E-03 -8.30898E-04 -5.49038E-03 -1.22737E-02  2.74913E-03  4.61579E-03
  1.02778E-03  2.81102E-03  9.23729E-04 -1.99408E-02  1.38014E-03  3.09424E-04
 -6.09464E-03 -7.34154E-03 -7.93082E-03  6.03341E-03  6.73828E-03  5.51415E-03
  7.08166E-03  2.75564E-03 -4.01139E-03 -8.16167E-04  6.81591E-03 -8.82402E-03
  3.01636E-03 -1.75885E-03 -1.15201E-02 -7.19389E-03 -7.80573E-05 -2.92784E-03
 -2.82418E-03 -2.21495E-03 -1.91608E-03 -1.79587E-03 -9.55715E-03  1.94955E-03
 -3.38524E-03 -1.50091E-03
