AutoSaveFileName0079.ASC
 IFORMY    0    .00
 (6E13.7)
 IFORMT    0    .00
 (6E13.7)
 IFORMW    0    .00
 (6E13.7)
 NINTT     0   -1.00
 DOUSNQ    0    1.00
 IQUAD          1.00
 PRWT      0    1.00
 PRY       0    1.00
 IPLRES    1    3.00
 IPLRES    2    3.00
 IPRINT    1    0.00
 IPRINT    2    2.00
 IPLFIT    1    0.00
 IPLFIT    2    0.00
 LINEPG    0   50.
 NONNEG    1    1.00
 IWT       0    5.00
 NQPROG    1    5.00
 NQPROG    2    5.00
 GMNMX     1    3.836E-05
 GMNMX     2    3.836E-02
 RUSER    10    -1.00
 NG        0    200.00
 NLINF     0    0.00
 IUSER    10    4.00
 RUSER    21    1.0
 RUSER    22   -1.0
 RUSER    23    0.0
 RUSER    18         292.18554
 RUSER    17         49.99800
 RUSER    19         1.02578
 RUSER    15         1.33200
 RUSER    16         632.80000
 RUSER    25         1
 RUSER    26         0
 END       0    0.00
 NY      188
  5.00000E-07  6.25000E-07  7.50000E-07  8.75000E-07  1.00000E-06  1.12500E-06
  1.25000E-06  1.37500E-06  1.50000E-06  1.62500E-06  1.75000E-06  1.87500E-06
  2.00000E-06  2.25000E-06  2.50000E-06  2.75000E-06  3.00000E-06  3.25000E-06
  3.50000E-06  3.75000E-06  4.00000E-06  4.50000E-06  5.00000E-06  5.50000E-06
  6.00000E-06  6.50000E-06  7.00000E-06  7.50000E-06  8.00000E-06  9.00000E-06
  1.00000E-05  1.10000E-05  1.20000E-05  1.30000E-05  1.40000E-05  1.50000E-05
  1.60000E-05  1.80000E-05  2.00000E-05  2.20000E-05  2.40000E-05  2.60000E-05
  2.80000E-05  3.00000E-05  3.20000E-05  3.60000E-05  4.00000E-05  4.40000E-05
  4.80000E-05  5.20000E-05  5.60000E-05  6.00000E-05  6.40000E-05  7.20000E-05
  8.00000E-05  8.80000E-05  9.60000E-05  1.04000E-04  1.12000E-04  1.20000E-04
  1.28000E-04  1.44000E-04  1.60000E-04  1.76000E-04  1.92000E-04  2.08000E-04
  2.24000E-04  2.40000E-04  2.56000E-04  2.88000E-04  3.20000E-04  3.52000E-04
  3.84000E-04  4.16000E-04  4.48000E-04  4.80000E-04  5.12000E-04  5.76000E-04
  6.40000E-04  7.04000E-04  7.68000E-04  8.32000E-04  8.96000E-04  9.60000E-04
  1.02400E-03  1.15200E-03  1.28000E-03  1.40800E-03  1.53600E-03  1.66400E-03
  1.79200E-03  1.92000E-03  2.01600E-03  2.27200E-03  2.52800E-03  2.78400E-03
  3.04000E-03  3.29600E-03  3.55200E-03  3.80800E-03  4.06400E-03  4.57600E-03
  5.08800E-03  5.60000E-03  6.11200E-03  6.62400E-03  7.13600E-03  7.64800E-03
  8.16000E-03  9.18400E-03  1.02080E-02  1.12320E-02  1.22560E-02  1.32800E-02
  1.43040E-02  1.53280E-02  1.63520E-02  1.84000E-02  2.04480E-02  2.24960E-02
  2.45440E-02  2.65920E-02  2.86400E-02  3.06880E-02  3.27360E-02  3.68320E-02
  4.09280E-02  4.50240E-02  4.91200E-02  5.32160E-02  5.73120E-02  6.14080E-02
  6.55040E-02  7.36960E-02  8.18880E-02  9.00800E-02  9.82720E-02  1.06464E-01
  1.14656E-01  1.22848E-01  1.31040E-01  1.47424E-01  1.63808E-01  1.80192E-01
  1.96576E-01  2.12960E-01  2.29344E-01  2.45728E-01  2.62112E-01  2.94880E-01
  3.27648E-01  3.60416E-01  3.93184E-01  4.25952E-01  4.58720E-01  4.91488E-01
  5.24256E-01  5.89792E-01  6.55328E-01  7.20864E-01  7.86400E-01  8.51936E-01
  9.17472E-01  9.83008E-01  1.04854E+00  1.17962E+00  1.31069E+00  1.44176E+00
  1.57283E+00  1.70390E+00  1.83498E+00  1.96605E+00  2.09712E+00  2.35926E+00
  2.62141E+00  2.88355E+00  3.14570E+00  3.40784E+00  3.66998E+00  3.93213E+00
  4.19427E+00  4.71856E+00  5.24285E+00  5.76714E+00  6.29142E+00  6.81571E+00
  7.34000E+00  7.86429E+00
  9.95453E-01  9.93967E-01  9.95183E-01  9.93242E-01  9.91939E-01  9.93372E-01
  9.91234E-01  9.92743E-01  9.93102E-01  9.92354E-01  9.91135E-01  9.91641E-01
  9.92281E-01  9.91940E-01  9.93327E-01  9.93156E-01  9.92152E-01  9.91701E-01
  9.93701E-01  9.91507E-01  9.91678E-01  9.92441E-01  9.92980E-01  9.91394E-01
  9.91553E-01  9.92696E-01  9.92319E-01  9.92092E-01  9.91498E-01  9.91611E-01
  9.92513E-01  9.91902E-01  9.91228E-01  9.91342E-01  9.91480E-01  9.91381E-01
  9.91020E-01  9.91186E-01  9.90908E-01  9.90546E-01  9.90260E-01  9.90380E-01
  9.90279E-01  9.90208E-01  9.90049E-01  9.89362E-01  9.89470E-01  9.89046E-01
  9.88734E-01  9.88323E-01  9.87843E-01  9.87408E-01  9.87221E-01  9.86511E-01
  9.85961E-01  9.85086E-01  9.84354E-01  9.83738E-01  9.82917E-01  9.82530E-01
  9.81778E-01  9.80314E-01  9.78875E-01  9.77497E-01  9.76008E-01  9.74869E-01
  9.73443E-01  9.71933E-01  9.70658E-01  9.67820E-01  9.65055E-01  9.62400E-01
  9.59726E-01  9.57025E-01  9.54263E-01  9.51570E-01  9.48903E-01  9.43602E-01
  9.38286E-01  9.32844E-01  9.27571E-01  9.22387E-01  9.17030E-01  9.11832E-01
  9.06892E-01  8.96647E-01  8.86548E-01  8.76648E-01  8.66864E-01  8.57100E-01
  8.47539E-01  8.38037E-01  8.31264E-01  8.12740E-01  7.94684E-01  7.77096E-01
  7.59927E-01  7.43080E-01  7.26737E-01  7.10820E-01  6.95365E-01  6.65313E-01
  6.36650E-01  6.09315E-01  5.83176E-01  5.58397E-01  5.34896E-01  5.12607E-01
  4.91533E-01  4.51629E-01  4.14776E-01  3.81264E-01  3.50929E-01  3.23510E-01
  2.98645E-01  2.75996E-01  2.55477E-01  2.18926E-01  1.87731E-01  1.60645E-01
  1.37787E-01  1.19405E-01  1.04914E-01  9.26847E-02  8.19881E-02  6.40278E-02
  4.85600E-02  3.58143E-02  2.81837E-02  2.29621E-02  1.88420E-02  1.59921E-02
  1.63513E-02  2.04211E-02  2.23145E-02  1.57102E-02  8.49762E-03  4.02835E-03
  5.49832E-04 -4.70801E-03 -8.33994E-03  2.22642E-03  6.26791E-03  3.64851E-03
  4.14093E-03 -2.67669E-03 -6.67073E-03 -8.78399E-03 -6.54493E-03  8.99636E-04
  1.88927E-03 -5.75708E-03 -8.48796E-03 -7.57254E-03 -1.16743E-02 -8.63392E-03
 -6.06256E-03  3.78285E-03  3.64604E-03 -4.79187E-03  1.43672E-03 -1.84112E-03
 -7.97423E-03 -7.57887E-03 -4.89545E-03  6.28821E-03  6.79527E-03 -2.20661E-03
  3.60757E-04  2.50930E-03 -6.02531E-03  1.13188E-03  6.28616E-03 -4.20289E-03
 -6.14247E-03 -4.26395E-03  3.77694E-04 -1.78471E-03 -5.38506E-03 -9.77616E-03
 -2.37530E-03 -4.14586E-03  5.83463E-04 -7.24280E-03 -7.19643E-03  1.36177E-03
  3.82306E-03  6.11128E-04
