AutoSaveFileName0131.ASC
 IFORMY    0    .00
 (6E13.7)
 IFORMT    0    .00
 (6E13.7)
 IFORMW    0    .00
 (6E13.7)
 NINTT     0   -1.00
 DOUSNQ    0    1.00
 IQUAD     0    1.00
 PRWT      0    1.00
 PRY       0    1.00
 IPLRES    1    3.00
 IPLRES    2    3.00
 IPRINT    1    0.00
 IPRINT    2    2.00
 IPLFIT    1    0.00
 IPLFIT    2    0.00
 LINEPG    0   50.
 NONNEG    1    1.00
 IWT       0    5.00
 NQPROG    1    5.00
 NQPROG    2    5.00
 GMNMX     1    6.50201E-03
 GMNMX     2    2.33405E-03
 RUSER    10    -1.00
 NG        0    500.00
 NLINF     0    1.00
 IUSER    10    4.00
 RUSER    21    1.0
 RUSER    22   -1.0
 RUSER    23    0.0
 RUSER    18         291.98990
 RUSER    17         79.99900
 RUSER    19         1.03076
 RUSER    15         1.33200
 RUSER    16         632.80000
 RUSER    25         1
 RUSER    26         0
 END       0    0.00
 NY      162
  7.50000E-07  8.75000E-07  1.00000E-06  1.12500E-06  1.25000E-06  1.37500E-06
  1.50000E-06  1.62500E-06  1.75000E-06  1.87500E-06  2.00000E-06  2.25000E-06
  2.50000E-06  2.75000E-06  3.00000E-06  3.25000E-06  3.50000E-06  3.75000E-06
  4.00000E-06  4.50000E-06  5.00000E-06  5.50000E-06  6.00000E-06  6.50000E-06
  7.00000E-06  7.50000E-06  8.00000E-06  9.00000E-06  1.00000E-05  1.10000E-05
  1.20000E-05  1.30000E-05  1.40000E-05  1.50000E-05  1.60000E-05  1.80000E-05
  2.00000E-05  2.20000E-05  2.40000E-05  2.60000E-05  2.80000E-05  3.00000E-05
  3.20000E-05  3.60000E-05  4.00000E-05  4.40000E-05  4.80000E-05  5.20000E-05
  5.60000E-05  6.00000E-05  6.40000E-05  7.20000E-05  8.00000E-05  8.80000E-05
  9.60000E-05  1.04000E-04  1.12000E-04  1.20000E-04  1.28000E-04  1.44000E-04
  1.60000E-04  1.76000E-04  1.92000E-04  2.08000E-04  2.24000E-04  2.40000E-04
  2.56000E-04  2.88000E-04  3.20000E-04  3.52000E-04  3.84000E-04  4.16000E-04
  4.48000E-04  4.80000E-04  5.12000E-04  5.76000E-04  6.40000E-04  7.04000E-04
  7.68000E-04  8.32000E-04  8.96000E-04  9.60000E-04  1.02400E-03  1.15200E-03
  1.28000E-03  1.40800E-03  1.53600E-03  1.66400E-03  1.79200E-03  1.92000E-03
  2.01600E-03  2.27200E-03  2.52800E-03  2.78400E-03  3.04000E-03  3.29600E-03
  3.55200E-03  3.80800E-03  4.06400E-03  4.57600E-03  5.08800E-03  5.60000E-03
  6.11200E-03  6.62400E-03  7.13600E-03  7.64800E-03  8.16000E-03  9.18400E-03
  1.02080E-02  1.12320E-02  1.22560E-02  1.32800E-02  1.43040E-02  1.53280E-02
  1.63520E-02  1.84000E-02  2.04480E-02  2.24960E-02  2.45440E-02  2.65920E-02
  2.86400E-02  3.06880E-02  3.27360E-02  3.68320E-02  4.09280E-02  4.50240E-02
  4.91200E-02  5.32160E-02  5.73120E-02  6.14080E-02  6.55040E-02  7.36960E-02
  8.18880E-02  9.00800E-02  9.82720E-02  1.06464E-01  1.14656E-01  1.22848E-01
  1.31040E-01  1.47424E-01  1.63808E-01  1.80192E-01  1.96576E-01  2.12960E-01
  2.29344E-01  2.45728E-01  2.62112E-01  2.94880E-01  3.27648E-01  3.60416E-01
  3.93184E-01  4.25952E-01  4.58720E-01  4.91488E-01  5.24256E-01  5.89792E-01
  6.55328E-01  7.20864E-01  7.86400E-01  8.51936E-01  9.17472E-01  9.83008E-01
  1.00000E+00  9.93670E-01  9.96348E-01  9.96319E-01  9.93577E-01  9.96447E-01
  9.87305E-01  9.92351E-01  9.94504E-01  9.90747E-01  9.90473E-01  9.92503E-01
  9.88985E-01  9.92882E-01  9.85514E-01  9.86879E-01  9.85420E-01  9.89090E-01
  9.86704E-01  9.83845E-01  9.79936E-01  9.83507E-01  9.78303E-01  9.76634E-01
  9.77562E-01  9.74154E-01  9.72608E-01  9.72165E-01  9.69977E-01  9.67620E-01
  9.63291E-01  9.60928E-01  9.58233E-01  9.55707E-01  9.53676E-01  9.48490E-01
  9.42323E-01  9.38385E-01  9.32475E-01  9.28916E-01  9.24284E-01  9.19249E-01
  9.13525E-01  9.03992E-01  8.93368E-01  8.84273E-01  8.73800E-01  8.64833E-01
  8.55493E-01  8.45878E-01  8.36526E-01  8.18877E-01  8.00628E-01  7.84064E-01
  7.66900E-01  7.50710E-01  7.34223E-01  7.18867E-01  7.03541E-01  6.73535E-01
  6.44207E-01  6.16745E-01  5.90538E-01  5.64580E-01  5.40750E-01  5.17676E-01
  4.95572E-01  4.54286E-01  4.16441E-01  3.81543E-01  3.48910E-01  3.19399E-01
  2.92232E-01  2.67425E-01  2.45245E-01  2.05726E-01  1.72999E-01  1.46194E-01
  1.23319E-01  1.04295E-01  8.78678E-02  7.47227E-02  6.33530E-02  4.54969E-02
  3.28222E-02  2.36177E-02  1.62217E-02  1.06642E-02  6.38052E-03  3.51608E-03
  2.64718E-03  8.05989E-04  2.47277E-03  3.74538E-03  4.50833E-03  3.68441E-03
  1.00305E-03  1.27452E-03  2.26431E-03  2.93301E-03  3.00010E-03 -8.98631E-04
 -4.26795E-04 -1.67172E-03 -1.35446E-03 -2.22972E-03  6.27509E-04  2.38292E-04
  1.93009E-03  2.09993E-03 -1.39970E-03 -3.69369E-03 -8.74961E-04  1.63590E-03
  2.55364E-03 -5.20916E-04  7.41778E-04 -1.75225E-03 -4.35019E-04  1.74717E-04
 -1.29250E-04  7.37367E-04  7.37449E-04 -1.61387E-04  8.82307E-04 -6.44814E-04
  5.28470E-04  3.48381E-03  7.46825E-04  4.46249E-04  8.76589E-04 -5.37509E-04
 -1.07397E-03 -4.65496E-04 -5.13908E-04 -1.19339E-03 -2.69063E-03  9.47381E-04
 -3.03506E-04 -2.02924E-04 -4.47951E-04 -1.58012E-04 -8.96880E-04  1.08929E-03
 -1.16376E-03  1.33807E-04  3.17560E-05  2.41212E-05 -3.52907E-04 -1.46505E-04
  6.31768E-04  4.88697E-04 -2.09224E-04 -7.19970E-05 -1.71711E-04  1.16584E-04
 -1.66592E-04  3.33319E-04 -2.80249E-04 -6.14849E-04 -2.06316E-04 -2.71108E-04
