AutoSaveFileName0211.ASC
 IFORMY    0    .00
 (6E13.7)
 IFORMT    0    .00
 (6E13.7)
 IFORMW    0    .00
 (6E13.7)
 NINTT     0   -1.00
 DOUSNQ    0    1.00
 IQUAD     0    1.00
 PRWT      0    1.00
 PRY       0    1.00
 IPLRES    1    3.00
 IPLRES    2    3.00
 IPRINT    1    0.00
 IPRINT    2    2.00
 IPLFIT    1    0.00
 IPLFIT    2    0.00
 LINEPG    0   50.
 NONNEG    1    1.00
 IWT       0    5.00
 NQPROG    1    5.00
 NQPROG    2    5.00
 GMNMX     1    3.57260E-03
 GMNMX     2    1.28247E-03
 RUSER    10    -1.00
 NG        0    500.00
 NLINF     0    1.00
 IUSER    10    4.00
 RUSER    21    1.0
 RUSER    22   -1.0
 RUSER    23    0.0
 RUSER    18         292.08211
 RUSER    17         119.99900
 RUSER    19         1.02840
 RUSER    15         1.33200
 RUSER    16         632.80000
 RUSER    25         1
 RUSER    26         0
 END       0    0.00
 NY      162
  7.50000E-07  8.75000E-07  1.00000E-06  1.12500E-06  1.25000E-06  1.37500E-06
  1.50000E-06  1.62500E-06  1.75000E-06  1.87500E-06  2.00000E-06  2.25000E-06
  2.50000E-06  2.75000E-06  3.00000E-06  3.25000E-06  3.50000E-06  3.75000E-06
  4.00000E-06  4.50000E-06  5.00000E-06  5.50000E-06  6.00000E-06  6.50000E-06
  7.00000E-06  7.50000E-06  8.00000E-06  9.00000E-06  1.00000E-05  1.10000E-05
  1.20000E-05  1.30000E-05  1.40000E-05  1.50000E-05  1.60000E-05  1.80000E-05
  2.00000E-05  2.20000E-05  2.40000E-05  2.60000E-05  2.80000E-05  3.00000E-05
  3.20000E-05  3.60000E-05  4.00000E-05  4.40000E-05  4.80000E-05  5.20000E-05
  5.60000E-05  6.00000E-05  6.40000E-05  7.20000E-05  8.00000E-05  8.80000E-05
  9.60000E-05  1.04000E-04  1.12000E-04  1.20000E-04  1.28000E-04  1.44000E-04
  1.60000E-04  1.76000E-04  1.92000E-04  2.08000E-04  2.24000E-04  2.40000E-04
  2.56000E-04  2.88000E-04  3.20000E-04  3.52000E-04  3.84000E-04  4.16000E-04
  4.48000E-04  4.80000E-04  5.12000E-04  5.76000E-04  6.40000E-04  7.04000E-04
  7.68000E-04  8.32000E-04  8.96000E-04  9.60000E-04  1.02400E-03  1.15200E-03
  1.28000E-03  1.40800E-03  1.53600E-03  1.66400E-03  1.79200E-03  1.92000E-03
  2.01600E-03  2.27200E-03  2.52800E-03  2.78400E-03  3.04000E-03  3.29600E-03
  3.55200E-03  3.80800E-03  4.06400E-03  4.57600E-03  5.08800E-03  5.60000E-03
  6.11200E-03  6.62400E-03  7.13600E-03  7.64800E-03  8.16000E-03  9.18400E-03
  1.02080E-02  1.12320E-02  1.22560E-02  1.32800E-02  1.43040E-02  1.53280E-02
  1.63520E-02  1.84000E-02  2.04480E-02  2.24960E-02  2.45440E-02  2.65920E-02
  2.86400E-02  3.06880E-02  3.27360E-02  3.68320E-02  4.09280E-02  4.50240E-02
  4.91200E-02  5.32160E-02  5.73120E-02  6.14080E-02  6.55040E-02  7.36960E-02
  8.18880E-02  9.00800E-02  9.82720E-02  1.06464E-01  1.14656E-01  1.22848E-01
  1.31040E-01  1.47424E-01  1.63808E-01  1.80192E-01  1.96576E-01  2.12960E-01
  2.29344E-01  2.45728E-01  2.62112E-01  2.94880E-01  3.27648E-01  3.60416E-01
  3.93184E-01  4.25952E-01  4.58720E-01  4.91488E-01  5.24256E-01  5.89792E-01
  6.55328E-01  7.20864E-01  7.86400E-01  8.51936E-01  9.17472E-01  9.83008E-01
  9.97026E-01  9.91279E-01  9.96609E-01  9.92260E-01  9.95451E-01  9.95486E-01
  1.00000E+00  9.90908E-01  9.91237E-01  9.92037E-01  9.92325E-01  9.84085E-01
  9.86430E-01  9.83638E-01  9.88428E-01  9.81940E-01  9.85707E-01  9.86900E-01
  9.81323E-01  9.75475E-01  9.75146E-01  9.71079E-01  9.71391E-01  9.67283E-01
  9.67012E-01  9.65038E-01  9.59525E-01  9.55035E-01  9.50704E-01  9.45273E-01
  9.41259E-01  9.35230E-01  9.33002E-01  9.27008E-01  9.22200E-01  9.13984E-01
  9.04716E-01  8.93961E-01  8.86245E-01  8.76348E-01  8.66816E-01  8.59757E-01
  8.50307E-01  8.34369E-01  8.17120E-01  8.01505E-01  7.85930E-01  7.69299E-01
  7.53801E-01  7.38533E-01  7.23852E-01  6.95677E-01  6.68349E-01  6.41503E-01
  6.17184E-01  5.92125E-01  5.68459E-01  5.45796E-01  5.24656E-01  4.84623E-01
  4.46998E-01  4.12179E-01  3.80637E-01  3.50954E-01  3.24439E-01  2.99367E-01
  2.76740E-01  2.35728E-01  2.00875E-01  1.71030E-01  1.46163E-01  1.25117E-01
  1.06875E-01  9.08989E-02  7.75046E-02  5.63219E-02  4.12814E-02  2.98883E-02
  2.09548E-02  1.52690E-02  1.08051E-02  7.88945E-03  6.05278E-03  4.42418E-03
  3.51361E-03  1.35740E-03  1.30202E-03  1.00300E-03  9.28683E-05 -1.10067E-03
 -2.17934E-04 -1.46493E-03 -3.52472E-03 -5.15993E-04 -1.37814E-05 -1.25104E-05
 -6.03750E-04 -1.23706E-03 -4.47570E-04  2.19644E-03 -1.11584E-04 -2.24799E-04
  7.80859E-04  5.42725E-03  1.67920E-03  1.64257E-03  2.65734E-03  1.28615E-03
  2.88392E-03 -3.22244E-03 -3.28466E-03 -1.36715E-03  5.38647E-04  3.73448E-03
  5.83874E-04 -2.80478E-03  3.98955E-04 -2.10919E-03 -3.68043E-03 -6.50031E-04
 -3.02040E-03 -2.18538E-03 -5.70178E-04  2.56039E-03  7.41782E-04  2.59554E-03
 -5.40980E-04  1.66852E-03 -1.00720E-03 -5.12029E-04 -2.67417E-04  9.67465E-05
  5.03289E-04 -3.69822E-05 -4.38295E-04 -7.62616E-04  1.04790E-03  6.91240E-04
  2.28599E-04 -9.03071E-04 -5.60916E-05 -3.35675E-04 -5.35945E-06 -6.10185E-04
  3.56734E-04 -3.07410E-04 -1.32032E-05 -5.14522E-05  4.38779E-04 -9.35459E-05
  5.17085E-04 -5.53515E-04  3.88339E-04  3.90090E-04  5.54732E-04  1.19268E-04
  3.54168E-05 -1.82216E-04 -3.58468E-04  2.38949E-05 -5.25640E-05  2.21425E-04
