AutoSaveFileName0276.ASC
 IFORMY    0    .00
 (6E13.7)
 IFORMT    0    .00
 (6E13.7)
 IFORMW    0    .00
 (6E13.7)
 NINTT     0   -1.00
 DOUSNQ    0    1.00
 IQUAD     0    1.00
 PRWT      0    1.00
 PRY       0    1.00
 IPLRES    1    3.00
 IPLRES    2    3.00
 IPRINT    1    0.00
 IPRINT    2    2.00
 IPLFIT    1    0.00
 IPLFIT    2    0.00
 LINEPG    0   50.
 NONNEG    1    1.00
 IWT       0    5.00
 NQPROG    1    5.00
 NQPROG    2    5.00
 GMNMX     1    2.86596E-03
 GMNMX     2    1.02881E-03
 RUSER    10    -1.00
 NG        0    500.00
 NLINF     0    1.00
 IUSER    10    4.00
 RUSER    21    1.0
 RUSER    22   -1.0
 RUSER    23    0.0
 RUSER    18         292.15459
 RUSER    17         149.99900
 RUSER    19         1.02656
 RUSER    15         1.33200
 RUSER    16         632.80000
 RUSER    25         1
 RUSER    26         0
 END       0    0.00
 NY      162
  7.50000E-07  8.75000E-07  1.00000E-06  1.12500E-06  1.25000E-06  1.37500E-06
  1.50000E-06  1.62500E-06  1.75000E-06  1.87500E-06  2.00000E-06  2.25000E-06
  2.50000E-06  2.75000E-06  3.00000E-06  3.25000E-06  3.50000E-06  3.75000E-06
  4.00000E-06  4.50000E-06  5.00000E-06  5.50000E-06  6.00000E-06  6.50000E-06
  7.00000E-06  7.50000E-06  8.00000E-06  9.00000E-06  1.00000E-05  1.10000E-05
  1.20000E-05  1.30000E-05  1.40000E-05  1.50000E-05  1.60000E-05  1.80000E-05
  2.00000E-05  2.20000E-05  2.40000E-05  2.60000E-05  2.80000E-05  3.00000E-05
  3.20000E-05  3.60000E-05  4.00000E-05  4.40000E-05  4.80000E-05  5.20000E-05
  5.60000E-05  6.00000E-05  6.40000E-05  7.20000E-05  8.00000E-05  8.80000E-05
  9.60000E-05  1.04000E-04  1.12000E-04  1.20000E-04  1.28000E-04  1.44000E-04
  1.60000E-04  1.76000E-04  1.92000E-04  2.08000E-04  2.24000E-04  2.40000E-04
  2.56000E-04  2.88000E-04  3.20000E-04  3.52000E-04  3.84000E-04  4.16000E-04
  4.48000E-04  4.80000E-04  5.12000E-04  5.76000E-04  6.40000E-04  7.04000E-04
  7.68000E-04  8.32000E-04  8.96000E-04  9.60000E-04  1.02400E-03  1.15200E-03
  1.28000E-03  1.40800E-03  1.53600E-03  1.66400E-03  1.79200E-03  1.92000E-03
  2.01600E-03  2.27200E-03  2.52800E-03  2.78400E-03  3.04000E-03  3.29600E-03
  3.55200E-03  3.80800E-03  4.06400E-03  4.57600E-03  5.08800E-03  5.60000E-03
  6.11200E-03  6.62400E-03  7.13600E-03  7.64800E-03  8.16000E-03  9.18400E-03
  1.02080E-02  1.12320E-02  1.22560E-02  1.32800E-02  1.43040E-02  1.53280E-02
  1.63520E-02  1.84000E-02  2.04480E-02  2.24960E-02  2.45440E-02  2.65920E-02
  2.86400E-02  3.06880E-02  3.27360E-02  3.68320E-02  4.09280E-02  4.50240E-02
  4.91200E-02  5.32160E-02  5.73120E-02  6.14080E-02  6.55040E-02  7.36960E-02
  8.18880E-02  9.00800E-02  9.82720E-02  1.06464E-01  1.14656E-01  1.22848E-01
  1.31040E-01  1.47424E-01  1.63808E-01  1.80192E-01  1.96576E-01  2.12960E-01
  2.29344E-01  2.45728E-01  2.62112E-01  2.94880E-01  3.27648E-01  3.60416E-01
  3.93184E-01  4.25952E-01  4.58720E-01  4.91488E-01  5.24256E-01  5.89792E-01
  6.55328E-01  7.20864E-01  7.86400E-01  8.51936E-01  9.17472E-01  9.83008E-01
  9.99684E-01  1.00000E+00  9.96241E-01  9.96464E-01  9.94340E-01  9.92455E-01
  9.92988E-01  9.93849E-01  9.90324E-01  9.91084E-01  9.88960E-01  9.86076E-01
  9.84618E-01  9.83209E-01  9.82028E-01  9.80831E-01  9.79299E-01  9.78500E-01
  9.77064E-01  9.73093E-01  9.71013E-01  9.67269E-01  9.64520E-01  9.60366E-01
  9.57788E-01  9.54550E-01  9.51598E-01  9.46034E-01  9.39857E-01  9.34562E-01
  9.28175E-01  9.22170E-01  9.16671E-01  9.11195E-01  9.04846E-01  8.93321E-01
  8.82357E-01  8.71571E-01  8.60252E-01  8.49247E-01  8.38890E-01  8.27846E-01
  8.17558E-01  7.97137E-01  7.76845E-01  7.57633E-01  7.38649E-01  7.20260E-01
  7.01809E-01  6.84713E-01  6.67476E-01  6.34551E-01  6.02976E-01  5.73458E-01
  5.45099E-01  5.18286E-01  4.92719E-01  4.68467E-01  4.45835E-01  4.03011E-01
  3.64477E-01  3.29695E-01  2.97904E-01  2.69912E-01  2.44332E-01  2.21183E-01
  2.01127E-01  1.65586E-01  1.35960E-01  1.12045E-01  9.25284E-02  7.63622E-02
  6.31577E-02  5.21479E-02  4.34004E-02  3.00190E-02  2.10025E-02  1.45954E-02
  1.08047E-02  7.91961E-03  5.69764E-03  3.75533E-03  2.19226E-03  9.02072E-04
  5.63903E-04  3.78355E-04  6.38151E-04  6.58349E-04  6.17684E-04 -1.73368E-04
 -2.11807E-04 -3.51408E-04  6.04430E-06  3.18340E-04  1.50910E-03  8.17714E-04
 -4.02940E-04 -7.85544E-04 -9.82513E-04  6.10710E-04  8.68568E-04 -1.20486E-03
 -1.58115E-04 -5.16171E-04 -1.03372E-03 -8.77350E-04 -1.07980E-04  2.18730E-04
 -1.18515E-04 -2.39277E-04  2.03325E-04 -6.02799E-04 -1.67762E-03 -5.47199E-04
  7.05549E-05  5.12584E-04 -6.59134E-05  3.95956E-04 -6.20430E-04  2.87722E-07
 -1.54663E-03  1.08921E-03 -1.69052E-04 -6.12021E-04  3.40326E-04  7.67177E-04
 -3.11636E-04  1.86177E-04 -4.06358E-04  2.91400E-04  9.55209E-05 -1.50158E-04
 -2.62820E-04  4.95053E-04  1.52401E-05 -4.17339E-04 -7.81424E-05 -1.27320E-04
  6.79797E-04  1.00680E-04 -1.65634E-04 -1.67579E-04 -1.55012E-04 -5.24266E-05
 -5.58772E-05 -1.72606E-04 -1.79060E-05 -1.01578E-04 -5.29162E-05 -5.83429E-05
  1.19657E-04 -3.42321E-04 -3.38004E-04  3.57446E-04  7.01096E-05  6.17872E-05
  5.08425E-05  3.19504E-05 -4.63349E-05  1.29275E-05 -6.24273E-06 -3.96528E-05
