AutoSaveFileName0042.ASC
 IFORMY    0    .00
 (6E13.7)
 IFORMT    0    .00
 (6E13.7)
 IFORMW    0    .00
 (6E13.7)
 NINTT     0   -1.00
 DOUSNQ    0    1.00
 IQUAD          1.00
 PRWT      0    1.00
 PRY       0    1.00
 IPLRES    1    3.00
 IPLRES    2    3.00
 IPRINT    1    0.00
 IPRINT    2    2.00
 IPLFIT    1    0.00
 IPLFIT    2    0.00
 LINEPG    0   50.
 NONNEG    1    1.00
 IWT       0    5.00
 NQPROG    1    5.00
 NQPROG    2    5.00
 GMNMX     1    7.580E-05
 GMNMX     2    7.580E-02
 RUSER    10    -1.00
 NG        0    200.00
 NLINF     0    0.00
 IUSER    10    4.00
 RUSER    21    1.0
 RUSER    22   -1.0
 RUSER    23    0.0
 RUSER    18         292.17044
 RUSER    17         34.99800
 RUSER    19         1.02616
 RUSER    15         1.33200
 RUSER    16         632.80000
 RUSER    25         1
 RUSER    26         0
 END       0    0.00
 NY      188
  5.00000E-07  6.25000E-07  7.50000E-07  8.75000E-07  1.00000E-06  1.12500E-06
  1.25000E-06  1.37500E-06  1.50000E-06  1.62500E-06  1.75000E-06  1.87500E-06
  2.00000E-06  2.25000E-06  2.50000E-06  2.75000E-06  3.00000E-06  3.25000E-06
  3.50000E-06  3.75000E-06  4.00000E-06  4.50000E-06  5.00000E-06  5.50000E-06
  6.00000E-06  6.50000E-06  7.00000E-06  7.50000E-06  8.00000E-06  9.00000E-06
  1.00000E-05  1.10000E-05  1.20000E-05  1.30000E-05  1.40000E-05  1.50000E-05
  1.60000E-05  1.80000E-05  2.00000E-05  2.20000E-05  2.40000E-05  2.60000E-05
  2.80000E-05  3.00000E-05  3.20000E-05  3.60000E-05  4.00000E-05  4.40000E-05
  4.80000E-05  5.20000E-05  5.60000E-05  6.00000E-05  6.40000E-05  7.20000E-05
  8.00000E-05  8.80000E-05  9.60000E-05  1.04000E-04  1.12000E-04  1.20000E-04
  1.28000E-04  1.44000E-04  1.60000E-04  1.76000E-04  1.92000E-04  2.08000E-04
  2.24000E-04  2.40000E-04  2.56000E-04  2.88000E-04  3.20000E-04  3.52000E-04
  3.84000E-04  4.16000E-04  4.48000E-04  4.80000E-04  5.12000E-04  5.76000E-04
  6.40000E-04  7.04000E-04  7.68000E-04  8.32000E-04  8.96000E-04  9.60000E-04
  1.02400E-03  1.15200E-03  1.28000E-03  1.40800E-03  1.53600E-03  1.66400E-03
  1.79200E-03  1.92000E-03  2.01600E-03  2.27200E-03  2.52800E-03  2.78400E-03
  3.04000E-03  3.29600E-03  3.55200E-03  3.80800E-03  4.06400E-03  4.57600E-03
  5.08800E-03  5.60000E-03  6.11200E-03  6.62400E-03  7.13600E-03  7.64800E-03
  8.16000E-03  9.18400E-03  1.02080E-02  1.12320E-02  1.22560E-02  1.32800E-02
  1.43040E-02  1.53280E-02  1.63520E-02  1.84000E-02  2.04480E-02  2.24960E-02
  2.45440E-02  2.65920E-02  2.86400E-02  3.06880E-02  3.27360E-02  3.68320E-02
  4.09280E-02  4.50240E-02  4.91200E-02  5.32160E-02  5.73120E-02  6.14080E-02
  6.55040E-02  7.36960E-02  8.18880E-02  9.00800E-02  9.82720E-02  1.06464E-01
  1.14656E-01  1.22848E-01  1.31040E-01  1.47424E-01  1.63808E-01  1.80192E-01
  1.96576E-01  2.12960E-01  2.29344E-01  2.45728E-01  2.62112E-01  2.94880E-01
  3.27648E-01  3.60416E-01  3.93184E-01  4.25952E-01  4.58720E-01  4.91488E-01
  5.24256E-01  5.89792E-01  6.55328E-01  7.20864E-01  7.86400E-01  8.51936E-01
  9.17472E-01  9.83008E-01  1.04854E+00  1.17962E+00  1.31069E+00  1.44176E+00
  1.57283E+00  1.70390E+00  1.83498E+00  1.96605E+00  2.09712E+00  2.35926E+00
  2.62141E+00  2.88355E+00  3.14570E+00  3.40784E+00  3.66998E+00  3.93213E+00
  4.19427E+00  4.71856E+00  5.24285E+00  5.76714E+00  6.29142E+00  6.81571E+00
  7.34000E+00  7.86429E+00
  9.95666E-01  9.92303E-01  9.89941E-01  9.95750E-01  9.89892E-01  9.92907E-01
  9.90602E-01  9.91692E-01  9.91107E-01  9.91600E-01  9.95372E-01  9.91034E-01
  9.91554E-01  9.91512E-01  9.88814E-01  9.89506E-01  9.91378E-01  9.91971E-01
  9.91860E-01  9.88944E-01  9.90675E-01  9.89586E-01  9.90637E-01  9.91004E-01
  9.90495E-01  9.90790E-01  9.89903E-01  9.89035E-01  9.89815E-01  9.90339E-01
  9.90728E-01  9.89639E-01  9.90755E-01  9.89662E-01  9.91665E-01  9.88974E-01
  9.90331E-01  9.90304E-01  9.89731E-01  9.89360E-01  9.89517E-01  9.89991E-01
  9.89880E-01  9.89452E-01  9.90063E-01  9.89655E-01  9.90044E-01  9.89620E-01
  9.88749E-01  9.88974E-01  9.89089E-01  9.88558E-01  9.88783E-01  9.88546E-01
  9.88114E-01  9.87916E-01  9.87128E-01  9.87125E-01  9.87029E-01  9.86651E-01
  9.86234E-01  9.86104E-01  9.85294E-01  9.84446E-01  9.84086E-01  9.83922E-01
  9.82569E-01  9.82584E-01  9.81755E-01  9.80528E-01  9.79389E-01  9.78220E-01
  9.77024E-01  9.76110E-01  9.74780E-01  9.73699E-01  9.72262E-01  9.70015E-01
  9.67725E-01  9.65451E-01  9.63200E-01  9.60976E-01  9.58752E-01  9.56520E-01
  9.00791E-01  8.96461E-01  8.92154E-01  8.87626E-01  8.83387E-01  8.79141E-01
  8.74704E-01  8.70669E-01  9.17664E-01  9.09153E-01  9.00910E-01  8.92655E-01
  8.84641E-01  8.76565E-01  8.68532E-01  8.60549E-01  8.53054E-01  8.37710E-01
  8.22885E-01  8.08542E-01  7.94494E-01  7.80728E-01  7.67275E-01  7.53930E-01
  7.41463E-01  7.16626E-01  6.92797E-01  6.69190E-01  6.46397E-01  6.24507E-01
  6.03548E-01  5.83599E-01  5.64715E-01  5.28222E-01  4.94132E-01  4.61723E-01
  4.31130E-01  4.02142E-01  3.75119E-01  3.50260E-01  3.24116E-01  2.82186E-01
  2.46057E-01  2.14082E-01  1.86692E-01  1.66036E-01  1.47842E-01  1.31037E-01
  9.23110E-02  6.52703E-02  4.62067E-02  3.26042E-02  2.39949E-02  2.11530E-02
  1.74024E-02  8.73661E-03  1.10886E-03 -3.93158E-03 -6.07370E-03 -1.86677E-02
 -3.01229E-02 -2.83740E-02 -1.30523E-02 -1.99298E-03  1.16665E-02 -6.50620E-03
 -1.95831E-02 -1.06688E-02 -1.13633E-02 -2.16098E-02 -9.01036E-03 -6.73841E-03
 -1.13083E-02 -1.09724E-02 -1.22969E-02 -5.38258E-03 -4.38552E-03  8.28794E-03
  1.51243E-02  4.65633E-02  1.34596E-02 -2.91652E-02 -7.27093E-03 -1.82130E-02
 -3.91438E-03 -1.44701E-02 -5.19627E-03 -9.60953E-03 -2.78885E-02 -1.59902E-02
  8.27448E-03 -1.29997E-02 -1.61850E-02 -1.25697E-02 -1.05733E-03  5.81325E-03
  2.11967E-02 -1.10853E-02  1.73958E-02 -1.63674E-02  2.13940E-03  4.18710E-04
 -2.03587E-02  1.79318E-02
