AutoSaveFileName0142.ASC
 IFORMY    0    .00
 (6E13.7)
 IFORMT    0    .00
 (6E13.7)
 IFORMW    0    .00
 (6E13.7)
 NINTT     0   -1.00
 DOUSNQ    0    1.00
 IQUAD          1.00
 PRWT      0    1.00
 PRY       0    1.00
 IPLRES    1    3.00
 IPLRES    2    3.00
 IPRINT    1    0.00
 IPRINT    2    2.00
 IPLFIT    1    0.00
 IPLFIT    2    0.00
 LINEPG    0   50.
 NONNEG    1    1.00
 IWT       0    5.00
 NQPROG    1    5.00
 NQPROG    2    5.00
 GMNMX     1    1.500E-05
 GMNMX     2    1.500E-02
 RUSER    10    -1.00
 NG        0    200.00
 NLINF     0    0.00
 IUSER    10    4.00
 RUSER    21    1.0
 RUSER    22   -1.0
 RUSER    23    0.0
 RUSER    18         292.21202
 RUSER    17         84.99800
 RUSER    19         1.02511
 RUSER    15         1.33200
 RUSER    16         632.80000
 RUSER    25         1
 RUSER    26         0
 END       0    0.00
 NY      188
  5.00000E-07  6.25000E-07  7.50000E-07  8.75000E-07  1.00000E-06  1.12500E-06
  1.25000E-06  1.37500E-06  1.50000E-06  1.62500E-06  1.75000E-06  1.87500E-06
  2.00000E-06  2.25000E-06  2.50000E-06  2.75000E-06  3.00000E-06  3.25000E-06
  3.50000E-06  3.75000E-06  4.00000E-06  4.50000E-06  5.00000E-06  5.50000E-06
  6.00000E-06  6.50000E-06  7.00000E-06  7.50000E-06  8.00000E-06  9.00000E-06
  1.00000E-05  1.10000E-05  1.20000E-05  1.30000E-05  1.40000E-05  1.50000E-05
  1.60000E-05  1.80000E-05  2.00000E-05  2.20000E-05  2.40000E-05  2.60000E-05
  2.80000E-05  3.00000E-05  3.20000E-05  3.60000E-05  4.00000E-05  4.40000E-05
  4.80000E-05  5.20000E-05  5.60000E-05  6.00000E-05  6.40000E-05  7.20000E-05
  8.00000E-05  8.80000E-05  9.60000E-05  1.04000E-04  1.12000E-04  1.20000E-04
  1.28000E-04  1.44000E-04  1.60000E-04  1.76000E-04  1.92000E-04  2.08000E-04
  2.24000E-04  2.40000E-04  2.56000E-04  2.88000E-04  3.20000E-04  3.52000E-04
  3.84000E-04  4.16000E-04  4.48000E-04  4.80000E-04  5.12000E-04  5.76000E-04
  6.40000E-04  7.04000E-04  7.68000E-04  8.32000E-04  8.96000E-04  9.60000E-04
  1.02400E-03  1.15200E-03  1.28000E-03  1.40800E-03  1.53600E-03  1.66400E-03
  1.79200E-03  1.92000E-03  2.01600E-03  2.27200E-03  2.52800E-03  2.78400E-03
  3.04000E-03  3.29600E-03  3.55200E-03  3.80800E-03  4.06400E-03  4.57600E-03
  5.08800E-03  5.60000E-03  6.11200E-03  6.62400E-03  7.13600E-03  7.64800E-03
  8.16000E-03  9.18400E-03  1.02080E-02  1.12320E-02  1.22560E-02  1.32800E-02
  1.43040E-02  1.53280E-02  1.63520E-02  1.84000E-02  2.04480E-02  2.24960E-02
  2.45440E-02  2.65920E-02  2.86400E-02  3.06880E-02  3.27360E-02  3.68320E-02
  4.09280E-02  4.50240E-02  4.91200E-02  5.32160E-02  5.73120E-02  6.14080E-02
  6.55040E-02  7.36960E-02  8.18880E-02  9.00800E-02  9.82720E-02  1.06464E-01
  1.14656E-01  1.22848E-01  1.31040E-01  1.47424E-01  1.63808E-01  1.80192E-01
  1.96576E-01  2.12960E-01  2.29344E-01  2.45728E-01  2.62112E-01  2.94880E-01
  3.27648E-01  3.60416E-01  3.93184E-01  4.25952E-01  4.58720E-01  4.91488E-01
  5.24256E-01  5.89792E-01  6.55328E-01  7.20864E-01  7.86400E-01  8.51936E-01
  9.17472E-01  9.83008E-01  1.04854E+00  1.17962E+00  1.31069E+00  1.44176E+00
  1.57283E+00  1.70390E+00  1.83498E+00  1.96605E+00  2.09712E+00  2.35926E+00
  2.62141E+00  2.88355E+00  3.14570E+00  3.40784E+00  3.66998E+00  3.93213E+00
  4.19427E+00  4.71856E+00  5.24285E+00  5.76714E+00  6.29142E+00  6.81571E+00
  7.34000E+00  7.86429E+00
  9.94306E-01  9.97155E-01  9.91067E-01  9.95445E-01  9.89139E-01  9.90981E-01
  9.90567E-01  9.86426E-01  9.88674E-01  9.88362E-01  9.85685E-01  9.85341E-01
  9.87702E-01  9.88990E-01  9.89041E-01  9.89197E-01  9.91980E-01  9.89451E-01
  9.89271E-01  9.85950E-01  9.89119E-01  9.88030E-01  9.88249E-01  9.85310E-01
  9.88904E-01  9.89022E-01  9.87328E-01  9.86496E-01  9.86368E-01  9.88179E-01
  9.87952E-01  9.86918E-01  9.86169E-01  9.86898E-01  9.87293E-01  9.85419E-01
  9.85689E-01  9.84732E-01  9.83964E-01  9.83308E-01  9.83741E-01  9.84849E-01
  9.83948E-01  9.82157E-01  9.81454E-01  9.81083E-01  9.80389E-01  9.79339E-01
  9.78016E-01  9.76693E-01  9.77153E-01  9.75854E-01  9.74737E-01  9.72384E-01
  9.70878E-01  9.69028E-01  9.67404E-01  9.64914E-01  9.63252E-01  9.61374E-01
  9.59837E-01  9.56153E-01  9.52468E-01  9.48854E-01  9.45073E-01  9.41478E-01
  9.38094E-01  9.34016E-01  9.30523E-01  9.23522E-01  9.16422E-01  9.09374E-01
  9.02170E-01  8.95558E-01  8.88650E-01  8.81938E-01  8.74866E-01  8.61616E-01
  8.48577E-01  8.35522E-01  8.22787E-01  8.10435E-01  7.98028E-01  7.85852E-01
  7.72926E-01  7.49708E-01  7.27314E-01  7.05791E-01  6.84712E-01  6.64527E-01
  6.44798E-01  6.25671E-01  6.12300E-01  5.76558E-01  5.42932E-01  5.11644E-01
  4.82760E-01  4.55561E-01  4.30361E-01  4.06660E-01  3.84958E-01  3.43363E-01
  3.05646E-01  2.72362E-01  2.43498E-01  2.18657E-01  1.96845E-01  1.77426E-01
  1.59863E-01  1.29631E-01  1.06575E-01  8.79795E-02  7.35159E-02  6.16136E-02
  5.20538E-02  4.42756E-02  3.56907E-02  2.33645E-02  1.32267E-02  4.16311E-03
 -2.09090E-03 -3.79687E-03 -3.47882E-03  1.78483E-03  5.53161E-03  8.67131E-03
  1.36259E-02  1.24388E-02  7.58232E-03  4.48642E-03 -4.81803E-03 -1.12952E-02
 -1.59261E-02 -1.02700E-02  2.51095E-03  2.22974E-03 -7.07145E-04 -3.83524E-03
 -5.34217E-03 -5.74010E-03 -3.38795E-03  5.77035E-03  3.53400E-03 -2.89918E-03
  2.72834E-05 -3.18738E-03  7.11898E-03  3.42475E-03 -1.82095E-03 -6.27310E-03
  1.94397E-03  6.61307E-03  1.01194E-02 -1.51328E-03  3.38253E-03  9.40846E-03
  3.82805E-03 -2.03319E-03  1.54438E-03 -6.39541E-03  6.98211E-04  1.11524E-03
  6.79697E-04 -1.23695E-02 -3.74420E-03  9.04722E-04 -5.72695E-03 -3.25725E-03
  5.68394E-04 -8.19950E-03 -2.95819E-03 -2.58031E-03 -3.56721E-03 -2.94112E-03
 -1.51492E-03  8.01740E-04 -4.29838E-03  6.61471E-03  2.25462E-04  1.32661E-03
 -6.19965E-04  5.14001E-03  3.80026E-04 -4.12717E-03 -2.84536E-03 -1.81817E-03
  2.78520E-03  3.17123E-03
