AutoSaveFileName0279.ASC
 IFORMY    0    .00
 (6E13.7)
 IFORMT    0    .00
 (6E13.7)
 IFORMW    0    .00
 (6E13.7)
 NINTT     0   -1.00
 DOUSNQ    0    1.00
 IQUAD          1.00
 PRWT      0    1.00
 PRY       0    1.00
 IPLRES    1    3.00
 IPLRES    2    3.00
 IPRINT    1    0.00
 IPRINT    2    2.00
 IPLFIT    1    0.00
 IPLFIT    2    0.00
 LINEPG    0   50.
 NONNEG    1    1.00
 IWT       0    5.00
 NQPROG    1    5.00
 NQPROG    2    5.00
 GMNMX     1    7.328E-06
 GMNMX     2    7.328E-03
 RUSER    10    -1.00
 NG        0    200.00
 NLINF     0    0.00
 IUSER    10    4.00
 RUSER    21    1.0
 RUSER    22   -1.0
 RUSER    23    0.0
 RUSER    18         292.25426
 RUSER    17         149.99900
 RUSER    19         1.02404
 RUSER    15         1.33200
 RUSER    16         632.80000
 RUSER    25         1
 RUSER    26         0
 END       0    0.00
 NY      188
  5.00000E-07  6.25000E-07  7.50000E-07  8.75000E-07  1.00000E-06  1.12500E-06
  1.25000E-06  1.37500E-06  1.50000E-06  1.62500E-06  1.75000E-06  1.87500E-06
  2.00000E-06  2.25000E-06  2.50000E-06  2.75000E-06  3.00000E-06  3.25000E-06
  3.50000E-06  3.75000E-06  4.00000E-06  4.50000E-06  5.00000E-06  5.50000E-06
  6.00000E-06  6.50000E-06  7.00000E-06  7.50000E-06  8.00000E-06  9.00000E-06
  1.00000E-05  1.10000E-05  1.20000E-05  1.30000E-05  1.40000E-05  1.50000E-05
  1.60000E-05  1.80000E-05  2.00000E-05  2.20000E-05  2.40000E-05  2.60000E-05
  2.80000E-05  3.00000E-05  3.20000E-05  3.60000E-05  4.00000E-05  4.40000E-05
  4.80000E-05  5.20000E-05  5.60000E-05  6.00000E-05  6.40000E-05  7.20000E-05
  8.00000E-05  8.80000E-05  9.60000E-05  1.04000E-04  1.12000E-04  1.20000E-04
  1.28000E-04  1.44000E-04  1.60000E-04  1.76000E-04  1.92000E-04  2.08000E-04
  2.24000E-04  2.40000E-04  2.56000E-04  2.88000E-04  3.20000E-04  3.52000E-04
  3.84000E-04  4.16000E-04  4.48000E-04  4.80000E-04  5.12000E-04  5.76000E-04
  6.40000E-04  7.04000E-04  7.68000E-04  8.32000E-04  8.96000E-04  9.60000E-04
  1.02400E-03  1.15200E-03  1.28000E-03  1.40800E-03  1.53600E-03  1.66400E-03
  1.79200E-03  1.92000E-03  2.01600E-03  2.27200E-03  2.52800E-03  2.78400E-03
  3.04000E-03  3.29600E-03  3.55200E-03  3.80800E-03  4.06400E-03  4.57600E-03
  5.08800E-03  5.60000E-03  6.11200E-03  6.62400E-03  7.13600E-03  7.64800E-03
  8.16000E-03  9.18400E-03  1.02080E-02  1.12320E-02  1.22560E-02  1.32800E-02
  1.43040E-02  1.53280E-02  1.63520E-02  1.84000E-02  2.04480E-02  2.24960E-02
  2.45440E-02  2.65920E-02  2.86400E-02  3.06880E-02  3.27360E-02  3.68320E-02
  4.09280E-02  4.50240E-02  4.91200E-02  5.32160E-02  5.73120E-02  6.14080E-02
  6.55040E-02  7.36960E-02  8.18880E-02  9.00800E-02  9.82720E-02  1.06464E-01
  1.14656E-01  1.22848E-01  1.31040E-01  1.47424E-01  1.63808E-01  1.80192E-01
  1.96576E-01  2.12960E-01  2.29344E-01  2.45728E-01  2.62112E-01  2.94880E-01
  3.27648E-01  3.60416E-01  3.93184E-01  4.25952E-01  4.58720E-01  4.91488E-01
  5.24256E-01  5.89792E-01  6.55328E-01  7.20864E-01  7.86400E-01  8.51936E-01
  9.17472E-01  9.83008E-01  1.04854E+00  1.17962E+00  1.31069E+00  1.44176E+00
  1.57283E+00  1.70390E+00  1.83498E+00  1.96605E+00  2.09712E+00  2.35926E+00
  2.62141E+00  2.88355E+00  3.14570E+00  3.40784E+00  3.66998E+00  3.93213E+00
  4.19427E+00  4.71856E+00  5.24285E+00  5.76714E+00  6.29142E+00  6.81571E+00
  7.34000E+00  7.86429E+00
  9.96713E-01  9.93795E-01  9.92101E-01  9.91430E-01  9.90680E-01  9.91189E-01
  9.93606E-01  9.88488E-01  9.90078E-01  9.88568E-01  9.90440E-01  9.89265E-01
  9.89012E-01  9.89135E-01  9.89377E-01  9.88340E-01  9.88512E-01  9.88282E-01
  9.88606E-01  9.89079E-01  9.89430E-01  9.88626E-01  9.88233E-01  9.88199E-01
  9.89312E-01  9.86357E-01  9.86826E-01  9.87182E-01  9.86962E-01  9.86170E-01
  9.85052E-01  9.84832E-01  9.84145E-01  9.85134E-01  9.83259E-01  9.83200E-01
  9.82882E-01  9.81778E-01  9.81183E-01  9.80460E-01  9.79354E-01  9.79047E-01
  9.78163E-01  9.77292E-01  9.76204E-01  9.74723E-01  9.72824E-01  9.71189E-01
  9.69107E-01  9.67029E-01  9.65670E-01  9.63576E-01  9.61993E-01  9.58759E-01
  9.55122E-01  9.51558E-01  9.48036E-01  9.44263E-01  9.41265E-01  9.37578E-01
  9.34274E-01  9.27573E-01  9.20503E-01  9.13652E-01  9.07098E-01  9.00396E-01
  8.93815E-01  8.87171E-01  8.80553E-01  8.67887E-01  8.55156E-01  8.42464E-01
  8.30194E-01  8.17954E-01  8.05988E-01  7.94288E-01  7.82637E-01  7.59860E-01
  7.37754E-01  7.16488E-01  6.95855E-01  6.75935E-01  6.56610E-01  6.37854E-01
  6.19458E-01  5.85137E-01  5.52902E-01  5.22793E-01  4.94755E-01  4.68277E-01
  4.43425E-01  4.19855E-01  4.03737E-01  3.62839E-01  3.26715E-01  2.94553E-01
  2.65963E-01  2.40610E-01  2.18130E-01  1.98375E-01  1.81205E-01  1.50829E-01
  1.26452E-01  1.07962E-01  9.34148E-02  8.11974E-02  7.08745E-02  6.24164E-02
  5.59169E-02  4.54196E-02  3.71639E-02  3.04784E-02  2.48745E-02  2.18180E-02
  2.07145E-02  2.07295E-02  2.14493E-02  1.84861E-02  1.26441E-02  7.74400E-03
  5.44613E-03  8.12919E-03  8.11048E-03  5.78181E-03  5.65144E-03  8.68646E-03
  5.90021E-03  4.09242E-03  4.24134E-04 -1.40543E-03 -1.04108E-03  3.35651E-03
  6.09669E-04 -1.47186E-03  1.09614E-03  8.48788E-04 -3.14735E-04 -1.35075E-04
 -2.04174E-03 -3.70345E-03 -3.95324E-03 -3.34611E-03 -1.35754E-03 -3.39438E-04
  1.33920E-03 -1.85949E-03  1.77872E-03 -1.85228E-03 -1.24885E-03  4.20555E-03
 -1.47542E-03  1.21787E-03 -2.26919E-03  8.98765E-04  1.53095E-05 -8.57392E-04
 -1.46734E-03 -2.12259E-04  2.02225E-03 -2.04866E-03 -4.58028E-03 -1.15439E-03
 -1.78633E-03 -1.17058E-03 -8.59302E-04 -6.76083E-05  6.98803E-04 -1.85215E-03
  3.41321E-05 -4.36155E-04 -1.35013E-03 -5.55717E-04 -8.06549E-04  1.52955E-03
 -3.87292E-05  9.00821E-04  1.53710E-03 -6.41985E-04 -4.88543E-04 -1.18467E-03
 -2.93229E-04 -9.32380E-05 -3.72129E-04  2.55509E-04 -4.53307E-04 -5.85858E-04
  1.58333E-04  6.22670E-05
