AutoSaveFileName0026.ASC
 IFORMY    0    .00
 (6E13.7)
 IFORMT    0    .00
 (6E13.7)
 IFORMW    0    .00
 (6E13.7)
 NINTT     0   -1.00
 DOUSNQ    0    1.00
 IQUAD          1.00
 PRWT      0    1.00
 PRY       0    1.00
 IPLRES    1    3.00
 IPLRES    2    3.00
 IPRINT    1    0.00
 IPRINT    2    2.00
 IPLFIT    1    0.00
 IPLFIT    2    0.00
 LINEPG    0   50.
 NONNEG    1    1.00
 IWT       0    5.00
 NQPROG    1    5.00
 NQPROG    2    5.00
 GMNMX     1    1.463E-04
 GMNMX     2    1.463E-01
 RUSER    10    -1.00
 NG        0    200.00
 NLINF     0    0.00
 IUSER    10    4.00
 RUSER    21    1.0
 RUSER    22   -1.0
 RUSER    23    0.0
 RUSER    18         292.16316
 RUSER    17         24.99800
 RUSER    19         1.02634
 RUSER    15         1.33200
 RUSER    16         632.80000
 RUSER    25         1
 RUSER    26         0
 END       0    0.00
 NY      188
  5.00000E-07  6.25000E-07  7.50000E-07  8.75000E-07  1.00000E-06  1.12500E-06
  1.25000E-06  1.37500E-06  1.50000E-06  1.62500E-06  1.75000E-06  1.87500E-06
  2.00000E-06  2.25000E-06  2.50000E-06  2.75000E-06  3.00000E-06  3.25000E-06
  3.50000E-06  3.75000E-06  4.00000E-06  4.50000E-06  5.00000E-06  5.50000E-06
  6.00000E-06  6.50000E-06  7.00000E-06  7.50000E-06  8.00000E-06  9.00000E-06
  1.00000E-05  1.10000E-05  1.20000E-05  1.30000E-05  1.40000E-05  1.50000E-05
  1.60000E-05  1.80000E-05  2.00000E-05  2.20000E-05  2.40000E-05  2.60000E-05
  2.80000E-05  3.00000E-05  3.20000E-05  3.60000E-05  4.00000E-05  4.40000E-05
  4.80000E-05  5.20000E-05  5.60000E-05  6.00000E-05  6.40000E-05  7.20000E-05
  8.00000E-05  8.80000E-05  9.60000E-05  1.04000E-04  1.12000E-04  1.20000E-04
  1.28000E-04  1.44000E-04  1.60000E-04  1.76000E-04  1.92000E-04  2.08000E-04
  2.24000E-04  2.40000E-04  2.56000E-04  2.88000E-04  3.20000E-04  3.52000E-04
  3.84000E-04  4.16000E-04  4.48000E-04  4.80000E-04  5.12000E-04  5.76000E-04
  6.40000E-04  7.04000E-04  7.68000E-04  8.32000E-04  8.96000E-04  9.60000E-04
  1.02400E-03  1.15200E-03  1.28000E-03  1.40800E-03  1.53600E-03  1.66400E-03
  1.79200E-03  1.92000E-03  2.01600E-03  2.27200E-03  2.52800E-03  2.78400E-03
  3.04000E-03  3.29600E-03  3.55200E-03  3.80800E-03  4.06400E-03  4.57600E-03
  5.08800E-03  5.60000E-03  6.11200E-03  6.62400E-03  7.13600E-03  7.64800E-03
  8.16000E-03  9.18400E-03  1.02080E-02  1.12320E-02  1.22560E-02  1.32800E-02
  1.43040E-02  1.53280E-02  1.63520E-02  1.84000E-02  2.04480E-02  2.24960E-02
  2.45440E-02  2.65920E-02  2.86400E-02  3.06880E-02  3.27360E-02  3.68320E-02
  4.09280E-02  4.50240E-02  4.91200E-02  5.32160E-02  5.73120E-02  6.14080E-02
  6.55040E-02  7.36960E-02  8.18880E-02  9.00800E-02  9.82720E-02  1.06464E-01
  1.14656E-01  1.22848E-01  1.31040E-01  1.47424E-01  1.63808E-01  1.80192E-01
  1.96576E-01  2.12960E-01  2.29344E-01  2.45728E-01  2.62112E-01  2.94880E-01
  3.27648E-01  3.60416E-01  3.93184E-01  4.25952E-01  4.58720E-01  4.91488E-01
  5.24256E-01  5.89792E-01  6.55328E-01  7.20864E-01  7.86400E-01  8.51936E-01
  9.17472E-01  9.83008E-01  1.04854E+00  1.17962E+00  1.31069E+00  1.44176E+00
  1.57283E+00  1.70390E+00  1.83498E+00  1.96605E+00  2.09712E+00  2.35926E+00
  2.62141E+00  2.88355E+00  3.14570E+00  3.40784E+00  3.66998E+00  3.93213E+00
  4.19427E+00  4.71856E+00  5.24285E+00  5.76714E+00  6.29142E+00  6.81571E+00
  7.34000E+00  7.86429E+00
  9.97527E-01  9.96631E-01  9.97700E-01  9.96030E-01  9.96121E-01  9.95940E-01
  9.95954E-01  9.96489E-01  9.96092E-01  9.95950E-01  9.95314E-01  9.96020E-01
  9.96030E-01  9.96100E-01  9.96003E-01  9.96100E-01  9.96071E-01  9.95668E-01
  9.95390E-01  9.95417E-01  9.95779E-01  9.95771E-01  9.95763E-01  9.95756E-01
  9.95528E-01  9.95625E-01  9.95655E-01  9.95501E-01  9.95604E-01  9.95443E-01
  9.95585E-01  9.95728E-01  9.95709E-01  9.95326E-01  9.95559E-01  9.95664E-01
  9.95522E-01  9.95410E-01  9.95445E-01  9.95332E-01  9.95417E-01  9.95141E-01
  9.95165E-01  9.95254E-01  9.95178E-01  9.95015E-01  9.94966E-01  9.94960E-01
  9.94791E-01  9.94554E-01  9.94568E-01  9.94504E-01  9.94445E-01  9.94237E-01
  9.93965E-01  9.93790E-01  9.93531E-01  9.93356E-01  9.93143E-01  9.92999E-01
  9.92744E-01  9.92314E-01  9.91904E-01  9.91465E-01  9.91076E-01  9.90658E-01
  9.90218E-01  9.89826E-01  9.89388E-01  9.88599E-01  9.87722E-01  9.86911E-01
  9.86120E-01  9.85284E-01  9.84467E-01  9.83596E-01  9.82729E-01  9.81090E-01
  9.79451E-01  9.77802E-01  9.76163E-01  9.74547E-01  9.72883E-01  9.71291E-01
  9.69483E-01  9.66232E-01  9.62991E-01  9.59775E-01  9.56551E-01  9.53390E-01
  9.50230E-01  9.47046E-01  9.45430E-01  9.39179E-01  9.32992E-01  9.26831E-01
  9.20685E-01  9.14600E-01  9.08570E-01  9.02598E-01  8.96625E-01  8.84959E-01
  8.73494E-01  8.62248E-01  8.51150E-01  8.40175E-01  8.29287E-01  8.18463E-01
  8.07765E-01  7.86771E-01  7.66440E-01  7.46657E-01  7.27475E-01  7.08705E-01
  6.90154E-01  6.72059E-01  6.54537E-01  6.21233E-01  5.89886E-01  5.60183E-01
  5.32285E-01  5.05961E-01  4.81531E-01  4.58764E-01  4.36611E-01  3.96506E-01
  3.60613E-01  3.26880E-01  2.95468E-01  2.66597E-01  2.40581E-01  2.16421E-01
  1.93311E-01  1.54508E-01  1.23721E-01  1.00956E-01  8.03043E-02  6.08428E-02
  4.45204E-02  3.29666E-02  2.72590E-02  2.14582E-02  1.91171E-02  1.32930E-02
  6.93947E-03  4.91542E-03 -2.86246E-03 -6.19847E-03 -4.39529E-03 -6.91566E-03
 -3.88978E-03 -3.59326E-04  7.05671E-03 -2.34291E-04 -4.33743E-03  4.49035E-03
  1.65162E-02  1.83785E-02  1.09047E-03 -1.34695E-02 -1.53061E-02 -3.35730E-02
 -3.31591E-02 -1.17847E-02 -1.74918E-02  1.33497E-02  3.05876E-02 -3.95518E-03
 -4.18298E-03 -1.31563E-02  2.77172E-02 -2.64381E-02 -2.21638E-02 -5.12391E-03
 -9.54879E-03 -8.72757E-03  6.89509E-03  1.71509E-03 -2.02759E-02 -4.71283E-03
 -4.13734E-04 -2.45179E-02 -6.82113E-03 -6.66856E-04 -1.36069E-03  3.98377E-03
 -1.51420E-02  2.07215E-02
