AutoSaveFileName0227.ASC
 IFORMY    0    .00
 (6E13.7)
 IFORMT    0    .00
 (6E13.7)
 IFORMW    0    .00
 (6E13.7)
 NINTT     0   -1.00
 DOUSNQ    0    1.00
 IQUAD          1.00
 PRWT      0    1.00
 PRY       0    1.00
 IPLRES    1    3.00
 IPLRES    2    3.00
 IPRINT    1    0.00
 IPRINT    2    2.00
 IPLFIT    1    0.00
 IPLFIT    2    0.00
 LINEPG    0   50.
 NONNEG    1    1.00
 IWT       0    5.00
 NQPROG    1    5.00
 NQPROG    2    5.00
 GMNMX     1    8.693E-06
 GMNMX     2    8.693E-03
 RUSER    10    -1.00
 NG        0    200.00
 NLINF     0    0.00
 IUSER    10    4.00
 RUSER    21    1.0
 RUSER    22   -1.0
 RUSER    23    0.0
 RUSER    18         292.24121
 RUSER    17         124.99900
 RUSER    19         1.02437
 RUSER    15         1.33200
 RUSER    16         632.80000
 RUSER    25         1
 RUSER    26         0
 END       0    0.00
 NY      188
  5.00000E-07  6.25000E-07  7.50000E-07  8.75000E-07  1.00000E-06  1.12500E-06
  1.25000E-06  1.37500E-06  1.50000E-06  1.62500E-06  1.75000E-06  1.87500E-06
  2.00000E-06  2.25000E-06  2.50000E-06  2.75000E-06  3.00000E-06  3.25000E-06
  3.50000E-06  3.75000E-06  4.00000E-06  4.50000E-06  5.00000E-06  5.50000E-06
  6.00000E-06  6.50000E-06  7.00000E-06  7.50000E-06  8.00000E-06  9.00000E-06
  1.00000E-05  1.10000E-05  1.20000E-05  1.30000E-05  1.40000E-05  1.50000E-05
  1.60000E-05  1.80000E-05  2.00000E-05  2.20000E-05  2.40000E-05  2.60000E-05
  2.80000E-05  3.00000E-05  3.20000E-05  3.60000E-05  4.00000E-05  4.40000E-05
  4.80000E-05  5.20000E-05  5.60000E-05  6.00000E-05  6.40000E-05  7.20000E-05
  8.00000E-05  8.80000E-05  9.60000E-05  1.04000E-04  1.12000E-04  1.20000E-04
  1.28000E-04  1.44000E-04  1.60000E-04  1.76000E-04  1.92000E-04  2.08000E-04
  2.24000E-04  2.40000E-04  2.56000E-04  2.88000E-04  3.20000E-04  3.52000E-04
  3.84000E-04  4.16000E-04  4.48000E-04  4.80000E-04  5.12000E-04  5.76000E-04
  6.40000E-04  7.04000E-04  7.68000E-04  8.32000E-04  8.96000E-04  9.60000E-04
  1.02400E-03  1.15200E-03  1.28000E-03  1.40800E-03  1.53600E-03  1.66400E-03
  1.79200E-03  1.92000E-03  2.01600E-03  2.27200E-03  2.52800E-03  2.78400E-03
  3.04000E-03  3.29600E-03  3.55200E-03  3.80800E-03  4.06400E-03  4.57600E-03
  5.08800E-03  5.60000E-03  6.11200E-03  6.62400E-03  7.13600E-03  7.64800E-03
  8.16000E-03  9.18400E-03  1.02080E-02  1.12320E-02  1.22560E-02  1.32800E-02
  1.43040E-02  1.53280E-02  1.63520E-02  1.84000E-02  2.04480E-02  2.24960E-02
  2.45440E-02  2.65920E-02  2.86400E-02  3.06880E-02  3.27360E-02  3.68320E-02
  4.09280E-02  4.50240E-02  4.91200E-02  5.32160E-02  5.73120E-02  6.14080E-02
  6.55040E-02  7.36960E-02  8.18880E-02  9.00800E-02  9.82720E-02  1.06464E-01
  1.14656E-01  1.22848E-01  1.31040E-01  1.47424E-01  1.63808E-01  1.80192E-01
  1.96576E-01  2.12960E-01  2.29344E-01  2.45728E-01  2.62112E-01  2.94880E-01
  3.27648E-01  3.60416E-01  3.93184E-01  4.25952E-01  4.58720E-01  4.91488E-01
  5.24256E-01  5.89792E-01  6.55328E-01  7.20864E-01  7.86400E-01  8.51936E-01
  9.17472E-01  9.83008E-01  1.04854E+00  1.17962E+00  1.31069E+00  1.44176E+00
  1.57283E+00  1.70390E+00  1.83498E+00  1.96605E+00  2.09712E+00  2.35926E+00
  2.62141E+00  2.88355E+00  3.14570E+00  3.40784E+00  3.66998E+00  3.93213E+00
  4.19427E+00  4.71856E+00  5.24285E+00  5.76714E+00  6.29142E+00  6.81571E+00
  7.34000E+00  7.86429E+00
  9.95419E-01  9.93317E-01  9.91284E-01  9.92307E-01  9.92036E-01  9.91359E-01
  9.90214E-01  9.89534E-01  9.89888E-01  9.89495E-01  9.89832E-01  9.91056E-01
  9.89596E-01  9.89580E-01  9.90104E-01  9.89413E-01  9.88543E-01  9.89328E-01
  9.89150E-01  9.89825E-01  9.89202E-01  9.88611E-01  9.89286E-01  9.88993E-01
  9.88515E-01  9.88578E-01  9.87963E-01  9.87439E-01  9.87250E-01  9.87066E-01
  9.86792E-01  9.86446E-01  9.85515E-01  9.85275E-01  9.85559E-01  9.84973E-01
  9.84674E-01  9.83913E-01  9.83002E-01  9.82560E-01  9.81548E-01  9.81016E-01
  9.79983E-01  9.79168E-01  9.78551E-01  9.76660E-01  9.75121E-01  9.73422E-01
  9.72061E-01  9.70526E-01  9.68765E-01  9.67579E-01  9.65809E-01  9.62736E-01
  9.59687E-01  9.56382E-01  9.53361E-01  9.50302E-01  9.46937E-01  9.44006E-01
  9.41006E-01  9.34900E-01  9.28803E-01  9.22577E-01  9.16550E-01  9.10441E-01
  9.04450E-01  8.98438E-01  8.92717E-01  8.81020E-01  8.69370E-01  8.57939E-01
  8.46651E-01  8.35493E-01  8.24634E-01  8.13885E-01  8.03435E-01  7.82570E-01
  7.62342E-01  7.42559E-01  7.23324E-01  7.04661E-01  6.86376E-01  6.68709E-01
  6.51705E-01  6.18787E-01  5.87624E-01  5.58238E-01  5.30433E-01  5.04025E-01
  4.78966E-01  4.55145E-01  4.39256E-01  3.96912E-01  3.59080E-01  3.25207E-01
  2.94283E-01  2.66362E-01  2.41305E-01  2.18467E-01  1.98357E-01  1.63277E-01
  1.34700E-01  1.11594E-01  9.34604E-02  7.87815E-02  6.64719E-02  5.69945E-02
  4.96998E-02  3.86745E-02  3.15803E-02  2.38321E-02  1.62410E-02  9.56520E-03
  6.31162E-03  4.05076E-03  2.17405E-03  6.89310E-04  3.03305E-03  5.90767E-03
  5.67470E-03  3.98279E-03  4.73793E-04 -1.26041E-03 -1.53544E-03 -7.24147E-04
 -6.48377E-08  1.13136E-03  2.84098E-03  4.83005E-04  1.22140E-04  3.84318E-03
  4.01465E-03  7.40652E-03  5.66139E-03  2.64315E-04 -5.17302E-03  1.80154E-03
  5.49062E-03  2.24013E-03  1.29759E-03 -1.21882E-03 -9.56375E-04 -3.68415E-03
 -1.05885E-03 -4.66677E-03  1.11683E-04 -1.26927E-04 -2.67439E-03  8.20913E-04
  1.52399E-04 -1.89582E-03 -8.41752E-04  5.40774E-04  1.28075E-03  3.14544E-04
 -2.92479E-03  1.07588E-03  1.84046E-03 -2.65424E-04  2.41302E-03  8.96630E-04
  6.26847E-04 -1.01837E-03 -8.43761E-04 -1.86033E-03 -3.14516E-04  1.22583E-03
  1.33963E-03 -5.59784E-04 -2.37441E-03 -5.39065E-04  3.73065E-05 -2.19644E-03
 -7.47235E-04  1.36199E-04  1.97123E-04  1.01994E-03 -2.20762E-03 -2.17057E-03
 -8.30060E-05  8.37732E-04 -6.46908E-04  2.84532E-05  3.85734E-05 -5.49388E-04
  8.12856E-05 -1.20914E-04
