AutoSaveFileName0049.ASC
 IFORMY    0    .00
 (6E13.7)
 IFORMT    0    .00
 (6E13.7)
 IFORMW    0    .00
 (6E13.7)
 NINTT     0   -1.00
 DOUSNQ    0    1.00
 IQUAD     0    1.00
 PRWT      0    1.00
 PRY       0    1.00
 IPLRES    1    3.00
 IPLRES    2    3.00
 IPRINT    1    0.00
 IPRINT    2    2.00
 IPLFIT    1    0.00
 IPLFIT    2    0.00
 LINEPG    0   50.
 NONNEG    1    1.00
 IWT       0    5.00
 NQPROG    1    5.00
 NQPROG    2    5.00
 GMNMX     1    2.97656E-02
 GMNMX     2    1.06851E-02
 RUSER    10    -1.00
 NG        0    500.00
 NLINF     0    1.00
 IUSER    10    4.00
 RUSER    21    1.0
 RUSER    22   -1.0
 RUSER    23    0.0
 RUSER    18         291.92641
 RUSER    17         34.99800
 RUSER    19         1.03238
 RUSER    15         1.33200
 RUSER    16         632.80000
 RUSER    25         1
 RUSER    26         0
 END       0    0.00
 NY      162
  7.50000E-07  8.75000E-07  1.00000E-06  1.12500E-06  1.25000E-06  1.37500E-06
  1.50000E-06  1.62500E-06  1.75000E-06  1.87500E-06  2.00000E-06  2.25000E-06
  2.50000E-06  2.75000E-06  3.00000E-06  3.25000E-06  3.50000E-06  3.75000E-06
  4.00000E-06  4.50000E-06  5.00000E-06  5.50000E-06  6.00000E-06  6.50000E-06
  7.00000E-06  7.50000E-06  8.00000E-06  9.00000E-06  1.00000E-05  1.10000E-05
  1.20000E-05  1.30000E-05  1.40000E-05  1.50000E-05  1.60000E-05  1.80000E-05
  2.00000E-05  2.20000E-05  2.40000E-05  2.60000E-05  2.80000E-05  3.00000E-05
  3.20000E-05  3.60000E-05  4.00000E-05  4.40000E-05  4.80000E-05  5.20000E-05
  5.60000E-05  6.00000E-05  6.40000E-05  7.20000E-05  8.00000E-05  8.80000E-05
  9.60000E-05  1.04000E-04  1.12000E-04  1.20000E-04  1.28000E-04  1.44000E-04
  1.60000E-04  1.76000E-04  1.92000E-04  2.08000E-04  2.24000E-04  2.40000E-04
  2.56000E-04  2.88000E-04  3.20000E-04  3.52000E-04  3.84000E-04  4.16000E-04
  4.48000E-04  4.80000E-04  5.12000E-04  5.76000E-04  6.40000E-04  7.04000E-04
  7.68000E-04  8.32000E-04  8.96000E-04  9.60000E-04  1.02400E-03  1.15200E-03
  1.28000E-03  1.40800E-03  1.53600E-03  1.66400E-03  1.79200E-03  1.92000E-03
  2.01600E-03  2.27200E-03  2.52800E-03  2.78400E-03  3.04000E-03  3.29600E-03
  3.55200E-03  3.80800E-03  4.06400E-03  4.57600E-03  5.08800E-03  5.60000E-03
  6.11200E-03  6.62400E-03  7.13600E-03  7.64800E-03  8.16000E-03  9.18400E-03
  1.02080E-02  1.12320E-02  1.22560E-02  1.32800E-02  1.43040E-02  1.53280E-02
  1.63520E-02  1.84000E-02  2.04480E-02  2.24960E-02  2.45440E-02  2.65920E-02
  2.86400E-02  3.06880E-02  3.27360E-02  3.68320E-02  4.09280E-02  4.50240E-02
  4.91200E-02  5.32160E-02  5.73120E-02  6.14080E-02  6.55040E-02  7.36960E-02
  8.18880E-02  9.00800E-02  9.82720E-02  1.06464E-01  1.14656E-01  1.22848E-01
  1.31040E-01  1.47424E-01  1.63808E-01  1.80192E-01  1.96576E-01  2.12960E-01
  2.29344E-01  2.45728E-01  2.62112E-01  2.94880E-01  3.27648E-01  3.60416E-01
  3.93184E-01  4.25952E-01  4.58720E-01  4.91488E-01  5.24256E-01  5.89792E-01
  6.55328E-01  7.20864E-01  7.86400E-01  8.51936E-01  9.17472E-01  9.83008E-01
  1.00000E+00  9.98722E-01  9.96229E-01  9.96061E-01  9.97439E-01  9.97649E-01
  9.96232E-01  9.95616E-01  9.96643E-01  9.93328E-01  9.93992E-01  9.96075E-01
  9.96947E-01  9.94494E-01  9.94532E-01  9.93860E-01  9.93887E-01  9.95267E-01
  9.95159E-01  9.94278E-01  9.93443E-01  9.94336E-01  9.92636E-01  9.93667E-01
  9.92055E-01  9.91920E-01  9.92256E-01  9.91342E-01  9.91146E-01  9.90957E-01
  9.89551E-01  9.89132E-01  9.88072E-01  9.88415E-01  9.87721E-01  9.86071E-01
  9.85508E-01  9.83991E-01  9.83847E-01  9.82069E-01  9.81273E-01  9.79260E-01
  9.78669E-01  9.76502E-01  9.73908E-01  9.71860E-01  9.69306E-01  9.67524E-01
  9.65062E-01  9.62911E-01  9.60776E-01  9.56692E-01  9.52430E-01  9.48125E-01
  9.43708E-01  9.39308E-01  9.35196E-01  9.30982E-01  9.26748E-01  9.18514E-01
  9.10512E-01  9.02301E-01  8.94267E-01  8.86490E-01  8.78542E-01  8.70725E-01
  8.63041E-01  8.48079E-01  8.33232E-01  8.18931E-01  8.04650E-01  7.90912E-01
  7.77204E-01  7.64100E-01  7.51170E-01  7.26015E-01  7.01581E-01  6.78081E-01
  6.55498E-01  6.33592E-01  6.12421E-01  5.92201E-01  5.72988E-01  5.35930E-01
  5.01137E-01  4.68820E-01  4.38686E-01  4.10708E-01  3.84671E-01  3.60612E-01
  3.43523E-01  3.02577E-01  2.66687E-01  2.35014E-01  2.07712E-01  1.83690E-01
  1.62622E-01  1.44291E-01  1.28567E-01  1.01713E-01  8.20922E-02  6.76774E-02
  5.64892E-02  4.79461E-02  4.08413E-02  3.56044E-02  3.11410E-02  2.41136E-02
  1.81522E-02  1.48285E-02  9.83900E-03  6.42896E-03  4.94909E-03  2.77708E-03
  1.15239E-03  1.06319E-04  1.68493E-04 -1.66037E-03 -1.25744E-03  2.32067E-04
 -1.98030E-03 -3.41969E-03 -1.97321E-03  3.82627E-03  7.04715E-03  3.79503E-03
  5.37738E-04 -6.12383E-04 -1.46799E-03  5.65541E-04 -4.65695E-04  3.72805E-03
  2.70031E-03  1.90918E-03 -2.11034E-03 -1.06578E-03 -5.63961E-03  1.12736E-03
  3.53192E-03  1.76603E-03  2.17587E-04 -3.15079E-03 -7.38493E-04 -1.81024E-03
  9.52280E-04 -1.13304E-03  2.75146E-04 -1.39275E-03 -7.16778E-04  3.84397E-04
 -1.21717E-03  1.59787E-03  4.21934E-04  1.32603E-03  2.46347E-03 -3.82759E-04
  6.32401E-04  6.54206E-04 -6.98544E-04 -1.45387E-03  1.50329E-04 -2.08838E-03
