AutoSaveFileName0257.ASC
 IFORMY    0    .00
 (6E13.7)
 IFORMT    0    .00
 (6E13.7)
 IFORMW    0    .00
 (6E13.7)
 NINTT     0   -1.00
 DOUSNQ    0    1.00
 IQUAD          1.00
 PRWT      0    1.00
 PRY       0    1.00
 IPLRES    1    3.00
 IPLRES    2    3.00
 IPRINT    1    0.00
 IPRINT    2    2.00
 IPLFIT    1    0.00
 IPLFIT    2    0.00
 LINEPG    0   50.
 NONNEG    1    1.00
 IWT       0    5.00
 NQPROG    1    5.00
 NQPROG    2    5.00
 GMNMX     1    7.744E-06
 GMNMX     2    7.744E-03
 RUSER    10    -1.00
 NG        0    200.00
 NLINF     0    0.00
 IUSER    10    4.00
 RUSER    21    1.0
 RUSER    22   -1.0
 RUSER    23    0.0
 RUSER    18         292.24912
 RUSER    17         139.99900
 RUSER    19         1.02417
 RUSER    15         1.33200
 RUSER    16         632.80000
 RUSER    25         1
 RUSER    26         0
 END       0    0.00
 NY      188
  5.00000E-07  6.25000E-07  7.50000E-07  8.75000E-07  1.00000E-06  1.12500E-06
  1.25000E-06  1.37500E-06  1.50000E-06  1.62500E-06  1.75000E-06  1.87500E-06
  2.00000E-06  2.25000E-06  2.50000E-06  2.75000E-06  3.00000E-06  3.25000E-06
  3.50000E-06  3.75000E-06  4.00000E-06  4.50000E-06  5.00000E-06  5.50000E-06
  6.00000E-06  6.50000E-06  7.00000E-06  7.50000E-06  8.00000E-06  9.00000E-06
  1.00000E-05  1.10000E-05  1.20000E-05  1.30000E-05  1.40000E-05  1.50000E-05
  1.60000E-05  1.80000E-05  2.00000E-05  2.20000E-05  2.40000E-05  2.60000E-05
  2.80000E-05  3.00000E-05  3.20000E-05  3.60000E-05  4.00000E-05  4.40000E-05
  4.80000E-05  5.20000E-05  5.60000E-05  6.00000E-05  6.40000E-05  7.20000E-05
  8.00000E-05  8.80000E-05  9.60000E-05  1.04000E-04  1.12000E-04  1.20000E-04
  1.28000E-04  1.44000E-04  1.60000E-04  1.76000E-04  1.92000E-04  2.08000E-04
  2.24000E-04  2.40000E-04  2.56000E-04  2.88000E-04  3.20000E-04  3.52000E-04
  3.84000E-04  4.16000E-04  4.48000E-04  4.80000E-04  5.12000E-04  5.76000E-04
  6.40000E-04  7.04000E-04  7.68000E-04  8.32000E-04  8.96000E-04  9.60000E-04
  1.02400E-03  1.15200E-03  1.28000E-03  1.40800E-03  1.53600E-03  1.66400E-03
  1.79200E-03  1.92000E-03  2.01600E-03  2.27200E-03  2.52800E-03  2.78400E-03
  3.04000E-03  3.29600E-03  3.55200E-03  3.80800E-03  4.06400E-03  4.57600E-03
  5.08800E-03  5.60000E-03  6.11200E-03  6.62400E-03  7.13600E-03  7.64800E-03
  8.16000E-03  9.18400E-03  1.02080E-02  1.12320E-02  1.22560E-02  1.32800E-02
  1.43040E-02  1.53280E-02  1.63520E-02  1.84000E-02  2.04480E-02  2.24960E-02
  2.45440E-02  2.65920E-02  2.86400E-02  3.06880E-02  3.27360E-02  3.68320E-02
  4.09280E-02  4.50240E-02  4.91200E-02  5.32160E-02  5.73120E-02  6.14080E-02
  6.55040E-02  7.36960E-02  8.18880E-02  9.00800E-02  9.82720E-02  1.06464E-01
  1.14656E-01  1.22848E-01  1.31040E-01  1.47424E-01  1.63808E-01  1.80192E-01
  1.96576E-01  2.12960E-01  2.29344E-01  2.45728E-01  2.62112E-01  2.94880E-01
  3.27648E-01  3.60416E-01  3.93184E-01  4.25952E-01  4.58720E-01  4.91488E-01
  5.24256E-01  5.89792E-01  6.55328E-01  7.20864E-01  7.86400E-01  8.51936E-01
  9.17472E-01  9.83008E-01  1.04854E+00  1.17962E+00  1.31069E+00  1.44176E+00
  1.57283E+00  1.70390E+00  1.83498E+00  1.96605E+00  2.09712E+00  2.35926E+00
  2.62141E+00  2.88355E+00  3.14570E+00  3.40784E+00  3.66998E+00  3.93213E+00
  4.19427E+00  4.71856E+00  5.24285E+00  5.76714E+00  6.29142E+00  6.81571E+00
  7.34000E+00  7.86429E+00
  9.94047E-01  9.93844E-01  9.91824E-01  9.91389E-01  9.91382E-01  9.90070E-01
  9.90684E-01  9.88703E-01  9.88163E-01  9.89247E-01  9.89145E-01  9.88452E-01
  9.89032E-01  9.88806E-01  9.88141E-01  9.89100E-01  9.88541E-01  9.88647E-01
  9.87387E-01  9.87219E-01  9.87641E-01  9.88767E-01  9.87088E-01  9.88021E-01
  9.86806E-01  9.87005E-01  9.86589E-01  9.86448E-01  9.86282E-01  9.85814E-01
  9.85525E-01  9.84723E-01  9.84481E-01  9.84222E-01  9.83642E-01  9.83312E-01
  9.82593E-01  9.81967E-01  9.81014E-01  9.79981E-01  9.79232E-01  9.78252E-01
  9.77548E-01  9.76556E-01  9.75834E-01  9.73996E-01  9.72299E-01  9.70306E-01
  9.68491E-01  9.66681E-01  9.65117E-01  9.63691E-01  9.61621E-01  9.58062E-01
  9.54381E-01  9.51095E-01  9.47264E-01  9.43656E-01  9.40238E-01  9.36909E-01
  9.33134E-01  9.26393E-01  9.19356E-01  9.12320E-01  9.05719E-01  8.98867E-01
  8.92140E-01  8.85635E-01  8.78963E-01  8.65882E-01  8.53161E-01  8.40568E-01
  8.28078E-01  8.15730E-01  8.03623E-01  7.91884E-01  7.80227E-01  7.57470E-01
  7.35332E-01  7.14077E-01  6.93124E-01  6.73047E-01  6.53492E-01  6.34479E-01
  6.16103E-01  5.80978E-01  5.47907E-01  5.16750E-01  4.87400E-01  4.59769E-01
  4.33973E-01  4.09911E-01  3.93096E-01  3.51473E-01  3.14515E-01  2.81553E-01
  2.52311E-01  2.26696E-01  2.03402E-01  1.82764E-01  1.65257E-01  1.34876E-01
  1.10650E-01  9.11897E-02  7.45448E-02  6.12425E-02  5.09908E-02  4.28405E-02
  3.66363E-02  2.75407E-02  2.17202E-02  1.73616E-02  1.43015E-02  1.20582E-02
  1.07025E-02  9.57747E-03  7.86862E-03  3.52233E-03  8.42812E-04  9.13127E-04
  1.63412E-03 -4.34913E-04 -1.22913E-03 -3.21595E-03 -1.22554E-03  1.33222E-03
  2.86523E-03  2.95462E-03  1.05059E-03 -4.57182E-03 -7.23602E-03 -5.01998E-03
 -1.72144E-03  2.76813E-03 -1.83264E-03 -5.09972E-04  2.39503E-03  1.33285E-03
 -3.09345E-03 -3.63941E-03  3.67010E-04 -6.14749E-04  2.16921E-04  1.11210E-03
 -5.89682E-04  5.84435E-04 -2.96104E-03  3.19968E-03  1.11471E-03 -5.16453E-04
 -2.70137E-03 -2.00175E-03 -1.19518E-03 -2.04297E-03 -5.20616E-04  1.56091E-03
  1.21881E-03  2.80864E-04  6.91133E-04  1.25424E-03 -2.85294E-04 -6.63157E-04
  5.11963E-04 -2.96687E-04 -1.37257E-03 -3.97307E-04 -5.55781E-04  8.18426E-04
 -9.57581E-04 -2.10460E-06 -2.27699E-03  6.92776E-04 -7.32431E-04 -1.51170E-03
 -1.08433E-03  4.48334E-04  3.43647E-04  8.31974E-04  4.74783E-04  1.49885E-04
 -5.04513E-04 -6.20112E-04 -2.14435E-04 -1.57749E-03  8.32101E-04  1.31705E-03
 -4.68190E-04  1.98079E-04
