AutoSaveFileName0349.ASC
 IFORMY    0    .00
 (6E13.7)
 IFORMT    0    .00
 (6E13.7)
 IFORMW    0    .00
 (6E13.7)
 NINTT     0   -1.00
 DOUSNQ    0    1.00
 IQUAD          1.00
 PRWT      0    1.00
 PRY       0    1.00
 IPLRES    1    3.00
 IPLRES    2    3.00
 IPRINT    1    0.00
 IPRINT    2    2.00
 IPLFIT    1    0.00
 IPLFIT    2    0.00
 LINEPG    0   50.
 NONNEG    1    1.00
 IWT       0    5.00
 NQPROG    1    5.00
 NQPROG    2    5.00
 GMNMX     1    8.255E-06
 GMNMX     2    8.255E-03
 RUSER    10    -1.00
 NG        0    200.00
 NLINF     0    0.00
 IUSER    10    4.00
 RUSER    21    1.0
 RUSER    22   -1.0
 RUSER    23    0.0
 RUSER    18         292.26488
 RUSER    17         130.99900
 RUSER    19         1.02377
 RUSER    15         1.33200
 RUSER    16         632.80000
 RUSER    25         1
 RUSER    26         0
 END       0    0.00
 NY      131
  3.75000E-07  5.00000E-07  6.25000E-07  7.50000E-07  8.75000E-07  1.00000E-06
  1.12500E-06  1.25000E-06  1.37500E-06  1.50000E-06  1.62500E-06  1.75000E-06
  1.87500E-06  2.00000E-06  2.25000E-06  2.50000E-06  2.75000E-06  3.00000E-06
  3.25000E-06  3.50000E-06  3.75000E-06  4.00000E-06  4.50000E-06  5.00000E-06
  5.50000E-06  6.00000E-06  6.50000E-06  7.00000E-06  7.50000E-06  8.00000E-06
  9.00000E-06  1.00000E-05  1.10000E-05  1.20000E-05  1.30000E-05  1.40000E-05
  1.50000E-05  1.60000E-05  1.80000E-05  2.00000E-05  2.20000E-05  2.40000E-05
  2.60000E-05  2.80000E-05  3.00000E-05  3.20000E-05  3.60000E-05  4.00000E-05
  4.40000E-05  4.80000E-05  5.20000E-05  5.60000E-05  6.00000E-05  6.40000E-05
  7.20000E-05  8.00000E-05  8.80000E-05  9.60000E-05  1.04000E-04  1.12000E-04
  1.20000E-04  1.28000E-04  1.44000E-04  1.60000E-04  1.76000E-04  1.92000E-04
  2.08000E-04  2.24000E-04  2.40000E-04  2.56000E-04  2.88000E-04  3.20000E-04
  3.52000E-04  3.84000E-04  4.16000E-04  4.48000E-04  4.80000E-04  5.12000E-04
  5.76000E-04  6.40000E-04  7.04000E-04  7.68000E-04  8.32000E-04  8.96000E-04
  9.60000E-04  1.02400E-03  1.15200E-03  1.28000E-03  1.40800E-03  1.53600E-03
  1.66400E-03  1.79200E-03  1.92000E-03  2.01600E-03  2.27200E-03  2.52800E-03
  2.78400E-03  3.04000E-03  3.29600E-03  3.55200E-03  3.80800E-03  4.06400E-03
  4.57600E-03  5.08800E-03  5.60000E-03  6.11200E-03  6.62400E-03  7.13600E-03
  7.64800E-03  8.16000E-03  9.18400E-03  1.02080E-02  1.12320E-02  1.22560E-02
  1.32800E-02  1.43040E-02  1.53280E-02  1.63520E-02  1.84000E-02  2.04480E-02
  2.24960E-02  2.45440E-02  2.65920E-02  2.86400E-02  3.06880E-02  3.27360E-02
  3.68320E-02  4.09280E-02  4.50240E-02  4.91200E-02  5.32160E-02
  1.63960E+00  1.63799E+00  1.63861E+00  1.62741E+00  1.63253E+00  1.63507E+00
  1.62252E+00  1.63387E+00  1.62940E+00  1.62344E+00  1.63211E+00  1.62620E+00
  1.62674E+00  1.62590E+00  1.62248E+00  1.62655E+00  1.62220E+00  1.62136E+00
  1.62625E+00  1.62255E+00  1.62385E+00  1.62227E+00  1.62231E+00  1.61832E+00
  1.61980E+00  1.61795E+00  1.61616E+00  1.61782E+00  1.61633E+00  1.61425E+00
  1.61487E+00  1.61129E+00  1.61197E+00  1.61245E+00  1.61004E+00  1.61002E+00
  1.60553E+00  1.60429E+00  1.60454E+00  1.60056E+00  1.59479E+00  1.59523E+00
  1.59258E+00  1.58934E+00  1.58498E+00  1.58327E+00  1.57922E+00  1.57253E+00
  1.56737E+00  1.56261E+00  1.55637E+00  1.55259E+00  1.54585E+00  1.54148E+00
  1.53109E+00  1.52085E+00  1.51035E+00  1.49988E+00  1.48983E+00  1.47969E+00
  1.46935E+00  1.45967E+00  1.44090E+00  1.42080E+00  1.40142E+00  1.38206E+00
  1.36356E+00  1.34578E+00  1.32796E+00  1.31053E+00  1.27540E+00  1.24206E+00
  1.20875E+00  1.17709E+00  1.14598E+00  1.11585E+00  1.08701E+00  1.05894E+00
  1.00507E+00  9.53505E-01  9.03877E-01  8.57007E-01  8.12605E-01  7.71034E-01
  7.32363E-01  6.97219E-01  6.28359E-01  5.66607E-01  5.10815E-01  4.60736E-01
  4.15341E-01  3.74610E-01  3.40050E-01  3.16270E-01  2.60578E-01  2.15273E-01
  1.77939E-01  1.47818E-01  1.21502E-01  1.00350E-01  8.32182E-02  6.95708E-02
  4.73096E-02  3.17952E-02  2.04940E-02  1.16636E-02  2.29834E-03 -5.15239E-03
 -5.29005E-03 -4.60576E-03 -3.89279E-03 -5.58218E-03 -1.00662E-02 -5.86455E-03
 -4.13268E-03 -4.35394E-04  1.89859E-03  5.62684E-03  1.14178E-02  1.82937E-02
  2.07513E-02  1.24937E-02  5.17075E-03  7.74153E-05 -1.03447E-02 -3.36184E-03
  1.05703E-03 -5.51368E-03 -1.67481E-03 -3.36538E-03  1.83396E-03
