AutoSaveFileName0016.ASC
 IFORMY    0    .00
 (6E13.7)
 IFORMT    0    .00
 (6E13.7)
 IFORMW    0    .00
 (6E13.7)
 NINTT     0   -1.00
 DOUSNQ    0    1.00
 IQUAD          1.00
 PRWT      0    1.00
 PRY       0    1.00
 IPLRES    1    3.00
 IPLRES    2    3.00
 IPRINT    1    0.00
 IPRINT    2    2.00
 IPLFIT    1    0.00
 IPLFIT    2    0.00
 LINEPG    0   50.
 NONNEG    1    1.00
 IWT       0    5.00
 NQPROG    1    5.00
 NQPROG    2    5.00
 GMNMX     1    2.296E-04
 GMNMX     2    2.296E-01
 RUSER    10    -1.00
 NG        0    200.00
 NLINF     0    0.00
 IUSER    10    4.00
 RUSER    21    1.0
 RUSER    22   -1.0
 RUSER    23    0.0
 RUSER    18         291.80587
 RUSER    17         19.99900
 RUSER    19         1.03547
 RUSER    15         1.33200
 RUSER    16         632.80000
 RUSER    25         1
 RUSER    26         0
 END       0    0.00
 NY      131
  3.75000E-07  5.00000E-07  6.25000E-07  7.50000E-07  8.75000E-07  1.00000E-06
  1.12500E-06  1.25000E-06  1.37500E-06  1.50000E-06  1.62500E-06  1.75000E-06
  1.87500E-06  2.00000E-06  2.25000E-06  2.50000E-06  2.75000E-06  3.00000E-06
  3.25000E-06  3.50000E-06  3.75000E-06  4.00000E-06  4.50000E-06  5.00000E-06
  5.50000E-06  6.00000E-06  6.50000E-06  7.00000E-06  7.50000E-06  8.00000E-06
  9.00000E-06  1.00000E-05  1.10000E-05  1.20000E-05  1.30000E-05  1.40000E-05
  1.50000E-05  1.60000E-05  1.80000E-05  2.00000E-05  2.20000E-05  2.40000E-05
  2.60000E-05  2.80000E-05  3.00000E-05  3.20000E-05  3.60000E-05  4.00000E-05
  4.40000E-05  4.80000E-05  5.20000E-05  5.60000E-05  6.00000E-05  6.40000E-05
  7.20000E-05  8.00000E-05  8.80000E-05  9.60000E-05  1.04000E-04  1.12000E-04
  1.20000E-04  1.28000E-04  1.44000E-04  1.60000E-04  1.76000E-04  1.92000E-04
  2.08000E-04  2.24000E-04  2.40000E-04  2.56000E-04  2.88000E-04  3.20000E-04
  3.52000E-04  3.84000E-04  4.16000E-04  4.48000E-04  4.80000E-04  5.12000E-04
  5.76000E-04  6.40000E-04  7.04000E-04  7.68000E-04  8.32000E-04  8.96000E-04
  9.60000E-04  1.02400E-03  1.15200E-03  1.28000E-03  1.40800E-03  1.53600E-03
  1.66400E-03  1.79200E-03  1.92000E-03  2.01600E-03  2.27200E-03  2.52800E-03
  2.78400E-03  3.04000E-03  3.29600E-03  3.55200E-03  3.80800E-03  4.06400E-03
  4.57600E-03  5.08800E-03  5.60000E-03  6.11200E-03  6.62400E-03  7.13600E-03
  7.64800E-03  8.16000E-03  9.18400E-03  1.02080E-02  1.12320E-02  1.22560E-02
  1.32800E-02  1.43040E-02  1.53280E-02  1.63520E-02  1.84000E-02  2.04480E-02
  2.24960E-02  2.45440E-02  2.65920E-02  2.86400E-02  3.06880E-02  3.27360E-02
  3.68320E-02  4.09280E-02  4.50240E-02  4.91200E-02  5.32160E-02
  1.38438E+00  1.38191E+00  1.38148E+00  1.38029E+00  1.37977E+00  1.38105E+00
  1.38174E+00  1.38151E+00  1.37984E+00  1.38055E+00  1.38084E+00  1.38070E+00
  1.37843E+00  1.37946E+00  1.38057E+00  1.37881E+00  1.38157E+00  1.38051E+00
  1.37964E+00  1.38118E+00  1.37992E+00  1.37997E+00  1.37982E+00  1.37966E+00
  1.37995E+00  1.37941E+00  1.37898E+00  1.37949E+00  1.37985E+00  1.37932E+00
  1.37916E+00  1.38012E+00  1.37941E+00  1.37927E+00  1.37938E+00  1.37904E+00
  1.37928E+00  1.37958E+00  1.37853E+00  1.37887E+00  1.37904E+00  1.37885E+00
  1.37867E+00  1.37850E+00  1.37899E+00  1.37867E+00  1.37823E+00  1.37814E+00
  1.37750E+00  1.37781E+00  1.37744E+00  1.37742E+00  1.37687E+00  1.37668E+00
  1.37649E+00  1.37612E+00  1.37567E+00  1.37521E+00  1.37483E+00  1.37435E+00
  1.37413E+00  1.37356E+00  1.37296E+00  1.37217E+00  1.37138E+00  1.37080E+00
  1.36962E+00  1.36891E+00  1.36808E+00  1.36720E+00  1.36562E+00  1.36395E+00
  1.36229E+00  1.36073E+00  1.35910E+00  1.35751E+00  1.35593E+00  1.35403E+00
  1.35088E+00  1.34766E+00  1.34460E+00  1.34133E+00  1.33835E+00  1.33525E+00
  1.33202E+00  1.32810E+00  1.32189E+00  1.31564E+00  1.30943E+00  1.30333E+00
  1.29733E+00  1.29146E+00  1.28545E+00  1.27458E+00  1.26306E+00  1.25155E+00
  1.24017E+00  1.22888E+00  1.21769E+00  1.20660E+00  1.19577E+00  1.18511E+00
  1.16409E+00  1.14343E+00  1.12295E+00  1.10311E+00  1.08377E+00  1.06462E+00
  1.04595E+00  1.02759E+00  9.91243E-01  9.55559E-01  9.21478E-01  8.89252E-01
  8.57725E-01  8.27465E-01  7.98426E-01  7.70411E-01  7.16187E-01  6.67378E-01
  6.20959E-01  5.78191E-01  5.38453E-01  5.01172E-01  4.68134E-01  4.36932E-01
  3.77029E-01  3.23017E-01  2.75873E-01  2.37005E-01  2.04743E-01
