AutoSaveFileName0002.ASC
 IFORMY    0    .00
 (6E13.7)
 IFORMT    0    .00
 (6E13.7)
 IFORMW    0    .00
 (6E13.7)
 NINTT     0   -1.00
 DOUSNQ    0    1.00
 IQUAD          1.00
 PRWT      0    1.00
 PRY       0    1.00
 IPLRES    1    3.00
 IPLRES    2    3.00
 IPRINT    1    0.00
 IPRINT    2    2.00
 IPLFIT    1    0.00
 IPLFIT    2    0.00
 LINEPG    0   50.
 NONNEG    1    1.00
 IWT       0    5.00
 NQPROG    1    5.00
 NQPROG    2    5.00
 GMNMX     1    4.023E-04
 GMNMX     2    4.023E-01
 RUSER    10    -1.00
 NG        0    200.00
 NLINF     0    0.00
 IUSER    10    4.00
 RUSER    21    1.0
 RUSER    22   -1.0
 RUSER    23    0.0
 RUSER    18         292.15280
 RUSER    17         15.00300
 RUSER    19         1.02661
 RUSER    15         1.33200
 RUSER    16         632.80000
 RUSER    25         1
 RUSER    26         0
 END       0    0.00
 NY      188
  5.00000E-07  6.25000E-07  7.50000E-07  8.75000E-07  1.00000E-06  1.12500E-06
  1.25000E-06  1.37500E-06  1.50000E-06  1.62500E-06  1.75000E-06  1.87500E-06
  2.00000E-06  2.25000E-06  2.50000E-06  2.75000E-06  3.00000E-06  3.25000E-06
  3.50000E-06  3.75000E-06  4.00000E-06  4.50000E-06  5.00000E-06  5.50000E-06
  6.00000E-06  6.50000E-06  7.00000E-06  7.50000E-06  8.00000E-06  9.00000E-06
  1.00000E-05  1.10000E-05  1.20000E-05  1.30000E-05  1.40000E-05  1.50000E-05
  1.60000E-05  1.80000E-05  2.00000E-05  2.20000E-05  2.40000E-05  2.60000E-05
  2.80000E-05  3.00000E-05  3.20000E-05  3.60000E-05  4.00000E-05  4.40000E-05
  4.80000E-05  5.20000E-05  5.60000E-05  6.00000E-05  6.40000E-05  7.20000E-05
  8.00000E-05  8.80000E-05  9.60000E-05  1.04000E-04  1.12000E-04  1.20000E-04
  1.28000E-04  1.44000E-04  1.60000E-04  1.76000E-04  1.92000E-04  2.08000E-04
  2.24000E-04  2.40000E-04  2.56000E-04  2.88000E-04  3.20000E-04  3.52000E-04
  3.84000E-04  4.16000E-04  4.48000E-04  4.80000E-04  5.12000E-04  5.76000E-04
  6.40000E-04  7.04000E-04  7.68000E-04  8.32000E-04  8.96000E-04  9.60000E-04
  1.02400E-03  1.15200E-03  1.28000E-03  1.40800E-03  1.53600E-03  1.66400E-03
  1.79200E-03  1.92000E-03  2.01600E-03  2.27200E-03  2.52800E-03  2.78400E-03
  3.04000E-03  3.29600E-03  3.55200E-03  3.80800E-03  4.06400E-03  4.57600E-03
  5.08800E-03  5.60000E-03  6.11200E-03  6.62400E-03  7.13600E-03  7.64800E-03
  8.16000E-03  9.18400E-03  1.02080E-02  1.12320E-02  1.22560E-02  1.32800E-02
  1.43040E-02  1.53280E-02  1.63520E-02  1.84000E-02  2.04480E-02  2.24960E-02
  2.45440E-02  2.65920E-02  2.86400E-02  3.06880E-02  3.27360E-02  3.68320E-02
  4.09280E-02  4.50240E-02  4.91200E-02  5.32160E-02  5.73120E-02  6.14080E-02
  6.55040E-02  7.36960E-02  8.18880E-02  9.00800E-02  9.82720E-02  1.06464E-01
  1.14656E-01  1.22848E-01  1.31040E-01  1.47424E-01  1.63808E-01  1.80192E-01
  1.96576E-01  2.12960E-01  2.29344E-01  2.45728E-01  2.62112E-01  2.94880E-01
  3.27648E-01  3.60416E-01  3.93184E-01  4.25952E-01  4.58720E-01  4.91488E-01
  5.24256E-01  5.89792E-01  6.55328E-01  7.20864E-01  7.86400E-01  8.51936E-01
  9.17472E-01  9.83008E-01  1.04854E+00  1.17962E+00  1.31069E+00  1.44176E+00
  1.57283E+00  1.70390E+00  1.83498E+00  1.96605E+00  2.09712E+00  2.35926E+00
  2.62141E+00  2.88355E+00  3.14570E+00  3.40784E+00  3.66998E+00  3.93213E+00
  4.19427E+00  4.71856E+00  5.24285E+00  5.76714E+00  6.29142E+00  6.81571E+00
  7.34000E+00  7.86429E+00
  9.98591E-01  9.97957E-01  9.97767E-01  9.97830E-01  9.97316E-01  9.96802E-01
  9.96597E-01  9.96006E-01  9.95604E-01  9.95153E-01  9.94822E-01  9.94738E-01
  9.94470E-01  9.93554E-01  9.93209E-01  9.92173E-01  9.91715E-01  9.91060E-01
  9.90490E-01  9.89595E-01  9.89081E-01  9.87799E-01  9.86495E-01  9.84917E-01
  9.83565E-01  9.82466E-01  9.80930E-01  9.79627E-01  9.78359E-01  9.75597E-01
  9.73012E-01  9.70243E-01  9.67665E-01  9.64938E-01  9.62254E-01  9.59598E-01
  9.56985E-01  9.53554E-01  9.52145E-01  9.50821E-01  9.49616E-01  9.48249E-01
  9.47059E-01  9.45784E-01  9.44509E-01  9.42184E-01  9.40268E-01  9.38373E-01
  9.36548E-01  9.34674E-01  9.32983E-01  9.31434E-01  9.29849E-01  9.26770E-01
  9.23945E-01  9.21120E-01  9.18514E-01  9.15970E-01  9.13582E-01  9.11286E-01
  9.08968E-01  9.04621E-01  9.00493E-01  8.96569E-01  8.92807E-01  8.89222E-01
  8.85763E-01  8.82367E-01  8.79077E-01  8.72793E-01  8.66953E-01  8.61360E-01
  8.56006E-01  8.50849E-01  8.45925E-01  8.43339E-01  8.56583E-01  8.54653E-01
  8.51349E-01  8.47566E-01  8.43346E-01  8.38690E-01  8.33906E-01  8.29257E-01
  8.32934E-01  8.27172E-01  8.20465E-01  8.13801E-01  8.14054E-01  8.08418E-01
  8.03691E-01  7.97992E-01  7.95491E-01  7.85692E-01  7.78556E-01  7.70004E-01
  7.63093E-01  7.54653E-01  7.49222E-01  7.42874E-01  7.36027E-01  7.22874E-01
  7.11631E-01  6.99741E-01  6.89200E-01  6.79180E-01  6.70044E-01  6.61006E-01
  6.52831E-01  6.35204E-01  6.17589E-01  6.01038E-01  5.85795E-01  5.69900E-01
  5.54352E-01  5.39990E-01  5.26313E-01  4.98511E-01  4.71834E-01  4.46571E-01
  4.24072E-01  4.03679E-01  3.85830E-01  3.69921E-01  3.57434E-01  3.31228E-01
  3.06581E-01  2.83374E-01  2.60657E-01  2.41751E-01  2.25303E-01  2.11241E-01
  1.99417E-01  1.73542E-01  1.50981E-01  1.29995E-01  1.07867E-01  8.24318E-02
  6.83305E-02  5.77212E-02  5.16407E-02  4.66456E-02  3.62517E-02  1.81024E-02
  6.14228E-03 -5.87558E-03 -8.11589E-03 -3.20234E-03 -3.34805E-03 -1.16021E-03
 -1.34940E-03  1.21181E-02  8.02480E-03 -9.94794E-03 -1.57049E-02 -1.52777E-02
  1.11941E-03  2.17712E-02  2.74723E-02 -1.63713E-03 -1.95179E-02 -3.44781E-02
 -5.16390E-02 -4.68610E-02 -3.84385E-02 -2.08560E-02 -2.72866E-02 -2.56852E-02
 -1.98037E-02 -9.75365E-03  4.15303E-03  1.02640E-02  2.09681E-03  7.80472E-03
  2.11452E-02  2.03901E-02 -1.24613E-02 -6.51951E-03  1.33954E-02 -2.81142E-02
  9.27622E-03 -1.35636E-02 -1.74524E-02  1.26623E-02  1.69351E-02 -1.09790E-02
 -3.23321E-03 -1.47765E-02
