AutoSaveFileName0157.ASC
 IFORMY    0    .00
 (6E13.7)
 IFORMT    0    .00
 (6E13.7)
 IFORMW    0    .00
 (6E13.7)
 NINTT     0   -1.00
 DOUSNQ    0    1.00
 IQUAD          1.00
 PRWT      0    1.00
 PRY       0    1.00
 IPLRES    1    3.00
 IPLRES    2    3.00
 IPRINT    1    0.00
 IPRINT    2    2.00
 IPLFIT    1    0.00
 IPLFIT    2    0.00
 LINEPG    0   50.
 NONNEG    1    1.00
 IWT       0    5.00
 NQPROG    1    5.00
 NQPROG    2    5.00
 GMNMX     1    1.369E-05
 GMNMX     2    1.369E-02
 RUSER    10    -1.00
 NG        0    200.00
 NLINF     0    0.00
 IUSER    10    4.00
 RUSER    21    1.0
 RUSER    22   -1.0
 RUSER    23    0.0
 RUSER    18         292.21719
 RUSER    17         89.99700
 RUSER    19         1.02498
 RUSER    15         1.33200
 RUSER    16         632.80000
 RUSER    25         1
 RUSER    26         0
 END       0    0.00
 NY      188
  5.00000E-07  6.25000E-07  7.50000E-07  8.75000E-07  1.00000E-06  1.12500E-06
  1.25000E-06  1.37500E-06  1.50000E-06  1.62500E-06  1.75000E-06  1.87500E-06
  2.00000E-06  2.25000E-06  2.50000E-06  2.75000E-06  3.00000E-06  3.25000E-06
  3.50000E-06  3.75000E-06  4.00000E-06  4.50000E-06  5.00000E-06  5.50000E-06
  6.00000E-06  6.50000E-06  7.00000E-06  7.50000E-06  8.00000E-06  9.00000E-06
  1.00000E-05  1.10000E-05  1.20000E-05  1.30000E-05  1.40000E-05  1.50000E-05
  1.60000E-05  1.80000E-05  2.00000E-05  2.20000E-05  2.40000E-05  2.60000E-05
  2.80000E-05  3.00000E-05  3.20000E-05  3.60000E-05  4.00000E-05  4.40000E-05
  4.80000E-05  5.20000E-05  5.60000E-05  6.00000E-05  6.40000E-05  7.20000E-05
  8.00000E-05  8.80000E-05  9.60000E-05  1.04000E-04  1.12000E-04  1.20000E-04
  1.28000E-04  1.44000E-04  1.60000E-04  1.76000E-04  1.92000E-04  2.08000E-04
  2.24000E-04  2.40000E-04  2.56000E-04  2.88000E-04  3.20000E-04  3.52000E-04
  3.84000E-04  4.16000E-04  4.48000E-04  4.80000E-04  5.12000E-04  5.76000E-04
  6.40000E-04  7.04000E-04  7.68000E-04  8.32000E-04  8.96000E-04  9.60000E-04
  1.02400E-03  1.15200E-03  1.28000E-03  1.40800E-03  1.53600E-03  1.66400E-03
  1.79200E-03  1.92000E-03  2.01600E-03  2.27200E-03  2.52800E-03  2.78400E-03
  3.04000E-03  3.29600E-03  3.55200E-03  3.80800E-03  4.06400E-03  4.57600E-03
  5.08800E-03  5.60000E-03  6.11200E-03  6.62400E-03  7.13600E-03  7.64800E-03
  8.16000E-03  9.18400E-03  1.02080E-02  1.12320E-02  1.22560E-02  1.32800E-02
  1.43040E-02  1.53280E-02  1.63520E-02  1.84000E-02  2.04480E-02  2.24960E-02
  2.45440E-02  2.65920E-02  2.86400E-02  3.06880E-02  3.27360E-02  3.68320E-02
  4.09280E-02  4.50240E-02  4.91200E-02  5.32160E-02  5.73120E-02  6.14080E-02
  6.55040E-02  7.36960E-02  8.18880E-02  9.00800E-02  9.82720E-02  1.06464E-01
  1.14656E-01  1.22848E-01  1.31040E-01  1.47424E-01  1.63808E-01  1.80192E-01
  1.96576E-01  2.12960E-01  2.29344E-01  2.45728E-01  2.62112E-01  2.94880E-01
  3.27648E-01  3.60416E-01  3.93184E-01  4.25952E-01  4.58720E-01  4.91488E-01
  5.24256E-01  5.89792E-01  6.55328E-01  7.20864E-01  7.86400E-01  8.51936E-01
  9.17472E-01  9.83008E-01  1.04854E+00  1.17962E+00  1.31069E+00  1.44176E+00
  1.57283E+00  1.70390E+00  1.83498E+00  1.96605E+00  2.09712E+00  2.35926E+00
  2.62141E+00  2.88355E+00  3.14570E+00  3.40784E+00  3.66998E+00  3.93213E+00
  4.19427E+00  4.71856E+00  5.24285E+00  5.76714E+00  6.29142E+00  6.81571E+00
  7.34000E+00  7.86429E+00
  9.97298E-01  9.95981E-01  9.92385E-01  9.92871E-01  9.94284E-01  9.93739E-01
  9.93670E-01  9.92281E-01  9.91068E-01  9.92484E-01  9.93557E-01  9.92568E-01
  9.93114E-01  9.91704E-01  9.91792E-01  9.92460E-01  9.90608E-01  9.91643E-01
  9.91484E-01  9.92061E-01  9.91798E-01  9.91462E-01  9.90875E-01  9.91141E-01
  9.91305E-01  9.91367E-01  9.91173E-01  9.89623E-01  9.90569E-01  9.90216E-01
  9.90028E-01  9.89282E-01  9.89422E-01  9.89148E-01  9.88822E-01  9.88719E-01
  9.88412E-01  9.87763E-01  9.87207E-01  9.86979E-01  9.86102E-01  9.85779E-01
  9.85547E-01  9.84789E-01  9.84435E-01  9.83367E-01  9.82367E-01  9.81317E-01
  9.80346E-01  9.79450E-01  9.78097E-01  9.77265E-01  9.76168E-01  9.74235E-01
  9.72297E-01  9.70039E-01  9.68026E-01  9.65743E-01  9.63677E-01  9.61741E-01
  9.59604E-01  9.55536E-01  9.51404E-01  9.47277E-01  9.43295E-01  9.39290E-01
  9.35208E-01  9.31243E-01  9.27213E-01  9.19367E-01  9.11568E-01  9.03642E-01
  8.95876E-01  8.88135E-01  8.80462E-01  8.72944E-01  8.64886E-01  8.50155E-01
  8.35676E-01  8.21521E-01  8.07546E-01  7.93931E-01  7.80449E-01  7.67099E-01
  7.54300E-01  7.29067E-01  7.04691E-01  6.81112E-01  6.58315E-01  6.36328E-01
  6.15178E-01  5.94825E-01  5.80799E-01  5.43134E-01  5.08197E-01  4.75820E-01
  4.45403E-01  4.16997E-01  3.90520E-01  3.65725E-01  3.43079E-01  3.01310E-01
  2.65015E-01  2.32907E-01  2.04326E-01  1.78588E-01  1.55209E-01  1.34643E-01
  1.17252E-01  8.71686E-02  6.38163E-02  4.69463E-02  3.56711E-02  2.77357E-02
  2.23575E-02  1.91153E-02  1.76897E-02  1.50086E-02  1.16419E-02  9.35139E-03
  6.12143E-03  4.44805E-03  2.52816E-03  1.31768E-03  1.54764E-03  1.54812E-03
  4.86752E-04 -4.02858E-03 -3.69629E-04  1.23812E-03  5.54155E-03  5.11777E-03
  2.33441E-04 -5.90079E-03  6.04840E-05  4.98238E-04  1.69470E-03  7.02618E-03
  4.04859E-03  2.87337E-03  2.62077E-03  6.55130E-03  5.59153E-03  2.28321E-03
 -5.17112E-03 -1.29068E-03  6.97234E-03 -8.06099E-06  1.88470E-03  8.05449E-04
 -5.60176E-03  1.99827E-03  3.54431E-03  7.16996E-04  1.32297E-03 -5.51675E-03
 -1.50037E-03 -9.00634E-04  3.97737E-04  5.58911E-04 -8.87608E-04 -2.06163E-03
 -1.56078E-03 -5.40983E-03 -1.78407E-03  7.57489E-04  5.59539E-04 -3.31852E-03
 -2.46900E-03 -1.31492E-03  3.16233E-04 -1.07023E-03 -6.62276E-04  1.27631E-03
 -6.30705E-04 -2.22835E-04 -1.19048E-03 -6.85796E-04  9.54911E-04 -2.00020E-03
 -9.75158E-04 -8.86353E-04  2.33065E-03 -6.16852E-04  4.61494E-04  1.69687E-03
  1.07898E-03 -2.56942E-03
