AutoSaveFileName0025.ASC
 IFORMY    0    .00
 (6E13.7)
 IFORMT    0    .00
 (6E13.7)
 IFORMW    0    .00
 (6E13.7)
 NINTT     0   -1.00
 DOUSNQ    0    1.00
 IQUAD          1.00
 PRWT      0    1.00
 PRY       0    1.00
 IPLRES    1    3.00
 IPLRES    2    3.00
 IPRINT    1    0.00
 IPRINT    2    2.00
 IPLFIT    1    0.00
 IPLFIT    2    0.00
 LINEPG    0   50.
 NONNEG    1    1.00
 IWT       0    5.00
 NQPROG    1    5.00
 NQPROG    2    5.00
 GMNMX     1    1.742E-04
 GMNMX     2    1.742E-01
 RUSER    10    -1.00
 NG        0    200.00
 NLINF     0    0.00
 IUSER    10    4.00
 RUSER    21    1.0
 RUSER    22   -1.0
 RUSER    23    0.0
 RUSER    18         291.81556
 RUSER    17         22.99900
 RUSER    19         1.03522
 RUSER    15         1.33200
 RUSER    16         632.80000
 RUSER    25         1
 RUSER    26         0
 END       0    0.00
 NY      131
  3.75000E-07  5.00000E-07  6.25000E-07  7.50000E-07  8.75000E-07  1.00000E-06
  1.12500E-06  1.25000E-06  1.37500E-06  1.50000E-06  1.62500E-06  1.75000E-06
  1.87500E-06  2.00000E-06  2.25000E-06  2.50000E-06  2.75000E-06  3.00000E-06
  3.25000E-06  3.50000E-06  3.75000E-06  4.00000E-06  4.50000E-06  5.00000E-06
  5.50000E-06  6.00000E-06  6.50000E-06  7.00000E-06  7.50000E-06  8.00000E-06
  9.00000E-06  1.00000E-05  1.10000E-05  1.20000E-05  1.30000E-05  1.40000E-05
  1.50000E-05  1.60000E-05  1.80000E-05  2.00000E-05  2.20000E-05  2.40000E-05
  2.60000E-05  2.80000E-05  3.00000E-05  3.20000E-05  3.60000E-05  4.00000E-05
  4.40000E-05  4.80000E-05  5.20000E-05  5.60000E-05  6.00000E-05  6.40000E-05
  7.20000E-05  8.00000E-05  8.80000E-05  9.60000E-05  1.04000E-04  1.12000E-04
  1.20000E-04  1.28000E-04  1.44000E-04  1.60000E-04  1.76000E-04  1.92000E-04
  2.08000E-04  2.24000E-04  2.40000E-04  2.56000E-04  2.88000E-04  3.20000E-04
  3.52000E-04  3.84000E-04  4.16000E-04  4.48000E-04  4.80000E-04  5.12000E-04
  5.76000E-04  6.40000E-04  7.04000E-04  7.68000E-04  8.32000E-04  8.96000E-04
  9.60000E-04  1.02400E-03  1.15200E-03  1.28000E-03  1.40800E-03  1.53600E-03
  1.66400E-03  1.79200E-03  1.92000E-03  2.01600E-03  2.27200E-03  2.52800E-03
  2.78400E-03  3.04000E-03  3.29600E-03  3.55200E-03  3.80800E-03  4.06400E-03
  4.57600E-03  5.08800E-03  5.60000E-03  6.11200E-03  6.62400E-03  7.13600E-03
  7.64800E-03  8.16000E-03  9.18400E-03  1.02080E-02  1.12320E-02  1.22560E-02
  1.32800E-02  1.43040E-02  1.53280E-02  1.63520E-02  1.84000E-02  2.04480E-02
  2.24960E-02  2.45440E-02  2.65920E-02  2.86400E-02  3.06880E-02  3.27360E-02
  3.68320E-02  4.09280E-02  4.50240E-02  4.91200E-02  5.32160E-02
  1.44015E+00  1.43751E+00  1.43239E+00  1.43565E+00  1.43531E+00  1.43317E+00
  1.43363E+00  1.43591E+00  1.43437E+00  1.43530E+00  1.42695E+00  1.43614E+00
  1.43396E+00  1.43248E+00  1.43390E+00  1.43223E+00  1.43166E+00  1.43147E+00
  1.43369E+00  1.43065E+00  1.43297E+00  1.43325E+00  1.43179E+00  1.43287E+00
  1.43167E+00  1.43319E+00  1.43250E+00  1.43243E+00  1.43160E+00  1.43205E+00
  1.43275E+00  1.43145E+00  1.43210E+00  1.43244E+00  1.43248E+00  1.43244E+00
  1.43216E+00  1.43168E+00  1.43210E+00  1.43207E+00  1.43208E+00  1.43150E+00
  1.43140E+00  1.43131E+00  1.43137E+00  1.43139E+00  1.43120E+00  1.43047E+00
  1.43041E+00  1.42987E+00  1.42992E+00  1.42923E+00  1.42970E+00  1.42910E+00
  1.42845E+00  1.42754E+00  1.42759E+00  1.42720E+00  1.42620E+00  1.42585E+00
  1.42567E+00  1.42488E+00  1.42377E+00  1.42285E+00  1.42158E+00  1.42081E+00
  1.41968E+00  1.41862E+00  1.41777E+00  1.41627E+00  1.41409E+00  1.41203E+00
  1.40989E+00  1.40790E+00  1.40579E+00  1.40372E+00  1.40168E+00  1.39916E+00
  1.39510E+00  1.39098E+00  1.38683E+00  1.38304E+00  1.37884E+00  1.37503E+00
  1.37104E+00  1.36594E+00  1.35808E+00  1.35034E+00  1.34262E+00  1.33483E+00
  1.32728E+00  1.31970E+00  1.31215E+00  1.30454E+00  1.28929E+00  1.27430E+00
  1.25942E+00  1.24464E+00  1.23019E+00  1.21618E+00  1.20232E+00  1.18884E+00
  1.16256E+00  1.13661E+00  1.11155E+00  1.08711E+00  1.06347E+00  1.04036E+00
  1.01768E+00  9.95268E-01  9.51915E-01  9.11333E-01  8.73375E-01  8.37379E-01
  8.02520E-01  7.69358E-01  7.37475E-01  7.07088E-01  6.48840E-01  5.96881E-01
  5.51850E-01  5.12005E-01  4.76848E-01  4.45253E-01  4.16514E-01  3.89301E-01
  3.38884E-01  2.98054E-01  2.64536E-01  2.32694E-01  2.01405E-01
