AutoSaveFileName0299.ASC
 IFORMY    0    .00
 (6E13.7)
 IFORMT    0    .00
 (6E13.7)
 IFORMW    0    .00
 (6E13.7)
 NINTT     0   -1.00
 DOUSNQ    0    1.00
 IQUAD          1.00
 PRWT      0    1.00
 PRY       0    1.00
 IPLRES    1    3.00
 IPLRES    2    3.00
 IPRINT    1    0.00
 IPRINT    2    2.00
 IPLFIT    1    0.00
 IPLFIT    2    0.00
 LINEPG    0   50.
 NONNEG    1    1.00
 IWT       0    5.00
 NQPROG    1    5.00
 NQPROG    2    5.00
 GMNMX     1    9.742E-06
 GMNMX     2    9.742E-03
 RUSER    10    -1.00
 NG        0    200.00
 NLINF     0    0.00
 IUSER    10    4.00
 RUSER    21    1.0
 RUSER    22   -1.0
 RUSER    23    0.0
 RUSER    18         292.17503
 RUSER    17         113.99900
 RUSER    19         1.02604
 RUSER    15         1.33200
 RUSER    16         632.80000
 RUSER    25         1
 RUSER    26         0
 END       0    0.00
 NY      131
  3.75000E-07  5.00000E-07  6.25000E-07  7.50000E-07  8.75000E-07  1.00000E-06
  1.12500E-06  1.25000E-06  1.37500E-06  1.50000E-06  1.62500E-06  1.75000E-06
  1.87500E-06  2.00000E-06  2.25000E-06  2.50000E-06  2.75000E-06  3.00000E-06
  3.25000E-06  3.50000E-06  3.75000E-06  4.00000E-06  4.50000E-06  5.00000E-06
  5.50000E-06  6.00000E-06  6.50000E-06  7.00000E-06  7.50000E-06  8.00000E-06
  9.00000E-06  1.00000E-05  1.10000E-05  1.20000E-05  1.30000E-05  1.40000E-05
  1.50000E-05  1.60000E-05  1.80000E-05  2.00000E-05  2.20000E-05  2.40000E-05
  2.60000E-05  2.80000E-05  3.00000E-05  3.20000E-05  3.60000E-05  4.00000E-05
  4.40000E-05  4.80000E-05  5.20000E-05  5.60000E-05  6.00000E-05  6.40000E-05
  7.20000E-05  8.00000E-05  8.80000E-05  9.60000E-05  1.04000E-04  1.12000E-04
  1.20000E-04  1.28000E-04  1.44000E-04  1.60000E-04  1.76000E-04  1.92000E-04
  2.08000E-04  2.24000E-04  2.40000E-04  2.56000E-04  2.88000E-04  3.20000E-04
  3.52000E-04  3.84000E-04  4.16000E-04  4.48000E-04  4.80000E-04  5.12000E-04
  5.76000E-04  6.40000E-04  7.04000E-04  7.68000E-04  8.32000E-04  8.96000E-04
  9.60000E-04  1.02400E-03  1.15200E-03  1.28000E-03  1.40800E-03  1.53600E-03
  1.66400E-03  1.79200E-03  1.92000E-03  2.01600E-03  2.27200E-03  2.52800E-03
  2.78400E-03  3.04000E-03  3.29600E-03  3.55200E-03  3.80800E-03  4.06400E-03
  4.57600E-03  5.08800E-03  5.60000E-03  6.11200E-03  6.62400E-03  7.13600E-03
  7.64800E-03  8.16000E-03  9.18400E-03  1.02080E-02  1.12320E-02  1.22560E-02
  1.32800E-02  1.43040E-02  1.53280E-02  1.63520E-02  1.84000E-02  2.04480E-02
  2.24960E-02  2.45440E-02  2.65920E-02  2.86400E-02  3.06880E-02  3.27360E-02
  3.68320E-02  4.09280E-02  4.50240E-02  4.91200E-02  5.32160E-02
  2.45013E+00  2.44909E+00  2.44541E+00  2.44797E+00  2.43960E+00  2.43896E+00
  2.43435E+00  2.44166E+00  2.43642E+00  2.43357E+00  2.43355E+00  2.43793E+00
  2.43560E+00  2.43777E+00  2.43586E+00  2.43608E+00  2.43125E+00  2.42953E+00
  2.43259E+00  2.42982E+00  2.43091E+00  2.42957E+00  2.43035E+00  2.42840E+00
  2.42817E+00  2.42492E+00  2.42398E+00  2.42742E+00  2.42579E+00  2.42357E+00
  2.42051E+00  2.42180E+00  2.41863E+00  2.41607E+00  2.41451E+00  2.41238E+00
  2.40861E+00  2.40782E+00  2.40431E+00  2.40230E+00  2.39961E+00  2.39444E+00
  2.39117E+00  2.38853E+00  2.38497E+00  2.38040E+00  2.37357E+00  2.36628E+00
  2.35929E+00  2.35296E+00  2.34510E+00  2.33802E+00  2.33060E+00  2.32349E+00
  2.30936E+00  2.29571E+00  2.28204E+00  2.26830E+00  2.25439E+00  2.24017E+00
  2.22773E+00  2.21479E+00  2.18818E+00  2.16205E+00  2.13696E+00  2.11118E+00
  2.08533E+00  2.06109E+00  2.03599E+00  2.01151E+00  1.96352E+00  1.91684E+00
  1.87200E+00  1.82792E+00  1.78476E+00  1.74277E+00  1.70191E+00  1.66157E+00
  1.58414E+00  1.51024E+00  1.43999E+00  1.37250E+00  1.30823E+00  1.24707E+00
  1.18914E+00  1.13510E+00  1.03306E+00  9.40470E-01  8.56064E-01  7.79483E-01
  7.10240E-01  6.47874E-01  5.90584E-01  5.54750E-01  4.59040E-01  3.76861E-01
  3.09103E-01  2.53639E-01  2.06350E-01  1.68287E-01  1.38615E-01  1.17727E-01
  8.60894E-02  6.36488E-02  5.13053E-02  3.93941E-02  2.60311E-02  1.81345E-02
  1.58711E-02  1.57971E-02  1.69439E-02  2.03288E-02  2.24237E-02  2.78912E-02
  2.77148E-02  2.45334E-02  1.82256E-02  1.22630E-02  7.51472E-03  1.10106E-02
 -7.97565E-03 -1.74009E-02 -1.42405E-02 -4.42057E-03  3.58464E-04 -5.24210E-04
 -8.81589E-03 -8.80237E-04  1.32656E-02  7.35421E-03 -6.68132E-03
