AutoSaveFileName0214.ASC
 IFORMY    0    .00
 (6E13.7)
 IFORMT    0    .00
 (6E13.7)
 IFORMW    0    .00
 (6E13.7)
 NINTT     0   -1.00
 DOUSNQ    0    1.00
 IQUAD          1.00
 PRWT      0    1.00
 PRY       0    1.00
 IPLRES    1    3.00
 IPLRES    2    3.00
 IPRINT    1    0.00
 IPRINT    2    2.00
 IPLFIT    1    0.00
 IPLFIT    2    0.00
 LINEPG    0   50.
 NONNEG    1    1.00
 IWT       0    5.00
 NQPROG    1    5.00
 NQPROG    2    5.00
 GMNMX     1    9.160E-06
 GMNMX     2    2.748E-03
 RUSER    10    -1.00
 NG        0    200.00
 NLINF     0    0.00
 IUSER    10    4.00
 RUSER    21    1.0
 RUSER    22   -1.0
 RUSER    23    0.0
 RUSER    18         292.08600
 RUSER    17         119.99900
 RUSER    19         0.00103
 RUSER    15         1.33200
 RUSER    16         0.00000
 RUSER    25         1
 RUSER    26         0
 END       0    0.00
 NY      131
  3.75000E-07  5.00000E-07  6.25000E-07  7.50000E-07  8.75000E-07  1.00000E-06
  1.12500E-06  1.25000E-06  1.37500E-06  1.50000E-06  1.62500E-06  1.75000E-06
  1.87500E-06  2.00000E-06  2.25000E-06  2.50000E-06  2.75000E-06  3.00000E-06
  3.25000E-06  3.50000E-06  3.75000E-06  4.00000E-06  4.50000E-06  5.00000E-06
  5.50000E-06  6.00000E-06  6.50000E-06  7.00000E-06  7.50000E-06  8.00000E-06
  9.00000E-06  1.00000E-05  1.10000E-05  1.20000E-05  1.30000E-05  1.40000E-05
  1.50000E-05  1.60000E-05  1.80000E-05  2.00000E-05  2.20000E-05  2.40000E-05
  2.60000E-05  2.80000E-05  3.00000E-05  3.20000E-05  3.60000E-05  4.00000E-05
  4.40000E-05  4.80000E-05  5.20000E-05  5.60000E-05  6.00000E-05  6.40000E-05
  7.20000E-05  8.00000E-05  8.80000E-05  9.60000E-05  1.04000E-04  1.12000E-04
  1.20000E-04  1.28000E-04  1.44000E-04  1.60000E-04  1.76000E-04  1.92000E-04
  2.08000E-04  2.24000E-04  2.40000E-04  2.56000E-04  2.88000E-04  3.20000E-04
  3.52000E-04  3.84000E-04  4.16000E-04  4.48000E-04  4.80000E-04  5.12000E-04
  5.76000E-04  6.40000E-04  7.04000E-04  7.68000E-04  8.32000E-04  8.96000E-04
  9.60000E-04  1.02400E-03  1.15200E-03  1.28000E-03  1.40800E-03  1.53600E-03
  1.66400E-03  1.79200E-03  1.92000E-03  2.01600E-03  2.27200E-03  2.52800E-03
  2.78400E-03  3.04000E-03  3.29600E-03  3.55200E-03  3.80800E-03  4.06400E-03
  4.57600E-03  5.08800E-03  5.60000E-03  6.11200E-03  6.62400E-03  7.13600E-03
  7.64800E-03  8.16000E-03  9.18400E-03  1.02080E-02  1.12320E-02  1.22560E-02
  1.32800E-02  1.43040E-02  1.53280E-02  1.63520E-02  1.84000E-02  2.04480E-02
  2.24960E-02  2.45440E-02  2.65920E-02  2.86400E-02  3.06880E-02  3.27360E-02
  3.68320E-02  4.09280E-02  4.50240E-02  4.91200E-02  5.32160E-02
  5.27624E+00  5.26681E+00  5.25057E+00  5.22539E+00  5.22656E+00  5.22715E+00
  5.21541E+00  5.22192E+00  5.21630E+00  5.22158E+00  5.20978E+00  5.20237E+00
  5.20368E+00  5.19909E+00  5.18000E+00  5.19307E+00  5.18204E+00  5.18771E+00
  5.16501E+00  5.16738E+00  5.16707E+00  5.15222E+00  5.14193E+00  5.13772E+00
  5.12765E+00  5.11858E+00  5.10208E+00  5.09638E+00  5.08697E+00  5.07213E+00
  5.05271E+00  5.03451E+00  5.01361E+00  4.99589E+00  4.97181E+00  4.95300E+00
  4.93221E+00  4.91407E+00  4.87409E+00  4.83528E+00  4.79532E+00  4.76048E+00
  4.72026E+00  4.67729E+00  4.64727E+00  4.61182E+00  4.53823E+00  4.46625E+00
  4.39795E+00  4.33263E+00  4.26548E+00  4.20063E+00  4.13385E+00  4.07360E+00
  3.95239E+00  3.83608E+00  3.72285E+00  3.61923E+00  3.51478E+00  3.41442E+00
  3.31995E+00  3.22972E+00  3.05924E+00  2.90041E+00  2.75398E+00  2.61988E+00
  2.49495E+00  2.38096E+00  2.27484E+00  2.17882E+00  2.00522E+00  1.85658E+00
  1.73098E+00  1.62402E+00  1.53166E+00  1.45486E+00  1.38711E+00  1.33168E+00
  1.23907E+00  1.17311E+00  1.12400E+00  1.08680E+00  1.06402E+00  1.04651E+00
  1.03351E+00  1.02700E+00  1.01986E+00  1.01760E+00  1.01169E+00  1.01117E+00
  1.01153E+00  1.00900E+00  1.00555E+00  1.00269E+00  9.96934E-01  9.96312E-01
  1.00143E+00  9.98148E-01  9.96850E-01  9.93703E-01  9.93446E-01  9.99322E-01
  1.00101E+00  9.95346E-01  9.96487E-01  9.97499E-01  1.00729E+00  9.97939E-01
  1.00690E+00  1.00461E+00  1.00335E+00  1.00018E+00  9.91000E-01  9.96323E-01
  9.99333E-01  1.00010E+00  1.00704E+00  1.00009E+00  9.97801E-01  1.00110E+00
  9.97117E-01  9.91880E-01  1.00072E+00  9.97675E-01  9.98856E-01  9.96964E-01
  1.00266E+00  1.00270E+00  1.00660E+00  9.96617E-01  1.00097E+00
