AutoSaveFileName0038.ASC
 IFORMY    0    .00
 (6E13.7)
 IFORMT    0    .00
 (6E13.7)
 IFORMW    0    .00
 (6E13.7)
 NINTT     0   -1.00
 DOUSNQ    0    1.00
 IQUAD     0    1.00
 PRWT      0    1.00
 PRY       0    1.00
 IPLRES    1    3.00
 IPLRES    2    3.00
 IPRINT    1    0.00
 IPRINT    2    2.00
 IPLFIT    1    0.00
 IPLFIT    2    0.00
 LINEPG    0   50.
 NONNEG    1    1.00
 IWT       0    5.00
 NQPROG    1    5.00
 NQPROG    2    5.00
 GMNMX     1    4.01897E-02
 GMNMX     2    1.44271E-02
 RUSER    10    -1.00
 NG        0    500.00
 NLINF     0    1.00
 IUSER    10    4.00
 RUSER    21    1.0
 RUSER    22   -1.0
 RUSER    23    0.0
 RUSER    18         291.91824
 RUSER    17         29.99800
 RUSER    19         1.03259
 RUSER    15         1.33200
 RUSER    16         632.80000
 RUSER    25         1
 RUSER    26         0
 END       0    0.00
 NY      162
  7.50000E-07  8.75000E-07  1.00000E-06  1.12500E-06  1.25000E-06  1.37500E-06
  1.50000E-06  1.62500E-06  1.75000E-06  1.87500E-06  2.00000E-06  2.25000E-06
  2.50000E-06  2.75000E-06  3.00000E-06  3.25000E-06  3.50000E-06  3.75000E-06
  4.00000E-06  4.50000E-06  5.00000E-06  5.50000E-06  6.00000E-06  6.50000E-06
  7.00000E-06  7.50000E-06  8.00000E-06  9.00000E-06  1.00000E-05  1.10000E-05
  1.20000E-05  1.30000E-05  1.40000E-05  1.50000E-05  1.60000E-05  1.80000E-05
  2.00000E-05  2.20000E-05  2.40000E-05  2.60000E-05  2.80000E-05  3.00000E-05
  3.20000E-05  3.60000E-05  4.00000E-05  4.40000E-05  4.80000E-05  5.20000E-05
  5.60000E-05  6.00000E-05  6.40000E-05  7.20000E-05  8.00000E-05  8.80000E-05
  9.60000E-05  1.04000E-04  1.12000E-04  1.20000E-04  1.28000E-04  1.44000E-04
  1.60000E-04  1.76000E-04  1.92000E-04  2.08000E-04  2.24000E-04  2.40000E-04
  2.56000E-04  2.88000E-04  3.20000E-04  3.52000E-04  3.84000E-04  4.16000E-04
  4.48000E-04  4.80000E-04  5.12000E-04  5.76000E-04  6.40000E-04  7.04000E-04
  7.68000E-04  8.32000E-04  8.96000E-04  9.60000E-04  1.02400E-03  1.15200E-03
  1.28000E-03  1.40800E-03  1.53600E-03  1.66400E-03  1.79200E-03  1.92000E-03
  2.01600E-03  2.27200E-03  2.52800E-03  2.78400E-03  3.04000E-03  3.29600E-03
  3.55200E-03  3.80800E-03  4.06400E-03  4.57600E-03  5.08800E-03  5.60000E-03
  6.11200E-03  6.62400E-03  7.13600E-03  7.64800E-03  8.16000E-03  9.18400E-03
  1.02080E-02  1.12320E-02  1.22560E-02  1.32800E-02  1.43040E-02  1.53280E-02
  1.63520E-02  1.84000E-02  2.04480E-02  2.24960E-02  2.45440E-02  2.65920E-02
  2.86400E-02  3.06880E-02  3.27360E-02  3.68320E-02  4.09280E-02  4.50240E-02
  4.91200E-02  5.32160E-02  5.73120E-02  6.14080E-02  6.55040E-02  7.36960E-02
  8.18880E-02  9.00800E-02  9.82720E-02  1.06464E-01  1.14656E-01  1.22848E-01
  1.31040E-01  1.47424E-01  1.63808E-01  1.80192E-01  1.96576E-01  2.12960E-01
  2.29344E-01  2.45728E-01  2.62112E-01  2.94880E-01  3.27648E-01  3.60416E-01
  3.93184E-01  4.25952E-01  4.58720E-01  4.91488E-01  5.24256E-01  5.89792E-01
  6.55328E-01  7.20864E-01  7.86400E-01  8.51936E-01  9.17472E-01  9.83008E-01
  1.00000E+00  9.98194E-01  9.98331E-01  9.99502E-01  9.96467E-01  9.97316E-01
  9.95830E-01  9.96401E-01  9.95698E-01  9.94124E-01  9.96325E-01  9.94458E-01
  9.94343E-01  9.94432E-01  9.96872E-01  9.94374E-01  9.94965E-01  9.94983E-01
  9.95244E-01  9.95383E-01  9.94867E-01  9.95208E-01  9.94721E-01  9.93243E-01
  9.93675E-01  9.92385E-01  9.92180E-01  9.93209E-01  9.92196E-01  9.91234E-01
  9.91130E-01  9.90933E-01  9.90520E-01  9.90621E-01  9.89377E-01  9.88852E-01
  9.87963E-01  9.87279E-01  9.86547E-01  9.85762E-01  9.84872E-01  9.83411E-01
  9.83179E-01  9.81697E-01  9.80190E-01  9.78319E-01  9.76722E-01  9.75376E-01
  9.73834E-01  9.72271E-01  9.70267E-01  9.67243E-01  9.64390E-01  9.60825E-01
  9.57921E-01  9.54782E-01  9.51681E-01  9.48711E-01  9.45739E-01  9.39550E-01
  9.33694E-01  9.27661E-01  9.21739E-01  9.16110E-01  9.10311E-01  9.04641E-01
  8.99020E-01  8.87975E-01  8.77152E-01  8.66648E-01  8.56091E-01  8.45601E-01
  8.35315E-01  8.25410E-01  8.15552E-01  7.96374E-01  7.77629E-01  7.59449E-01
  7.41860E-01  7.24533E-01  7.07706E-01  6.91441E-01  6.60556E-01  6.30704E-01
  6.02290E-01  5.75187E-01  5.49460E-01  5.25000E-01  5.01773E-01  4.79710E-01
  4.75949E-01  4.35786E-01  3.99289E-01  3.66149E-01  3.35960E-01  3.08389E-01
  2.83737E-01  2.61149E-01  2.40951E-01  2.05624E-01  1.76935E-01  1.52748E-01
  1.32856E-01  1.16524E-01  1.02683E-01  9.08336E-02  8.09721E-02  6.40566E-02
  5.12914E-02  4.15754E-02  3.50683E-02  3.16249E-02  2.85205E-02  2.63258E-02
  2.44432E-02  2.22013E-02  1.97604E-02  1.69802E-02  1.63687E-02  1.48225E-02
  1.05795E-02  8.79446E-03  8.00596E-03  8.00672E-03  2.97640E-03  5.22745E-03
  2.09030E-03  2.27476E-03  5.99256E-04 -1.98832E-03 -2.92736E-03 -5.77010E-03
 -9.87685E-04  3.08938E-03 -6.09899E-03 -1.94071E-03 -4.15148E-03 -3.42170E-03
 -1.76403E-03  4.48945E-04  3.59442E-03  4.47823E-03  4.42234E-04  3.65781E-04
 -1.12870E-03  1.30323E-03 -5.61772E-04  2.50688E-03  2.02900E-03  1.72565E-03
 -4.29841E-04  2.90373E-03  2.00610E-03 -1.41507E-03  1.71281E-03 -2.36212E-03
 -1.54526E-03 -2.16143E-03  1.98409E-03 -6.63386E-04 -8.67861E-05  1.62717E-03
