AutoSaveFileName0123.ASC
 IFORMY    0    .00
 (6E13.7)
 IFORMT    0    .00
 (6E13.7)
 IFORMW    0    .00
 (6E13.7)
 NINTT     0   -1.00
 DOUSNQ    0    1.00
 IQUAD     0    1.00
 PRWT      0    1.00
 PRY       0    1.00
 IPLRES    1    3.00
 IPLRES    2    3.00
 IPRINT    1    0.00
 IPRINT    2    2.00
 IPLFIT    1    0.00
 IPLFIT    2    0.00
 LINEPG    0   50.
 NONNEG    1    1.00
 IWT       0    5.00
 NQPROG    1    5.00
 NQPROG    2    5.00
 GMNMX     1    7.25079E-03
 GMNMX     2    2.60285E-03
 RUSER    10    -1.00
 NG        0    500.00
 NLINF     0    1.00
 IUSER    10    4.00
 RUSER    21    1.0
 RUSER    22   -1.0
 RUSER    23    0.0
 RUSER    18         291.98203
 RUSER    17         74.99900
 RUSER    19         1.03096
 RUSER    15         1.33200
 RUSER    16         632.80000
 RUSER    25         1
 RUSER    26         0
 END       0    0.00
 NY      162
  7.50000E-07  8.75000E-07  1.00000E-06  1.12500E-06  1.25000E-06  1.37500E-06
  1.50000E-06  1.62500E-06  1.75000E-06  1.87500E-06  2.00000E-06  2.25000E-06
  2.50000E-06  2.75000E-06  3.00000E-06  3.25000E-06  3.50000E-06  3.75000E-06
  4.00000E-06  4.50000E-06  5.00000E-06  5.50000E-06  6.00000E-06  6.50000E-06
  7.00000E-06  7.50000E-06  8.00000E-06  9.00000E-06  1.00000E-05  1.10000E-05
  1.20000E-05  1.30000E-05  1.40000E-05  1.50000E-05  1.60000E-05  1.80000E-05
  2.00000E-05  2.20000E-05  2.40000E-05  2.60000E-05  2.80000E-05  3.00000E-05
  3.20000E-05  3.60000E-05  4.00000E-05  4.40000E-05  4.80000E-05  5.20000E-05
  5.60000E-05  6.00000E-05  6.40000E-05  7.20000E-05  8.00000E-05  8.80000E-05
  9.60000E-05  1.04000E-04  1.12000E-04  1.20000E-04  1.28000E-04  1.44000E-04
  1.60000E-04  1.76000E-04  1.92000E-04  2.08000E-04  2.24000E-04  2.40000E-04
  2.56000E-04  2.88000E-04  3.20000E-04  3.52000E-04  3.84000E-04  4.16000E-04
  4.48000E-04  4.80000E-04  5.12000E-04  5.76000E-04  6.40000E-04  7.04000E-04
  7.68000E-04  8.32000E-04  8.96000E-04  9.60000E-04  1.02400E-03  1.15200E-03
  1.28000E-03  1.40800E-03  1.53600E-03  1.66400E-03  1.79200E-03  1.92000E-03
  2.01600E-03  2.27200E-03  2.52800E-03  2.78400E-03  3.04000E-03  3.29600E-03
  3.55200E-03  3.80800E-03  4.06400E-03  4.57600E-03  5.08800E-03  5.60000E-03
  6.11200E-03  6.62400E-03  7.13600E-03  7.64800E-03  8.16000E-03  9.18400E-03
  1.02080E-02  1.12320E-02  1.22560E-02  1.32800E-02  1.43040E-02  1.53280E-02
  1.63520E-02  1.84000E-02  2.04480E-02  2.24960E-02  2.45440E-02  2.65920E-02
  2.86400E-02  3.06880E-02  3.27360E-02  3.68320E-02  4.09280E-02  4.50240E-02
  4.91200E-02  5.32160E-02  5.73120E-02  6.14080E-02  6.55040E-02  7.36960E-02
  8.18880E-02  9.00800E-02  9.82720E-02  1.06464E-01  1.14656E-01  1.22848E-01
  1.31040E-01  1.47424E-01  1.63808E-01  1.80192E-01  1.96576E-01  2.12960E-01
  2.29344E-01  2.45728E-01  2.62112E-01  2.94880E-01  3.27648E-01  3.60416E-01
  3.93184E-01  4.25952E-01  4.58720E-01  4.91488E-01  5.24256E-01  5.89792E-01
  6.55328E-01  7.20864E-01  7.86400E-01  8.51936E-01  9.17472E-01  9.83008E-01
  9.99357E-01  1.00000E+00  9.92377E-01  9.95744E-01  9.92121E-01  9.93725E-01
  9.94644E-01  9.90730E-01  9.92705E-01  9.90240E-01  9.93904E-01  9.88027E-01
  9.92472E-01  9.88036E-01  9.90081E-01  9.88864E-01  9.86046E-01  9.84504E-01
  9.85453E-01  9.83906E-01  9.84121E-01  9.82117E-01  9.81851E-01  9.79113E-01
  9.79815E-01  9.76855E-01  9.77315E-01  9.73174E-01  9.72991E-01  9.69619E-01
  9.68124E-01  9.65911E-01  9.61336E-01  9.61737E-01  9.58141E-01  9.53248E-01
  9.48116E-01  9.42810E-01  9.38902E-01  9.33077E-01  9.30262E-01  9.24638E-01
  9.19783E-01  9.11014E-01  9.01988E-01  8.93443E-01  8.84942E-01  8.75819E-01
  8.67501E-01  8.58069E-01  8.50373E-01  8.34181E-01  8.17734E-01  8.01917E-01
  7.86105E-01  7.71518E-01  7.56461E-01  7.41679E-01  7.26988E-01  6.99097E-01
  6.72094E-01  6.46798E-01  6.21814E-01  5.97758E-01  5.74781E-01  5.52518E-01
  5.31702E-01  4.91694E-01  4.54698E-01  4.20644E-01  3.89181E-01  3.59864E-01
  3.32775E-01  3.07776E-01  2.85219E-01  2.44349E-01  2.09749E-01  1.80180E-01
  1.54656E-01  1.33001E-01  1.14276E-01  9.85563E-02  8.50331E-02  6.27438E-02
  4.68393E-02  3.54375E-02  2.79729E-02  2.20781E-02  1.72586E-02  1.33135E-02
  1.10627E-02  7.68346E-03  6.02168E-03  5.29576E-03  4.36546E-03  4.21879E-03
  4.10112E-03  3.47348E-03  2.97864E-03  2.73010E-03  3.84314E-03  5.81605E-03
  8.41034E-03  5.63801E-03  2.71317E-03  2.91839E-04  6.24782E-04 -3.21580E-03
 -3.60442E-03 -1.01243E-03  3.51649E-04  2.40569E-03  1.11190E-03  6.09938E-04
 -1.86806E-03  1.96927E-04 -2.31464E-03 -1.88839E-03 -1.56834E-03 -1.29018E-03
 -1.92405E-03 -2.22436E-03 -1.47152E-03  8.69500E-05 -2.48784E-04  2.77062E-04
 -8.36678E-04  5.72821E-05 -1.11286E-03 -1.52481E-03 -1.16209E-05 -3.72421E-04
 -8.23110E-04  5.49505E-04 -1.90660E-03 -1.53154E-03  7.73902E-05 -1.21502E-03
 -5.84671E-04 -7.46660E-04 -4.34772E-04 -1.31148E-03 -4.92342E-04  9.29852E-04
 -1.46982E-03  5.72117E-04  5.17423E-06 -1.05181E-03  2.13748E-04 -8.22364E-04
  3.91118E-05 -3.58862E-04 -1.11163E-04  1.93707E-04  5.84948E-04  1.23067E-04
 -8.77187E-05 -2.83444E-04  1.61092E-04 -3.90009E-04  8.89034E-04 -1.06097E-03
