AutoSaveFileName0182.ASC
 IFORMY    0    .00
 (6E13.7)
 IFORMT    0    .00
 (6E13.7)
 IFORMW    0    .00
 (6E13.7)
 NINTT     0   -1.00
 DOUSNQ    0    1.00
 IQUAD     0    1.00
 PRWT      0    1.00
 PRY       0    1.00
 IPLRES    1    3.00
 IPLRES    2    3.00
 IPRINT    1    0.00
 IPRINT    2    2.00
 IPLFIT    1    0.00
 IPLFIT    2    0.00
 LINEPG    0   50.
 NONNEG    1    1.00
 IWT       0    5.00
 NQPROG    1    5.00
 NQPROG    2    5.00
 GMNMX     1    4.26166E-03
 GMNMX     2    1.52983E-03
 RUSER    10    -1.00
 NG        0    500.00
 NLINF     0    1.00
 IUSER    10    4.00
 RUSER    21    1.0
 RUSER    22   -1.0
 RUSER    23    0.0
 RUSER    18         292.04416
 RUSER    17         104.99900
 RUSER    19         1.02937
 RUSER    15         1.33200
 RUSER    16         632.80000
 RUSER    25         1
 RUSER    26         0
 END       0    0.00
 NY      162
  7.50000E-07  8.75000E-07  1.00000E-06  1.12500E-06  1.25000E-06  1.37500E-06
  1.50000E-06  1.62500E-06  1.75000E-06  1.87500E-06  2.00000E-06  2.25000E-06
  2.50000E-06  2.75000E-06  3.00000E-06  3.25000E-06  3.50000E-06  3.75000E-06
  4.00000E-06  4.50000E-06  5.00000E-06  5.50000E-06  6.00000E-06  6.50000E-06
  7.00000E-06  7.50000E-06  8.00000E-06  9.00000E-06  1.00000E-05  1.10000E-05
  1.20000E-05  1.30000E-05  1.40000E-05  1.50000E-05  1.60000E-05  1.80000E-05
  2.00000E-05  2.20000E-05  2.40000E-05  2.60000E-05  2.80000E-05  3.00000E-05
  3.20000E-05  3.60000E-05  4.00000E-05  4.40000E-05  4.80000E-05  5.20000E-05
  5.60000E-05  6.00000E-05  6.40000E-05  7.20000E-05  8.00000E-05  8.80000E-05
  9.60000E-05  1.04000E-04  1.12000E-04  1.20000E-04  1.28000E-04  1.44000E-04
  1.60000E-04  1.76000E-04  1.92000E-04  2.08000E-04  2.24000E-04  2.40000E-04
  2.56000E-04  2.88000E-04  3.20000E-04  3.52000E-04  3.84000E-04  4.16000E-04
  4.48000E-04  4.80000E-04  5.12000E-04  5.76000E-04  6.40000E-04  7.04000E-04
  7.68000E-04  8.32000E-04  8.96000E-04  9.60000E-04  1.02400E-03  1.15200E-03
  1.28000E-03  1.40800E-03  1.53600E-03  1.66400E-03  1.79200E-03  1.92000E-03
  2.01600E-03  2.27200E-03  2.52800E-03  2.78400E-03  3.04000E-03  3.29600E-03
  3.55200E-03  3.80800E-03  4.06400E-03  4.57600E-03  5.08800E-03  5.60000E-03
  6.11200E-03  6.62400E-03  7.13600E-03  7.64800E-03  8.16000E-03  9.18400E-03
  1.02080E-02  1.12320E-02  1.22560E-02  1.32800E-02  1.43040E-02  1.53280E-02
  1.63520E-02  1.84000E-02  2.04480E-02  2.24960E-02  2.45440E-02  2.65920E-02
  2.86400E-02  3.06880E-02  3.27360E-02  3.68320E-02  4.09280E-02  4.50240E-02
  4.91200E-02  5.32160E-02  5.73120E-02  6.14080E-02  6.55040E-02  7.36960E-02
  8.18880E-02  9.00800E-02  9.82720E-02  1.06464E-01  1.14656E-01  1.22848E-01
  1.31040E-01  1.47424E-01  1.63808E-01  1.80192E-01  1.96576E-01  2.12960E-01
  2.29344E-01  2.45728E-01  2.62112E-01  2.94880E-01  3.27648E-01  3.60416E-01
  3.93184E-01  4.25952E-01  4.58720E-01  4.91488E-01  5.24256E-01  5.89792E-01
  6.55328E-01  7.20864E-01  7.86400E-01  8.51936E-01  9.17472E-01  9.83008E-01
  9.98100E-01  1.00000E+00  9.97516E-01  9.90502E-01  9.92955E-01  9.97355E-01
  9.87489E-01  9.89785E-01  9.91352E-01  9.90968E-01  9.89942E-01  9.89561E-01
  9.93190E-01  9.86685E-01  9.86968E-01  9.84017E-01  9.86254E-01  9.85592E-01
  9.80620E-01  9.81019E-01  9.77654E-01  9.77038E-01  9.73234E-01  9.70193E-01
  9.69989E-01  9.67098E-01  9.66071E-01  9.61122E-01  9.57462E-01  9.52611E-01
  9.50813E-01  9.47134E-01  9.42623E-01  9.37142E-01  9.33650E-01  9.26445E-01
  9.17993E-01  9.10215E-01  9.03091E-01  8.95062E-01  8.86168E-01  8.79107E-01
  8.72128E-01  8.58093E-01  8.44535E-01  8.29853E-01  8.15716E-01  8.02354E-01
  7.89396E-01  7.76532E-01  7.62685E-01  7.37987E-01  7.13098E-01  6.89435E-01
  6.66818E-01  6.44499E-01  6.23548E-01  6.02659E-01  5.82511E-01  5.45024E-01
  5.10382E-01  4.77401E-01  4.46669E-01  4.17603E-01  3.91018E-01  3.66138E-01
  3.42887E-01  3.00286E-01  2.62478E-01  2.29564E-01  2.01038E-01  1.75649E-01
  1.53176E-01  1.34590E-01  1.18608E-01  9.14858E-02  7.14677E-02  5.61595E-02
  4.39671E-02  3.45029E-02  2.79390E-02  2.18739E-02  1.72508E-02  1.11721E-02
  7.48810E-03  4.70849E-03  1.86965E-03 -1.97057E-04 -1.14381E-03 -1.73212E-03
 -2.34494E-03 -2.05959E-03 -1.00937E-03 -1.80332E-03 -1.07685E-03 -2.79255E-05
 -1.09073E-03 -1.50604E-03 -1.98417E-03 -1.40162E-03  2.48910E-03  8.87739E-04
 -2.76953E-03 -3.65218E-03 -2.78962E-03 -2.15669E-03 -2.85799E-04 -1.63154E-03
 -6.33712E-04  1.26894E-04 -6.41972E-04  1.20862E-04  1.23178E-03  1.10661E-03
 -7.75286E-04 -7.18709E-04  1.81588E-03 -1.59678E-03 -1.24477E-03 -1.43762E-03
 -3.02804E-05  2.87387E-04  7.16354E-05  1.10807E-03  1.44342E-03  1.71435E-04
 -6.31098E-04 -1.40564E-03 -4.40788E-04 -3.57136E-04 -6.91735E-05  1.20256E-03
  2.98527E-05 -2.65401E-04  1.08511E-03 -8.25273E-04  1.66184E-04 -1.46689E-03
 -4.29119E-04 -9.80914E-04 -4.84893E-05 -7.07922E-04  7.63982E-04 -7.92766E-04
 -9.95184E-04  3.55406E-06  6.00469E-06  3.33485E-04 -4.10922E-04  3.47471E-04
  2.40796E-04  1.20155E-04 -5.96480E-04 -4.89881E-05  3.66203E-04  1.52022E-04
  5.10487E-05 -2.78100E-04 -8.65875E-05 -2.81870E-04 -1.58757E-05  5.27097E-04
