AutoSaveFileName0157.ASC
 IFORMY    0    .00
 (6E13.7)
 IFORMT    0    .00
 (6E13.7)
 IFORMW    0    .00
 (6E13.7)
 NINTT     0   -1.00
 DOUSNQ    0    1.00
 IQUAD     0    1.00
 PRWT      0    1.00
 PRY       0    1.00
 IPLRES    1    3.00
 IPLRES    2    3.00
 IPRINT    1    0.00
 IPRINT    2    2.00
 IPLFIT    1    0.00
 IPLFIT    2    0.00
 LINEPG    0   50.
 NONNEG    1    1.00
 IWT       0    5.00
 NQPROG    1    5.00
 NQPROG    2    5.00
 GMNMX     1    5.36913E-03
 GMNMX     2    1.92738E-03
 RUSER    10    -1.00
 NG        0    500.00
 NLINF     0    1.00
 IUSER    10    4.00
 RUSER    21    1.0
 RUSER    22   -1.0
 RUSER    23    0.0
 RUSER    18         292.01481
 RUSER    17         89.99900
 RUSER    19         1.03012
 RUSER    15         1.33200
 RUSER    16         632.80000
 RUSER    25         1
 RUSER    26         0
 END       0    0.00
 NY      162
  7.50000E-07  8.75000E-07  1.00000E-06  1.12500E-06  1.25000E-06  1.37500E-06
  1.50000E-06  1.62500E-06  1.75000E-06  1.87500E-06  2.00000E-06  2.25000E-06
  2.50000E-06  2.75000E-06  3.00000E-06  3.25000E-06  3.50000E-06  3.75000E-06
  4.00000E-06  4.50000E-06  5.00000E-06  5.50000E-06  6.00000E-06  6.50000E-06
  7.00000E-06  7.50000E-06  8.00000E-06  9.00000E-06  1.00000E-05  1.10000E-05
  1.20000E-05  1.30000E-05  1.40000E-05  1.50000E-05  1.60000E-05  1.80000E-05
  2.00000E-05  2.20000E-05  2.40000E-05  2.60000E-05  2.80000E-05  3.00000E-05
  3.20000E-05  3.60000E-05  4.00000E-05  4.40000E-05  4.80000E-05  5.20000E-05
  5.60000E-05  6.00000E-05  6.40000E-05  7.20000E-05  8.00000E-05  8.80000E-05
  9.60000E-05  1.04000E-04  1.12000E-04  1.20000E-04  1.28000E-04  1.44000E-04
  1.60000E-04  1.76000E-04  1.92000E-04  2.08000E-04  2.24000E-04  2.40000E-04
  2.56000E-04  2.88000E-04  3.20000E-04  3.52000E-04  3.84000E-04  4.16000E-04
  4.48000E-04  4.80000E-04  5.12000E-04  5.76000E-04  6.40000E-04  7.04000E-04
  7.68000E-04  8.32000E-04  8.96000E-04  9.60000E-04  1.02400E-03  1.15200E-03
  1.28000E-03  1.40800E-03  1.53600E-03  1.66400E-03  1.79200E-03  1.92000E-03
  2.01600E-03  2.27200E-03  2.52800E-03  2.78400E-03  3.04000E-03  3.29600E-03
  3.55200E-03  3.80800E-03  4.06400E-03  4.57600E-03  5.08800E-03  5.60000E-03
  6.11200E-03  6.62400E-03  7.13600E-03  7.64800E-03  8.16000E-03  9.18400E-03
  1.02080E-02  1.12320E-02  1.22560E-02  1.32800E-02  1.43040E-02  1.53280E-02
  1.63520E-02  1.84000E-02  2.04480E-02  2.24960E-02  2.45440E-02  2.65920E-02
  2.86400E-02  3.06880E-02  3.27360E-02  3.68320E-02  4.09280E-02  4.50240E-02
  4.91200E-02  5.32160E-02  5.73120E-02  6.14080E-02  6.55040E-02  7.36960E-02
  8.18880E-02  9.00800E-02  9.82720E-02  1.06464E-01  1.14656E-01  1.22848E-01
  1.31040E-01  1.47424E-01  1.63808E-01  1.80192E-01  1.96576E-01  2.12960E-01
  2.29344E-01  2.45728E-01  2.62112E-01  2.94880E-01  3.27648E-01  3.60416E-01
  3.93184E-01  4.25952E-01  4.58720E-01  4.91488E-01  5.24256E-01  5.89792E-01
  6.55328E-01  7.20864E-01  7.86400E-01  8.51936E-01  9.17472E-01  9.83008E-01
  9.99367E-01  1.00000E+00  9.99556E-01  9.97524E-01  9.96029E-01  9.97655E-01
  9.94520E-01  9.97426E-01  9.93713E-01  9.94479E-01  9.95245E-01  9.90896E-01
  9.93224E-01  9.90376E-01  9.90014E-01  9.88648E-01  9.89333E-01  9.87669E-01
  9.85311E-01  9.85293E-01  9.84536E-01  9.81477E-01  9.81751E-01  9.78079E-01
  9.76447E-01  9.76346E-01  9.72323E-01  9.70027E-01  9.68272E-01  9.63369E-01
  9.61251E-01  9.58054E-01  9.54064E-01  9.52158E-01  9.48889E-01  9.42168E-01
  9.35133E-01  9.29587E-01  9.23099E-01  9.16377E-01  9.11058E-01  9.05757E-01
  8.99522E-01  8.86979E-01  8.75360E-01  8.63728E-01  8.52843E-01  8.41138E-01
  8.30099E-01  8.19336E-01  8.08130E-01  7.86762E-01  7.66038E-01  7.46345E-01
  7.26616E-01  7.08159E-01  6.89576E-01  6.71758E-01  6.54145E-01  6.20118E-01
  5.88060E-01  5.57495E-01  5.28818E-01  5.01799E-01  4.75528E-01  4.51297E-01
  4.28359E-01  3.85700E-01  3.47106E-01  3.12261E-01  2.81199E-01  2.52821E-01
  2.27943E-01  2.05628E-01  1.85788E-01  1.51306E-01  1.23274E-01  1.00512E-01
  8.17336E-02  6.63395E-02  5.41379E-02  4.44534E-02  3.71585E-02  2.52340E-02
  1.68894E-02  1.08730E-02  6.55363E-03  3.64731E-03  2.02178E-03  1.56604E-03
  1.27350E-03  8.52213E-04  5.37460E-04  6.42072E-06 -9.79100E-04 -1.36820E-03
 -2.24684E-04  1.06478E-03  1.03313E-03  3.46337E-03 -2.97453E-04 -2.32210E-03
 -2.52511E-03 -2.58454E-03 -9.03195E-04 -1.20210E-03 -9.40604E-04 -1.92610E-03
 -1.60942E-05 -1.01226E-03  9.55106E-06  3.47448E-04 -7.22554E-04 -3.42354E-04
 -7.38956E-04  4.16670E-04  1.20121E-03 -1.68735E-03 -8.68097E-04 -2.33864E-04
 -4.89759E-04  9.90777E-04  5.25947E-04 -6.56707E-04 -4.37491E-04  1.74644E-04
  5.82486E-04 -2.42135E-04 -2.58995E-04  5.77838E-04  4.50109E-04 -7.98085E-05
  2.77330E-04  3.90104E-04  9.57789E-04  8.05297E-05  2.47103E-04 -4.25197E-04
 -3.73976E-04 -2.30937E-04 -6.62304E-05 -2.80843E-04  3.53308E-04 -6.46777E-05
  2.42578E-04  8.03870E-04  3.75779E-04 -1.16074E-04 -4.49857E-05  2.42682E-04
 -1.35459E-04 -2.52362E-04 -1.49615E-05  1.04566E-04 -2.32238E-05 -1.11149E-04
  1.04412E-04 -1.17133E-05 -2.94338E-04 -1.86031E-05 -4.34825E-05 -5.67265E-05
