AutoSaveFileName0170.ASC
 IFORMY    0    .00
 (6E13.7)
 IFORMT    0    .00
 (6E13.7)
 IFORMW    0    .00
 (6E13.7)
 NINTT     0   -1.00
 DOUSNQ    0    1.00
 IQUAD     0    1.00
 PRWT      0    1.00
 PRY       0    1.00
 IPLRES    1    3.00
 IPLRES    2    3.00
 IPRINT    1    0.00
 IPRINT    2    2.00
 IPLFIT    1    0.00
 IPLFIT    2    0.00
 LINEPG    0   50.
 NONNEG    1    1.00
 IWT       0    5.00
 NQPROG    1    5.00
 NQPROG    2    5.00
 GMNMX     1    4.57275E-03
 GMNMX     2    1.64150E-03
 RUSER    10    -1.00
 NG        0    500.00
 NLINF     0    1.00
 IUSER    10    4.00
 RUSER    21    1.0
 RUSER    22   -1.0
 RUSER    23    0.0
 RUSER    18         292.03014
 RUSER    17         99.99900
 RUSER    19         1.02973
 RUSER    15         1.33200
 RUSER    16         632.80000
 RUSER    25         1
 RUSER    26         0
 END       0    0.00
 NY      162
  7.50000E-07  8.75000E-07  1.00000E-06  1.12500E-06  1.25000E-06  1.37500E-06
  1.50000E-06  1.62500E-06  1.75000E-06  1.87500E-06  2.00000E-06  2.25000E-06
  2.50000E-06  2.75000E-06  3.00000E-06  3.25000E-06  3.50000E-06  3.75000E-06
  4.00000E-06  4.50000E-06  5.00000E-06  5.50000E-06  6.00000E-06  6.50000E-06
  7.00000E-06  7.50000E-06  8.00000E-06  9.00000E-06  1.00000E-05  1.10000E-05
  1.20000E-05  1.30000E-05  1.40000E-05  1.50000E-05  1.60000E-05  1.80000E-05
  2.00000E-05  2.20000E-05  2.40000E-05  2.60000E-05  2.80000E-05  3.00000E-05
  3.20000E-05  3.60000E-05  4.00000E-05  4.40000E-05  4.80000E-05  5.20000E-05
  5.60000E-05  6.00000E-05  6.40000E-05  7.20000E-05  8.00000E-05  8.80000E-05
  9.60000E-05  1.04000E-04  1.12000E-04  1.20000E-04  1.28000E-04  1.44000E-04
  1.60000E-04  1.76000E-04  1.92000E-04  2.08000E-04  2.24000E-04  2.40000E-04
  2.56000E-04  2.88000E-04  3.20000E-04  3.52000E-04  3.84000E-04  4.16000E-04
  4.48000E-04  4.80000E-04  5.12000E-04  5.76000E-04  6.40000E-04  7.04000E-04
  7.68000E-04  8.32000E-04  8.96000E-04  9.60000E-04  1.02400E-03  1.15200E-03
  1.28000E-03  1.40800E-03  1.53600E-03  1.66400E-03  1.79200E-03  1.92000E-03
  2.01600E-03  2.27200E-03  2.52800E-03  2.78400E-03  3.04000E-03  3.29600E-03
  3.55200E-03  3.80800E-03  4.06400E-03  4.57600E-03  5.08800E-03  5.60000E-03
  6.11200E-03  6.62400E-03  7.13600E-03  7.64800E-03  8.16000E-03  9.18400E-03
  1.02080E-02  1.12320E-02  1.22560E-02  1.32800E-02  1.43040E-02  1.53280E-02
  1.63520E-02  1.84000E-02  2.04480E-02  2.24960E-02  2.45440E-02  2.65920E-02
  2.86400E-02  3.06880E-02  3.27360E-02  3.68320E-02  4.09280E-02  4.50240E-02
  4.91200E-02  5.32160E-02  5.73120E-02  6.14080E-02  6.55040E-02  7.36960E-02
  8.18880E-02  9.00800E-02  9.82720E-02  1.06464E-01  1.14656E-01  1.22848E-01
  1.31040E-01  1.47424E-01  1.63808E-01  1.80192E-01  1.96576E-01  2.12960E-01
  2.29344E-01  2.45728E-01  2.62112E-01  2.94880E-01  3.27648E-01  3.60416E-01
  3.93184E-01  4.25952E-01  4.58720E-01  4.91488E-01  5.24256E-01  5.89792E-01
  6.55328E-01  7.20864E-01  7.86400E-01  8.51936E-01  9.17472E-01  9.83008E-01
  1.00000E+00  9.95392E-01  9.86807E-01  9.94544E-01  9.89282E-01  9.93055E-01
  9.90246E-01  9.99461E-01  9.85248E-01  9.93272E-01  9.87778E-01  9.81469E-01
  9.85796E-01  9.85738E-01  9.85532E-01  9.86672E-01  9.86598E-01  9.80952E-01
  9.80684E-01  9.83052E-01  9.76506E-01  9.73695E-01  9.74102E-01  9.72058E-01
  9.71657E-01  9.67525E-01  9.64211E-01  9.58402E-01  9.58460E-01  9.55881E-01
  9.50824E-01  9.48564E-01  9.42840E-01  9.41798E-01  9.36431E-01  9.28640E-01
  9.22119E-01  9.14433E-01  9.05486E-01  9.02279E-01  8.94078E-01  8.86140E-01
  8.79898E-01  8.65622E-01  8.52838E-01  8.39022E-01  8.27074E-01  8.13925E-01
  8.00700E-01  7.87833E-01  7.76542E-01  7.53721E-01  7.30224E-01  7.08622E-01
  6.87208E-01  6.66289E-01  6.45782E-01  6.26451E-01  6.08200E-01  5.72194E-01
  5.37866E-01  5.05198E-01  4.74950E-01  4.47064E-01  4.19349E-01  3.94493E-01
  3.70852E-01  3.28188E-01  2.90333E-01  2.56986E-01  2.27236E-01  2.01168E-01
  1.77897E-01  1.56005E-01  1.37695E-01  1.06278E-01  8.31144E-02  6.54484E-02
  5.20327E-02  4.03906E-02  3.03348E-02  2.30643E-02  1.66450E-02  6.39766E-03
  9.80073E-04 -3.55748E-03 -3.91213E-03 -1.53917E-03 -1.49739E-03 -1.47796E-03
 -3.08152E-03 -5.88668E-03 -3.31809E-03 -3.01002E-03 -4.15073E-03 -4.00194E-03
  1.04564E-03  5.15345E-03  2.66448E-03  2.62814E-04  5.79766E-04 -2.04909E-03
 -1.19982E-03  1.55148E-03  2.74725E-03  9.30326E-04  1.74849E-03 -2.86945E-03
  1.86865E-03  3.24460E-03  7.58060E-05 -3.04932E-03 -6.71574E-04 -4.32365E-03
 -3.03040E-03  1.46596E-04 -2.43801E-03 -1.10253E-03 -6.75206E-04 -3.33376E-03
 -2.10048E-03  8.20498E-04 -2.02831E-03  1.35209E-04  3.24450E-03 -1.16784E-03
  2.28189E-03 -1.26147E-03  3.24816E-03  2.18472E-03 -1.01975E-03 -1.19785E-03
 -1.04569E-03  1.42481E-03  3.92696E-04 -1.32090E-04  1.06727E-03  1.71267E-03
  1.48734E-03 -1.96936E-03  5.35372E-04  1.28195E-03 -2.35985E-04  5.65670E-04
 -1.10505E-03  2.36028E-04  6.01650E-05  1.57463E-04 -1.39103E-03  6.53150E-04
  3.81891E-04  9.63712E-05  8.83125E-04 -7.26708E-04 -1.57929E-04  3.26567E-04
 -4.00250E-05  3.97589E-04 -7.57933E-04  4.37190E-04 -7.24813E-05  1.38582E-04
