AutoSaveFileName0024.ASC
 IFORMY    0    .00
 (6E13.7)
 IFORMT    0    .00
 (6E13.7)
 IFORMW    0    .00
 (6E13.7)
 NINTT     0   -1.00
 DOUSNQ    0    1.00
 IQUAD          1.00
 PRWT      0    1.00
 PRY       0    1.00
 IPLRES    1    3.00
 IPLRES    2    3.00
 IPRINT    1    0.00
 IPRINT    2    2.00
 IPLFIT    1    0.00
 IPLFIT    2    0.00
 LINEPG    0   50.
 NONNEG    1    1.00
 IWT       0    5.00
 NQPROG    1    5.00
 NQPROG    2    5.00
 GMNMX     1    1.464E-04
 GMNMX     2    1.464E-01
 RUSER    10    -1.00
 NG        0    200.00
 NLINF     0    0.00
 IUSER    10    4.00
 RUSER    21    1.0
 RUSER    22   -1.0
 RUSER    23    0.0
 RUSER    18         292.16184
 RUSER    17         24.99800
 RUSER    19         1.02638
 RUSER    15         1.33200
 RUSER    16         632.80000
 RUSER    25         1
 RUSER    26         0
 END       0    0.00
 NY      188
  5.00000E-07  6.25000E-07  7.50000E-07  8.75000E-07  1.00000E-06  1.12500E-06
  1.25000E-06  1.37500E-06  1.50000E-06  1.62500E-06  1.75000E-06  1.87500E-06
  2.00000E-06  2.25000E-06  2.50000E-06  2.75000E-06  3.00000E-06  3.25000E-06
  3.50000E-06  3.75000E-06  4.00000E-06  4.50000E-06  5.00000E-06  5.50000E-06
  6.00000E-06  6.50000E-06  7.00000E-06  7.50000E-06  8.00000E-06  9.00000E-06
  1.00000E-05  1.10000E-05  1.20000E-05  1.30000E-05  1.40000E-05  1.50000E-05
  1.60000E-05  1.80000E-05  2.00000E-05  2.20000E-05  2.40000E-05  2.60000E-05
  2.80000E-05  3.00000E-05  3.20000E-05  3.60000E-05  4.00000E-05  4.40000E-05
  4.80000E-05  5.20000E-05  5.60000E-05  6.00000E-05  6.40000E-05  7.20000E-05
  8.00000E-05  8.80000E-05  9.60000E-05  1.04000E-04  1.12000E-04  1.20000E-04
  1.28000E-04  1.44000E-04  1.60000E-04  1.76000E-04  1.92000E-04  2.08000E-04
  2.24000E-04  2.40000E-04  2.56000E-04  2.88000E-04  3.20000E-04  3.52000E-04
  3.84000E-04  4.16000E-04  4.48000E-04  4.80000E-04  5.12000E-04  5.76000E-04
  6.40000E-04  7.04000E-04  7.68000E-04  8.32000E-04  8.96000E-04  9.60000E-04
  1.02400E-03  1.15200E-03  1.28000E-03  1.40800E-03  1.53600E-03  1.66400E-03
  1.79200E-03  1.92000E-03  2.01600E-03  2.27200E-03  2.52800E-03  2.78400E-03
  3.04000E-03  3.29600E-03  3.55200E-03  3.80800E-03  4.06400E-03  4.57600E-03
  5.08800E-03  5.60000E-03  6.11200E-03  6.62400E-03  7.13600E-03  7.64800E-03
  8.16000E-03  9.18400E-03  1.02080E-02  1.12320E-02  1.22560E-02  1.32800E-02
  1.43040E-02  1.53280E-02  1.63520E-02  1.84000E-02  2.04480E-02  2.24960E-02
  2.45440E-02  2.65920E-02  2.86400E-02  3.06880E-02  3.27360E-02  3.68320E-02
  4.09280E-02  4.50240E-02  4.91200E-02  5.32160E-02  5.73120E-02  6.14080E-02
  6.55040E-02  7.36960E-02  8.18880E-02  9.00800E-02  9.82720E-02  1.06464E-01
  1.14656E-01  1.22848E-01  1.31040E-01  1.47424E-01  1.63808E-01  1.80192E-01
  1.96576E-01  2.12960E-01  2.29344E-01  2.45728E-01  2.62112E-01  2.94880E-01
  3.27648E-01  3.60416E-01  3.93184E-01  4.25952E-01  4.58720E-01  4.91488E-01
  5.24256E-01  5.89792E-01  6.55328E-01  7.20864E-01  7.86400E-01  8.51936E-01
  9.17472E-01  9.83008E-01  1.04854E+00  1.17962E+00  1.31069E+00  1.44176E+00
  1.57283E+00  1.70390E+00  1.83498E+00  1.96605E+00  2.09712E+00  2.35926E+00
  2.62141E+00  2.88355E+00  3.14570E+00  3.40784E+00  3.66998E+00  3.93213E+00
  4.19427E+00  4.71856E+00  5.24285E+00  5.76714E+00  6.29142E+00  6.81571E+00
  7.34000E+00  7.86429E+00
  9.97848E-01  9.96752E-01  9.97716E-01  9.96454E-01  9.96041E-01  9.95863E-01
  9.95952E-01  9.96333E-01  9.96376E-01  9.95880E-01  9.94815E-01  9.95309E-01
  9.95868E-01  9.95969E-01  9.95923E-01  9.96172E-01  9.96181E-01  9.95642E-01
  9.94973E-01  9.95455E-01  9.95636E-01  9.95759E-01  9.95817E-01  9.95662E-01
  9.95401E-01  9.95538E-01  9.95716E-01  9.95398E-01  9.95561E-01  9.95467E-01
  9.95553E-01  9.95736E-01  9.95579E-01  9.95223E-01  9.95458E-01  9.95639E-01
  9.95427E-01  9.95372E-01  9.95392E-01  9.95320E-01  9.95306E-01  9.95131E-01
  9.95165E-01  9.95206E-01  9.95099E-01  9.94985E-01  9.94841E-01  9.94896E-01
  9.94755E-01  9.94505E-01  9.94503E-01  9.94500E-01  9.94417E-01  9.94196E-01
  9.93848E-01  9.93702E-01  9.93467E-01  9.93306E-01  9.93082E-01  9.92948E-01
  9.92704E-01  9.92216E-01  9.91785E-01  9.91384E-01  9.90982E-01  9.90546E-01
  9.90141E-01  9.89740E-01  9.89272E-01  9.88503E-01  9.87622E-01  9.86799E-01
  9.85998E-01  9.85166E-01  9.84357E-01  9.83468E-01  9.82575E-01  9.80917E-01
  9.79287E-01  9.77609E-01  9.75971E-01  9.74344E-01  9.72680E-01  9.71070E-01
  9.69271E-01  9.66006E-01  9.62769E-01  9.59539E-01  9.56302E-01  9.53163E-01
  9.49987E-01  9.46828E-01  9.44183E-01  9.37959E-01  9.31796E-01  9.25633E-01
  9.19473E-01  9.13382E-01  9.07316E-01  9.01297E-01  8.95292E-01  8.83562E-01
  8.72028E-01  8.60721E-01  8.49591E-01  8.38657E-01  8.27808E-01  8.16954E-01
  8.06272E-01  7.85189E-01  7.64738E-01  7.44739E-01  7.25315E-01  7.06249E-01
  6.87450E-01  6.69142E-01  6.51666E-01  6.17835E-01  5.85990E-01  5.55849E-01
  5.27851E-01  5.01569E-01  4.77067E-01  4.54334E-01  4.32304E-01  3.92078E-01
  3.56704E-01  3.23335E-01  2.92001E-01  2.63389E-01  2.37548E-01  2.13436E-01
  1.89380E-01  1.48554E-01  1.15991E-01  9.14005E-02  7.00118E-02  4.97369E-02
  3.15379E-02  1.80113E-02  9.17164E-03 -5.33481E-04 -6.79577E-03 -1.49062E-02
 -1.41892E-02 -9.56931E-03 -1.30995E-02 -1.42592E-02 -7.09374E-03 -4.89301E-03
 -2.56283E-03 -4.07626E-03  4.92595E-03 -1.45182E-03 -4.02095E-03  2.04306E-03
  1.53738E-02  2.16129E-02  4.55674E-03 -1.25424E-02 -2.37785E-02 -4.43242E-02
 -4.45046E-02 -1.22444E-02 -1.47237E-02  1.28446E-03  2.55061E-02 -1.44899E-02
 -1.89488E-02 -2.65113E-02  3.43600E-02 -1.20554E-02 -8.66189E-03 -4.01914E-03
 -1.11095E-03 -3.16704E-03  1.85713E-02  3.42728E-03 -2.53518E-02 -2.60579E-03
 -7.55941E-03 -2.48047E-02  2.58195E-03  7.69412E-03  8.37024E-03  1.44471E-02
 -1.80249E-02  1.10829E-02
