AutoSaveFileName0005.ASC
 IFORMY    0    .00
 (6E13.7)
 IFORMT    0    .00
 (6E13.7)
 IFORMW    0    .00
 (6E13.7)
 NINTT     0   -1.00
 DOUSNQ    0    1.00
 IQUAD     0    1.00
 PRWT      0    1.00
 PRY       0    1.00
 IPLRES    1    3.00
 IPLRES    2    3.00
 IPRINT    1    0.00
 IPRINT    2    2.00
 IPLFIT    1    0.00
 IPLFIT    2    0.00
 LINEPG    0   50.
 NONNEG    1    1.00
 IWT       0    5.00
 NQPROG    1    5.00
 NQPROG    2    5.00
 GMNMX     1    1.58024E-01
 GMNMX     2    5.67264E-02
 RUSER    10    -1.00
 NG        0    500.00
 NLINF     0    1.00
 IUSER    10    4.00
 RUSER    21    1.0
 RUSER    22   -1.0
 RUSER    23    0.0
 RUSER    18         291.89870
 RUSER    17         15.00300
 RUSER    19         1.03309
 RUSER    15         1.33200
 RUSER    16         632.80000
 RUSER    25         1
 RUSER    26         0
 END       0    0.00
 NY      162
  7.50000E-07  8.75000E-07  1.00000E-06  1.12500E-06  1.25000E-06  1.37500E-06
  1.50000E-06  1.62500E-06  1.75000E-06  1.87500E-06  2.00000E-06  2.25000E-06
  2.50000E-06  2.75000E-06  3.00000E-06  3.25000E-06  3.50000E-06  3.75000E-06
  4.00000E-06  4.50000E-06  5.00000E-06  5.50000E-06  6.00000E-06  6.50000E-06
  7.00000E-06  7.50000E-06  8.00000E-06  9.00000E-06  1.00000E-05  1.10000E-05
  1.20000E-05  1.30000E-05  1.40000E-05  1.50000E-05  1.60000E-05  1.80000E-05
  2.00000E-05  2.20000E-05  2.40000E-05  2.60000E-05  2.80000E-05  3.00000E-05
  3.20000E-05  3.60000E-05  4.00000E-05  4.40000E-05  4.80000E-05  5.20000E-05
  5.60000E-05  6.00000E-05  6.40000E-05  7.20000E-05  8.00000E-05  8.80000E-05
  9.60000E-05  1.04000E-04  1.12000E-04  1.20000E-04  1.28000E-04  1.44000E-04
  1.60000E-04  1.76000E-04  1.92000E-04  2.08000E-04  2.24000E-04  2.40000E-04
  2.56000E-04  2.88000E-04  3.20000E-04  3.52000E-04  3.84000E-04  4.16000E-04
  4.48000E-04  4.80000E-04  5.12000E-04  5.76000E-04  6.40000E-04  7.04000E-04
  7.68000E-04  8.32000E-04  8.96000E-04  9.60000E-04  1.02400E-03  1.15200E-03
  1.28000E-03  1.40800E-03  1.53600E-03  1.66400E-03  1.79200E-03  1.92000E-03
  2.01600E-03  2.27200E-03  2.52800E-03  2.78400E-03  3.04000E-03  3.29600E-03
  3.55200E-03  3.80800E-03  4.06400E-03  4.57600E-03  5.08800E-03  5.60000E-03
  6.11200E-03  6.62400E-03  7.13600E-03  7.64800E-03  8.16000E-03  9.18400E-03
  1.02080E-02  1.12320E-02  1.22560E-02  1.32800E-02  1.43040E-02  1.53280E-02
  1.63520E-02  1.84000E-02  2.04480E-02  2.24960E-02  2.45440E-02  2.65920E-02
  2.86400E-02  3.06880E-02  3.27360E-02  3.68320E-02  4.09280E-02  4.50240E-02
  4.91200E-02  5.32160E-02  5.73120E-02  6.14080E-02  6.55040E-02  7.36960E-02
  8.18880E-02  9.00800E-02  9.82720E-02  1.06464E-01  1.14656E-01  1.22848E-01
  1.31040E-01  1.47424E-01  1.63808E-01  1.80192E-01  1.96576E-01  2.12960E-01
  2.29344E-01  2.45728E-01  2.62112E-01  2.94880E-01  3.27648E-01  3.60416E-01
  3.93184E-01  4.25952E-01  4.58720E-01  4.91488E-01  5.24256E-01  5.89792E-01
  6.55328E-01  7.20864E-01  7.86400E-01  8.51936E-01  9.17472E-01  9.83008E-01
  9.99142E-01  9.95509E-01  9.96175E-01  9.91737E-01  1.00000E+00  9.96800E-01
  9.91063E-01  9.96359E-01  9.96579E-01  9.94140E-01  9.94242E-01  9.94602E-01
  9.92497E-01  9.95080E-01  9.93588E-01  9.97409E-01  9.93486E-01  9.93723E-01
  9.94450E-01  9.93449E-01  9.94226E-01  9.93956E-01  9.93535E-01  9.94916E-01
  9.94234E-01  9.93535E-01  9.94099E-01  9.93801E-01  9.94250E-01  9.93858E-01
  9.93286E-01  9.95386E-01  9.93931E-01  9.94311E-01  9.94749E-01  9.93555E-01
  9.93645E-01  9.94414E-01  9.94123E-01  9.94818E-01  9.93633E-01  9.92857E-01
  9.92767E-01  9.93600E-01  9.93114E-01  9.93151E-01  9.92889E-01  9.92297E-01
  9.92489E-01  9.92816E-01  9.92399E-01  9.91876E-01  9.91663E-01  9.91651E-01
  9.91148E-01  9.90507E-01  9.89980E-01  9.89980E-01  9.89677E-01  9.89064E-01
  9.88153E-01  9.87442E-01  9.86919E-01  9.86281E-01  9.85586E-01  9.85059E-01
  9.84271E-01  9.83008E-01  9.81774E-01  9.80674E-01  9.79706E-01  9.78553E-01
  9.77393E-01  9.75570E-01  9.74745E-01  9.72427E-01  9.70282E-01  9.68083E-01
  9.65971E-01  9.63944E-01  9.61500E-01  9.59268E-01  9.57348E-01  9.53200E-01
  9.49109E-01  9.44982E-01  9.40891E-01  9.37135E-01  9.33053E-01  9.29174E-01
  9.27434E-01  9.19792E-01  9.12072E-01  9.04700E-01  8.97291E-01  8.90155E-01
  8.82942E-01  8.75946E-01  8.69072E-01  8.55582E-01  8.42419E-01  8.29677E-01
  8.17385E-01  8.05480E-01  7.93878E-01  7.82464E-01  7.71210E-01  7.49877E-01
  7.30020E-01  7.11295E-01  6.93465E-01  6.76559E-01  6.60580E-01  6.45161E-01
  6.30445E-01  6.02926E-01  5.77221E-01  5.54050E-01  5.33392E-01  5.14038E-01
  4.95995E-01  4.79224E-01  4.64136E-01  4.37822E-01  4.15059E-01  3.94359E-01
  3.74922E-01  3.58076E-01  3.43657E-01  3.30312E-01  3.17685E-01  2.93866E-01
  2.74388E-01  2.58675E-01  2.47883E-01  2.39143E-01  2.31729E-01  2.27359E-01
  2.21243E-01  2.03339E-01  1.86877E-01  1.69729E-01  1.53749E-01  1.36328E-01
  1.16991E-01  1.06824E-01  9.86477E-02  7.57989E-02  6.07458E-02  4.95358E-02
  4.37601E-02  4.11729E-02  3.74463E-02  1.85814E-02  2.29481E-02  1.38642E-02
 -5.80478E-03 -1.38507E-02  1.76499E-03 -9.36604E-03 -1.99804E-02 -1.84725E-02
