AutoSaveFileName0122.ASC
 IFORMY    0    .00
 (6E13.7)
 IFORMT    0    .00
 (6E13.7)
 IFORMW    0    .00
 (6E13.7)
 NINTT     0   -1.00
 DOUSNQ    0    1.00
 IQUAD          1.00
 PRWT      0    1.00
 PRY       0    1.00
 IPLRES    1    3.00
 IPLRES    2    3.00
 IPRINT    1    0.00
 IPRINT    2    2.00
 IPLFIT    1    0.00
 IPLFIT    2    0.00
 LINEPG    0   50.
 NONNEG    1    1.00
 IWT       0    5.00
 NQPROG    1    5.00
 NQPROG    2    5.00
 GMNMX     1    1.848E-05
 GMNMX     2    1.848E-02
 RUSER    10    -1.00
 NG        0    200.00
 NLINF     0    0.00
 IUSER    10    4.00
 RUSER    21    1.0
 RUSER    22   -1.0
 RUSER    23    0.0
 RUSER    18         292.20474
 RUSER    17         74.99800
 RUSER    19         1.02529
 RUSER    15         1.33200
 RUSER    16         632.80000
 RUSER    25         1
 RUSER    26         0
 END       0    0.00
 NY      188
  5.00000E-07  6.25000E-07  7.50000E-07  8.75000E-07  1.00000E-06  1.12500E-06
  1.25000E-06  1.37500E-06  1.50000E-06  1.62500E-06  1.75000E-06  1.87500E-06
  2.00000E-06  2.25000E-06  2.50000E-06  2.75000E-06  3.00000E-06  3.25000E-06
  3.50000E-06  3.75000E-06  4.00000E-06  4.50000E-06  5.00000E-06  5.50000E-06
  6.00000E-06  6.50000E-06  7.00000E-06  7.50000E-06  8.00000E-06  9.00000E-06
  1.00000E-05  1.10000E-05  1.20000E-05  1.30000E-05  1.40000E-05  1.50000E-05
  1.60000E-05  1.80000E-05  2.00000E-05  2.20000E-05  2.40000E-05  2.60000E-05
  2.80000E-05  3.00000E-05  3.20000E-05  3.60000E-05  4.00000E-05  4.40000E-05
  4.80000E-05  5.20000E-05  5.60000E-05  6.00000E-05  6.40000E-05  7.20000E-05
  8.00000E-05  8.80000E-05  9.60000E-05  1.04000E-04  1.12000E-04  1.20000E-04
  1.28000E-04  1.44000E-04  1.60000E-04  1.76000E-04  1.92000E-04  2.08000E-04
  2.24000E-04  2.40000E-04  2.56000E-04  2.88000E-04  3.20000E-04  3.52000E-04
  3.84000E-04  4.16000E-04  4.48000E-04  4.80000E-04  5.12000E-04  5.76000E-04
  6.40000E-04  7.04000E-04  7.68000E-04  8.32000E-04  8.96000E-04  9.60000E-04
  1.02400E-03  1.15200E-03  1.28000E-03  1.40800E-03  1.53600E-03  1.66400E-03
  1.79200E-03  1.92000E-03  2.01600E-03  2.27200E-03  2.52800E-03  2.78400E-03
  3.04000E-03  3.29600E-03  3.55200E-03  3.80800E-03  4.06400E-03  4.57600E-03
  5.08800E-03  5.60000E-03  6.11200E-03  6.62400E-03  7.13600E-03  7.64800E-03
  8.16000E-03  9.18400E-03  1.02080E-02  1.12320E-02  1.22560E-02  1.32800E-02
  1.43040E-02  1.53280E-02  1.63520E-02  1.84000E-02  2.04480E-02  2.24960E-02
  2.45440E-02  2.65920E-02  2.86400E-02  3.06880E-02  3.27360E-02  3.68320E-02
  4.09280E-02  4.50240E-02  4.91200E-02  5.32160E-02  5.73120E-02  6.14080E-02
  6.55040E-02  7.36960E-02  8.18880E-02  9.00800E-02  9.82720E-02  1.06464E-01
  1.14656E-01  1.22848E-01  1.31040E-01  1.47424E-01  1.63808E-01  1.80192E-01
  1.96576E-01  2.12960E-01  2.29344E-01  2.45728E-01  2.62112E-01  2.94880E-01
  3.27648E-01  3.60416E-01  3.93184E-01  4.25952E-01  4.58720E-01  4.91488E-01
  5.24256E-01  5.89792E-01  6.55328E-01  7.20864E-01  7.86400E-01  8.51936E-01
  9.17472E-01  9.83008E-01  1.04854E+00  1.17962E+00  1.31069E+00  1.44176E+00
  1.57283E+00  1.70390E+00  1.83498E+00  1.96605E+00  2.09712E+00  2.35926E+00
  2.62141E+00  2.88355E+00  3.14570E+00  3.40784E+00  3.66998E+00  3.93213E+00
  4.19427E+00  4.71856E+00  5.24285E+00  5.76714E+00  6.29142E+00  6.81571E+00
  7.34000E+00  7.86429E+00
  9.94829E-01  9.95243E-01  9.92711E-01  9.92816E-01  9.88469E-01  9.89063E-01
  9.90573E-01  9.87272E-01  9.90004E-01  9.91410E-01  9.92176E-01  9.87983E-01
  9.89109E-01  9.89280E-01  9.88494E-01  9.91180E-01  9.87954E-01  9.88138E-01
  9.90678E-01  9.89393E-01  9.88615E-01  9.89255E-01  9.88402E-01  9.90130E-01
  9.89406E-01  9.87808E-01  9.88523E-01  9.88121E-01  9.88121E-01  9.88962E-01
  9.88381E-01  9.87908E-01  9.88448E-01  9.87557E-01  9.86670E-01  9.87050E-01
  9.87582E-01  9.86444E-01  9.86347E-01  9.85933E-01  9.86009E-01  9.86063E-01
  9.85331E-01  9.85063E-01  9.84306E-01  9.83937E-01  9.82958E-01  9.81929E-01
  9.80871E-01  9.80427E-01  9.80063E-01  9.78833E-01  9.78059E-01  9.76979E-01
  9.75469E-01  9.74046E-01  9.72515E-01  9.70938E-01  9.69260E-01  9.67904E-01
  9.66394E-01  9.63189E-01  9.60406E-01  9.57105E-01  9.54189E-01  9.51599E-01
  9.48356E-01  9.45628E-01  9.42335E-01  9.36578E-01  9.30942E-01  9.25106E-01
  9.19206E-01  9.13202E-01  9.07859E-01  9.02282E-01  8.96687E-01  8.85658E-01
  8.74859E-01  8.64048E-01  8.53173E-01  8.42726E-01  8.32299E-01  8.22086E-01
  8.11714E-01  7.91513E-01  7.71965E-01  7.53175E-01  7.34652E-01  7.16635E-01
  6.99154E-01  6.82067E-01  6.69339E-01  6.37532E-01  6.07540E-01  5.79202E-01
  5.52407E-01  5.27395E-01  5.03416E-01  4.80463E-01  4.59287E-01  4.19183E-01
  3.82988E-01  3.50081E-01  3.20158E-01  2.92857E-01  2.67126E-01  2.44031E-01
  2.23533E-01  1.86331E-01  1.55875E-01  1.31132E-01  1.11364E-01  9.51118E-02
  8.00789E-02  6.76535E-02  5.90955E-02  4.39492E-02  3.34523E-02  2.90448E-02
  2.55517E-02  1.82547E-02  1.16221E-02  8.32136E-03  4.57446E-03  2.45964E-03
  2.12361E-03  4.83371E-03  3.33184E-03  2.15751E-03  6.80732E-03  1.08196E-02
  7.83296E-03 -2.01829E-03 -4.27756E-03 -7.32238E-03 -3.30149E-03 -9.75360E-03
 -3.92453E-03 -2.38290E-03 -1.92122E-03 -3.83721E-03 -2.85022E-03 -3.90261E-03
 -3.51465E-03  4.01038E-03 -1.35436E-02 -7.97856E-03 -1.16108E-02 -3.15381E-03
 -7.86534E-03 -6.27975E-03  6.35272E-03 -5.55135E-03 -1.67931E-02 -5.75767E-03
 -4.38697E-03 -6.38038E-04  1.07874E-02 -9.50691E-03  8.09115E-03 -2.83629E-03
  4.77333E-04  8.10329E-03  1.88932E-03 -9.61385E-03  1.43650E-03 -1.27674E-03
 -9.36227E-04  1.14583E-03 -2.30369E-04  6.74360E-03  3.75014E-03 -4.33183E-03
  3.67336E-03 -2.54207E-03 -6.48553E-04  3.92918E-03  2.02590E-03 -1.74025E-03
 -2.00392E-03 -1.72965E-03 -1.64135E-03  1.30951E-04  1.58243E-03  1.53457E-04
 -1.27818E-03 -2.73730E-03
