AutoSaveFileName0122.ASC
 IFORMY    0    .00
 (6E13.7)
 IFORMT    0    .00
 (6E13.7)
 IFORMW    0    .00
 (6E13.7)
 NINTT     0   -1.00
 DOUSNQ    0    1.00
 IQUAD          1.00
 PRWT      0    1.00
 PRY       0    1.00
 IPLRES    1    3.00
 IPLRES    2    3.00
 IPRINT    1    0.00
 IPRINT    2    2.00
 IPLFIT    1    0.00
 IPLFIT    2    0.00
 LINEPG    0   50.
 NONNEG    1    1.00
 IWT       0    5.00
 NQPROG    1    5.00
 NQPROG    2    5.00
 GMNMX     1    3.237E-05
 GMNMX     2    3.237E-02
 RUSER    10    -1.00
 NG        0    200.00
 NLINF     0    0.00
 IUSER    10    4.00
 RUSER    21    1.0
 RUSER    22   -1.0
 RUSER    23    0.0
 RUSER    18         291.92003
 RUSER    17         54.99900
 RUSER    19         1.03254
 RUSER    15         1.33200
 RUSER    16         632.80000
 RUSER    25         1
 RUSER    26         0
 END       0    0.00
 NY      131
  3.75000E-07  5.00000E-07  6.25000E-07  7.50000E-07  8.75000E-07  1.00000E-06
  1.12500E-06  1.25000E-06  1.37500E-06  1.50000E-06  1.62500E-06  1.75000E-06
  1.87500E-06  2.00000E-06  2.25000E-06  2.50000E-06  2.75000E-06  3.00000E-06
  3.25000E-06  3.50000E-06  3.75000E-06  4.00000E-06  4.50000E-06  5.00000E-06
  5.50000E-06  6.00000E-06  6.50000E-06  7.00000E-06  7.50000E-06  8.00000E-06
  9.00000E-06  1.00000E-05  1.10000E-05  1.20000E-05  1.30000E-05  1.40000E-05
  1.50000E-05  1.60000E-05  1.80000E-05  2.00000E-05  2.20000E-05  2.40000E-05
  2.60000E-05  2.80000E-05  3.00000E-05  3.20000E-05  3.60000E-05  4.00000E-05
  4.40000E-05  4.80000E-05  5.20000E-05  5.60000E-05  6.00000E-05  6.40000E-05
  7.20000E-05  8.00000E-05  8.80000E-05  9.60000E-05  1.04000E-04  1.12000E-04
  1.20000E-04  1.28000E-04  1.44000E-04  1.60000E-04  1.76000E-04  1.92000E-04
  2.08000E-04  2.24000E-04  2.40000E-04  2.56000E-04  2.88000E-04  3.20000E-04
  3.52000E-04  3.84000E-04  4.16000E-04  4.48000E-04  4.80000E-04  5.12000E-04
  5.76000E-04  6.40000E-04  7.04000E-04  7.68000E-04  8.32000E-04  8.96000E-04
  9.60000E-04  1.02400E-03  1.15200E-03  1.28000E-03  1.40800E-03  1.53600E-03
  1.66400E-03  1.79200E-03  1.92000E-03  2.01600E-03  2.27200E-03  2.52800E-03
  2.78400E-03  3.04000E-03  3.29600E-03  3.55200E-03  3.80800E-03  4.06400E-03
  4.57600E-03  5.08800E-03  5.60000E-03  6.11200E-03  6.62400E-03  7.13600E-03
  7.64800E-03  8.16000E-03  9.18400E-03  1.02080E-02  1.12320E-02  1.22560E-02
  1.32800E-02  1.43040E-02  1.53280E-02  1.63520E-02  1.84000E-02  2.04480E-02
  2.24960E-02  2.45440E-02  2.65920E-02  2.86400E-02  3.06880E-02  3.27360E-02
  3.68320E-02  4.09280E-02  4.50240E-02  4.91200E-02  5.32160E-02
  2.39690E+00  2.39794E+00  2.39544E+00  2.38824E+00  2.38996E+00  2.39167E+00
  2.38955E+00  2.38733E+00  2.38287E+00  2.38441E+00  2.38232E+00  2.38366E+00
  2.38563E+00  2.38742E+00  2.38309E+00  2.37802E+00  2.38108E+00  2.38552E+00
  2.38609E+00  2.38240E+00  2.37798E+00  2.38161E+00  2.38152E+00  2.38385E+00
  2.38486E+00  2.38120E+00  2.38324E+00  2.38572E+00  2.38126E+00  2.38265E+00
  2.37946E+00  2.38016E+00  2.37935E+00  2.37958E+00  2.37828E+00  2.37908E+00
  2.37759E+00  2.37786E+00  2.37615E+00  2.37398E+00  2.37271E+00  2.37332E+00
  2.37310E+00  2.37057E+00  2.36977E+00  2.36877E+00  2.36619E+00  2.36409E+00
  2.36366E+00  2.36114E+00  2.35887E+00  2.35577E+00  2.35468E+00  2.35204E+00
  2.34783E+00  2.34405E+00  2.33950E+00  2.33507E+00  2.33204E+00  2.32756E+00
  2.32358E+00  2.31889E+00  2.31178E+00  2.30317E+00  2.29514E+00  2.28716E+00
  2.27891E+00  2.27089E+00  2.26303E+00  2.25475E+00  2.23893E+00  2.22280E+00
  2.20767E+00  2.19207E+00  2.17683E+00  2.16132E+00  2.14607E+00  2.13051E+00
  2.10086E+00  2.07138E+00  2.04224E+00  2.01351E+00  1.98482E+00  1.95722E+00
  1.92988E+00  1.90149E+00  1.84807E+00  1.79642E+00  1.74567E+00  1.69683E+00
  1.64902E+00  1.60263E+00  1.55812E+00  1.52551E+00  1.44191E+00  1.36317E+00
  1.28855E+00  1.21893E+00  1.15249E+00  1.08948E+00  1.03113E+00  9.76679E-01
  8.75558E-01  7.86187E-01  7.06987E-01  6.34413E-01  5.68332E-01  5.09903E-01
  4.58727E-01  4.15816E-01  3.43654E-01  2.87525E-01  2.41125E-01  2.01017E-01
  1.67015E-01  1.38418E-01  1.16178E-01  1.00546E-01  7.55965E-02  5.23973E-02
  3.12988E-02  2.44164E-02  1.73298E-02  1.53343E-02  1.09050E-02  5.73922E-03
 -6.21881E-03 -1.02721E-02 -6.52236E-03  5.52405E-03  8.36263E-03
