AutoSaveFileName0325.ASC
 IFORMY    0    .00
 (6E13.7)
 IFORMT    0    .00
 (6E13.7)
 IFORMW    0    .00
 (6E13.7)
 NINTT     0   -1.00
 DOUSNQ    0    1.00
 IQUAD          1.00
 PRWT      0    1.00
 PRY       0    1.00
 IPLRES    1    3.00
 IPLRES    2    3.00
 IPRINT    1    0.00
 IPRINT    2    2.00
 IPLFIT    1    0.00
 IPLFIT    2    0.00
 LINEPG    0   50.
 NONNEG    1    1.00
 IWT       0    5.00
 NQPROG    1    5.00
 NQPROG    2    5.00
 GMNMX     1    8.861E-06
 GMNMX     2    8.861E-03
 RUSER    10    -1.00
 NG        0    200.00
 NLINF     0    0.00
 IUSER    10    4.00
 RUSER    21    1.0
 RUSER    22   -1.0
 RUSER    23    0.0
 RUSER    18         292.22284
 RUSER    17         122.99900
 RUSER    19         1.02483
 RUSER    15         1.33200
 RUSER    16         632.80000
 RUSER    25         1
 RUSER    26         0
 END       0    0.00
 NY      131
  3.75000E-07  5.00000E-07  6.25000E-07  7.50000E-07  8.75000E-07  1.00000E-06
  1.12500E-06  1.25000E-06  1.37500E-06  1.50000E-06  1.62500E-06  1.75000E-06
  1.87500E-06  2.00000E-06  2.25000E-06  2.50000E-06  2.75000E-06  3.00000E-06
  3.25000E-06  3.50000E-06  3.75000E-06  4.00000E-06  4.50000E-06  5.00000E-06
  5.50000E-06  6.00000E-06  6.50000E-06  7.00000E-06  7.50000E-06  8.00000E-06
  9.00000E-06  1.00000E-05  1.10000E-05  1.20000E-05  1.30000E-05  1.40000E-05
  1.50000E-05  1.60000E-05  1.80000E-05  2.00000E-05  2.20000E-05  2.40000E-05
  2.60000E-05  2.80000E-05  3.00000E-05  3.20000E-05  3.60000E-05  4.00000E-05
  4.40000E-05  4.80000E-05  5.20000E-05  5.60000E-05  6.00000E-05  6.40000E-05
  7.20000E-05  8.00000E-05  8.80000E-05  9.60000E-05  1.04000E-04  1.12000E-04
  1.20000E-04  1.28000E-04  1.44000E-04  1.60000E-04  1.76000E-04  1.92000E-04
  2.08000E-04  2.24000E-04  2.40000E-04  2.56000E-04  2.88000E-04  3.20000E-04
  3.52000E-04  3.84000E-04  4.16000E-04  4.48000E-04  4.80000E-04  5.12000E-04
  5.76000E-04  6.40000E-04  7.04000E-04  7.68000E-04  8.32000E-04  8.96000E-04
  9.60000E-04  1.02400E-03  1.15200E-03  1.28000E-03  1.40800E-03  1.53600E-03
  1.66400E-03  1.79200E-03  1.92000E-03  2.01600E-03  2.27200E-03  2.52800E-03
  2.78400E-03  3.04000E-03  3.29600E-03  3.55200E-03  3.80800E-03  4.06400E-03
  4.57600E-03  5.08800E-03  5.60000E-03  6.11200E-03  6.62400E-03  7.13600E-03
  7.64800E-03  8.16000E-03  9.18400E-03  1.02080E-02  1.12320E-02  1.22560E-02
  1.32800E-02  1.43040E-02  1.53280E-02  1.63520E-02  1.84000E-02  2.04480E-02
  2.24960E-02  2.45440E-02  2.65920E-02  2.86400E-02  3.06880E-02  3.27360E-02
  3.68320E-02  4.09280E-02  4.50240E-02  4.91200E-02  5.32160E-02
  1.62931E+00  1.62096E+00  1.61524E+00  1.60803E+00  1.61192E+00  1.60909E+00
  1.61386E+00  1.61672E+00  1.61293E+00  1.60972E+00  1.61248E+00  1.60976E+00
  1.61363E+00  1.61282E+00  1.60528E+00  1.60516E+00  1.60875E+00  1.60948E+00
  1.60852E+00  1.60709E+00  1.60858E+00  1.60556E+00  1.60624E+00  1.60563E+00
  1.60533E+00  1.60577E+00  1.60335E+00  1.60328E+00  1.60081E+00  1.60155E+00
  1.60106E+00  1.59965E+00  1.59677E+00  1.59680E+00  1.59321E+00  1.59433E+00
  1.59299E+00  1.59181E+00  1.58810E+00  1.58566E+00  1.58319E+00  1.57943E+00
  1.57768E+00  1.57411E+00  1.57285E+00  1.56964E+00  1.56450E+00  1.55949E+00
  1.55466E+00  1.54930E+00  1.54361E+00  1.53834E+00  1.53364E+00  1.52799E+00
  1.51794E+00  1.50819E+00  1.49822E+00  1.48834E+00  1.47773E+00  1.46747E+00
  1.45758E+00  1.44777E+00  1.42835E+00  1.40838E+00  1.38995E+00  1.37098E+00
  1.35261E+00  1.33449E+00  1.31656E+00  1.29946E+00  1.26529E+00  1.23150E+00
  1.19891E+00  1.16785E+00  1.13665E+00  1.10661E+00  1.07766E+00  1.04995E+00
  9.95922E-01  9.45404E-01  8.97565E-01  8.52293E-01  8.08380E-01  7.67155E-01
  7.27472E-01  6.90374E-01  6.20995E-01  5.58880E-01  5.03975E-01  4.55946E-01
  4.12815E-01  3.75122E-01  3.41481E-01  3.18653E-01  2.62809E-01  2.17374E-01
  1.79554E-01  1.48601E-01  1.24303E-01  1.03535E-01  8.64949E-02  7.34639E-02
  5.25385E-02  3.31411E-02  1.73883E-02  6.82150E-03  2.02011E-03  3.29063E-04
  4.19356E-03  7.42406E-03  1.06330E-02  1.75015E-02  2.26283E-02  1.77122E-02
  1.18364E-02  9.66346E-03  5.68813E-03 -4.72387E-04 -7.92023E-03 -1.46868E-02
 -1.03256E-02 -7.49890E-03 -8.03517E-03 -1.15417E-02 -1.78856E-03 -6.69859E-03
 -6.29468E-03 -9.02647E-03  5.52157E-03  1.01510E-02 -2.81066E-03
