AutoSaveFileName0072.ASC
 IFORMY    0    .00
 (6E13.7)
 IFORMT    0    .00
 (6E13.7)
 IFORMW    0    .00
 (6E13.7)
 NINTT     0   -1.00
 DOUSNQ    0    1.00
 IQUAD          1.00
 PRWT      0    1.00
 PRY       0    1.00
 IPLRES    1    3.00
 IPLRES    2    3.00
 IPRINT    1    0.00
 IPRINT    2    2.00
 IPLFIT    1    0.00
 IPLFIT    2    0.00
 LINEPG    0   50.
 NONNEG    1    1.00
 IWT       0    5.00
 NQPROG    1    5.00
 NQPROG    2    5.00
 GMNMX     1    6.204E-05
 GMNMX     2    6.204E-02
 RUSER    10    -1.00
 NG        0    200.00
 NLINF     0    0.00
 IUSER    10    4.00
 RUSER    21    1.0
 RUSER    22   -1.0
 RUSER    23    0.0
 RUSER    18         291.86328
 RUSER    17         38.99900
 RUSER    19         1.03400
 RUSER    15         1.33200
 RUSER    16         632.80000
 RUSER    25         1
 RUSER    26         0
 END       0    0.00
 NY      131
  3.75000E-07  5.00000E-07  6.25000E-07  7.50000E-07  8.75000E-07  1.00000E-06
  1.12500E-06  1.25000E-06  1.37500E-06  1.50000E-06  1.62500E-06  1.75000E-06
  1.87500E-06  2.00000E-06  2.25000E-06  2.50000E-06  2.75000E-06  3.00000E-06
  3.25000E-06  3.50000E-06  3.75000E-06  4.00000E-06  4.50000E-06  5.00000E-06
  5.50000E-06  6.00000E-06  6.50000E-06  7.00000E-06  7.50000E-06  8.00000E-06
  9.00000E-06  1.00000E-05  1.10000E-05  1.20000E-05  1.30000E-05  1.40000E-05
  1.50000E-05  1.60000E-05  1.80000E-05  2.00000E-05  2.20000E-05  2.40000E-05
  2.60000E-05  2.80000E-05  3.00000E-05  3.20000E-05  3.60000E-05  4.00000E-05
  4.40000E-05  4.80000E-05  5.20000E-05  5.60000E-05  6.00000E-05  6.40000E-05
  7.20000E-05  8.00000E-05  8.80000E-05  9.60000E-05  1.04000E-04  1.12000E-04
  1.20000E-04  1.28000E-04  1.44000E-04  1.60000E-04  1.76000E-04  1.92000E-04
  2.08000E-04  2.24000E-04  2.40000E-04  2.56000E-04  2.88000E-04  3.20000E-04
  3.52000E-04  3.84000E-04  4.16000E-04  4.48000E-04  4.80000E-04  5.12000E-04
  5.76000E-04  6.40000E-04  7.04000E-04  7.68000E-04  8.32000E-04  8.96000E-04
  9.60000E-04  1.02400E-03  1.15200E-03  1.28000E-03  1.40800E-03  1.53600E-03
  1.66400E-03  1.79200E-03  1.92000E-03  2.01600E-03  2.27200E-03  2.52800E-03
  2.78400E-03  3.04000E-03  3.29600E-03  3.55200E-03  3.80800E-03  4.06400E-03
  4.57600E-03  5.08800E-03  5.60000E-03  6.11200E-03  6.62400E-03  7.13600E-03
  7.64800E-03  8.16000E-03  9.18400E-03  1.02080E-02  1.12320E-02  1.22560E-02
  1.32800E-02  1.43040E-02  1.53280E-02  1.63520E-02  1.84000E-02  2.04480E-02
  2.24960E-02  2.45440E-02  2.65920E-02  2.86400E-02  3.06880E-02  3.27360E-02
  3.68320E-02  4.09280E-02  4.50240E-02  4.91200E-02  5.32160E-02
  8.13893E-01  8.11630E-01  8.10537E-01  8.07217E-01  8.08450E-01  8.06684E-01
  8.09275E-01  8.13615E-01  8.08738E-01  8.07181E-01  8.10694E-01  8.10704E-01
  8.07427E-01  8.07664E-01  8.08444E-01  8.05544E-01  8.08185E-01  8.09059E-01
  8.08159E-01  8.07690E-01  8.05647E-01  8.05751E-01  8.06231E-01  8.08413E-01
  8.09671E-01  8.07552E-01  8.08311E-01  8.06356E-01  8.08729E-01  8.07955E-01
  8.05872E-01  8.06713E-01  8.08005E-01  8.06671E-01  8.07661E-01  8.07493E-01
  8.05797E-01  8.07132E-01  8.06199E-01  8.06516E-01  8.06672E-01  8.06023E-01
  8.05705E-01  8.06265E-01  8.04492E-01  8.04467E-01  8.04707E-01  8.04770E-01
  8.04328E-01  8.03208E-01  8.03014E-01  8.02630E-01  8.01742E-01  8.01516E-01
  8.00694E-01  8.00256E-01  7.99109E-01  7.98547E-01  7.97961E-01  7.96913E-01
  7.95907E-01  7.95136E-01  7.93277E-01  7.92242E-01  7.90798E-01  7.88989E-01
  7.87712E-01  7.85740E-01  7.84303E-01  7.82741E-01  7.79731E-01  7.76272E-01
  7.73494E-01  7.70554E-01  7.67207E-01  7.64422E-01  7.61174E-01  7.58279E-01
  7.52165E-01  7.46333E-01  7.40462E-01  7.34790E-01  7.29185E-01  7.23382E-01
  7.17900E-01  7.11991E-01  7.00723E-01  6.89875E-01  6.79149E-01  6.68594E-01
  6.58065E-01  6.47915E-01  6.37789E-01  6.31548E-01  6.12077E-01  5.93731E-01
  5.75717E-01  5.58312E-01  5.41296E-01  5.24827E-01  5.09113E-01  4.93915E-01
  4.64850E-01  4.37088E-01  4.11228E-01  3.86539E-01  3.63728E-01  3.42214E-01
  3.22368E-01  3.04023E-01  2.68981E-01  2.37746E-01  2.10350E-01  1.85059E-01
  1.62339E-01  1.43513E-01  1.28506E-01  1.14813E-01  8.92802E-02  6.74319E-02
  5.16534E-02  3.76182E-02  2.92177E-02  2.18675E-02  1.53970E-02  7.51107E-03
  1.02524E-03 -3.75781E-03 -6.73980E-03 -1.45903E-02 -2.28465E-02
