AutoSaveFileName0094.ASC
 IFORMY    0    .00
 (6E13.7)
 IFORMT    0    .00
 (6E13.7)
 IFORMW    0    .00
 (6E13.7)
 NINTT     0   -1.00
 DOUSNQ    0    1.00
 IQUAD     0    1.00
 PRWT      0    1.00
 PRY       0    1.00
 IPLRES    1    3.00
 IPLRES    2    3.00
 IPRINT    1    0.00
 IPRINT    2    2.00
 IPLFIT    1    0.00
 IPLFIT    2    0.00
 LINEPG    0   50.
 NONNEG    1    1.00
 IWT       0    5.00
 NQPROG    1    5.00
 NQPROG    2    5.00
 GMNMX     1    1.07550E-02
 GMNMX     2    3.86078E-03
 RUSER    10    -1.00
 NG        0    500.00
 NLINF     0    1.00
 IUSER    10    4.00
 RUSER    21    1.0
 RUSER    22   -1.0
 RUSER    23    0.0
 RUSER    18         291.95988
 RUSER    17         59.99900
 RUSER    19         1.03152
 RUSER    15         1.33200
 RUSER    16         632.80000
 RUSER    25         1
 RUSER    26         0
 END       0    0.00
 NY      162
  7.50000E-07  8.75000E-07  1.00000E-06  1.12500E-06  1.25000E-06  1.37500E-06
  1.50000E-06  1.62500E-06  1.75000E-06  1.87500E-06  2.00000E-06  2.25000E-06
  2.50000E-06  2.75000E-06  3.00000E-06  3.25000E-06  3.50000E-06  3.75000E-06
  4.00000E-06  4.50000E-06  5.00000E-06  5.50000E-06  6.00000E-06  6.50000E-06
  7.00000E-06  7.50000E-06  8.00000E-06  9.00000E-06  1.00000E-05  1.10000E-05
  1.20000E-05  1.30000E-05  1.40000E-05  1.50000E-05  1.60000E-05  1.80000E-05
  2.00000E-05  2.20000E-05  2.40000E-05  2.60000E-05  2.80000E-05  3.00000E-05
  3.20000E-05  3.60000E-05  4.00000E-05  4.40000E-05  4.80000E-05  5.20000E-05
  5.60000E-05  6.00000E-05  6.40000E-05  7.20000E-05  8.00000E-05  8.80000E-05
  9.60000E-05  1.04000E-04  1.12000E-04  1.20000E-04  1.28000E-04  1.44000E-04
  1.60000E-04  1.76000E-04  1.92000E-04  2.08000E-04  2.24000E-04  2.40000E-04
  2.56000E-04  2.88000E-04  3.20000E-04  3.52000E-04  3.84000E-04  4.16000E-04
  4.48000E-04  4.80000E-04  5.12000E-04  5.76000E-04  6.40000E-04  7.04000E-04
  7.68000E-04  8.32000E-04  8.96000E-04  9.60000E-04  1.02400E-03  1.15200E-03
  1.28000E-03  1.40800E-03  1.53600E-03  1.66400E-03  1.79200E-03  1.92000E-03
  2.01600E-03  2.27200E-03  2.52800E-03  2.78400E-03  3.04000E-03  3.29600E-03
  3.55200E-03  3.80800E-03  4.06400E-03  4.57600E-03  5.08800E-03  5.60000E-03
  6.11200E-03  6.62400E-03  7.13600E-03  7.64800E-03  8.16000E-03  9.18400E-03
  1.02080E-02  1.12320E-02  1.22560E-02  1.32800E-02  1.43040E-02  1.53280E-02
  1.63520E-02  1.84000E-02  2.04480E-02  2.24960E-02  2.45440E-02  2.65920E-02
  2.86400E-02  3.06880E-02  3.27360E-02  3.68320E-02  4.09280E-02  4.50240E-02
  4.91200E-02  5.32160E-02  5.73120E-02  6.14080E-02  6.55040E-02  7.36960E-02
  8.18880E-02  9.00800E-02  9.82720E-02  1.06464E-01  1.14656E-01  1.22848E-01
  1.31040E-01  1.47424E-01  1.63808E-01  1.80192E-01  1.96576E-01  2.12960E-01
  2.29344E-01  2.45728E-01  2.62112E-01  2.94880E-01  3.27648E-01  3.60416E-01
  3.93184E-01  4.25952E-01  4.58720E-01  4.91488E-01  5.24256E-01  5.89792E-01
  6.55328E-01  7.20864E-01  7.86400E-01  8.51936E-01  9.17472E-01  9.83008E-01
  1.00000E+00  9.97268E-01  9.94676E-01  9.98104E-01  9.96797E-01  9.96378E-01
  9.94084E-01  9.94139E-01  9.96481E-01  9.97857E-01  9.95463E-01  9.93428E-01
  9.92954E-01  9.93957E-01  9.91965E-01  9.91913E-01  9.92521E-01  9.90989E-01
  9.90527E-01  9.89571E-01  9.87453E-01  9.88006E-01  9.88207E-01  9.86916E-01
  9.86356E-01  9.84711E-01  9.83797E-01  9.82865E-01  9.81297E-01  9.80948E-01
  9.78044E-01  9.77158E-01  9.75204E-01  9.73270E-01  9.72250E-01  9.68479E-01
  9.64883E-01  9.61558E-01  9.58632E-01  9.55444E-01  9.53207E-01  9.49679E-01
  9.46099E-01  9.40483E-01  9.34423E-01  9.27821E-01  9.21673E-01  9.15920E-01
  9.09932E-01  9.03911E-01  8.98084E-01  8.86089E-01  8.74815E-01  8.63254E-01
  8.52167E-01  8.41650E-01  8.30328E-01  8.19567E-01  8.08975E-01  7.88319E-01
  7.68130E-01  7.48307E-01  7.29164E-01  7.10751E-01  6.92347E-01  6.74574E-01
  6.57465E-01  6.24652E-01  5.93277E-01  5.63756E-01  5.35606E-01  5.08900E-01
  4.83606E-01  4.59742E-01  4.37355E-01  3.95360E-01  3.57318E-01  3.23097E-01
  2.92297E-01  2.64020E-01  2.38797E-01  2.16159E-01  1.96391E-01  1.60992E-01
  1.32081E-01  1.08912E-01  9.01876E-02  7.46947E-02  6.20465E-02  5.15436E-02
  4.54413E-02  3.23865E-02  2.32255E-02  1.72552E-02  1.29392E-02  9.92686E-03
  7.85126E-03  6.41818E-03  5.93490E-03  4.65854E-03  3.39173E-03  7.79217E-04
 -2.73855E-03 -2.10807E-03  4.89084E-04  3.11024E-03  1.86229E-03 -1.30054E-04
  5.87704E-04  6.79836E-04  2.47226E-03  4.28222E-03  3.12010E-03  4.35227E-04
  4.78409E-04 -2.28434E-03 -3.93964E-03  1.17482E-04  2.01635E-03  7.56126E-04
 -5.17883E-03 -2.96934E-03 -2.75833E-03  3.24687E-04 -4.05042E-04 -3.87838E-03
 -1.42574E-04  9.43119E-04  1.30016E-03 -6.08777E-04 -1.35198E-03 -1.11519E-04
  1.88217E-03  5.55506E-04 -7.06683E-04  1.42151E-03 -1.83186E-03  8.28047E-04
  5.39638E-04  1.15961E-03  6.79592E-04  9.57498E-05  6.96020E-04  1.58120E-03
 -1.28464E-03 -6.74047E-05  7.42796E-04 -1.07721E-03  1.43872E-04  7.45683E-04
  2.04487E-04 -2.04439E-04 -8.05782E-04  4.95539E-05 -7.56202E-04 -1.36091E-04
 -5.42257E-04  1.16701E-04  8.97507E-05 -2.04968E-04 -1.16394E-03 -1.03158E-03
