AutoSaveFileName0131.ASC
 IFORMY    0    .00
 (6E13.7)
 IFORMT    0    .00
 (6E13.7)
 IFORMW    0    .00
 (6E13.7)
 NINTT     0   -1.00
 DOUSNQ    0    1.00
 IQUAD          1.00
 PRWT      0    1.00
 PRY       0    1.00
 IPLRES    1    3.00
 IPLRES    2    3.00
 IPRINT    1    0.00
 IPRINT    2    2.00
 IPLFIT    1    0.00
 IPLFIT    2    0.00
 LINEPG    0   50.
 NONNEG    1    1.00
 IWT       0    5.00
 NQPROG    1    5.00
 NQPROG    2    5.00
 GMNMX     1    2.936E-05
 GMNMX     2    2.936E-02
 RUSER    10    -1.00
 NG        0    200.00
 NLINF     0    0.00
 IUSER    10    4.00
 RUSER    21    1.0
 RUSER    22   -1.0
 RUSER    23    0.0
 RUSER    18         291.93116
 RUSER    17         57.99900
 RUSER    19         1.03226
 RUSER    15         1.33200
 RUSER    16         632.80000
 RUSER    25         1
 RUSER    26         0
 END       0    0.00
 NY      131
  3.75000E-07  5.00000E-07  6.25000E-07  7.50000E-07  8.75000E-07  1.00000E-06
  1.12500E-06  1.25000E-06  1.37500E-06  1.50000E-06  1.62500E-06  1.75000E-06
  1.87500E-06  2.00000E-06  2.25000E-06  2.50000E-06  2.75000E-06  3.00000E-06
  3.25000E-06  3.50000E-06  3.75000E-06  4.00000E-06  4.50000E-06  5.00000E-06
  5.50000E-06  6.00000E-06  6.50000E-06  7.00000E-06  7.50000E-06  8.00000E-06
  9.00000E-06  1.00000E-05  1.10000E-05  1.20000E-05  1.30000E-05  1.40000E-05
  1.50000E-05  1.60000E-05  1.80000E-05  2.00000E-05  2.20000E-05  2.40000E-05
  2.60000E-05  2.80000E-05  3.00000E-05  3.20000E-05  3.60000E-05  4.00000E-05
  4.40000E-05  4.80000E-05  5.20000E-05  5.60000E-05  6.00000E-05  6.40000E-05
  7.20000E-05  8.00000E-05  8.80000E-05  9.60000E-05  1.04000E-04  1.12000E-04
  1.20000E-04  1.28000E-04  1.44000E-04  1.60000E-04  1.76000E-04  1.92000E-04
  2.08000E-04  2.24000E-04  2.40000E-04  2.56000E-04  2.88000E-04  3.20000E-04
  3.52000E-04  3.84000E-04  4.16000E-04  4.48000E-04  4.80000E-04  5.12000E-04
  5.76000E-04  6.40000E-04  7.04000E-04  7.68000E-04  8.32000E-04  8.96000E-04
  9.60000E-04  1.02400E-03  1.15200E-03  1.28000E-03  1.40800E-03  1.53600E-03
  1.66400E-03  1.79200E-03  1.92000E-03  2.01600E-03  2.27200E-03  2.52800E-03
  2.78400E-03  3.04000E-03  3.29600E-03  3.55200E-03  3.80800E-03  4.06400E-03
  4.57600E-03  5.08800E-03  5.60000E-03  6.11200E-03  6.62400E-03  7.13600E-03
  7.64800E-03  8.16000E-03  9.18400E-03  1.02080E-02  1.12320E-02  1.22560E-02
  1.32800E-02  1.43040E-02  1.53280E-02  1.63520E-02  1.84000E-02  2.04480E-02
  2.24960E-02  2.45440E-02  2.65920E-02  2.86400E-02  3.06880E-02  3.27360E-02
  3.68320E-02  4.09280E-02  4.50240E-02  4.91200E-02  5.32160E-02
  2.46899E+00  2.46111E+00  2.46349E+00  2.45907E+00  2.44820E+00  2.45570E+00
  2.46470E+00  2.45913E+00  2.45249E+00  2.44799E+00  2.45547E+00  2.44834E+00
  2.44656E+00  2.45389E+00  2.45104E+00  2.45127E+00  2.45171E+00  2.44774E+00
  2.44947E+00  2.45273E+00  2.45147E+00  2.45010E+00  2.44800E+00  2.45141E+00
  2.45312E+00  2.44913E+00  2.45231E+00  2.44967E+00  2.45179E+00  2.44982E+00
  2.44816E+00  2.44666E+00  2.44857E+00  2.44483E+00  2.44921E+00  2.44480E+00
  2.44209E+00  2.44322E+00  2.44293E+00  2.44151E+00  2.43976E+00  2.43996E+00
  2.43813E+00  2.43827E+00  2.43557E+00  2.43377E+00  2.43314E+00  2.43147E+00
  2.42770E+00  2.42606E+00  2.42529E+00  2.42243E+00  2.41818E+00  2.41643E+00
  2.41232E+00  2.40671E+00  2.40181E+00  2.39738E+00  2.39346E+00  2.38885E+00
  2.38482E+00  2.38057E+00  2.37155E+00  2.36271E+00  2.35331E+00  2.34441E+00
  2.33546E+00  2.32679E+00  2.31665E+00  2.31032E+00  2.29258E+00  2.27557E+00
  2.25878E+00  2.24151E+00  2.22446E+00  2.20739E+00  2.19128E+00  2.17522E+00
  2.14165E+00  2.10913E+00  2.07701E+00  2.04596E+00  2.01486E+00  1.98423E+00
  1.95517E+00  1.91766E+00  1.86051E+00  1.80606E+00  1.75239E+00  1.70132E+00
  1.65242E+00  1.60476E+00  1.55882E+00  1.53551E+00  1.45039E+00  1.37035E+00
  1.29559E+00  1.22466E+00  1.15697E+00  1.09376E+00  1.03472E+00  9.79543E-01
  8.76362E-01  7.83675E-01  7.02126E-01  6.30384E-01  5.65677E-01  5.06589E-01
  4.53462E-01  4.07878E-01  3.25640E-01  2.59189E-01  2.06595E-01  1.65143E-01
  1.32166E-01  1.07366E-01  8.65092E-02  7.62601E-02  5.68304E-02  4.56021E-02
  5.05741E-02  5.37391E-02  4.79809E-02  2.94173E-02  1.57474E-02  1.03300E-02
  4.39815E-03 -6.27551E-03 -8.17360E-03 -1.07386E-02 -9.38195E-03
