AutoSaveFileName0100.ASC
 IFORMY    0    .00
 (6E13.7)
 IFORMT    0    .00
 (6E13.7)
 IFORMW    0    .00
 (6E13.7)
 NINTT     0   -1.00
 DOUSNQ    0    1.00
 IQUAD     0    1.00
 PRWT      0    1.00
 PRY       0    1.00
 IPLRES    1    3.00
 IPLRES    2    3.00
 IPRINT    1    0.00
 IPRINT    2    2.00
 IPLFIT    1    0.00
 IPLFIT    2    0.00
 LINEPG    0   50.
 NONNEG    1    1.00
 IWT       0    5.00
 NQPROG    1    5.00
 NQPROG    2    5.00
 GMNMX     1    9.31246E-03
 GMNMX     2    3.34293E-03
 RUSER    10    -1.00
 NG        0    500.00
 NLINF     0    1.00
 IUSER    10    4.00
 RUSER    21    1.0
 RUSER    22   -1.0
 RUSER    23    0.0
 RUSER    18         291.96428
 RUSER    17         64.99900
 RUSER    19         1.03141
 RUSER    15         1.33200
 RUSER    16         632.80000
 RUSER    25         1
 RUSER    26         0
 END       0    0.00
 NY      162
  7.50000E-07  8.75000E-07  1.00000E-06  1.12500E-06  1.25000E-06  1.37500E-06
  1.50000E-06  1.62500E-06  1.75000E-06  1.87500E-06  2.00000E-06  2.25000E-06
  2.50000E-06  2.75000E-06  3.00000E-06  3.25000E-06  3.50000E-06  3.75000E-06
  4.00000E-06  4.50000E-06  5.00000E-06  5.50000E-06  6.00000E-06  6.50000E-06
  7.00000E-06  7.50000E-06  8.00000E-06  9.00000E-06  1.00000E-05  1.10000E-05
  1.20000E-05  1.30000E-05  1.40000E-05  1.50000E-05  1.60000E-05  1.80000E-05
  2.00000E-05  2.20000E-05  2.40000E-05  2.60000E-05  2.80000E-05  3.00000E-05
  3.20000E-05  3.60000E-05  4.00000E-05  4.40000E-05  4.80000E-05  5.20000E-05
  5.60000E-05  6.00000E-05  6.40000E-05  7.20000E-05  8.00000E-05  8.80000E-05
  9.60000E-05  1.04000E-04  1.12000E-04  1.20000E-04  1.28000E-04  1.44000E-04
  1.60000E-04  1.76000E-04  1.92000E-04  2.08000E-04  2.24000E-04  2.40000E-04
  2.56000E-04  2.88000E-04  3.20000E-04  3.52000E-04  3.84000E-04  4.16000E-04
  4.48000E-04  4.80000E-04  5.12000E-04  5.76000E-04  6.40000E-04  7.04000E-04
  7.68000E-04  8.32000E-04  8.96000E-04  9.60000E-04  1.02400E-03  1.15200E-03
  1.28000E-03  1.40800E-03  1.53600E-03  1.66400E-03  1.79200E-03  1.92000E-03
  2.01600E-03  2.27200E-03  2.52800E-03  2.78400E-03  3.04000E-03  3.29600E-03
  3.55200E-03  3.80800E-03  4.06400E-03  4.57600E-03  5.08800E-03  5.60000E-03
  6.11200E-03  6.62400E-03  7.13600E-03  7.64800E-03  8.16000E-03  9.18400E-03
  1.02080E-02  1.12320E-02  1.22560E-02  1.32800E-02  1.43040E-02  1.53280E-02
  1.63520E-02  1.84000E-02  2.04480E-02  2.24960E-02  2.45440E-02  2.65920E-02
  2.86400E-02  3.06880E-02  3.27360E-02  3.68320E-02  4.09280E-02  4.50240E-02
  4.91200E-02  5.32160E-02  5.73120E-02  6.14080E-02  6.55040E-02  7.36960E-02
  8.18880E-02  9.00800E-02  9.82720E-02  1.06464E-01  1.14656E-01  1.22848E-01
  1.31040E-01  1.47424E-01  1.63808E-01  1.80192E-01  1.96576E-01  2.12960E-01
  2.29344E-01  2.45728E-01  2.62112E-01  2.94880E-01  3.27648E-01  3.60416E-01
  3.93184E-01  4.25952E-01  4.58720E-01  4.91488E-01  5.24256E-01  5.89792E-01
  6.55328E-01  7.20864E-01  7.86400E-01  8.51936E-01  9.17472E-01  9.83008E-01
  9.96473E-01  1.00000E+00  9.97862E-01  9.95610E-01  9.91784E-01  9.96160E-01
  9.95036E-01  9.91593E-01  9.95136E-01  9.93250E-01  9.91011E-01  9.97483E-01
  9.95062E-01  9.93882E-01  9.96712E-01  9.90817E-01  9.91133E-01  9.84142E-01
  9.91259E-01  9.88513E-01  9.86384E-01  9.85287E-01  9.86325E-01  9.83405E-01
  9.86206E-01  9.86247E-01  9.83675E-01  9.81882E-01  9.80749E-01  9.78956E-01
  9.74699E-01  9.74975E-01  9.71160E-01  9.67353E-01  9.67852E-01  9.62996E-01
  9.59879E-01  9.56321E-01  9.52856E-01  9.48291E-01  9.46108E-01  9.40545E-01
  9.37337E-01  9.30665E-01  9.23483E-01  9.17768E-01  9.09809E-01  9.02523E-01
  8.96446E-01  8.89680E-01  8.82450E-01  8.68576E-01  8.56720E-01  8.44297E-01
  8.30993E-01  8.18844E-01  8.06111E-01  7.94476E-01  7.83570E-01  7.59961E-01
  7.37611E-01  7.15823E-01  6.94461E-01  6.74950E-01  6.54926E-01  6.36576E-01
  6.18074E-01  5.82546E-01  5.49273E-01  5.18481E-01  4.89318E-01  4.61469E-01
  4.35416E-01  4.11099E-01  3.88184E-01  3.45606E-01  3.07982E-01  2.74495E-01
  2.44435E-01  2.18041E-01  1.94381E-01  1.73599E-01  1.55042E-01  1.23184E-01
  9.95826E-02  8.06639E-02  6.43079E-02  5.13304E-02  4.10814E-02  3.19542E-02
  2.66470E-02  1.39213E-02  5.38252E-03 -6.65030E-04 -2.93460E-03 -4.90725E-03
 -4.60906E-03 -8.80893E-04 -4.18191E-04  1.55329E-03 -7.53455E-04  2.22265E-03
  2.71130E-03  1.28756E-03 -2.96182E-03 -6.28104E-03 -4.18708E-03 -6.32376E-04
  1.13034E-03  3.21691E-03  3.10019E-03 -6.54790E-04  4.89233E-04  1.67178E-03
  3.61670E-03  7.98584E-04 -9.97449E-04  7.95122E-03  2.28936E-03  3.89707E-03
  6.59337E-03 -9.11384E-04  1.51062E-04  4.79764E-03 -4.27219E-03 -2.25345E-03
 -4.05498E-03 -5.35692E-04 -6.43414E-04  5.31224E-03  6.85200E-03 -4.95321E-04
  1.24387E-03 -2.48079E-03 -1.16132E-04 -4.98142E-03  3.10548E-03  1.00636E-03
 -2.08307E-03 -2.17842E-03 -5.05153E-04 -3.30795E-03  1.93889E-03  2.76576E-04
  6.50056E-04  1.40675E-03  1.84054E-03  7.68809E-04  4.57988E-04  7.22154E-04
 -2.68407E-03 -1.16216E-03 -1.04010E-03  1.86867E-04 -2.28221E-03  1.10385E-04
  2.62421E-04 -1.43526E-03  1.59068E-04  8.45210E-04  1.13543E-03  1.58261E-03
