AutoSaveFileName0252.ASC
 IFORMY    0    .00
 (6E13.7)
 IFORMT    0    .00
 (6E13.7)
 IFORMW    0    .00
 (6E13.7)
 NINTT     0   -1.00
 DOUSNQ    0    1.00
 IQUAD     0    1.00
 PRWT      0    1.00
 PRY       0    1.00
 IPLRES    1    3.00
 IPLRES    2    3.00
 IPRINT    1    0.00
 IPRINT    2    2.00
 IPLFIT    1    0.00
 IPLFIT    2    0.00
 LINEPG    0   50.
 NONNEG    1    1.00
 IWT       0    5.00
 NQPROG    1    5.00
 NQPROG    2    5.00
 GMNMX     1    3.03006E-03
 GMNMX     2    1.08771E-03
 RUSER    10    -1.00
 NG        0    500.00
 NLINF     0    1.00
 IUSER    10    4.00
 RUSER    21    1.0
 RUSER    22   -1.0
 RUSER    23    0.0
 RUSER    18         292.13287
 RUSER    17         139.99900
 RUSER    19         1.02711
 RUSER    15         1.33200
 RUSER    16         632.80000
 RUSER    25         1
 RUSER    26         0
 END       0    0.00
 NY      162
  7.50000E-07  8.75000E-07  1.00000E-06  1.12500E-06  1.25000E-06  1.37500E-06
  1.50000E-06  1.62500E-06  1.75000E-06  1.87500E-06  2.00000E-06  2.25000E-06
  2.50000E-06  2.75000E-06  3.00000E-06  3.25000E-06  3.50000E-06  3.75000E-06
  4.00000E-06  4.50000E-06  5.00000E-06  5.50000E-06  6.00000E-06  6.50000E-06
  7.00000E-06  7.50000E-06  8.00000E-06  9.00000E-06  1.00000E-05  1.10000E-05
  1.20000E-05  1.30000E-05  1.40000E-05  1.50000E-05  1.60000E-05  1.80000E-05
  2.00000E-05  2.20000E-05  2.40000E-05  2.60000E-05  2.80000E-05  3.00000E-05
  3.20000E-05  3.60000E-05  4.00000E-05  4.40000E-05  4.80000E-05  5.20000E-05
  5.60000E-05  6.00000E-05  6.40000E-05  7.20000E-05  8.00000E-05  8.80000E-05
  9.60000E-05  1.04000E-04  1.12000E-04  1.20000E-04  1.28000E-04  1.44000E-04
  1.60000E-04  1.76000E-04  1.92000E-04  2.08000E-04  2.24000E-04  2.40000E-04
  2.56000E-04  2.88000E-04  3.20000E-04  3.52000E-04  3.84000E-04  4.16000E-04
  4.48000E-04  4.80000E-04  5.12000E-04  5.76000E-04  6.40000E-04  7.04000E-04
  7.68000E-04  8.32000E-04  8.96000E-04  9.60000E-04  1.02400E-03  1.15200E-03
  1.28000E-03  1.40800E-03  1.53600E-03  1.66400E-03  1.79200E-03  1.92000E-03
  2.01600E-03  2.27200E-03  2.52800E-03  2.78400E-03  3.04000E-03  3.29600E-03
  3.55200E-03  3.80800E-03  4.06400E-03  4.57600E-03  5.08800E-03  5.60000E-03
  6.11200E-03  6.62400E-03  7.13600E-03  7.64800E-03  8.16000E-03  9.18400E-03
  1.02080E-02  1.12320E-02  1.22560E-02  1.32800E-02  1.43040E-02  1.53280E-02
  1.63520E-02  1.84000E-02  2.04480E-02  2.24960E-02  2.45440E-02  2.65920E-02
  2.86400E-02  3.06880E-02  3.27360E-02  3.68320E-02  4.09280E-02  4.50240E-02
  4.91200E-02  5.32160E-02  5.73120E-02  6.14080E-02  6.55040E-02  7.36960E-02
  8.18880E-02  9.00800E-02  9.82720E-02  1.06464E-01  1.14656E-01  1.22848E-01
  1.31040E-01  1.47424E-01  1.63808E-01  1.80192E-01  1.96576E-01  2.12960E-01
  2.29344E-01  2.45728E-01  2.62112E-01  2.94880E-01  3.27648E-01  3.60416E-01
  3.93184E-01  4.25952E-01  4.58720E-01  4.91488E-01  5.24256E-01  5.89792E-01
  6.55328E-01  7.20864E-01  7.86400E-01  8.51936E-01  9.17472E-01  9.83008E-01
  9.98958E-01  1.00000E+00  9.94377E-01  9.95188E-01  9.93399E-01  9.88966E-01
  9.89405E-01  9.91897E-01  9.87568E-01  9.86502E-01  9.86230E-01  9.88020E-01
  9.82389E-01  9.83643E-01  9.80033E-01  9.78591E-01  9.77265E-01  9.80636E-01
  9.77684E-01  9.72365E-01  9.67277E-01  9.68979E-01  9.63264E-01  9.62689E-01
  9.59917E-01  9.55545E-01  9.52194E-01  9.47362E-01  9.41304E-01  9.35853E-01
  9.31344E-01  9.24815E-01  9.20062E-01  9.13944E-01  9.07870E-01  8.97531E-01
  8.85543E-01  8.76825E-01  8.64877E-01  8.55108E-01  8.44618E-01  8.34873E-01
  8.24822E-01  8.06049E-01  7.86201E-01  7.67479E-01  7.50056E-01  7.31993E-01
  7.14446E-01  6.97917E-01  6.81396E-01  6.49556E-01  6.19122E-01  5.89758E-01
  5.62167E-01  5.35227E-01  5.10603E-01  4.87041E-01  4.64426E-01  4.21808E-01
  3.83215E-01  3.48360E-01  3.17051E-01  2.88173E-01  2.62343E-01  2.38728E-01
  2.17863E-01  1.80617E-01  1.49818E-01  1.24528E-01  1.03693E-01  8.64992E-02
  7.18731E-02  6.01642E-02  5.10647E-02  3.62631E-02  2.65311E-02  1.91301E-02
  1.41879E-02  1.11371E-02  9.29679E-03  7.57699E-03  5.83795E-03  3.41791E-03
  2.04615E-03  1.18907E-03  1.14112E-03  1.36879E-03 -1.63969E-05 -1.90351E-03
 -1.88681E-03 -8.58970E-04 -1.35897E-03 -2.39059E-03 -1.09413E-03  1.95169E-04
  4.10630E-04 -1.06943E-03  2.18654E-03  1.81893E-03  3.44020E-03  1.69231E-03
  2.29949E-03  2.83139E-03 -1.00986E-03 -2.56646E-04 -7.74324E-04  5.83360E-04
  1.24307E-03 -1.07851E-03  1.99379E-04  1.52139E-03 -9.65548E-04 -4.33237E-04
 -1.77346E-04 -1.20350E-04 -6.75526E-04  3.68053E-04  7.15624E-05  1.30757E-04
  7.98101E-04  1.00585E-03  2.34844E-04  7.81197E-04 -8.29874E-04 -5.69822E-04
 -1.15887E-04 -2.37558E-04  2.62007E-04  3.87106E-04  7.70622E-05 -4.24379E-04
 -6.35435E-04  2.72655E-04  9.49610E-04  2.53061E-04  7.59824E-04  5.80772E-04
  7.83553E-04  6.16582E-04  7.60399E-04 -4.99345E-05  3.06688E-04  3.61198E-04
  3.82312E-05  4.15861E-04  1.77947E-04 -2.46024E-04  2.19987E-04  6.72203E-04
 -3.38635E-05  1.37011E-04 -4.36000E-04  1.05735E-04  3.34355E-04 -1.47192E-04
  1.01424E-04  1.53691E-05  2.18898E-04  1.73651E-04  3.55190E-05  1.45679E-04
