AutoSaveFileName0018.ASC
 IFORMY    0    .00
 (6E13.7)
 IFORMT    0    .00
 (6E13.7)
 IFORMW    0    .00
 (6E13.7)
 NINTT     0   -1.00
 DOUSNQ    0    1.00
 IQUAD     0    1.00
 PRWT      0    1.00
 PRY       0    1.00
 IPLRES    1    3.00
 IPLRES    2    3.00
 IPRINT    1    0.00
 IPRINT    2    2.00
 IPLFIT    1    0.00
 IPLFIT    2    0.00
 LINEPG    0   50.
 NONNEG    1    1.00
 IWT       0    5.00
 NQPROG    1    5.00
 NQPROG    2    5.00
 GMNMX     1    8.93290E-02
 GMNMX     2    3.20668E-02
 RUSER    10    -1.00
 NG        0    500.00
 NLINF     0    1.00
 IUSER    10    4.00
 RUSER    21    1.0
 RUSER    22   -1.0
 RUSER    23    0.0
 RUSER    18         291.90204
 RUSER    17         19.99800
 RUSER    19         1.03300
 RUSER    15         1.33200
 RUSER    16         632.80000
 RUSER    25         1
 RUSER    26         0
 END       0    0.00
 NY      162
  7.50000E-07  8.75000E-07  1.00000E-06  1.12500E-06  1.25000E-06  1.37500E-06
  1.50000E-06  1.62500E-06  1.75000E-06  1.87500E-06  2.00000E-06  2.25000E-06
  2.50000E-06  2.75000E-06  3.00000E-06  3.25000E-06  3.50000E-06  3.75000E-06
  4.00000E-06  4.50000E-06  5.00000E-06  5.50000E-06  6.00000E-06  6.50000E-06
  7.00000E-06  7.50000E-06  8.00000E-06  9.00000E-06  1.00000E-05  1.10000E-05
  1.20000E-05  1.30000E-05  1.40000E-05  1.50000E-05  1.60000E-05  1.80000E-05
  2.00000E-05  2.20000E-05  2.40000E-05  2.60000E-05  2.80000E-05  3.00000E-05
  3.20000E-05  3.60000E-05  4.00000E-05  4.40000E-05  4.80000E-05  5.20000E-05
  5.60000E-05  6.00000E-05  6.40000E-05  7.20000E-05  8.00000E-05  8.80000E-05
  9.60000E-05  1.04000E-04  1.12000E-04  1.20000E-04  1.28000E-04  1.44000E-04
  1.60000E-04  1.76000E-04  1.92000E-04  2.08000E-04  2.24000E-04  2.40000E-04
  2.56000E-04  2.88000E-04  3.20000E-04  3.52000E-04  3.84000E-04  4.16000E-04
  4.48000E-04  4.80000E-04  5.12000E-04  5.76000E-04  6.40000E-04  7.04000E-04
  7.68000E-04  8.32000E-04  8.96000E-04  9.60000E-04  1.02400E-03  1.15200E-03
  1.28000E-03  1.40800E-03  1.53600E-03  1.66400E-03  1.79200E-03  1.92000E-03
  2.01600E-03  2.27200E-03  2.52800E-03  2.78400E-03  3.04000E-03  3.29600E-03
  3.55200E-03  3.80800E-03  4.06400E-03  4.57600E-03  5.08800E-03  5.60000E-03
  6.11200E-03  6.62400E-03  7.13600E-03  7.64800E-03  8.16000E-03  9.18400E-03
  1.02080E-02  1.12320E-02  1.22560E-02  1.32800E-02  1.43040E-02  1.53280E-02
  1.63520E-02  1.84000E-02  2.04480E-02  2.24960E-02  2.45440E-02  2.65920E-02
  2.86400E-02  3.06880E-02  3.27360E-02  3.68320E-02  4.09280E-02  4.50240E-02
  4.91200E-02  5.32160E-02  5.73120E-02  6.14080E-02  6.55040E-02  7.36960E-02
  8.18880E-02  9.00800E-02  9.82720E-02  1.06464E-01  1.14656E-01  1.22848E-01
  1.31040E-01  1.47424E-01  1.63808E-01  1.80192E-01  1.96576E-01  2.12960E-01
  2.29344E-01  2.45728E-01  2.62112E-01  2.94880E-01  3.27648E-01  3.60416E-01
  3.93184E-01  4.25952E-01  4.58720E-01  4.91488E-01  5.24256E-01  5.89792E-01
  6.55328E-01  7.20864E-01  7.86400E-01  8.51936E-01  9.17472E-01  9.83008E-01
  9.97577E-01  9.99045E-01  9.98305E-01  9.95344E-01  9.96413E-01  1.00000E+00
  9.96103E-01  9.96924E-01  9.97133E-01  9.95123E-01  9.94182E-01  9.94331E-01
  9.97119E-01  9.96418E-01  9.94631E-01  9.97151E-01  9.93824E-01  9.95453E-01
  9.96161E-01  9.94910E-01  9.95804E-01  9.94047E-01  9.95208E-01  9.93576E-01
  9.94613E-01  9.95266E-01  9.94395E-01  9.93375E-01  9.93757E-01  9.94197E-01
  9.93677E-01  9.93321E-01  9.93730E-01  9.93105E-01  9.92509E-01  9.92444E-01
  9.92405E-01  9.91370E-01  9.90713E-01  9.91334E-01  9.91346E-01  9.90647E-01
  9.90179E-01  9.89078E-01  9.88959E-01  9.88049E-01  9.87432E-01  9.86822E-01
  9.85723E-01  9.85286E-01  9.84712E-01  9.83187E-01  9.81583E-01  9.80506E-01
  9.79151E-01  9.77949E-01  9.76416E-01  9.75887E-01  9.74100E-01  9.71401E-01
  9.69039E-01  9.66331E-01  9.64299E-01  9.61454E-01  9.59259E-01  9.56645E-01
  9.54252E-01  9.49815E-01  9.44993E-01  9.40309E-01  9.35906E-01  9.31431E-01
  9.26648E-01  9.22478E-01  9.17995E-01  9.09499E-01  9.01040E-01  8.92747E-01
  8.84741E-01  8.76698E-01  8.68798E-01  8.60969E-01  8.30530E-01  8.15894E-01
  8.01487E-01  7.87324E-01  7.73449E-01  7.59722E-01  7.46268E-01  7.33453E-01
  7.43818E-01  7.18516E-01  6.94276E-01  6.71083E-01  6.48648E-01  6.26845E-01
  6.05989E-01  5.86165E-01  5.66859E-01  5.30086E-01  4.96147E-01  4.64816E-01
  4.35916E-01  4.09294E-01  3.84561E-01  3.61553E-01  3.40402E-01  3.02678E-01
  2.70577E-01  2.43060E-01  2.19386E-01  1.98739E-01  1.79811E-01  1.63124E-01
  1.49032E-01  1.22799E-01  1.02682E-01  8.84525E-02  7.80726E-02  7.01984E-02
  6.36070E-02  5.81652E-02  5.08652E-02  4.08131E-02  3.54488E-02  3.53998E-02
  3.54621E-02  3.46248E-02  3.64344E-02  3.61950E-02  3.12336E-02  2.74279E-02
  2.95898E-02  2.50189E-02  1.97683E-02  1.62398E-02  7.08768E-03  8.41099E-03
  1.36022E-02  1.73075E-02  1.49473E-02  7.53540E-03  6.43147E-03  1.11446E-03
  4.38824E-03  6.54847E-03  4.66848E-03  3.62059E-03  7.42489E-03  4.61546E-03
 -5.36123E-04  5.55695E-03 -2.26634E-03 -4.37351E-03 -4.70732E-03 -8.17154E-03
  1.03881E-02  2.29431E-03 -3.50963E-03 -4.49026E-03 -7.50736E-04  3.61559E-03
