AutoSaveFileName0393.ASC
 IFORMY    0    .00
 (6E13.7)
 IFORMT    0    .00
 (6E13.7)
 IFORMW    0    .00
 (6E13.7)
 NINTT     0   -1.00
 DOUSNQ    0    1.00
 IQUAD          1.00
 PRWT      0    1.00
 PRY       0    1.00
 IPLRES    1    3.00
 IPLRES    2    3.00
 IPRINT    1    0.00
 IPRINT    2    2.00
 IPLFIT    1    0.00
 IPLFIT    2    0.00
 LINEPG    0   50.
 NONNEG    1    1.00
 IWT       0    5.00
 NQPROG    1    5.00
 NQPROG    2    5.00
 GMNMX     1    7.460E-06
 GMNMX     2    7.460E-03
 RUSER    10    -1.00
 NG        0    200.00
 NLINF     0    0.00
 IUSER    10    4.00
 RUSER    21    1.0
 RUSER    22   -1.0
 RUSER    23    0.0
 RUSER    18         292.33021
 RUSER    17         145.99900
 RUSER    19         1.02212
 RUSER    15         1.33200
 RUSER    16         632.80000
 RUSER    25         1
 RUSER    26         0
 END       0    0.00
 NY      131
  3.75000E-07  5.00000E-07  6.25000E-07  7.50000E-07  8.75000E-07  1.00000E-06
  1.12500E-06  1.25000E-06  1.37500E-06  1.50000E-06  1.62500E-06  1.75000E-06
  1.87500E-06  2.00000E-06  2.25000E-06  2.50000E-06  2.75000E-06  3.00000E-06
  3.25000E-06  3.50000E-06  3.75000E-06  4.00000E-06  4.50000E-06  5.00000E-06
  5.50000E-06  6.00000E-06  6.50000E-06  7.00000E-06  7.50000E-06  8.00000E-06
  9.00000E-06  1.00000E-05  1.10000E-05  1.20000E-05  1.30000E-05  1.40000E-05
  1.50000E-05  1.60000E-05  1.80000E-05  2.00000E-05  2.20000E-05  2.40000E-05
  2.60000E-05  2.80000E-05  3.00000E-05  3.20000E-05  3.60000E-05  4.00000E-05
  4.40000E-05  4.80000E-05  5.20000E-05  5.60000E-05  6.00000E-05  6.40000E-05
  7.20000E-05  8.00000E-05  8.80000E-05  9.60000E-05  1.04000E-04  1.12000E-04
  1.20000E-04  1.28000E-04  1.44000E-04  1.60000E-04  1.76000E-04  1.92000E-04
  2.08000E-04  2.24000E-04  2.40000E-04  2.56000E-04  2.88000E-04  3.20000E-04
  3.52000E-04  3.84000E-04  4.16000E-04  4.48000E-04  4.80000E-04  5.12000E-04
  5.76000E-04  6.40000E-04  7.04000E-04  7.68000E-04  8.32000E-04  8.96000E-04
  9.60000E-04  1.02400E-03  1.15200E-03  1.28000E-03  1.40800E-03  1.53600E-03
  1.66400E-03  1.79200E-03  1.92000E-03  2.01600E-03  2.27200E-03  2.52800E-03
  2.78400E-03  3.04000E-03  3.29600E-03  3.55200E-03  3.80800E-03  4.06400E-03
  4.57600E-03  5.08800E-03  5.60000E-03  6.11200E-03  6.62400E-03  7.13600E-03
  7.64800E-03  8.16000E-03  9.18400E-03  1.02080E-02  1.12320E-02  1.22560E-02
  1.32800E-02  1.43040E-02  1.53280E-02  1.63520E-02  1.84000E-02  2.04480E-02
  2.24960E-02  2.45440E-02  2.65920E-02  2.86400E-02  3.06880E-02  3.27360E-02
  3.68320E-02  4.09280E-02  4.50240E-02  4.91200E-02  5.32160E-02
  8.39629E-01  8.46245E-01  8.44412E-01  8.41598E-01  8.38886E-01  8.38184E-01
  8.41993E-01  8.37884E-01  8.35752E-01  8.40664E-01  8.40344E-01  8.41012E-01
  8.40855E-01  8.41203E-01  8.39881E-01  8.39574E-01  8.40211E-01  8.42681E-01
  8.38719E-01  8.38017E-01  8.38194E-01  8.39328E-01  8.35694E-01  8.37056E-01
  8.38449E-01  8.36958E-01  8.37704E-01  8.37251E-01  8.37929E-01  8.38119E-01
  8.33834E-01  8.35372E-01  8.33328E-01  8.34975E-01  8.34570E-01  8.33618E-01
  8.32242E-01  8.31162E-01  8.30165E-01  8.30364E-01  8.28249E-01  8.29273E-01
  8.27515E-01  8.26364E-01  8.27693E-01  8.24692E-01  8.22552E-01  8.21612E-01
  8.18133E-01  8.17290E-01  8.15170E-01  8.13941E-01  8.11779E-01  8.09011E-01
  8.05002E-01  8.02188E-01  7.97303E-01  7.94169E-01  7.90189E-01  7.86060E-01
  7.82606E-01  7.79008E-01  7.71971E-01  7.64354E-01  7.57460E-01  7.50577E-01
  7.43371E-01  7.36931E-01  7.30394E-01  7.23280E-01  7.10088E-01  6.97327E-01
  6.84660E-01  6.72404E-01  6.60322E-01  6.48715E-01  6.37238E-01  6.26067E-01
  6.04221E-01  5.83555E-01  5.64323E-01  5.46219E-01  5.28312E-01  5.11196E-01
  4.94858E-01  4.78122E-01  4.49344E-01  4.23068E-01  3.99321E-01  3.77371E-01
  3.56891E-01  3.37897E-01  3.20176E-01  3.08160E-01  2.79310E-01  2.54095E-01
  2.32409E-01  2.14669E-01  1.98653E-01  1.83998E-01  1.70817E-01  1.60543E-01
  1.42774E-01  1.28143E-01  1.14678E-01  1.03760E-01  9.52026E-02  8.91799E-02
  8.28642E-02  7.52046E-02  6.36869E-02  5.43550E-02  4.59997E-02  3.82141E-02
  3.17094E-02  2.31048E-02  2.25601E-02  2.62822E-02  2.62720E-02  1.90993E-02
  1.46044E-02  7.26093E-03  1.27935E-03 -2.20994E-03 -5.46360E-03 -1.32762E-02
 -1.86552E-02 -1.87827E-02 -1.53310E-02 -1.24607E-02 -2.26041E-03
