AutoSaveFileName0115.ASC
 IFORMY    0    .00
 (6E13.7)
 IFORMT    0    .00
 (6E13.7)
 IFORMW    0    .00
 (6E13.7)
 NINTT     0   -1.00
 DOUSNQ    0    1.00
 IQUAD     0    1.00
 PRWT      0    1.00
 PRY       0    1.00
 IPLRES    1    3.00
 IPLRES    2    3.00
 IPRINT    1    0.00
 IPRINT    2    2.00
 IPLFIT    1    0.00
 IPLFIT    2    0.00
 LINEPG    0   50.
 NONNEG    1    1.00
 IWT       0    5.00
 NQPROG    1    5.00
 NQPROG    2    5.00
 GMNMX     1    8.16884E-03
 GMNMX     2    2.93240E-03
 RUSER    10    -1.00
 NG        0    500.00
 NLINF     0    1.00
 IUSER    10    4.00
 RUSER    21    1.0
 RUSER    22   -1.0
 RUSER    23    0.0
 RUSER    18         291.97670
 RUSER    17         69.99900
 RUSER    19         1.03109
 RUSER    15         1.33200
 RUSER    16         632.80000
 RUSER    25         1
 RUSER    26         0
 END       0    0.00
 NY      162
  7.50000E-07  8.75000E-07  1.00000E-06  1.12500E-06  1.25000E-06  1.37500E-06
  1.50000E-06  1.62500E-06  1.75000E-06  1.87500E-06  2.00000E-06  2.25000E-06
  2.50000E-06  2.75000E-06  3.00000E-06  3.25000E-06  3.50000E-06  3.75000E-06
  4.00000E-06  4.50000E-06  5.00000E-06  5.50000E-06  6.00000E-06  6.50000E-06
  7.00000E-06  7.50000E-06  8.00000E-06  9.00000E-06  1.00000E-05  1.10000E-05
  1.20000E-05  1.30000E-05  1.40000E-05  1.50000E-05  1.60000E-05  1.80000E-05
  2.00000E-05  2.20000E-05  2.40000E-05  2.60000E-05  2.80000E-05  3.00000E-05
  3.20000E-05  3.60000E-05  4.00000E-05  4.40000E-05  4.80000E-05  5.20000E-05
  5.60000E-05  6.00000E-05  6.40000E-05  7.20000E-05  8.00000E-05  8.80000E-05
  9.60000E-05  1.04000E-04  1.12000E-04  1.20000E-04  1.28000E-04  1.44000E-04
  1.60000E-04  1.76000E-04  1.92000E-04  2.08000E-04  2.24000E-04  2.40000E-04
  2.56000E-04  2.88000E-04  3.20000E-04  3.52000E-04  3.84000E-04  4.16000E-04
  4.48000E-04  4.80000E-04  5.12000E-04  5.76000E-04  6.40000E-04  7.04000E-04
  7.68000E-04  8.32000E-04  8.96000E-04  9.60000E-04  1.02400E-03  1.15200E-03
  1.28000E-03  1.40800E-03  1.53600E-03  1.66400E-03  1.79200E-03  1.92000E-03
  2.01600E-03  2.27200E-03  2.52800E-03  2.78400E-03  3.04000E-03  3.29600E-03
  3.55200E-03  3.80800E-03  4.06400E-03  4.57600E-03  5.08800E-03  5.60000E-03
  6.11200E-03  6.62400E-03  7.13600E-03  7.64800E-03  8.16000E-03  9.18400E-03
  1.02080E-02  1.12320E-02  1.22560E-02  1.32800E-02  1.43040E-02  1.53280E-02
  1.63520E-02  1.84000E-02  2.04480E-02  2.24960E-02  2.45440E-02  2.65920E-02
  2.86400E-02  3.06880E-02  3.27360E-02  3.68320E-02  4.09280E-02  4.50240E-02
  4.91200E-02  5.32160E-02  5.73120E-02  6.14080E-02  6.55040E-02  7.36960E-02
  8.18880E-02  9.00800E-02  9.82720E-02  1.06464E-01  1.14656E-01  1.22848E-01
  1.31040E-01  1.47424E-01  1.63808E-01  1.80192E-01  1.96576E-01  2.12960E-01
  2.29344E-01  2.45728E-01  2.62112E-01  2.94880E-01  3.27648E-01  3.60416E-01
  3.93184E-01  4.25952E-01  4.58720E-01  4.91488E-01  5.24256E-01  5.89792E-01
  6.55328E-01  7.20864E-01  7.86400E-01  8.51936E-01  9.17472E-01  9.83008E-01
  1.00000E+00  9.98054E-01  9.97593E-01  9.96857E-01  9.97435E-01  9.95344E-01
  9.94276E-01  9.94590E-01  9.94563E-01  9.91512E-01  9.92593E-01  9.93975E-01
  9.90087E-01  9.92557E-01  9.91877E-01  9.91112E-01  9.91211E-01  9.90384E-01
  9.88399E-01  9.87799E-01  9.86884E-01  9.84428E-01  9.84501E-01  9.82767E-01
  9.81635E-01  9.81849E-01  9.79794E-01  9.78333E-01  9.76437E-01  9.74776E-01
  9.72017E-01  9.69238E-01  9.69046E-01  9.65305E-01  9.63902E-01  9.58322E-01
  9.55066E-01  9.51034E-01  9.46513E-01  9.42841E-01  9.38945E-01  9.33817E-01
  9.30363E-01  9.21788E-01  9.13728E-01  9.06513E-01  8.98312E-01  8.90490E-01
  8.82519E-01  8.75216E-01  8.67972E-01  8.52637E-01  8.37527E-01  8.23170E-01
  8.09239E-01  7.95423E-01  7.81242E-01  7.68064E-01  7.54703E-01  7.29093E-01
  7.04475E-01  6.80192E-01  6.56884E-01  6.34488E-01  6.12971E-01  5.92219E-01
  5.72188E-01  5.33781E-01  4.98182E-01  4.65074E-01  4.34285E-01  4.05829E-01
  3.79061E-01  3.54315E-01  3.31510E-01  2.89689E-01  2.53470E-01  2.21452E-01
  1.93596E-01  1.69336E-01  1.48009E-01  1.29063E-01  1.12674E-01  8.56713E-02
  6.56049E-02  5.07188E-02  3.94192E-02  3.09426E-02  2.39911E-02  1.83737E-02
  1.55325E-02  9.79040E-03  6.38072E-03  4.63388E-03  3.80952E-03  3.82472E-03
  3.49772E-03  3.93925E-03  4.15777E-03  2.85262E-03  1.23980E-03  9.29616E-04
  1.61656E-03  2.18063E-03  1.69807E-03  3.70200E-04  7.74896E-05  4.54271E-04
  3.69200E-05  5.09015E-04  1.09138E-03  1.72960E-03  6.21291E-04 -1.20062E-03
 -1.26317E-04  2.08075E-04  5.52625E-04  4.95866E-04  2.15705E-04 -1.24204E-03
 -3.88828E-04 -6.80336E-04  1.69565E-03  1.19382E-03 -1.21796E-04 -1.32470E-04
  3.33852E-04 -1.73181E-03 -1.70471E-03 -2.53508E-03 -1.02841E-03 -1.02430E-05
 -9.57819E-04 -2.00466E-04 -1.30939E-03  2.11739E-04  1.30814E-03  5.61760E-04
 -2.82431E-06  9.21293E-04 -2.68104E-05 -1.43815E-03  1.25335E-03 -1.11886E-03
 -6.08132E-04 -3.29012E-04 -5.57075E-05  3.00002E-04  2.77865E-04 -1.09596E-04
 -4.43269E-04 -3.24501E-04  1.72512E-04  1.87413E-04 -6.23557E-04 -2.81032E-04
 -1.23172E-04 -1.30900E-04 -3.12961E-06  3.13048E-04  1.13549E-04 -5.34809E-05
