AutoSaveFileName0097.ASC
 IFORMY    0    .00
 (6E13.7)
 IFORMT    0    .00
 (6E13.7)
 IFORMW    0    .00
 (6E13.7)
 NINTT     0   -1.00
 DOUSNQ    0    1.00
 IQUAD          1.00
 PRWT      0    1.00
 PRY       0    1.00
 IPLRES    1    3.00
 IPLRES    2    3.00
 IPRINT    1    0.00
 IPRINT    2    2.00
 IPLFIT    1    0.00
 IPLFIT    2    0.00
 LINEPG    0   50.
 NONNEG    1    1.00
 IWT       0    5.00
 NQPROG    1    5.00
 NQPROG    2    5.00
 GMNMX     1    2.740E-05
 GMNMX     2    2.740E-02
 RUSER    10    -1.00
 NG        0    200.00
 NLINF     0    0.00
 IUSER    10    4.00
 RUSER    21    1.0
 RUSER    22   -1.0
 RUSER    23    0.0
 RUSER    18         292.19384
 RUSER    17         59.99800
 RUSER    19         1.02557
 RUSER    15         1.33200
 RUSER    16         632.80000
 RUSER    25         1
 RUSER    26         0
 END       0    0.00
 NY      188
  5.00000E-07  6.25000E-07  7.50000E-07  8.75000E-07  1.00000E-06  1.12500E-06
  1.25000E-06  1.37500E-06  1.50000E-06  1.62500E-06  1.75000E-06  1.87500E-06
  2.00000E-06  2.25000E-06  2.50000E-06  2.75000E-06  3.00000E-06  3.25000E-06
  3.50000E-06  3.75000E-06  4.00000E-06  4.50000E-06  5.00000E-06  5.50000E-06
  6.00000E-06  6.50000E-06  7.00000E-06  7.50000E-06  8.00000E-06  9.00000E-06
  1.00000E-05  1.10000E-05  1.20000E-05  1.30000E-05  1.40000E-05  1.50000E-05
  1.60000E-05  1.80000E-05  2.00000E-05  2.20000E-05  2.40000E-05  2.60000E-05
  2.80000E-05  3.00000E-05  3.20000E-05  3.60000E-05  4.00000E-05  4.40000E-05
  4.80000E-05  5.20000E-05  5.60000E-05  6.00000E-05  6.40000E-05  7.20000E-05
  8.00000E-05  8.80000E-05  9.60000E-05  1.04000E-04  1.12000E-04  1.20000E-04
  1.28000E-04  1.44000E-04  1.60000E-04  1.76000E-04  1.92000E-04  2.08000E-04
  2.24000E-04  2.40000E-04  2.56000E-04  2.88000E-04  3.20000E-04  3.52000E-04
  3.84000E-04  4.16000E-04  4.48000E-04  4.80000E-04  5.12000E-04  5.76000E-04
  6.40000E-04  7.04000E-04  7.68000E-04  8.32000E-04  8.96000E-04  9.60000E-04
  1.02400E-03  1.15200E-03  1.28000E-03  1.40800E-03  1.53600E-03  1.66400E-03
  1.79200E-03  1.92000E-03  2.01600E-03  2.27200E-03  2.52800E-03  2.78400E-03
  3.04000E-03  3.29600E-03  3.55200E-03  3.80800E-03  4.06400E-03  4.57600E-03
  5.08800E-03  5.60000E-03  6.11200E-03  6.62400E-03  7.13600E-03  7.64800E-03
  8.16000E-03  9.18400E-03  1.02080E-02  1.12320E-02  1.22560E-02  1.32800E-02
  1.43040E-02  1.53280E-02  1.63520E-02  1.84000E-02  2.04480E-02  2.24960E-02
  2.45440E-02  2.65920E-02  2.86400E-02  3.06880E-02  3.27360E-02  3.68320E-02
  4.09280E-02  4.50240E-02  4.91200E-02  5.32160E-02  5.73120E-02  6.14080E-02
  6.55040E-02  7.36960E-02  8.18880E-02  9.00800E-02  9.82720E-02  1.06464E-01
  1.14656E-01  1.22848E-01  1.31040E-01  1.47424E-01  1.63808E-01  1.80192E-01
  1.96576E-01  2.12960E-01  2.29344E-01  2.45728E-01  2.62112E-01  2.94880E-01
  3.27648E-01  3.60416E-01  3.93184E-01  4.25952E-01  4.58720E-01  4.91488E-01
  5.24256E-01  5.89792E-01  6.55328E-01  7.20864E-01  7.86400E-01  8.51936E-01
  9.17472E-01  9.83008E-01  1.04854E+00  1.17962E+00  1.31069E+00  1.44176E+00
  1.57283E+00  1.70390E+00  1.83498E+00  1.96605E+00  2.09712E+00  2.35926E+00
  2.62141E+00  2.88355E+00  3.14570E+00  3.40784E+00  3.66998E+00  3.93213E+00
  4.19427E+00  4.71856E+00  5.24285E+00  5.76714E+00  6.29142E+00  6.81571E+00
  7.34000E+00  7.86429E+00
  9.92639E-01  9.90887E-01  9.91059E-01  9.88931E-01  9.91007E-01  9.89716E-01
  9.89846E-01  9.89308E-01  9.87344E-01  9.86550E-01  9.87771E-01  9.87114E-01
  9.88327E-01  9.86782E-01  9.88148E-01  9.88007E-01  9.87146E-01  9.86493E-01
  9.86363E-01  9.87386E-01  9.86967E-01  9.87276E-01  9.87009E-01  9.87665E-01
  9.87523E-01  9.88613E-01  9.88240E-01  9.86916E-01  9.87629E-01  9.86734E-01
  9.86262E-01  9.86395E-01  9.86063E-01  9.86154E-01  9.86532E-01  9.85997E-01
  9.85667E-01  9.85600E-01  9.85774E-01  9.85919E-01  9.85620E-01  9.84441E-01
  9.85018E-01  9.84991E-01  9.84320E-01  9.84314E-01  9.83408E-01  9.82797E-01
  9.82580E-01  9.82131E-01  9.81355E-01  9.81385E-01  9.80966E-01  9.79948E-01
  9.78611E-01  9.77831E-01  9.77007E-01  9.76073E-01  9.75030E-01  9.74385E-01
  9.73244E-01  9.71317E-01  9.69319E-01  9.67691E-01  9.65972E-01  9.64136E-01
  9.62194E-01  9.60288E-01  9.58514E-01  9.54857E-01  9.51331E-01  9.47605E-01
  9.43930E-01  9.40104E-01  9.36730E-01  9.32997E-01  9.29399E-01  9.22461E-01
  9.15189E-01  9.08243E-01  9.01157E-01  8.94255E-01  8.87415E-01  8.80692E-01
  8.70198E-01  8.56899E-01  8.43854E-01  8.31008E-01  8.18461E-01  8.06021E-01
  7.93775E-01  7.81778E-01  7.75037E-01  7.51854E-01  7.29471E-01  7.07684E-01
  6.86565E-01  6.66213E-01  6.46522E-01  6.27469E-01  6.09338E-01  5.74409E-01
  5.41535E-01  5.10825E-01  4.82255E-01  4.55542E-01  4.30508E-01  4.06678E-01
  3.84322E-01  3.42799E-01  3.06201E-01  2.73720E-01  2.45013E-01  2.19586E-01
  1.97013E-01  1.77136E-01  1.59970E-01  1.29717E-01  1.06539E-01  8.83357E-02
  7.44466E-02  6.40642E-02  5.66594E-02  4.88492E-02  4.13479E-02  2.97024E-02
  1.97104E-02  1.27871E-02  8.45660E-03  6.04586E-03  6.36004E-03  7.53015E-03
  4.36572E-03 -3.87273E-03 -4.59940E-03  8.00675E-04  8.88606E-03  3.84812E-03
  3.44319E-03  1.84609E-03 -2.64047E-04 -1.76070E-03 -2.10908E-03 -2.13523E-03
  4.42450E-03  8.10414E-03 -5.45333E-03  3.01006E-04 -1.76481E-03  7.49431E-04
 -1.10980E-02 -4.39449E-03  6.46214E-04 -2.81465E-03 -1.61523E-02 -1.08288E-02
 -1.95893E-03 -5.05316E-03  1.54442E-03  7.21736E-03 -6.27744E-03 -9.69141E-04
  6.38406E-03 -3.42355E-03 -4.92201E-03  8.04436E-04  1.49195E-03 -2.70260E-03
 -8.84503E-04 -1.59077E-03  6.50081E-03  7.98631E-04  2.99557E-03 -1.12681E-03
 -2.24918E-03 -6.30276E-03  3.30434E-03  3.95633E-03 -1.98609E-04 -1.98935E-03
  7.42712E-04 -4.48861E-04 -1.72990E-04 -7.11817E-04  2.98826E-05  4.42748E-05
 -6.47779E-04 -2.58042E-03
