AutoSaveFileName0004.ASC
 IFORMY    0    .00
 (6E13.7)
 IFORMT    0    .00
 (6E13.7)
 IFORMW    0    .00
 (6E13.7)
 NINTT     0   -1.00
 DOUSNQ    0    1.00
 IQUAD          1.00
 PRWT      0    1.00
 PRY       0    1.00
 IPLRES    1    3.00
 IPLRES    2    3.00
 IPRINT    1    0.00
 IPRINT    2    2.00
 IPLFIT    1    0.00
 IPLFIT    2    0.00
 LINEPG    0   50.
 NONNEG    1    1.00
 IWT       0    5.00
 NQPROG    1    5.00
 NQPROG    2    5.00
 GMNMX     1    3.577E-04
 GMNMX     2    3.577E-01
 RUSER    10    -1.00
 NG        0    200.00
 NLINF     0    0.00
 IUSER    10    4.00
 RUSER    21    1.0
 RUSER    22   -1.0
 RUSER    23    0.0
 RUSER    18         291.79135
 RUSER    17         15.99900
 RUSER    19         1.03585
 RUSER    15         1.33200
 RUSER    16         632.80000
 RUSER    25         1
 RUSER    26         0
 END       0    0.00
 NY      131
  3.75000E-07  5.00000E-07  6.25000E-07  7.50000E-07  8.75000E-07  1.00000E-06
  1.12500E-06  1.25000E-06  1.37500E-06  1.50000E-06  1.62500E-06  1.75000E-06
  1.87500E-06  2.00000E-06  2.25000E-06  2.50000E-06  2.75000E-06  3.00000E-06
  3.25000E-06  3.50000E-06  3.75000E-06  4.00000E-06  4.50000E-06  5.00000E-06
  5.50000E-06  6.00000E-06  6.50000E-06  7.00000E-06  7.50000E-06  8.00000E-06
  9.00000E-06  1.00000E-05  1.10000E-05  1.20000E-05  1.30000E-05  1.40000E-05
  1.50000E-05  1.60000E-05  1.80000E-05  2.00000E-05  2.20000E-05  2.40000E-05
  2.60000E-05  2.80000E-05  3.00000E-05  3.20000E-05  3.60000E-05  4.00000E-05
  4.40000E-05  4.80000E-05  5.20000E-05  5.60000E-05  6.00000E-05  6.40000E-05
  7.20000E-05  8.00000E-05  8.80000E-05  9.60000E-05  1.04000E-04  1.12000E-04
  1.20000E-04  1.28000E-04  1.44000E-04  1.60000E-04  1.76000E-04  1.92000E-04
  2.08000E-04  2.24000E-04  2.40000E-04  2.56000E-04  2.88000E-04  3.20000E-04
  3.52000E-04  3.84000E-04  4.16000E-04  4.48000E-04  4.80000E-04  5.12000E-04
  5.76000E-04  6.40000E-04  7.04000E-04  7.68000E-04  8.32000E-04  8.96000E-04
  9.60000E-04  1.02400E-03  1.15200E-03  1.28000E-03  1.40800E-03  1.53600E-03
  1.66400E-03  1.79200E-03  1.92000E-03  2.01600E-03  2.27200E-03  2.52800E-03
  2.78400E-03  3.04000E-03  3.29600E-03  3.55200E-03  3.80800E-03  4.06400E-03
  4.57600E-03  5.08800E-03  5.60000E-03  6.11200E-03  6.62400E-03  7.13600E-03
  7.64800E-03  8.16000E-03  9.18400E-03  1.02080E-02  1.12320E-02  1.22560E-02
  1.32800E-02  1.43040E-02  1.53280E-02  1.63520E-02  1.84000E-02  2.04480E-02
  2.24960E-02  2.45440E-02  2.65920E-02  2.86400E-02  3.06880E-02  3.27360E-02
  3.68320E-02  4.09280E-02  4.50240E-02  4.91200E-02  5.32160E-02
  1.35061E+00  1.34889E+00  1.34922E+00  1.34835E+00  1.34925E+00  1.34810E+00
  1.34855E+00  1.34820E+00  1.34878E+00  1.34815E+00  1.34927E+00  1.34803E+00
  1.34882E+00  1.34758E+00  1.34712E+00  1.34867E+00  1.34752E+00  1.34798E+00
  1.34812E+00  1.34831E+00  1.34776E+00  1.34765E+00  1.34789E+00  1.34799E+00
  1.34730E+00  1.34770E+00  1.34849E+00  1.34802E+00  1.34765E+00  1.34776E+00
  1.34798E+00  1.34769E+00  1.34756E+00  1.34750E+00  1.34749E+00  1.34740E+00
  1.34729E+00  1.34761E+00  1.34753E+00  1.34752E+00  1.34739E+00  1.34726E+00
  1.34746E+00  1.34725E+00  1.34737E+00  1.34708E+00  1.34708E+00  1.34695E+00
  1.34706E+00  1.34689E+00  1.34675E+00  1.34670E+00  1.34660E+00  1.34651E+00
  1.34620E+00  1.34604E+00  1.34567E+00  1.34559E+00  1.34545E+00  1.34499E+00
  1.34502E+00  1.34475E+00  1.34428E+00  1.34401E+00  1.34319E+00  1.34284E+00
  1.34241E+00  1.34189E+00  1.34144E+00  1.34119E+00  1.34030E+00  1.33939E+00
  1.33855E+00  1.33756E+00  1.33662E+00  1.33581E+00  1.33482E+00  1.26741E+00
  1.26564E+00  1.26385E+00  1.26215E+00  1.26042E+00  1.25871E+00  1.25692E+00
  1.25508E+00  1.25360E+00  1.25008E+00  1.24659E+00  1.24319E+00  1.23977E+00
  1.23634E+00  1.23297E+00  1.22976E+00  1.29106E+00  1.28431E+00  1.27749E+00
  1.27077E+00  1.26419E+00  1.25762E+00  1.25118E+00  1.24469E+00  1.23861E+00
  1.22595E+00  1.21335E+00  1.20097E+00  1.18885E+00  1.17684E+00  1.16495E+00
  1.15321E+00  1.14236E+00  1.11960E+00  1.09786E+00  1.07677E+00  1.05619E+00
  1.03596E+00  1.01658E+00  9.97874E-01  9.81230E-01  9.46158E-01  9.11572E-01
  8.77440E-01  8.43985E-01  8.11871E-01  7.81150E-01  7.52250E-01  7.28655E-01
  6.78632E-01  6.31197E-01  5.85431E-01  5.42634E-01  5.01748E-01
