AutoSaveFileName0268.ASC
 IFORMY    0    .00
 (6E13.7)
 IFORMT    0    .00
 (6E13.7)
 IFORMW    0    .00
 (6E13.7)
 NINTT     0   -1.00
 DOUSNQ    0    1.00
 IQUAD          1.00
 PRWT      0    1.00
 PRY       0    1.00
 IPLRES    1    3.00
 IPLRES    2    3.00
 IPRINT    1    0.00
 IPRINT    2    2.00
 IPLFIT    1    0.00
 IPLFIT    2    0.00
 LINEPG    0   50.
 NONNEG    1    1.00
 IWT       0    5.00
 NQPROG    1    5.00
 NQPROG    2    5.00
 GMNMX     1    7.517E-06
 GMNMX     2    7.517E-03
 RUSER    10    -1.00
 NG        0    200.00
 NLINF     0    0.00
 IUSER    10    4.00
 RUSER    21    1.0
 RUSER    22   -1.0
 RUSER    23    0.0
 RUSER    18         292.25200
 RUSER    17         144.99900
 RUSER    19         1.02409
 RUSER    15         1.33200
 RUSER    16         632.80000
 RUSER    25         1
 RUSER    26         0
 END       0    0.00
 NY      188
  5.00000E-07  6.25000E-07  7.50000E-07  8.75000E-07  1.00000E-06  1.12500E-06
  1.25000E-06  1.37500E-06  1.50000E-06  1.62500E-06  1.75000E-06  1.87500E-06
  2.00000E-06  2.25000E-06  2.50000E-06  2.75000E-06  3.00000E-06  3.25000E-06
  3.50000E-06  3.75000E-06  4.00000E-06  4.50000E-06  5.00000E-06  5.50000E-06
  6.00000E-06  6.50000E-06  7.00000E-06  7.50000E-06  8.00000E-06  9.00000E-06
  1.00000E-05  1.10000E-05  1.20000E-05  1.30000E-05  1.40000E-05  1.50000E-05
  1.60000E-05  1.80000E-05  2.00000E-05  2.20000E-05  2.40000E-05  2.60000E-05
  2.80000E-05  3.00000E-05  3.20000E-05  3.60000E-05  4.00000E-05  4.40000E-05
  4.80000E-05  5.20000E-05  5.60000E-05  6.00000E-05  6.40000E-05  7.20000E-05
  8.00000E-05  8.80000E-05  9.60000E-05  1.04000E-04  1.12000E-04  1.20000E-04
  1.28000E-04  1.44000E-04  1.60000E-04  1.76000E-04  1.92000E-04  2.08000E-04
  2.24000E-04  2.40000E-04  2.56000E-04  2.88000E-04  3.20000E-04  3.52000E-04
  3.84000E-04  4.16000E-04  4.48000E-04  4.80000E-04  5.12000E-04  5.76000E-04
  6.40000E-04  7.04000E-04  7.68000E-04  8.32000E-04  8.96000E-04  9.60000E-04
  1.02400E-03  1.15200E-03  1.28000E-03  1.40800E-03  1.53600E-03  1.66400E-03
  1.79200E-03  1.92000E-03  2.01600E-03  2.27200E-03  2.52800E-03  2.78400E-03
  3.04000E-03  3.29600E-03  3.55200E-03  3.80800E-03  4.06400E-03  4.57600E-03
  5.08800E-03  5.60000E-03  6.11200E-03  6.62400E-03  7.13600E-03  7.64800E-03
  8.16000E-03  9.18400E-03  1.02080E-02  1.12320E-02  1.22560E-02  1.32800E-02
  1.43040E-02  1.53280E-02  1.63520E-02  1.84000E-02  2.04480E-02  2.24960E-02
  2.45440E-02  2.65920E-02  2.86400E-02  3.06880E-02  3.27360E-02  3.68320E-02
  4.09280E-02  4.50240E-02  4.91200E-02  5.32160E-02  5.73120E-02  6.14080E-02
  6.55040E-02  7.36960E-02  8.18880E-02  9.00800E-02  9.82720E-02  1.06464E-01
  1.14656E-01  1.22848E-01  1.31040E-01  1.47424E-01  1.63808E-01  1.80192E-01
  1.96576E-01  2.12960E-01  2.29344E-01  2.45728E-01  2.62112E-01  2.94880E-01
  3.27648E-01  3.60416E-01  3.93184E-01  4.25952E-01  4.58720E-01  4.91488E-01
  5.24256E-01  5.89792E-01  6.55328E-01  7.20864E-01  7.86400E-01  8.51936E-01
  9.17472E-01  9.83008E-01  1.04854E+00  1.17962E+00  1.31069E+00  1.44176E+00
  1.57283E+00  1.70390E+00  1.83498E+00  1.96605E+00  2.09712E+00  2.35926E+00
  2.62141E+00  2.88355E+00  3.14570E+00  3.40784E+00  3.66998E+00  3.93213E+00
  4.19427E+00  4.71856E+00  5.24285E+00  5.76714E+00  6.29142E+00  6.81571E+00
  7.34000E+00  7.86429E+00
  9.95521E-01  9.94707E-01  9.93651E-01  9.93850E-01  9.94415E-01  9.93131E-01
  9.91946E-01  9.92954E-01  9.91749E-01  9.92114E-01  9.91993E-01  9.91588E-01
  9.91193E-01  9.90863E-01  9.90561E-01  9.91379E-01  9.91407E-01  9.90619E-01
  9.91152E-01  9.90613E-01  9.90949E-01  9.90862E-01  9.90055E-01  9.89612E-01
  9.89723E-01  9.89666E-01  9.89054E-01  9.89298E-01  9.88887E-01  9.88245E-01
  9.87878E-01  9.87625E-01  9.86846E-01  9.86329E-01  9.85825E-01  9.85822E-01
  9.85184E-01  9.84283E-01  9.83675E-01  9.82554E-01  9.81498E-01  9.80682E-01
  9.79881E-01  9.79027E-01  9.78147E-01  9.76233E-01  9.74366E-01  9.72546E-01
  9.70686E-01  9.68872E-01  9.67237E-01  9.65386E-01  9.63628E-01  9.59658E-01
  9.56167E-01  9.52622E-01  9.49071E-01  9.45395E-01  9.41936E-01  9.38301E-01
  9.34703E-01  9.27838E-01  9.20753E-01  9.13767E-01  9.06891E-01  9.00121E-01
  8.93309E-01  8.86596E-01  8.79966E-01  8.66591E-01  8.53555E-01  8.40642E-01
  8.28039E-01  8.15544E-01  8.03348E-01  7.91305E-01  7.79057E-01  7.55733E-01
  7.33236E-01  7.11496E-01  6.90544E-01  6.70081E-01  6.50349E-01  6.31252E-01
  6.12835E-01  5.77707E-01  5.44975E-01  5.14104E-01  4.84930E-01  4.57567E-01
  4.32038E-01  4.08081E-01  3.91402E-01  3.49464E-01  3.12434E-01  2.79660E-01
  2.50617E-01  2.25128E-01  2.02617E-01  1.82698E-01  1.65585E-01  1.36363E-01
  1.13553E-01  9.46962E-02  7.90027E-02  6.71969E-02  5.83728E-02  5.14559E-02
  4.52292E-02  3.49487E-02  2.81003E-02  2.26804E-02  1.79103E-02  1.28281E-02
  8.36188E-03  6.86596E-03  5.58141E-03  6.22689E-03  4.06397E-03  4.13115E-03
  2.82978E-03  4.60807E-03  7.67263E-03  7.68827E-03  5.92374E-03  4.91719E-03
 -2.25526E-03 -3.34037E-03  2.11982E-03  3.28435E-03  2.97173E-03 -4.31971E-04
  1.51619E-03  9.74796E-04  2.08304E-03 -3.34068E-03  1.72788E-04  3.60822E-03
 -3.15053E-03 -8.35659E-03 -4.20875E-03  3.68837E-03  1.78474E-03 -9.87321E-04
  2.64307E-04  1.14777E-03  2.77756E-04  2.33345E-03  1.07656E-03 -2.46101E-03
 -9.31473E-04 -1.00896E-03 -2.04326E-03 -2.70640E-03 -7.17862E-04 -1.09951E-03
  8.38097E-04 -4.06776E-04 -1.79798E-03  4.69443E-04  7.46645E-04 -1.07303E-03
 -1.92451E-03  2.36529E-03  1.30047E-04 -2.42925E-03 -4.80956E-04 -1.91243E-04
  3.57986E-04 -6.23049E-04 -2.75670E-04  2.05071E-04  4.51705E-04 -6.45335E-04
  1.82969E-03  9.40183E-04 -1.23754E-03 -2.93111E-04 -3.88379E-04  7.51816E-04
  4.32887E-04 -6.87017E-04  1.63103E-03  2.66259E-04 -1.26993E-03  8.24715E-04
 -1.51946E-03  1.21050E-03
