AutoSaveFileName0193.ASC
 IFORMY    0    .00
 (6E13.7)
 IFORMT    0    .00
 (6E13.7)
 IFORMW    0    .00
 (6E13.7)
 NINTT     0   -1.00
 DOUSNQ    0    1.00
 IQUAD     0    1.00
 PRWT      0    1.00
 PRY       0    1.00
 IPLRES    1    3.00
 IPLRES    2    3.00
 IPRINT    1    0.00
 IPRINT    2    2.00
 IPLFIT    1    0.00
 IPLFIT    2    0.00
 LINEPG    0   50.
 NONNEG    1    1.00
 IWT       0    5.00
 NQPROG    1    5.00
 NQPROG    2    5.00
 GMNMX     1    3.99590E-03
 GMNMX     2    1.43443E-03
 RUSER    10    -1.00
 NG        0    500.00
 NLINF     0    1.00
 IUSER    10    4.00
 RUSER    21    1.0
 RUSER    22   -1.0
 RUSER    23    0.0
 RUSER    18         292.05794
 RUSER    17         109.99900
 RUSER    19         1.02902
 RUSER    15         1.33200
 RUSER    16         632.80000
 RUSER    25         1
 RUSER    26         0
 END       0    0.00
 NY      162
  7.50000E-07  8.75000E-07  1.00000E-06  1.12500E-06  1.25000E-06  1.37500E-06
  1.50000E-06  1.62500E-06  1.75000E-06  1.87500E-06  2.00000E-06  2.25000E-06
  2.50000E-06  2.75000E-06  3.00000E-06  3.25000E-06  3.50000E-06  3.75000E-06
  4.00000E-06  4.50000E-06  5.00000E-06  5.50000E-06  6.00000E-06  6.50000E-06
  7.00000E-06  7.50000E-06  8.00000E-06  9.00000E-06  1.00000E-05  1.10000E-05
  1.20000E-05  1.30000E-05  1.40000E-05  1.50000E-05  1.60000E-05  1.80000E-05
  2.00000E-05  2.20000E-05  2.40000E-05  2.60000E-05  2.80000E-05  3.00000E-05
  3.20000E-05  3.60000E-05  4.00000E-05  4.40000E-05  4.80000E-05  5.20000E-05
  5.60000E-05  6.00000E-05  6.40000E-05  7.20000E-05  8.00000E-05  8.80000E-05
  9.60000E-05  1.04000E-04  1.12000E-04  1.20000E-04  1.28000E-04  1.44000E-04
  1.60000E-04  1.76000E-04  1.92000E-04  2.08000E-04  2.24000E-04  2.40000E-04
  2.56000E-04  2.88000E-04  3.20000E-04  3.52000E-04  3.84000E-04  4.16000E-04
  4.48000E-04  4.80000E-04  5.12000E-04  5.76000E-04  6.40000E-04  7.04000E-04
  7.68000E-04  8.32000E-04  8.96000E-04  9.60000E-04  1.02400E-03  1.15200E-03
  1.28000E-03  1.40800E-03  1.53600E-03  1.66400E-03  1.79200E-03  1.92000E-03
  2.01600E-03  2.27200E-03  2.52800E-03  2.78400E-03  3.04000E-03  3.29600E-03
  3.55200E-03  3.80800E-03  4.06400E-03  4.57600E-03  5.08800E-03  5.60000E-03
  6.11200E-03  6.62400E-03  7.13600E-03  7.64800E-03  8.16000E-03  9.18400E-03
  1.02080E-02  1.12320E-02  1.22560E-02  1.32800E-02  1.43040E-02  1.53280E-02
  1.63520E-02  1.84000E-02  2.04480E-02  2.24960E-02  2.45440E-02  2.65920E-02
  2.86400E-02  3.06880E-02  3.27360E-02  3.68320E-02  4.09280E-02  4.50240E-02
  4.91200E-02  5.32160E-02  5.73120E-02  6.14080E-02  6.55040E-02  7.36960E-02
  8.18880E-02  9.00800E-02  9.82720E-02  1.06464E-01  1.14656E-01  1.22848E-01
  1.31040E-01  1.47424E-01  1.63808E-01  1.80192E-01  1.96576E-01  2.12960E-01
  2.29344E-01  2.45728E-01  2.62112E-01  2.94880E-01  3.27648E-01  3.60416E-01
  3.93184E-01  4.25952E-01  4.58720E-01  4.91488E-01  5.24256E-01  5.89792E-01
  6.55328E-01  7.20864E-01  7.86400E-01  8.51936E-01  9.17472E-01  9.83008E-01
  9.98779E-01  1.00000E+00  9.94528E-01  9.96889E-01  9.97647E-01  9.95904E-01
  9.89668E-01  9.91547E-01  9.91850E-01  9.90898E-01  9.93970E-01  9.87519E-01
  9.89515E-01  9.88884E-01  9.87958E-01  9.86045E-01  9.83963E-01  9.83196E-01
  9.80265E-01  9.77742E-01  9.77862E-01  9.74979E-01  9.73224E-01  9.68085E-01
  9.67941E-01  9.65673E-01  9.62215E-01  9.59584E-01  9.54301E-01  9.49651E-01
  9.46959E-01  9.42796E-01  9.36005E-01  9.33325E-01  9.29044E-01  9.21156E-01
  9.12682E-01  9.03698E-01  8.96512E-01  8.87947E-01  8.80938E-01  8.72759E-01
  8.64149E-01  8.48162E-01  8.33912E-01  8.18804E-01  8.03483E-01  7.89619E-01
  7.75015E-01  7.61429E-01  7.47966E-01  7.21104E-01  6.95703E-01  6.71215E-01
  6.46633E-01  6.24457E-01  6.02125E-01  5.80524E-01  5.59787E-01  5.21079E-01
  4.84777E-01  4.50836E-01  4.19101E-01  3.89872E-01  3.63625E-01  3.38179E-01
  3.14785E-01  2.72370E-01  2.35510E-01  2.04359E-01  1.77056E-01  1.53298E-01
  1.32712E-01  1.15164E-01  1.00296E-01  7.54912E-02  5.67495E-02  4.21316E-02
  3.16879E-02  2.32490E-02  1.72792E-02  1.29640E-02  9.95200E-03  4.88053E-03
  2.08134E-03 -7.19194E-04 -2.77752E-03 -3.66511E-03 -3.47299E-03 -3.00939E-03
 -2.42022E-03 -1.28157E-03 -2.33617E-04 -1.03090E-03 -1.80767E-03 -2.08889E-03
 -2.91815E-03 -2.22021E-03 -6.08155E-04  1.23259E-03  9.21802E-04  9.74654E-04
  8.47871E-05  6.73869E-04  7.67676E-04  1.08012E-04  1.09653E-03  7.11371E-04
  3.56424E-05  1.00479E-03 -2.60085E-03 -2.79121E-03 -9.09931E-04 -1.52557E-03
  3.09734E-04 -4.73870E-04 -5.26145E-04 -6.54963E-04  8.66488E-04 -1.03831E-04
  1.21791E-03 -1.55267E-03 -3.64701E-04 -9.41578E-04 -6.14123E-04  1.16336E-03
 -5.22993E-04 -4.72909E-04 -6.48346E-04  3.45789E-04  1.88889E-04  2.73847E-04
 -3.61419E-05 -5.00313E-05 -1.43062E-04  1.41684E-03  2.36169E-04 -2.86912E-04
 -1.71041E-05 -5.52375E-05 -3.19980E-04 -6.67822E-04  1.28245E-04 -6.41182E-05
 -1.84917E-04  4.79876E-04  1.09656E-04 -2.32741E-04 -1.18683E-04  1.30201E-04
 -2.31563E-04  1.38901E-04  1.63244E-04 -2.43446E-04  2.31106E-04 -1.01488E-04
 -4.41003E-04 -1.81154E-04 -9.94115E-05 -1.39808E-04 -2.63485E-04 -2.99925E-04
