AutoSaveFileName0104.ASC
 IFORMY    0    .00
 (6E13.7)
 IFORMT    0    .00
 (6E13.7)
 IFORMW    0    .00
 (6E13.7)
 NINTT     0   -1.00
 DOUSNQ    0    1.00
 IQUAD          1.00
 PRWT      0    1.00
 PRY       0    1.00
 IPLRES    1    3.00
 IPLRES    2    3.00
 IPRINT    1    0.00
 IPRINT    2    2.00
 IPLFIT    1    0.00
 IPLFIT    2    0.00
 LINEPG    0   50.
 NONNEG    1    1.00
 IWT       0    5.00
 NQPROG    1    5.00
 NQPROG    2    5.00
 GMNMX     1    2.372E-05
 GMNMX     2    2.372E-02
 RUSER    10    -1.00
 NG        0    200.00
 NLINF     0    0.00
 IUSER    10    4.00
 RUSER    21    1.0
 RUSER    22   -1.0
 RUSER    23    0.0
 RUSER    18         292.19711
 RUSER    17         64.99800
 RUSER    19         1.02548
 RUSER    15         1.33200
 RUSER    16         632.80000
 RUSER    25         1
 RUSER    26         0
 END       0    0.00
 NY      188
  5.00000E-07  6.25000E-07  7.50000E-07  8.75000E-07  1.00000E-06  1.12500E-06
  1.25000E-06  1.37500E-06  1.50000E-06  1.62500E-06  1.75000E-06  1.87500E-06
  2.00000E-06  2.25000E-06  2.50000E-06  2.75000E-06  3.00000E-06  3.25000E-06
  3.50000E-06  3.75000E-06  4.00000E-06  4.50000E-06  5.00000E-06  5.50000E-06
  6.00000E-06  6.50000E-06  7.00000E-06  7.50000E-06  8.00000E-06  9.00000E-06
  1.00000E-05  1.10000E-05  1.20000E-05  1.30000E-05  1.40000E-05  1.50000E-05
  1.60000E-05  1.80000E-05  2.00000E-05  2.20000E-05  2.40000E-05  2.60000E-05
  2.80000E-05  3.00000E-05  3.20000E-05  3.60000E-05  4.00000E-05  4.40000E-05
  4.80000E-05  5.20000E-05  5.60000E-05  6.00000E-05  6.40000E-05  7.20000E-05
  8.00000E-05  8.80000E-05  9.60000E-05  1.04000E-04  1.12000E-04  1.20000E-04
  1.28000E-04  1.44000E-04  1.60000E-04  1.76000E-04  1.92000E-04  2.08000E-04
  2.24000E-04  2.40000E-04  2.56000E-04  2.88000E-04  3.20000E-04  3.52000E-04
  3.84000E-04  4.16000E-04  4.48000E-04  4.80000E-04  5.12000E-04  5.76000E-04
  6.40000E-04  7.04000E-04  7.68000E-04  8.32000E-04  8.96000E-04  9.60000E-04
  1.02400E-03  1.15200E-03  1.28000E-03  1.40800E-03  1.53600E-03  1.66400E-03
  1.79200E-03  1.92000E-03  2.01600E-03  2.27200E-03  2.52800E-03  2.78400E-03
  3.04000E-03  3.29600E-03  3.55200E-03  3.80800E-03  4.06400E-03  4.57600E-03
  5.08800E-03  5.60000E-03  6.11200E-03  6.62400E-03  7.13600E-03  7.64800E-03
  8.16000E-03  9.18400E-03  1.02080E-02  1.12320E-02  1.22560E-02  1.32800E-02
  1.43040E-02  1.53280E-02  1.63520E-02  1.84000E-02  2.04480E-02  2.24960E-02
  2.45440E-02  2.65920E-02  2.86400E-02  3.06880E-02  3.27360E-02  3.68320E-02
  4.09280E-02  4.50240E-02  4.91200E-02  5.32160E-02  5.73120E-02  6.14080E-02
  6.55040E-02  7.36960E-02  8.18880E-02  9.00800E-02  9.82720E-02  1.06464E-01
  1.14656E-01  1.22848E-01  1.31040E-01  1.47424E-01  1.63808E-01  1.80192E-01
  1.96576E-01  2.12960E-01  2.29344E-01  2.45728E-01  2.62112E-01  2.94880E-01
  3.27648E-01  3.60416E-01  3.93184E-01  4.25952E-01  4.58720E-01  4.91488E-01
  5.24256E-01  5.89792E-01  6.55328E-01  7.20864E-01  7.86400E-01  8.51936E-01
  9.17472E-01  9.83008E-01  1.04854E+00  1.17962E+00  1.31069E+00  1.44176E+00
  1.57283E+00  1.70390E+00  1.83498E+00  1.96605E+00  2.09712E+00  2.35926E+00
  2.62141E+00  2.88355E+00  3.14570E+00  3.40784E+00  3.66998E+00  3.93213E+00
  4.19427E+00  4.71856E+00  5.24285E+00  5.76714E+00  6.29142E+00  6.81571E+00
  7.34000E+00  7.86429E+00
  9.98257E-01  9.94910E-01  9.94960E-01  9.93877E-01  9.93367E-01  9.91311E-01
  9.91961E-01  9.93456E-01  9.94595E-01  9.92641E-01  9.94387E-01  9.90504E-01
  9.90464E-01  9.92027E-01  9.92692E-01  9.91870E-01  9.91238E-01  9.91420E-01
  9.91118E-01  9.90921E-01  9.91032E-01  9.92760E-01  9.90619E-01  9.90390E-01
  9.93118E-01  9.91365E-01  9.91124E-01  9.91415E-01  9.91682E-01  9.90905E-01
  9.89898E-01  9.90951E-01  9.91644E-01  9.90573E-01  9.90664E-01  9.90377E-01
  9.90570E-01  9.89847E-01  9.90279E-01  9.89198E-01  9.89454E-01  9.88819E-01
  9.89086E-01  9.88860E-01  9.88038E-01  9.87596E-01  9.87114E-01  9.86485E-01
  9.85927E-01  9.85762E-01  9.84947E-01  9.84348E-01  9.83820E-01  9.82889E-01
  9.81981E-01  9.80823E-01  9.79836E-01  9.78261E-01  9.77553E-01  9.76279E-01
  9.75398E-01  9.72960E-01  9.70767E-01  9.68668E-01  9.66611E-01  9.64332E-01
  9.62286E-01  9.60173E-01  9.57881E-01  9.53669E-01  9.49406E-01  9.45292E-01
  9.41037E-01  9.36999E-01  9.32899E-01  9.28699E-01  9.24578E-01  9.16313E-01
  9.08353E-01  9.00387E-01  8.92478E-01  8.84735E-01  8.76950E-01  8.69249E-01
  8.45855E-01  8.31126E-01  8.16710E-01  8.02599E-01  7.88716E-01  7.74911E-01
  7.61609E-01  7.48437E-01  7.51553E-01  7.26296E-01  7.02177E-01  6.79057E-01
  6.56531E-01  6.34839E-01  6.14176E-01  5.94050E-01  5.74795E-01  5.37708E-01
  5.03223E-01  4.71432E-01  4.41387E-01  4.13451E-01  3.87321E-01  3.63085E-01
  3.40264E-01  2.97719E-01  2.60280E-01  2.28497E-01  2.01523E-01  1.78532E-01
  1.58482E-01  1.40847E-01  1.25274E-01  9.72569E-02  7.20567E-02  5.28200E-02
  3.91876E-02  2.87003E-02  2.29306E-02  1.71050E-02  1.47103E-02  1.44018E-02
  1.59231E-02  1.69301E-02  1.35766E-02  8.43327E-03  5.01667E-03  1.09373E-03
 -2.61414E-03 -6.02107E-03 -4.49819E-03 -4.29199E-03 -2.94720E-03  3.11399E-03
  7.55245E-03  8.75960E-03  1.03251E-02  1.44430E-02  9.72536E-03  1.00086E-02
  3.89539E-03 -5.65419E-03 -8.15589E-03 -1.49917E-02 -1.62744E-03  4.32884E-03
 -3.59002E-03  1.86080E-03  2.06302E-03 -4.03889E-03 -1.52898E-03 -1.58709E-03
 -4.83191E-04 -4.48013E-03 -2.27421E-03  3.71987E-03  3.96649E-03  1.26267E-03
 -2.13410E-03 -1.81394E-03  4.98800E-03  1.75075E-03 -1.05102E-03  4.03034E-04
 -3.45464E-03  3.36156E-03 -3.81865E-04  7.04189E-03  2.14588E-03 -5.76480E-03
 -6.87289E-03 -8.07712E-03 -6.02518E-03  1.24459E-03 -5.85412E-03  5.27845E-04
 -6.01803E-03 -1.04033E-03  1.45724E-03 -1.76856E-03 -3.90488E-03  4.60911E-05
  3.72004E-03  3.36981E-03
