AutoSaveFileName0117.ASC
 IFORMY    0    .00
 (6E13.7)
 IFORMT    0    .00
 (6E13.7)
 IFORMW    0    .00
 (6E13.7)
 NINTT     0   -1.00
 DOUSNQ    0    1.00
 IQUAD     0    1.00
 PRWT      0    1.00
 PRY       0    1.00
 IPLRES    1    3.00
 IPLRES    2    3.00
 IPRINT    1    0.00
 IPRINT    2    2.00
 IPLFIT    1    0.00
 IPLFIT    2    0.00
 LINEPG    0   50.
 NONNEG    1    1.00
 IWT       0    5.00
 NQPROG    1    5.00
 NQPROG    2    5.00
 GMNMX     1    8.16856E-03
 GMNMX     2    2.93230E-03
 RUSER    10    -1.00
 NG        0    500.00
 NLINF     0    1.00
 IUSER    10    4.00
 RUSER    21    1.0
 RUSER    22   -1.0
 RUSER    23    0.0
 RUSER    18         291.97810
 RUSER    17         69.99900
 RUSER    19         1.03106
 RUSER    15         1.33200
 RUSER    16         632.80000
 RUSER    25         1
 RUSER    26         0
 END       0    0.00
 NY      162
  7.50000E-07  8.75000E-07  1.00000E-06  1.12500E-06  1.25000E-06  1.37500E-06
  1.50000E-06  1.62500E-06  1.75000E-06  1.87500E-06  2.00000E-06  2.25000E-06
  2.50000E-06  2.75000E-06  3.00000E-06  3.25000E-06  3.50000E-06  3.75000E-06
  4.00000E-06  4.50000E-06  5.00000E-06  5.50000E-06  6.00000E-06  6.50000E-06
  7.00000E-06  7.50000E-06  8.00000E-06  9.00000E-06  1.00000E-05  1.10000E-05
  1.20000E-05  1.30000E-05  1.40000E-05  1.50000E-05  1.60000E-05  1.80000E-05
  2.00000E-05  2.20000E-05  2.40000E-05  2.60000E-05  2.80000E-05  3.00000E-05
  3.20000E-05  3.60000E-05  4.00000E-05  4.40000E-05  4.80000E-05  5.20000E-05
  5.60000E-05  6.00000E-05  6.40000E-05  7.20000E-05  8.00000E-05  8.80000E-05
  9.60000E-05  1.04000E-04  1.12000E-04  1.20000E-04  1.28000E-04  1.44000E-04
  1.60000E-04  1.76000E-04  1.92000E-04  2.08000E-04  2.24000E-04  2.40000E-04
  2.56000E-04  2.88000E-04  3.20000E-04  3.52000E-04  3.84000E-04  4.16000E-04
  4.48000E-04  4.80000E-04  5.12000E-04  5.76000E-04  6.40000E-04  7.04000E-04
  7.68000E-04  8.32000E-04  8.96000E-04  9.60000E-04  1.02400E-03  1.15200E-03
  1.28000E-03  1.40800E-03  1.53600E-03  1.66400E-03  1.79200E-03  1.92000E-03
  2.01600E-03  2.27200E-03  2.52800E-03  2.78400E-03  3.04000E-03  3.29600E-03
  3.55200E-03  3.80800E-03  4.06400E-03  4.57600E-03  5.08800E-03  5.60000E-03
  6.11200E-03  6.62400E-03  7.13600E-03  7.64800E-03  8.16000E-03  9.18400E-03
  1.02080E-02  1.12320E-02  1.22560E-02  1.32800E-02  1.43040E-02  1.53280E-02
  1.63520E-02  1.84000E-02  2.04480E-02  2.24960E-02  2.45440E-02  2.65920E-02
  2.86400E-02  3.06880E-02  3.27360E-02  3.68320E-02  4.09280E-02  4.50240E-02
  4.91200E-02  5.32160E-02  5.73120E-02  6.14080E-02  6.55040E-02  7.36960E-02
  8.18880E-02  9.00800E-02  9.82720E-02  1.06464E-01  1.14656E-01  1.22848E-01
  1.31040E-01  1.47424E-01  1.63808E-01  1.80192E-01  1.96576E-01  2.12960E-01
  2.29344E-01  2.45728E-01  2.62112E-01  2.94880E-01  3.27648E-01  3.60416E-01
  3.93184E-01  4.25952E-01  4.58720E-01  4.91488E-01  5.24256E-01  5.89792E-01
  6.55328E-01  7.20864E-01  7.86400E-01  8.51936E-01  9.17472E-01  9.83008E-01
  1.00000E+00  9.98728E-01  9.96497E-01  9.96814E-01  9.96900E-01  9.96956E-01
  9.96243E-01  9.95702E-01  9.94851E-01  9.93295E-01  9.94257E-01  9.93884E-01
  9.91627E-01  9.92148E-01  9.92429E-01  9.90698E-01  9.91200E-01  9.90581E-01
  9.88506E-01  9.88511E-01  9.86423E-01  9.84687E-01  9.84970E-01  9.83057E-01
  9.82377E-01  9.81476E-01  9.79813E-01  9.78537E-01  9.76186E-01  9.74845E-01
  9.72304E-01  9.70153E-01  9.69162E-01  9.65774E-01  9.63985E-01  9.59176E-01
  9.55249E-01  9.51309E-01  9.47038E-01  9.42675E-01  9.38894E-01  9.34200E-01
  9.30554E-01  9.22099E-01  9.14072E-01  9.06779E-01  8.98816E-01  8.90711E-01
  8.83087E-01  8.75220E-01  8.68115E-01  8.52956E-01  8.37853E-01  8.23471E-01
  8.09509E-01  7.95490E-01  7.81538E-01  7.68418E-01  7.54957E-01  7.29316E-01
  7.04639E-01  6.80364E-01  6.57084E-01  6.34600E-01  6.13151E-01  5.92367E-01
  5.72227E-01  5.33800E-01  4.98102E-01  4.65002E-01  4.34179E-01  4.05734E-01
  3.78960E-01  3.54120E-01  3.31386E-01  2.89374E-01  2.53074E-01  2.20976E-01
  1.93083E-01  1.68657E-01  1.47398E-01  1.28723E-01  1.12556E-01  8.60616E-02
  6.61485E-02  5.10471E-02  3.93847E-02  3.05849E-02  2.34396E-02  1.79842E-02
  1.50781E-02  9.36726E-03  5.91671E-03  4.22563E-03  3.20782E-03  2.99454E-03
  2.76262E-03  2.56578E-03  2.12384E-03  1.26987E-03  4.24776E-04  3.63152E-04
  9.14240E-04  1.96590E-03  2.62789E-03  1.59859E-03  6.39184E-04  7.46485E-04
 -7.30312E-04  4.55296E-04 -4.23168E-04  3.13533E-04  5.81835E-04 -2.42406E-04
  3.89719E-04  7.97576E-04  9.82576E-05  8.60181E-04  3.86993E-04 -1.67897E-03
 -7.77984E-04 -5.48438E-04  1.87034E-03  1.19650E-03 -5.30520E-04  2.36605E-04
  3.82830E-04 -1.77343E-04 -1.57157E-03 -1.89793E-03 -6.31123E-04  1.66268E-04
 -7.19407E-04  3.64432E-04 -1.06125E-03  3.43593E-04  1.19828E-03  4.95010E-04
 -1.07683E-04  6.90256E-04 -4.13483E-05 -5.83449E-04  7.72240E-04 -9.60073E-04
 -4.07805E-04 -3.03039E-04 -2.56443E-04  1.07790E-04  4.48064E-04 -4.41684E-04
 -1.61383E-04 -3.04890E-04  3.71524E-04  1.68765E-04 -3.73596E-04 -4.52868E-04
  8.65795E-05 -2.13013E-04  1.84238E-05  4.17697E-04  2.57110E-04 -8.10898E-05
