AutoSaveFileName0088.ASC
 IFORMY    0    .00
 (6E13.7)
 IFORMT    0    .00
 (6E13.7)
 IFORMW    0    .00
 (6E13.7)
 NINTT     0   -1.00
 DOUSNQ    0    1.00
 IQUAD     0    1.00
 PRWT      0    1.00
 PRY       0    1.00
 IPLRES    1    3.00
 IPLRES    2    3.00
 IPRINT    1    0.00
 IPRINT    2    2.00
 IPLFIT    1    0.00
 IPLFIT    2    0.00
 LINEPG    0   50.
 NONNEG    1    1.00
 IWT       0    5.00
 NQPROG    1    5.00
 NQPROG    2    5.00
 GMNMX     1    1.26138E-02
 GMNMX     2    4.52805E-03
 RUSER    10    -1.00
 NG        0    500.00
 NLINF     0    1.00
 IUSER    10    4.00
 RUSER    21    1.0
 RUSER    22   -1.0
 RUSER    23    0.0
 RUSER    18         291.95358
 RUSER    17         54.99700
 RUSER    19         1.03168
 RUSER    15         1.33200
 RUSER    16         632.80000
 RUSER    25         1
 RUSER    26         0
 END       0    0.00
 NY      162
  7.50000E-07  8.75000E-07  1.00000E-06  1.12500E-06  1.25000E-06  1.37500E-06
  1.50000E-06  1.62500E-06  1.75000E-06  1.87500E-06  2.00000E-06  2.25000E-06
  2.50000E-06  2.75000E-06  3.00000E-06  3.25000E-06  3.50000E-06  3.75000E-06
  4.00000E-06  4.50000E-06  5.00000E-06  5.50000E-06  6.00000E-06  6.50000E-06
  7.00000E-06  7.50000E-06  8.00000E-06  9.00000E-06  1.00000E-05  1.10000E-05
  1.20000E-05  1.30000E-05  1.40000E-05  1.50000E-05  1.60000E-05  1.80000E-05
  2.00000E-05  2.20000E-05  2.40000E-05  2.60000E-05  2.80000E-05  3.00000E-05
  3.20000E-05  3.60000E-05  4.00000E-05  4.40000E-05  4.80000E-05  5.20000E-05
  5.60000E-05  6.00000E-05  6.40000E-05  7.20000E-05  8.00000E-05  8.80000E-05
  9.60000E-05  1.04000E-04  1.12000E-04  1.20000E-04  1.28000E-04  1.44000E-04
  1.60000E-04  1.76000E-04  1.92000E-04  2.08000E-04  2.24000E-04  2.40000E-04
  2.56000E-04  2.88000E-04  3.20000E-04  3.52000E-04  3.84000E-04  4.16000E-04
  4.48000E-04  4.80000E-04  5.12000E-04  5.76000E-04  6.40000E-04  7.04000E-04
  7.68000E-04  8.32000E-04  8.96000E-04  9.60000E-04  1.02400E-03  1.15200E-03
  1.28000E-03  1.40800E-03  1.53600E-03  1.66400E-03  1.79200E-03  1.92000E-03
  2.01600E-03  2.27200E-03  2.52800E-03  2.78400E-03  3.04000E-03  3.29600E-03
  3.55200E-03  3.80800E-03  4.06400E-03  4.57600E-03  5.08800E-03  5.60000E-03
  6.11200E-03  6.62400E-03  7.13600E-03  7.64800E-03  8.16000E-03  9.18400E-03
  1.02080E-02  1.12320E-02  1.22560E-02  1.32800E-02  1.43040E-02  1.53280E-02
  1.63520E-02  1.84000E-02  2.04480E-02  2.24960E-02  2.45440E-02  2.65920E-02
  2.86400E-02  3.06880E-02  3.27360E-02  3.68320E-02  4.09280E-02  4.50240E-02
  4.91200E-02  5.32160E-02  5.73120E-02  6.14080E-02  6.55040E-02  7.36960E-02
  8.18880E-02  9.00800E-02  9.82720E-02  1.06464E-01  1.14656E-01  1.22848E-01
  1.31040E-01  1.47424E-01  1.63808E-01  1.80192E-01  1.96576E-01  2.12960E-01
  2.29344E-01  2.45728E-01  2.62112E-01  2.94880E-01  3.27648E-01  3.60416E-01
  3.93184E-01  4.25952E-01  4.58720E-01  4.91488E-01  5.24256E-01  5.89792E-01
  6.55328E-01  7.20864E-01  7.86400E-01  8.51936E-01  9.17472E-01  9.83008E-01
  1.00000E+00  9.98719E-01  9.98335E-01  9.96188E-01  9.95992E-01  9.97158E-01
  9.97506E-01  9.94602E-01  9.94468E-01  9.95451E-01  9.93979E-01  9.93189E-01
  9.94321E-01  9.93027E-01  9.93277E-01  9.94250E-01  9.91093E-01  9.91157E-01
  9.92342E-01  9.91012E-01  9.90308E-01  9.88666E-01  9.89255E-01  9.88713E-01
  9.86869E-01  9.86624E-01  9.86148E-01  9.84418E-01  9.83195E-01  9.82001E-01
  9.80689E-01  9.78871E-01  9.77394E-01  9.76155E-01  9.74791E-01  9.72645E-01
  9.69972E-01  9.67020E-01  9.64485E-01  9.62089E-01  9.58734E-01  9.56569E-01
  9.53737E-01  9.48650E-01  9.43178E-01  9.37823E-01  9.32573E-01  9.27387E-01
  9.22685E-01  9.17529E-01  9.12296E-01  9.02315E-01  8.92425E-01  8.82071E-01
  8.72722E-01  8.63199E-01  8.53470E-01  8.44167E-01  8.34952E-01  8.16738E-01
  7.99223E-01  7.81905E-01  7.64680E-01  7.48200E-01  7.31591E-01  7.15791E-01
  7.00262E-01  6.70198E-01  6.41334E-01  6.14073E-01  5.87943E-01  5.62991E-01
  5.38934E-01  5.16311E-01  4.94815E-01  4.53990E-01  4.16605E-01  3.82514E-01
  3.51385E-01  3.22832E-01  2.96733E-01  2.72816E-01  2.50429E-01  2.11662E-01
  1.79070E-01  1.51911E-01  1.29082E-01  1.10186E-01  9.42340E-02  8.05667E-02
  7.23024E-02  5.35693E-02  4.05020E-02  3.12497E-02  2.42909E-02  1.90066E-02
  1.47941E-02  1.16411E-02  8.93422E-03  4.42259E-03  2.33822E-04 -1.69208E-03
 -4.78843E-04  4.89692E-04  9.40865E-05  7.37114E-04 -5.07846E-04 -1.05735E-04
  2.56928E-03  2.55213E-03  6.04540E-04 -7.92588E-04  7.85911E-04 -1.46578E-04
 -4.99090E-04 -1.05110E-03  3.88372E-04 -1.12512E-03 -3.16238E-03 -1.12583E-03
 -1.33951E-03  7.74156E-04 -9.83689E-04 -9.50706E-04 -4.17166E-04 -1.15728E-04
 -6.10937E-07  8.52604E-04  1.65538E-03 -4.14187E-03 -8.26455E-04 -4.62779E-04
 -4.81534E-04 -9.79130E-04 -1.57028E-03 -2.17386E-04  1.26808E-03  4.75162E-04
  8.37866E-04 -1.05853E-03  9.96923E-04  1.79515E-03  5.65500E-04 -3.16621E-04
  9.46674E-04  5.55556E-04  3.29011E-04 -3.20608E-04 -9.31245E-04  4.98407E-05
 -7.72019E-04 -1.96574E-04 -3.25281E-04 -6.82472E-04 -5.29452E-04 -4.95014E-04
 -5.87307E-04  2.41358E-04 -3.27116E-04 -3.30304E-04 -1.27866E-04 -4.59566E-04
