AutoSaveFileName0235.ASC
 IFORMY    0    .00
 (6E13.7)
 IFORMT    0    .00
 (6E13.7)
 IFORMW    0    .00
 (6E13.7)
 NINTT     0   -1.00
 DOUSNQ    0    1.00
 IQUAD     0    1.00
 PRWT      0    1.00
 PRY       0    1.00
 IPLRES    1    3.00
 IPLRES    2    3.00
 IPRINT    1    0.00
 IPRINT    2    2.00
 IPLFIT    1    0.00
 IPLFIT    2    0.00
 LINEPG    0   50.
 NONNEG    1    1.00
 IWT       0    5.00
 NQPROG    1    5.00
 NQPROG    2    5.00
 GMNMX     1    3.25925E-03
 GMNMX     2    1.16999E-03
 RUSER    10    -1.00
 NG        0    500.00
 NLINF     0    1.00
 IUSER    10    4.00
 RUSER    21    1.0
 RUSER    22   -1.0
 RUSER    23    0.0
 RUSER    18         292.11290
 RUSER    17         129.99900
 RUSER    19         1.02762
 RUSER    15         1.33200
 RUSER    16         632.80000
 RUSER    25         1
 RUSER    26         0
 END       0    0.00
 NY      162
  7.50000E-07  8.75000E-07  1.00000E-06  1.12500E-06  1.25000E-06  1.37500E-06
  1.50000E-06  1.62500E-06  1.75000E-06  1.87500E-06  2.00000E-06  2.25000E-06
  2.50000E-06  2.75000E-06  3.00000E-06  3.25000E-06  3.50000E-06  3.75000E-06
  4.00000E-06  4.50000E-06  5.00000E-06  5.50000E-06  6.00000E-06  6.50000E-06
  7.00000E-06  7.50000E-06  8.00000E-06  9.00000E-06  1.00000E-05  1.10000E-05
  1.20000E-05  1.30000E-05  1.40000E-05  1.50000E-05  1.60000E-05  1.80000E-05
  2.00000E-05  2.20000E-05  2.40000E-05  2.60000E-05  2.80000E-05  3.00000E-05
  3.20000E-05  3.60000E-05  4.00000E-05  4.40000E-05  4.80000E-05  5.20000E-05
  5.60000E-05  6.00000E-05  6.40000E-05  7.20000E-05  8.00000E-05  8.80000E-05
  9.60000E-05  1.04000E-04  1.12000E-04  1.20000E-04  1.28000E-04  1.44000E-04
  1.60000E-04  1.76000E-04  1.92000E-04  2.08000E-04  2.24000E-04  2.40000E-04
  2.56000E-04  2.88000E-04  3.20000E-04  3.52000E-04  3.84000E-04  4.16000E-04
  4.48000E-04  4.80000E-04  5.12000E-04  5.76000E-04  6.40000E-04  7.04000E-04
  7.68000E-04  8.32000E-04  8.96000E-04  9.60000E-04  1.02400E-03  1.15200E-03
  1.28000E-03  1.40800E-03  1.53600E-03  1.66400E-03  1.79200E-03  1.92000E-03
  2.01600E-03  2.27200E-03  2.52800E-03  2.78400E-03  3.04000E-03  3.29600E-03
  3.55200E-03  3.80800E-03  4.06400E-03  4.57600E-03  5.08800E-03  5.60000E-03
  6.11200E-03  6.62400E-03  7.13600E-03  7.64800E-03  8.16000E-03  9.18400E-03
  1.02080E-02  1.12320E-02  1.22560E-02  1.32800E-02  1.43040E-02  1.53280E-02
  1.63520E-02  1.84000E-02  2.04480E-02  2.24960E-02  2.45440E-02  2.65920E-02
  2.86400E-02  3.06880E-02  3.27360E-02  3.68320E-02  4.09280E-02  4.50240E-02
  4.91200E-02  5.32160E-02  5.73120E-02  6.14080E-02  6.55040E-02  7.36960E-02
  8.18880E-02  9.00800E-02  9.82720E-02  1.06464E-01  1.14656E-01  1.22848E-01
  1.31040E-01  1.47424E-01  1.63808E-01  1.80192E-01  1.96576E-01  2.12960E-01
  2.29344E-01  2.45728E-01  2.62112E-01  2.94880E-01  3.27648E-01  3.60416E-01
  3.93184E-01  4.25952E-01  4.58720E-01  4.91488E-01  5.24256E-01  5.89792E-01
  6.55328E-01  7.20864E-01  7.86400E-01  8.51936E-01  9.17472E-01  9.83008E-01
  1.00000E+00  9.95738E-01  9.97667E-01  9.97225E-01  9.94975E-01  9.91361E-01
  9.91673E-01  9.90840E-01  9.91191E-01  9.89994E-01  9.87113E-01  9.86970E-01
  9.84989E-01  9.83769E-01  9.84334E-01  9.81359E-01  9.82453E-01  9.79374E-01
  9.77464E-01  9.74755E-01  9.71707E-01  9.68553E-01  9.66892E-01  9.63512E-01
  9.62250E-01  9.58213E-01  9.55835E-01  9.49711E-01  9.44735E-01  9.40311E-01
  9.33716E-01  9.28943E-01  9.25074E-01  9.20531E-01  9.14912E-01  9.03689E-01
  8.94416E-01  8.84472E-01  8.75634E-01  8.65480E-01  8.55357E-01  8.45731E-01
  8.36995E-01  8.18021E-01  7.99964E-01  7.83097E-01  7.65665E-01  7.48575E-01
  7.32362E-01  7.16223E-01  7.00387E-01  6.69888E-01  6.40692E-01  6.13073E-01
  5.86265E-01  5.60925E-01  5.36509E-01  5.13079E-01  4.91169E-01  4.49211E-01
  4.11242E-01  3.76416E-01  3.44220E-01  3.15439E-01  2.89013E-01  2.64929E-01
  2.42986E-01  2.03897E-01  1.71517E-01  1.44127E-01  1.20840E-01  1.01484E-01
  8.49010E-02  7.11594E-02  6.02419E-02  4.25295E-02  3.03770E-02  2.19480E-02
  1.56266E-02  1.11702E-02  7.67631E-03  5.71067E-03  4.34582E-03  3.11963E-03
  1.93938E-03  7.10837E-04 -1.82791E-05 -6.15483E-04 -1.26633E-03 -4.95183E-04
  6.39432E-05  5.38068E-04  8.11280E-04  1.16300E-03  1.21789E-03 -1.14936E-03
 -7.63430E-04  3.27663E-04  4.62586E-04  1.07797E-03 -3.51941E-05 -5.71999E-04
  6.93184E-04  1.21619E-03 -3.39237E-05  1.83363E-04 -2.39426E-04  3.02309E-04
 -2.47886E-04 -1.20837E-03 -1.29661E-03  3.30349E-06  3.45573E-04  5.60957E-04
 -8.92114E-05 -2.24070E-04  1.00744E-03 -1.51405E-04  4.01434E-04  6.19982E-04
  3.30945E-04 -2.39681E-04  7.92516E-04  1.72415E-04 -8.38913E-04  2.78292E-05
 -1.71563E-04  6.57846E-04  1.35701E-03  9.42282E-05 -3.64069E-04 -3.23266E-04
 -3.13271E-04 -1.62010E-04 -2.40477E-04 -2.41654E-04  3.36195E-04 -8.10871E-04
  2.18923E-04 -1.41407E-04 -1.79850E-04  3.00446E-04 -5.79540E-04 -1.75874E-04
 -4.22129E-04 -3.25103E-04  1.01015E-04  1.45786E-04  1.82653E-04  3.88323E-04
  2.85375E-04  1.86293E-05  1.06068E-04  1.78941E-05 -6.49100E-05 -1.01054E-04
  9.01531E-05 -1.13036E-04 -1.70529E-05 -7.52975E-05  9.42812E-05 -4.63351E-05
