AutoSaveFileName0253.ASC
 IFORMY    0    .00
 (6E13.7)
 IFORMT    0    .00
 (6E13.7)
 IFORMW    0    .00
 (6E13.7)
 NINTT     0   -1.00
 DOUSNQ    0    1.00
 IQUAD          1.00
 PRWT      0    1.00
 PRY       0    1.00
 IPLRES    1    3.00
 IPLRES    2    3.00
 IPRINT    1    0.00
 IPRINT    2    2.00
 IPLFIT    1    0.00
 IPLFIT    2    0.00
 LINEPG    0   50.
 NONNEG    1    1.00
 IWT       0    5.00
 NQPROG    1    5.00
 NQPROG    2    5.00
 GMNMX     1    7.744E-06
 GMNMX     2    7.744E-03
 RUSER    10    -1.00
 NG        0    200.00
 NLINF     0    0.00
 IUSER    10    4.00
 RUSER    21    1.0
 RUSER    22   -1.0
 RUSER    23    0.0
 RUSER    18         292.24861
 RUSER    17         139.99900
 RUSER    19         1.02418
 RUSER    15         1.33200
 RUSER    16         632.80000
 RUSER    25         1
 RUSER    26         0
 END       0    0.00
 NY      188
  5.00000E-07  6.25000E-07  7.50000E-07  8.75000E-07  1.00000E-06  1.12500E-06
  1.25000E-06  1.37500E-06  1.50000E-06  1.62500E-06  1.75000E-06  1.87500E-06
  2.00000E-06  2.25000E-06  2.50000E-06  2.75000E-06  3.00000E-06  3.25000E-06
  3.50000E-06  3.75000E-06  4.00000E-06  4.50000E-06  5.00000E-06  5.50000E-06
  6.00000E-06  6.50000E-06  7.00000E-06  7.50000E-06  8.00000E-06  9.00000E-06
  1.00000E-05  1.10000E-05  1.20000E-05  1.30000E-05  1.40000E-05  1.50000E-05
  1.60000E-05  1.80000E-05  2.00000E-05  2.20000E-05  2.40000E-05  2.60000E-05
  2.80000E-05  3.00000E-05  3.20000E-05  3.60000E-05  4.00000E-05  4.40000E-05
  4.80000E-05  5.20000E-05  5.60000E-05  6.00000E-05  6.40000E-05  7.20000E-05
  8.00000E-05  8.80000E-05  9.60000E-05  1.04000E-04  1.12000E-04  1.20000E-04
  1.28000E-04  1.44000E-04  1.60000E-04  1.76000E-04  1.92000E-04  2.08000E-04
  2.24000E-04  2.40000E-04  2.56000E-04  2.88000E-04  3.20000E-04  3.52000E-04
  3.84000E-04  4.16000E-04  4.48000E-04  4.80000E-04  5.12000E-04  5.76000E-04
  6.40000E-04  7.04000E-04  7.68000E-04  8.32000E-04  8.96000E-04  9.60000E-04
  1.02400E-03  1.15200E-03  1.28000E-03  1.40800E-03  1.53600E-03  1.66400E-03
  1.79200E-03  1.92000E-03  2.01600E-03  2.27200E-03  2.52800E-03  2.78400E-03
  3.04000E-03  3.29600E-03  3.55200E-03  3.80800E-03  4.06400E-03  4.57600E-03
  5.08800E-03  5.60000E-03  6.11200E-03  6.62400E-03  7.13600E-03  7.64800E-03
  8.16000E-03  9.18400E-03  1.02080E-02  1.12320E-02  1.22560E-02  1.32800E-02
  1.43040E-02  1.53280E-02  1.63520E-02  1.84000E-02  2.04480E-02  2.24960E-02
  2.45440E-02  2.65920E-02  2.86400E-02  3.06880E-02  3.27360E-02  3.68320E-02
  4.09280E-02  4.50240E-02  4.91200E-02  5.32160E-02  5.73120E-02  6.14080E-02
  6.55040E-02  7.36960E-02  8.18880E-02  9.00800E-02  9.82720E-02  1.06464E-01
  1.14656E-01  1.22848E-01  1.31040E-01  1.47424E-01  1.63808E-01  1.80192E-01
  1.96576E-01  2.12960E-01  2.29344E-01  2.45728E-01  2.62112E-01  2.94880E-01
  3.27648E-01  3.60416E-01  3.93184E-01  4.25952E-01  4.58720E-01  4.91488E-01
  5.24256E-01  5.89792E-01  6.55328E-01  7.20864E-01  7.86400E-01  8.51936E-01
  9.17472E-01  9.83008E-01  1.04854E+00  1.17962E+00  1.31069E+00  1.44176E+00
  1.57283E+00  1.70390E+00  1.83498E+00  1.96605E+00  2.09712E+00  2.35926E+00
  2.62141E+00  2.88355E+00  3.14570E+00  3.40784E+00  3.66998E+00  3.93213E+00
  4.19427E+00  4.71856E+00  5.24285E+00  5.76714E+00  6.29142E+00  6.81571E+00
  7.34000E+00  7.86429E+00
  9.95712E-01  9.95043E-01  9.89735E-01  9.94102E-01  9.91782E-01  9.89767E-01
  9.90541E-01  9.88476E-01  9.89209E-01  9.90417E-01  9.90545E-01  9.89566E-01
  9.89827E-01  9.89419E-01  9.88167E-01  9.90121E-01  9.88826E-01  9.89703E-01
  9.87478E-01  9.88013E-01  9.88377E-01  9.89582E-01  9.87232E-01  9.88686E-01
  9.87927E-01  9.88909E-01  9.87411E-01  9.86863E-01  9.87350E-01  9.87016E-01
  9.86021E-01  9.85463E-01  9.85626E-01  9.85301E-01  9.83739E-01  9.83617E-01
  9.83337E-01  9.83005E-01  9.81322E-01  9.80685E-01  9.79983E-01  9.79087E-01
  9.78067E-01  9.77251E-01  9.76387E-01  9.74583E-01  9.72884E-01  9.70894E-01
  9.69205E-01  9.67219E-01  9.66023E-01  9.64608E-01  9.62325E-01  9.58860E-01
  9.54939E-01  9.51828E-01  9.47712E-01  9.44272E-01  9.40852E-01  9.37431E-01
  9.33583E-01  9.26688E-01  9.19627E-01  9.12578E-01  9.05919E-01  8.99230E-01
  8.92405E-01  8.85806E-01  8.79118E-01  8.66035E-01  8.53127E-01  8.40512E-01
  8.27978E-01  8.15612E-01  8.03409E-01  7.91642E-01  7.80054E-01  7.57197E-01
  7.35191E-01  7.13867E-01  6.92852E-01  6.72752E-01  6.53255E-01  6.34360E-01
  6.16011E-01  5.80899E-01  5.47771E-01  5.16405E-01  4.87000E-01  4.59201E-01
  4.33284E-01  4.08982E-01  3.92402E-01  3.50567E-01  3.13570E-01  2.80490E-01
  2.51228E-01  2.25574E-01  2.02285E-01  1.81620E-01  1.64232E-01  1.33481E-01
  1.08802E-01  8.92007E-02  7.22098E-02  5.74772E-02  4.56335E-02  3.66076E-02
  3.00379E-02  2.12966E-02  1.56057E-02  9.94179E-03  5.78228E-03  4.11491E-03
  4.28639E-03  5.76758E-03  5.85936E-03  1.38612E-03 -4.30772E-04 -4.61296E-05
 -1.56463E-03 -6.94950E-03 -6.27360E-03 -4.80391E-03 -1.48457E-03  2.40655E-03
  3.96709E-03 -2.32098E-03  4.73974E-03 -2.48596E-03 -6.24424E-03 -5.08808E-03
 -2.07402E-03  1.77072E-03 -4.04226E-04 -2.77093E-04  3.86125E-03  4.83327E-03
 -5.50260E-03 -8.41973E-03 -4.24753E-04 -1.52792E-03 -2.17119E-03 -3.22867E-04
 -3.46927E-03  9.07305E-05 -4.85460E-03  3.39046E-03  1.56851E-03 -1.05801E-03
 -9.75342E-04  4.86180E-04 -5.04814E-04 -1.39145E-03 -1.54196E-03 -1.10440E-03
  7.11935E-04  1.82446E-03  1.48875E-04  2.69564E-03  8.83336E-04 -1.60666E-03
  1.49861E-03 -2.20855E-03 -1.06922E-03 -6.68442E-04 -2.41974E-03 -8.32979E-04
 -1.95682E-03  1.09202E-03 -1.84342E-03 -1.25767E-03 -1.27302E-03 -7.30648E-04
 -1.22679E-03 -9.31046E-05  5.78327E-04  5.31586E-04  6.65608E-05  1.23199E-03
  1.23888E-04 -6.34360E-04 -7.70627E-04 -7.22079E-05 -8.02959E-05  2.15873E-03
  1.07718E-03  5.18707E-04
