AutoSaveFileName0199.ASC
 IFORMY    0    .00
 (6E13.7)
 IFORMT    0    .00
 (6E13.7)
 IFORMW    0    .00
 (6E13.7)
 NINTT     0   -1.00
 DOUSNQ    0    1.00
 IQUAD     0    1.00
 PRWT      0    1.00
 PRY       0    1.00
 IPLRES    1    3.00
 IPLRES    2    3.00
 IPRINT    1    0.00
 IPRINT    2    2.00
 IPLFIT    1    0.00
 IPLFIT    2    0.00
 LINEPG    0   50.
 NONNEG    1    1.00
 IWT       0    5.00
 NQPROG    1    5.00
 NQPROG    2    5.00
 GMNMX     1    3.99506E-03
 GMNMX     2    1.43413E-03
 RUSER    10    -1.00
 NG        0    500.00
 NLINF     0    1.00
 IUSER    10    4.00
 RUSER    21    1.0
 RUSER    22   -1.0
 RUSER    23    0.0
 RUSER    18         292.06533
 RUSER    17         109.99900
 RUSER    19         1.02883
 RUSER    15         1.33200
 RUSER    16         632.80000
 RUSER    25         1
 RUSER    26         0
 END       0    0.00
 NY      162
  7.50000E-07  8.75000E-07  1.00000E-06  1.12500E-06  1.25000E-06  1.37500E-06
  1.50000E-06  1.62500E-06  1.75000E-06  1.87500E-06  2.00000E-06  2.25000E-06
  2.50000E-06  2.75000E-06  3.00000E-06  3.25000E-06  3.50000E-06  3.75000E-06
  4.00000E-06  4.50000E-06  5.00000E-06  5.50000E-06  6.00000E-06  6.50000E-06
  7.00000E-06  7.50000E-06  8.00000E-06  9.00000E-06  1.00000E-05  1.10000E-05
  1.20000E-05  1.30000E-05  1.40000E-05  1.50000E-05  1.60000E-05  1.80000E-05
  2.00000E-05  2.20000E-05  2.40000E-05  2.60000E-05  2.80000E-05  3.00000E-05
  3.20000E-05  3.60000E-05  4.00000E-05  4.40000E-05  4.80000E-05  5.20000E-05
  5.60000E-05  6.00000E-05  6.40000E-05  7.20000E-05  8.00000E-05  8.80000E-05
  9.60000E-05  1.04000E-04  1.12000E-04  1.20000E-04  1.28000E-04  1.44000E-04
  1.60000E-04  1.76000E-04  1.92000E-04  2.08000E-04  2.24000E-04  2.40000E-04
  2.56000E-04  2.88000E-04  3.20000E-04  3.52000E-04  3.84000E-04  4.16000E-04
  4.48000E-04  4.80000E-04  5.12000E-04  5.76000E-04  6.40000E-04  7.04000E-04
  7.68000E-04  8.32000E-04  8.96000E-04  9.60000E-04  1.02400E-03  1.15200E-03
  1.28000E-03  1.40800E-03  1.53600E-03  1.66400E-03  1.79200E-03  1.92000E-03
  2.01600E-03  2.27200E-03  2.52800E-03  2.78400E-03  3.04000E-03  3.29600E-03
  3.55200E-03  3.80800E-03  4.06400E-03  4.57600E-03  5.08800E-03  5.60000E-03
  6.11200E-03  6.62400E-03  7.13600E-03  7.64800E-03  8.16000E-03  9.18400E-03
  1.02080E-02  1.12320E-02  1.22560E-02  1.32800E-02  1.43040E-02  1.53280E-02
  1.63520E-02  1.84000E-02  2.04480E-02  2.24960E-02  2.45440E-02  2.65920E-02
  2.86400E-02  3.06880E-02  3.27360E-02  3.68320E-02  4.09280E-02  4.50240E-02
  4.91200E-02  5.32160E-02  5.73120E-02  6.14080E-02  6.55040E-02  7.36960E-02
  8.18880E-02  9.00800E-02  9.82720E-02  1.06464E-01  1.14656E-01  1.22848E-01
  1.31040E-01  1.47424E-01  1.63808E-01  1.80192E-01  1.96576E-01  2.12960E-01
  2.29344E-01  2.45728E-01  2.62112E-01  2.94880E-01  3.27648E-01  3.60416E-01
  3.93184E-01  4.25952E-01  4.58720E-01  4.91488E-01  5.24256E-01  5.89792E-01
  6.55328E-01  7.20864E-01  7.86400E-01  8.51936E-01  9.17472E-01  9.83008E-01
  9.98600E-01  1.00000E+00  9.94509E-01  9.97335E-01  9.94883E-01  9.95953E-01
  9.92240E-01  9.95071E-01  9.92433E-01  9.90763E-01  9.91275E-01  9.89320E-01
  9.89958E-01  9.87302E-01  9.86084E-01  9.84821E-01  9.84701E-01  9.84223E-01
  9.81149E-01  9.78623E-01  9.77707E-01  9.74834E-01  9.72811E-01  9.69396E-01
  9.68968E-01  9.65666E-01  9.63281E-01  9.59551E-01  9.55129E-01  9.50654E-01
  9.47125E-01  9.42702E-01  9.36681E-01  9.33816E-01  9.29842E-01  9.20788E-01
  9.13506E-01  9.04521E-01  8.97012E-01  8.88579E-01  8.81281E-01  8.73109E-01
  8.65087E-01  8.49083E-01  8.34638E-01  8.19655E-01  8.04828E-01  7.89845E-01
  7.75875E-01  7.62348E-01  7.48749E-01  7.22093E-01  6.96778E-01  6.72057E-01
  6.47939E-01  6.25389E-01  6.03092E-01  5.81821E-01  5.61454E-01  5.22521E-01
  4.86227E-01  4.52583E-01  4.21368E-01  3.92183E-01  3.65303E-01  3.40109E-01
  3.17039E-01  2.74708E-01  2.38117E-01  2.06599E-01  1.79418E-01  1.55907E-01
  1.35420E-01  1.17739E-01  1.02735E-01  7.72794E-02  5.83521E-02  4.35888E-02
  3.25389E-02  2.41652E-02  1.80202E-02  1.34707E-02  1.02624E-02  5.47977E-03
  2.52638E-03  5.37276E-04 -4.39776E-04 -4.91771E-04 -6.77676E-04 -7.99610E-04
 -3.70655E-04  9.74450E-05  3.67667E-04 -9.17227E-04 -9.32076E-04 -9.01811E-04
 -1.53919E-03 -4.94113E-04  2.38349E-04  1.67401E-03  9.77620E-04  1.00873E-03
 -1.29692E-04 -1.31239E-03  1.15167E-04 -4.36470E-05  1.41641E-03  6.97701E-04
 -4.45096E-04  6.72132E-04 -1.65867E-03 -1.24879E-03  4.69104E-04  2.53676E-04
  1.81777E-04 -6.51831E-04 -2.50853E-04 -5.86549E-04  2.16145E-04  9.24997E-05
  2.69125E-04 -1.05962E-03 -6.10857E-05 -5.61233E-04 -3.44306E-04  8.77931E-04
 -1.66042E-04 -8.80716E-05 -7.38370E-05  1.08022E-04  3.56728E-04  2.11687E-04
 -1.37733E-04  3.71078E-05  1.53458E-04  8.82602E-04  5.59876E-04 -1.04438E-04
 -3.80926E-05 -2.45878E-04 -1.03117E-04 -6.51816E-04 -3.60211E-05 -3.72226E-04
  4.81004E-04  2.93122E-04 -2.20107E-04  4.06611E-05 -1.57930E-04  2.66974E-04
  1.02324E-04 -6.32803E-05  1.48677E-04 -2.66420E-04  1.13966E-05 -3.91018E-05
 -2.94212E-04  3.40477E-05  2.12334E-05 -1.25670E-04 -1.97211E-04 -9.08329E-05
