AutoSaveFileName0080.ASC
 IFORMY    0    .00
 (6E13.7)
 IFORMT    0    .00
 (6E13.7)
 IFORMW    0    .00
 (6E13.7)
 NINTT     0   -1.00
 DOUSNQ    0    1.00
 IQUAD          1.00
 PRWT      0    1.00
 PRY       0    1.00
 IPLRES    1    3.00
 IPLRES    2    3.00
 IPRINT    1    0.00
 IPRINT    2    2.00
 IPLFIT    1    0.00
 IPLFIT    2    0.00
 LINEPG    0   50.
 NONNEG    1    1.00
 IWT       0    5.00
 NQPROG    1    5.00
 NQPROG    2    5.00
 GMNMX     1    3.213E-05
 GMNMX     2    3.213E-02
 RUSER    10    -1.00
 NG        0    200.00
 NLINF     0    0.00
 IUSER    10    4.00
 RUSER    21    1.0
 RUSER    22   -1.0
 RUSER    23    0.0
 RUSER    18         292.18710
 RUSER    17         54.99800
 RUSER    19         1.02574
 RUSER    15         1.33200
 RUSER    16         632.80000
 RUSER    25         1
 RUSER    26         0
 END       0    0.00
 NY      188
  5.00000E-07  6.25000E-07  7.50000E-07  8.75000E-07  1.00000E-06  1.12500E-06
  1.25000E-06  1.37500E-06  1.50000E-06  1.62500E-06  1.75000E-06  1.87500E-06
  2.00000E-06  2.25000E-06  2.50000E-06  2.75000E-06  3.00000E-06  3.25000E-06
  3.50000E-06  3.75000E-06  4.00000E-06  4.50000E-06  5.00000E-06  5.50000E-06
  6.00000E-06  6.50000E-06  7.00000E-06  7.50000E-06  8.00000E-06  9.00000E-06
  1.00000E-05  1.10000E-05  1.20000E-05  1.30000E-05  1.40000E-05  1.50000E-05
  1.60000E-05  1.80000E-05  2.00000E-05  2.20000E-05  2.40000E-05  2.60000E-05
  2.80000E-05  3.00000E-05  3.20000E-05  3.60000E-05  4.00000E-05  4.40000E-05
  4.80000E-05  5.20000E-05  5.60000E-05  6.00000E-05  6.40000E-05  7.20000E-05
  8.00000E-05  8.80000E-05  9.60000E-05  1.04000E-04  1.12000E-04  1.20000E-04
  1.28000E-04  1.44000E-04  1.60000E-04  1.76000E-04  1.92000E-04  2.08000E-04
  2.24000E-04  2.40000E-04  2.56000E-04  2.88000E-04  3.20000E-04  3.52000E-04
  3.84000E-04  4.16000E-04  4.48000E-04  4.80000E-04  5.12000E-04  5.76000E-04
  6.40000E-04  7.04000E-04  7.68000E-04  8.32000E-04  8.96000E-04  9.60000E-04
  1.02400E-03  1.15200E-03  1.28000E-03  1.40800E-03  1.53600E-03  1.66400E-03
  1.79200E-03  1.92000E-03  2.01600E-03  2.27200E-03  2.52800E-03  2.78400E-03
  3.04000E-03  3.29600E-03  3.55200E-03  3.80800E-03  4.06400E-03  4.57600E-03
  5.08800E-03  5.60000E-03  6.11200E-03  6.62400E-03  7.13600E-03  7.64800E-03
  8.16000E-03  9.18400E-03  1.02080E-02  1.12320E-02  1.22560E-02  1.32800E-02
  1.43040E-02  1.53280E-02  1.63520E-02  1.84000E-02  2.04480E-02  2.24960E-02
  2.45440E-02  2.65920E-02  2.86400E-02  3.06880E-02  3.27360E-02  3.68320E-02
  4.09280E-02  4.50240E-02  4.91200E-02  5.32160E-02  5.73120E-02  6.14080E-02
  6.55040E-02  7.36960E-02  8.18880E-02  9.00800E-02  9.82720E-02  1.06464E-01
  1.14656E-01  1.22848E-01  1.31040E-01  1.47424E-01  1.63808E-01  1.80192E-01
  1.96576E-01  2.12960E-01  2.29344E-01  2.45728E-01  2.62112E-01  2.94880E-01
  3.27648E-01  3.60416E-01  3.93184E-01  4.25952E-01  4.58720E-01  4.91488E-01
  5.24256E-01  5.89792E-01  6.55328E-01  7.20864E-01  7.86400E-01  8.51936E-01
  9.17472E-01  9.83008E-01  1.04854E+00  1.17962E+00  1.31069E+00  1.44176E+00
  1.57283E+00  1.70390E+00  1.83498E+00  1.96605E+00  2.09712E+00  2.35926E+00
  2.62141E+00  2.88355E+00  3.14570E+00  3.40784E+00  3.66998E+00  3.93213E+00
  4.19427E+00  4.71856E+00  5.24285E+00  5.76714E+00  6.29142E+00  6.81571E+00
  7.34000E+00  7.86429E+00
  9.98243E-01  9.94469E-01  9.94139E-01  9.93467E-01  9.93116E-01  9.95105E-01
  9.92495E-01  9.96844E-01  9.93039E-01  9.88316E-01  9.89804E-01  9.95044E-01
  9.93190E-01  9.91119E-01  9.92532E-01  9.91074E-01  9.92259E-01  9.93656E-01
  9.92409E-01  9.92808E-01  9.90996E-01  9.92802E-01  9.90839E-01  9.91747E-01
  9.93552E-01  9.92629E-01  9.91961E-01  9.92876E-01  9.91147E-01  9.91623E-01
  9.90796E-01  9.91109E-01  9.92640E-01  9.90804E-01  9.91518E-01  9.91533E-01
  9.91584E-01  9.90341E-01  9.91121E-01  9.90644E-01  9.89682E-01  9.90811E-01
  9.89271E-01  9.90167E-01  9.90421E-01  9.89438E-01  9.88747E-01  9.88029E-01
  9.88151E-01  9.88136E-01  9.86912E-01  9.86591E-01  9.86063E-01  9.85695E-01
  9.85024E-01  9.84000E-01  9.83310E-01  9.82542E-01  9.81542E-01  9.80695E-01
  9.80033E-01  9.78308E-01  9.76975E-01  9.75732E-01  9.73735E-01  9.72082E-01
  9.70308E-01  9.68909E-01  9.67169E-01  9.64260E-01  9.61009E-01  9.57933E-01
  9.54857E-01  9.51465E-01  9.48126E-01  9.44997E-01  9.41216E-01  9.34759E-01
  9.28773E-01  9.22409E-01  9.16298E-01  9.09933E-01  9.04026E-01  8.97776E-01
  8.27633E-01  8.16304E-01  8.05119E-01  7.93999E-01  7.83130E-01  7.72448E-01
  7.61756E-01  7.51240E-01  8.04447E-01  7.83101E-01  7.62521E-01  7.42182E-01
  7.22450E-01  7.03060E-01  6.83958E-01  6.65860E-01  6.48394E-01  6.15957E-01
  5.85827E-01  5.56905E-01  5.28919E-01  5.01534E-01  4.75577E-01  4.51351E-01
  4.29006E-01  3.86367E-01  3.47023E-01  3.12049E-01  2.79544E-01  2.47861E-01
  2.18148E-01  1.90363E-01  1.66360E-01  1.21471E-01  8.31752E-02  5.21287E-02
  3.08277E-02  1.72336E-02  7.53328E-03  3.44264E-04 -5.27344E-03 -1.33955E-02
 -1.44581E-02 -6.04542E-03 -8.83683E-04 -1.39327E-03 -5.41862E-03 -1.01700E-02
 -9.92364E-03 -1.39865E-02 -1.43272E-02  2.22783E-02  2.92223E-02  1.74267E-02
  8.20467E-03  1.05117E-02  1.09391E-02  6.16955E-03 -1.05085E-02 -1.47568E-02
 -3.27284E-02 -1.73613E-02  7.34661E-03  2.57416E-02 -1.31851E-03  8.44054E-03
  8.36210E-03  1.02911E-02 -2.63665E-02 -1.92279E-02  1.66382E-02  1.72871E-02
 -1.71895E-02 -2.02270E-02 -4.56238E-03 -1.09126E-02 -4.53750E-04 -6.43211E-03
  9.62588E-03 -4.56781E-03 -2.75731E-03  8.59605E-03  6.96372E-04 -8.27464E-03
 -1.45711E-03  8.58205E-03 -1.61146E-02  1.87670E-02 -8.51203E-03  4.11846E-03
 -1.13595E-02  6.14642E-03  2.69804E-03  9.35718E-04 -6.86009E-03 -6.80734E-03
 -8.62999E-04  3.30759E-03 -4.05785E-04  9.82842E-04 -8.51301E-03 -6.35022E-03
  5.32057E-03 -3.19173E-03
