AutoSaveFileName0024.ASC
 IFORMY    0    .00
 (6E13.7)
 IFORMT    0    .00
 (6E13.7)
 IFORMW    0    .00
 (6E13.7)
 NINTT     0   -1.00
 DOUSNQ    0    1.00
 IQUAD     0    1.00
 PRWT      0    1.00
 PRY       0    1.00
 IPLRES    1    3.00
 IPLRES    2    3.00
 IPRINT    1    0.00
 IPRINT    2    2.00
 IPLFIT    1    0.00
 IPLFIT    2    0.00
 LINEPG    0   50.
 NONNEG    1    1.00
 IWT       0    5.00
 NQPROG    1    5.00
 NQPROG    2    5.00
 GMNMX     1    5.74870E-02
 GMNMX     2    2.06364E-02
 RUSER    10    -1.00
 NG        0    500.00
 NLINF     0    1.00
 IUSER    10    4.00
 RUSER    21    1.0
 RUSER    22   -1.0
 RUSER    23    0.0
 RUSER    18         291.90819
 RUSER    17         24.99800
 RUSER    19         1.03285
 RUSER    15         1.33200
 RUSER    16         632.80000
 RUSER    25         1
 RUSER    26         0
 END       0    0.00
 NY      162
  7.50000E-07  8.75000E-07  1.00000E-06  1.12500E-06  1.25000E-06  1.37500E-06
  1.50000E-06  1.62500E-06  1.75000E-06  1.87500E-06  2.00000E-06  2.25000E-06
  2.50000E-06  2.75000E-06  3.00000E-06  3.25000E-06  3.50000E-06  3.75000E-06
  4.00000E-06  4.50000E-06  5.00000E-06  5.50000E-06  6.00000E-06  6.50000E-06
  7.00000E-06  7.50000E-06  8.00000E-06  9.00000E-06  1.00000E-05  1.10000E-05
  1.20000E-05  1.30000E-05  1.40000E-05  1.50000E-05  1.60000E-05  1.80000E-05
  2.00000E-05  2.20000E-05  2.40000E-05  2.60000E-05  2.80000E-05  3.00000E-05
  3.20000E-05  3.60000E-05  4.00000E-05  4.40000E-05  4.80000E-05  5.20000E-05
  5.60000E-05  6.00000E-05  6.40000E-05  7.20000E-05  8.00000E-05  8.80000E-05
  9.60000E-05  1.04000E-04  1.12000E-04  1.20000E-04  1.28000E-04  1.44000E-04
  1.60000E-04  1.76000E-04  1.92000E-04  2.08000E-04  2.24000E-04  2.40000E-04
  2.56000E-04  2.88000E-04  3.20000E-04  3.52000E-04  3.84000E-04  4.16000E-04
  4.48000E-04  4.80000E-04  5.12000E-04  5.76000E-04  6.40000E-04  7.04000E-04
  7.68000E-04  8.32000E-04  8.96000E-04  9.60000E-04  1.02400E-03  1.15200E-03
  1.28000E-03  1.40800E-03  1.53600E-03  1.66400E-03  1.79200E-03  1.92000E-03
  2.01600E-03  2.27200E-03  2.52800E-03  2.78400E-03  3.04000E-03  3.29600E-03
  3.55200E-03  3.80800E-03  4.06400E-03  4.57600E-03  5.08800E-03  5.60000E-03
  6.11200E-03  6.62400E-03  7.13600E-03  7.64800E-03  8.16000E-03  9.18400E-03
  1.02080E-02  1.12320E-02  1.22560E-02  1.32800E-02  1.43040E-02  1.53280E-02
  1.63520E-02  1.84000E-02  2.04480E-02  2.24960E-02  2.45440E-02  2.65920E-02
  2.86400E-02  3.06880E-02  3.27360E-02  3.68320E-02  4.09280E-02  4.50240E-02
  4.91200E-02  5.32160E-02  5.73120E-02  6.14080E-02  6.55040E-02  7.36960E-02
  8.18880E-02  9.00800E-02  9.82720E-02  1.06464E-01  1.14656E-01  1.22848E-01
  1.31040E-01  1.47424E-01  1.63808E-01  1.80192E-01  1.96576E-01  2.12960E-01
  2.29344E-01  2.45728E-01  2.62112E-01  2.94880E-01  3.27648E-01  3.60416E-01
  3.93184E-01  4.25952E-01  4.58720E-01  4.91488E-01  5.24256E-01  5.89792E-01
  6.55328E-01  7.20864E-01  7.86400E-01  8.51936E-01  9.17472E-01  9.83008E-01
  9.98093E-01  9.99748E-01  1.00000E+00  9.96407E-01  9.97381E-01  9.95740E-01
  9.98592E-01  9.97495E-01  9.96298E-01  9.93613E-01  9.95818E-01  9.94965E-01
  9.95595E-01  9.95260E-01  9.94151E-01  9.95096E-01  9.95323E-01  9.96159E-01
  9.95171E-01  9.96026E-01  9.94800E-01  9.94858E-01  9.94332E-01  9.94672E-01
  9.95236E-01  9.93085E-01  9.93269E-01  9.93790E-01  9.92723E-01  9.94008E-01
  9.93564E-01  9.92784E-01  9.92934E-01  9.92544E-01  9.91403E-01  9.91696E-01
  9.90436E-01  9.90715E-01  9.89418E-01  9.89125E-01  9.88481E-01  9.87860E-01
  9.87310E-01  9.86334E-01  9.85229E-01  9.84180E-01  9.83140E-01  9.81883E-01
  9.81003E-01  9.80099E-01  9.78895E-01  9.76828E-01  9.74691E-01  9.72314E-01
  9.70412E-01  9.68212E-01  9.65922E-01  9.63790E-01  9.61924E-01  9.57969E-01
  9.53809E-01  9.49951E-01  9.45721E-01  9.42006E-01  9.38187E-01  9.33969E-01
  9.30254E-01  9.22566E-01  9.14945E-01  9.07782E-01  9.00385E-01  8.93096E-01
  8.86123E-01  8.79093E-01  8.72432E-01  8.58684E-01  8.45345E-01  8.32197E-01
  8.19284E-01  8.06735E-01  7.94598E-01  7.82640E-01  7.66197E-01  7.43161E-01
  7.21346E-01  6.99972E-01  6.79402E-01  6.59613E-01  6.40655E-01  6.22295E-01
  6.12777E-01  5.77992E-01  5.45544E-01  5.15215E-01  4.86845E-01  4.60298E-01
  4.35473E-01  4.12202E-01  3.90251E-01  3.49638E-01  3.13316E-01  2.81448E-01
  2.53461E-01  2.28450E-01  2.06571E-01  1.87214E-01  1.70298E-01  1.40833E-01
  1.18332E-01  1.00119E-01  8.41737E-02  7.12225E-02  6.19589E-02  5.62869E-02
  5.28260E-02  4.76477E-02  4.22970E-02  3.54564E-02  2.79243E-02  2.27229E-02
  1.67536E-02  1.29489E-02  1.22048E-02  1.37375E-02  1.48863E-02  7.11884E-03
  3.88788E-03  1.18162E-02  1.79115E-02  1.85388E-02  1.51790E-02  6.13453E-03
 -9.27414E-04  2.01109E-03  9.44090E-04 -6.75516E-03 -5.97539E-04 -7.81511E-04
 -3.60198E-03 -3.88492E-05  5.62065E-03 -3.14099E-03 -2.57525E-03  6.40873E-03
  3.02056E-03  5.31890E-03 -1.76866E-03  8.17993E-04  4.23753E-03 -6.81421E-03
 -2.25837E-03  5.75930E-03  3.60002E-03 -2.63423E-03 -2.17016E-03  3.37884E-03
  1.55685E-03  3.38882E-04 -8.53530E-04  2.95577E-04 -1.03617E-03 -1.23930E-03
