AutoSaveFileName0240.ASC
 IFORMY    0    .00
 (6E13.7)
 IFORMT    0    .00
 (6E13.7)
 IFORMW    0    .00
 (6E13.7)
 NINTT     0   -1.00
 DOUSNQ    0    1.00
 IQUAD     0    1.00
 PRWT      0    1.00
 PRY       0    1.00
 IPLRES    1    3.00
 IPLRES    2    3.00
 IPRINT    1    0.00
 IPRINT    2    2.00
 IPLFIT    1    0.00
 IPLFIT    2    0.00
 LINEPG    0   50.
 NONNEG    1    1.00
 IWT       0    5.00
 NQPROG    1    5.00
 NQPROG    2    5.00
 GMNMX     1    3.13589E-03
 GMNMX     2    1.12570E-03
 RUSER    10    -1.00
 NG        0    500.00
 NLINF     0    1.00
 IUSER    10    4.00
 RUSER    21    1.0
 RUSER    22   -1.0
 RUSER    23    0.0
 RUSER    18         292.11917
 RUSER    17         134.99900
 RUSER    19         1.02746
 RUSER    15         1.33200
 RUSER    16         632.80000
 RUSER    25         1
 RUSER    26         0
 END       0    0.00
 NY      162
  7.50000E-07  8.75000E-07  1.00000E-06  1.12500E-06  1.25000E-06  1.37500E-06
  1.50000E-06  1.62500E-06  1.75000E-06  1.87500E-06  2.00000E-06  2.25000E-06
  2.50000E-06  2.75000E-06  3.00000E-06  3.25000E-06  3.50000E-06  3.75000E-06
  4.00000E-06  4.50000E-06  5.00000E-06  5.50000E-06  6.00000E-06  6.50000E-06
  7.00000E-06  7.50000E-06  8.00000E-06  9.00000E-06  1.00000E-05  1.10000E-05
  1.20000E-05  1.30000E-05  1.40000E-05  1.50000E-05  1.60000E-05  1.80000E-05
  2.00000E-05  2.20000E-05  2.40000E-05  2.60000E-05  2.80000E-05  3.00000E-05
  3.20000E-05  3.60000E-05  4.00000E-05  4.40000E-05  4.80000E-05  5.20000E-05
  5.60000E-05  6.00000E-05  6.40000E-05  7.20000E-05  8.00000E-05  8.80000E-05
  9.60000E-05  1.04000E-04  1.12000E-04  1.20000E-04  1.28000E-04  1.44000E-04
  1.60000E-04  1.76000E-04  1.92000E-04  2.08000E-04  2.24000E-04  2.40000E-04
  2.56000E-04  2.88000E-04  3.20000E-04  3.52000E-04  3.84000E-04  4.16000E-04
  4.48000E-04  4.80000E-04  5.12000E-04  5.76000E-04  6.40000E-04  7.04000E-04
  7.68000E-04  8.32000E-04  8.96000E-04  9.60000E-04  1.02400E-03  1.15200E-03
  1.28000E-03  1.40800E-03  1.53600E-03  1.66400E-03  1.79200E-03  1.92000E-03
  2.01600E-03  2.27200E-03  2.52800E-03  2.78400E-03  3.04000E-03  3.29600E-03
  3.55200E-03  3.80800E-03  4.06400E-03  4.57600E-03  5.08800E-03  5.60000E-03
  6.11200E-03  6.62400E-03  7.13600E-03  7.64800E-03  8.16000E-03  9.18400E-03
  1.02080E-02  1.12320E-02  1.22560E-02  1.32800E-02  1.43040E-02  1.53280E-02
  1.63520E-02  1.84000E-02  2.04480E-02  2.24960E-02  2.45440E-02  2.65920E-02
  2.86400E-02  3.06880E-02  3.27360E-02  3.68320E-02  4.09280E-02  4.50240E-02
  4.91200E-02  5.32160E-02  5.73120E-02  6.14080E-02  6.55040E-02  7.36960E-02
  8.18880E-02  9.00800E-02  9.82720E-02  1.06464E-01  1.14656E-01  1.22848E-01
  1.31040E-01  1.47424E-01  1.63808E-01  1.80192E-01  1.96576E-01  2.12960E-01
  2.29344E-01  2.45728E-01  2.62112E-01  2.94880E-01  3.27648E-01  3.60416E-01
  3.93184E-01  4.25952E-01  4.58720E-01  4.91488E-01  5.24256E-01  5.89792E-01
  6.55328E-01  7.20864E-01  7.86400E-01  8.51936E-01  9.17472E-01  9.83008E-01
  9.92919E-01  1.00000E+00  9.92334E-01  9.97697E-01  9.89166E-01  9.91858E-01
  9.92624E-01  9.87535E-01  9.87354E-01  9.91446E-01  9.90244E-01  9.87017E-01
  9.84566E-01  9.79301E-01  9.76818E-01  9.79376E-01  9.77749E-01  9.78763E-01
  9.75674E-01  9.68030E-01  9.69749E-01  9.67370E-01  9.65063E-01  9.60736E-01
  9.55566E-01  9.53290E-01  9.49387E-01  9.47944E-01  9.42131E-01  9.37436E-01
  9.30558E-01  9.25010E-01  9.18520E-01  9.14952E-01  9.09603E-01  8.98426E-01
  8.88095E-01  8.79123E-01  8.67005E-01  8.57863E-01  8.45755E-01  8.39458E-01
  8.29628E-01  8.08263E-01  7.90447E-01  7.71390E-01  7.54090E-01  7.36147E-01
  7.19606E-01  7.03283E-01  6.86335E-01  6.55788E-01  6.25574E-01  5.96436E-01
  5.68952E-01  5.42840E-01  5.18378E-01  4.95934E-01  4.73015E-01  4.30626E-01
  3.92589E-01  3.57799E-01  3.26272E-01  2.96419E-01  2.70712E-01  2.46684E-01
  2.24786E-01  1.85694E-01  1.54187E-01  1.26619E-01  1.02885E-01  8.38935E-02
  6.87335E-02  5.70252E-02  4.82566E-02  3.32581E-02  2.38535E-02  1.72676E-02
  1.33671E-02  1.03471E-02  8.38387E-03  6.61728E-03  4.15570E-03  1.03276E-03
 -2.01933E-04 -2.13430E-03 -3.96519E-03 -2.49768E-03 -1.49470E-03  1.09473E-03
  1.06900E-03  2.16139E-03 -4.58559E-04 -9.95589E-04  1.71847E-03 -1.68473E-03
 -1.99816E-03 -6.83203E-04 -2.24545E-04 -3.02222E-03  1.28365E-03 -1.54519E-03
 -7.29599E-04 -1.93791E-03  1.08417E-03  1.01708E-03  1.74644E-03  4.08105E-03
  1.03282E-03  1.16204E-03 -2.57174E-04  2.82189E-03  5.16415E-04 -3.26073E-03
 -4.29306E-03 -1.64066E-03 -1.65241E-03  1.04094E-03  1.25396E-03  9.43516E-04
  4.67062E-04 -4.10868E-04 -4.21256E-04  1.58617E-03 -9.91055E-04  7.41237E-04
  1.90572E-03  1.51576E-03 -9.00655E-04  1.00055E-03 -6.81428E-04  4.19294E-04
  5.91098E-05  3.87859E-04 -8.75289E-04  1.05790E-04 -6.02215E-04 -1.24908E-03
 -7.68681E-04 -5.09806E-05  3.13552E-04 -3.68831E-04 -4.62029E-04  4.48128E-05
  6.04414E-04  1.96546E-04 -6.46472E-04  3.52240E-04  4.67108E-04  1.76759E-04
  5.61956E-04 -1.94054E-04 -5.70635E-04 -8.83336E-05 -2.78731E-04 -4.57562E-04
  2.80851E-04  1.63467E-04  1.76115E-05 -1.91349E-04 -5.18417E-05  4.28729E-04
