AutoSaveFileName0186.ASC
 IFORMY    0    .00
 (6E13.7)
 IFORMT    0    .00
 (6E13.7)
 IFORMW    0    .00
 (6E13.7)
 NINTT     0   -1.00
 DOUSNQ    0    1.00
 IQUAD     0    1.00
 PRWT      0    1.00
 PRY       0    1.00
 IPLRES    1    3.00
 IPLRES    2    3.00
 IPRINT    1    0.00
 IPRINT    2    2.00
 IPLFIT    1    0.00
 IPLFIT    2    0.00
 LINEPG    0   50.
 NONNEG    1    1.00
 IWT       0    5.00
 NQPROG    1    5.00
 NQPROG    2    5.00
 GMNMX     1    4.26110E-03
 GMNMX     2    1.52963E-03
 RUSER    10    -1.00
 NG        0    500.00
 NLINF     0    1.00
 IUSER    10    4.00
 RUSER    21    1.0
 RUSER    22   -1.0
 RUSER    23    0.0
 RUSER    18         292.04875
 RUSER    17         104.99900
 RUSER    19         1.02925
 RUSER    15         1.33200
 RUSER    16         632.80000
 RUSER    25         1
 RUSER    26         0
 END       0    0.00
 NY      162
  7.50000E-07  8.75000E-07  1.00000E-06  1.12500E-06  1.25000E-06  1.37500E-06
  1.50000E-06  1.62500E-06  1.75000E-06  1.87500E-06  2.00000E-06  2.25000E-06
  2.50000E-06  2.75000E-06  3.00000E-06  3.25000E-06  3.50000E-06  3.75000E-06
  4.00000E-06  4.50000E-06  5.00000E-06  5.50000E-06  6.00000E-06  6.50000E-06
  7.00000E-06  7.50000E-06  8.00000E-06  9.00000E-06  1.00000E-05  1.10000E-05
  1.20000E-05  1.30000E-05  1.40000E-05  1.50000E-05  1.60000E-05  1.80000E-05
  2.00000E-05  2.20000E-05  2.40000E-05  2.60000E-05  2.80000E-05  3.00000E-05
  3.20000E-05  3.60000E-05  4.00000E-05  4.40000E-05  4.80000E-05  5.20000E-05
  5.60000E-05  6.00000E-05  6.40000E-05  7.20000E-05  8.00000E-05  8.80000E-05
  9.60000E-05  1.04000E-04  1.12000E-04  1.20000E-04  1.28000E-04  1.44000E-04
  1.60000E-04  1.76000E-04  1.92000E-04  2.08000E-04  2.24000E-04  2.40000E-04
  2.56000E-04  2.88000E-04  3.20000E-04  3.52000E-04  3.84000E-04  4.16000E-04
  4.48000E-04  4.80000E-04  5.12000E-04  5.76000E-04  6.40000E-04  7.04000E-04
  7.68000E-04  8.32000E-04  8.96000E-04  9.60000E-04  1.02400E-03  1.15200E-03
  1.28000E-03  1.40800E-03  1.53600E-03  1.66400E-03  1.79200E-03  1.92000E-03
  2.01600E-03  2.27200E-03  2.52800E-03  2.78400E-03  3.04000E-03  3.29600E-03
  3.55200E-03  3.80800E-03  4.06400E-03  4.57600E-03  5.08800E-03  5.60000E-03
  6.11200E-03  6.62400E-03  7.13600E-03  7.64800E-03  8.16000E-03  9.18400E-03
  1.02080E-02  1.12320E-02  1.22560E-02  1.32800E-02  1.43040E-02  1.53280E-02
  1.63520E-02  1.84000E-02  2.04480E-02  2.24960E-02  2.45440E-02  2.65920E-02
  2.86400E-02  3.06880E-02  3.27360E-02  3.68320E-02  4.09280E-02  4.50240E-02
  4.91200E-02  5.32160E-02  5.73120E-02  6.14080E-02  6.55040E-02  7.36960E-02
  8.18880E-02  9.00800E-02  9.82720E-02  1.06464E-01  1.14656E-01  1.22848E-01
  1.31040E-01  1.47424E-01  1.63808E-01  1.80192E-01  1.96576E-01  2.12960E-01
  2.29344E-01  2.45728E-01  2.62112E-01  2.94880E-01  3.27648E-01  3.60416E-01
  3.93184E-01  4.25952E-01  4.58720E-01  4.91488E-01  5.24256E-01  5.89792E-01
  6.55328E-01  7.20864E-01  7.86400E-01  8.51936E-01  9.17472E-01  9.83008E-01
  1.00000E+00  9.98593E-01  9.96039E-01  9.91690E-01  9.94020E-01  9.95428E-01
  9.88540E-01  9.92260E-01  9.89875E-01  9.90303E-01  9.90248E-01  9.88538E-01
  9.91588E-01  9.86178E-01  9.85635E-01  9.84183E-01  9.83957E-01  9.84800E-01
  9.80834E-01  9.80409E-01  9.78459E-01  9.76640E-01  9.72907E-01  9.71084E-01
  9.69274E-01  9.67285E-01  9.64866E-01  9.61086E-01  9.56842E-01  9.53920E-01
  9.49790E-01  9.46354E-01  9.42345E-01  9.36709E-01  9.33295E-01  9.25900E-01
  9.17540E-01  9.10742E-01  9.02895E-01  8.94953E-01  8.87620E-01  8.79102E-01
  8.72349E-01  8.58061E-01  8.43811E-01  8.29879E-01  8.16147E-01  8.03172E-01
  7.89304E-01  7.76211E-01  7.63134E-01  7.38438E-01  7.13880E-01  6.90328E-01
  6.67504E-01  6.45456E-01  6.24413E-01  6.03655E-01  5.83719E-01  5.46076E-01
  5.10756E-01  4.77580E-01  4.46800E-01  4.17659E-01  3.90876E-01  3.65678E-01
  3.42467E-01  2.99685E-01  2.62198E-01  2.29227E-01  2.00576E-01  1.75492E-01
  1.53375E-01  1.34713E-01  1.18702E-01  9.17909E-02  7.11363E-02  5.54289E-02
  4.29076E-02  3.29560E-02  2.57566E-02  1.98298E-02  1.54627E-02  8.69200E-03
  4.63688E-03  2.16814E-03  2.19642E-04 -8.61117E-05  5.52382E-04  1.12083E-03
  9.78609E-04  3.47131E-04  1.72103E-04 -2.49000E-04 -2.18294E-04  4.56436E-04
  9.14567E-04  7.37917E-04  1.61362E-04 -1.06335E-04  2.31957E-03  1.88745E-03
  2.82386E-04 -5.68914E-04 -1.17149E-03 -1.72311E-03  9.09402E-05  3.27474E-04
  3.97620E-04 -5.48562E-04 -6.33160E-04  1.05902E-03  2.60164E-04  1.67647E-03
 -8.08123E-04 -9.59062E-04  4.05420E-04 -2.06787E-03 -3.52015E-04 -5.65771E-04
  3.70887E-04 -5.96398E-04  1.08645E-04  1.76099E-04  2.77642E-06 -2.74203E-04
 -3.93378E-04 -3.80125E-04 -7.97993E-05 -3.56036E-04 -7.66642E-05  1.04261E-03
  2.23212E-04  4.53772E-04  5.66078E-04 -9.36935E-05  4.83934E-05 -7.74500E-04
 -3.63781E-04 -3.38248E-04  1.19329E-06 -1.48152E-04  1.74637E-04 -4.65700E-04
 -7.63850E-04  5.26870E-05 -2.45211E-04  3.11828E-04 -1.76844E-05 -6.37919E-05
  3.08539E-04  6.85369E-05 -3.93388E-04  1.42072E-04  1.18615E-04 -7.72668E-06
  7.18245E-05 -7.89546E-05  4.37916E-05 -2.94358E-04 -1.23760E-05  3.20113E-04
