AutoSaveFileName0195.ASC
 IFORMY    0    .00
 (6E13.7)
 IFORMT    0    .00
 (6E13.7)
 IFORMW    0    .00
 (6E13.7)
 NINTT     0   -1.00
 DOUSNQ    0    1.00
 IQUAD          1.00
 PRWT      0    1.00
 PRY       0    1.00
 IPLRES    1    3.00
 IPLRES    2    3.00
 IPRINT    1    0.00
 IPRINT    2    2.00
 IPLFIT    1    0.00
 IPLFIT    2    0.00
 LINEPG    0   50.
 NONNEG    1    1.00
 IWT       0    5.00
 NQPROG    1    5.00
 NQPROG    2    5.00
 GMNMX     1    1.666E-05
 GMNMX     2    1.666E-02
 RUSER    10    -1.00
 NG        0    200.00
 NLINF     0    0.00
 IUSER    10    4.00
 RUSER    21    1.0
 RUSER    22   -1.0
 RUSER    23    0.0
 RUSER    18         292.02135
 RUSER    17         79.99900
 RUSER    19         1.02995
 RUSER    15         1.33200
 RUSER    16         632.80000
 RUSER    25         1
 RUSER    26         0
 END       0    0.00
 NY      131
  3.75000E-07  5.00000E-07  6.25000E-07  7.50000E-07  8.75000E-07  1.00000E-06
  1.12500E-06  1.25000E-06  1.37500E-06  1.50000E-06  1.62500E-06  1.75000E-06
  1.87500E-06  2.00000E-06  2.25000E-06  2.50000E-06  2.75000E-06  3.00000E-06
  3.25000E-06  3.50000E-06  3.75000E-06  4.00000E-06  4.50000E-06  5.00000E-06
  5.50000E-06  6.00000E-06  6.50000E-06  7.00000E-06  7.50000E-06  8.00000E-06
  9.00000E-06  1.00000E-05  1.10000E-05  1.20000E-05  1.30000E-05  1.40000E-05
  1.50000E-05  1.60000E-05  1.80000E-05  2.00000E-05  2.20000E-05  2.40000E-05
  2.60000E-05  2.80000E-05  3.00000E-05  3.20000E-05  3.60000E-05  4.00000E-05
  4.40000E-05  4.80000E-05  5.20000E-05  5.60000E-05  6.00000E-05  6.40000E-05
  7.20000E-05  8.00000E-05  8.80000E-05  9.60000E-05  1.04000E-04  1.12000E-04
  1.20000E-04  1.28000E-04  1.44000E-04  1.60000E-04  1.76000E-04  1.92000E-04
  2.08000E-04  2.24000E-04  2.40000E-04  2.56000E-04  2.88000E-04  3.20000E-04
  3.52000E-04  3.84000E-04  4.16000E-04  4.48000E-04  4.80000E-04  5.12000E-04
  5.76000E-04  6.40000E-04  7.04000E-04  7.68000E-04  8.32000E-04  8.96000E-04
  9.60000E-04  1.02400E-03  1.15200E-03  1.28000E-03  1.40800E-03  1.53600E-03
  1.66400E-03  1.79200E-03  1.92000E-03  2.01600E-03  2.27200E-03  2.52800E-03
  2.78400E-03  3.04000E-03  3.29600E-03  3.55200E-03  3.80800E-03  4.06400E-03
  4.57600E-03  5.08800E-03  5.60000E-03  6.11200E-03  6.62400E-03  7.13600E-03
  7.64800E-03  8.16000E-03  9.18400E-03  1.02080E-02  1.12320E-02  1.22560E-02
  1.32800E-02  1.43040E-02  1.53280E-02  1.63520E-02  1.84000E-02  2.04480E-02
  2.24960E-02  2.45440E-02  2.65920E-02  2.86400E-02  3.06880E-02  3.27360E-02
  3.68320E-02  4.09280E-02  4.50240E-02  4.91200E-02  5.32160E-02
  6.77387E-01  6.76702E-01  6.74724E-01  6.75861E-01  6.76121E-01  6.75111E-01
  6.74904E-01  6.75324E-01  6.75112E-01  6.74559E-01  6.74634E-01  6.74860E-01
  6.73546E-01  6.74904E-01  6.74650E-01  6.74466E-01  6.74004E-01  6.74395E-01
  6.74726E-01  6.74324E-01  6.75146E-01  6.74643E-01  6.73489E-01  6.73744E-01
  6.73568E-01  6.73860E-01  6.73554E-01  6.73390E-01  6.73631E-01  6.73297E-01
  6.73035E-01  6.72270E-01  6.72318E-01  6.72442E-01  6.71995E-01  6.71782E-01
  6.71448E-01  6.71012E-01  6.70370E-01  6.69888E-01  6.69407E-01  6.69009E-01
  6.68225E-01  6.67846E-01  6.67407E-01  6.66754E-01  6.65811E-01  6.64489E-01
  6.63652E-01  6.62604E-01  6.61326E-01  6.60523E-01  6.59260E-01  6.58201E-01
  6.56155E-01  6.53860E-01  6.51762E-01  6.49751E-01  6.47509E-01  6.45430E-01
  6.43328E-01  6.41284E-01  6.37211E-01  6.32991E-01  6.28808E-01  6.24742E-01
  6.20709E-01  6.16622E-01  6.12462E-01  6.08602E-01  6.00678E-01  5.92856E-01
  5.85181E-01  5.77478E-01  5.69973E-01  5.62713E-01  5.55525E-01  5.48636E-01
  5.34742E-01  5.21484E-01  5.08622E-01  4.96216E-01  4.84043E-01  4.72166E-01
  4.60551E-01  4.49601E-01  4.27748E-01  4.06943E-01  3.87171E-01  3.68174E-01
  3.50219E-01  3.33191E-01  3.17145E-01  3.06107E-01  2.77449E-01  2.50998E-01
  2.27189E-01  2.06006E-01  1.87147E-01  1.69870E-01  1.54313E-01  1.40506E-01
  1.15568E-01  9.39852E-02  7.56461E-02  6.12774E-02  5.08689E-02  4.37170E-02
  3.75806E-02  3.18516E-02  2.27109E-02  1.45902E-02  6.06888E-03  2.07120E-03
  1.77306E-03  1.38692E-03 -4.96175E-04 -2.93220E-03 -6.86278E-03 -3.77246E-03
 -2.15459E-03 -3.08183E-03 -4.28397E-03 -5.17669E-04  5.38950E-03  8.02881E-03
  4.87336E-04  2.38142E-03  3.69030E-03  4.77539E-03 -3.92541E-03
