AutoSaveFileName0278.ASC
 IFORMY    0    .00
 (6E13.7)
 IFORMT    0    .00
 (6E13.7)
 IFORMW    0    .00
 (6E13.7)
 NINTT     0   -1.00
 DOUSNQ    0    1.00
 IQUAD          1.00
 PRWT      0    1.00
 PRY       0    1.00
 IPLRES    1    3.00
 IPLRES    2    3.00
 IPRINT    1    0.00
 IPRINT    2    2.00
 IPLFIT    1    0.00
 IPLFIT    2    0.00
 LINEPG    0   50.
 NONNEG    1    1.00
 IWT       0    5.00
 NQPROG    1    5.00
 NQPROG    2    5.00
 GMNMX     1    7.328E-06
 GMNMX     2    7.328E-03
 RUSER    10    -1.00
 NG        0    200.00
 NLINF     0    0.00
 IUSER    10    4.00
 RUSER    21    1.0
 RUSER    22   -1.0
 RUSER    23    0.0
 RUSER    18         292.25433
 RUSER    17         149.99900
 RUSER    19         1.02404
 RUSER    15         1.33200
 RUSER    16         632.80000
 RUSER    25         1
 RUSER    26         0
 END       0    0.00
 NY      188
  5.00000E-07  6.25000E-07  7.50000E-07  8.75000E-07  1.00000E-06  1.12500E-06
  1.25000E-06  1.37500E-06  1.50000E-06  1.62500E-06  1.75000E-06  1.87500E-06
  2.00000E-06  2.25000E-06  2.50000E-06  2.75000E-06  3.00000E-06  3.25000E-06
  3.50000E-06  3.75000E-06  4.00000E-06  4.50000E-06  5.00000E-06  5.50000E-06
  6.00000E-06  6.50000E-06  7.00000E-06  7.50000E-06  8.00000E-06  9.00000E-06
  1.00000E-05  1.10000E-05  1.20000E-05  1.30000E-05  1.40000E-05  1.50000E-05
  1.60000E-05  1.80000E-05  2.00000E-05  2.20000E-05  2.40000E-05  2.60000E-05
  2.80000E-05  3.00000E-05  3.20000E-05  3.60000E-05  4.00000E-05  4.40000E-05
  4.80000E-05  5.20000E-05  5.60000E-05  6.00000E-05  6.40000E-05  7.20000E-05
  8.00000E-05  8.80000E-05  9.60000E-05  1.04000E-04  1.12000E-04  1.20000E-04
  1.28000E-04  1.44000E-04  1.60000E-04  1.76000E-04  1.92000E-04  2.08000E-04
  2.24000E-04  2.40000E-04  2.56000E-04  2.88000E-04  3.20000E-04  3.52000E-04
  3.84000E-04  4.16000E-04  4.48000E-04  4.80000E-04  5.12000E-04  5.76000E-04
  6.40000E-04  7.04000E-04  7.68000E-04  8.32000E-04  8.96000E-04  9.60000E-04
  1.02400E-03  1.15200E-03  1.28000E-03  1.40800E-03  1.53600E-03  1.66400E-03
  1.79200E-03  1.92000E-03  2.01600E-03  2.27200E-03  2.52800E-03  2.78400E-03
  3.04000E-03  3.29600E-03  3.55200E-03  3.80800E-03  4.06400E-03  4.57600E-03
  5.08800E-03  5.60000E-03  6.11200E-03  6.62400E-03  7.13600E-03  7.64800E-03
  8.16000E-03  9.18400E-03  1.02080E-02  1.12320E-02  1.22560E-02  1.32800E-02
  1.43040E-02  1.53280E-02  1.63520E-02  1.84000E-02  2.04480E-02  2.24960E-02
  2.45440E-02  2.65920E-02  2.86400E-02  3.06880E-02  3.27360E-02  3.68320E-02
  4.09280E-02  4.50240E-02  4.91200E-02  5.32160E-02  5.73120E-02  6.14080E-02
  6.55040E-02  7.36960E-02  8.18880E-02  9.00800E-02  9.82720E-02  1.06464E-01
  1.14656E-01  1.22848E-01  1.31040E-01  1.47424E-01  1.63808E-01  1.80192E-01
  1.96576E-01  2.12960E-01  2.29344E-01  2.45728E-01  2.62112E-01  2.94880E-01
  3.27648E-01  3.60416E-01  3.93184E-01  4.25952E-01  4.58720E-01  4.91488E-01
  5.24256E-01  5.89792E-01  6.55328E-01  7.20864E-01  7.86400E-01  8.51936E-01
  9.17472E-01  9.83008E-01  1.04854E+00  1.17962E+00  1.31069E+00  1.44176E+00
  1.57283E+00  1.70390E+00  1.83498E+00  1.96605E+00  2.09712E+00  2.35926E+00
  2.62141E+00  2.88355E+00  3.14570E+00  3.40784E+00  3.66998E+00  3.93213E+00
  4.19427E+00  4.71856E+00  5.24285E+00  5.76714E+00  6.29142E+00  6.81571E+00
  7.34000E+00  7.86429E+00
  9.96412E-01  9.93898E-01  9.92947E-01  9.91183E-01  9.91006E-01  9.90569E-01
  9.93336E-01  9.88088E-01  9.89758E-01  9.88434E-01  9.90499E-01  9.88981E-01
  9.88367E-01  9.89580E-01  9.89253E-01  9.88451E-01  9.88451E-01  9.88122E-01
  9.88419E-01  9.89672E-01  9.89631E-01  9.88166E-01  9.87806E-01  9.88302E-01
  9.89024E-01  9.86069E-01  9.87034E-01  9.87056E-01  9.87162E-01  9.86225E-01
  9.85181E-01  9.84663E-01  9.84085E-01  9.84949E-01  9.83247E-01  9.83122E-01
  9.82773E-01  9.81564E-01  9.81039E-01  9.80388E-01  9.79168E-01  9.78963E-01
  9.78281E-01  9.77268E-01  9.76154E-01  9.74617E-01  9.72685E-01  9.71228E-01
  9.68834E-01  9.66867E-01  9.65502E-01  9.63434E-01  9.61960E-01  9.58729E-01
  9.55141E-01  9.51480E-01  9.48056E-01  9.44123E-01  9.41154E-01  9.37551E-01
  9.34202E-01  9.27568E-01  9.20374E-01  9.13598E-01  9.07038E-01  9.00418E-01
  8.93909E-01  8.87295E-01  8.80650E-01  8.67958E-01  8.55252E-01  8.42536E-01
  8.30351E-01  8.18135E-01  8.06145E-01  7.94465E-01  7.82771E-01  7.60060E-01
  7.37971E-01  7.16788E-01  6.96191E-01  6.76313E-01  6.56998E-01  6.38246E-01
  6.19718E-01  5.85367E-01  5.53154E-01  5.23137E-01  4.95260E-01  4.68916E-01
  4.44174E-01  4.20673E-01  4.04748E-01  3.63809E-01  3.27555E-01  2.95337E-01
  2.66705E-01  2.41304E-01  2.18719E-01  1.98952E-01  1.81863E-01  1.51412E-01
  1.26910E-01  1.08294E-01  9.36330E-02  8.11817E-02  7.06666E-02  6.23467E-02
  5.60116E-02  4.53451E-02  3.71762E-02  3.01272E-02  2.42400E-02  2.10432E-02
  2.00256E-02  2.01835E-02  2.14162E-02  1.87951E-02  1.28681E-02  8.25194E-03
  6.24802E-03  9.15801E-03  8.70858E-03  6.09162E-03  6.48286E-03  1.11767E-02
  7.73632E-03  5.69379E-03  7.74482E-04 -1.91411E-03 -1.96002E-03  1.98770E-03
 -5.98825E-04 -2.78974E-03  1.22422E-03  2.37637E-03  8.09599E-04  3.49717E-04
 -1.11182E-03 -2.73880E-03 -3.79909E-03 -3.09250E-03 -9.72656E-04  4.25532E-04
  1.10507E-03 -2.61000E-03  2.02601E-03 -1.28543E-03 -6.39901E-04  5.06938E-03
 -1.98864E-03  1.75962E-03 -2.58497E-03  1.09612E-03  1.14129E-04 -7.75582E-04
 -8.07736E-04 -4.86677E-04  2.23670E-03 -1.21689E-03 -4.33109E-03 -1.66779E-03
 -1.94041E-03 -1.98770E-03 -8.51408E-04 -5.39624E-05  5.14462E-04 -2.11650E-03
 -3.02481E-04 -3.78848E-04 -8.65030E-04 -1.13578E-03 -1.10316E-03  1.44688E-03
  1.87225E-04  7.74029E-04  1.82969E-03 -7.10459E-04 -2.28151E-04 -1.39205E-03
 -2.84875E-04 -2.30885E-04 -3.28410E-04  5.25749E-05 -5.55888E-04 -7.13684E-04
  8.48599E-06  2.53948E-04
