AutoSaveFileName0005.ASC
 IFORMY    0    .00
 (6E13.7)
 IFORMT    0    .00
 (6E13.7)
 IFORMW    0    .00
 (6E13.7)
 NINTT     0   -1.00
 DOUSNQ    0    1.00
 IQUAD          1.00
 PRWT      0    1.00
 PRY       0    1.00
 IPLRES    1    3.00
 IPLRES    2    3.00
 IPRINT    1    0.00
 IPRINT    2    2.00
 IPLFIT    1    0.00
 IPLFIT    2    0.00
 LINEPG    0   50.
 NONNEG    1    1.00
 IWT       0    5.00
 NQPROG    1    5.00
 NQPROG    2    5.00
 GMNMX     1    4.023E-04
 GMNMX     2    4.023E-01
 RUSER    10    -1.00
 NG        0    200.00
 NLINF     0    0.00
 IUSER    10    4.00
 RUSER    21    1.0
 RUSER    22   -1.0
 RUSER    23    0.0
 RUSER    18         292.15397
 RUSER    17         15.00300
 RUSER    19         1.02658
 RUSER    15         1.33200
 RUSER    16         632.80000
 RUSER    25         1
 RUSER    26         0
 END       0    0.00
 NY      188
  5.00000E-07  6.25000E-07  7.50000E-07  8.75000E-07  1.00000E-06  1.12500E-06
  1.25000E-06  1.37500E-06  1.50000E-06  1.62500E-06  1.75000E-06  1.87500E-06
  2.00000E-06  2.25000E-06  2.50000E-06  2.75000E-06  3.00000E-06  3.25000E-06
  3.50000E-06  3.75000E-06  4.00000E-06  4.50000E-06  5.00000E-06  5.50000E-06
  6.00000E-06  6.50000E-06  7.00000E-06  7.50000E-06  8.00000E-06  9.00000E-06
  1.00000E-05  1.10000E-05  1.20000E-05  1.30000E-05  1.40000E-05  1.50000E-05
  1.60000E-05  1.80000E-05  2.00000E-05  2.20000E-05  2.40000E-05  2.60000E-05
  2.80000E-05  3.00000E-05  3.20000E-05  3.60000E-05  4.00000E-05  4.40000E-05
  4.80000E-05  5.20000E-05  5.60000E-05  6.00000E-05  6.40000E-05  7.20000E-05
  8.00000E-05  8.80000E-05  9.60000E-05  1.04000E-04  1.12000E-04  1.20000E-04
  1.28000E-04  1.44000E-04  1.60000E-04  1.76000E-04  1.92000E-04  2.08000E-04
  2.24000E-04  2.40000E-04  2.56000E-04  2.88000E-04  3.20000E-04  3.52000E-04
  3.84000E-04  4.16000E-04  4.48000E-04  4.80000E-04  5.12000E-04  5.76000E-04
  6.40000E-04  7.04000E-04  7.68000E-04  8.32000E-04  8.96000E-04  9.60000E-04
  1.02400E-03  1.15200E-03  1.28000E-03  1.40800E-03  1.53600E-03  1.66400E-03
  1.79200E-03  1.92000E-03  2.01600E-03  2.27200E-03  2.52800E-03  2.78400E-03
  3.04000E-03  3.29600E-03  3.55200E-03  3.80800E-03  4.06400E-03  4.57600E-03
  5.08800E-03  5.60000E-03  6.11200E-03  6.62400E-03  7.13600E-03  7.64800E-03
  8.16000E-03  9.18400E-03  1.02080E-02  1.12320E-02  1.22560E-02  1.32800E-02
  1.43040E-02  1.53280E-02  1.63520E-02  1.84000E-02  2.04480E-02  2.24960E-02
  2.45440E-02  2.65920E-02  2.86400E-02  3.06880E-02  3.27360E-02  3.68320E-02
  4.09280E-02  4.50240E-02  4.91200E-02  5.32160E-02  5.73120E-02  6.14080E-02
  6.55040E-02  7.36960E-02  8.18880E-02  9.00800E-02  9.82720E-02  1.06464E-01
  1.14656E-01  1.22848E-01  1.31040E-01  1.47424E-01  1.63808E-01  1.80192E-01
  1.96576E-01  2.12960E-01  2.29344E-01  2.45728E-01  2.62112E-01  2.94880E-01
  3.27648E-01  3.60416E-01  3.93184E-01  4.25952E-01  4.58720E-01  4.91488E-01
  5.24256E-01  5.89792E-01  6.55328E-01  7.20864E-01  7.86400E-01  8.51936E-01
  9.17472E-01  9.83008E-01  1.04854E+00  1.17962E+00  1.31069E+00  1.44176E+00
  1.57283E+00  1.70390E+00  1.83498E+00  1.96605E+00  2.09712E+00  2.35926E+00
  2.62141E+00  2.88355E+00  3.14570E+00  3.40784E+00  3.66998E+00  3.93213E+00
  4.19427E+00  4.71856E+00  5.24285E+00  5.76714E+00  6.29142E+00  6.81571E+00
  7.34000E+00  7.86429E+00
  9.99106E-01  9.98544E-01  9.98325E-01  9.98138E-01  9.97684E-01  9.97291E-01
  9.97142E-01  9.96669E-01  9.96403E-01  9.96099E-01  9.95715E-01  9.95601E-01
  9.95404E-01  9.94728E-01  9.94202E-01  9.93612E-01  9.93028E-01  9.92410E-01
  9.91931E-01  9.91379E-01  9.90862E-01  9.89720E-01  9.88581E-01  9.87309E-01
  9.86208E-01  9.85120E-01  9.83966E-01  9.82811E-01  9.81698E-01  9.79367E-01
  9.77105E-01  9.74786E-01  9.72537E-01  9.70206E-01  9.67957E-01  9.65670E-01
  9.63488E-01  9.60560E-01  9.59358E-01  9.58261E-01  9.57185E-01  9.56056E-01
  9.55000E-01  9.53905E-01  9.52814E-01  9.50819E-01  9.49125E-01  9.47492E-01
  9.45877E-01  9.44263E-01  9.42781E-01  9.41367E-01  9.40006E-01  9.37281E-01
  9.34760E-01  9.32295E-01  9.29976E-01  9.27702E-01  9.25571E-01  9.23496E-01
  9.21514E-01  9.17657E-01  9.14015E-01  9.10536E-01  9.07227E-01  9.04039E-01
  9.00966E-01  8.97943E-01  8.95072E-01  8.89452E-01  8.84177E-01  8.79130E-01
  8.74306E-01  8.69653E-01  8.65190E-01  8.62719E-01  8.73944E-01  8.72609E-01
  8.69890E-01  8.66503E-01  8.62871E-01  8.58916E-01  8.54782E-01  8.50805E-01
  8.54066E-01  8.49130E-01  8.43617E-01  8.37905E-01  8.37759E-01  8.32462E-01
  8.27656E-01  8.22575E-01  8.24982E-01  8.16561E-01  8.10353E-01  8.03108E-01
  7.97158E-01  7.89983E-01  7.84210E-01  7.77939E-01  7.72499E-01  7.61144E-01
  7.51155E-01  7.40688E-01  7.30744E-01  7.21910E-01  7.13739E-01  7.05083E-01
  6.97261E-01  6.81712E-01  6.65802E-01  6.50586E-01  6.36474E-01  6.22378E-01
  6.09110E-01  5.96628E-01  5.84543E-01  5.60348E-01  5.36628E-01  5.14450E-01
  4.94482E-01  4.76827E-01  4.60555E-01  4.45479E-01  4.33502E-01  4.08774E-01
  3.85723E-01  3.64027E-01  3.43927E-01  3.26823E-01  3.12269E-01  2.98450E-01
  2.87801E-01  2.66621E-01  2.46837E-01  2.28936E-01  2.11308E-01  1.94422E-01
  1.82643E-01  1.73599E-01  1.65333E-01  1.54807E-01  1.46496E-01  1.34182E-01
  1.25059E-01  1.19379E-01  1.18377E-01  1.22950E-01  1.19785E-01  1.13999E-01
  1.16095E-01  1.20878E-01  1.14980E-01  1.05807E-01  9.80293E-02  8.87974E-02
  7.35553E-02  7.51974E-02  8.42859E-02  6.41337E-02  6.45451E-02  5.08950E-02
  4.55531E-02  4.28008E-02  4.67781E-02  5.79119E-02  4.06861E-02  3.50613E-02
  3.59450E-02  2.24450E-02  4.00393E-02  4.44601E-02  4.33467E-02  2.64206E-02
  3.41475E-02  2.85657E-02  6.40471E-03 -6.51243E-03 -6.52476E-03 -1.57122E-02
  2.08440E-02 -6.13189E-03 -1.20146E-02 -1.79986E-02  1.00799E-03 -1.62498E-02
  2.29083E-03 -2.26882E-02
