AutoSaveFileName0376.ASC
 IFORMY    0    .00
 (6E13.7)
 IFORMT    0    .00
 (6E13.7)
 IFORMW    0    .00
 (6E13.7)
 NINTT     0   -1.00
 DOUSNQ    0    1.00
 IQUAD          1.00
 PRWT      0    1.00
 PRY       0    1.00
 IPLRES    1    3.00
 IPLRES    2    3.00
 IPRINT    1    0.00
 IPRINT    2    2.00
 IPLFIT    1    0.00
 IPLFIT    2    0.00
 LINEPG    0   50.
 NONNEG    1    1.00
 IWT       0    5.00
 NQPROG    1    5.00
 NQPROG    2    5.00
 GMNMX     1    7.731E-06
 GMNMX     2    7.731E-03
 RUSER    10    -1.00
 NG        0    200.00
 NLINF     0    0.00
 IUSER    10    4.00
 RUSER    21    1.0
 RUSER    22   -1.0
 RUSER    23    0.0
 RUSER    18         292.30755
 RUSER    17         139.99900
 RUSER    19         1.02269
 RUSER    15         1.33200
 RUSER    16         632.80000
 RUSER    25         1
 RUSER    26         0
 END       0    0.00
 NY      131
  3.75000E-07  5.00000E-07  6.25000E-07  7.50000E-07  8.75000E-07  1.00000E-06
  1.12500E-06  1.25000E-06  1.37500E-06  1.50000E-06  1.62500E-06  1.75000E-06
  1.87500E-06  2.00000E-06  2.25000E-06  2.50000E-06  2.75000E-06  3.00000E-06
  3.25000E-06  3.50000E-06  3.75000E-06  4.00000E-06  4.50000E-06  5.00000E-06
  5.50000E-06  6.00000E-06  6.50000E-06  7.00000E-06  7.50000E-06  8.00000E-06
  9.00000E-06  1.00000E-05  1.10000E-05  1.20000E-05  1.30000E-05  1.40000E-05
  1.50000E-05  1.60000E-05  1.80000E-05  2.00000E-05  2.20000E-05  2.40000E-05
  2.60000E-05  2.80000E-05  3.00000E-05  3.20000E-05  3.60000E-05  4.00000E-05
  4.40000E-05  4.80000E-05  5.20000E-05  5.60000E-05  6.00000E-05  6.40000E-05
  7.20000E-05  8.00000E-05  8.80000E-05  9.60000E-05  1.04000E-04  1.12000E-04
  1.20000E-04  1.28000E-04  1.44000E-04  1.60000E-04  1.76000E-04  1.92000E-04
  2.08000E-04  2.24000E-04  2.40000E-04  2.56000E-04  2.88000E-04  3.20000E-04
  3.52000E-04  3.84000E-04  4.16000E-04  4.48000E-04  4.80000E-04  5.12000E-04
  5.76000E-04  6.40000E-04  7.04000E-04  7.68000E-04  8.32000E-04  8.96000E-04
  9.60000E-04  1.02400E-03  1.15200E-03  1.28000E-03  1.40800E-03  1.53600E-03
  1.66400E-03  1.79200E-03  1.92000E-03  2.01600E-03  2.27200E-03  2.52800E-03
  2.78400E-03  3.04000E-03  3.29600E-03  3.55200E-03  3.80800E-03  4.06400E-03
  4.57600E-03  5.08800E-03  5.60000E-03  6.11200E-03  6.62400E-03  7.13600E-03
  7.64800E-03  8.16000E-03  9.18400E-03  1.02080E-02  1.12320E-02  1.22560E-02
  1.32800E-02  1.43040E-02  1.53280E-02  1.63520E-02  1.84000E-02  2.04480E-02
  2.24960E-02  2.45440E-02  2.65920E-02  2.86400E-02  3.06880E-02  3.27360E-02
  3.68320E-02  4.09280E-02  4.50240E-02  4.91200E-02  5.32160E-02
  1.64297E+00  1.64216E+00  1.64661E+00  1.65637E+00  1.63911E+00  1.64848E+00
  1.64401E+00  1.64316E+00  1.63976E+00  1.65064E+00  1.64278E+00  1.63634E+00
  1.63595E+00  1.63922E+00  1.63866E+00  1.62910E+00  1.63897E+00  1.62988E+00
  1.63855E+00  1.62994E+00  1.63176E+00  1.63755E+00  1.63324E+00  1.63737E+00
  1.63395E+00  1.63272E+00  1.62913E+00  1.63291E+00  1.63420E+00  1.63194E+00
  1.63033E+00  1.62777E+00  1.62943E+00  1.62598E+00  1.62413E+00  1.62530E+00
  1.62019E+00  1.62002E+00  1.61808E+00  1.61493E+00  1.61162E+00  1.61051E+00
  1.60711E+00  1.60595E+00  1.60657E+00  1.60449E+00  1.59874E+00  1.59347E+00
  1.58778E+00  1.58329E+00  1.57962E+00  1.57427E+00  1.56926E+00  1.56580E+00
  1.55581E+00  1.54763E+00  1.53689E+00  1.52850E+00  1.51861E+00  1.51111E+00
  1.50108E+00  1.49259E+00  1.47575E+00  1.45751E+00  1.44021E+00  1.42305E+00
  1.40825E+00  1.39118E+00  1.37433E+00  1.35872E+00  1.32721E+00  1.29678E+00
  1.26686E+00  1.23753E+00  1.20860E+00  1.18144E+00  1.15455E+00  1.12840E+00
  1.07832E+00  1.02998E+00  9.84166E-01  9.41129E-01  9.00215E-01  8.60967E-01
  8.24113E-01  7.88544E-01  7.22989E-01  6.64507E-01  6.11486E-01  5.62444E-01
  5.18748E-01  4.78623E-01  4.41444E-01  4.18424E-01  3.59511E-01  3.10562E-01
  2.69401E-01  2.35234E-01  2.07753E-01  1.85053E-01  1.66040E-01  1.50884E-01
  1.28151E-01  1.14153E-01  1.02368E-01  9.33118E-02  8.27629E-02  7.06951E-02
  6.19524E-02  5.76918E-02  5.21779E-02  4.72989E-02  3.99175E-02  3.24663E-02
  2.69788E-02  2.40708E-02  6.45646E-03  5.78530E-03  3.72221E-03  9.73480E-04
  9.87159E-03  1.99311E-03  2.84642E-03  1.77995E-03  3.25668E-03 -2.57398E-03
 -6.49853E-03  9.68590E-03 -2.13979E-03  2.92419E-03  1.20978E-03
