AutoSaveFileName0204.ASC
 IFORMY    0    .00
 (6E13.7)
 IFORMT    0    .00
 (6E13.7)
 IFORMW    0    .00
 (6E13.7)
 NINTT     0   -1.00
 DOUSNQ    0    1.00
 IQUAD          1.00
 PRWT      0    1.00
 PRY       0    1.00
 IPLRES    1    3.00
 IPLRES    2    3.00
 IPRINT    1    0.00
 IPRINT    2    2.00
 IPLFIT    1    0.00
 IPLFIT    2    0.00
 LINEPG    0   50.
 NONNEG    1    1.00
 IWT       0    5.00
 NQPROG    1    5.00
 NQPROG    2    5.00
 GMNMX     1    9.662E-06
 GMNMX     2    2.898E-03
 RUSER    10    -1.00
 NG        0    200.00
 NLINF     0    0.00
 IUSER    10    4.00
 RUSER    21    1.0
 RUSER    22   -1.0
 RUSER    23    0.0
 RUSER    18         292.07191
 RUSER    17         114.99900
 RUSER    19         0.00103
 RUSER    15         1.33200
 RUSER    16         0.00000
 RUSER    25         1
 RUSER    26         0
 END       0    0.00
 NY      131
  3.75000E-07  5.00000E-07  6.25000E-07  7.50000E-07  8.75000E-07  1.00000E-06
  1.12500E-06  1.25000E-06  1.37500E-06  1.50000E-06  1.62500E-06  1.75000E-06
  1.87500E-06  2.00000E-06  2.25000E-06  2.50000E-06  2.75000E-06  3.00000E-06
  3.25000E-06  3.50000E-06  3.75000E-06  4.00000E-06  4.50000E-06  5.00000E-06
  5.50000E-06  6.00000E-06  6.50000E-06  7.00000E-06  7.50000E-06  8.00000E-06
  9.00000E-06  1.00000E-05  1.10000E-05  1.20000E-05  1.30000E-05  1.40000E-05
  1.50000E-05  1.60000E-05  1.80000E-05  2.00000E-05  2.20000E-05  2.40000E-05
  2.60000E-05  2.80000E-05  3.00000E-05  3.20000E-05  3.60000E-05  4.00000E-05
  4.40000E-05  4.80000E-05  5.20000E-05  5.60000E-05  6.00000E-05  6.40000E-05
  7.20000E-05  8.00000E-05  8.80000E-05  9.60000E-05  1.04000E-04  1.12000E-04
  1.20000E-04  1.28000E-04  1.44000E-04  1.60000E-04  1.76000E-04  1.92000E-04
  2.08000E-04  2.24000E-04  2.40000E-04  2.56000E-04  2.88000E-04  3.20000E-04
  3.52000E-04  3.84000E-04  4.16000E-04  4.48000E-04  4.80000E-04  5.12000E-04
  5.76000E-04  6.40000E-04  7.04000E-04  7.68000E-04  8.32000E-04  8.96000E-04
  9.60000E-04  1.02400E-03  1.15200E-03  1.28000E-03  1.40800E-03  1.53600E-03
  1.66400E-03  1.79200E-03  1.92000E-03  2.01600E-03  2.27200E-03  2.52800E-03
  2.78400E-03  3.04000E-03  3.29600E-03  3.55200E-03  3.80800E-03  4.06400E-03
  4.57600E-03  5.08800E-03  5.60000E-03  6.11200E-03  6.62400E-03  7.13600E-03
  7.64800E-03  8.16000E-03  9.18400E-03  1.02080E-02  1.12320E-02  1.22560E-02
  1.32800E-02  1.43040E-02  1.53280E-02  1.63520E-02  1.84000E-02  2.04480E-02
  2.24960E-02  2.45440E-02  2.65920E-02  2.86400E-02  3.06880E-02  3.27360E-02
  3.68320E-02  4.09280E-02  4.50240E-02  4.91200E-02  5.32160E-02
  5.29556E+00  5.26473E+00  5.26735E+00  5.25323E+00  5.26522E+00  5.25445E+00
  5.22251E+00  5.23884E+00  5.22325E+00  5.24272E+00  5.22772E+00  5.23217E+00
  5.21727E+00  5.21946E+00  5.21281E+00  5.21147E+00  5.20823E+00  5.20580E+00
  5.20008E+00  5.19293E+00  5.19030E+00  5.17406E+00  5.17117E+00  5.15816E+00
  5.15129E+00  5.13913E+00  5.13135E+00  5.12687E+00  5.10808E+00  5.09860E+00
  5.07957E+00  5.06040E+00  5.04629E+00  5.02500E+00  5.00420E+00  4.98778E+00
  4.96233E+00  4.94563E+00  4.91243E+00  4.86881E+00  4.83722E+00  4.80252E+00
  4.76354E+00  4.72599E+00  4.69204E+00  4.65700E+00  4.58823E+00  4.51908E+00
  4.45720E+00  4.38919E+00  4.32424E+00  4.26202E+00  4.20206E+00  4.14031E+00
  4.02280E+00  3.91189E+00  3.80255E+00  3.69528E+00  3.59572E+00  3.49801E+00
  3.40421E+00  3.31715E+00  3.14998E+00  2.99440E+00  2.84865E+00  2.71436E+00
  2.59006E+00  2.47459E+00  2.36465E+00  2.26720E+00  2.08939E+00  1.93500E+00
  1.80205E+00  1.68682E+00  1.58945E+00  1.50437E+00  1.43383E+00  1.37301E+00
  1.27315E+00  1.19971E+00  1.14382E+00  1.10415E+00  1.07387E+00  1.05001E+00
  1.03497E+00  1.02350E+00  1.00776E+00  1.00185E+00  9.99311E-01  1.00373E+00
  1.00878E+00  1.01186E+00  1.00780E+00  1.00796E+00  1.00493E+00  9.97727E-01
  9.93871E-01  9.94094E-01  9.96420E-01  1.00083E+00  1.00331E+00  1.00641E+00
  1.00455E+00  1.00726E+00  1.00422E+00  1.00120E+00  9.95325E-01  9.98410E-01
  1.00304E+00  1.00089E+00  1.00151E+00  1.00270E+00  1.00128E+00  1.00729E+00
  9.96674E-01  9.97199E-01  1.00125E+00  9.97925E-01  1.00395E+00  1.00093E+00
  1.00255E+00  1.00404E+00  1.00061E+00  1.00261E+00  1.00201E+00  9.98278E-01
  9.98191E-01  1.00047E+00  1.00230E+00  1.00450E+00  9.98500E-01
