AutoSaveFileName0060.ASC
 IFORMY    0    .00
 (6E13.7)
 IFORMT    0    .00
 (6E13.7)
 IFORMW    0    .00
 (6E13.7)
 NINTT     0   -1.00
 DOUSNQ    0    1.00
 IQUAD     0    1.00
 PRWT      0    1.00
 PRY       0    1.00
 IPLRES    1    3.00
 IPLRES    2    3.00
 IPRINT    1    0.00
 IPRINT    2    2.00
 IPLFIT    1    0.00
 IPLFIT    2    0.00
 LINEPG    0   50.
 NONNEG    1    1.00
 IWT       0    5.00
 NQPROG    1    5.00
 NQPROG    2    5.00
 GMNMX     1    1.83743E-02
 GMNMX     2    6.59591E-03
 RUSER    10    -1.00
 NG        0    500.00
 NLINF     0    1.00
 IUSER    10    4.00
 RUSER    21    1.0
 RUSER    22   -1.0
 RUSER    23    0.0
 RUSER    18         291.93412
 RUSER    17         44.99800
 RUSER    19         1.03218
 RUSER    15         1.33200
 RUSER    16         632.80000
 RUSER    25         1
 RUSER    26         0
 END       0    0.00
 NY      162
  7.50000E-07  8.75000E-07  1.00000E-06  1.12500E-06  1.25000E-06  1.37500E-06
  1.50000E-06  1.62500E-06  1.75000E-06  1.87500E-06  2.00000E-06  2.25000E-06
  2.50000E-06  2.75000E-06  3.00000E-06  3.25000E-06  3.50000E-06  3.75000E-06
  4.00000E-06  4.50000E-06  5.00000E-06  5.50000E-06  6.00000E-06  6.50000E-06
  7.00000E-06  7.50000E-06  8.00000E-06  9.00000E-06  1.00000E-05  1.10000E-05
  1.20000E-05  1.30000E-05  1.40000E-05  1.50000E-05  1.60000E-05  1.80000E-05
  2.00000E-05  2.20000E-05  2.40000E-05  2.60000E-05  2.80000E-05  3.00000E-05
  3.20000E-05  3.60000E-05  4.00000E-05  4.40000E-05  4.80000E-05  5.20000E-05
  5.60000E-05  6.00000E-05  6.40000E-05  7.20000E-05  8.00000E-05  8.80000E-05
  9.60000E-05  1.04000E-04  1.12000E-04  1.20000E-04  1.28000E-04  1.44000E-04
  1.60000E-04  1.76000E-04  1.92000E-04  2.08000E-04  2.24000E-04  2.40000E-04
  2.56000E-04  2.88000E-04  3.20000E-04  3.52000E-04  3.84000E-04  4.16000E-04
  4.48000E-04  4.80000E-04  5.12000E-04  5.76000E-04  6.40000E-04  7.04000E-04
  7.68000E-04  8.32000E-04  8.96000E-04  9.60000E-04  1.02400E-03  1.15200E-03
  1.28000E-03  1.40800E-03  1.53600E-03  1.66400E-03  1.79200E-03  1.92000E-03
  2.01600E-03  2.27200E-03  2.52800E-03  2.78400E-03  3.04000E-03  3.29600E-03
  3.55200E-03  3.80800E-03  4.06400E-03  4.57600E-03  5.08800E-03  5.60000E-03
  6.11200E-03  6.62400E-03  7.13600E-03  7.64800E-03  8.16000E-03  9.18400E-03
  1.02080E-02  1.12320E-02  1.22560E-02  1.32800E-02  1.43040E-02  1.53280E-02
  1.63520E-02  1.84000E-02  2.04480E-02  2.24960E-02  2.45440E-02  2.65920E-02
  2.86400E-02  3.06880E-02  3.27360E-02  3.68320E-02  4.09280E-02  4.50240E-02
  4.91200E-02  5.32160E-02  5.73120E-02  6.14080E-02  6.55040E-02  7.36960E-02
  8.18880E-02  9.00800E-02  9.82720E-02  1.06464E-01  1.14656E-01  1.22848E-01
  1.31040E-01  1.47424E-01  1.63808E-01  1.80192E-01  1.96576E-01  2.12960E-01
  2.29344E-01  2.45728E-01  2.62112E-01  2.94880E-01  3.27648E-01  3.60416E-01
  3.93184E-01  4.25952E-01  4.58720E-01  4.91488E-01  5.24256E-01  5.89792E-01
  6.55328E-01  7.20864E-01  7.86400E-01  8.51936E-01  9.17472E-01  9.83008E-01
  9.96234E-01  9.97426E-01  1.00000E+00  9.90004E-01  9.99691E-01  9.96854E-01
  9.91500E-01  9.99033E-01  9.95791E-01  9.91970E-01  9.92897E-01  9.93151E-01
  9.92264E-01  9.89859E-01  9.89805E-01  9.92373E-01  9.91463E-01  9.91770E-01
  9.92040E-01  9.90212E-01  9.90693E-01  9.90478E-01  9.90880E-01  9.86847E-01
  9.89641E-01  9.87429E-01  9.87890E-01  9.87036E-01  9.85403E-01  9.82718E-01
  9.83526E-01  9.83073E-01  9.82828E-01  9.80343E-01  9.79833E-01  9.78653E-01
  9.75642E-01  9.74349E-01  9.72762E-01  9.71851E-01  9.69665E-01  9.67000E-01
  9.66013E-01  9.62064E-01  9.58407E-01  9.54716E-01  9.50782E-01  9.48144E-01
  9.44564E-01  9.41179E-01  9.37618E-01  9.30485E-01  9.23659E-01  9.16686E-01
  9.10218E-01  9.02949E-01  8.97197E-01  8.90220E-01  8.84320E-01  8.71221E-01
  8.59168E-01  8.46800E-01  8.34396E-01  8.22521E-01  8.10033E-01  7.98735E-01
  7.87397E-01  7.65353E-01  7.43880E-01  7.23124E-01  7.03356E-01  6.83173E-01
  6.64437E-01  6.45918E-01  6.28113E-01  5.93979E-01  5.61977E-01  5.32685E-01
  5.04485E-01  4.78027E-01  4.53281E-01  4.29852E-01  4.08087E-01  3.68227E-01
  3.32506E-01  3.00606E-01  2.72362E-01  2.45933E-01  2.21549E-01  2.00088E-01
  1.85974E-01  1.51598E-01  1.24852E-01  1.04699E-01  8.95820E-02  7.86925E-02
  7.07109E-02  6.39023E-02  5.50212E-02  3.80112E-02  2.78367E-02  2.41295E-02
  1.86623E-02  1.18417E-02  8.52698E-03  7.58192E-03  9.09115E-03  8.73554E-03
  1.02796E-02  4.25898E-03 -1.69869E-03 -2.79785E-03 -2.64619E-03  4.12776E-03
  9.59151E-03  7.51600E-03  4.83037E-03  5.42000E-03  6.89319E-03  1.39690E-02
  7.88472E-03 -5.99137E-03 -2.55383E-03  3.71610E-03  3.59884E-03 -6.73414E-04
  2.37730E-03  1.34118E-03  1.27551E-03 -2.54110E-04 -6.45709E-04  1.92723E-03
  1.63065E-03 -1.55268E-03 -1.32937E-03  4.28394E-04  3.09056E-03 -7.44645E-04
  1.00768E-02 -1.23260E-03 -4.99661E-03 -2.97947E-03 -6.80711E-04  6.22489E-04
  2.33450E-03  1.18096E-03  2.38996E-03 -3.86254E-03 -2.00572E-03 -3.49140E-03
 -6.41084E-04 -1.14471E-03 -1.22619E-03  1.10773E-03 -1.55300E-04 -5.60926E-05
 -9.34161E-04  4.37125E-04  1.15771E-03 -2.70818E-04 -1.74233E-03  9.21072E-04
