AutoSaveFileName0224.ASC
 IFORMY    0    .00
 (6E13.7)
 IFORMT    0    .00
 (6E13.7)
 IFORMW    0    .00
 (6E13.7)
 NINTT     0   -1.00
 DOUSNQ    0    1.00
 IQUAD          1.00
 PRWT      0    1.00
 PRY       0    1.00
 IPLRES    1    3.00
 IPLRES    2    3.00
 IPRINT    1    0.00
 IPRINT    2    2.00
 IPLFIT    1    0.00
 IPLFIT    2    0.00
 LINEPG    0   50.
 NONNEG    1    1.00
 IWT       0    5.00
 NQPROG    1    5.00
 NQPROG    2    5.00
 GMNMX     1    8.728E-06
 GMNMX     2    2.618E-03
 RUSER    10    -1.00
 NG        0    200.00
 NLINF     0    0.00
 IUSER    10    4.00
 RUSER    21    1.0
 RUSER    22   -1.0
 RUSER    23    0.0
 RUSER    18         292.09943
 RUSER    17         124.99900
 RUSER    19         0.00103
 RUSER    15         1.33200
 RUSER    16         0.00000
 RUSER    25         1
 RUSER    26         0
 END       0    0.00
 NY      131
  3.75000E-07  5.00000E-07  6.25000E-07  7.50000E-07  8.75000E-07  1.00000E-06
  1.12500E-06  1.25000E-06  1.37500E-06  1.50000E-06  1.62500E-06  1.75000E-06
  1.87500E-06  2.00000E-06  2.25000E-06  2.50000E-06  2.75000E-06  3.00000E-06
  3.25000E-06  3.50000E-06  3.75000E-06  4.00000E-06  4.50000E-06  5.00000E-06
  5.50000E-06  6.00000E-06  6.50000E-06  7.00000E-06  7.50000E-06  8.00000E-06
  9.00000E-06  1.00000E-05  1.10000E-05  1.20000E-05  1.30000E-05  1.40000E-05
  1.50000E-05  1.60000E-05  1.80000E-05  2.00000E-05  2.20000E-05  2.40000E-05
  2.60000E-05  2.80000E-05  3.00000E-05  3.20000E-05  3.60000E-05  4.00000E-05
  4.40000E-05  4.80000E-05  5.20000E-05  5.60000E-05  6.00000E-05  6.40000E-05
  7.20000E-05  8.00000E-05  8.80000E-05  9.60000E-05  1.04000E-04  1.12000E-04
  1.20000E-04  1.28000E-04  1.44000E-04  1.60000E-04  1.76000E-04  1.92000E-04
  2.08000E-04  2.24000E-04  2.40000E-04  2.56000E-04  2.88000E-04  3.20000E-04
  3.52000E-04  3.84000E-04  4.16000E-04  4.48000E-04  4.80000E-04  5.12000E-04
  5.76000E-04  6.40000E-04  7.04000E-04  7.68000E-04  8.32000E-04  8.96000E-04
  9.60000E-04  1.02400E-03  1.15200E-03  1.28000E-03  1.40800E-03  1.53600E-03
  1.66400E-03  1.79200E-03  1.92000E-03  2.01600E-03  2.27200E-03  2.52800E-03
  2.78400E-03  3.04000E-03  3.29600E-03  3.55200E-03  3.80800E-03  4.06400E-03
  4.57600E-03  5.08800E-03  5.60000E-03  6.11200E-03  6.62400E-03  7.13600E-03
  7.64800E-03  8.16000E-03  9.18400E-03  1.02080E-02  1.12320E-02  1.22560E-02
  1.32800E-02  1.43040E-02  1.53280E-02  1.63520E-02  1.84000E-02  2.04480E-02
  2.24960E-02  2.45440E-02  2.65920E-02  2.86400E-02  3.06880E-02  3.27360E-02
  3.68320E-02  4.09280E-02  4.50240E-02  4.91200E-02  5.32160E-02
  5.26853E+00  5.25013E+00  5.24938E+00  5.24984E+00  5.22805E+00  5.22399E+00
  5.22383E+00  5.22619E+00  5.21618E+00  5.19589E+00  5.20939E+00  5.21008E+00
  5.19368E+00  5.18676E+00  5.19711E+00  5.18237E+00  5.17653E+00  5.17293E+00
  5.17254E+00  5.15701E+00  5.16084E+00  5.15346E+00  5.14055E+00  5.12649E+00
  5.11773E+00  5.10405E+00  5.09607E+00  5.08303E+00  5.06335E+00  5.05883E+00
  5.04570E+00  5.02036E+00  5.00005E+00  4.97947E+00  4.95669E+00  4.93720E+00
  4.91298E+00  4.89499E+00  4.85433E+00  4.81220E+00  4.77487E+00  4.73266E+00
  4.69443E+00  4.65757E+00  4.61528E+00  4.57670E+00  4.50268E+00  4.43036E+00
  4.35646E+00  4.28955E+00  4.22006E+00  4.14961E+00  4.08464E+00  4.02145E+00
  3.89357E+00  3.77453E+00  3.65904E+00  3.54699E+00  3.44121E+00  3.34071E+00
  3.24304E+00  3.15096E+00  2.97614E+00  2.81576E+00  2.66825E+00  2.53339E+00
  2.40759E+00  2.29443E+00  2.18986E+00  2.09550E+00  1.92685E+00  1.78203E+00
  1.65898E+00  1.55585E+00  1.46778E+00  1.39400E+00  1.33112E+00  1.28193E+00
  1.20207E+00  1.14568E+00  1.10352E+00  1.07243E+00  1.05068E+00  1.03774E+00
  1.03016E+00  1.02205E+00  1.01456E+00  1.01094E+00  1.00897E+00  1.00997E+00
  1.00598E+00  9.97743E-01  9.95820E-01  9.94870E-01  9.97951E-01  9.98291E-01
  9.99384E-01  1.00104E+00  1.00586E+00  1.00573E+00  1.00418E+00  9.99406E-01
  9.99091E-01  1.00151E+00  1.01052E+00  9.98687E-01  9.95105E-01  9.95960E-01
  9.97047E-01  9.91804E-01  9.93965E-01  9.97043E-01  1.00245E+00  1.00226E+00
  1.00104E+00  1.00704E+00  1.00872E+00  1.00599E+00  9.97558E-01  9.96575E-01
  1.00116E+00  9.96427E-01  9.98220E-01  9.98979E-01  1.00011E+00  1.00264E+00
  1.00056E+00  9.98207E-01  1.00023E+00  1.00058E+00  1.00337E+00
