AutoSaveFileName0084.ASC
 IFORMY    0    .00
 (6E13.7)
 IFORMT    0    .00
 (6E13.7)
 IFORMW    0    .00
 (6E13.7)
 NINTT     0   -1.00
 DOUSNQ    0    1.00
 IQUAD     0    1.00
 PRWT      0    1.00
 PRY       0    1.00
 IPLRES    1    3.00
 IPLRES    2    3.00
 IPRINT    1    0.00
 IPRINT    2    2.00
 IPLFIT    1    0.00
 IPLFIT    2    0.00
 LINEPG    0   50.
 NONNEG    1    1.00
 IWT       0    5.00
 NQPROG    1    5.00
 NQPROG    2    5.00
 GMNMX     1    1.26145E-02
 GMNMX     2    4.52830E-03
 RUSER    10    -1.00
 NG        0    500.00
 NLINF     0    1.00
 IUSER    10    4.00
 RUSER    21    1.0
 RUSER    22   -1.0
 RUSER    23    0.0
 RUSER    18         291.95163
 RUSER    17         54.99700
 RUSER    19         1.03173
 RUSER    15         1.33200
 RUSER    16         632.80000
 RUSER    25         1
 RUSER    26         0
 END       0    0.00
 NY      162
  7.50000E-07  8.75000E-07  1.00000E-06  1.12500E-06  1.25000E-06  1.37500E-06
  1.50000E-06  1.62500E-06  1.75000E-06  1.87500E-06  2.00000E-06  2.25000E-06
  2.50000E-06  2.75000E-06  3.00000E-06  3.25000E-06  3.50000E-06  3.75000E-06
  4.00000E-06  4.50000E-06  5.00000E-06  5.50000E-06  6.00000E-06  6.50000E-06
  7.00000E-06  7.50000E-06  8.00000E-06  9.00000E-06  1.00000E-05  1.10000E-05
  1.20000E-05  1.30000E-05  1.40000E-05  1.50000E-05  1.60000E-05  1.80000E-05
  2.00000E-05  2.20000E-05  2.40000E-05  2.60000E-05  2.80000E-05  3.00000E-05
  3.20000E-05  3.60000E-05  4.00000E-05  4.40000E-05  4.80000E-05  5.20000E-05
  5.60000E-05  6.00000E-05  6.40000E-05  7.20000E-05  8.00000E-05  8.80000E-05
  9.60000E-05  1.04000E-04  1.12000E-04  1.20000E-04  1.28000E-04  1.44000E-04
  1.60000E-04  1.76000E-04  1.92000E-04  2.08000E-04  2.24000E-04  2.40000E-04
  2.56000E-04  2.88000E-04  3.20000E-04  3.52000E-04  3.84000E-04  4.16000E-04
  4.48000E-04  4.80000E-04  5.12000E-04  5.76000E-04  6.40000E-04  7.04000E-04
  7.68000E-04  8.32000E-04  8.96000E-04  9.60000E-04  1.02400E-03  1.15200E-03
  1.28000E-03  1.40800E-03  1.53600E-03  1.66400E-03  1.79200E-03  1.92000E-03
  2.01600E-03  2.27200E-03  2.52800E-03  2.78400E-03  3.04000E-03  3.29600E-03
  3.55200E-03  3.80800E-03  4.06400E-03  4.57600E-03  5.08800E-03  5.60000E-03
  6.11200E-03  6.62400E-03  7.13600E-03  7.64800E-03  8.16000E-03  9.18400E-03
  1.02080E-02  1.12320E-02  1.22560E-02  1.32800E-02  1.43040E-02  1.53280E-02
  1.63520E-02  1.84000E-02  2.04480E-02  2.24960E-02  2.45440E-02  2.65920E-02
  2.86400E-02  3.06880E-02  3.27360E-02  3.68320E-02  4.09280E-02  4.50240E-02
  4.91200E-02  5.32160E-02  5.73120E-02  6.14080E-02  6.55040E-02  7.36960E-02
  8.18880E-02  9.00800E-02  9.82720E-02  1.06464E-01  1.14656E-01  1.22848E-01
  1.31040E-01  1.47424E-01  1.63808E-01  1.80192E-01  1.96576E-01  2.12960E-01
  2.29344E-01  2.45728E-01  2.62112E-01  2.94880E-01  3.27648E-01  3.60416E-01
  3.93184E-01  4.25952E-01  4.58720E-01  4.91488E-01  5.24256E-01  5.89792E-01
  6.55328E-01  7.20864E-01  7.86400E-01  8.51936E-01  9.17472E-01  9.83008E-01
  1.00000E+00  9.99119E-01  9.99538E-01  9.97621E-01  9.97494E-01  9.96629E-01
  9.98625E-01  9.95033E-01  9.97455E-01  9.94229E-01  9.93266E-01  9.93918E-01
  9.94605E-01  9.93976E-01  9.94193E-01  9.94063E-01  9.90890E-01  9.91540E-01
  9.93044E-01  9.91345E-01  9.90078E-01  9.89284E-01  9.89399E-01  9.89243E-01
  9.87365E-01  9.87086E-01  9.86768E-01  9.84490E-01  9.83949E-01  9.82071E-01
  9.81746E-01  9.79295E-01  9.77795E-01  9.76415E-01  9.75428E-01  9.73033E-01
  9.70298E-01  9.67666E-01  9.64541E-01  9.63000E-01  9.59110E-01  9.57013E-01
  9.53774E-01  9.48820E-01  9.43780E-01  9.38436E-01  9.32812E-01  9.27623E-01
  9.22948E-01  9.17824E-01  9.12496E-01  9.02134E-01  8.92554E-01  8.81963E-01
  8.72800E-01  8.63153E-01  8.53465E-01  8.43962E-01  8.34946E-01  8.16576E-01
  7.99061E-01  7.81598E-01  7.64567E-01  7.47935E-01  7.31285E-01  7.15513E-01
  6.99996E-01  6.69865E-01  6.41053E-01  6.13703E-01  5.87506E-01  5.62694E-01
  5.38526E-01  5.15825E-01  4.94417E-01  4.53579E-01  4.16055E-01  3.82016E-01
  3.50987E-01  3.22470E-01  2.96196E-01  2.72240E-01  2.49987E-01  2.11160E-01
  1.78382E-01  1.51111E-01  1.27982E-01  1.08752E-01  9.28605E-02  7.95570E-02
  7.15094E-02  5.29743E-02  4.03078E-02  3.09163E-02  2.41413E-02  1.87730E-02
  1.46032E-02  1.12916E-02  8.47564E-03  3.37399E-03 -4.46655E-04 -1.55506E-03
  2.80043E-04  1.64102E-03  1.45096E-03  1.20607E-03 -5.42400E-04  2.68903E-04
  3.17057E-03  3.48240E-03 -4.33488E-04 -1.85760E-03  8.73898E-04  1.87755E-04
 -1.44825E-04 -2.14549E-03  5.71315E-04 -5.20932E-04 -2.93063E-03  1.38921E-04
 -1.83290E-03  1.63696E-03  2.45485E-05 -2.48870E-03 -1.73646E-03  4.00634E-05
 -1.50856E-03  5.55384E-04  2.05098E-03 -4.84445E-03 -1.15035E-03 -2.06649E-03
 -1.04726E-03 -1.54833E-05 -2.32978E-03 -1.03838E-03  2.77599E-03  1.39644E-03
  1.07817E-03 -2.52847E-04  6.22375E-04  3.10075E-03  1.08437E-03 -4.89953E-04
  2.30627E-03 -1.39189E-04 -4.45088E-04 -1.95665E-04 -1.42092E-03  1.92982E-03
 -1.78930E-03  4.75016E-04  3.81212E-04 -3.50224E-04 -7.30786E-04 -3.90077E-04
 -7.92233E-04  8.04940E-04 -1.45009E-03 -2.85597E-04  1.86009E-04 -4.04650E-04
