AutoSaveFileName0112.ASC
 IFORMY    0    .00
 (6E13.7)
 IFORMT    0    .00
 (6E13.7)
 IFORMW    0    .00
 (6E13.7)
 NINTT     0   -1.00
 DOUSNQ    0    1.00
 IQUAD          1.00
 PRWT      0    1.00
 PRY       0    1.00
 IPLRES    1    3.00
 IPLRES    2    3.00
 IPRINT    1    0.00
 IPRINT    2    2.00
 IPLFIT    1    0.00
 IPLFIT    2    0.00
 LINEPG    0   50.
 NONNEG    1    1.00
 IWT       0    5.00
 NQPROG    1    5.00
 NQPROG    2    5.00
 GMNMX     1    2.081E-05
 GMNMX     2    2.081E-02
 RUSER    10    -1.00
 NG        0    200.00
 NLINF     0    0.00
 IUSER    10    4.00
 RUSER    21    1.0
 RUSER    22   -1.0
 RUSER    23    0.0
 RUSER    18         292.20073
 RUSER    17         69.99800
 RUSER    19         1.02539
 RUSER    15         1.33200
 RUSER    16         632.80000
 RUSER    25         1
 RUSER    26         0
 END       0    0.00
 NY      188
  5.00000E-07  6.25000E-07  7.50000E-07  8.75000E-07  1.00000E-06  1.12500E-06
  1.25000E-06  1.37500E-06  1.50000E-06  1.62500E-06  1.75000E-06  1.87500E-06
  2.00000E-06  2.25000E-06  2.50000E-06  2.75000E-06  3.00000E-06  3.25000E-06
  3.50000E-06  3.75000E-06  4.00000E-06  4.50000E-06  5.00000E-06  5.50000E-06
  6.00000E-06  6.50000E-06  7.00000E-06  7.50000E-06  8.00000E-06  9.00000E-06
  1.00000E-05  1.10000E-05  1.20000E-05  1.30000E-05  1.40000E-05  1.50000E-05
  1.60000E-05  1.80000E-05  2.00000E-05  2.20000E-05  2.40000E-05  2.60000E-05
  2.80000E-05  3.00000E-05  3.20000E-05  3.60000E-05  4.00000E-05  4.40000E-05
  4.80000E-05  5.20000E-05  5.60000E-05  6.00000E-05  6.40000E-05  7.20000E-05
  8.00000E-05  8.80000E-05  9.60000E-05  1.04000E-04  1.12000E-04  1.20000E-04
  1.28000E-04  1.44000E-04  1.60000E-04  1.76000E-04  1.92000E-04  2.08000E-04
  2.24000E-04  2.40000E-04  2.56000E-04  2.88000E-04  3.20000E-04  3.52000E-04
  3.84000E-04  4.16000E-04  4.48000E-04  4.80000E-04  5.12000E-04  5.76000E-04
  6.40000E-04  7.04000E-04  7.68000E-04  8.32000E-04  8.96000E-04  9.60000E-04
  1.02400E-03  1.15200E-03  1.28000E-03  1.40800E-03  1.53600E-03  1.66400E-03
  1.79200E-03  1.92000E-03  2.01600E-03  2.27200E-03  2.52800E-03  2.78400E-03
  3.04000E-03  3.29600E-03  3.55200E-03  3.80800E-03  4.06400E-03  4.57600E-03
  5.08800E-03  5.60000E-03  6.11200E-03  6.62400E-03  7.13600E-03  7.64800E-03
  8.16000E-03  9.18400E-03  1.02080E-02  1.12320E-02  1.22560E-02  1.32800E-02
  1.43040E-02  1.53280E-02  1.63520E-02  1.84000E-02  2.04480E-02  2.24960E-02
  2.45440E-02  2.65920E-02  2.86400E-02  3.06880E-02  3.27360E-02  3.68320E-02
  4.09280E-02  4.50240E-02  4.91200E-02  5.32160E-02  5.73120E-02  6.14080E-02
  6.55040E-02  7.36960E-02  8.18880E-02  9.00800E-02  9.82720E-02  1.06464E-01
  1.14656E-01  1.22848E-01  1.31040E-01  1.47424E-01  1.63808E-01  1.80192E-01
  1.96576E-01  2.12960E-01  2.29344E-01  2.45728E-01  2.62112E-01  2.94880E-01
  3.27648E-01  3.60416E-01  3.93184E-01  4.25952E-01  4.58720E-01  4.91488E-01
  5.24256E-01  5.89792E-01  6.55328E-01  7.20864E-01  7.86400E-01  8.51936E-01
  9.17472E-01  9.83008E-01  1.04854E+00  1.17962E+00  1.31069E+00  1.44176E+00
  1.57283E+00  1.70390E+00  1.83498E+00  1.96605E+00  2.09712E+00  2.35926E+00
  2.62141E+00  2.88355E+00  3.14570E+00  3.40784E+00  3.66998E+00  3.93213E+00
  4.19427E+00  4.71856E+00  5.24285E+00  5.76714E+00  6.29142E+00  6.81571E+00
  7.34000E+00  7.86429E+00
  9.88899E-01  9.89743E-01  9.86496E-01  9.86040E-01  9.85158E-01  9.88289E-01
  9.89167E-01  9.87303E-01  9.92105E-01  9.88264E-01  9.87223E-01  9.88556E-01
  9.86525E-01  9.86529E-01  9.87156E-01  9.84356E-01  9.86508E-01  9.84791E-01
  9.85284E-01  9.88577E-01  9.87950E-01  9.86421E-01  9.87407E-01  9.87574E-01
  9.84749E-01  9.84105E-01  9.84026E-01  9.83303E-01  9.82956E-01  9.86182E-01
  9.83441E-01  9.85844E-01  9.84987E-01  9.84343E-01  9.84465E-01  9.84180E-01
  9.83921E-01  9.84005E-01  9.84042E-01  9.83190E-01  9.82609E-01  9.82066E-01
  9.82145E-01  9.80887E-01  9.82287E-01  9.81317E-01  9.80975E-01  9.81062E-01
  9.79152E-01  9.78734E-01  9.78772E-01  9.78082E-01  9.77359E-01  9.75993E-01
  9.75600E-01  9.74037E-01  9.73368E-01  9.71667E-01  9.70831E-01  9.69510E-01
  9.68754E-01  9.67002E-01  9.64119E-01  9.61703E-01  9.59609E-01  9.57828E-01
  9.55291E-01  9.53653E-01  9.51116E-01  9.46589E-01  9.42460E-01  9.38314E-01
  9.34080E-01  9.29951E-01  9.25537E-01  9.21462E-01  9.17216E-01  9.09015E-01
  9.00907E-01  8.92807E-01  8.84703E-01  8.77000E-01  8.69130E-01  8.61502E-01
  8.35443E-01  8.20643E-01  8.06165E-01  7.91758E-01  7.77878E-01  7.64194E-01
  7.51258E-01  7.38360E-01  7.47542E-01  7.22636E-01  6.99014E-01  6.76181E-01
  6.54531E-01  6.33721E-01  6.14018E-01  5.94650E-01  5.76352E-01  5.41060E-01
  5.07799E-01  4.76494E-01  4.46987E-01  4.19974E-01  3.95647E-01  3.73753E-01
  3.53926E-01  3.17547E-01  2.85363E-01  2.55962E-01  2.30230E-01  2.08330E-01
  1.89854E-01  1.73627E-01  1.60195E-01  1.38256E-01  1.22784E-01  1.09200E-01
  9.42443E-02  8.15184E-02  7.03887E-02  6.29763E-02  5.89133E-02  4.49687E-02
  3.02979E-02  2.65889E-02  2.69317E-02  2.24217E-02  1.17251E-02  2.24067E-03
 -2.44170E-04 -1.47629E-04  6.23878E-03  1.80041E-02  2.03237E-02  8.12731E-03
 -1.77024E-03  7.11573E-03  1.11628E-02  7.03143E-03  1.17030E-02  1.20360E-02
 -2.79091E-03  1.21475E-02  1.12934E-02  1.82101E-02  1.03714E-02  4.81531E-03
  1.26117E-02  1.16735E-02  1.13770E-02 -1.71506E-03  4.76034E-03  6.71821E-03
  4.57498E-03  2.45179E-03 -4.55709E-03  5.94366E-03 -2.22436E-03  5.84017E-04
 -5.15042E-03  7.03001E-03  6.80728E-03  4.62860E-04 -2.94191E-03 -1.95373E-03
 -9.15627E-03  6.03728E-04  2.05367E-03 -6.18185E-03 -6.26051E-03 -1.06602E-03
  1.08909E-02 -8.70120E-03  2.42937E-03  3.67614E-03 -5.34193E-04  3.36286E-03
  6.77092E-03 -1.19659E-02 -3.24658E-03 -2.09322E-03 -4.87796E-03  1.54971E-03
 -2.17250E-03 -5.28128E-03
