AutoSaveFileName0031.ASC
 IFORMY    0    .00
 (6E13.7)
 IFORMT    0    .00
 (6E13.7)
 IFORMW    0    .00
 (6E13.7)
 NINTT     0   -1.00
 DOUSNQ    0    1.00
 IQUAD     0    1.00
 PRWT      0    1.00
 PRY       0    1.00
 IPLRES    1    3.00
 IPLRES    2    3.00
 IPRINT    1    0.00
 IPRINT    2    2.00
 IPLFIT    1    0.00
 IPLFIT    2    0.00
 LINEPG    0   50.
 NONNEG    1    1.00
 IWT       0    5.00
 NQPROG    1    5.00
 NQPROG    2    5.00
 GMNMX     1    4.01963E-02
 GMNMX     2    1.44294E-02
 RUSER    10    -1.00
 NG        0    500.00
 NLINF     0    1.00
 IUSER    10    4.00
 RUSER    21    1.0
 RUSER    22   -1.0
 RUSER    23    0.0
 RUSER    18         291.91251
 RUSER    17         29.99800
 RUSER    19         1.03274
 RUSER    15         1.33200
 RUSER    16         632.80000
 RUSER    25         1
 RUSER    26         0
 END       0    0.00
 NY      162
  7.50000E-07  8.75000E-07  1.00000E-06  1.12500E-06  1.25000E-06  1.37500E-06
  1.50000E-06  1.62500E-06  1.75000E-06  1.87500E-06  2.00000E-06  2.25000E-06
  2.50000E-06  2.75000E-06  3.00000E-06  3.25000E-06  3.50000E-06  3.75000E-06
  4.00000E-06  4.50000E-06  5.00000E-06  5.50000E-06  6.00000E-06  6.50000E-06
  7.00000E-06  7.50000E-06  8.00000E-06  9.00000E-06  1.00000E-05  1.10000E-05
  1.20000E-05  1.30000E-05  1.40000E-05  1.50000E-05  1.60000E-05  1.80000E-05
  2.00000E-05  2.20000E-05  2.40000E-05  2.60000E-05  2.80000E-05  3.00000E-05
  3.20000E-05  3.60000E-05  4.00000E-05  4.40000E-05  4.80000E-05  5.20000E-05
  5.60000E-05  6.00000E-05  6.40000E-05  7.20000E-05  8.00000E-05  8.80000E-05
  9.60000E-05  1.04000E-04  1.12000E-04  1.20000E-04  1.28000E-04  1.44000E-04
  1.60000E-04  1.76000E-04  1.92000E-04  2.08000E-04  2.24000E-04  2.40000E-04
  2.56000E-04  2.88000E-04  3.20000E-04  3.52000E-04  3.84000E-04  4.16000E-04
  4.48000E-04  4.80000E-04  5.12000E-04  5.76000E-04  6.40000E-04  7.04000E-04
  7.68000E-04  8.32000E-04  8.96000E-04  9.60000E-04  1.02400E-03  1.15200E-03
  1.28000E-03  1.40800E-03  1.53600E-03  1.66400E-03  1.79200E-03  1.92000E-03
  2.01600E-03  2.27200E-03  2.52800E-03  2.78400E-03  3.04000E-03  3.29600E-03
  3.55200E-03  3.80800E-03  4.06400E-03  4.57600E-03  5.08800E-03  5.60000E-03
  6.11200E-03  6.62400E-03  7.13600E-03  7.64800E-03  8.16000E-03  9.18400E-03
  1.02080E-02  1.12320E-02  1.22560E-02  1.32800E-02  1.43040E-02  1.53280E-02
  1.63520E-02  1.84000E-02  2.04480E-02  2.24960E-02  2.45440E-02  2.65920E-02
  2.86400E-02  3.06880E-02  3.27360E-02  3.68320E-02  4.09280E-02  4.50240E-02
  4.91200E-02  5.32160E-02  5.73120E-02  6.14080E-02  6.55040E-02  7.36960E-02
  8.18880E-02  9.00800E-02  9.82720E-02  1.06464E-01  1.14656E-01  1.22848E-01
  1.31040E-01  1.47424E-01  1.63808E-01  1.80192E-01  1.96576E-01  2.12960E-01
  2.29344E-01  2.45728E-01  2.62112E-01  2.94880E-01  3.27648E-01  3.60416E-01
  3.93184E-01  4.25952E-01  4.58720E-01  4.91488E-01  5.24256E-01  5.89792E-01
  6.55328E-01  7.20864E-01  7.86400E-01  8.51936E-01  9.17472E-01  9.83008E-01
  9.94668E-01  9.95533E-01  9.98142E-01  1.00000E+00  9.97517E-01  9.95876E-01
  9.93652E-01  9.97499E-01  9.94295E-01  9.84820E-01  9.89582E-01  9.91403E-01
  9.93910E-01  9.90646E-01  9.92792E-01  9.92113E-01  9.94746E-01  9.89912E-01
  9.91091E-01  9.91006E-01  9.90237E-01  9.90495E-01  9.89287E-01  9.90008E-01
  9.90357E-01  9.87742E-01  9.88572E-01  9.89119E-01  9.88415E-01  9.87688E-01
  9.88692E-01  9.89209E-01  9.86425E-01  9.86221E-01  9.85277E-01  9.84297E-01
  9.83828E-01  9.84538E-01  9.82782E-01  9.81820E-01  9.80191E-01  9.78887E-01
  9.78887E-01  9.77877E-01  9.75472E-01  9.74167E-01  9.72310E-01  9.71757E-01
  9.69995E-01  9.68047E-01  9.65997E-01  9.62547E-01  9.60322E-01  9.56318E-01
  9.53012E-01  9.49832E-01  9.46603E-01  9.43483E-01  9.40333E-01  9.33498E-01
  9.27823E-01  9.22021E-01  9.15985E-01  9.09625E-01  9.04100E-01  8.98467E-01
  8.92563E-01  8.81622E-01  8.70296E-01  8.59817E-01  8.48707E-01  8.38530E-01
  8.27907E-01  8.17963E-01  8.07887E-01  7.88205E-01  7.69304E-01  7.50637E-01
  7.32440E-01  7.14681E-01  6.97433E-01  6.80708E-01  6.63827E-01  6.32440E-01
  6.02597E-01  5.74145E-01  5.46907E-01  5.20920E-01  4.96494E-01  4.73297E-01
  4.58205E-01  4.17442E-01  3.80751E-01  3.47972E-01  3.19083E-01  2.92770E-01
  2.69626E-01  2.48753E-01  2.29194E-01  1.95061E-01  1.67013E-01  1.42495E-01
  1.21584E-01  1.05494E-01  9.17711E-02  7.83594E-02  6.75905E-02  5.06932E-02
  3.85733E-02  3.10352E-02  2.74967E-02  2.53267E-02  2.40848E-02  2.32337E-02
  1.81979E-02  1.07039E-02  5.89877E-03  4.79751E-03  4.70950E-04 -3.12789E-03
 -8.54413E-03 -8.63557E-03 -6.37658E-03  2.39602E-03 -2.60485E-03  2.97030E-03
  2.27898E-03 -1.45052E-03 -9.02140E-03 -1.29148E-02 -5.19362E-03 -5.07164E-03
 -1.05203E-02 -3.27981E-03 -6.97788E-03  1.79915E-03  7.20055E-03 -1.06148E-03
 -2.00133E-03  1.14997E-03  3.93019E-03  3.93032E-03 -3.77351E-03 -1.45238E-03
  5.64163E-05  2.38143E-03  1.65863E-03  3.04488E-03  7.08453E-03  1.51477E-03
  1.08147E-03  1.36207E-02  3.90127E-03  2.60046E-03 -3.70892E-04  7.20103E-04
  1.34004E-04  6.34922E-04  4.42226E-03 -2.38478E-03  2.39218E-03 -9.94427E-05
