AutoSaveFileName0067.ASC
 IFORMY    0    .00
 (6E13.7)
 IFORMT    0    .00
 (6E13.7)
 IFORMW    0    .00
 (6E13.7)
 NINTT     0   -1.00
 DOUSNQ    0    1.00
 IQUAD          1.00
 PRWT      0    1.00
 PRY       0    1.00
 IPLRES    1    3.00
 IPLRES    2    3.00
 IPRINT    1    0.00
 IPRINT    2    2.00
 IPLFIT    1    0.00
 IPLFIT    2    0.00
 LINEPG    0   50.
 NONNEG    1    1.00
 IWT       0    5.00
 NQPROG    1    5.00
 NQPROG    2    5.00
 GMNMX     1    4.679E-05
 GMNMX     2    4.679E-02
 RUSER    10    -1.00
 NG        0    200.00
 NLINF     0    0.00
 IUSER    10    4.00
 RUSER    21    1.0
 RUSER    22   -1.0
 RUSER    23    0.0
 RUSER    18         292.18126
 RUSER    17         44.99800
 RUSER    19         1.02589
 RUSER    15         1.33200
 RUSER    16         632.80000
 RUSER    25         1
 RUSER    26         0
 END       0    0.00
 NY      188
  5.00000E-07  6.25000E-07  7.50000E-07  8.75000E-07  1.00000E-06  1.12500E-06
  1.25000E-06  1.37500E-06  1.50000E-06  1.62500E-06  1.75000E-06  1.87500E-06
  2.00000E-06  2.25000E-06  2.50000E-06  2.75000E-06  3.00000E-06  3.25000E-06
  3.50000E-06  3.75000E-06  4.00000E-06  4.50000E-06  5.00000E-06  5.50000E-06
  6.00000E-06  6.50000E-06  7.00000E-06  7.50000E-06  8.00000E-06  9.00000E-06
  1.00000E-05  1.10000E-05  1.20000E-05  1.30000E-05  1.40000E-05  1.50000E-05
  1.60000E-05  1.80000E-05  2.00000E-05  2.20000E-05  2.40000E-05  2.60000E-05
  2.80000E-05  3.00000E-05  3.20000E-05  3.60000E-05  4.00000E-05  4.40000E-05
  4.80000E-05  5.20000E-05  5.60000E-05  6.00000E-05  6.40000E-05  7.20000E-05
  8.00000E-05  8.80000E-05  9.60000E-05  1.04000E-04  1.12000E-04  1.20000E-04
  1.28000E-04  1.44000E-04  1.60000E-04  1.76000E-04  1.92000E-04  2.08000E-04
  2.24000E-04  2.40000E-04  2.56000E-04  2.88000E-04  3.20000E-04  3.52000E-04
  3.84000E-04  4.16000E-04  4.48000E-04  4.80000E-04  5.12000E-04  5.76000E-04
  6.40000E-04  7.04000E-04  7.68000E-04  8.32000E-04  8.96000E-04  9.60000E-04
  1.02400E-03  1.15200E-03  1.28000E-03  1.40800E-03  1.53600E-03  1.66400E-03
  1.79200E-03  1.92000E-03  2.01600E-03  2.27200E-03  2.52800E-03  2.78400E-03
  3.04000E-03  3.29600E-03  3.55200E-03  3.80800E-03  4.06400E-03  4.57600E-03
  5.08800E-03  5.60000E-03  6.11200E-03  6.62400E-03  7.13600E-03  7.64800E-03
  8.16000E-03  9.18400E-03  1.02080E-02  1.12320E-02  1.22560E-02  1.32800E-02
  1.43040E-02  1.53280E-02  1.63520E-02  1.84000E-02  2.04480E-02  2.24960E-02
  2.45440E-02  2.65920E-02  2.86400E-02  3.06880E-02  3.27360E-02  3.68320E-02
  4.09280E-02  4.50240E-02  4.91200E-02  5.32160E-02  5.73120E-02  6.14080E-02
  6.55040E-02  7.36960E-02  8.18880E-02  9.00800E-02  9.82720E-02  1.06464E-01
  1.14656E-01  1.22848E-01  1.31040E-01  1.47424E-01  1.63808E-01  1.80192E-01
  1.96576E-01  2.12960E-01  2.29344E-01  2.45728E-01  2.62112E-01  2.94880E-01
  3.27648E-01  3.60416E-01  3.93184E-01  4.25952E-01  4.58720E-01  4.91488E-01
  5.24256E-01  5.89792E-01  6.55328E-01  7.20864E-01  7.86400E-01  8.51936E-01
  9.17472E-01  9.83008E-01  1.04854E+00  1.17962E+00  1.31069E+00  1.44176E+00
  1.57283E+00  1.70390E+00  1.83498E+00  1.96605E+00  2.09712E+00  2.35926E+00
  2.62141E+00  2.88355E+00  3.14570E+00  3.40784E+00  3.66998E+00  3.93213E+00
  4.19427E+00  4.71856E+00  5.24285E+00  5.76714E+00  6.29142E+00  6.81571E+00
  7.34000E+00  7.86429E+00
  9.93946E-01  9.92870E-01  9.89620E-01  9.93115E-01  9.91020E-01  9.84771E-01
  9.87420E-01  9.90972E-01  9.90857E-01  9.86923E-01  9.86952E-01  9.87545E-01
  9.88041E-01  9.86403E-01  9.87024E-01  9.88460E-01  9.87300E-01  9.85960E-01
  9.89353E-01  9.85461E-01  9.86615E-01  9.87772E-01  9.87913E-01  9.87326E-01
  9.86871E-01  9.87361E-01  9.88409E-01  9.88604E-01  9.87426E-01  9.86476E-01
  9.86043E-01  9.86379E-01  9.85360E-01  9.86299E-01  9.86599E-01  9.87366E-01
  9.86941E-01  9.86058E-01  9.86634E-01  9.86531E-01  9.85096E-01  9.86008E-01
  9.86202E-01  9.85167E-01  9.85197E-01  9.84983E-01  9.84420E-01  9.84482E-01
  9.83398E-01  9.83611E-01  9.83692E-01  9.83565E-01  9.82672E-01  9.82300E-01
  9.81755E-01  9.81431E-01  9.80594E-01  9.80125E-01  9.79635E-01  9.78707E-01
  9.78077E-01  9.77231E-01  9.76166E-01  9.74937E-01  9.73971E-01  9.72642E-01
  9.71437E-01  9.70270E-01  9.68931E-01  9.66760E-01  9.64534E-01  9.62275E-01
  9.59861E-01  9.57665E-01  9.55525E-01  9.53138E-01  9.44779E-01  9.40253E-01
  9.35962E-01  9.31449E-01  9.27185E-01  9.22792E-01  9.18485E-01  9.14047E-01
  8.50442E-01  8.42238E-01  8.33966E-01  8.25814E-01  8.17958E-01  8.09936E-01
  8.02275E-01  7.94547E-01  8.51612E-01  8.35814E-01  8.20236E-01  8.04992E-01
  7.89988E-01  7.75312E-01  7.60908E-01  7.46800E-01  7.33124E-01  7.06335E-01
  6.80611E-01  6.56010E-01  6.32530E-01  6.10007E-01  5.88244E-01  5.67327E-01
  5.47596E-01  5.09423E-01  4.73404E-01  4.40083E-01  4.09226E-01  3.80406E-01
  3.53670E-01  3.29148E-01  3.06903E-01  2.66294E-01  2.31145E-01  2.00866E-01
  1.74396E-01  1.53051E-01  1.34903E-01  1.19128E-01  1.06151E-01  8.58355E-02
  7.02760E-02  5.58694E-02  4.64227E-02  3.82263E-02  3.25733E-02  2.78568E-02
  2.45352E-02  1.46443E-02  6.61116E-03 -1.59652E-03 -8.02034E-03 -4.88740E-03
 -4.63973E-03 -7.35821E-03 -8.77930E-03 -2.51056E-03  5.84388E-03  9.48439E-03
  1.04638E-02  4.58623E-03 -6.95669E-03 -8.58183E-03 -7.65210E-03  3.61413E-03
  5.89507E-03  1.49072E-03  7.42681E-03 -1.42883E-02 -7.94791E-03 -5.13055E-03
 -7.36685E-03 -1.18675E-02 -5.11244E-03 -3.96463E-03  2.23698E-03  6.46524E-03
 -8.41360E-03 -8.59175E-05 -1.49679E-03 -8.60369E-03 -5.50152E-03  2.42631E-03
  3.80342E-03  2.62487E-03  6.78091E-03  6.26459E-03 -5.80179E-03 -1.27285E-03
 -2.93080E-03 -1.35368E-03 -5.25067E-03  3.87944E-03 -3.28323E-03 -2.59486E-03
 -1.03642E-03  2.22175E-03 -1.55042E-03  3.22834E-03 -6.90860E-03 -2.21897E-03
  4.99173E-03 -3.52997E-03
