AutoSaveFileName0170.ASC
 IFORMY    0    .00
 (6E13.7)
 IFORMT    0    .00
 (6E13.7)
 IFORMW    0    .00
 (6E13.7)
 NINTT     0   -1.00
 DOUSNQ    0    1.00
 IQUAD          1.00
 PRWT      0    1.00
 PRY       0    1.00
 IPLRES    1    3.00
 IPLRES    2    3.00
 IPRINT    1    0.00
 IPRINT    2    2.00
 IPLFIT    1    0.00
 IPLFIT    2    0.00
 LINEPG    0   50.
 NONNEG    1    1.00
 IWT       0    5.00
 NQPROG    1    5.00
 NQPROG    2    5.00
 GMNMX     1    2.043E-05
 GMNMX     2    2.043E-02
 RUSER    10    -1.00
 NG        0    200.00
 NLINF     0    0.00
 IUSER    10    4.00
 RUSER    21    1.0
 RUSER    22   -1.0
 RUSER    23    0.0
 RUSER    18         291.98445
 RUSER    17         70.99900
 RUSER    19         1.03090
 RUSER    15         1.33200
 RUSER    16         632.80000
 RUSER    25         1
 RUSER    26         0
 END       0    0.00
 NY      131
  3.75000E-07  5.00000E-07  6.25000E-07  7.50000E-07  8.75000E-07  1.00000E-06
  1.12500E-06  1.25000E-06  1.37500E-06  1.50000E-06  1.62500E-06  1.75000E-06
  1.87500E-06  2.00000E-06  2.25000E-06  2.50000E-06  2.75000E-06  3.00000E-06
  3.25000E-06  3.50000E-06  3.75000E-06  4.00000E-06  4.50000E-06  5.00000E-06
  5.50000E-06  6.00000E-06  6.50000E-06  7.00000E-06  7.50000E-06  8.00000E-06
  9.00000E-06  1.00000E-05  1.10000E-05  1.20000E-05  1.30000E-05  1.40000E-05
  1.50000E-05  1.60000E-05  1.80000E-05  2.00000E-05  2.20000E-05  2.40000E-05
  2.60000E-05  2.80000E-05  3.00000E-05  3.20000E-05  3.60000E-05  4.00000E-05
  4.40000E-05  4.80000E-05  5.20000E-05  5.60000E-05  6.00000E-05  6.40000E-05
  7.20000E-05  8.00000E-05  8.80000E-05  9.60000E-05  1.04000E-04  1.12000E-04
  1.20000E-04  1.28000E-04  1.44000E-04  1.60000E-04  1.76000E-04  1.92000E-04
  2.08000E-04  2.24000E-04  2.40000E-04  2.56000E-04  2.88000E-04  3.20000E-04
  3.52000E-04  3.84000E-04  4.16000E-04  4.48000E-04  4.80000E-04  5.12000E-04
  5.76000E-04  6.40000E-04  7.04000E-04  7.68000E-04  8.32000E-04  8.96000E-04
  9.60000E-04  1.02400E-03  1.15200E-03  1.28000E-03  1.40800E-03  1.53600E-03
  1.66400E-03  1.79200E-03  1.92000E-03  2.01600E-03  2.27200E-03  2.52800E-03
  2.78400E-03  3.04000E-03  3.29600E-03  3.55200E-03  3.80800E-03  4.06400E-03
  4.57600E-03  5.08800E-03  5.60000E-03  6.11200E-03  6.62400E-03  7.13600E-03
  7.64800E-03  8.16000E-03  9.18400E-03  1.02080E-02  1.12320E-02  1.22560E-02
  1.32800E-02  1.43040E-02  1.53280E-02  1.63520E-02  1.84000E-02  2.04480E-02
  2.24960E-02  2.45440E-02  2.65920E-02  2.86400E-02  3.06880E-02  3.27360E-02
  3.68320E-02  4.09280E-02  4.50240E-02  4.91200E-02  5.32160E-02
  2.38858E+00  2.37553E+00  2.38192E+00  2.38515E+00  2.37762E+00  2.37316E+00
  2.37253E+00  2.37412E+00  2.36809E+00  2.37230E+00  2.37271E+00  2.37055E+00
  2.37098E+00  2.36837E+00  2.36938E+00  2.36703E+00  2.36641E+00  2.37284E+00
  2.36534E+00  2.36682E+00  2.36843E+00  2.37008E+00  2.36483E+00  2.36720E+00
  2.36978E+00  2.36616E+00  2.36929E+00  2.36772E+00  2.36404E+00  2.36330E+00
  2.36408E+00  2.36387E+00  2.36119E+00  2.36337E+00  2.36055E+00  2.36270E+00
  2.36184E+00  2.36030E+00  2.36016E+00  2.35611E+00  2.35593E+00  2.35302E+00
  2.35110E+00  2.35098E+00  2.34931E+00  2.34807E+00  2.34747E+00  2.34221E+00
  2.33880E+00  2.33759E+00  2.33406E+00  2.33069E+00  2.32788E+00  2.32529E+00
  2.31892E+00  2.31375E+00  2.30648E+00  2.30157E+00  2.29643E+00  2.29063E+00
  2.28524E+00  2.27895E+00  2.26779E+00  2.25620E+00  2.24463E+00  2.23341E+00
  2.22277E+00  2.21180E+00  2.20104E+00  2.18961E+00  2.16742E+00  2.14544E+00
  2.12389E+00  2.10321E+00  2.08205E+00  2.06082E+00  2.04081E+00  2.02035E+00
  1.98069E+00  1.94187E+00  1.90375E+00  1.86683E+00  1.83029E+00  1.79436E+00
  1.75955E+00  1.72465E+00  1.65788E+00  1.59440E+00  1.53354E+00  1.47499E+00
  1.41869E+00  1.36443E+00  1.31331E+00  1.28456E+00  1.19173E+00  1.10668E+00
  1.02783E+00  9.56557E-01  8.89601E-01  8.27776E-01  7.70342E-01  7.17107E-01
  6.19496E-01  5.35401E-01  4.62775E-01  4.00942E-01  3.48270E-01  3.02408E-01
  2.65225E-01  2.36771E-01  1.87439E-01  1.50991E-01  1.27849E-01  1.09852E-01
  9.12382E-02  7.36875E-02  5.80289E-02  4.31447E-02  1.12340E-02 -6.03343E-03
 -1.27070E-02 -6.54635E-03 -6.21358E-03 -1.17648E-03  2.61768E-03  2.84835E-03
  9.63174E-03  2.18783E-02  2.41616E-02  1.04805E-02 -1.15651E-02
