AutoSaveFileName0090.ASC
 IFORMY    0    .00
 (6E13.7)
 IFORMT    0    .00
 (6E13.7)
 IFORMW    0    .00
 (6E13.7)
 NINTT     0   -1.00
 DOUSNQ    0    1.00
 IQUAD     0    1.00
 PRWT      0    1.00
 PRY       0    1.00
 IPLRES    1    3.00
 IPLRES    2    3.00
 IPRINT    1    0.00
 IPRINT    2    2.00
 IPLFIT    1    0.00
 IPLFIT    2    0.00
 LINEPG    0   50.
 NONNEG    1    1.00
 IWT       0    5.00
 NQPROG    1    5.00
 NQPROG    2    5.00
 GMNMX     1    1.07557E-02
 GMNMX     2    3.86103E-03
 RUSER    10    -1.00
 NG        0    500.00
 NLINF     0    1.00
 IUSER    10    4.00
 RUSER    21    1.0
 RUSER    22   -1.0
 RUSER    23    0.0
 RUSER    18         291.95767
 RUSER    17         59.99900
 RUSER    19         1.03158
 RUSER    15         1.33200
 RUSER    16         632.80000
 RUSER    25         1
 RUSER    26         0
 END       0    0.00
 NY      162
  7.50000E-07  8.75000E-07  1.00000E-06  1.12500E-06  1.25000E-06  1.37500E-06
  1.50000E-06  1.62500E-06  1.75000E-06  1.87500E-06  2.00000E-06  2.25000E-06
  2.50000E-06  2.75000E-06  3.00000E-06  3.25000E-06  3.50000E-06  3.75000E-06
  4.00000E-06  4.50000E-06  5.00000E-06  5.50000E-06  6.00000E-06  6.50000E-06
  7.00000E-06  7.50000E-06  8.00000E-06  9.00000E-06  1.00000E-05  1.10000E-05
  1.20000E-05  1.30000E-05  1.40000E-05  1.50000E-05  1.60000E-05  1.80000E-05
  2.00000E-05  2.20000E-05  2.40000E-05  2.60000E-05  2.80000E-05  3.00000E-05
  3.20000E-05  3.60000E-05  4.00000E-05  4.40000E-05  4.80000E-05  5.20000E-05
  5.60000E-05  6.00000E-05  6.40000E-05  7.20000E-05  8.00000E-05  8.80000E-05
  9.60000E-05  1.04000E-04  1.12000E-04  1.20000E-04  1.28000E-04  1.44000E-04
  1.60000E-04  1.76000E-04  1.92000E-04  2.08000E-04  2.24000E-04  2.40000E-04
  2.56000E-04  2.88000E-04  3.20000E-04  3.52000E-04  3.84000E-04  4.16000E-04
  4.48000E-04  4.80000E-04  5.12000E-04  5.76000E-04  6.40000E-04  7.04000E-04
  7.68000E-04  8.32000E-04  8.96000E-04  9.60000E-04  1.02400E-03  1.15200E-03
  1.28000E-03  1.40800E-03  1.53600E-03  1.66400E-03  1.79200E-03  1.92000E-03
  2.01600E-03  2.27200E-03  2.52800E-03  2.78400E-03  3.04000E-03  3.29600E-03
  3.55200E-03  3.80800E-03  4.06400E-03  4.57600E-03  5.08800E-03  5.60000E-03
  6.11200E-03  6.62400E-03  7.13600E-03  7.64800E-03  8.16000E-03  9.18400E-03
  1.02080E-02  1.12320E-02  1.22560E-02  1.32800E-02  1.43040E-02  1.53280E-02
  1.63520E-02  1.84000E-02  2.04480E-02  2.24960E-02  2.45440E-02  2.65920E-02
  2.86400E-02  3.06880E-02  3.27360E-02  3.68320E-02  4.09280E-02  4.50240E-02
  4.91200E-02  5.32160E-02  5.73120E-02  6.14080E-02  6.55040E-02  7.36960E-02
  8.18880E-02  9.00800E-02  9.82720E-02  1.06464E-01  1.14656E-01  1.22848E-01
  1.31040E-01  1.47424E-01  1.63808E-01  1.80192E-01  1.96576E-01  2.12960E-01
  2.29344E-01  2.45728E-01  2.62112E-01  2.94880E-01  3.27648E-01  3.60416E-01
  3.93184E-01  4.25952E-01  4.58720E-01  4.91488E-01  5.24256E-01  5.89792E-01
  6.55328E-01  7.20864E-01  7.86400E-01  8.51936E-01  9.17472E-01  9.83008E-01
  9.95388E-01  9.96603E-01  9.93505E-01  1.00000E+00  9.98233E-01  9.88164E-01
  9.99331E-01  9.89255E-01  9.96173E-01  9.94850E-01  9.94090E-01  9.92348E-01
  9.92583E-01  9.93084E-01  9.88305E-01  9.91543E-01  9.89282E-01  9.89694E-01
  9.90444E-01  9.88265E-01  9.85533E-01  9.85341E-01  9.85910E-01  9.89991E-01
  9.86965E-01  9.84340E-01  9.81905E-01  9.79659E-01  9.79486E-01  9.79566E-01
  9.76254E-01  9.75214E-01  9.72592E-01  9.70233E-01  9.69842E-01  9.65649E-01
  9.61882E-01  9.59031E-01  9.55978E-01  9.53488E-01  9.51137E-01  9.47632E-01
  9.43873E-01  9.37731E-01  9.31559E-01  9.24542E-01  9.19116E-01  9.13405E-01
  9.06315E-01  9.01182E-01  8.95325E-01  8.82942E-01  8.70753E-01  8.59803E-01
  8.48205E-01  8.36934E-01  8.26934E-01  8.15778E-01  8.04905E-01  7.83654E-01
  7.63519E-01  7.43504E-01  7.24139E-01  7.04969E-01  6.86977E-01  6.69091E-01
  6.51216E-01  6.17392E-01  5.86106E-01  5.56434E-01  5.27507E-01  5.00499E-01
  4.75060E-01  4.51630E-01  4.28676E-01  3.85580E-01  3.47710E-01  3.13057E-01
  2.81711E-01  2.53086E-01  2.27529E-01  2.04432E-01  1.84642E-01  1.49455E-01
  1.22054E-01  1.01270E-01  8.38995E-02  6.89802E-02  5.75632E-02  4.79981E-02
  4.14735E-02  2.88367E-02  2.20355E-02  1.77438E-02  1.39398E-02  8.51226E-03
  3.75186E-03 -7.42015E-04 -5.63425E-04  2.60577E-03  1.98233E-03 -1.32644E-03
 -4.68104E-03 -4.09866E-03 -4.72989E-03 -2.04169E-03 -6.02772E-03 -8.79968E-03
 -4.15872E-03 -5.34799E-03 -4.22664E-04  6.53239E-03  3.11890E-03 -3.75362E-04
  1.09386E-03  1.21563E-03 -5.76880E-04 -5.36619E-03 -6.31320E-03 -3.42222E-04
 -6.06623E-03 -7.07175E-03 -1.30362E-03  4.24963E-03 -4.65395E-03 -6.09257E-03
  1.16024E-03  1.27916E-03  2.85059E-03 -1.08864E-03  5.32551E-04  3.91175E-04
  2.24249E-03  1.09741E-03 -1.58994E-04  2.93299E-03 -2.66322E-03  6.47391E-04
 -1.50503E-04  1.56499E-03  1.98421E-04 -1.32257E-03  3.99622E-03  1.46419E-03
 -1.27093E-03 -1.18730E-03  9.36168E-05 -1.43564E-03 -8.32025E-04 -1.29810E-03
 -4.74706E-04  4.70254E-04  8.84819E-04 -2.84007E-04 -2.73886E-04 -3.98173E-04
  1.32825E-03 -7.04212E-04 -4.77495E-04 -4.58287E-05  4.28989E-04 -1.17918E-03
