AutoSaveFileName0318.ASC
 IFORMY    0    .00
 (6E13.7)
 IFORMT    0    .00
 (6E13.7)
 IFORMW    0    .00
 (6E13.7)
 NINTT     0   -1.00
 DOUSNQ    0    1.00
 IQUAD          1.00
 PRWT      0    1.00
 PRY       0    1.00
 IPLRES    1    3.00
 IPLRES    2    3.00
 IPRINT    1    0.00
 IPRINT    2    2.00
 IPLFIT    1    0.00
 IPLFIT    2    0.00
 LINEPG    0   50.
 NONNEG    1    1.00
 IWT       0    5.00
 NQPROG    1    5.00
 NQPROG    2    5.00
 GMNMX     1    9.037E-06
 GMNMX     2    9.037E-03
 RUSER    10    -1.00
 NG        0    200.00
 NLINF     0    0.00
 IUSER    10    4.00
 RUSER    21    1.0
 RUSER    22   -1.0
 RUSER    23    0.0
 RUSER    18         292.20910
 RUSER    17         120.99900
 RUSER    19         1.02518
 RUSER    15         1.33200
 RUSER    16         632.80000
 RUSER    25         1
 RUSER    26         0
 END       0    0.00
 NY      131
  3.75000E-07  5.00000E-07  6.25000E-07  7.50000E-07  8.75000E-07  1.00000E-06
  1.12500E-06  1.25000E-06  1.37500E-06  1.50000E-06  1.62500E-06  1.75000E-06
  1.87500E-06  2.00000E-06  2.25000E-06  2.50000E-06  2.75000E-06  3.00000E-06
  3.25000E-06  3.50000E-06  3.75000E-06  4.00000E-06  4.50000E-06  5.00000E-06
  5.50000E-06  6.00000E-06  6.50000E-06  7.00000E-06  7.50000E-06  8.00000E-06
  9.00000E-06  1.00000E-05  1.10000E-05  1.20000E-05  1.30000E-05  1.40000E-05
  1.50000E-05  1.60000E-05  1.80000E-05  2.00000E-05  2.20000E-05  2.40000E-05
  2.60000E-05  2.80000E-05  3.00000E-05  3.20000E-05  3.60000E-05  4.00000E-05
  4.40000E-05  4.80000E-05  5.20000E-05  5.60000E-05  6.00000E-05  6.40000E-05
  7.20000E-05  8.00000E-05  8.80000E-05  9.60000E-05  1.04000E-04  1.12000E-04
  1.20000E-04  1.28000E-04  1.44000E-04  1.60000E-04  1.76000E-04  1.92000E-04
  2.08000E-04  2.24000E-04  2.40000E-04  2.56000E-04  2.88000E-04  3.20000E-04
  3.52000E-04  3.84000E-04  4.16000E-04  4.48000E-04  4.80000E-04  5.12000E-04
  5.76000E-04  6.40000E-04  7.04000E-04  7.68000E-04  8.32000E-04  8.96000E-04
  9.60000E-04  1.02400E-03  1.15200E-03  1.28000E-03  1.40800E-03  1.53600E-03
  1.66400E-03  1.79200E-03  1.92000E-03  2.01600E-03  2.27200E-03  2.52800E-03
  2.78400E-03  3.04000E-03  3.29600E-03  3.55200E-03  3.80800E-03  4.06400E-03
  4.57600E-03  5.08800E-03  5.60000E-03  6.11200E-03  6.62400E-03  7.13600E-03
  7.64800E-03  8.16000E-03  9.18400E-03  1.02080E-02  1.12320E-02  1.22560E-02
  1.32800E-02  1.43040E-02  1.53280E-02  1.63520E-02  1.84000E-02  2.04480E-02
  2.24960E-02  2.45440E-02  2.65920E-02  2.86400E-02  3.06880E-02  3.27360E-02
  3.68320E-02  4.09280E-02  4.50240E-02  4.91200E-02  5.32160E-02
  8.22332E-01  8.17060E-01  8.17330E-01  8.20384E-01  8.13991E-01  8.16918E-01
  8.17432E-01  8.16057E-01  8.15124E-01  8.11922E-01  8.14666E-01  8.09958E-01
  8.17429E-01  8.16510E-01  8.15214E-01  8.17405E-01  8.14509E-01  8.14870E-01
  8.13548E-01  8.15704E-01  8.15287E-01  8.14280E-01  8.14067E-01  8.11538E-01
  8.13290E-01  8.12713E-01  8.12882E-01  8.12493E-01  8.12588E-01  8.11986E-01
  8.10346E-01  8.10323E-01  8.09071E-01  8.08786E-01  8.09516E-01  8.08076E-01
  8.08458E-01  8.06798E-01  8.04394E-01  8.03907E-01  8.03234E-01  8.00713E-01
  7.99415E-01  7.99413E-01  7.97906E-01  7.95999E-01  7.94309E-01  7.91513E-01
  7.89272E-01  7.86052E-01  7.83165E-01  7.81113E-01  7.77911E-01  7.76095E-01
  7.71149E-01  7.66385E-01  7.61718E-01  7.56416E-01  7.51472E-01  7.47217E-01
  7.42078E-01  7.37365E-01  7.27604E-01  7.18718E-01  7.09114E-01  7.00920E-01
  6.91708E-01  6.83180E-01  6.73707E-01  6.65593E-01  6.48763E-01  6.32533E-01
  6.16426E-01  6.00774E-01  5.85704E-01  5.70744E-01  5.56353E-01  5.42551E-01
  5.15547E-01  4.90263E-01  4.65895E-01  4.42682E-01  4.20519E-01  4.00039E-01
  3.79955E-01  3.61001E-01  3.25779E-01  2.93874E-01  2.65578E-01  2.39921E-01
  2.16560E-01  1.95683E-01  1.76914E-01  1.63871E-01  1.33529E-01  1.08709E-01
  8.71077E-02  6.98803E-02  5.59497E-02  4.52134E-02  3.64822E-02  2.93486E-02
  1.87917E-02  1.15028E-02  8.14565E-03  6.98791E-03  4.95818E-03  3.27712E-03
  2.21800E-03  1.09899E-03 -4.86107E-04 -4.51555E-03 -3.58581E-03 -4.52699E-03
 -2.60650E-03 -4.18121E-04 -4.37476E-03 -4.60137E-03  1.68742E-04  5.41053E-03
  8.51733E-03  7.23339E-03 -4.19654E-03 -3.81835E-03 -7.46090E-04 -4.66512E-03
 -4.51687E-03  4.28968E-03  3.48582E-03 -1.33435E-02  5.72146E-03
