AutoSaveFileName0285.ASC
 IFORMY    0    .00
 (6E13.7)
 IFORMT    0    .00
 (6E13.7)
 IFORMW    0    .00
 (6E13.7)
 NINTT     0   -1.00
 DOUSNQ    0    1.00
 IQUAD     0    1.00
 PRWT      0    1.00
 PRY       0    1.00
 IPLRES    1    3.00
 IPLRES    2    3.00
 IPRINT    1    0.00
 IPRINT    2    2.00
 IPLFIT    1    0.00
 IPLFIT    2    0.00
 LINEPG    0   50.
 NONNEG    1    1.00
 IWT       0    5.00
 NQPROG    1    5.00
 NQPROG    2    5.00
 GMNMX     1    2.80486E-03
 GMNMX     2    1.00687E-03
 RUSER    10    -1.00
 NG        0    500.00
 NLINF     0    1.00
 IUSER    10    4.00
 RUSER    21    1.0
 RUSER    22   -1.0
 RUSER    23    0.0
 RUSER    18         292.16156
 RUSER    17         154.99900
 RUSER    19         1.02639
 RUSER    15         1.33200
 RUSER    16         632.80000
 RUSER    25         1
 RUSER    26         0
 END       0    0.00
 NY      162
  7.50000E-07  8.75000E-07  1.00000E-06  1.12500E-06  1.25000E-06  1.37500E-06
  1.50000E-06  1.62500E-06  1.75000E-06  1.87500E-06  2.00000E-06  2.25000E-06
  2.50000E-06  2.75000E-06  3.00000E-06  3.25000E-06  3.50000E-06  3.75000E-06
  4.00000E-06  4.50000E-06  5.00000E-06  5.50000E-06  6.00000E-06  6.50000E-06
  7.00000E-06  7.50000E-06  8.00000E-06  9.00000E-06  1.00000E-05  1.10000E-05
  1.20000E-05  1.30000E-05  1.40000E-05  1.50000E-05  1.60000E-05  1.80000E-05
  2.00000E-05  2.20000E-05  2.40000E-05  2.60000E-05  2.80000E-05  3.00000E-05
  3.20000E-05  3.60000E-05  4.00000E-05  4.40000E-05  4.80000E-05  5.20000E-05
  5.60000E-05  6.00000E-05  6.40000E-05  7.20000E-05  8.00000E-05  8.80000E-05
  9.60000E-05  1.04000E-04  1.12000E-04  1.20000E-04  1.28000E-04  1.44000E-04
  1.60000E-04  1.76000E-04  1.92000E-04  2.08000E-04  2.24000E-04  2.40000E-04
  2.56000E-04  2.88000E-04  3.20000E-04  3.52000E-04  3.84000E-04  4.16000E-04
  4.48000E-04  4.80000E-04  5.12000E-04  5.76000E-04  6.40000E-04  7.04000E-04
  7.68000E-04  8.32000E-04  8.96000E-04  9.60000E-04  1.02400E-03  1.15200E-03
  1.28000E-03  1.40800E-03  1.53600E-03  1.66400E-03  1.79200E-03  1.92000E-03
  2.01600E-03  2.27200E-03  2.52800E-03  2.78400E-03  3.04000E-03  3.29600E-03
  3.55200E-03  3.80800E-03  4.06400E-03  4.57600E-03  5.08800E-03  5.60000E-03
  6.11200E-03  6.62400E-03  7.13600E-03  7.64800E-03  8.16000E-03  9.18400E-03
  1.02080E-02  1.12320E-02  1.22560E-02  1.32800E-02  1.43040E-02  1.53280E-02
  1.63520E-02  1.84000E-02  2.04480E-02  2.24960E-02  2.45440E-02  2.65920E-02
  2.86400E-02  3.06880E-02  3.27360E-02  3.68320E-02  4.09280E-02  4.50240E-02
  4.91200E-02  5.32160E-02  5.73120E-02  6.14080E-02  6.55040E-02  7.36960E-02
  8.18880E-02  9.00800E-02  9.82720E-02  1.06464E-01  1.14656E-01  1.22848E-01
  1.31040E-01  1.47424E-01  1.63808E-01  1.80192E-01  1.96576E-01  2.12960E-01
  2.29344E-01  2.45728E-01  2.62112E-01  2.94880E-01  3.27648E-01  3.60416E-01
  3.93184E-01  4.25952E-01  4.58720E-01  4.91488E-01  5.24256E-01  5.89792E-01
  6.55328E-01  7.20864E-01  7.86400E-01  8.51936E-01  9.17472E-01  9.83008E-01
  1.00000E+00  9.98175E-01  9.98701E-01  9.97767E-01  9.96265E-01  9.95913E-01
  9.94370E-01  9.94675E-01  9.94115E-01  9.91522E-01  9.90996E-01  9.88782E-01
  9.88620E-01  9.86698E-01  9.84569E-01  9.83488E-01  9.79979E-01  9.79463E-01
  9.78794E-01  9.75813E-01  9.72321E-01  9.68703E-01  9.66219E-01  9.63000E-01
  9.58588E-01  9.56894E-01  9.54042E-01  9.47221E-01  9.41285E-01  9.35129E-01
  9.29570E-01  9.23320E-01  9.16897E-01  9.11203E-01  9.05497E-01  8.93388E-01
  8.81961E-01  8.71059E-01  8.59319E-01  8.48569E-01  8.37506E-01  8.26843E-01
  8.16402E-01  7.94997E-01  7.75303E-01  7.55354E-01  7.36329E-01  7.17729E-01
  6.99431E-01  6.81583E-01  6.64511E-01  6.31401E-01  5.99754E-01  5.69732E-01
  5.41325E-01  5.14130E-01  4.88747E-01  4.64363E-01  4.41519E-01  3.98469E-01
  3.59997E-01  3.25037E-01  2.93721E-01  2.65116E-01  2.39345E-01  2.16012E-01
  1.95616E-01  1.59660E-01  1.30689E-01  1.07336E-01  8.86362E-02  7.31538E-02
  6.05912E-02  5.02218E-02  4.18430E-02  2.87445E-02  1.94868E-02  1.28791E-02
  8.08025E-03  5.32470E-03  3.57776E-03  2.72382E-03  2.38564E-03  2.44422E-03
  1.00122E-03  2.04834E-04  1.07320E-03  1.03400E-03  8.40827E-04  8.36338E-04
  9.69831E-04  1.19836E-04 -5.33686E-04 -2.29272E-03 -1.83555E-03 -2.09175E-03
 -1.40022E-03 -8.55199E-04 -5.30775E-04 -1.54870E-03  2.93284E-04  9.98923E-05
 -3.89351E-05 -1.14389E-03 -1.97344E-04 -1.14691E-03  4.03581E-04 -3.19482E-04
 -5.86661E-04  5.40817E-04  6.46594E-04 -1.49659E-03 -6.19423E-04  1.84717E-04
  4.76134E-04 -3.58725E-04  6.32269E-04 -7.63422E-05 -5.31227E-04 -1.27428E-03
 -5.57957E-04 -1.55986E-03 -5.18710E-04  1.31442E-04  9.23099E-05 -1.98558E-04
  4.84001E-04 -1.05325E-04  6.10021E-04  7.17822E-04 -1.12030E-04 -2.56330E-04
  2.48517E-04 -1.40958E-04 -1.27426E-04  3.17933E-04 -2.54584E-04 -2.56591E-04
 -1.99243E-05  6.77558E-05  1.33983E-05  2.29059E-04 -9.88697E-05  2.50887E-04
 -1.90822E-04  1.90418E-04  4.23565E-04 -2.67063E-04 -1.66549E-04  3.93587E-04
  2.35959E-04 -1.24878E-04  1.02711E-04  2.48123E-06 -1.07937E-04 -1.67009E-05
 -3.15484E-05  5.62147E-05 -8.89334E-06  3.54205E-04 -1.70901E-04  3.06959E-04
