AutoSaveFileName0243.ASC
 IFORMY    0    .00
 (6E13.7)
 IFORMT    0    .00
 (6E13.7)
 IFORMW    0    .00
 (6E13.7)
 NINTT     0   -1.00
 DOUSNQ    0    1.00
 IQUAD          1.00
 PRWT      0    1.00
 PRY       0    1.00
 IPLRES    1    3.00
 IPLRES    2    3.00
 IPRINT    1    0.00
 IPRINT    2    2.00
 IPLFIT    1    0.00
 IPLFIT    2    0.00
 LINEPG    0   50.
 NONNEG    1    1.00
 IWT       0    5.00
 NQPROG    1    5.00
 NQPROG    2    5.00
 GMNMX     1    8.012E-06
 GMNMX     2    8.012E-03
 RUSER    10    -1.00
 NG        0    200.00
 NLINF     0    0.00
 IUSER    10    4.00
 RUSER    21    1.0
 RUSER    22   -1.0
 RUSER    23    0.0
 RUSER    18         292.24526
 RUSER    17         134.99900
 RUSER    19         1.02426
 RUSER    15         1.33200
 RUSER    16         632.80000
 RUSER    25         1
 RUSER    26         0
 END       0    0.00
 NY      188
  5.00000E-07  6.25000E-07  7.50000E-07  8.75000E-07  1.00000E-06  1.12500E-06
  1.25000E-06  1.37500E-06  1.50000E-06  1.62500E-06  1.75000E-06  1.87500E-06
  2.00000E-06  2.25000E-06  2.50000E-06  2.75000E-06  3.00000E-06  3.25000E-06
  3.50000E-06  3.75000E-06  4.00000E-06  4.50000E-06  5.00000E-06  5.50000E-06
  6.00000E-06  6.50000E-06  7.00000E-06  7.50000E-06  8.00000E-06  9.00000E-06
  1.00000E-05  1.10000E-05  1.20000E-05  1.30000E-05  1.40000E-05  1.50000E-05
  1.60000E-05  1.80000E-05  2.00000E-05  2.20000E-05  2.40000E-05  2.60000E-05
  2.80000E-05  3.00000E-05  3.20000E-05  3.60000E-05  4.00000E-05  4.40000E-05
  4.80000E-05  5.20000E-05  5.60000E-05  6.00000E-05  6.40000E-05  7.20000E-05
  8.00000E-05  8.80000E-05  9.60000E-05  1.04000E-04  1.12000E-04  1.20000E-04
  1.28000E-04  1.44000E-04  1.60000E-04  1.76000E-04  1.92000E-04  2.08000E-04
  2.24000E-04  2.40000E-04  2.56000E-04  2.88000E-04  3.20000E-04  3.52000E-04
  3.84000E-04  4.16000E-04  4.48000E-04  4.80000E-04  5.12000E-04  5.76000E-04
  6.40000E-04  7.04000E-04  7.68000E-04  8.32000E-04  8.96000E-04  9.60000E-04
  1.02400E-03  1.15200E-03  1.28000E-03  1.40800E-03  1.53600E-03  1.66400E-03
  1.79200E-03  1.92000E-03  2.01600E-03  2.27200E-03  2.52800E-03  2.78400E-03
  3.04000E-03  3.29600E-03  3.55200E-03  3.80800E-03  4.06400E-03  4.57600E-03
  5.08800E-03  5.60000E-03  6.11200E-03  6.62400E-03  7.13600E-03  7.64800E-03
  8.16000E-03  9.18400E-03  1.02080E-02  1.12320E-02  1.22560E-02  1.32800E-02
  1.43040E-02  1.53280E-02  1.63520E-02  1.84000E-02  2.04480E-02  2.24960E-02
  2.45440E-02  2.65920E-02  2.86400E-02  3.06880E-02  3.27360E-02  3.68320E-02
  4.09280E-02  4.50240E-02  4.91200E-02  5.32160E-02  5.73120E-02  6.14080E-02
  6.55040E-02  7.36960E-02  8.18880E-02  9.00800E-02  9.82720E-02  1.06464E-01
  1.14656E-01  1.22848E-01  1.31040E-01  1.47424E-01  1.63808E-01  1.80192E-01
  1.96576E-01  2.12960E-01  2.29344E-01  2.45728E-01  2.62112E-01  2.94880E-01
  3.27648E-01  3.60416E-01  3.93184E-01  4.25952E-01  4.58720E-01  4.91488E-01
  5.24256E-01  5.89792E-01  6.55328E-01  7.20864E-01  7.86400E-01  8.51936E-01
  9.17472E-01  9.83008E-01  1.04854E+00  1.17962E+00  1.31069E+00  1.44176E+00
  1.57283E+00  1.70390E+00  1.83498E+00  1.96605E+00  2.09712E+00  2.35926E+00
  2.62141E+00  2.88355E+00  3.14570E+00  3.40784E+00  3.66998E+00  3.93213E+00
  4.19427E+00  4.71856E+00  5.24285E+00  5.76714E+00  6.29142E+00  6.81571E+00
  7.34000E+00  7.86429E+00
  9.97641E-01  9.96757E-01  9.96763E-01  9.93346E-01  9.94382E-01  9.92310E-01
  9.94842E-01  9.91969E-01  9.92940E-01  9.91451E-01  9.92300E-01  9.92686E-01
  9.92175E-01  9.91245E-01  9.92660E-01  9.92004E-01  9.91998E-01  9.90669E-01
  9.91637E-01  9.90431E-01  9.91206E-01  9.91254E-01  9.90199E-01  9.89942E-01
  9.89510E-01  9.91380E-01  9.89935E-01  9.89897E-01  9.89591E-01  9.89021E-01
  9.88809E-01  9.87985E-01  9.88748E-01  9.87448E-01  9.87795E-01  9.87268E-01
  9.86701E-01  9.84845E-01  9.84687E-01  9.84282E-01  9.82863E-01  9.82290E-01
  9.81827E-01  9.80594E-01  9.79822E-01  9.78287E-01  9.76482E-01  9.74886E-01
  9.73290E-01  9.71578E-01  9.69834E-01  9.68882E-01  9.66845E-01  9.63277E-01
  9.59757E-01  9.56903E-01  9.53653E-01  9.50432E-01  9.47324E-01  9.43729E-01
  9.40566E-01  9.34199E-01  9.27564E-01  9.21203E-01  9.14844E-01  9.08705E-01
  9.02386E-01  8.96166E-01  8.90052E-01  8.77581E-01  8.65518E-01  8.53570E-01
  8.41868E-01  8.30410E-01  8.19164E-01  8.07905E-01  7.96846E-01  7.75079E-01
  7.54074E-01  7.33674E-01  7.14133E-01  6.95068E-01  6.76711E-01  6.58670E-01
  6.41252E-01  6.07866E-01  5.76256E-01  5.46447E-01  5.18460E-01  4.92229E-01
  4.67276E-01  4.43652E-01  4.27226E-01  3.85165E-01  3.47959E-01  3.15061E-01
  2.85929E-01  2.59565E-01  2.35811E-01  2.14536E-01  1.95922E-01  1.64155E-01
  1.39620E-01  1.19493E-01  1.02579E-01  8.82340E-02  7.67128E-02  6.71013E-02
  5.85075E-02  4.30402E-02  3.26246E-02  2.65664E-02  2.37992E-02  2.27093E-02
  1.93087E-02  1.38109E-02  9.14014E-03  6.35673E-03  9.45927E-03  4.47291E-03
  2.29216E-03  3.15581E-03 -9.30862E-04 -1.25447E-03  1.01273E-03  4.68522E-03
  2.27350E-03 -2.80566E-05  4.45814E-03  2.71304E-03 -7.39816E-04  4.49322E-03
  1.05283E-03  2.63417E-03 -2.00370E-03 -1.73035E-04  1.81802E-03  9.70874E-03
  1.32763E-03  6.52601E-03  8.24791E-03 -5.89744E-03 -1.10654E-05  2.38619E-04
  1.45686E-03 -2.91150E-03 -7.99272E-04 -2.79226E-03 -3.91053E-03 -2.29798E-03
 -6.32201E-03 -1.41940E-03  6.94196E-03  1.34174E-03 -4.01835E-03 -2.72596E-03
 -4.39817E-03 -1.44280E-03 -4.15131E-03 -3.13505E-03  9.92113E-04 -2.90734E-03
 -4.10381E-03  1.90018E-03  5.18299E-04  2.19092E-03 -2.41735E-03  1.85244E-03
  1.04948E-03  1.51968E-03  9.16415E-04  1.52958E-03  1.02145E-03 -7.66873E-04
 -8.41005E-04 -1.14623E-03  6.85495E-04 -1.41440E-03 -1.95462E-03 -5.31475E-04
  7.06298E-04 -1.93956E-03  9.15111E-04 -8.72609E-04  6.56466E-04  6.26567E-06
  3.35436E-04  8.72986E-04
