AutoSaveFileName0117.ASC
 IFORMY    0    .00
 (6E13.7)
 IFORMT    0    .00
 (6E13.7)
 IFORMW    0    .00
 (6E13.7)
 NINTT     0   -1.00
 DOUSNQ    0    1.00
 IQUAD          1.00
 PRWT      0    1.00
 PRY       0    1.00
 IPLRES    1    3.00
 IPLRES    2    3.00
 IPRINT    1    0.00
 IPRINT    2    2.00
 IPLFIT    1    0.00
 IPLFIT    2    0.00
 LINEPG    0   50.
 NONNEG    1    1.00
 IWT       0    5.00
 NQPROG    1    5.00
 NQPROG    2    5.00
 GMNMX     1    2.081E-05
 GMNMX     2    2.081E-02
 RUSER    10    -1.00
 NG        0    200.00
 NLINF     0    0.00
 IUSER    10    4.00
 RUSER    21    1.0
 RUSER    22   -1.0
 RUSER    23    0.0
 RUSER    18         292.20104
 RUSER    17         69.99800
 RUSER    19         1.02538
 RUSER    15         1.33200
 RUSER    16         632.80000
 RUSER    25         1
 RUSER    26         0
 END       0    0.00
 NY      188
  5.00000E-07  6.25000E-07  7.50000E-07  8.75000E-07  1.00000E-06  1.12500E-06
  1.25000E-06  1.37500E-06  1.50000E-06  1.62500E-06  1.75000E-06  1.87500E-06
  2.00000E-06  2.25000E-06  2.50000E-06  2.75000E-06  3.00000E-06  3.25000E-06
  3.50000E-06  3.75000E-06  4.00000E-06  4.50000E-06  5.00000E-06  5.50000E-06
  6.00000E-06  6.50000E-06  7.00000E-06  7.50000E-06  8.00000E-06  9.00000E-06
  1.00000E-05  1.10000E-05  1.20000E-05  1.30000E-05  1.40000E-05  1.50000E-05
  1.60000E-05  1.80000E-05  2.00000E-05  2.20000E-05  2.40000E-05  2.60000E-05
  2.80000E-05  3.00000E-05  3.20000E-05  3.60000E-05  4.00000E-05  4.40000E-05
  4.80000E-05  5.20000E-05  5.60000E-05  6.00000E-05  6.40000E-05  7.20000E-05
  8.00000E-05  8.80000E-05  9.60000E-05  1.04000E-04  1.12000E-04  1.20000E-04
  1.28000E-04  1.44000E-04  1.60000E-04  1.76000E-04  1.92000E-04  2.08000E-04
  2.24000E-04  2.40000E-04  2.56000E-04  2.88000E-04  3.20000E-04  3.52000E-04
  3.84000E-04  4.16000E-04  4.48000E-04  4.80000E-04  5.12000E-04  5.76000E-04
  6.40000E-04  7.04000E-04  7.68000E-04  8.32000E-04  8.96000E-04  9.60000E-04
  1.02400E-03  1.15200E-03  1.28000E-03  1.40800E-03  1.53600E-03  1.66400E-03
  1.79200E-03  1.92000E-03  2.01600E-03  2.27200E-03  2.52800E-03  2.78400E-03
  3.04000E-03  3.29600E-03  3.55200E-03  3.80800E-03  4.06400E-03  4.57600E-03
  5.08800E-03  5.60000E-03  6.11200E-03  6.62400E-03  7.13600E-03  7.64800E-03
  8.16000E-03  9.18400E-03  1.02080E-02  1.12320E-02  1.22560E-02  1.32800E-02
  1.43040E-02  1.53280E-02  1.63520E-02  1.84000E-02  2.04480E-02  2.24960E-02
  2.45440E-02  2.65920E-02  2.86400E-02  3.06880E-02  3.27360E-02  3.68320E-02
  4.09280E-02  4.50240E-02  4.91200E-02  5.32160E-02  5.73120E-02  6.14080E-02
  6.55040E-02  7.36960E-02  8.18880E-02  9.00800E-02  9.82720E-02  1.06464E-01
  1.14656E-01  1.22848E-01  1.31040E-01  1.47424E-01  1.63808E-01  1.80192E-01
  1.96576E-01  2.12960E-01  2.29344E-01  2.45728E-01  2.62112E-01  2.94880E-01
  3.27648E-01  3.60416E-01  3.93184E-01  4.25952E-01  4.58720E-01  4.91488E-01
  5.24256E-01  5.89792E-01  6.55328E-01  7.20864E-01  7.86400E-01  8.51936E-01
  9.17472E-01  9.83008E-01  1.04854E+00  1.17962E+00  1.31069E+00  1.44176E+00
  1.57283E+00  1.70390E+00  1.83498E+00  1.96605E+00  2.09712E+00  2.35926E+00
  2.62141E+00  2.88355E+00  3.14570E+00  3.40784E+00  3.66998E+00  3.93213E+00
  4.19427E+00  4.71856E+00  5.24285E+00  5.76714E+00  6.29142E+00  6.81571E+00
  7.34000E+00  7.86429E+00
  9.91965E-01  9.91911E-01  9.89451E-01  9.89194E-01  9.88270E-01  9.90133E-01
  9.90050E-01  9.89122E-01  9.91102E-01  9.90273E-01  9.87615E-01  9.88709E-01
  9.88423E-01  9.88144E-01  9.88678E-01  9.87524E-01  9.87638E-01  9.86643E-01
  9.87635E-01  9.87842E-01  9.88464E-01  9.88272E-01  9.87827E-01  9.89083E-01
  9.87039E-01  9.86608E-01  9.86418E-01  9.86180E-01  9.85852E-01  9.87553E-01
  9.86475E-01  9.87056E-01  9.87117E-01  9.86171E-01  9.86041E-01  9.85789E-01
  9.85930E-01  9.85527E-01  9.85712E-01  9.85449E-01  9.85016E-01  9.84723E-01
  9.84168E-01  9.83686E-01  9.84063E-01  9.83546E-01  9.82908E-01  9.82830E-01
  9.81748E-01  9.81280E-01  9.80508E-01  9.80165E-01  9.79411E-01  9.78253E-01
  9.77483E-01  9.76011E-01  9.75300E-01  9.74064E-01  9.73135E-01  9.71688E-01
  9.70931E-01  9.68734E-01  9.66146E-01  9.63860E-01  9.61877E-01  9.59705E-01
  9.57275E-01  9.55430E-01  9.53114E-01  9.48571E-01  9.44391E-01  9.40181E-01
  9.35768E-01  9.31609E-01  9.27373E-01  9.23112E-01  9.18786E-01  9.10525E-01
  9.02227E-01  8.94135E-01  8.86078E-01  8.78191E-01  8.70179E-01  8.62374E-01
  8.38704E-01  8.23775E-01  8.09094E-01  7.94720E-01  7.80615E-01  7.66895E-01
  7.53489E-01  7.40420E-01  7.45388E-01  7.19929E-01  6.95330E-01  6.71628E-01
  6.49029E-01  6.27384E-01  6.06551E-01  5.86494E-01  5.67391E-01  5.31020E-01
  4.97431E-01  4.66229E-01  4.37035E-01  4.10072E-01  3.85080E-01  3.61838E-01
  3.40730E-01  3.02160E-01  2.68916E-01  2.40284E-01  2.15182E-01  1.93010E-01
  1.73802E-01  1.57759E-01  1.45203E-01  1.23386E-01  1.05436E-01  9.02550E-02
  7.65914E-02  6.55751E-02  5.63574E-02  5.06488E-02  4.74637E-02  4.15262E-02
  3.67677E-02  3.38282E-02  2.78664E-02  2.12487E-02  1.28693E-02  5.39247E-03
  7.73425E-04  1.18835E-03  6.42079E-03  1.10824E-02  9.45133E-03  5.08905E-03
  5.41699E-03  7.75351E-03  6.77138E-03  9.55580E-03  8.45481E-03  8.38297E-03
  4.24259E-03  1.13177E-03  2.10732E-03  1.89240E-03  2.67804E-03  4.75773E-03
  1.07773E-02  1.34236E-02  8.39661E-03  7.20060E-03  5.28623E-03 -2.01909E-03
  4.51599E-03  1.83119E-03 -2.08536E-03  4.92707E-03 -3.34385E-03 -1.13514E-03
 -3.31830E-03 -2.62709E-03  7.85823E-04  1.70192E-03 -7.57816E-04 -4.50850E-03
 -3.35372E-03 -2.03775E-03  1.05152E-03  6.12586E-04 -3.41840E-03  7.74649E-04
  7.21628E-03 -2.47923E-03 -3.33568E-04  2.35813E-03  8.40369E-04 -4.09287E-04
 -3.95425E-03 -7.00485E-03  2.06492E-03  4.78930E-04 -1.67122E-03  4.57297E-03
 -1.35997E-03 -3.10962E-03
