AutoSaveFileName0272.ASC
 IFORMY    0    .00
 (6E13.7)
 IFORMT    0    .00
 (6E13.7)
 IFORMW    0    .00
 (6E13.7)
 NINTT     0   -1.00
 DOUSNQ    0    1.00
 IQUAD     0    1.00
 PRWT      0    1.00
 PRY       0    1.00
 IPLRES    1    3.00
 IPLRES    2    3.00
 IPRINT    1    0.00
 IPRINT    2    2.00
 IPLFIT    1    0.00
 IPLFIT    2    0.00
 LINEPG    0   50.
 NONNEG    1    1.00
 IWT       0    5.00
 NQPROG    1    5.00
 NQPROG    2    5.00
 GMNMX     1    2.86621E-03
 GMNMX     2    1.02890E-03
 RUSER    10    -1.00
 NG        0    500.00
 NLINF     0    1.00
 IUSER    10    4.00
 RUSER    21    1.0
 RUSER    22   -1.0
 RUSER    23    0.0
 RUSER    18         292.15136
 RUSER    17         149.99900
 RUSER    19         1.02664
 RUSER    15         1.33200
 RUSER    16         632.80000
 RUSER    25         1
 RUSER    26         0
 END       0    0.00
 NY      162
  7.50000E-07  8.75000E-07  1.00000E-06  1.12500E-06  1.25000E-06  1.37500E-06
  1.50000E-06  1.62500E-06  1.75000E-06  1.87500E-06  2.00000E-06  2.25000E-06
  2.50000E-06  2.75000E-06  3.00000E-06  3.25000E-06  3.50000E-06  3.75000E-06
  4.00000E-06  4.50000E-06  5.00000E-06  5.50000E-06  6.00000E-06  6.50000E-06
  7.00000E-06  7.50000E-06  8.00000E-06  9.00000E-06  1.00000E-05  1.10000E-05
  1.20000E-05  1.30000E-05  1.40000E-05  1.50000E-05  1.60000E-05  1.80000E-05
  2.00000E-05  2.20000E-05  2.40000E-05  2.60000E-05  2.80000E-05  3.00000E-05
  3.20000E-05  3.60000E-05  4.00000E-05  4.40000E-05  4.80000E-05  5.20000E-05
  5.60000E-05  6.00000E-05  6.40000E-05  7.20000E-05  8.00000E-05  8.80000E-05
  9.60000E-05  1.04000E-04  1.12000E-04  1.20000E-04  1.28000E-04  1.44000E-04
  1.60000E-04  1.76000E-04  1.92000E-04  2.08000E-04  2.24000E-04  2.40000E-04
  2.56000E-04  2.88000E-04  3.20000E-04  3.52000E-04  3.84000E-04  4.16000E-04
  4.48000E-04  4.80000E-04  5.12000E-04  5.76000E-04  6.40000E-04  7.04000E-04
  7.68000E-04  8.32000E-04  8.96000E-04  9.60000E-04  1.02400E-03  1.15200E-03
  1.28000E-03  1.40800E-03  1.53600E-03  1.66400E-03  1.79200E-03  1.92000E-03
  2.01600E-03  2.27200E-03  2.52800E-03  2.78400E-03  3.04000E-03  3.29600E-03
  3.55200E-03  3.80800E-03  4.06400E-03  4.57600E-03  5.08800E-03  5.60000E-03
  6.11200E-03  6.62400E-03  7.13600E-03  7.64800E-03  8.16000E-03  9.18400E-03
  1.02080E-02  1.12320E-02  1.22560E-02  1.32800E-02  1.43040E-02  1.53280E-02
  1.63520E-02  1.84000E-02  2.04480E-02  2.24960E-02  2.45440E-02  2.65920E-02
  2.86400E-02  3.06880E-02  3.27360E-02  3.68320E-02  4.09280E-02  4.50240E-02
  4.91200E-02  5.32160E-02  5.73120E-02  6.14080E-02  6.55040E-02  7.36960E-02
  8.18880E-02  9.00800E-02  9.82720E-02  1.06464E-01  1.14656E-01  1.22848E-01
  1.31040E-01  1.47424E-01  1.63808E-01  1.80192E-01  1.96576E-01  2.12960E-01
  2.29344E-01  2.45728E-01  2.62112E-01  2.94880E-01  3.27648E-01  3.60416E-01
  3.93184E-01  4.25952E-01  4.58720E-01  4.91488E-01  5.24256E-01  5.89792E-01
  6.55328E-01  7.20864E-01  7.86400E-01  8.51936E-01  9.17472E-01  9.83008E-01
  9.99084E-01  1.00000E+00  9.95161E-01  9.95813E-01  9.94851E-01  9.92513E-01
  9.92888E-01  9.93898E-01  9.89092E-01  9.89104E-01  9.89100E-01  9.84241E-01
  9.85169E-01  9.81992E-01  9.82253E-01  9.80725E-01  9.79939E-01  9.78338E-01
  9.76648E-01  9.71976E-01  9.69630E-01  9.66265E-01  9.63658E-01  9.59536E-01
  9.58082E-01  9.53846E-01  9.50897E-01  9.45427E-01  9.39683E-01  9.35072E-01
  9.27883E-01  9.22022E-01  9.16299E-01  9.11170E-01  9.05061E-01  8.93578E-01
  8.82051E-01  8.71481E-01  8.60463E-01  8.49147E-01  8.39098E-01  8.28846E-01
  8.18203E-01  7.97734E-01  7.77238E-01  7.58147E-01  7.39422E-01  7.21011E-01
  7.02787E-01  6.85814E-01  6.68311E-01  6.35354E-01  6.04047E-01  5.74545E-01
  5.46215E-01  5.19662E-01  4.94326E-01  4.70147E-01  4.47712E-01  4.05404E-01
  3.67348E-01  3.32540E-01  3.00640E-01  2.72836E-01  2.47479E-01  2.24493E-01
  2.04194E-01  1.68640E-01  1.38857E-01  1.15170E-01  9.54351E-02  7.90529E-02
  6.57114E-02  5.42594E-02  4.55056E-02  3.22266E-02  2.32488E-02  1.66616E-02
  1.18646E-02  8.73615E-03  6.37260E-03  4.06230E-03  1.81662E-03 -8.37098E-04
 -1.61492E-03 -2.49304E-03 -1.82828E-03 -3.23831E-04  5.09063E-04  1.67628E-04
  3.23284E-04  1.83609E-04 -1.90377E-04 -9.73524E-05  5.06591E-04 -1.12687E-03
 -2.71271E-03 -2.02812E-03 -1.09469E-03 -1.68753E-04  1.41541E-04 -3.02837E-03
 -1.55447E-03 -3.14102E-03 -2.25104E-03 -1.34949E-03  8.44255E-05  5.68272E-04
 -1.97676E-04 -5.06289E-04  1.53584E-03 -1.26116E-03 -2.26621E-04 -2.99024E-04
  6.58368E-05  2.38858E-05 -3.56001E-05  6.84665E-05 -1.91571E-03  4.57663E-04
 -1.70117E-03  5.40549E-04 -2.05338E-04 -4.31989E-04  2.46129E-04 -5.29682E-04
 -4.54261E-04 -2.97914E-04  3.91260E-04 -1.76140E-04  3.38566E-05  1.95879E-04
  8.45359E-05  2.31305E-04  8.02708E-05 -2.71842E-04 -4.23386E-04  2.38843E-04
  4.01700E-04 -3.36863E-05  1.68834E-05 -1.69529E-04 -5.65347E-05 -4.81617E-05
  3.99059E-04 -2.89900E-04 -2.02459E-04  2.43814E-05 -6.98013E-05  9.49092E-05
  3.00786E-04 -4.59439E-04 -2.76708E-04  6.80673E-04  1.30370E-06  1.11419E-05
  1.55485E-04  8.72405E-05 -9.51312E-05  1.02279E-04 -9.06213E-05  8.45090E-05
