AutoSaveFileName0187.ASC
 IFORMY    0    .00
 (6E13.7)
 IFORMT    0    .00
 (6E13.7)
 IFORMW    0    .00
 (6E13.7)
 NINTT     0   -1.00
 DOUSNQ    0    1.00
 IQUAD     0    1.00
 PRWT      0    1.00
 PRY       0    1.00
 IPLRES    1    3.00
 IPLRES    2    3.00
 IPRINT    1    0.00
 IPRINT    2    2.00
 IPLFIT    1    0.00
 IPLFIT    2    0.00
 LINEPG    0   50.
 NONNEG    1    1.00
 IWT       0    5.00
 NQPROG    1    5.00
 NQPROG    2    5.00
 GMNMX     1    4.26096E-03
 GMNMX     2    1.52957E-03
 RUSER    10    -1.00
 NG        0    500.00
 NLINF     0    1.00
 IUSER    10    4.00
 RUSER    21    1.0
 RUSER    22   -1.0
 RUSER    23    0.0
 RUSER    18         292.05011
 RUSER    17         104.99900
 RUSER    19         1.02922
 RUSER    15         1.33200
 RUSER    16         632.80000
 RUSER    25         1
 RUSER    26         0
 END       0    0.00
 NY      162
  7.50000E-07  8.75000E-07  1.00000E-06  1.12500E-06  1.25000E-06  1.37500E-06
  1.50000E-06  1.62500E-06  1.75000E-06  1.87500E-06  2.00000E-06  2.25000E-06
  2.50000E-06  2.75000E-06  3.00000E-06  3.25000E-06  3.50000E-06  3.75000E-06
  4.00000E-06  4.50000E-06  5.00000E-06  5.50000E-06  6.00000E-06  6.50000E-06
  7.00000E-06  7.50000E-06  8.00000E-06  9.00000E-06  1.00000E-05  1.10000E-05
  1.20000E-05  1.30000E-05  1.40000E-05  1.50000E-05  1.60000E-05  1.80000E-05
  2.00000E-05  2.20000E-05  2.40000E-05  2.60000E-05  2.80000E-05  3.00000E-05
  3.20000E-05  3.60000E-05  4.00000E-05  4.40000E-05  4.80000E-05  5.20000E-05
  5.60000E-05  6.00000E-05  6.40000E-05  7.20000E-05  8.00000E-05  8.80000E-05
  9.60000E-05  1.04000E-04  1.12000E-04  1.20000E-04  1.28000E-04  1.44000E-04
  1.60000E-04  1.76000E-04  1.92000E-04  2.08000E-04  2.24000E-04  2.40000E-04
  2.56000E-04  2.88000E-04  3.20000E-04  3.52000E-04  3.84000E-04  4.16000E-04
  4.48000E-04  4.80000E-04  5.12000E-04  5.76000E-04  6.40000E-04  7.04000E-04
  7.68000E-04  8.32000E-04  8.96000E-04  9.60000E-04  1.02400E-03  1.15200E-03
  1.28000E-03  1.40800E-03  1.53600E-03  1.66400E-03  1.79200E-03  1.92000E-03
  2.01600E-03  2.27200E-03  2.52800E-03  2.78400E-03  3.04000E-03  3.29600E-03
  3.55200E-03  3.80800E-03  4.06400E-03  4.57600E-03  5.08800E-03  5.60000E-03
  6.11200E-03  6.62400E-03  7.13600E-03  7.64800E-03  8.16000E-03  9.18400E-03
  1.02080E-02  1.12320E-02  1.22560E-02  1.32800E-02  1.43040E-02  1.53280E-02
  1.63520E-02  1.84000E-02  2.04480E-02  2.24960E-02  2.45440E-02  2.65920E-02
  2.86400E-02  3.06880E-02  3.27360E-02  3.68320E-02  4.09280E-02  4.50240E-02
  4.91200E-02  5.32160E-02  5.73120E-02  6.14080E-02  6.55040E-02  7.36960E-02
  8.18880E-02  9.00800E-02  9.82720E-02  1.06464E-01  1.14656E-01  1.22848E-01
  1.31040E-01  1.47424E-01  1.63808E-01  1.80192E-01  1.96576E-01  2.12960E-01
  2.29344E-01  2.45728E-01  2.62112E-01  2.94880E-01  3.27648E-01  3.60416E-01
  3.93184E-01  4.25952E-01  4.58720E-01  4.91488E-01  5.24256E-01  5.89792E-01
  6.55328E-01  7.20864E-01  7.86400E-01  8.51936E-01  9.17472E-01  9.83008E-01
  1.00000E+00  9.97436E-01  9.95971E-01  9.90860E-01  9.93522E-01  9.93801E-01
  9.88590E-01  9.92011E-01  9.89504E-01  9.89708E-01  9.90152E-01  9.88799E-01
  9.90106E-01  9.86277E-01  9.85963E-01  9.83570E-01  9.83349E-01  9.83498E-01
  9.80451E-01  9.79482E-01  9.77497E-01  9.76563E-01  9.72641E-01  9.70350E-01
  9.68525E-01  9.66232E-01  9.64105E-01  9.60445E-01  9.56206E-01  9.53047E-01
  9.49006E-01  9.45837E-01  9.41739E-01  9.36420E-01  9.32809E-01  9.25578E-01
  9.16980E-01  9.10369E-01  9.02443E-01  8.94817E-01  8.87288E-01  8.78734E-01
  8.72032E-01  8.57790E-01  8.43525E-01  8.29459E-01  8.15879E-01  8.02604E-01
  7.89030E-01  7.75932E-01  7.62850E-01  7.38094E-01  7.13623E-01  6.90043E-01
  6.67364E-01  6.45407E-01  6.24345E-01  6.03634E-01  5.83825E-01  5.46357E-01
  5.10987E-01  4.77891E-01  4.47076E-01  4.18068E-01  3.91183E-01  3.66027E-01
  3.42881E-01  3.00076E-01  2.62557E-01  2.29635E-01  2.01008E-01  1.76023E-01
  1.53972E-01  1.35316E-01  1.19216E-01  9.22183E-02  7.16520E-02  5.60144E-02
  4.36545E-02  3.38518E-02  2.65718E-02  2.05502E-02  1.62289E-02  9.48369E-03
  5.21668E-03  2.65222E-03  6.85858E-04  1.96762E-04  4.74437E-04  9.50406E-04
  7.79096E-04  2.24760E-04 -7.88868E-05  4.02605E-06 -1.61023E-04  5.11284E-04
  1.28395E-03  1.35193E-03  5.21501E-04 -6.49287E-04  1.56015E-03  1.55241E-03
  2.50897E-05 -7.57393E-04 -1.22347E-03 -2.56130E-03 -6.59520E-04  5.76011E-04
  6.22934E-04 -4.77716E-04 -6.21634E-04  1.17668E-03 -1.36273E-04  1.03956E-03
 -8.82645E-04 -8.17231E-04  7.65720E-05 -1.48626E-03 -2.69512E-04 -1.54642E-04
  3.80146E-04 -7.58327E-04 -2.79833E-04  6.14247E-05  8.04730E-05  6.55231E-05
 -5.69167E-04 -7.31642E-04  5.05741E-04  3.65121E-04  1.57399E-04  8.71601E-04
  2.66772E-04  3.93169E-04  3.48644E-04 -1.08411E-04 -1.17897E-04 -9.00934E-04
 -3.04267E-04 -3.63571E-04  6.46590E-05 -2.27275E-04  3.72317E-05 -2.99350E-04
 -5.55886E-04  3.35692E-05 -1.14642E-04  4.45053E-04 -4.69146E-05 -5.15622E-05
  3.15744E-04  2.52109E-05 -3.25454E-04  1.45060E-04  1.53725E-04  6.45570E-05
  3.20262E-05 -3.29299E-06  1.12416E-04 -3.51576E-04 -1.37528E-04  2.84666E-04
