AutoSaveFileName0148.ASC
 IFORMY    0    .00
 (6E13.7)
 IFORMT    0    .00
 (6E13.7)
 IFORMW    0    .00
 (6E13.7)
 NINTT     0   -1.00
 DOUSNQ    0    1.00
 IQUAD          1.00
 PRWT      0    1.00
 PRY       0    1.00
 IPLRES    1    3.00
 IPLRES    2    3.00
 IPRINT    1    0.00
 IPRINT    2    2.00
 IPLFIT    1    0.00
 IPLFIT    2    0.00
 LINEPG    0   50.
 NONNEG    1    1.00
 IWT       0    5.00
 NQPROG    1    5.00
 NQPROG    2    5.00
 GMNMX     1    1.500E-05
 GMNMX     2    1.500E-02
 RUSER    10    -1.00
 NG        0    200.00
 NLINF     0    0.00
 IUSER    10    4.00
 RUSER    21    1.0
 RUSER    22   -1.0
 RUSER    23    0.0
 RUSER    18         292.21392
 RUSER    17         84.99800
 RUSER    19         1.02506
 RUSER    15         1.33200
 RUSER    16         632.80000
 RUSER    25         1
 RUSER    26         0
 END       0    0.00
 NY      188
  5.00000E-07  6.25000E-07  7.50000E-07  8.75000E-07  1.00000E-06  1.12500E-06
  1.25000E-06  1.37500E-06  1.50000E-06  1.62500E-06  1.75000E-06  1.87500E-06
  2.00000E-06  2.25000E-06  2.50000E-06  2.75000E-06  3.00000E-06  3.25000E-06
  3.50000E-06  3.75000E-06  4.00000E-06  4.50000E-06  5.00000E-06  5.50000E-06
  6.00000E-06  6.50000E-06  7.00000E-06  7.50000E-06  8.00000E-06  9.00000E-06
  1.00000E-05  1.10000E-05  1.20000E-05  1.30000E-05  1.40000E-05  1.50000E-05
  1.60000E-05  1.80000E-05  2.00000E-05  2.20000E-05  2.40000E-05  2.60000E-05
  2.80000E-05  3.00000E-05  3.20000E-05  3.60000E-05  4.00000E-05  4.40000E-05
  4.80000E-05  5.20000E-05  5.60000E-05  6.00000E-05  6.40000E-05  7.20000E-05
  8.00000E-05  8.80000E-05  9.60000E-05  1.04000E-04  1.12000E-04  1.20000E-04
  1.28000E-04  1.44000E-04  1.60000E-04  1.76000E-04  1.92000E-04  2.08000E-04
  2.24000E-04  2.40000E-04  2.56000E-04  2.88000E-04  3.20000E-04  3.52000E-04
  3.84000E-04  4.16000E-04  4.48000E-04  4.80000E-04  5.12000E-04  5.76000E-04
  6.40000E-04  7.04000E-04  7.68000E-04  8.32000E-04  8.96000E-04  9.60000E-04
  1.02400E-03  1.15200E-03  1.28000E-03  1.40800E-03  1.53600E-03  1.66400E-03
  1.79200E-03  1.92000E-03  2.01600E-03  2.27200E-03  2.52800E-03  2.78400E-03
  3.04000E-03  3.29600E-03  3.55200E-03  3.80800E-03  4.06400E-03  4.57600E-03
  5.08800E-03  5.60000E-03  6.11200E-03  6.62400E-03  7.13600E-03  7.64800E-03
  8.16000E-03  9.18400E-03  1.02080E-02  1.12320E-02  1.22560E-02  1.32800E-02
  1.43040E-02  1.53280E-02  1.63520E-02  1.84000E-02  2.04480E-02  2.24960E-02
  2.45440E-02  2.65920E-02  2.86400E-02  3.06880E-02  3.27360E-02  3.68320E-02
  4.09280E-02  4.50240E-02  4.91200E-02  5.32160E-02  5.73120E-02  6.14080E-02
  6.55040E-02  7.36960E-02  8.18880E-02  9.00800E-02  9.82720E-02  1.06464E-01
  1.14656E-01  1.22848E-01  1.31040E-01  1.47424E-01  1.63808E-01  1.80192E-01
  1.96576E-01  2.12960E-01  2.29344E-01  2.45728E-01  2.62112E-01  2.94880E-01
  3.27648E-01  3.60416E-01  3.93184E-01  4.25952E-01  4.58720E-01  4.91488E-01
  5.24256E-01  5.89792E-01  6.55328E-01  7.20864E-01  7.86400E-01  8.51936E-01
  9.17472E-01  9.83008E-01  1.04854E+00  1.17962E+00  1.31069E+00  1.44176E+00
  1.57283E+00  1.70390E+00  1.83498E+00  1.96605E+00  2.09712E+00  2.35926E+00
  2.62141E+00  2.88355E+00  3.14570E+00  3.40784E+00  3.66998E+00  3.93213E+00
  4.19427E+00  4.71856E+00  5.24285E+00  5.76714E+00  6.29142E+00  6.81571E+00
  7.34000E+00  7.86429E+00
  9.93708E-01  9.93304E-01  9.88567E-01  9.92114E-01  9.87665E-01  9.90556E-01
  9.88182E-01  9.89232E-01  9.86869E-01  9.86790E-01  9.86562E-01  9.85348E-01
  9.86993E-01  9.87092E-01  9.87157E-01  9.86818E-01  9.89132E-01  9.86864E-01
  9.86873E-01  9.85961E-01  9.86614E-01  9.86888E-01  9.86958E-01  9.85985E-01
  9.86612E-01  9.85267E-01  9.85632E-01  9.86249E-01  9.85659E-01  9.85856E-01
  9.85375E-01  9.84959E-01  9.84586E-01  9.84738E-01  9.84888E-01  9.84440E-01
  9.83934E-01  9.83482E-01  9.82463E-01  9.82169E-01  9.81981E-01  9.82463E-01
  9.81272E-01  9.80713E-01  9.80175E-01  9.79199E-01  9.78279E-01  9.77474E-01
  9.76295E-01  9.75346E-01  9.74775E-01  9.73454E-01  9.72799E-01  9.70642E-01
  9.69041E-01  9.66967E-01  9.65228E-01  9.62843E-01  9.61488E-01  9.59356E-01
  9.57718E-01  9.53899E-01  9.50200E-01  9.46390E-01  9.42739E-01  9.39152E-01
  9.35299E-01  9.31635E-01  9.27943E-01  9.20643E-01  9.13467E-01  9.06361E-01
  8.99069E-01  8.92146E-01  8.85117E-01  8.78158E-01  8.71050E-01  8.57445E-01
  8.44150E-01  8.31009E-01  8.18005E-01  8.05345E-01  7.92863E-01  7.80534E-01
  7.54992E-01  7.31618E-01  7.08918E-01  6.87027E-01  6.65813E-01  6.45451E-01
  6.25680E-01  6.06572E-01  6.03593E-01  5.67417E-01  5.33518E-01  5.01837E-01
  4.72331E-01  4.44577E-01  4.18849E-01  3.94738E-01  3.72521E-01  3.30740E-01
  2.93514E-01  2.60719E-01  2.31782E-01  2.06261E-01  1.83591E-01  1.63818E-01
  1.46818E-01  1.16391E-01  9.23737E-02  7.41856E-02  6.01495E-02  4.93816E-02
  4.13851E-02  3.45433E-02  2.78794E-02  1.67565E-02  7.65953E-03  1.61298E-03
 -3.15048E-03 -7.18057E-03 -8.62323E-03 -7.82049E-03 -5.83401E-03 -2.12882E-03
  5.17605E-04  1.19053E-03  1.12084E-03  1.54406E-03 -3.30753E-03 -5.42183E-03
 -5.09520E-03  3.30292E-03  1.87837E-03 -5.57839E-03 -3.81782E-03  3.03676E-03
  2.46024E-03  9.20303E-04  7.23751E-04  1.91200E-03 -4.07094E-03 -5.18946E-03
 -3.06935E-03  4.91984E-04  1.20589E-02  4.72951E-03  2.03341E-03  8.96069E-04
  6.14616E-04  1.96358E-03  8.50244E-03  3.32409E-03 -2.25356E-03  2.78862E-03
  2.27503E-03 -1.79144E-03 -3.74511E-03 -5.18739E-03 -1.93938E-04  4.37952E-04
  9.96246E-04 -6.85960E-03 -2.56540E-03  7.09926E-04  1.35993E-03 -1.79823E-03
  8.75552E-04 -4.44898E-03 -1.45322E-03  1.35443E-03 -8.87326E-04 -2.01542E-03
 -1.52702E-03  8.21104E-04 -3.46936E-04  2.52987E-03  1.78694E-04 -1.23598E-03
 -1.07561E-03  1.54854E-03  2.61907E-04 -2.52492E-03 -1.63523E-03  3.82517E-05
 -2.84816E-04  2.82059E-03
