AutoSaveFileName0119.ASC
 IFORMY    0    .00
 (6E13.7)
 IFORMT    0    .00
 (6E13.7)
 IFORMW    0    .00
 (6E13.7)
 NINTT     0   -1.00
 DOUSNQ    0    1.00
 IQUAD     0    1.00
 PRWT      0    1.00
 PRY       0    1.00
 IPLRES    1    3.00
 IPLRES    2    3.00
 IPRINT    1    0.00
 IPRINT    2    2.00
 IPLFIT    1    0.00
 IPLFIT    2    0.00
 LINEPG    0   50.
 NONNEG    1    1.00
 IWT       0    5.00
 NQPROG    1    5.00
 NQPROG    2    5.00
 GMNMX     1    8.16839E-03
 GMNMX     2    2.93224E-03
 RUSER    10    -1.00
 NG        0    500.00
 NLINF     0    1.00
 IUSER    10    4.00
 RUSER    21    1.0
 RUSER    22   -1.0
 RUSER    23    0.0
 RUSER    18         291.97861
 RUSER    17         69.99900
 RUSER    19         1.03104
 RUSER    15         1.33200
 RUSER    16         632.80000
 RUSER    25         1
 RUSER    26         0
 END       0    0.00
 NY      162
  7.50000E-07  8.75000E-07  1.00000E-06  1.12500E-06  1.25000E-06  1.37500E-06
  1.50000E-06  1.62500E-06  1.75000E-06  1.87500E-06  2.00000E-06  2.25000E-06
  2.50000E-06  2.75000E-06  3.00000E-06  3.25000E-06  3.50000E-06  3.75000E-06
  4.00000E-06  4.50000E-06  5.00000E-06  5.50000E-06  6.00000E-06  6.50000E-06
  7.00000E-06  7.50000E-06  8.00000E-06  9.00000E-06  1.00000E-05  1.10000E-05
  1.20000E-05  1.30000E-05  1.40000E-05  1.50000E-05  1.60000E-05  1.80000E-05
  2.00000E-05  2.20000E-05  2.40000E-05  2.60000E-05  2.80000E-05  3.00000E-05
  3.20000E-05  3.60000E-05  4.00000E-05  4.40000E-05  4.80000E-05  5.20000E-05
  5.60000E-05  6.00000E-05  6.40000E-05  7.20000E-05  8.00000E-05  8.80000E-05
  9.60000E-05  1.04000E-04  1.12000E-04  1.20000E-04  1.28000E-04  1.44000E-04
  1.60000E-04  1.76000E-04  1.92000E-04  2.08000E-04  2.24000E-04  2.40000E-04
  2.56000E-04  2.88000E-04  3.20000E-04  3.52000E-04  3.84000E-04  4.16000E-04
  4.48000E-04  4.80000E-04  5.12000E-04  5.76000E-04  6.40000E-04  7.04000E-04
  7.68000E-04  8.32000E-04  8.96000E-04  9.60000E-04  1.02400E-03  1.15200E-03
  1.28000E-03  1.40800E-03  1.53600E-03  1.66400E-03  1.79200E-03  1.92000E-03
  2.01600E-03  2.27200E-03  2.52800E-03  2.78400E-03  3.04000E-03  3.29600E-03
  3.55200E-03  3.80800E-03  4.06400E-03  4.57600E-03  5.08800E-03  5.60000E-03
  6.11200E-03  6.62400E-03  7.13600E-03  7.64800E-03  8.16000E-03  9.18400E-03
  1.02080E-02  1.12320E-02  1.22560E-02  1.32800E-02  1.43040E-02  1.53280E-02
  1.63520E-02  1.84000E-02  2.04480E-02  2.24960E-02  2.45440E-02  2.65920E-02
  2.86400E-02  3.06880E-02  3.27360E-02  3.68320E-02  4.09280E-02  4.50240E-02
  4.91200E-02  5.32160E-02  5.73120E-02  6.14080E-02  6.55040E-02  7.36960E-02
  8.18880E-02  9.00800E-02  9.82720E-02  1.06464E-01  1.14656E-01  1.22848E-01
  1.31040E-01  1.47424E-01  1.63808E-01  1.80192E-01  1.96576E-01  2.12960E-01
  2.29344E-01  2.45728E-01  2.62112E-01  2.94880E-01  3.27648E-01  3.60416E-01
  3.93184E-01  4.25952E-01  4.58720E-01  4.91488E-01  5.24256E-01  5.89792E-01
  6.55328E-01  7.20864E-01  7.86400E-01  8.51936E-01  9.17472E-01  9.83008E-01
  1.00000E+00  9.99000E-01  9.97209E-01  9.97299E-01  9.96630E-01  9.96725E-01
  9.97333E-01  9.96495E-01  9.93447E-01  9.93354E-01  9.94453E-01  9.93845E-01
  9.91980E-01  9.92613E-01  9.92670E-01  9.91039E-01  9.91389E-01  9.91120E-01
  9.88725E-01  9.88981E-01  9.87119E-01  9.86147E-01  9.85172E-01  9.83705E-01
  9.82654E-01  9.82307E-01  9.80678E-01  9.78858E-01  9.76628E-01  9.75088E-01
  9.72558E-01  9.70764E-01  9.69527E-01  9.66811E-01  9.64591E-01  9.59640E-01
  9.56160E-01  9.51695E-01  9.47738E-01  9.43354E-01  9.39209E-01  9.34793E-01
  9.31253E-01  9.22522E-01  9.14625E-01  9.07415E-01  8.99231E-01  8.91288E-01
  8.83806E-01  8.75820E-01  8.68609E-01  8.53438E-01  8.38566E-01  8.24150E-01
  8.10178E-01  7.96174E-01  7.82307E-01  7.69127E-01  7.55670E-01  7.30078E-01
  7.05365E-01  6.81179E-01  6.57914E-01  6.35488E-01  6.14103E-01  5.93235E-01
  5.73044E-01  5.34614E-01  4.98954E-01  4.65821E-01  4.34924E-01  4.06361E-01
  3.79478E-01  3.54617E-01  3.31791E-01  2.89736E-01  2.53386E-01  2.21388E-01
  1.93513E-01  1.69131E-01  1.47705E-01  1.28957E-01  1.12705E-01  8.59972E-02
  6.58837E-02  5.06847E-02  3.90242E-02  3.01933E-02  2.32001E-02  1.79241E-02
  1.50982E-02  9.17434E-03  5.70944E-03  4.05785E-03  3.14260E-03  2.67807E-03
  2.06784E-03  1.42596E-03  8.76116E-04  9.40333E-05  2.85927E-04  6.48336E-04
  8.39548E-04  1.40556E-03  1.52265E-03  7.22838E-04  5.31890E-05 -3.27856E-04
 -1.34148E-03  9.41937E-04 -5.03823E-04  5.17807E-05  3.82908E-04 -3.00850E-04
  4.47617E-04  1.10758E-03  6.02748E-04  1.09476E-03  7.15066E-05 -1.83749E-04
 -2.04597E-04 -1.62806E-04  1.60631E-03  8.08858E-04 -5.47767E-04  5.52643E-04
  3.76404E-04 -1.09354E-03 -8.89259E-04 -1.60412E-03 -7.80580E-04  3.27418E-04
 -4.38290E-04  4.35224E-04 -7.03019E-04  1.74484E-05  1.32760E-03  7.91890E-04
 -1.14480E-04  5.64177E-04  4.83127E-06 -6.81351E-04  1.00817E-03 -6.10381E-04
 -3.16448E-04  1.88099E-04  6.67754E-05  2.47000E-04  6.21586E-04 -5.20627E-04
 -2.18725E-04 -6.78829E-04  4.14382E-04  1.03683E-04 -2.68705E-04 -4.52841E-04
  1.85243E-04 -5.90267E-05  5.60803E-05  3.15964E-04  3.52796E-04 -8.55269E-05
