AutoSaveFileName0197.ASC
 IFORMY    0    .00
 (6E13.7)
 IFORMT    0    .00
 (6E13.7)
 IFORMW    0    .00
 (6E13.7)
 NINTT     0   -1.00
 DOUSNQ    0    1.00
 IQUAD     0    1.00
 PRWT      0    1.00
 PRY       0    1.00
 IPLRES    1    3.00
 IPLRES    2    3.00
 IPRINT    1    0.00
 IPRINT    2    2.00
 IPLFIT    1    0.00
 IPLFIT    2    0.00
 LINEPG    0   50.
 NONNEG    1    1.00
 IWT       0    5.00
 NQPROG    1    5.00
 NQPROG    2    5.00
 GMNMX     1    3.99528E-03
 GMNMX     2    1.43420E-03
 RUSER    10    -1.00
 NG        0    500.00
 NLINF     0    1.00
 IUSER    10    4.00
 RUSER    21    1.0
 RUSER    22   -1.0
 RUSER    23    0.0
 RUSER    18         292.06343
 RUSER    17         109.99900
 RUSER    19         1.02888
 RUSER    15         1.33200
 RUSER    16         632.80000
 RUSER    25         1
 RUSER    26         0
 END       0    0.00
 NY      162
  7.50000E-07  8.75000E-07  1.00000E-06  1.12500E-06  1.25000E-06  1.37500E-06
  1.50000E-06  1.62500E-06  1.75000E-06  1.87500E-06  2.00000E-06  2.25000E-06
  2.50000E-06  2.75000E-06  3.00000E-06  3.25000E-06  3.50000E-06  3.75000E-06
  4.00000E-06  4.50000E-06  5.00000E-06  5.50000E-06  6.00000E-06  6.50000E-06
  7.00000E-06  7.50000E-06  8.00000E-06  9.00000E-06  1.00000E-05  1.10000E-05
  1.20000E-05  1.30000E-05  1.40000E-05  1.50000E-05  1.60000E-05  1.80000E-05
  2.00000E-05  2.20000E-05  2.40000E-05  2.60000E-05  2.80000E-05  3.00000E-05
  3.20000E-05  3.60000E-05  4.00000E-05  4.40000E-05  4.80000E-05  5.20000E-05
  5.60000E-05  6.00000E-05  6.40000E-05  7.20000E-05  8.00000E-05  8.80000E-05
  9.60000E-05  1.04000E-04  1.12000E-04  1.20000E-04  1.28000E-04  1.44000E-04
  1.60000E-04  1.76000E-04  1.92000E-04  2.08000E-04  2.24000E-04  2.40000E-04
  2.56000E-04  2.88000E-04  3.20000E-04  3.52000E-04  3.84000E-04  4.16000E-04
  4.48000E-04  4.80000E-04  5.12000E-04  5.76000E-04  6.40000E-04  7.04000E-04
  7.68000E-04  8.32000E-04  8.96000E-04  9.60000E-04  1.02400E-03  1.15200E-03
  1.28000E-03  1.40800E-03  1.53600E-03  1.66400E-03  1.79200E-03  1.92000E-03
  2.01600E-03  2.27200E-03  2.52800E-03  2.78400E-03  3.04000E-03  3.29600E-03
  3.55200E-03  3.80800E-03  4.06400E-03  4.57600E-03  5.08800E-03  5.60000E-03
  6.11200E-03  6.62400E-03  7.13600E-03  7.64800E-03  8.16000E-03  9.18400E-03
  1.02080E-02  1.12320E-02  1.22560E-02  1.32800E-02  1.43040E-02  1.53280E-02
  1.63520E-02  1.84000E-02  2.04480E-02  2.24960E-02  2.45440E-02  2.65920E-02
  2.86400E-02  3.06880E-02  3.27360E-02  3.68320E-02  4.09280E-02  4.50240E-02
  4.91200E-02  5.32160E-02  5.73120E-02  6.14080E-02  6.55040E-02  7.36960E-02
  8.18880E-02  9.00800E-02  9.82720E-02  1.06464E-01  1.14656E-01  1.22848E-01
  1.31040E-01  1.47424E-01  1.63808E-01  1.80192E-01  1.96576E-01  2.12960E-01
  2.29344E-01  2.45728E-01  2.62112E-01  2.94880E-01  3.27648E-01  3.60416E-01
  3.93184E-01  4.25952E-01  4.58720E-01  4.91488E-01  5.24256E-01  5.89792E-01
  6.55328E-01  7.20864E-01  7.86400E-01  8.51936E-01  9.17472E-01  9.83008E-01
  9.97996E-01  1.00000E+00  9.95084E-01  9.97288E-01  9.94103E-01  9.96474E-01
  9.92147E-01  9.93972E-01  9.92342E-01  9.91549E-01  9.92091E-01  9.89194E-01
  9.89887E-01  9.87746E-01  9.85758E-01  9.85191E-01  9.84818E-01  9.84716E-01
  9.80671E-01  9.79051E-01  9.77870E-01  9.74829E-01  9.73139E-01  9.69190E-01
  9.68638E-01  9.65594E-01  9.63422E-01  9.59193E-01  9.54938E-01  9.50412E-01
  9.47133E-01  9.42590E-01  9.36772E-01  9.33752E-01  9.29644E-01  9.20851E-01
  9.13278E-01  9.04334E-01  8.96809E-01  8.88349E-01  8.81020E-01  8.73273E-01
  8.65022E-01  8.48998E-01  8.34612E-01  8.19692E-01  8.04815E-01  7.90269E-01
  7.75987E-01  7.62470E-01  7.49070E-01  7.22416E-01  6.97050E-01  6.72300E-01
  6.48166E-01  6.25569E-01  6.03378E-01  5.82069E-01  5.61620E-01  5.22578E-01
  4.86218E-01  4.52524E-01  4.21205E-01  3.92071E-01  3.65290E-01  3.39982E-01
  3.16810E-01  2.74369E-01  2.37593E-01  2.06019E-01  1.78709E-01  1.55184E-01
  1.34756E-01  1.17129E-01  1.02164E-01  7.66385E-02  5.77667E-02  4.30336E-02
  3.19301E-02  2.33204E-02  1.70623E-02  1.25315E-02  9.41688E-03  4.91748E-03
  2.19692E-03  1.48974E-04 -1.27620E-03 -1.64246E-03 -1.52981E-03 -1.35432E-03
 -7.79407E-04 -1.48655E-04  3.51871E-05 -1.03975E-03 -1.04871E-03 -1.86972E-03
 -2.70700E-03 -1.45752E-03  6.26938E-05  1.33070E-03  4.78065E-04  6.67900E-04
 -6.04321E-04 -7.59185E-04  5.59219E-04  3.19355E-04  1.26436E-03  4.63792E-04
 -2.00777E-04  8.79486E-04 -2.14122E-03 -1.65935E-03 -4.34343E-06  1.09101E-04
  8.29350E-04 -4.86457E-04 -5.44957E-04 -4.13734E-04  3.52877E-04 -9.62337E-05
  4.25478E-04 -8.07641E-04 -1.64394E-04 -7.63241E-04 -6.94704E-04  5.84357E-04
 -2.96889E-04 -3.13918E-04 -2.79469E-04 -1.99257E-04  2.59294E-04  3.57099E-04
 -2.73576E-04  3.89961E-05  1.53601E-04  9.44046E-04  6.22889E-05 -2.22787E-04
 -4.33408E-05 -1.84067E-04 -1.88326E-04 -8.65395E-04 -8.56724E-05 -3.01663E-04
  3.74454E-04  2.37566E-04 -2.36138E-04  8.93279E-05 -1.95358E-04  2.22120E-04
  1.90721E-05 -1.56428E-04  9.77392E-05 -3.78774E-04  7.98630E-05 -1.03142E-04
 -3.06919E-04 -9.93151E-05 -1.68459E-05 -8.69666E-05 -2.25601E-04 -1.38995E-04
