AutoSaveFileName0215.ASC
 IFORMY    0    .00
 (6E13.7)
 IFORMT    0    .00
 (6E13.7)
 IFORMW    0    .00
 (6E13.7)
 NINTT     0   -1.00
 DOUSNQ    0    1.00
 IQUAD          1.00
 PRWT      0    1.00
 PRY       0    1.00
 IPLRES    1    3.00
 IPLRES    2    3.00
 IPRINT    1    0.00
 IPRINT    2    2.00
 IPLFIT    1    0.00
 IPLFIT    2    0.00
 LINEPG    0   50.
 NONNEG    1    1.00
 IWT       0    5.00
 NQPROG    1    5.00
 NQPROG    2    5.00
 GMNMX     1    1.479E-05
 GMNMX     2    1.479E-02
 RUSER    10    -1.00
 NG        0    200.00
 NLINF     0    0.00
 IUSER    10    4.00
 RUSER    21    1.0
 RUSER    22   -1.0
 RUSER    23    0.0
 RUSER    18         292.04887
 RUSER    17         85.99900
 RUSER    19         1.02925
 RUSER    15         1.33200
 RUSER    16         632.80000
 RUSER    25         1
 RUSER    26         0
 END       0    0.00
 NY      131
  3.75000E-07  5.00000E-07  6.25000E-07  7.50000E-07  8.75000E-07  1.00000E-06
  1.12500E-06  1.25000E-06  1.37500E-06  1.50000E-06  1.62500E-06  1.75000E-06
  1.87500E-06  2.00000E-06  2.25000E-06  2.50000E-06  2.75000E-06  3.00000E-06
  3.25000E-06  3.50000E-06  3.75000E-06  4.00000E-06  4.50000E-06  5.00000E-06
  5.50000E-06  6.00000E-06  6.50000E-06  7.00000E-06  7.50000E-06  8.00000E-06
  9.00000E-06  1.00000E-05  1.10000E-05  1.20000E-05  1.30000E-05  1.40000E-05
  1.50000E-05  1.60000E-05  1.80000E-05  2.00000E-05  2.20000E-05  2.40000E-05
  2.60000E-05  2.80000E-05  3.00000E-05  3.20000E-05  3.60000E-05  4.00000E-05
  4.40000E-05  4.80000E-05  5.20000E-05  5.60000E-05  6.00000E-05  6.40000E-05
  7.20000E-05  8.00000E-05  8.80000E-05  9.60000E-05  1.04000E-04  1.12000E-04
  1.20000E-04  1.28000E-04  1.44000E-04  1.60000E-04  1.76000E-04  1.92000E-04
  2.08000E-04  2.24000E-04  2.40000E-04  2.56000E-04  2.88000E-04  3.20000E-04
  3.52000E-04  3.84000E-04  4.16000E-04  4.48000E-04  4.80000E-04  5.12000E-04
  5.76000E-04  6.40000E-04  7.04000E-04  7.68000E-04  8.32000E-04  8.96000E-04
  9.60000E-04  1.02400E-03  1.15200E-03  1.28000E-03  1.40800E-03  1.53600E-03
  1.66400E-03  1.79200E-03  1.92000E-03  2.01600E-03  2.27200E-03  2.52800E-03
  2.78400E-03  3.04000E-03  3.29600E-03  3.55200E-03  3.80800E-03  4.06400E-03
  4.57600E-03  5.08800E-03  5.60000E-03  6.11200E-03  6.62400E-03  7.13600E-03
  7.64800E-03  8.16000E-03  9.18400E-03  1.02080E-02  1.12320E-02  1.22560E-02
  1.32800E-02  1.43040E-02  1.53280E-02  1.63520E-02  1.84000E-02  2.04480E-02
  2.24960E-02  2.45440E-02  2.65920E-02  2.86400E-02  3.06880E-02  3.27360E-02
  3.68320E-02  4.09280E-02  4.50240E-02  4.91200E-02  5.32160E-02
  2.47745E+00  2.47211E+00  2.46798E+00  2.46261E+00  2.46627E+00  2.46607E+00
  2.46393E+00  2.46745E+00  2.46526E+00  2.45962E+00  2.46149E+00  2.45646E+00
  2.46063E+00  2.46051E+00  2.46128E+00  2.45904E+00  2.46051E+00  2.46242E+00
  2.46040E+00  2.46060E+00  2.45848E+00  2.45887E+00  2.45520E+00  2.45519E+00
  2.45449E+00  2.45457E+00  2.45819E+00  2.45303E+00  2.45433E+00  2.45346E+00
  2.45232E+00  2.45301E+00  2.45147E+00  2.44847E+00  2.44835E+00  2.44655E+00
  2.44576E+00  2.44446E+00  2.44259E+00  2.43891E+00  2.43759E+00  2.43550E+00
  2.43432E+00  2.42958E+00  2.42930E+00  2.42669E+00  2.42207E+00  2.41674E+00
  2.41265E+00  2.40815E+00  2.40422E+00  2.39945E+00  2.39503E+00  2.39030E+00
  2.38133E+00  2.37257E+00  2.36341E+00  2.35445E+00  2.34508E+00  2.33579E+00
  2.32728E+00  2.31855E+00  2.30157E+00  2.28373E+00  2.26622E+00  2.24963E+00
  2.23276E+00  2.21650E+00  2.19953E+00  2.18320E+00  2.15008E+00  2.11819E+00
  2.08639E+00  2.05527E+00  2.02465E+00  1.99405E+00  1.96416E+00  1.93471E+00
  1.87733E+00  1.82195E+00  1.76826E+00  1.71594E+00  1.66629E+00  1.61827E+00
  1.57160E+00  1.52645E+00  1.43880E+00  1.35641E+00  1.27917E+00  1.20663E+00
  1.13820E+00  1.07353E+00  1.01222E+00  9.68290E-01  8.62869E-01  7.70684E-01
  6.89849E-01  6.17439E-01  5.52490E-01  4.94584E-01  4.44125E-01  4.01757E-01
  3.26212E-01  2.65136E-01  2.16394E-01  1.76699E-01  1.44923E-01  1.19973E-01
  9.93576E-02  8.10669E-02  4.45685E-02  1.78916E-02  4.24534E-04 -1.00029E-02
 -8.30834E-03 -4.03097E-03 -5.13392E-03 -1.95532E-03  5.82547E-03  5.85702E-03
  2.62950E-03 -1.86687E-03 -2.07792E-03  1.13340E-02  1.89464E-02 -4.50989E-03
 -1.59323E-02 -1.28229E-02 -9.59303E-03 -1.75259E-02 -9.56047E-03
