AutoSaveFileName0198.ASC
 IFORMY    0    .00
 (6E13.7)
 IFORMT    0    .00
 (6E13.7)
 IFORMW    0    .00
 (6E13.7)
 NINTT     0   -1.00
 DOUSNQ    0    1.00
 IQUAD          1.00
 PRWT      0    1.00
 PRY       0    1.00
 IPLRES    1    3.00
 IPLRES    2    3.00
 IPRINT    1    0.00
 IPRINT    2    2.00
 IPLFIT    1    0.00
 IPLFIT    2    0.00
 LINEPG    0   50.
 NONNEG    1    1.00
 IWT       0    5.00
 NQPROG    1    5.00
 NQPROG    2    5.00
 GMNMX     1    1.020E-05
 GMNMX     2    1.020E-02
 RUSER    10    -1.00
 NG        0    200.00
 NLINF     0    0.00
 IUSER    10    4.00
 RUSER    21    1.0
 RUSER    22   -1.0
 RUSER    23    0.0
 RUSER    18         292.23222
 RUSER    17         109.99900
 RUSER    19         1.02459
 RUSER    15         1.33200
 RUSER    16         632.80000
 RUSER    25         1
 RUSER    26         0
 END       0    0.00
 NY      188
  5.00000E-07  6.25000E-07  7.50000E-07  8.75000E-07  1.00000E-06  1.12500E-06
  1.25000E-06  1.37500E-06  1.50000E-06  1.62500E-06  1.75000E-06  1.87500E-06
  2.00000E-06  2.25000E-06  2.50000E-06  2.75000E-06  3.00000E-06  3.25000E-06
  3.50000E-06  3.75000E-06  4.00000E-06  4.50000E-06  5.00000E-06  5.50000E-06
  6.00000E-06  6.50000E-06  7.00000E-06  7.50000E-06  8.00000E-06  9.00000E-06
  1.00000E-05  1.10000E-05  1.20000E-05  1.30000E-05  1.40000E-05  1.50000E-05
  1.60000E-05  1.80000E-05  2.00000E-05  2.20000E-05  2.40000E-05  2.60000E-05
  2.80000E-05  3.00000E-05  3.20000E-05  3.60000E-05  4.00000E-05  4.40000E-05
  4.80000E-05  5.20000E-05  5.60000E-05  6.00000E-05  6.40000E-05  7.20000E-05
  8.00000E-05  8.80000E-05  9.60000E-05  1.04000E-04  1.12000E-04  1.20000E-04
  1.28000E-04  1.44000E-04  1.60000E-04  1.76000E-04  1.92000E-04  2.08000E-04
  2.24000E-04  2.40000E-04  2.56000E-04  2.88000E-04  3.20000E-04  3.52000E-04
  3.84000E-04  4.16000E-04  4.48000E-04  4.80000E-04  5.12000E-04  5.76000E-04
  6.40000E-04  7.04000E-04  7.68000E-04  8.32000E-04  8.96000E-04  9.60000E-04
  1.02400E-03  1.15200E-03  1.28000E-03  1.40800E-03  1.53600E-03  1.66400E-03
  1.79200E-03  1.92000E-03  2.01600E-03  2.27200E-03  2.52800E-03  2.78400E-03
  3.04000E-03  3.29600E-03  3.55200E-03  3.80800E-03  4.06400E-03  4.57600E-03
  5.08800E-03  5.60000E-03  6.11200E-03  6.62400E-03  7.13600E-03  7.64800E-03
  8.16000E-03  9.18400E-03  1.02080E-02  1.12320E-02  1.22560E-02  1.32800E-02
  1.43040E-02  1.53280E-02  1.63520E-02  1.84000E-02  2.04480E-02  2.24960E-02
  2.45440E-02  2.65920E-02  2.86400E-02  3.06880E-02  3.27360E-02  3.68320E-02
  4.09280E-02  4.50240E-02  4.91200E-02  5.32160E-02  5.73120E-02  6.14080E-02
  6.55040E-02  7.36960E-02  8.18880E-02  9.00800E-02  9.82720E-02  1.06464E-01
  1.14656E-01  1.22848E-01  1.31040E-01  1.47424E-01  1.63808E-01  1.80192E-01
  1.96576E-01  2.12960E-01  2.29344E-01  2.45728E-01  2.62112E-01  2.94880E-01
  3.27648E-01  3.60416E-01  3.93184E-01  4.25952E-01  4.58720E-01  4.91488E-01
  5.24256E-01  5.89792E-01  6.55328E-01  7.20864E-01  7.86400E-01  8.51936E-01
  9.17472E-01  9.83008E-01  1.04854E+00  1.17962E+00  1.31069E+00  1.44176E+00
  1.57283E+00  1.70390E+00  1.83498E+00  1.96605E+00  2.09712E+00  2.35926E+00
  2.62141E+00  2.88355E+00  3.14570E+00  3.40784E+00  3.66998E+00  3.93213E+00
  4.19427E+00  4.71856E+00  5.24285E+00  5.76714E+00  6.29142E+00  6.81571E+00
  7.34000E+00  7.86429E+00
  9.91295E-01  9.88852E-01  9.89141E-01  9.92358E-01  9.88992E-01  9.90060E-01
  9.88957E-01  9.87407E-01  9.85996E-01  9.85686E-01  9.86380E-01  9.86901E-01
  9.85932E-01  9.86662E-01  9.84126E-01  9.86211E-01  9.87377E-01  9.86580E-01
  9.84404E-01  9.84528E-01  9.85370E-01  9.85723E-01  9.85214E-01  9.85928E-01
  9.85764E-01  9.84698E-01  9.84208E-01  9.84466E-01  9.83503E-01  9.84326E-01
  9.84570E-01  9.83777E-01  9.83345E-01  9.82085E-01  9.82343E-01  9.80854E-01
  9.81489E-01  9.81318E-01  9.79975E-01  9.79513E-01  9.78034E-01  9.77555E-01
  9.77761E-01  9.76399E-01  9.76251E-01  9.74386E-01  9.72769E-01  9.71790E-01
  9.70094E-01  9.68655E-01  9.67138E-01  9.65927E-01  9.64427E-01  9.61594E-01
  9.58560E-01  9.55759E-01  9.53177E-01  9.50192E-01  9.47631E-01  9.44619E-01
  9.41748E-01  9.36192E-01  9.30480E-01  9.24728E-01  9.19414E-01  9.13722E-01
  9.08061E-01  9.02820E-01  8.97242E-01  8.86361E-01  8.75805E-01  8.65141E-01
  8.54775E-01  8.44457E-01  8.34482E-01  8.24364E-01  8.14235E-01  7.94913E-01
  7.75740E-01  7.57232E-01  7.39072E-01  7.21414E-01  7.04122E-01  6.86951E-01
  6.46804E-01  6.16030E-01  5.86390E-01  5.58357E-01  5.31725E-01  5.06405E-01
  4.82297E-01  4.59590E-01  4.59970E-01  4.17818E-01  3.79622E-01  3.45097E-01
  3.14139E-01  2.86119E-01  2.60465E-01  2.37381E-01  2.17120E-01  1.81374E-01
  1.52326E-01  1.28032E-01  1.08233E-01  9.18397E-02  7.86426E-02  6.75162E-02
  5.81010E-02  4.34724E-02  3.26172E-02  2.46695E-02  1.99908E-02  1.63255E-02
  1.44422E-02  1.18488E-02  9.26551E-03  5.31294E-03  2.32116E-03  2.41026E-03
  7.08262E-04  1.12938E-03  2.09014E-03  6.88860E-04 -3.16390E-03 -8.04861E-03
 -7.78227E-03 -4.82869E-03 -1.65698E-04  6.28583E-05  2.62325E-03  3.83334E-03
 -2.31861E-04 -4.57800E-03 -8.43057E-03 -7.14725E-03 -4.67109E-03 -2.38024E-03
 -8.98659E-03 -6.14435E-03 -5.51352E-03 -5.50551E-03  3.18076E-03  5.25592E-03
 -1.92947E-03 -1.81273E-03 -1.21876E-03 -6.92135E-04  8.03465E-04  1.76904E-03
 -5.22723E-04 -1.76605E-03 -4.08290E-04 -7.97932E-04 -4.86244E-03  1.66216E-03
  1.02947E-03  1.29306E-03 -1.74398E-03  1.35761E-03 -2.26134E-03  2.16006E-04
  1.91631E-03 -2.00629E-03 -8.85048E-04 -1.15107E-03  1.21896E-04 -4.63394E-04
 -1.36678E-03  1.28523E-04 -2.39149E-03  1.49733E-03  5.07191E-04 -1.46618E-03
  1.03558E-03  1.02149E-04  1.93905E-04 -3.70403E-04 -1.49931E-03 -2.99719E-04
  5.87579E-04 -1.69326E-03 -2.44185E-04  9.75447E-04  1.56954E-03 -8.29121E-04
 -3.89747E-04 -6.49552E-04
