AutoSaveFileName0077.ASC
 IFORMY    0    .00
 (6E13.7)
 IFORMT    0    .00
 (6E13.7)
 IFORMW    0    .00
 (6E13.7)
 NINTT     0   -1.00
 DOUSNQ    0    1.00
 IQUAD     0    1.00
 PRWT      0    1.00
 PRY       0    1.00
 IPLRES    1    3.00
 IPLRES    2    3.00
 IPRINT    1    0.00
 IPRINT    2    2.00
 IPLFIT    1    0.00
 IPLFIT    2    0.00
 LINEPG    0   50.
 NONNEG    1    1.00
 IWT       0    5.00
 NQPROG    1    5.00
 NQPROG    2    5.00
 GMNMX     1    1.50604E-02
 GMNMX     2    5.40630E-03
 RUSER    10    -1.00
 NG        0    500.00
 NLINF     0    1.00
 IUSER    10    4.00
 RUSER    21    1.0
 RUSER    22   -1.0
 RUSER    23    0.0
 RUSER    18         291.94665
 RUSER    17         49.99800
 RUSER    19         1.03186
 RUSER    15         1.33200
 RUSER    16         632.80000
 RUSER    25         1
 RUSER    26         0
 END       0    0.00
 NY      162
  7.50000E-07  8.75000E-07  1.00000E-06  1.12500E-06  1.25000E-06  1.37500E-06
  1.50000E-06  1.62500E-06  1.75000E-06  1.87500E-06  2.00000E-06  2.25000E-06
  2.50000E-06  2.75000E-06  3.00000E-06  3.25000E-06  3.50000E-06  3.75000E-06
  4.00000E-06  4.50000E-06  5.00000E-06  5.50000E-06  6.00000E-06  6.50000E-06
  7.00000E-06  7.50000E-06  8.00000E-06  9.00000E-06  1.00000E-05  1.10000E-05
  1.20000E-05  1.30000E-05  1.40000E-05  1.50000E-05  1.60000E-05  1.80000E-05
  2.00000E-05  2.20000E-05  2.40000E-05  2.60000E-05  2.80000E-05  3.00000E-05
  3.20000E-05  3.60000E-05  4.00000E-05  4.40000E-05  4.80000E-05  5.20000E-05
  5.60000E-05  6.00000E-05  6.40000E-05  7.20000E-05  8.00000E-05  8.80000E-05
  9.60000E-05  1.04000E-04  1.12000E-04  1.20000E-04  1.28000E-04  1.44000E-04
  1.60000E-04  1.76000E-04  1.92000E-04  2.08000E-04  2.24000E-04  2.40000E-04
  2.56000E-04  2.88000E-04  3.20000E-04  3.52000E-04  3.84000E-04  4.16000E-04
  4.48000E-04  4.80000E-04  5.12000E-04  5.76000E-04  6.40000E-04  7.04000E-04
  7.68000E-04  8.32000E-04  8.96000E-04  9.60000E-04  1.02400E-03  1.15200E-03
  1.28000E-03  1.40800E-03  1.53600E-03  1.66400E-03  1.79200E-03  1.92000E-03
  2.01600E-03  2.27200E-03  2.52800E-03  2.78400E-03  3.04000E-03  3.29600E-03
  3.55200E-03  3.80800E-03  4.06400E-03  4.57600E-03  5.08800E-03  5.60000E-03
  6.11200E-03  6.62400E-03  7.13600E-03  7.64800E-03  8.16000E-03  9.18400E-03
  1.02080E-02  1.12320E-02  1.22560E-02  1.32800E-02  1.43040E-02  1.53280E-02
  1.63520E-02  1.84000E-02  2.04480E-02  2.24960E-02  2.45440E-02  2.65920E-02
  2.86400E-02  3.06880E-02  3.27360E-02  3.68320E-02  4.09280E-02  4.50240E-02
  4.91200E-02  5.32160E-02  5.73120E-02  6.14080E-02  6.55040E-02  7.36960E-02
  8.18880E-02  9.00800E-02  9.82720E-02  1.06464E-01  1.14656E-01  1.22848E-01
  1.31040E-01  1.47424E-01  1.63808E-01  1.80192E-01  1.96576E-01  2.12960E-01
  2.29344E-01  2.45728E-01  2.62112E-01  2.94880E-01  3.27648E-01  3.60416E-01
  3.93184E-01  4.25952E-01  4.58720E-01  4.91488E-01  5.24256E-01  5.89792E-01
  6.55328E-01  7.20864E-01  7.86400E-01  8.51936E-01  9.17472E-01  9.83008E-01
  1.00000E+00  9.99720E-01  9.99667E-01  9.99288E-01  9.99246E-01  9.98236E-01
  9.96630E-01  9.98267E-01  9.98347E-01  9.95961E-01  9.97266E-01  9.97036E-01
  9.95755E-01  9.95912E-01  9.96301E-01  9.95542E-01  9.93575E-01  9.96029E-01
  9.95240E-01  9.95056E-01  9.93316E-01  9.93375E-01  9.92255E-01  9.91879E-01
  9.91290E-01  9.91115E-01  9.89672E-01  9.88538E-01  9.87185E-01  9.85971E-01
  9.84855E-01  9.84402E-01  9.82652E-01  9.81461E-01  9.80696E-01  9.78843E-01
  9.76466E-01  9.73945E-01  9.71585E-01  9.69585E-01  9.67059E-01  9.64437E-01
  9.62514E-01  9.58295E-01  9.53698E-01  9.49597E-01  9.44806E-01  9.40411E-01
  9.36213E-01  9.32101E-01  9.27580E-01  9.18998E-01  9.10468E-01  9.02222E-01
  8.94104E-01  8.85651E-01  8.77551E-01  8.69679E-01  8.61741E-01  8.46207E-01
  8.30904E-01  8.15676E-01  8.01053E-01  7.86783E-01  7.72446E-01  7.58668E-01
  7.45121E-01  7.18485E-01  6.92956E-01  6.68462E-01  6.44916E-01  6.22118E-01
  6.00243E-01  5.79071E-01  5.58942E-01  5.20560E-01  4.85167E-01  4.52258E-01
  4.21569E-01  3.93328E-01  3.66927E-01  3.42241E-01  3.19396E-01  2.78252E-01
  2.42843E-01  2.12109E-01  1.85379E-01  1.62369E-01  1.42536E-01  1.25330E-01
  1.14492E-01  8.93845E-02  7.00677E-02  5.47483E-02  4.27416E-02  3.34709E-02
  2.64296E-02  2.09283E-02  1.74531E-02  1.11937E-02  6.71181E-03  4.40617E-03
  3.01465E-03  1.98093E-03  1.12273E-03  1.26824E-03  3.43781E-04 -1.36171E-05
  1.59834E-03 -1.48407E-03 -2.93349E-03  2.00820E-04  1.63841E-03  1.79307E-04
 -1.00180E-03  4.20730E-04  3.65512E-04  1.22181E-03 -1.06172E-04  2.31089E-03
  2.09946E-03  1.39326E-03 -2.07726E-03  1.42817E-03  3.80528E-04 -2.49329E-03
 -1.13552E-03  1.39480E-03  2.23535E-03  6.97726E-04  5.83033E-04  2.12279E-03
  1.76858E-03  1.24359E-03  4.94001E-04  1.44880E-03  1.23785E-03  1.45764E-03
  1.67405E-03  1.26260E-04 -1.22403E-03  3.62078E-04  7.26102E-04  1.23008E-03
  2.81145E-04  7.16809E-04 -9.17134E-05 -3.29768E-04  3.84913E-04  4.49624E-04
  8.13974E-04  1.15513E-03  1.29532E-04 -1.57700E-04  2.73841E-04  5.59243E-04
  4.39922E-04 -1.68233E-04  1.51990E-04 -1.15463E-05 -4.28465E-04  1.33555E-03
