AutoSaveFileName0107.ASC
 IFORMY    0    .00
 (6E13.7)
 IFORMT    0    .00
 (6E13.7)
 IFORMW    0    .00
 (6E13.7)
 NINTT     0   -1.00
 DOUSNQ    0    1.00
 IQUAD     0    1.00
 PRWT      0    1.00
 PRY       0    1.00
 IPLRES    1    3.00
 IPLRES    2    3.00
 IPRINT    1    0.00
 IPRINT    2    2.00
 IPLFIT    1    0.00
 IPLFIT    2    0.00
 LINEPG    0   50.
 NONNEG    1    1.00
 IWT       0    5.00
 NQPROG    1    5.00
 NQPROG    2    5.00
 GMNMX     1    9.31082E-03
 GMNMX     2    3.34234E-03
 RUSER    10    -1.00
 NG        0    500.00
 NLINF     0    1.00
 IUSER    10    4.00
 RUSER    21    1.0
 RUSER    22   -1.0
 RUSER    23    0.0
 RUSER    18         291.97039
 RUSER    17         64.99900
 RUSER    19         1.03125
 RUSER    15         1.33200
 RUSER    16         632.80000
 RUSER    25         1
 RUSER    26         0
 END       0    0.00
 NY      162
  7.50000E-07  8.75000E-07  1.00000E-06  1.12500E-06  1.25000E-06  1.37500E-06
  1.50000E-06  1.62500E-06  1.75000E-06  1.87500E-06  2.00000E-06  2.25000E-06
  2.50000E-06  2.75000E-06  3.00000E-06  3.25000E-06  3.50000E-06  3.75000E-06
  4.00000E-06  4.50000E-06  5.00000E-06  5.50000E-06  6.00000E-06  6.50000E-06
  7.00000E-06  7.50000E-06  8.00000E-06  9.00000E-06  1.00000E-05  1.10000E-05
  1.20000E-05  1.30000E-05  1.40000E-05  1.50000E-05  1.60000E-05  1.80000E-05
  2.00000E-05  2.20000E-05  2.40000E-05  2.60000E-05  2.80000E-05  3.00000E-05
  3.20000E-05  3.60000E-05  4.00000E-05  4.40000E-05  4.80000E-05  5.20000E-05
  5.60000E-05  6.00000E-05  6.40000E-05  7.20000E-05  8.00000E-05  8.80000E-05
  9.60000E-05  1.04000E-04  1.12000E-04  1.20000E-04  1.28000E-04  1.44000E-04
  1.60000E-04  1.76000E-04  1.92000E-04  2.08000E-04  2.24000E-04  2.40000E-04
  2.56000E-04  2.88000E-04  3.20000E-04  3.52000E-04  3.84000E-04  4.16000E-04
  4.48000E-04  4.80000E-04  5.12000E-04  5.76000E-04  6.40000E-04  7.04000E-04
  7.68000E-04  8.32000E-04  8.96000E-04  9.60000E-04  1.02400E-03  1.15200E-03
  1.28000E-03  1.40800E-03  1.53600E-03  1.66400E-03  1.79200E-03  1.92000E-03
  2.01600E-03  2.27200E-03  2.52800E-03  2.78400E-03  3.04000E-03  3.29600E-03
  3.55200E-03  3.80800E-03  4.06400E-03  4.57600E-03  5.08800E-03  5.60000E-03
  6.11200E-03  6.62400E-03  7.13600E-03  7.64800E-03  8.16000E-03  9.18400E-03
  1.02080E-02  1.12320E-02  1.22560E-02  1.32800E-02  1.43040E-02  1.53280E-02
  1.63520E-02  1.84000E-02  2.04480E-02  2.24960E-02  2.45440E-02  2.65920E-02
  2.86400E-02  3.06880E-02  3.27360E-02  3.68320E-02  4.09280E-02  4.50240E-02
  4.91200E-02  5.32160E-02  5.73120E-02  6.14080E-02  6.55040E-02  7.36960E-02
  8.18880E-02  9.00800E-02  9.82720E-02  1.06464E-01  1.14656E-01  1.22848E-01
  1.31040E-01  1.47424E-01  1.63808E-01  1.80192E-01  1.96576E-01  2.12960E-01
  2.29344E-01  2.45728E-01  2.62112E-01  2.94880E-01  3.27648E-01  3.60416E-01
  3.93184E-01  4.25952E-01  4.58720E-01  4.91488E-01  5.24256E-01  5.89792E-01
  6.55328E-01  7.20864E-01  7.86400E-01  8.51936E-01  9.17472E-01  9.83008E-01
  1.00000E+00  9.98897E-01  9.98907E-01  9.95236E-01  9.97021E-01  9.94261E-01
  9.96228E-01  9.91999E-01  9.95286E-01  9.93783E-01  9.92992E-01  9.95730E-01
  9.94642E-01  9.93453E-01  9.93228E-01  9.92901E-01  9.92150E-01  9.89824E-01
  9.90819E-01  9.89657E-01  9.88752E-01  9.88329E-01  9.86912E-01  9.85283E-01
  9.83992E-01  9.83489E-01  9.82864E-01  9.81219E-01  9.79350E-01  9.77627E-01
  9.74839E-01  9.73618E-01  9.71509E-01  9.70112E-01  9.67892E-01  9.64041E-01
  9.60762E-01  9.57158E-01  9.53703E-01  9.49570E-01  9.46172E-01  9.42397E-01
  9.39036E-01  9.31941E-01  9.25338E-01  9.17328E-01  9.10785E-01  9.03656E-01
  8.97004E-01  8.89888E-01  8.83409E-01  8.70065E-01  8.57249E-01  8.44176E-01
  8.31480E-01  8.18898E-01  8.06673E-01  7.95089E-01  7.83203E-01  7.59746E-01
  7.37162E-01  7.15264E-01  6.93959E-01  6.73544E-01  6.53423E-01  6.34401E-01
  6.15818E-01  5.80335E-01  5.46636E-01  5.15138E-01  4.85630E-01  4.57569E-01
  4.31487E-01  4.06674E-01  3.83804E-01  3.41223E-01  3.03707E-01  2.70414E-01
  2.40714E-01  2.14327E-01  1.90942E-01  1.70196E-01  1.52126E-01  1.20853E-01
  9.65232E-02  7.71158E-02  6.15392E-02  4.87534E-02  3.82466E-02  2.98773E-02
  2.55658E-02  1.66230E-02  1.13672E-02  6.83861E-03  3.14019E-03  9.65112E-04
  2.17980E-04  2.58605E-04  9.73681E-04  1.87799E-03  3.20843E-03  4.51804E-03
  3.08074E-03  2.20866E-04 -7.56009E-04  7.87384E-04  1.98820E-03  5.08059E-04
 -1.03866E-03  1.84111E-03  2.07581E-03 -7.24711E-04  6.87220E-04  1.80884E-03
  7.26830E-04  1.76992E-03  2.45239E-03 -5.32233E-04  2.40303E-04  1.23287E-03
  1.73138E-03  1.04307E-03  1.41539E-03  1.68727E-03  3.23531E-04  1.51670E-03
 -9.78783E-04 -2.27660E-04  1.49708E-03  1.80911E-04  3.70893E-04 -8.34559E-04
  4.00911E-04 -7.31211E-04 -6.45680E-04 -9.07578E-04  3.73988E-04  4.08410E-04
  3.31276E-05 -4.09692E-04 -7.30424E-04 -1.61125E-04  3.76431E-04  2.87074E-04
  2.94080E-04 -2.48486E-04  5.03896E-04  6.91909E-04 -8.68485E-04 -2.29948E-04
 -4.17484E-04 -4.03935E-04 -9.27967E-04 -2.58711E-04 -6.40140E-04 -3.98933E-05
 -3.15069E-04 -3.12830E-04  3.24624E-04  7.88059E-04 -1.12616E-04  2.91317E-04
