AutoSaveFileName0406.ASC
 IFORMY    0    .00
 (6E13.7)
 IFORMT    0    .00
 (6E13.7)
 IFORMW    0    .00
 (6E13.7)
 NINTT     0   -1.00
 DOUSNQ    0    1.00
 IQUAD          1.00
 PRWT      0    1.00
 PRY       0    1.00
 IPLRES    1    3.00
 IPLRES    2    3.00
 IPRINT    1    0.00
 IPRINT    2    2.00
 IPLFIT    1    0.00
 IPLFIT    2    0.00
 LINEPG    0   50.
 NONNEG    1    1.00
 IWT       0    5.00
 NQPROG    1    5.00
 NQPROG    2    5.00
 GMNMX     1    7.309E-06
 GMNMX     2    7.309E-03
 RUSER    10    -1.00
 NG        0    200.00
 NLINF     0    0.00
 IUSER    10    4.00
 RUSER    21    1.0
 RUSER    22   -1.0
 RUSER    23    0.0
 RUSER    18         292.34493
 RUSER    17         149.99900
 RUSER    19         1.02175
 RUSER    15         1.33200
 RUSER    16         632.80000
 RUSER    25         1
 RUSER    26         0
 END       0    0.00
 NY      131
  3.75000E-07  5.00000E-07  6.25000E-07  7.50000E-07  8.75000E-07  1.00000E-06
  1.12500E-06  1.25000E-06  1.37500E-06  1.50000E-06  1.62500E-06  1.75000E-06
  1.87500E-06  2.00000E-06  2.25000E-06  2.50000E-06  2.75000E-06  3.00000E-06
  3.25000E-06  3.50000E-06  3.75000E-06  4.00000E-06  4.50000E-06  5.00000E-06
  5.50000E-06  6.00000E-06  6.50000E-06  7.00000E-06  7.50000E-06  8.00000E-06
  9.00000E-06  1.00000E-05  1.10000E-05  1.20000E-05  1.30000E-05  1.40000E-05
  1.50000E-05  1.60000E-05  1.80000E-05  2.00000E-05  2.20000E-05  2.40000E-05
  2.60000E-05  2.80000E-05  3.00000E-05  3.20000E-05  3.60000E-05  4.00000E-05
  4.40000E-05  4.80000E-05  5.20000E-05  5.60000E-05  6.00000E-05  6.40000E-05
  7.20000E-05  8.00000E-05  8.80000E-05  9.60000E-05  1.04000E-04  1.12000E-04
  1.20000E-04  1.28000E-04  1.44000E-04  1.60000E-04  1.76000E-04  1.92000E-04
  2.08000E-04  2.24000E-04  2.40000E-04  2.56000E-04  2.88000E-04  3.20000E-04
  3.52000E-04  3.84000E-04  4.16000E-04  4.48000E-04  4.80000E-04  5.12000E-04
  5.76000E-04  6.40000E-04  7.04000E-04  7.68000E-04  8.32000E-04  8.96000E-04
  9.60000E-04  1.02400E-03  1.15200E-03  1.28000E-03  1.40800E-03  1.53600E-03
  1.66400E-03  1.79200E-03  1.92000E-03  2.01600E-03  2.27200E-03  2.52800E-03
  2.78400E-03  3.04000E-03  3.29600E-03  3.55200E-03  3.80800E-03  4.06400E-03
  4.57600E-03  5.08800E-03  5.60000E-03  6.11200E-03  6.62400E-03  7.13600E-03
  7.64800E-03  8.16000E-03  9.18400E-03  1.02080E-02  1.12320E-02  1.22560E-02
  1.32800E-02  1.43040E-02  1.53280E-02  1.63520E-02  1.84000E-02  2.04480E-02
  2.24960E-02  2.45440E-02  2.65920E-02  2.86400E-02  3.06880E-02  3.27360E-02
  3.68320E-02  4.09280E-02  4.50240E-02  4.91200E-02  5.32160E-02
  1.55158E+00  1.55466E+00  1.54809E+00  1.53912E+00  1.54412E+00  1.54839E+00
  1.53770E+00  1.54668E+00  1.53887E+00  1.54626E+00  1.54076E+00  1.54331E+00
  1.53274E+00  1.53757E+00  1.53680E+00  1.54394E+00  1.54215E+00  1.54145E+00
  1.54159E+00  1.53840E+00  1.54296E+00  1.53741E+00  1.53628E+00  1.53887E+00
  1.53678E+00  1.53553E+00  1.53416E+00  1.53828E+00  1.53970E+00  1.53543E+00
  1.53388E+00  1.53048E+00  1.53281E+00  1.53301E+00  1.53122E+00  1.53126E+00
  1.52986E+00  1.52611E+00  1.52794E+00  1.52485E+00  1.52425E+00  1.52356E+00
  1.52132E+00  1.51963E+00  1.51761E+00  1.51553E+00  1.51002E+00  1.50812E+00
  1.50521E+00  1.50049E+00  1.49791E+00  1.49452E+00  1.49346E+00  1.48924E+00
  1.48252E+00  1.47615E+00  1.47001E+00  1.46325E+00  1.45558E+00  1.45055E+00
  1.44537E+00  1.43782E+00  1.42584E+00  1.41395E+00  1.40177E+00  1.39015E+00
  1.37751E+00  1.36643E+00  1.35474E+00  1.34399E+00  1.32093E+00  1.29948E+00
  1.27724E+00  1.25723E+00  1.23609E+00  1.21562E+00  1.19575E+00  1.17702E+00
  1.14003E+00  1.10522E+00  1.07170E+00  1.03976E+00  1.00886E+00  9.79714E-01
  9.51994E-01  9.24940E-01  8.74750E-01  8.29203E-01  7.87579E-01  7.49425E-01
  7.13938E-01  6.81453E-01  6.51329E-01  6.33753E-01  5.83936E-01  5.39852E-01
  5.02725E-01  4.70233E-01  4.41641E-01  4.16049E-01  3.92969E-01  3.72133E-01
  3.34337E-01  3.00972E-01  2.73821E-01  2.53732E-01  2.38642E-01  2.24138E-01
  2.09369E-01  1.96094E-01  1.75947E-01  1.57761E-01  1.39663E-01  1.24535E-01
  1.17655E-01  1.11216E-01  1.06876E-01  9.71114E-02  8.11772E-02  7.52727E-02
  7.69640E-02  7.63049E-02  7.28965E-02  5.72485E-02  5.24041E-02  4.53902E-02
  4.33701E-02  2.77181E-02  2.22633E-02  1.63250E-02  1.85429E-03
