AutoSaveFileName0142.ASC
 IFORMY    0    .00
 (6E13.7)
 IFORMT    0    .00
 (6E13.7)
 IFORMW    0    .00
 (6E13.7)
 NINTT     0   -1.00
 DOUSNQ    0    1.00
 IQUAD          1.00
 PRWT      0    1.00
 PRY       0    1.00
 IPLRES    1    3.00
 IPLRES    2    3.00
 IPRINT    1    0.00
 IPRINT    2    2.00
 IPLFIT    1    0.00
 IPLFIT    2    0.00
 LINEPG    0   50.
 NONNEG    1    1.00
 IWT       0    5.00
 NQPROG    1    5.00
 NQPROG    2    5.00
 GMNMX     1    2.600E-05
 GMNMX     2    2.600E-02
 RUSER    10    -1.00
 NG        0    200.00
 NLINF     0    0.00
 IUSER    10    4.00
 RUSER    21    1.0
 RUSER    22   -1.0
 RUSER    23    0.0
 RUSER    18         291.94556
 RUSER    17         61.99900
 RUSER    19         1.03189
 RUSER    15         1.33200
 RUSER    16         632.80000
 RUSER    25         1
 RUSER    26         0
 END       0    0.00
 NY      131
  3.75000E-07  5.00000E-07  6.25000E-07  7.50000E-07  8.75000E-07  1.00000E-06
  1.12500E-06  1.25000E-06  1.37500E-06  1.50000E-06  1.62500E-06  1.75000E-06
  1.87500E-06  2.00000E-06  2.25000E-06  2.50000E-06  2.75000E-06  3.00000E-06
  3.25000E-06  3.50000E-06  3.75000E-06  4.00000E-06  4.50000E-06  5.00000E-06
  5.50000E-06  6.00000E-06  6.50000E-06  7.00000E-06  7.50000E-06  8.00000E-06
  9.00000E-06  1.00000E-05  1.10000E-05  1.20000E-05  1.30000E-05  1.40000E-05
  1.50000E-05  1.60000E-05  1.80000E-05  2.00000E-05  2.20000E-05  2.40000E-05
  2.60000E-05  2.80000E-05  3.00000E-05  3.20000E-05  3.60000E-05  4.00000E-05
  4.40000E-05  4.80000E-05  5.20000E-05  5.60000E-05  6.00000E-05  6.40000E-05
  7.20000E-05  8.00000E-05  8.80000E-05  9.60000E-05  1.04000E-04  1.12000E-04
  1.20000E-04  1.28000E-04  1.44000E-04  1.60000E-04  1.76000E-04  1.92000E-04
  2.08000E-04  2.24000E-04  2.40000E-04  2.56000E-04  2.88000E-04  3.20000E-04
  3.52000E-04  3.84000E-04  4.16000E-04  4.48000E-04  4.80000E-04  5.12000E-04
  5.76000E-04  6.40000E-04  7.04000E-04  7.68000E-04  8.32000E-04  8.96000E-04
  9.60000E-04  1.02400E-03  1.15200E-03  1.28000E-03  1.40800E-03  1.53600E-03
  1.66400E-03  1.79200E-03  1.92000E-03  2.01600E-03  2.27200E-03  2.52800E-03
  2.78400E-03  3.04000E-03  3.29600E-03  3.55200E-03  3.80800E-03  4.06400E-03
  4.57600E-03  5.08800E-03  5.60000E-03  6.11200E-03  6.62400E-03  7.13600E-03
  7.64800E-03  8.16000E-03  9.18400E-03  1.02080E-02  1.12320E-02  1.22560E-02
  1.32800E-02  1.43040E-02  1.53280E-02  1.63520E-02  1.84000E-02  2.04480E-02
  2.24960E-02  2.45440E-02  2.65920E-02  2.86400E-02  3.06880E-02  3.27360E-02
  3.68320E-02  4.09280E-02  4.50240E-02  4.91200E-02  5.32160E-02
  1.61297E+00  1.61506E+00  1.60995E+00  1.61170E+00  1.61016E+00  1.60919E+00
  1.61029E+00  1.60599E+00  1.61004E+00  1.60825E+00  1.60489E+00  1.60683E+00
  1.60409E+00  1.60641E+00  1.60979E+00  1.60529E+00  1.60918E+00  1.60440E+00
  1.60858E+00  1.60829E+00  1.61129E+00  1.60877E+00  1.60616E+00  1.60344E+00
  1.60569E+00  1.60316E+00  1.60263E+00  1.60471E+00  1.60547E+00  1.60421E+00
  1.60403E+00  1.60298E+00  1.60244E+00  1.60139E+00  1.60379E+00  1.60208E+00
  1.60315E+00  1.60217E+00  1.60010E+00  1.60060E+00  1.59959E+00  1.59817E+00
  1.59705E+00  1.59701E+00  1.59528E+00  1.59422E+00  1.59281E+00  1.59121E+00
  1.58938E+00  1.58876E+00  1.58675E+00  1.58445E+00  1.58393E+00  1.58181E+00
  1.57912E+00  1.57553E+00  1.57218E+00  1.56899E+00  1.56601E+00  1.56262E+00
  1.56032E+00  1.55638E+00  1.55011E+00  1.54390E+00  1.53695E+00  1.53072E+00
  1.52504E+00  1.51836E+00  1.51229E+00  1.50625E+00  1.49379E+00  1.48196E+00
  1.46980E+00  1.45810E+00  1.44639E+00  1.43471E+00  1.42303E+00  1.41147E+00
  1.38892E+00  1.36663E+00  1.34474E+00  1.32327E+00  1.30223E+00  1.28130E+00
  1.26099E+00  1.24175E+00  1.20233E+00  1.16460E+00  1.12785E+00  1.09258E+00
  1.05803E+00  1.02464E+00  9.92068E-01  9.69851E-01  9.10401E-01  8.55357E-01
  8.05392E-01  7.58333E-01  7.13250E-01  6.71343E-01  6.32695E-01  5.96992E-01
  5.31067E-01  4.71377E-01  4.17544E-01  3.70173E-01  3.28606E-01  2.92033E-01
  2.58440E-01  2.29006E-01  1.77868E-01  1.37364E-01  1.06719E-01  8.27711E-02
  6.33304E-02  4.80076E-02  3.68186E-02  2.64793E-02  7.08356E-03 -6.97372E-03
 -1.00847E-02 -6.12076E-03 -1.97748E-03  1.05204E-03  1.13020E-02  1.92899E-02
  1.13053E-02  3.57248E-03 -7.10148E-03  2.73964E-03  9.08243E-03
