AutoSaveFileName0194.ASC
 IFORMY    0    .00
 (6E13.7)
 IFORMT    0    .00
 (6E13.7)
 IFORMW    0    .00
 (6E13.7)
 NINTT     0   -1.00
 DOUSNQ    0    1.00
 IQUAD     0    1.00
 PRWT      0    1.00
 PRY       0    1.00
 IPLRES    1    3.00
 IPLRES    2    3.00
 IPRINT    1    0.00
 IPRINT    2    2.00
 IPLFIT    1    0.00
 IPLFIT    2    0.00
 LINEPG    0   50.
 NONNEG    1    1.00
 IWT       0    5.00
 NQPROG    1    5.00
 NQPROG    2    5.00
 GMNMX     1    3.99572E-03
 GMNMX     2    1.43436E-03
 RUSER    10    -1.00
 NG        0    500.00
 NLINF     0    1.00
 IUSER    10    4.00
 RUSER    21    1.0
 RUSER    22   -1.0
 RUSER    23    0.0
 RUSER    18         292.05957
 RUSER    17         109.99900
 RUSER    19         1.02898
 RUSER    15         1.33200
 RUSER    16         632.80000
 RUSER    25         1
 RUSER    26         0
 END       0    0.00
 NY      162
  7.50000E-07  8.75000E-07  1.00000E-06  1.12500E-06  1.25000E-06  1.37500E-06
  1.50000E-06  1.62500E-06  1.75000E-06  1.87500E-06  2.00000E-06  2.25000E-06
  2.50000E-06  2.75000E-06  3.00000E-06  3.25000E-06  3.50000E-06  3.75000E-06
  4.00000E-06  4.50000E-06  5.00000E-06  5.50000E-06  6.00000E-06  6.50000E-06
  7.00000E-06  7.50000E-06  8.00000E-06  9.00000E-06  1.00000E-05  1.10000E-05
  1.20000E-05  1.30000E-05  1.40000E-05  1.50000E-05  1.60000E-05  1.80000E-05
  2.00000E-05  2.20000E-05  2.40000E-05  2.60000E-05  2.80000E-05  3.00000E-05
  3.20000E-05  3.60000E-05  4.00000E-05  4.40000E-05  4.80000E-05  5.20000E-05
  5.60000E-05  6.00000E-05  6.40000E-05  7.20000E-05  8.00000E-05  8.80000E-05
  9.60000E-05  1.04000E-04  1.12000E-04  1.20000E-04  1.28000E-04  1.44000E-04
  1.60000E-04  1.76000E-04  1.92000E-04  2.08000E-04  2.24000E-04  2.40000E-04
  2.56000E-04  2.88000E-04  3.20000E-04  3.52000E-04  3.84000E-04  4.16000E-04
  4.48000E-04  4.80000E-04  5.12000E-04  5.76000E-04  6.40000E-04  7.04000E-04
  7.68000E-04  8.32000E-04  8.96000E-04  9.60000E-04  1.02400E-03  1.15200E-03
  1.28000E-03  1.40800E-03  1.53600E-03  1.66400E-03  1.79200E-03  1.92000E-03
  2.01600E-03  2.27200E-03  2.52800E-03  2.78400E-03  3.04000E-03  3.29600E-03
  3.55200E-03  3.80800E-03  4.06400E-03  4.57600E-03  5.08800E-03  5.60000E-03
  6.11200E-03  6.62400E-03  7.13600E-03  7.64800E-03  8.16000E-03  9.18400E-03
  1.02080E-02  1.12320E-02  1.22560E-02  1.32800E-02  1.43040E-02  1.53280E-02
  1.63520E-02  1.84000E-02  2.04480E-02  2.24960E-02  2.45440E-02  2.65920E-02
  2.86400E-02  3.06880E-02  3.27360E-02  3.68320E-02  4.09280E-02  4.50240E-02
  4.91200E-02  5.32160E-02  5.73120E-02  6.14080E-02  6.55040E-02  7.36960E-02
  8.18880E-02  9.00800E-02  9.82720E-02  1.06464E-01  1.14656E-01  1.22848E-01
  1.31040E-01  1.47424E-01  1.63808E-01  1.80192E-01  1.96576E-01  2.12960E-01
  2.29344E-01  2.45728E-01  2.62112E-01  2.94880E-01  3.27648E-01  3.60416E-01
  3.93184E-01  4.25952E-01  4.58720E-01  4.91488E-01  5.24256E-01  5.89792E-01
  6.55328E-01  7.20864E-01  7.86400E-01  8.51936E-01  9.17472E-01  9.83008E-01
  9.97833E-01  1.00000E+00  9.95678E-01  9.97164E-01  9.96769E-01  9.95572E-01
  9.91008E-01  9.91545E-01  9.91140E-01  9.92072E-01  9.93080E-01  9.89345E-01
  9.89686E-01  9.88476E-01  9.86624E-01  9.84943E-01  9.83501E-01  9.85273E-01
  9.80018E-01  9.78504E-01  9.78219E-01  9.75812E-01  9.73388E-01  9.68531E-01
  9.68152E-01  9.65849E-01  9.62488E-01  9.59970E-01  9.54487E-01  9.50073E-01
  9.46995E-01  9.42560E-01  9.35953E-01  9.33850E-01  9.29583E-01  9.21113E-01
  9.13242E-01  9.04009E-01  8.96696E-01  8.88556E-01  8.81257E-01  8.72802E-01
  8.64683E-01  8.48757E-01  8.34590E-01  8.19557E-01  8.04120E-01  7.90224E-01
  7.75949E-01  7.62324E-01  7.48814E-01  7.22002E-01  6.96549E-01  6.72068E-01
  6.47778E-01  6.25384E-01  6.03170E-01  5.81779E-01  5.61107E-01  5.22224E-01
  4.85920E-01  4.52033E-01  4.20543E-01  3.91241E-01  3.64886E-01  3.39313E-01
  3.15981E-01  2.73603E-01  2.36765E-01  2.05488E-01  1.78115E-01  1.54499E-01
  1.33962E-01  1.16226E-01  1.01199E-01  7.60447E-02  5.71296E-02  4.21530E-02
  3.13242E-02  2.29046E-02  1.70271E-02  1.28146E-02  9.94121E-03  5.09032E-03
  1.81856E-03 -1.25201E-03 -3.22976E-03 -3.68292E-03 -3.40448E-03 -2.93818E-03
 -2.28311E-03 -1.26357E-03 -7.70744E-04 -1.75500E-03 -2.01708E-03 -2.36915E-03
 -3.09170E-03 -2.07881E-03 -6.78757E-04  1.68933E-03  8.82444E-04  4.21702E-05
 -8.94046E-04 -7.98538E-04 -2.28566E-04 -5.63144E-04  6.53725E-04  4.83191E-04
 -6.12348E-04  6.65308E-04 -3.16403E-03 -2.26376E-03 -2.89937E-04 -1.05214E-03
  6.31306E-04 -4.64144E-04 -5.91229E-04 -8.64507E-04  7.67049E-04 -5.68755E-04
  1.40993E-03 -8.34067E-04 -2.85408E-04 -1.11968E-03 -2.60141E-04  1.33485E-03
 -4.94731E-04  1.61728E-04 -4.88283E-04  5.58043E-05 -8.30732E-05  5.20130E-04
  3.67244E-04  2.88934E-04 -4.54984E-05  1.07900E-03  4.71888E-04 -4.19095E-04
 -3.59872E-06 -3.38839E-04 -3.89616E-04 -8.83318E-04  1.12517E-04 -1.40067E-04
  1.95180E-04  4.11847E-04 -2.43830E-05 -2.04389E-05 -5.69522E-05  1.24207E-04
 -2.09260E-04  6.89111E-05  6.51387E-05 -3.11916E-04  2.69983E-04 -5.32792E-05
 -4.59445E-04 -1.26609E-04  4.58206E-05 -5.57551E-05 -2.60473E-04 -3.29967E-04
