AutoSaveFileName0245.ASC
 IFORMY    0    .00
 (6E13.7)
 IFORMT    0    .00
 (6E13.7)
 IFORMW    0    .00
 (6E13.7)
 NINTT     0   -1.00
 DOUSNQ    0    1.00
 IQUAD          1.00
 PRWT      0    1.00
 PRY       0    1.00
 IPLRES    1    3.00
 IPLRES    2    3.00
 IPRINT    1    0.00
 IPRINT    2    2.00
 IPLFIT    1    0.00
 IPLFIT    2    0.00
 LINEPG    0   50.
 NONNEG    1    1.00
 IWT       0    5.00
 NQPROG    1    5.00
 NQPROG    2    5.00
 GMNMX     1    1.244E-05
 GMNMX     2    1.244E-02
 RUSER    10    -1.00
 NG        0    200.00
 NLINF     0    0.00
 IUSER    10    4.00
 RUSER    21    1.0
 RUSER    22   -1.0
 RUSER    23    0.0
 RUSER    18         292.09091
 RUSER    17         95.99900
 RUSER    19         1.02818
 RUSER    15         1.33200
 RUSER    16         632.80000
 RUSER    25         1
 RUSER    26         0
 END       0    0.00
 NY      131
  3.75000E-07  5.00000E-07  6.25000E-07  7.50000E-07  8.75000E-07  1.00000E-06
  1.12500E-06  1.25000E-06  1.37500E-06  1.50000E-06  1.62500E-06  1.75000E-06
  1.87500E-06  2.00000E-06  2.25000E-06  2.50000E-06  2.75000E-06  3.00000E-06
  3.25000E-06  3.50000E-06  3.75000E-06  4.00000E-06  4.50000E-06  5.00000E-06
  5.50000E-06  6.00000E-06  6.50000E-06  7.00000E-06  7.50000E-06  8.00000E-06
  9.00000E-06  1.00000E-05  1.10000E-05  1.20000E-05  1.30000E-05  1.40000E-05
  1.50000E-05  1.60000E-05  1.80000E-05  2.00000E-05  2.20000E-05  2.40000E-05
  2.60000E-05  2.80000E-05  3.00000E-05  3.20000E-05  3.60000E-05  4.00000E-05
  4.40000E-05  4.80000E-05  5.20000E-05  5.60000E-05  6.00000E-05  6.40000E-05
  7.20000E-05  8.00000E-05  8.80000E-05  9.60000E-05  1.04000E-04  1.12000E-04
  1.20000E-04  1.28000E-04  1.44000E-04  1.60000E-04  1.76000E-04  1.92000E-04
  2.08000E-04  2.24000E-04  2.40000E-04  2.56000E-04  2.88000E-04  3.20000E-04
  3.52000E-04  3.84000E-04  4.16000E-04  4.48000E-04  4.80000E-04  5.12000E-04
  5.76000E-04  6.40000E-04  7.04000E-04  7.68000E-04  8.32000E-04  8.96000E-04
  9.60000E-04  1.02400E-03  1.15200E-03  1.28000E-03  1.40800E-03  1.53600E-03
  1.66400E-03  1.79200E-03  1.92000E-03  2.01600E-03  2.27200E-03  2.52800E-03
  2.78400E-03  3.04000E-03  3.29600E-03  3.55200E-03  3.80800E-03  4.06400E-03
  4.57600E-03  5.08800E-03  5.60000E-03  6.11200E-03  6.62400E-03  7.13600E-03
  7.64800E-03  8.16000E-03  9.18400E-03  1.02080E-02  1.12320E-02  1.22560E-02
  1.32800E-02  1.43040E-02  1.53280E-02  1.63520E-02  1.84000E-02  2.04480E-02
  2.24960E-02  2.45440E-02  2.65920E-02  2.86400E-02  3.06880E-02  3.27360E-02
  3.68320E-02  4.09280E-02  4.50240E-02  4.91200E-02  5.32160E-02
  2.44962E+00  2.44530E+00  2.44023E+00  2.44303E+00  2.43375E+00  2.43575E+00
  2.43591E+00  2.43296E+00  2.44057E+00  2.43401E+00  2.43678E+00  2.43217E+00
  2.43233E+00  2.43308E+00  2.42825E+00  2.43037E+00  2.43083E+00  2.43178E+00
  2.43153E+00  2.43218E+00  2.42979E+00  2.42969E+00  2.43059E+00  2.42650E+00
  2.42730E+00  2.42626E+00  2.42570E+00  2.42636E+00  2.42653E+00  2.42613E+00
  2.42375E+00  2.42302E+00  2.42094E+00  2.41716E+00  2.41774E+00  2.41510E+00
  2.41290E+00  2.41205E+00  2.41101E+00  2.40758E+00  2.40507E+00  2.40103E+00
  2.39954E+00  2.39625E+00  2.39345E+00  2.39082E+00  2.38414E+00  2.37994E+00
  2.37348E+00  2.36787E+00  2.36284E+00  2.35641E+00  2.35166E+00  2.34549E+00
  2.33432E+00  2.32320E+00  2.31288E+00  2.30167E+00  2.29092E+00  2.28054E+00
  2.26897E+00  2.25865E+00  2.23748E+00  2.21697E+00  2.19570E+00  2.17424E+00
  2.15432E+00  2.13396E+00  2.11354E+00  2.09371E+00  2.05375E+00  2.01521E+00
  1.97798E+00  1.94061E+00  1.90432E+00  1.86858E+00  1.83334E+00  1.79905E+00
  1.73148E+00  1.66640E+00  1.60402E+00  1.54367E+00  1.48623E+00  1.43119E+00
  1.37791E+00  1.32714E+00  1.23048E+00  1.14017E+00  1.05710E+00  9.80104E-01
  9.09034E-01  8.43330E-01  7.82540E-01  7.43786E-01  6.42095E-01  5.57636E-01
  4.84905E-01  4.21821E-01  3.66760E-01  3.17484E-01  2.73650E-01  2.35598E-01
  1.67207E-01  1.14215E-01  7.69750E-02  5.00115E-02  3.28470E-02  1.88244E-02
  8.77010E-03  5.23598E-03  3.57369E-03 -1.94964E-03  1.61087E-03  1.58248E-03
  8.77306E-06  2.16220E-03  1.09964E-02  1.19110E-02  5.89759E-03  1.81452E-03
  4.42042E-03  7.69062E-03 -5.04414E-03 -1.13633E-02 -3.47722E-02 -3.25091E-02
 -2.15834E-02 -5.52483E-03  1.77400E-02  2.57039E-03 -1.29785E-03
