AutoSaveFileName0285.ASC
 IFORMY    0    .00
 (6E13.7)
 IFORMT    0    .00
 (6E13.7)
 IFORMW    0    .00
 (6E13.7)
 NINTT     0   -1.00
 DOUSNQ    0    1.00
 IQUAD          1.00
 PRWT      0    1.00
 PRY       0    1.00
 IPLRES    1    3.00
 IPLRES    2    3.00
 IPRINT    1    0.00
 IPRINT    2    2.00
 IPLFIT    1    0.00
 IPLFIT    2    0.00
 LINEPG    0   50.
 NONNEG    1    1.00
 IWT       0    5.00
 NQPROG    1    5.00
 NQPROG    2    5.00
 GMNMX     1    1.022E-05
 GMNMX     2    1.022E-02
 RUSER    10    -1.00
 NG        0    200.00
 NLINF     0    0.00
 IUSER    10    4.00
 RUSER    21    1.0
 RUSER    22   -1.0
 RUSER    23    0.0
 RUSER    18         292.15094
 RUSER    17         109.99900
 RUSER    19         1.02666
 RUSER    15         1.33200
 RUSER    16         632.80000
 RUSER    25         1
 RUSER    26         0
 END       0    0.00
 NY      131
  3.75000E-07  5.00000E-07  6.25000E-07  7.50000E-07  8.75000E-07  1.00000E-06
  1.12500E-06  1.25000E-06  1.37500E-06  1.50000E-06  1.62500E-06  1.75000E-06
  1.87500E-06  2.00000E-06  2.25000E-06  2.50000E-06  2.75000E-06  3.00000E-06
  3.25000E-06  3.50000E-06  3.75000E-06  4.00000E-06  4.50000E-06  5.00000E-06
  5.50000E-06  6.00000E-06  6.50000E-06  7.00000E-06  7.50000E-06  8.00000E-06
  9.00000E-06  1.00000E-05  1.10000E-05  1.20000E-05  1.30000E-05  1.40000E-05
  1.50000E-05  1.60000E-05  1.80000E-05  2.00000E-05  2.20000E-05  2.40000E-05
  2.60000E-05  2.80000E-05  3.00000E-05  3.20000E-05  3.60000E-05  4.00000E-05
  4.40000E-05  4.80000E-05  5.20000E-05  5.60000E-05  6.00000E-05  6.40000E-05
  7.20000E-05  8.00000E-05  8.80000E-05  9.60000E-05  1.04000E-04  1.12000E-04
  1.20000E-04  1.28000E-04  1.44000E-04  1.60000E-04  1.76000E-04  1.92000E-04
  2.08000E-04  2.24000E-04  2.40000E-04  2.56000E-04  2.88000E-04  3.20000E-04
  3.52000E-04  3.84000E-04  4.16000E-04  4.48000E-04  4.80000E-04  5.12000E-04
  5.76000E-04  6.40000E-04  7.04000E-04  7.68000E-04  8.32000E-04  8.96000E-04
  9.60000E-04  1.02400E-03  1.15200E-03  1.28000E-03  1.40800E-03  1.53600E-03
  1.66400E-03  1.79200E-03  1.92000E-03  2.01600E-03  2.27200E-03  2.52800E-03
  2.78400E-03  3.04000E-03  3.29600E-03  3.55200E-03  3.80800E-03  4.06400E-03
  4.57600E-03  5.08800E-03  5.60000E-03  6.11200E-03  6.62400E-03  7.13600E-03
  7.64800E-03  8.16000E-03  9.18400E-03  1.02080E-02  1.12320E-02  1.22560E-02
  1.32800E-02  1.43040E-02  1.53280E-02  1.63520E-02  1.84000E-02  2.04480E-02
  2.24960E-02  2.45440E-02  2.65920E-02  2.86400E-02  3.06880E-02  3.27360E-02
  3.68320E-02  4.09280E-02  4.50240E-02  4.91200E-02  5.32160E-02
  7.96344E-01  7.98520E-01  7.94800E-01  7.92626E-01  7.94094E-01  7.91957E-01
  7.92874E-01  7.90783E-01  7.92953E-01  7.92317E-01  7.94648E-01  7.96305E-01
  7.92847E-01  7.92237E-01  7.93065E-01  7.92035E-01  7.92611E-01  7.93418E-01
  7.91690E-01  7.91901E-01  7.91358E-01  7.92543E-01  7.92225E-01  7.91463E-01
  7.90479E-01  7.90428E-01  7.90459E-01  7.88342E-01  7.89371E-01  7.89477E-01
  7.87493E-01  7.87741E-01  7.86560E-01  7.86217E-01  7.85544E-01  7.85628E-01
  7.84490E-01  7.84227E-01  7.83553E-01  7.81582E-01  7.80380E-01  7.79610E-01
  7.78778E-01  7.76982E-01  7.76223E-01  7.74635E-01  7.73137E-01  7.70589E-01
  7.68485E-01  7.66030E-01  7.63688E-01  7.61500E-01  7.58715E-01  7.56596E-01
  7.51945E-01  7.47310E-01  7.42892E-01  7.38986E-01  7.34422E-01  7.29837E-01
  7.25701E-01  7.21393E-01  7.12846E-01  7.04240E-01  6.95991E-01  6.87735E-01
  6.79570E-01  6.71595E-01  6.63500E-01  6.55502E-01  6.40171E-01  6.25163E-01
  6.10785E-01  5.96465E-01  5.82526E-01  5.68959E-01  5.55582E-01  5.42807E-01
  5.17919E-01  4.94413E-01  4.71814E-01  4.50255E-01  4.29581E-01  4.09887E-01
  3.91246E-01  3.58653E-01  3.26722E-01  2.97660E-01  2.71212E-01  2.47471E-01
  2.25481E-01  2.05840E-01  1.88125E-01  1.82650E-01  1.51742E-01  1.25090E-01
  1.02550E-01  8.38681E-02  6.73202E-02  5.42066E-02  4.33028E-02  3.51003E-02
  2.31362E-02  1.54922E-02  1.14387E-02  7.77294E-03  5.22902E-03  4.44298E-03
  4.96270E-03  4.57959E-03  7.13994E-03  7.85229E-03  7.32115E-03  5.29211E-04
 -4.09145E-03 -8.39876E-03 -1.55936E-02 -1.44758E-02 -5.12909E-03  9.92951E-03
  2.37282E-03 -5.05667E-03 -1.02347E-02 -9.72513E-03  4.22163E-03  2.72207E-03
  4.47128E-03 -4.93259E-03 -2.63549E-03 -1.53351E-02 -8.36031E-03
