AutoSaveFileName0187.ASC
 IFORMY    0    .00
 (6E13.7)
 IFORMT    0    .00
 (6E13.7)
 IFORMW    0    .00
 (6E13.7)
 NINTT     0   -1.00
 DOUSNQ    0    1.00
 IQUAD          1.00
 PRWT      0    1.00
 PRY       0    1.00
 IPLRES    1    3.00
 IPLRES    2    3.00
 IPRINT    1    0.00
 IPRINT    2    2.00
 IPLFIT    1    0.00
 IPLFIT    2    0.00
 LINEPG    0   50.
 NONNEG    1    1.00
 IWT       0    5.00
 NQPROG    1    5.00
 NQPROG    2    5.00
 GMNMX     1    1.087E-05
 GMNMX     2    1.087E-02
 RUSER    10    -1.00
 NG        0    200.00
 NLINF     0    0.00
 IUSER    10    4.00
 RUSER    21    1.0
 RUSER    22   -1.0
 RUSER    23    0.0
 RUSER    18         292.22895
 RUSER    17         104.99900
 RUSER    19         1.02468
 RUSER    15         1.33200
 RUSER    16         632.80000
 RUSER    25         1
 RUSER    26         0
 END       0    0.00
 NY      188
  5.00000E-07  6.25000E-07  7.50000E-07  8.75000E-07  1.00000E-06  1.12500E-06
  1.25000E-06  1.37500E-06  1.50000E-06  1.62500E-06  1.75000E-06  1.87500E-06
  2.00000E-06  2.25000E-06  2.50000E-06  2.75000E-06  3.00000E-06  3.25000E-06
  3.50000E-06  3.75000E-06  4.00000E-06  4.50000E-06  5.00000E-06  5.50000E-06
  6.00000E-06  6.50000E-06  7.00000E-06  7.50000E-06  8.00000E-06  9.00000E-06
  1.00000E-05  1.10000E-05  1.20000E-05  1.30000E-05  1.40000E-05  1.50000E-05
  1.60000E-05  1.80000E-05  2.00000E-05  2.20000E-05  2.40000E-05  2.60000E-05
  2.80000E-05  3.00000E-05  3.20000E-05  3.60000E-05  4.00000E-05  4.40000E-05
  4.80000E-05  5.20000E-05  5.60000E-05  6.00000E-05  6.40000E-05  7.20000E-05
  8.00000E-05  8.80000E-05  9.60000E-05  1.04000E-04  1.12000E-04  1.20000E-04
  1.28000E-04  1.44000E-04  1.60000E-04  1.76000E-04  1.92000E-04  2.08000E-04
  2.24000E-04  2.40000E-04  2.56000E-04  2.88000E-04  3.20000E-04  3.52000E-04
  3.84000E-04  4.16000E-04  4.48000E-04  4.80000E-04  5.12000E-04  5.76000E-04
  6.40000E-04  7.04000E-04  7.68000E-04  8.32000E-04  8.96000E-04  9.60000E-04
  1.02400E-03  1.15200E-03  1.28000E-03  1.40800E-03  1.53600E-03  1.66400E-03
  1.79200E-03  1.92000E-03  2.01600E-03  2.27200E-03  2.52800E-03  2.78400E-03
  3.04000E-03  3.29600E-03  3.55200E-03  3.80800E-03  4.06400E-03  4.57600E-03
  5.08800E-03  5.60000E-03  6.11200E-03  6.62400E-03  7.13600E-03  7.64800E-03
  8.16000E-03  9.18400E-03  1.02080E-02  1.12320E-02  1.22560E-02  1.32800E-02
  1.43040E-02  1.53280E-02  1.63520E-02  1.84000E-02  2.04480E-02  2.24960E-02
  2.45440E-02  2.65920E-02  2.86400E-02  3.06880E-02  3.27360E-02  3.68320E-02
  4.09280E-02  4.50240E-02  4.91200E-02  5.32160E-02  5.73120E-02  6.14080E-02
  6.55040E-02  7.36960E-02  8.18880E-02  9.00800E-02  9.82720E-02  1.06464E-01
  1.14656E-01  1.22848E-01  1.31040E-01  1.47424E-01  1.63808E-01  1.80192E-01
  1.96576E-01  2.12960E-01  2.29344E-01  2.45728E-01  2.62112E-01  2.94880E-01
  3.27648E-01  3.60416E-01  3.93184E-01  4.25952E-01  4.58720E-01  4.91488E-01
  5.24256E-01  5.89792E-01  6.55328E-01  7.20864E-01  7.86400E-01  8.51936E-01
  9.17472E-01  9.83008E-01  1.04854E+00  1.17962E+00  1.31069E+00  1.44176E+00
  1.57283E+00  1.70390E+00  1.83498E+00  1.96605E+00  2.09712E+00  2.35926E+00
  2.62141E+00  2.88355E+00  3.14570E+00  3.40784E+00  3.66998E+00  3.93213E+00
  4.19427E+00  4.71856E+00  5.24285E+00  5.76714E+00  6.29142E+00  6.81571E+00
  7.34000E+00  7.86429E+00
  9.96021E-01  9.95028E-01  9.94582E-01  9.93595E-01  9.93018E-01  9.92606E-01
  9.91660E-01  9.91867E-01  9.92042E-01  9.91705E-01  9.92013E-01  9.93029E-01
  9.92281E-01  9.91966E-01  9.91587E-01  9.92603E-01  9.91197E-01  9.90705E-01
  9.90649E-01  9.90846E-01  9.90781E-01  9.90367E-01  9.90671E-01  9.90620E-01
  9.90060E-01  9.90117E-01  9.89546E-01  9.90646E-01  9.89391E-01  9.89046E-01
  9.88358E-01  9.88802E-01  9.88507E-01  9.87918E-01  9.87183E-01  9.87597E-01
  9.87235E-01  9.86283E-01  9.85659E-01  9.84828E-01  9.84390E-01  9.83744E-01
  9.83111E-01  9.82455E-01  9.81882E-01  9.80546E-01  9.79096E-01  9.77999E-01
  9.76454E-01  9.75157E-01  9.73824E-01  9.72538E-01  9.71321E-01  9.68726E-01
  9.66094E-01  9.63495E-01  9.60894E-01  9.58193E-01  9.55563E-01  9.52906E-01
  9.50360E-01  9.45223E-01  9.39966E-01  9.34775E-01  9.29728E-01  9.24685E-01
  9.19737E-01  9.14674E-01  9.09620E-01  8.99705E-01  8.89826E-01  8.80057E-01
  8.70471E-01  8.61158E-01  8.51796E-01  8.42497E-01  8.33033E-01  8.15132E-01
  7.97511E-01  7.80223E-01  7.63381E-01  7.46828E-01  7.30751E-01  7.14930E-01
  6.67993E-01  6.39051E-01  6.11417E-01  5.85259E-01  5.60228E-01  5.36502E-01
  5.13821E-01  4.92288E-01  5.01978E-01  4.61436E-01  4.24374E-01  3.90489E-01
  3.59387E-01  3.30924E-01  3.04807E-01  2.81069E-01  2.59412E-01  2.20511E-01
  1.87626E-01  1.59176E-01  1.34911E-01  1.14223E-01  9.73541E-02  8.36275E-02
  7.28094E-02  5.37219E-02  3.99055E-02  3.13700E-02  2.47394E-02  1.90364E-02
  1.48415E-02  1.24709E-02  1.07866E-02  5.34329E-03 -1.29130E-03 -5.25143E-03
 -6.71423E-03 -3.12819E-03  2.53932E-04  2.63206E-03  4.66147E-03  8.07967E-03
  8.37569E-03  4.49775E-06 -1.36140E-03 -1.18701E-04  4.93990E-03  5.10872E-04
 -3.43721E-03 -2.90145E-03  4.17676E-03  3.69467E-03  2.77620E-03  1.99475E-04
  1.05982E-03 -1.28381E-03 -3.34832E-03  1.87030E-04  4.64689E-03 -1.26237E-03
  1.08989E-04 -9.90264E-04  9.36633E-04 -2.36855E-03  1.76190E-03  4.54636E-04
 -7.41900E-04  1.34445E-03  1.34308E-03 -3.86546E-03  2.02874E-03 -2.26003E-03
  9.81693E-04  3.11630E-04  4.22745E-03 -1.25038E-03  5.06319E-05 -2.54532E-03
  3.50059E-03 -1.53476E-03 -5.74105E-04 -1.04775E-03  4.90116E-04 -2.98773E-03
 -1.60302E-03 -4.54249E-04  9.48801E-05  6.95516E-04 -2.38976E-05 -2.20623E-03
  7.82875E-05  2.13399E-04  5.51002E-05 -1.74119E-03 -3.61498E-04 -1.07647E-03
 -5.54777E-04  9.22636E-04 -1.28794E-03 -1.15680E-03 -2.51905E-04  6.64261E-04
  4.83256E-04 -1.44642E-04
