AutoSaveFileName0258.ASC
 IFORMY    0    .00
 (6E13.7)
 IFORMT    0    .00
 (6E13.7)
 IFORMW    0    .00
 (6E13.7)
 NINTT     0   -1.00
 DOUSNQ    0    1.00
 IQUAD     0    1.00
 PRWT      0    1.00
 PRY       0    1.00
 IPLRES    1    3.00
 IPLRES    2    3.00
 IPRINT    1    0.00
 IPRINT    2    2.00
 IPLFIT    1    0.00
 IPLFIT    2    0.00
 LINEPG    0   50.
 NONNEG    1    1.00
 IWT       0    5.00
 NQPROG    1    5.00
 NQPROG    2    5.00
 GMNMX     1    3.02956E-03
 GMNMX     2    1.08753E-03
 RUSER    10    -1.00
 NG        0    500.00
 NLINF     0    1.00
 IUSER    10    4.00
 RUSER    21    1.0
 RUSER    22   -1.0
 RUSER    23    0.0
 RUSER    18         292.13879
 RUSER    17         139.99900
 RUSER    19         1.02696
 RUSER    15         1.33200
 RUSER    16         632.80000
 RUSER    25         1
 RUSER    26         0
 END       0    0.00
 NY      162
  7.50000E-07  8.75000E-07  1.00000E-06  1.12500E-06  1.25000E-06  1.37500E-06
  1.50000E-06  1.62500E-06  1.75000E-06  1.87500E-06  2.00000E-06  2.25000E-06
  2.50000E-06  2.75000E-06  3.00000E-06  3.25000E-06  3.50000E-06  3.75000E-06
  4.00000E-06  4.50000E-06  5.00000E-06  5.50000E-06  6.00000E-06  6.50000E-06
  7.00000E-06  7.50000E-06  8.00000E-06  9.00000E-06  1.00000E-05  1.10000E-05
  1.20000E-05  1.30000E-05  1.40000E-05  1.50000E-05  1.60000E-05  1.80000E-05
  2.00000E-05  2.20000E-05  2.40000E-05  2.60000E-05  2.80000E-05  3.00000E-05
  3.20000E-05  3.60000E-05  4.00000E-05  4.40000E-05  4.80000E-05  5.20000E-05
  5.60000E-05  6.00000E-05  6.40000E-05  7.20000E-05  8.00000E-05  8.80000E-05
  9.60000E-05  1.04000E-04  1.12000E-04  1.20000E-04  1.28000E-04  1.44000E-04
  1.60000E-04  1.76000E-04  1.92000E-04  2.08000E-04  2.24000E-04  2.40000E-04
  2.56000E-04  2.88000E-04  3.20000E-04  3.52000E-04  3.84000E-04  4.16000E-04
  4.48000E-04  4.80000E-04  5.12000E-04  5.76000E-04  6.40000E-04  7.04000E-04
  7.68000E-04  8.32000E-04  8.96000E-04  9.60000E-04  1.02400E-03  1.15200E-03
  1.28000E-03  1.40800E-03  1.53600E-03  1.66400E-03  1.79200E-03  1.92000E-03
  2.01600E-03  2.27200E-03  2.52800E-03  2.78400E-03  3.04000E-03  3.29600E-03
  3.55200E-03  3.80800E-03  4.06400E-03  4.57600E-03  5.08800E-03  5.60000E-03
  6.11200E-03  6.62400E-03  7.13600E-03  7.64800E-03  8.16000E-03  9.18400E-03
  1.02080E-02  1.12320E-02  1.22560E-02  1.32800E-02  1.43040E-02  1.53280E-02
  1.63520E-02  1.84000E-02  2.04480E-02  2.24960E-02  2.45440E-02  2.65920E-02
  2.86400E-02  3.06880E-02  3.27360E-02  3.68320E-02  4.09280E-02  4.50240E-02
  4.91200E-02  5.32160E-02  5.73120E-02  6.14080E-02  6.55040E-02  7.36960E-02
  8.18880E-02  9.00800E-02  9.82720E-02  1.06464E-01  1.14656E-01  1.22848E-01
  1.31040E-01  1.47424E-01  1.63808E-01  1.80192E-01  1.96576E-01  2.12960E-01
  2.29344E-01  2.45728E-01  2.62112E-01  2.94880E-01  3.27648E-01  3.60416E-01
  3.93184E-01  4.25952E-01  4.58720E-01  4.91488E-01  5.24256E-01  5.89792E-01
  6.55328E-01  7.20864E-01  7.86400E-01  8.51936E-01  9.17472E-01  9.83008E-01
  9.99638E-01  1.00000E+00  9.97283E-01  9.96304E-01  9.94394E-01  9.92878E-01
  9.92380E-01  9.92181E-01  9.92059E-01  9.89100E-01  9.88401E-01  9.89101E-01
  9.86328E-01  9.85990E-01  9.82924E-01  9.80211E-01  9.78809E-01  9.80352E-01
  9.78009E-01  9.74584E-01  9.70042E-01  9.69842E-01  9.66181E-01  9.62760E-01
  9.61189E-01  9.56604E-01  9.54032E-01  9.49261E-01  9.42757E-01  9.36915E-01
  9.32137E-01  9.26559E-01  9.21309E-01  9.15538E-01  9.09607E-01  8.99216E-01
  8.87831E-01  8.77901E-01  8.66693E-01  8.57012E-01  8.46547E-01  8.36846E-01
  8.26637E-01  8.07260E-01  7.87810E-01  7.69073E-01  7.51278E-01  7.33467E-01
  7.16032E-01  6.99117E-01  6.82559E-01  6.50750E-01  6.20021E-01  5.91105E-01
  5.63660E-01  5.37035E-01  5.11953E-01  4.88118E-01  4.65682E-01  4.23150E-01
  3.84386E-01  3.49427E-01  3.17837E-01  2.88799E-01  2.62666E-01  2.38885E-01
  2.17721E-01  1.80326E-01  1.48990E-01  1.23468E-01  1.02293E-01  8.46992E-02
  7.02526E-02  5.83217E-02  4.89406E-02  3.40974E-02  2.45541E-02  1.77887E-02
  1.29844E-02  9.65786E-03  6.95294E-03  4.98609E-03  3.94034E-03  3.02672E-03
  2.57743E-03  2.43382E-03  2.25917E-03  1.68586E-03  7.11816E-04  9.85303E-05
  2.29547E-04 -6.76012E-06  2.30913E-04 -4.18582E-04  2.54290E-04  2.77111E-04
 -1.09566E-03 -1.92414E-03 -9.57019E-04 -2.29684E-04  6.23432E-04  3.25886E-04
  1.48577E-03  8.26044E-04 -5.66167E-04 -2.86863E-05 -3.72968E-04  6.26592E-04
  1.35473E-03  9.13018E-05  7.18710E-05  9.70877E-04 -9.05719E-04 -1.71381E-04
 -1.86455E-04  3.75244E-04 -3.96410E-04  4.27142E-04 -3.42235E-04  2.23416E-04
  6.02190E-04 -7.88053E-05 -5.36870E-04 -5.41097E-05 -7.99200E-04 -5.13061E-04
  1.57088E-04  2.39562E-04 -7.44040E-05  3.29185E-04 -3.76392E-05  6.23367E-06
 -2.38722E-04  2.50566E-04  2.69981E-04  1.88080E-04  3.47836E-04  1.66501E-04
  5.81768E-06  1.72857E-04  3.04335E-04  2.42250E-06  7.53756E-05 -1.21708E-04
  2.10445E-04 -1.34883E-04 -7.57418E-05 -2.97733E-04  1.47816E-04  1.00704E-04
 -1.25190E-04  6.99634E-05 -1.98496E-04 -2.34933E-04  4.57506E-05 -1.23771E-04
  5.08967E-05 -1.26407E-04 -4.40156E-06 -2.04442E-05  6.39633E-06  6.27783E-05
