AutoSaveFileName0006.ASC
 IFORMY    0    .00
 (6E13.7)
 IFORMT    0    .00
 (6E13.7)
 IFORMW    0    .00
 (6E13.7)
 NINTT     0   -1.00
 DOUSNQ    0    1.00
 IQUAD          1.00
 PRWT      0    1.00
 PRY       0    1.00
 IPLRES    1    3.00
 IPLRES    2    3.00
 IPRINT    1    0.00
 IPRINT    2    2.00
 IPLFIT    1    0.00
 IPLFIT    2    0.00
 LINEPG    0   50.
 NONNEG    1    1.00
 IWT       0    5.00
 NQPROG    1    5.00
 NQPROG    2    5.00
 GMNMX     1    4.023E-04
 GMNMX     2    4.023E-01
 RUSER    10    -1.00
 NG        0    200.00
 NLINF     0    0.00
 IUSER    10    4.00
 RUSER    21    1.0
 RUSER    22   -1.0
 RUSER    23    0.0
 RUSER    18         292.15452
 RUSER    17         15.00300
 RUSER    19         1.02656
 RUSER    15         1.33200
 RUSER    16         632.80000
 RUSER    25         1
 RUSER    26         0
 END       0    0.00
 NY      188
  5.00000E-07  6.25000E-07  7.50000E-07  8.75000E-07  1.00000E-06  1.12500E-06
  1.25000E-06  1.37500E-06  1.50000E-06  1.62500E-06  1.75000E-06  1.87500E-06
  2.00000E-06  2.25000E-06  2.50000E-06  2.75000E-06  3.00000E-06  3.25000E-06
  3.50000E-06  3.75000E-06  4.00000E-06  4.50000E-06  5.00000E-06  5.50000E-06
  6.00000E-06  6.50000E-06  7.00000E-06  7.50000E-06  8.00000E-06  9.00000E-06
  1.00000E-05  1.10000E-05  1.20000E-05  1.30000E-05  1.40000E-05  1.50000E-05
  1.60000E-05  1.80000E-05  2.00000E-05  2.20000E-05  2.40000E-05  2.60000E-05
  2.80000E-05  3.00000E-05  3.20000E-05  3.60000E-05  4.00000E-05  4.40000E-05
  4.80000E-05  5.20000E-05  5.60000E-05  6.00000E-05  6.40000E-05  7.20000E-05
  8.00000E-05  8.80000E-05  9.60000E-05  1.04000E-04  1.12000E-04  1.20000E-04
  1.28000E-04  1.44000E-04  1.60000E-04  1.76000E-04  1.92000E-04  2.08000E-04
  2.24000E-04  2.40000E-04  2.56000E-04  2.88000E-04  3.20000E-04  3.52000E-04
  3.84000E-04  4.16000E-04  4.48000E-04  4.80000E-04  5.12000E-04  5.76000E-04
  6.40000E-04  7.04000E-04  7.68000E-04  8.32000E-04  8.96000E-04  9.60000E-04
  1.02400E-03  1.15200E-03  1.28000E-03  1.40800E-03  1.53600E-03  1.66400E-03
  1.79200E-03  1.92000E-03  2.01600E-03  2.27200E-03  2.52800E-03  2.78400E-03
  3.04000E-03  3.29600E-03  3.55200E-03  3.80800E-03  4.06400E-03  4.57600E-03
  5.08800E-03  5.60000E-03  6.11200E-03  6.62400E-03  7.13600E-03  7.64800E-03
  8.16000E-03  9.18400E-03  1.02080E-02  1.12320E-02  1.22560E-02  1.32800E-02
  1.43040E-02  1.53280E-02  1.63520E-02  1.84000E-02  2.04480E-02  2.24960E-02
  2.45440E-02  2.65920E-02  2.86400E-02  3.06880E-02  3.27360E-02  3.68320E-02
  4.09280E-02  4.50240E-02  4.91200E-02  5.32160E-02  5.73120E-02  6.14080E-02
  6.55040E-02  7.36960E-02  8.18880E-02  9.00800E-02  9.82720E-02  1.06464E-01
  1.14656E-01  1.22848E-01  1.31040E-01  1.47424E-01  1.63808E-01  1.80192E-01
  1.96576E-01  2.12960E-01  2.29344E-01  2.45728E-01  2.62112E-01  2.94880E-01
  3.27648E-01  3.60416E-01  3.93184E-01  4.25952E-01  4.58720E-01  4.91488E-01
  5.24256E-01  5.89792E-01  6.55328E-01  7.20864E-01  7.86400E-01  8.51936E-01
  9.17472E-01  9.83008E-01  1.04854E+00  1.17962E+00  1.31069E+00  1.44176E+00
  1.57283E+00  1.70390E+00  1.83498E+00  1.96605E+00  2.09712E+00  2.35926E+00
  2.62141E+00  2.88355E+00  3.14570E+00  3.40784E+00  3.66998E+00  3.93213E+00
  4.19427E+00  4.71856E+00  5.24285E+00  5.76714E+00  6.29142E+00  6.81571E+00
  7.34000E+00  7.86429E+00
  9.99032E-01  9.98585E-01  9.98245E-01  9.97959E-01  9.97664E-01  9.97197E-01
  9.97147E-01  9.96585E-01  9.96366E-01  9.96043E-01  9.95626E-01  9.95501E-01
  9.95256E-01  9.94658E-01  9.94080E-01  9.93493E-01  9.92901E-01  9.92267E-01
  9.91733E-01  9.91235E-01  9.90690E-01  9.89541E-01  9.88362E-01  9.87044E-01
  9.85924E-01  9.84797E-01  9.83663E-01  9.82500E-01  9.81363E-01  9.78958E-01
  9.76652E-01  9.74305E-01  9.72014E-01  9.69648E-01  9.67348E-01  9.65009E-01
  9.62796E-01  9.59823E-01  9.58580E-01  9.57484E-01  9.56367E-01  9.55226E-01
  9.54145E-01  9.53044E-01  9.51931E-01  9.49885E-01  9.48161E-01  9.46506E-01
  9.44849E-01  9.43213E-01  9.41704E-01  9.40260E-01  9.38875E-01  9.36075E-01
  9.33497E-01  9.30970E-01  9.28587E-01  9.26256E-01  9.24076E-01  9.21952E-01
  9.19927E-01  9.15970E-01  9.12241E-01  9.08671E-01  9.05272E-01  9.01988E-01
  8.98829E-01  8.95729E-01  8.92817E-01  8.87047E-01  8.81622E-01  8.76424E-01
  8.71458E-01  8.66667E-01  8.62059E-01  8.59448E-01  8.70938E-01  8.69553E-01
  8.66861E-01  8.63427E-01  8.59684E-01  8.55616E-01  8.51378E-01  8.47326E-01
  8.50633E-01  8.45585E-01  8.40157E-01  8.34454E-01  8.34334E-01  8.28853E-01
  8.23923E-01  8.18762E-01  8.20973E-01  8.12552E-01  8.06257E-01  7.98882E-01
  7.92731E-01  7.85509E-01  7.79469E-01  7.72923E-01  7.67545E-01  7.56080E-01
  7.45788E-01  7.34827E-01  7.24782E-01  7.15912E-01  7.07514E-01  6.98635E-01
  6.90584E-01  6.74795E-01  6.58597E-01  6.43163E-01  6.28756E-01  6.14702E-01
  6.01385E-01  5.88471E-01  5.76263E-01  5.51592E-01  5.27599E-01  5.05361E-01
  4.84970E-01  4.66772E-01  4.50032E-01  4.34560E-01  4.22088E-01  3.96869E-01
  3.74155E-01  3.52387E-01  3.32188E-01  3.14549E-01  2.99558E-01  2.85393E-01
  2.74230E-01  2.51747E-01  2.31588E-01  2.14779E-01  1.98860E-01  1.83659E-01
  1.72419E-01  1.62771E-01  1.53705E-01  1.43227E-01  1.35942E-01  1.26303E-01
  1.19315E-01  1.12108E-01  1.08430E-01  1.11530E-01  1.07650E-01  1.02303E-01
  1.04035E-01  1.11575E-01  1.09105E-01  9.82281E-02  8.78254E-02  7.85039E-02
  6.54726E-02  6.95921E-02  7.31050E-02  5.54884E-02  5.71764E-02  3.97850E-02
  3.82186E-02  3.34535E-02  3.53508E-02  4.62632E-02  3.04113E-02  2.96435E-02
  2.59059E-02  1.44584E-02  3.82567E-02  3.88941E-02  3.65629E-02  2.64359E-02
  3.36070E-02  2.24358E-02  8.53858E-03 -7.44342E-03 -7.00245E-03 -1.16564E-02
  1.90128E-02 -6.66686E-03 -1.12065E-02 -2.21051E-02 -3.39999E-03 -1.69562E-02
 -1.66233E-03 -2.32152E-02
