AutoSaveFileName0034.ASC
 IFORMY    0    .00
 (6E13.7)
 IFORMT    0    .00
 (6E13.7)
 IFORMW    0    .00
 (6E13.7)
 NINTT     0   -1.00
 DOUSNQ    0    1.00
 IQUAD          1.00
 PRWT      0    1.00
 PRY       0    1.00
 IPLRES    1    3.00
 IPLRES    2    3.00
 IPRINT    1    0.00
 IPRINT    2    2.00
 IPLFIT    1    0.00
 IPLFIT    2    0.00
 LINEPG    0   50.
 NONNEG    1    1.00
 IWT       0    5.00
 NQPROG    1    5.00
 NQPROG    2    5.00
 GMNMX     1    1.023E-04
 GMNMX     2    1.023E-01
 RUSER    10    -1.00
 NG        0    200.00
 NLINF     0    0.00
 IUSER    10    4.00
 RUSER    21    1.0
 RUSER    22   -1.0
 RUSER    23    0.0
 RUSER    18         292.16631
 RUSER    17         29.99800
 RUSER    19         1.02626
 RUSER    15         1.33200
 RUSER    16         632.80000
 RUSER    25         1
 RUSER    26         0
 END       0    0.00
 NY      188
  5.00000E-07  6.25000E-07  7.50000E-07  8.75000E-07  1.00000E-06  1.12500E-06
  1.25000E-06  1.37500E-06  1.50000E-06  1.62500E-06  1.75000E-06  1.87500E-06
  2.00000E-06  2.25000E-06  2.50000E-06  2.75000E-06  3.00000E-06  3.25000E-06
  3.50000E-06  3.75000E-06  4.00000E-06  4.50000E-06  5.00000E-06  5.50000E-06
  6.00000E-06  6.50000E-06  7.00000E-06  7.50000E-06  8.00000E-06  9.00000E-06
  1.00000E-05  1.10000E-05  1.20000E-05  1.30000E-05  1.40000E-05  1.50000E-05
  1.60000E-05  1.80000E-05  2.00000E-05  2.20000E-05  2.40000E-05  2.60000E-05
  2.80000E-05  3.00000E-05  3.20000E-05  3.60000E-05  4.00000E-05  4.40000E-05
  4.80000E-05  5.20000E-05  5.60000E-05  6.00000E-05  6.40000E-05  7.20000E-05
  8.00000E-05  8.80000E-05  9.60000E-05  1.04000E-04  1.12000E-04  1.20000E-04
  1.28000E-04  1.44000E-04  1.60000E-04  1.76000E-04  1.92000E-04  2.08000E-04
  2.24000E-04  2.40000E-04  2.56000E-04  2.88000E-04  3.20000E-04  3.52000E-04
  3.84000E-04  4.16000E-04  4.48000E-04  4.80000E-04  5.12000E-04  5.76000E-04
  6.40000E-04  7.04000E-04  7.68000E-04  8.32000E-04  8.96000E-04  9.60000E-04
  1.02400E-03  1.15200E-03  1.28000E-03  1.40800E-03  1.53600E-03  1.66400E-03
  1.79200E-03  1.92000E-03  2.01600E-03  2.27200E-03  2.52800E-03  2.78400E-03
  3.04000E-03  3.29600E-03  3.55200E-03  3.80800E-03  4.06400E-03  4.57600E-03
  5.08800E-03  5.60000E-03  6.11200E-03  6.62400E-03  7.13600E-03  7.64800E-03
  8.16000E-03  9.18400E-03  1.02080E-02  1.12320E-02  1.22560E-02  1.32800E-02
  1.43040E-02  1.53280E-02  1.63520E-02  1.84000E-02  2.04480E-02  2.24960E-02
  2.45440E-02  2.65920E-02  2.86400E-02  3.06880E-02  3.27360E-02  3.68320E-02
  4.09280E-02  4.50240E-02  4.91200E-02  5.32160E-02  5.73120E-02  6.14080E-02
  6.55040E-02  7.36960E-02  8.18880E-02  9.00800E-02  9.82720E-02  1.06464E-01
  1.14656E-01  1.22848E-01  1.31040E-01  1.47424E-01  1.63808E-01  1.80192E-01
  1.96576E-01  2.12960E-01  2.29344E-01  2.45728E-01  2.62112E-01  2.94880E-01
  3.27648E-01  3.60416E-01  3.93184E-01  4.25952E-01  4.58720E-01  4.91488E-01
  5.24256E-01  5.89792E-01  6.55328E-01  7.20864E-01  7.86400E-01  8.51936E-01
  9.17472E-01  9.83008E-01  1.04854E+00  1.17962E+00  1.31069E+00  1.44176E+00
  1.57283E+00  1.70390E+00  1.83498E+00  1.96605E+00  2.09712E+00  2.35926E+00
  2.62141E+00  2.88355E+00  3.14570E+00  3.40784E+00  3.66998E+00  3.93213E+00
  4.19427E+00  4.71856E+00  5.24285E+00  5.76714E+00  6.29142E+00  6.81571E+00
  7.34000E+00  7.86429E+00
  9.96517E-01  9.96268E-01  9.95072E-01  9.92573E-01  9.94544E-01  9.92667E-01
  9.91395E-01  9.92565E-01  9.92123E-01  9.93335E-01  9.92981E-01  9.91764E-01
  9.92147E-01  9.92720E-01  9.93298E-01  9.90930E-01  9.92340E-01  9.92864E-01
  9.91115E-01  9.90804E-01  9.92374E-01  9.92000E-01  9.91291E-01  9.92078E-01
  9.91620E-01  9.92780E-01  9.91089E-01  9.91040E-01  9.91613E-01  9.91092E-01
  9.91338E-01  9.91783E-01  9.92133E-01  9.91853E-01  9.91199E-01  9.91550E-01
  9.91558E-01  9.91571E-01  9.91126E-01  9.91356E-01  9.91369E-01  9.91231E-01
  9.91558E-01  9.90817E-01  9.90961E-01  9.90731E-01  9.91021E-01  9.90582E-01
  9.90396E-01  9.90288E-01  9.90315E-01  9.90150E-01  9.89896E-01  9.89768E-01
  9.89705E-01  9.89352E-01  9.89158E-01  9.88729E-01  9.88561E-01  9.88143E-01
  9.87988E-01  9.87337E-01  9.87033E-01  9.86428E-01  9.85738E-01  9.85282E-01
  9.84578E-01  9.84204E-01  9.83652E-01  9.82566E-01  9.81414E-01  9.80430E-01
  9.79279E-01  9.78334E-01  9.77416E-01  9.76228E-01  9.75189E-01  9.73153E-01
  9.70996E-01  9.68863E-01  9.66752E-01  9.64687E-01  9.62588E-01  9.60473E-01
  9.58545E-01  9.54441E-01  9.50259E-01  9.46153E-01  9.42011E-01  9.37923E-01
  9.33841E-01  9.29784E-01  9.29374E-01  9.21311E-01  9.13230E-01  9.05185E-01
  8.97321E-01  8.89475E-01  8.81802E-01  8.74268E-01  8.66891E-01  8.52150E-01
  8.37552E-01  8.23282E-01  8.09352E-01  7.95629E-01  7.82277E-01  7.69051E-01
  7.56220E-01  7.30835E-01  7.05979E-01  6.81896E-01  6.58856E-01  6.36887E-01
  6.15789E-01  5.95662E-01  5.76597E-01  5.40771E-01  5.07389E-01  4.76362E-01
  4.48141E-01  4.21940E-01  3.97207E-01  3.73764E-01  3.52627E-01  3.12522E-01
  2.78706E-01  2.48428E-01  2.19431E-01  1.92210E-01  1.70188E-01  1.52666E-01
  1.36984E-01  1.10906E-01  9.35270E-02  7.58690E-02  5.95690E-02  4.75119E-02
  4.01086E-02  3.50536E-02  3.10709E-02  2.37677E-02  2.03034E-02  1.70269E-02
  1.21678E-02  2.51714E-04 -5.01216E-03 -3.77284E-03 -4.32507E-03 -2.76725E-03
  2.61022E-03  5.29314E-03  6.56901E-03  6.33327E-03  1.60196E-04 -5.99652E-04
 -3.58249E-03  1.86589E-02 -1.04546E-02 -6.65796E-03 -7.29077E-03 -1.28930E-03
  1.38667E-02  1.90163E-02 -8.24106E-03  5.11270E-03 -1.45358E-02 -3.20651E-02
 -1.88564E-03  2.31339E-02  1.73945E-02  3.61546E-03 -1.30411E-02 -1.39608E-02
 -1.50646E-02  6.26374E-03 -6.42882E-03  1.12811E-02  9.67597E-03 -2.19773E-02
 -2.64902E-02 -3.04863E-03 -3.62773E-04 -2.57601E-03  9.19303E-03  1.86445E-02
  1.67720E-02 -4.18261E-03
