AutoSaveFileName0302.ASC
 IFORMY    0    .00
 (6E13.7)
 IFORMT    0    .00
 (6E13.7)
 IFORMW    0    .00
 (6E13.7)
 NINTT     0   -1.00
 DOUSNQ    0    1.00
 IQUAD          1.00
 PRWT      0    1.00
 PRY       0    1.00
 IPLRES    1    3.00
 IPLRES    2    3.00
 IPRINT    1    0.00
 IPRINT    2    2.00
 IPLFIT    1    0.00
 IPLFIT    2    0.00
 LINEPG    0   50.
 NONNEG    1    1.00
 IWT       0    5.00
 NQPROG    1    5.00
 NQPROG    2    5.00
 GMNMX     1    9.632E-06
 GMNMX     2    9.632E-03
 RUSER    10    -1.00
 NG        0    200.00
 NLINF     0    0.00
 IUSER    10    4.00
 RUSER    21    1.0
 RUSER    22   -1.0
 RUSER    23    0.0
 RUSER    18         292.17998
 RUSER    17         114.99900
 RUSER    19         1.02592
 RUSER    15         1.33200
 RUSER    16         632.80000
 RUSER    25         1
 RUSER    26         0
 END       0    0.00
 NY      131
  3.75000E-07  5.00000E-07  6.25000E-07  7.50000E-07  8.75000E-07  1.00000E-06
  1.12500E-06  1.25000E-06  1.37500E-06  1.50000E-06  1.62500E-06  1.75000E-06
  1.87500E-06  2.00000E-06  2.25000E-06  2.50000E-06  2.75000E-06  3.00000E-06
  3.25000E-06  3.50000E-06  3.75000E-06  4.00000E-06  4.50000E-06  5.00000E-06
  5.50000E-06  6.00000E-06  6.50000E-06  7.00000E-06  7.50000E-06  8.00000E-06
  9.00000E-06  1.00000E-05  1.10000E-05  1.20000E-05  1.30000E-05  1.40000E-05
  1.50000E-05  1.60000E-05  1.80000E-05  2.00000E-05  2.20000E-05  2.40000E-05
  2.60000E-05  2.80000E-05  3.00000E-05  3.20000E-05  3.60000E-05  4.00000E-05
  4.40000E-05  4.80000E-05  5.20000E-05  5.60000E-05  6.00000E-05  6.40000E-05
  7.20000E-05  8.00000E-05  8.80000E-05  9.60000E-05  1.04000E-04  1.12000E-04
  1.20000E-04  1.28000E-04  1.44000E-04  1.60000E-04  1.76000E-04  1.92000E-04
  2.08000E-04  2.24000E-04  2.40000E-04  2.56000E-04  2.88000E-04  3.20000E-04
  3.52000E-04  3.84000E-04  4.16000E-04  4.48000E-04  4.80000E-04  5.12000E-04
  5.76000E-04  6.40000E-04  7.04000E-04  7.68000E-04  8.32000E-04  8.96000E-04
  9.60000E-04  1.02400E-03  1.15200E-03  1.28000E-03  1.40800E-03  1.53600E-03
  1.66400E-03  1.79200E-03  1.92000E-03  2.01600E-03  2.27200E-03  2.52800E-03
  2.78400E-03  3.04000E-03  3.29600E-03  3.55200E-03  3.80800E-03  4.06400E-03
  4.57600E-03  5.08800E-03  5.60000E-03  6.11200E-03  6.62400E-03  7.13600E-03
  7.64800E-03  8.16000E-03  9.18400E-03  1.02080E-02  1.12320E-02  1.22560E-02
  1.32800E-02  1.43040E-02  1.53280E-02  1.63520E-02  1.84000E-02  2.04480E-02
  2.24960E-02  2.45440E-02  2.65920E-02  2.86400E-02  3.06880E-02  3.27360E-02
  3.68320E-02  4.09280E-02  4.50240E-02  4.91200E-02  5.32160E-02
  2.44735E+00  2.44496E+00  2.44005E+00  2.44121E+00  2.43086E+00  2.43763E+00
  2.43500E+00  2.43657E+00  2.43935E+00  2.43413E+00  2.42858E+00  2.43336E+00
  2.43642E+00  2.43203E+00  2.42804E+00  2.43282E+00  2.43005E+00  2.42860E+00
  2.42896E+00  2.43292E+00  2.42848E+00  2.42934E+00  2.42911E+00  2.42935E+00
  2.42416E+00  2.42616E+00  2.42292E+00  2.42094E+00  2.42459E+00  2.42465E+00
  2.42026E+00  2.41908E+00  2.41679E+00  2.41449E+00  2.41275E+00  2.41280E+00
  2.40800E+00  2.40695E+00  2.40308E+00  2.39887E+00  2.39606E+00  2.39320E+00
  2.38967E+00  2.38399E+00  2.38158E+00  2.37802E+00  2.37088E+00  2.36328E+00
  2.35644E+00  2.34878E+00  2.34109E+00  2.33380E+00  2.32788E+00  2.32029E+00
  2.30604E+00  2.29177E+00  2.27778E+00  2.26373E+00  2.25020E+00  2.23632E+00
  2.22243E+00  2.20900E+00  2.18245E+00  2.15554E+00  2.12943E+00  2.10316E+00
  2.07756E+00  2.05222E+00  2.02695E+00  2.00268E+00  1.95345E+00  1.90591E+00
  1.85935E+00  1.81390E+00  1.77066E+00  1.72787E+00  1.68528E+00  1.64480E+00
  1.56571E+00  1.49025E+00  1.41927E+00  1.35191E+00  1.28785E+00  1.22696E+00
  1.16913E+00  1.11501E+00  1.01238E+00  9.20007E-01  8.36063E-01  7.59320E-01
  6.89319E-01  6.25010E-01  5.66858E-01  5.28385E-01  4.35217E-01  3.61228E-01
  3.00850E-01  2.50696E-01  2.08836E-01  1.75365E-01  1.47225E-01  1.22085E-01
  8.13760E-02  5.52784E-02  3.68814E-02  2.22866E-02  1.37137E-02  6.85228E-03
 -6.41172E-04 -5.62032E-03 -6.58178E-03 -6.56668E-03 -9.79281E-04  8.78110E-03
  1.91944E-02  1.70809E-02  4.98184E-03 -2.28842E-03 -1.85431E-02 -2.44548E-02
 -1.07318E-02 -7.84230E-03 -5.34009E-03 -7.50506E-03 -1.50901E-02 -1.46177E-02
 -4.90310E-03  1.76934E-02  1.33582E-02 -3.03699E-03 -1.45020E-02
