AutoSaveFileName0416.ASC
 IFORMY    0    .00
 (6E13.7)
 IFORMT    0    .00
 (6E13.7)
 IFORMW    0    .00
 (6E13.7)
 NINTT     0   -1.00
 DOUSNQ    0    1.00
 IQUAD          1.00
 PRWT      0    1.00
 PRY       0    1.00
 IPLRES    1    3.00
 IPLRES    2    3.00
 IPRINT    1    0.00
 IPRINT    2    2.00
 IPLFIT    1    0.00
 IPLFIT    2    0.00
 LINEPG    0   50.
 NONNEG    1    1.00
 IWT       0    5.00
 NQPROG    1    5.00
 NQPROG    2    5.00
 GMNMX     1    7.211E-06
 GMNMX     2    7.211E-03
 RUSER    10    -1.00
 NG        0    200.00
 NLINF     0    0.00
 IUSER    10    4.00
 RUSER    21    1.0
 RUSER    22   -1.0
 RUSER    23    0.0
 RUSER    18         292.35408
 RUSER    17         152.99900
 RUSER    19         1.02152
 RUSER    15         1.33200
 RUSER    16         632.80000
 RUSER    25         1
 RUSER    26         0
 END       0    0.00
 NY      131
  3.75000E-07  5.00000E-07  6.25000E-07  7.50000E-07  8.75000E-07  1.00000E-06
  1.12500E-06  1.25000E-06  1.37500E-06  1.50000E-06  1.62500E-06  1.75000E-06
  1.87500E-06  2.00000E-06  2.25000E-06  2.50000E-06  2.75000E-06  3.00000E-06
  3.25000E-06  3.50000E-06  3.75000E-06  4.00000E-06  4.50000E-06  5.00000E-06
  5.50000E-06  6.00000E-06  6.50000E-06  7.00000E-06  7.50000E-06  8.00000E-06
  9.00000E-06  1.00000E-05  1.10000E-05  1.20000E-05  1.30000E-05  1.40000E-05
  1.50000E-05  1.60000E-05  1.80000E-05  2.00000E-05  2.20000E-05  2.40000E-05
  2.60000E-05  2.80000E-05  3.00000E-05  3.20000E-05  3.60000E-05  4.00000E-05
  4.40000E-05  4.80000E-05  5.20000E-05  5.60000E-05  6.00000E-05  6.40000E-05
  7.20000E-05  8.00000E-05  8.80000E-05  9.60000E-05  1.04000E-04  1.12000E-04
  1.20000E-04  1.28000E-04  1.44000E-04  1.60000E-04  1.76000E-04  1.92000E-04
  2.08000E-04  2.24000E-04  2.40000E-04  2.56000E-04  2.88000E-04  3.20000E-04
  3.52000E-04  3.84000E-04  4.16000E-04  4.48000E-04  4.80000E-04  5.12000E-04
  5.76000E-04  6.40000E-04  7.04000E-04  7.68000E-04  8.32000E-04  8.96000E-04
  9.60000E-04  1.02400E-03  1.15200E-03  1.28000E-03  1.40800E-03  1.53600E-03
  1.66400E-03  1.79200E-03  1.92000E-03  2.01600E-03  2.27200E-03  2.52800E-03
  2.78400E-03  3.04000E-03  3.29600E-03  3.55200E-03  3.80800E-03  4.06400E-03
  4.57600E-03  5.08800E-03  5.60000E-03  6.11200E-03  6.62400E-03  7.13600E-03
  7.64800E-03  8.16000E-03  9.18400E-03  1.02080E-02  1.12320E-02  1.22560E-02
  1.32800E-02  1.43040E-02  1.53280E-02  1.63520E-02  1.84000E-02  2.04480E-02
  2.24960E-02  2.45440E-02  2.65920E-02  2.86400E-02  3.06880E-02  3.27360E-02
  3.68320E-02  4.09280E-02  4.50240E-02  4.91200E-02  5.32160E-02
  2.33888E+00  2.33499E+00  2.33583E+00  2.33659E+00  2.33022E+00  2.32409E+00
  2.32177E+00  2.33133E+00  2.32831E+00  2.32149E+00  2.32193E+00  2.32384E+00
  2.32765E+00  2.32271E+00  2.31306E+00  2.31183E+00  2.32147E+00  2.31070E+00
  2.31399E+00  2.31572E+00  2.31309E+00  2.31093E+00  2.31556E+00  2.31317E+00
  2.31467E+00  2.31108E+00  2.31202E+00  2.30963E+00  2.30857E+00  2.31202E+00
  2.30809E+00  2.30655E+00  2.30712E+00  2.30765E+00  2.30572E+00  2.30561E+00
  2.29971E+00  2.30075E+00  2.30053E+00  2.29517E+00  2.29446E+00  2.29167E+00
  2.29008E+00  2.28622E+00  2.28805E+00  2.28550E+00  2.27982E+00  2.27497E+00
  2.27097E+00  2.26528E+00  2.26339E+00  2.25724E+00  2.25403E+00  2.24984E+00
  2.24026E+00  2.23263E+00  2.22248E+00  2.21503E+00  2.20487E+00  2.19783E+00
  2.18889E+00  2.18069E+00  2.16475E+00  2.14851E+00  2.13191E+00  2.11607E+00
  2.10131E+00  2.08557E+00  2.06963E+00  2.05409E+00  2.02414E+00  1.99521E+00
  1.96610E+00  1.93704E+00  1.91032E+00  1.88344E+00  1.85765E+00  1.83170E+00
  1.78108E+00  1.73368E+00  1.68731E+00  1.64386E+00  1.60242E+00  1.56201E+00
  1.52326E+00  1.48581E+00  1.41503E+00  1.34965E+00  1.28976E+00  1.23471E+00
  1.18331E+00  1.13566E+00  1.09139E+00  1.06052E+00  9.86602E-01  9.23991E-01
  8.68292E-01  8.19240E-01  7.77056E-01  7.38827E-01  7.06791E-01  6.77637E-01
  6.27436E-01  5.83202E-01  5.45965E-01  5.17346E-01  4.93635E-01  4.73690E-01
  4.55367E-01  4.38609E-01  4.06666E-01  3.75907E-01  3.40630E-01  3.10398E-01
  2.85368E-01  2.69356E-01  2.48352E-01  2.29866E-01  2.07440E-01  1.81993E-01
  1.55217E-01  1.24109E-01  9.91975E-02  9.32170E-02  9.22576E-02  8.09246E-02
  4.04898E-02  2.38132E-02  1.85322E-03  1.42094E-03  7.52283E-04
