AutoSaveFileName0065.ASC
 IFORMY    0    .00
 (6E13.7)
 IFORMT    0    .00
 (6E13.7)
 IFORMW    0    .00
 (6E13.7)
 NINTT     0   -1.00
 DOUSNQ    0    1.00
 IQUAD          1.00
 PRWT      0    1.00
 PRY       0    1.00
 IPLRES    1    3.00
 IPLRES    2    3.00
 IPRINT    1    0.00
 IPRINT    2    2.00
 IPLFIT    1    0.00
 IPLFIT    2    0.00
 LINEPG    0   50.
 NONNEG    1    1.00
 IWT       0    5.00
 NQPROG    1    5.00
 NQPROG    2    5.00
 GMNMX     1    4.679E-05
 GMNMX     2    4.679E-02
 RUSER    10    -1.00
 NG        0    200.00
 NLINF     0    0.00
 IUSER    10    4.00
 RUSER    21    1.0
 RUSER    22   -1.0
 RUSER    23    0.0
 RUSER    18         292.18017
 RUSER    17         44.99800
 RUSER    19         1.02591
 RUSER    15         1.33200
 RUSER    16         632.80000
 RUSER    25         1
 RUSER    26         0
 END       0    0.00
 NY      188
  5.00000E-07  6.25000E-07  7.50000E-07  8.75000E-07  1.00000E-06  1.12500E-06
  1.25000E-06  1.37500E-06  1.50000E-06  1.62500E-06  1.75000E-06  1.87500E-06
  2.00000E-06  2.25000E-06  2.50000E-06  2.75000E-06  3.00000E-06  3.25000E-06
  3.50000E-06  3.75000E-06  4.00000E-06  4.50000E-06  5.00000E-06  5.50000E-06
  6.00000E-06  6.50000E-06  7.00000E-06  7.50000E-06  8.00000E-06  9.00000E-06
  1.00000E-05  1.10000E-05  1.20000E-05  1.30000E-05  1.40000E-05  1.50000E-05
  1.60000E-05  1.80000E-05  2.00000E-05  2.20000E-05  2.40000E-05  2.60000E-05
  2.80000E-05  3.00000E-05  3.20000E-05  3.60000E-05  4.00000E-05  4.40000E-05
  4.80000E-05  5.20000E-05  5.60000E-05  6.00000E-05  6.40000E-05  7.20000E-05
  8.00000E-05  8.80000E-05  9.60000E-05  1.04000E-04  1.12000E-04  1.20000E-04
  1.28000E-04  1.44000E-04  1.60000E-04  1.76000E-04  1.92000E-04  2.08000E-04
  2.24000E-04  2.40000E-04  2.56000E-04  2.88000E-04  3.20000E-04  3.52000E-04
  3.84000E-04  4.16000E-04  4.48000E-04  4.80000E-04  5.12000E-04  5.76000E-04
  6.40000E-04  7.04000E-04  7.68000E-04  8.32000E-04  8.96000E-04  9.60000E-04
  1.02400E-03  1.15200E-03  1.28000E-03  1.40800E-03  1.53600E-03  1.66400E-03
  1.79200E-03  1.92000E-03  2.01600E-03  2.27200E-03  2.52800E-03  2.78400E-03
  3.04000E-03  3.29600E-03  3.55200E-03  3.80800E-03  4.06400E-03  4.57600E-03
  5.08800E-03  5.60000E-03  6.11200E-03  6.62400E-03  7.13600E-03  7.64800E-03
  8.16000E-03  9.18400E-03  1.02080E-02  1.12320E-02  1.22560E-02  1.32800E-02
  1.43040E-02  1.53280E-02  1.63520E-02  1.84000E-02  2.04480E-02  2.24960E-02
  2.45440E-02  2.65920E-02  2.86400E-02  3.06880E-02  3.27360E-02  3.68320E-02
  4.09280E-02  4.50240E-02  4.91200E-02  5.32160E-02  5.73120E-02  6.14080E-02
  6.55040E-02  7.36960E-02  8.18880E-02  9.00800E-02  9.82720E-02  1.06464E-01
  1.14656E-01  1.22848E-01  1.31040E-01  1.47424E-01  1.63808E-01  1.80192E-01
  1.96576E-01  2.12960E-01  2.29344E-01  2.45728E-01  2.62112E-01  2.94880E-01
  3.27648E-01  3.60416E-01  3.93184E-01  4.25952E-01  4.58720E-01  4.91488E-01
  5.24256E-01  5.89792E-01  6.55328E-01  7.20864E-01  7.86400E-01  8.51936E-01
  9.17472E-01  9.83008E-01  1.04854E+00  1.17962E+00  1.31069E+00  1.44176E+00
  1.57283E+00  1.70390E+00  1.83498E+00  1.96605E+00  2.09712E+00  2.35926E+00
  2.62141E+00  2.88355E+00  3.14570E+00  3.40784E+00  3.66998E+00  3.93213E+00
  4.19427E+00  4.71856E+00  5.24285E+00  5.76714E+00  6.29142E+00  6.81571E+00
  7.34000E+00  7.86429E+00
  9.93889E-01  9.92634E-01  9.89878E-01  9.92783E-01  9.90507E-01  9.86089E-01
  9.85980E-01  9.88962E-01  9.90515E-01  9.86574E-01  9.85849E-01  9.85560E-01
  9.87056E-01  9.86589E-01  9.87360E-01  9.88425E-01  9.88044E-01  9.86521E-01
  9.90015E-01  9.84694E-01  9.86082E-01  9.87986E-01  9.87869E-01  9.87265E-01
  9.87278E-01  9.87700E-01  9.88746E-01  9.89289E-01  9.87597E-01  9.87163E-01
  9.86474E-01  9.85926E-01  9.85564E-01  9.86031E-01  9.86705E-01  9.86972E-01
  9.86594E-01  9.86540E-01  9.86253E-01  9.86422E-01  9.85594E-01  9.86339E-01
  9.85808E-01  9.85055E-01  9.85278E-01  9.84998E-01  9.84538E-01  9.84548E-01
  9.83742E-01  9.83671E-01  9.83669E-01  9.83635E-01  9.82856E-01  9.82282E-01
  9.81773E-01  9.81585E-01  9.80821E-01  9.80119E-01  9.79638E-01  9.78776E-01
  9.78078E-01  9.77374E-01  9.76230E-01  9.74940E-01  9.74097E-01  9.72783E-01
  9.71495E-01  9.70449E-01  9.69041E-01  9.66895E-01  9.64678E-01  9.62340E-01
  9.59984E-01  9.57836E-01  9.55677E-01  9.53187E-01  9.42831E-01  9.38304E-01
  9.33980E-01  9.29466E-01  9.25103E-01  9.20638E-01  9.16387E-01  9.11883E-01
  8.27446E-01  8.19243E-01  8.10935E-01  8.02824E-01  7.95047E-01  7.87072E-01
  7.79419E-01  7.71713E-01  8.51541E-01  8.35676E-01  8.20039E-01  8.04713E-01
  7.89717E-01  7.74952E-01  7.60418E-01  7.46141E-01  7.32358E-01  7.05177E-01
  6.79083E-01  6.54260E-01  6.30530E-01  6.07808E-01  5.85994E-01  5.64943E-01
  5.45128E-01  5.06400E-01  4.69823E-01  4.36146E-01  4.04858E-01  3.75469E-01
  3.48048E-01  3.22785E-01  3.00118E-01  2.58534E-01  2.23125E-01  1.93017E-01
  1.67930E-01  1.48052E-01  1.29952E-01  1.14037E-01  1.00567E-01  7.98521E-02
  6.48289E-02  5.17165E-02  4.39343E-02  3.63950E-02  3.11190E-02  2.65866E-02
  2.13745E-02  7.69473E-03 -1.57010E-03 -6.35899E-03 -9.78459E-03 -2.68710E-03
  1.44461E-03 -1.68398E-03 -4.04032E-03 -3.10696E-03  6.79712E-03  1.29653E-02
  1.82516E-02  8.96989E-03 -1.05915E-02 -1.21713E-02 -5.72410E-03  8.67477E-03
  7.97715E-03  7.27095E-03  6.95889E-03 -1.40354E-02 -2.10370E-03 -8.91009E-03
 -1.21296E-02 -7.96504E-03 -7.07725E-03  2.75428E-04  5.53115E-03  1.04561E-02
 -7.83307E-03  9.10407E-03  2.72413E-03 -1.10528E-02 -1.02081E-03  2.38429E-03
  1.10421E-02  7.64624E-04 -1.64797E-03  1.08461E-02 -1.01405E-02 -6.56072E-03
  3.08323E-03 -4.41061E-03 -5.66716E-03  7.47033E-03 -4.03488E-03 -7.19946E-03
 -3.26762E-04  1.53447E-03 -2.40245E-04  1.61829E-04 -4.41042E-03 -5.60441E-03
  8.33712E-03 -2.84814E-03
