AutoSaveFileName0359.ASC
 IFORMY    0    .00
 (6E13.7)
 IFORMT    0    .00
 (6E13.7)
 IFORMW    0    .00
 (6E13.7)
 NINTT     0   -1.00
 DOUSNQ    0    1.00
 IQUAD          1.00
 PRWT      0    1.00
 PRY       0    1.00
 IPLRES    1    3.00
 IPLRES    2    3.00
 IPRINT    1    0.00
 IPRINT    2    2.00
 IPLFIT    1    0.00
 IPLFIT    2    0.00
 LINEPG    0   50.
 NONNEG    1    1.00
 IWT       0    5.00
 NQPROG    1    5.00
 NQPROG    2    5.00
 GMNMX     1    8.063E-06
 GMNMX     2    8.063E-03
 RUSER    10    -1.00
 NG        0    200.00
 NLINF     0    0.00
 IUSER    10    4.00
 RUSER    21    1.0
 RUSER    22   -1.0
 RUSER    23    0.0
 RUSER    18         292.28159
 RUSER    17         133.99900
 RUSER    19         1.02335
 RUSER    15         1.33200
 RUSER    16         632.80000
 RUSER    25         1
 RUSER    26         0
 END       0    0.00
 NY      131
  3.75000E-07  5.00000E-07  6.25000E-07  7.50000E-07  8.75000E-07  1.00000E-06
  1.12500E-06  1.25000E-06  1.37500E-06  1.50000E-06  1.62500E-06  1.75000E-06
  1.87500E-06  2.00000E-06  2.25000E-06  2.50000E-06  2.75000E-06  3.00000E-06
  3.25000E-06  3.50000E-06  3.75000E-06  4.00000E-06  4.50000E-06  5.00000E-06
  5.50000E-06  6.00000E-06  6.50000E-06  7.00000E-06  7.50000E-06  8.00000E-06
  9.00000E-06  1.00000E-05  1.10000E-05  1.20000E-05  1.30000E-05  1.40000E-05
  1.50000E-05  1.60000E-05  1.80000E-05  2.00000E-05  2.20000E-05  2.40000E-05
  2.60000E-05  2.80000E-05  3.00000E-05  3.20000E-05  3.60000E-05  4.00000E-05
  4.40000E-05  4.80000E-05  5.20000E-05  5.60000E-05  6.00000E-05  6.40000E-05
  7.20000E-05  8.00000E-05  8.80000E-05  9.60000E-05  1.04000E-04  1.12000E-04
  1.20000E-04  1.28000E-04  1.44000E-04  1.60000E-04  1.76000E-04  1.92000E-04
  2.08000E-04  2.24000E-04  2.40000E-04  2.56000E-04  2.88000E-04  3.20000E-04
  3.52000E-04  3.84000E-04  4.16000E-04  4.48000E-04  4.80000E-04  5.12000E-04
  5.76000E-04  6.40000E-04  7.04000E-04  7.68000E-04  8.32000E-04  8.96000E-04
  9.60000E-04  1.02400E-03  1.15200E-03  1.28000E-03  1.40800E-03  1.53600E-03
  1.66400E-03  1.79200E-03  1.92000E-03  2.01600E-03  2.27200E-03  2.52800E-03
  2.78400E-03  3.04000E-03  3.29600E-03  3.55200E-03  3.80800E-03  4.06400E-03
  4.57600E-03  5.08800E-03  5.60000E-03  6.11200E-03  6.62400E-03  7.13600E-03
  7.64800E-03  8.16000E-03  9.18400E-03  1.02080E-02  1.12320E-02  1.22560E-02
  1.32800E-02  1.43040E-02  1.53280E-02  1.63520E-02  1.84000E-02  2.04480E-02
  2.24960E-02  2.45440E-02  2.65920E-02  2.86400E-02  3.06880E-02  3.27360E-02
  3.68320E-02  4.09280E-02  4.50240E-02  4.91200E-02  5.32160E-02
  2.48581E+00  2.47992E+00  2.48945E+00  2.47945E+00  2.47003E+00  2.46949E+00
  2.46986E+00  2.47118E+00  2.47224E+00  2.46569E+00  2.47238E+00  2.46973E+00
  2.47088E+00  2.47508E+00  2.47316E+00  2.47182E+00  2.46780E+00  2.46445E+00
  2.45753E+00  2.47336E+00  2.47070E+00  2.47185E+00  2.46455E+00  2.46791E+00
  2.46213E+00  2.46024E+00  2.45962E+00  2.45427E+00  2.45735E+00  2.45505E+00
  2.45570E+00  2.45554E+00  2.45251E+00  2.44596E+00  2.44681E+00  2.44657E+00
  2.44409E+00  2.44097E+00  2.43786E+00  2.43328E+00  2.43036E+00  2.42566E+00
  2.42164E+00  2.41697E+00  2.41599E+00  2.41009E+00  2.40003E+00  2.39334E+00
  2.38476E+00  2.37805E+00  2.36919E+00  2.36211E+00  2.35381E+00  2.34641E+00
  2.33081E+00  2.31636E+00  2.29883E+00  2.28455E+00  2.26861E+00  2.25363E+00
  2.23826E+00  2.22414E+00  2.19428E+00  2.16540E+00  2.13701E+00  2.10898E+00
  2.08064E+00  2.05317E+00  2.02645E+00  1.99978E+00  1.94813E+00  1.89792E+00
  1.84872E+00  1.79985E+00  1.75336E+00  1.70775E+00  1.66296E+00  1.62094E+00
  1.53815E+00  1.45996E+00  1.38711E+00  1.31779E+00  1.25180E+00  1.18940E+00
  1.13066E+00  1.07364E+00  9.70907E-01  8.80098E-01  7.97640E-01  7.23450E-01
  6.57288E-01  5.98355E-01  5.44875E-01  5.10407E-01  4.28002E-01  3.60265E-01
  3.04625E-01  2.58979E-01  2.20584E-01  1.90014E-01  1.61064E-01  1.37659E-01
  1.01183E-01  7.83308E-02  5.90510E-02  4.24919E-02  3.12963E-02  2.47992E-02
  2.06546E-02  2.00677E-02  1.67840E-02  3.15432E-03 -4.54256E-03 -1.06954E-02
 -1.88270E-02 -1.75357E-02 -1.39819E-02 -1.30433E-02 -1.11688E-02 -5.29736E-03
 -3.53883E-03  6.26941E-03  1.16518E-02  4.86743E-03 -1.37122E-03  8.65812E-04
 -7.04799E-03 -1.06591E-03 -1.04608E-02 -9.67330E-03  9.42073E-04
