AutoSaveFileName0007.ASC
 IFORMY    0    .00
 (6E13.7)
 IFORMT    0    .00
 (6E13.7)
 IFORMW    0    .00
 (6E13.7)
 NINTT     0   -1.00
 DOUSNQ    0    1.00
 IQUAD     0    1.00
 PRWT      0    1.00
 PRY       0    1.00
 IPLRES    1    3.00
 IPLRES    2    3.00
 IPRINT    1    0.00
 IPRINT    2    2.00
 IPLFIT    1    0.00
 IPLFIT    2    0.00
 LINEPG    0   50.
 NONNEG    1    1.00
 IWT       0    5.00
 NQPROG    1    5.00
 NQPROG    2    5.00
 GMNMX     1    1.58017E-01
 GMNMX     2    5.67239E-02
 RUSER    10    -1.00
 NG        0    500.00
 NLINF     0    1.00
 IUSER    10    4.00
 RUSER    21    1.0
 RUSER    22   -1.0
 RUSER    23    0.0
 RUSER    18         291.90014
 RUSER    17         15.00300
 RUSER    19         1.03305
 RUSER    15         1.33200
 RUSER    16         632.80000
 RUSER    25         1
 RUSER    26         0
 END       0    0.00
 NY      162
  7.50000E-07  8.75000E-07  1.00000E-06  1.12500E-06  1.25000E-06  1.37500E-06
  1.50000E-06  1.62500E-06  1.75000E-06  1.87500E-06  2.00000E-06  2.25000E-06
  2.50000E-06  2.75000E-06  3.00000E-06  3.25000E-06  3.50000E-06  3.75000E-06
  4.00000E-06  4.50000E-06  5.00000E-06  5.50000E-06  6.00000E-06  6.50000E-06
  7.00000E-06  7.50000E-06  8.00000E-06  9.00000E-06  1.00000E-05  1.10000E-05
  1.20000E-05  1.30000E-05  1.40000E-05  1.50000E-05  1.60000E-05  1.80000E-05
  2.00000E-05  2.20000E-05  2.40000E-05  2.60000E-05  2.80000E-05  3.00000E-05
  3.20000E-05  3.60000E-05  4.00000E-05  4.40000E-05  4.80000E-05  5.20000E-05
  5.60000E-05  6.00000E-05  6.40000E-05  7.20000E-05  8.00000E-05  8.80000E-05
  9.60000E-05  1.04000E-04  1.12000E-04  1.20000E-04  1.28000E-04  1.44000E-04
  1.60000E-04  1.76000E-04  1.92000E-04  2.08000E-04  2.24000E-04  2.40000E-04
  2.56000E-04  2.88000E-04  3.20000E-04  3.52000E-04  3.84000E-04  4.16000E-04
  4.48000E-04  4.80000E-04  5.12000E-04  5.76000E-04  6.40000E-04  7.04000E-04
  7.68000E-04  8.32000E-04  8.96000E-04  9.60000E-04  1.02400E-03  1.15200E-03
  1.28000E-03  1.40800E-03  1.53600E-03  1.66400E-03  1.79200E-03  1.92000E-03
  2.01600E-03  2.27200E-03  2.52800E-03  2.78400E-03  3.04000E-03  3.29600E-03
  3.55200E-03  3.80800E-03  4.06400E-03  4.57600E-03  5.08800E-03  5.60000E-03
  6.11200E-03  6.62400E-03  7.13600E-03  7.64800E-03  8.16000E-03  9.18400E-03
  1.02080E-02  1.12320E-02  1.22560E-02  1.32800E-02  1.43040E-02  1.53280E-02
  1.63520E-02  1.84000E-02  2.04480E-02  2.24960E-02  2.45440E-02  2.65920E-02
  2.86400E-02  3.06880E-02  3.27360E-02  3.68320E-02  4.09280E-02  4.50240E-02
  4.91200E-02  5.32160E-02  5.73120E-02  6.14080E-02  6.55040E-02  7.36960E-02
  8.18880E-02  9.00800E-02  9.82720E-02  1.06464E-01  1.14656E-01  1.22848E-01
  1.31040E-01  1.47424E-01  1.63808E-01  1.80192E-01  1.96576E-01  2.12960E-01
  2.29344E-01  2.45728E-01  2.62112E-01  2.94880E-01  3.27648E-01  3.60416E-01
  3.93184E-01  4.25952E-01  4.58720E-01  4.91488E-01  5.24256E-01  5.89792E-01
  6.55328E-01  7.20864E-01  7.86400E-01  8.51936E-01  9.17472E-01  9.83008E-01
  9.99264E-01  9.97750E-01  9.96151E-01  9.92631E-01  1.00000E+00  9.97295E-01
  9.93822E-01  9.97741E-01  9.97924E-01  9.92817E-01  9.95314E-01  9.94508E-01
  9.93962E-01  9.95754E-01  9.94606E-01  9.97698E-01  9.94768E-01  9.94020E-01
  9.95153E-01  9.93119E-01  9.95372E-01  9.95015E-01  9.95207E-01  9.95165E-01
  9.95040E-01  9.94447E-01  9.95217E-01  9.94756E-01  9.95430E-01  9.94979E-01
  9.94191E-01  9.96233E-01  9.94218E-01  9.95348E-01  9.95531E-01  9.94478E-01
  9.94667E-01  9.94438E-01  9.95125E-01  9.95146E-01  9.94740E-01  9.93767E-01
  9.93883E-01  9.94423E-01  9.93522E-01  9.93977E-01  9.93867E-01  9.93409E-01
  9.93342E-01  9.93489E-01  9.93116E-01  9.92582E-01  9.92304E-01  9.92341E-01
  9.91902E-01  9.91068E-01  9.90714E-01  9.90659E-01  9.90226E-01  9.89630E-01
  9.88806E-01  9.87875E-01  9.87265E-01  9.86810E-01  9.86083E-01  9.85421E-01
  9.84612E-01  9.83351E-01  9.82057E-01  9.80815E-01  9.79795E-01  9.78617E-01
  9.77350E-01  9.75665E-01  9.74688E-01  9.72341E-01  9.70024E-01  9.67670E-01
  9.65497E-01  9.63335E-01  9.60915E-01  9.58564E-01  9.56583E-01  9.52264E-01
  9.48024E-01  9.43781E-01  9.39531E-01  9.35585E-01  9.31323E-01  9.27349E-01
  9.25615E-01  9.17657E-01  9.09781E-01  9.02226E-01  8.94701E-01  8.87369E-01
  8.80012E-01  8.72851E-01  8.65796E-01  8.51901E-01  8.38397E-01  8.25261E-01
  8.12541E-01  8.00197E-01  7.88267E-01  7.76612E-01  7.65147E-01  7.43309E-01
  7.22969E-01  7.03668E-01  6.85456E-01  6.68133E-01  6.51841E-01  6.36334E-01
  6.21548E-01  5.93824E-01  5.67917E-01  5.44598E-01  5.23902E-01  5.04646E-01
  4.87005E-01  4.70527E-01  4.55545E-01  4.29061E-01  4.06420E-01  3.85959E-01
  3.66670E-01  3.50091E-01  3.35274E-01  3.20942E-01  3.07837E-01  2.84495E-01
  2.65888E-01  2.51705E-01  2.41337E-01  2.31764E-01  2.21223E-01  2.12753E-01
  2.04271E-01  1.85791E-01  1.69190E-01  1.52480E-01  1.34460E-01  1.18632E-01
  1.03368E-01  9.33097E-02  8.45243E-02  6.71063E-02  5.93287E-02  5.56305E-02
  4.91935E-02  4.66901E-02  4.69425E-02  3.52069E-02  3.78599E-02  2.99232E-02
  1.05885E-02 -2.17354E-03  1.10117E-03 -1.83642E-02 -2.04316E-02 -1.33445E-02
