AutoSaveFileName0136.ASC
 IFORMY    0    .00
 (6E13.7)
 IFORMT    0    .00
 (6E13.7)
 IFORMW    0    .00
 (6E13.7)
 NINTT     0   -1.00
 DOUSNQ    0    1.00
 IQUAD          1.00
 PRWT      0    1.00
 PRY       0    1.00
 IPLRES    1    3.00
 IPLRES    2    3.00
 IPRINT    1    0.00
 IPRINT    2    2.00
 IPLFIT    1    0.00
 IPLFIT    2    0.00
 LINEPG    0   50.
 NONNEG    1    1.00
 IWT       0    5.00
 NQPROG    1    5.00
 NQPROG    2    5.00
 GMNMX     1    2.759E-05
 GMNMX     2    2.759E-02
 RUSER    10    -1.00
 NG        0    200.00
 NLINF     0    0.00
 IUSER    10    4.00
 RUSER    21    1.0
 RUSER    22   -1.0
 RUSER    23    0.0
 RUSER    18         291.93774
 RUSER    17         59.99900
 RUSER    19         1.03209
 RUSER    15         1.33200
 RUSER    16         632.80000
 RUSER    25         1
 RUSER    26         0
 END       0    0.00
 NY      131
  3.75000E-07  5.00000E-07  6.25000E-07  7.50000E-07  8.75000E-07  1.00000E-06
  1.12500E-06  1.25000E-06  1.37500E-06  1.50000E-06  1.62500E-06  1.75000E-06
  1.87500E-06  2.00000E-06  2.25000E-06  2.50000E-06  2.75000E-06  3.00000E-06
  3.25000E-06  3.50000E-06  3.75000E-06  4.00000E-06  4.50000E-06  5.00000E-06
  5.50000E-06  6.00000E-06  6.50000E-06  7.00000E-06  7.50000E-06  8.00000E-06
  9.00000E-06  1.00000E-05  1.10000E-05  1.20000E-05  1.30000E-05  1.40000E-05
  1.50000E-05  1.60000E-05  1.80000E-05  2.00000E-05  2.20000E-05  2.40000E-05
  2.60000E-05  2.80000E-05  3.00000E-05  3.20000E-05  3.60000E-05  4.00000E-05
  4.40000E-05  4.80000E-05  5.20000E-05  5.60000E-05  6.00000E-05  6.40000E-05
  7.20000E-05  8.00000E-05  8.80000E-05  9.60000E-05  1.04000E-04  1.12000E-04
  1.20000E-04  1.28000E-04  1.44000E-04  1.60000E-04  1.76000E-04  1.92000E-04
  2.08000E-04  2.24000E-04  2.40000E-04  2.56000E-04  2.88000E-04  3.20000E-04
  3.52000E-04  3.84000E-04  4.16000E-04  4.48000E-04  4.80000E-04  5.12000E-04
  5.76000E-04  6.40000E-04  7.04000E-04  7.68000E-04  8.32000E-04  8.96000E-04
  9.60000E-04  1.02400E-03  1.15200E-03  1.28000E-03  1.40800E-03  1.53600E-03
  1.66400E-03  1.79200E-03  1.92000E-03  2.01600E-03  2.27200E-03  2.52800E-03
  2.78400E-03  3.04000E-03  3.29600E-03  3.55200E-03  3.80800E-03  4.06400E-03
  4.57600E-03  5.08800E-03  5.60000E-03  6.11200E-03  6.62400E-03  7.13600E-03
  7.64800E-03  8.16000E-03  9.18400E-03  1.02080E-02  1.12320E-02  1.22560E-02
  1.32800E-02  1.43040E-02  1.53280E-02  1.63520E-02  1.84000E-02  2.04480E-02
  2.24960E-02  2.45440E-02  2.65920E-02  2.86400E-02  3.06880E-02  3.27360E-02
  3.68320E-02  4.09280E-02  4.50240E-02  4.91200E-02  5.32160E-02
  1.60346E+00  1.60131E+00  1.60159E+00  1.60147E+00  1.60018E+00  1.59351E+00
  1.59029E+00  1.59279E+00  1.59058E+00  1.59123E+00  1.58884E+00  1.59621E+00
  1.59444E+00  1.59637E+00  1.59285E+00  1.58594E+00  1.59338E+00  1.59806E+00
  1.58830E+00  1.59536E+00  1.59314E+00  1.59159E+00  1.59077E+00  1.59142E+00
  1.59642E+00  1.59245E+00  1.59235E+00  1.58961E+00  1.58903E+00  1.59175E+00
  1.59307E+00  1.58960E+00  1.58886E+00  1.58876E+00  1.58699E+00  1.58880E+00
  1.58957E+00  1.58957E+00  1.58527E+00  1.58669E+00  1.58531E+00  1.58489E+00
  1.58316E+00  1.58429E+00  1.58272E+00  1.58150E+00  1.58049E+00  1.57878E+00
  1.57586E+00  1.57384E+00  1.57259E+00  1.57253E+00  1.57133E+00  1.56886E+00
  1.56529E+00  1.56213E+00  1.55836E+00  1.55563E+00  1.55178E+00  1.54940E+00
  1.54647E+00  1.54265E+00  1.53620E+00  1.52995E+00  1.52346E+00  1.51744E+00
  1.51118E+00  1.50454E+00  1.49800E+00  1.49187E+00  1.48018E+00  1.46821E+00
  1.45603E+00  1.44408E+00  1.43240E+00  1.42065E+00  1.40892E+00  1.39786E+00
  1.37540E+00  1.35362E+00  1.33126E+00  1.31019E+00  1.28918E+00  1.26806E+00
  1.24793E+00  1.22766E+00  1.18846E+00  1.15079E+00  1.11397E+00  1.07930E+00
  1.04593E+00  1.01325E+00  9.82131E-01  9.61443E-01  9.02627E-01  8.47319E-01
  7.95835E-01  7.48154E-01  7.03980E-01  6.62915E-01  6.24389E-01  5.87627E-01
  5.20445E-01  4.61026E-01  4.09954E-01  3.64010E-01  3.23709E-01  2.88455E-01
  2.58290E-01  2.32437E-01  1.87484E-01  1.50502E-01  1.23118E-01  1.04707E-01
  9.23598E-02  8.46262E-02  7.72264E-02  7.05217E-02  6.17632E-02  5.78993E-02
  5.25527E-02  4.48778E-02  3.60191E-02  2.32316E-02  1.56744E-02  1.18568E-02
 -6.09398E-03 -2.91621E-02 -3.45074E-02 -2.75871E-02 -1.36175E-02
