AutoSaveFileName0305.ASC
 IFORMY    0    .00
 (6E13.7)
 IFORMT    0    .00
 (6E13.7)
 IFORMW    0    .00
 (6E13.7)
 NINTT     0   -1.00
 DOUSNQ    0    1.00
 IQUAD          1.00
 PRWT      0    1.00
 PRY       0    1.00
 IPLRES    1    3.00
 IPLRES    2    3.00
 IPRINT    1    0.00
 IPRINT    2    2.00
 IPLFIT    1    0.00
 IPLFIT    2    0.00
 LINEPG    0   50.
 NONNEG    1    1.00
 IWT       0    5.00
 NQPROG    1    5.00
 NQPROG    2    5.00
 GMNMX     1    9.525E-06
 GMNMX     2    9.525E-03
 RUSER    10    -1.00
 NG        0    200.00
 NLINF     0    0.00
 IUSER    10    4.00
 RUSER    21    1.0
 RUSER    22   -1.0
 RUSER    23    0.0
 RUSER    18         292.18554
 RUSER    17         115.99900
 RUSER    19         1.02578
 RUSER    15         1.33200
 RUSER    16         632.80000
 RUSER    25         1
 RUSER    26         0
 END       0    0.00
 NY      131
  3.75000E-07  5.00000E-07  6.25000E-07  7.50000E-07  8.75000E-07  1.00000E-06
  1.12500E-06  1.25000E-06  1.37500E-06  1.50000E-06  1.62500E-06  1.75000E-06
  1.87500E-06  2.00000E-06  2.25000E-06  2.50000E-06  2.75000E-06  3.00000E-06
  3.25000E-06  3.50000E-06  3.75000E-06  4.00000E-06  4.50000E-06  5.00000E-06
  5.50000E-06  6.00000E-06  6.50000E-06  7.00000E-06  7.50000E-06  8.00000E-06
  9.00000E-06  1.00000E-05  1.10000E-05  1.20000E-05  1.30000E-05  1.40000E-05
  1.50000E-05  1.60000E-05  1.80000E-05  2.00000E-05  2.20000E-05  2.40000E-05
  2.60000E-05  2.80000E-05  3.00000E-05  3.20000E-05  3.60000E-05  4.00000E-05
  4.40000E-05  4.80000E-05  5.20000E-05  5.60000E-05  6.00000E-05  6.40000E-05
  7.20000E-05  8.00000E-05  8.80000E-05  9.60000E-05  1.04000E-04  1.12000E-04
  1.20000E-04  1.28000E-04  1.44000E-04  1.60000E-04  1.76000E-04  1.92000E-04
  2.08000E-04  2.24000E-04  2.40000E-04  2.56000E-04  2.88000E-04  3.20000E-04
  3.52000E-04  3.84000E-04  4.16000E-04  4.48000E-04  4.80000E-04  5.12000E-04
  5.76000E-04  6.40000E-04  7.04000E-04  7.68000E-04  8.32000E-04  8.96000E-04
  9.60000E-04  1.02400E-03  1.15200E-03  1.28000E-03  1.40800E-03  1.53600E-03
  1.66400E-03  1.79200E-03  1.92000E-03  2.01600E-03  2.27200E-03  2.52800E-03
  2.78400E-03  3.04000E-03  3.29600E-03  3.55200E-03  3.80800E-03  4.06400E-03
  4.57600E-03  5.08800E-03  5.60000E-03  6.11200E-03  6.62400E-03  7.13600E-03
  7.64800E-03  8.16000E-03  9.18400E-03  1.02080E-02  1.12320E-02  1.22560E-02
  1.32800E-02  1.43040E-02  1.53280E-02  1.63520E-02  1.84000E-02  2.04480E-02
  2.24960E-02  2.45440E-02  2.65920E-02  2.86400E-02  3.06880E-02  3.27360E-02
  3.68320E-02  4.09280E-02  4.50240E-02  4.91200E-02  5.32160E-02
  2.44313E+00  2.44706E+00  2.43612E+00  2.43210E+00  2.43589E+00  2.43552E+00
  2.43350E+00  2.43611E+00  2.43012E+00  2.42671E+00  2.42933E+00  2.42563E+00
  2.43158E+00  2.43004E+00  2.42764E+00  2.42161E+00  2.42997E+00  2.42762E+00
  2.42718E+00  2.42492E+00  2.42161E+00  2.42356E+00  2.42219E+00  2.42627E+00
  2.41813E+00  2.41801E+00  2.42019E+00  2.41793E+00  2.41744E+00  2.41547E+00
  2.41417E+00  2.41060E+00  2.41293E+00  2.40976E+00  2.40759E+00  2.40488E+00
  2.40557E+00  2.40189E+00  2.39854E+00  2.39393E+00  2.39247E+00  2.38642E+00
  2.38299E+00  2.38018E+00  2.37602E+00  2.37319E+00  2.36563E+00  2.35777E+00
  2.35074E+00  2.34310E+00  2.33611E+00  2.33007E+00  2.32163E+00  2.31444E+00
  2.29981E+00  2.28533E+00  2.27254E+00  2.25731E+00  2.24335E+00  2.23040E+00
  2.21609E+00  2.20219E+00  2.17491E+00  2.14839E+00  2.12220E+00  2.09554E+00
  2.06936E+00  2.04408E+00  2.01854E+00  1.99358E+00  1.94444E+00  1.89656E+00
  1.84988E+00  1.80474E+00  1.75998E+00  1.71683E+00  1.67497E+00  1.63421E+00
  1.55560E+00  1.48075E+00  1.40960E+00  1.34217E+00  1.27856E+00  1.21837E+00
  1.16103E+00  1.10789E+00  1.00752E+00  9.16620E-01  8.34093E-01  7.58970E-01
  6.90705E-01  6.28885E-01  5.72848E-01  5.35975E-01  4.47712E-01  3.75030E-01
  3.13870E-01  2.61317E-01  2.17365E-01  1.80062E-01  1.46098E-01  1.18582E-01
  7.60392E-02  5.30507E-02  4.07224E-02  3.38952E-02  2.90195E-02  3.03672E-02
  3.01447E-02  2.70677E-02  2.19747E-02  1.88758E-02  7.54960E-03  7.68811E-04
 -7.97549E-03 -8.81002E-03 -1.13147E-02 -1.33896E-02 -1.11839E-02 -1.33313E-02
 -9.87267E-03  4.89190E-03  6.73166E-03  2.83865E-03  1.25936E-02  7.44710E-03
  6.66634E-03 -2.92789E-03 -1.97599E-02 -1.20997E-02  4.84514E-04
