AutoSaveFileName0271.ASC
 IFORMY    0    .00
 (6E13.7)
 IFORMT    0    .00
 (6E13.7)
 IFORMW    0    .00
 (6E13.7)
 NINTT     0   -1.00
 DOUSNQ    0    1.00
 IQUAD     0    1.00
 PRWT      0    1.00
 PRY       0    1.00
 IPLRES    1    3.00
 IPLRES    2    3.00
 IPRINT    1    0.00
 IPRINT    2    2.00
 IPLFIT    1    0.00
 IPLFIT    2    0.00
 LINEPG    0   50.
 NONNEG    1    1.00
 IWT       0    5.00
 NQPROG    1    5.00
 NQPROG    2    5.00
 GMNMX     1    2.86631E-03
 GMNMX     2    1.02893E-03
 RUSER    10    -1.00
 NG        0    500.00
 NLINF     0    1.00
 IUSER    10    4.00
 RUSER    21    1.0
 RUSER    22   -1.0
 RUSER    23    0.0
 RUSER    18         292.15016
 RUSER    17         149.99900
 RUSER    19         1.02667
 RUSER    15         1.33200
 RUSER    16         632.80000
 RUSER    25         1
 RUSER    26         0
 END       0    0.00
 NY      162
  7.50000E-07  8.75000E-07  1.00000E-06  1.12500E-06  1.25000E-06  1.37500E-06
  1.50000E-06  1.62500E-06  1.75000E-06  1.87500E-06  2.00000E-06  2.25000E-06
  2.50000E-06  2.75000E-06  3.00000E-06  3.25000E-06  3.50000E-06  3.75000E-06
  4.00000E-06  4.50000E-06  5.00000E-06  5.50000E-06  6.00000E-06  6.50000E-06
  7.00000E-06  7.50000E-06  8.00000E-06  9.00000E-06  1.00000E-05  1.10000E-05
  1.20000E-05  1.30000E-05  1.40000E-05  1.50000E-05  1.60000E-05  1.80000E-05
  2.00000E-05  2.20000E-05  2.40000E-05  2.60000E-05  2.80000E-05  3.00000E-05
  3.20000E-05  3.60000E-05  4.00000E-05  4.40000E-05  4.80000E-05  5.20000E-05
  5.60000E-05  6.00000E-05  6.40000E-05  7.20000E-05  8.00000E-05  8.80000E-05
  9.60000E-05  1.04000E-04  1.12000E-04  1.20000E-04  1.28000E-04  1.44000E-04
  1.60000E-04  1.76000E-04  1.92000E-04  2.08000E-04  2.24000E-04  2.40000E-04
  2.56000E-04  2.88000E-04  3.20000E-04  3.52000E-04  3.84000E-04  4.16000E-04
  4.48000E-04  4.80000E-04  5.12000E-04  5.76000E-04  6.40000E-04  7.04000E-04
  7.68000E-04  8.32000E-04  8.96000E-04  9.60000E-04  1.02400E-03  1.15200E-03
  1.28000E-03  1.40800E-03  1.53600E-03  1.66400E-03  1.79200E-03  1.92000E-03
  2.01600E-03  2.27200E-03  2.52800E-03  2.78400E-03  3.04000E-03  3.29600E-03
  3.55200E-03  3.80800E-03  4.06400E-03  4.57600E-03  5.08800E-03  5.60000E-03
  6.11200E-03  6.62400E-03  7.13600E-03  7.64800E-03  8.16000E-03  9.18400E-03
  1.02080E-02  1.12320E-02  1.22560E-02  1.32800E-02  1.43040E-02  1.53280E-02
  1.63520E-02  1.84000E-02  2.04480E-02  2.24960E-02  2.45440E-02  2.65920E-02
  2.86400E-02  3.06880E-02  3.27360E-02  3.68320E-02  4.09280E-02  4.50240E-02
  4.91200E-02  5.32160E-02  5.73120E-02  6.14080E-02  6.55040E-02  7.36960E-02
  8.18880E-02  9.00800E-02  9.82720E-02  1.06464E-01  1.14656E-01  1.22848E-01
  1.31040E-01  1.47424E-01  1.63808E-01  1.80192E-01  1.96576E-01  2.12960E-01
  2.29344E-01  2.45728E-01  2.62112E-01  2.94880E-01  3.27648E-01  3.60416E-01
  3.93184E-01  4.25952E-01  4.58720E-01  4.91488E-01  5.24256E-01  5.89792E-01
  6.55328E-01  7.20864E-01  7.86400E-01  8.51936E-01  9.17472E-01  9.83008E-01
  9.97694E-01  1.00000E+00  9.94705E-01  9.97133E-01  9.95052E-01  9.92594E-01
  9.91843E-01  9.95327E-01  9.87689E-01  9.89299E-01  9.88842E-01  9.84285E-01
  9.84998E-01  9.82241E-01  9.81844E-01  9.81063E-01  9.79764E-01  9.78599E-01
  9.76836E-01  9.72382E-01  9.69521E-01  9.68270E-01  9.63920E-01  9.58295E-01
  9.58802E-01  9.55032E-01  9.50920E-01  9.45533E-01  9.40036E-01  9.35552E-01
  9.28164E-01  9.22381E-01  9.16426E-01  9.10923E-01  9.04957E-01  8.93908E-01
  8.82293E-01  8.71720E-01  8.61312E-01  8.49446E-01  8.38959E-01  8.29119E-01
  8.18455E-01  7.98823E-01  7.78080E-01  7.58991E-01  7.40207E-01  7.21770E-01
  7.03718E-01  6.86685E-01  6.69481E-01  6.36647E-01  6.05616E-01  5.76239E-01
  5.48197E-01  5.21650E-01  4.96312E-01  4.72330E-01  4.49883E-01  4.07927E-01
  3.69798E-01  3.35225E-01  3.03260E-01  2.75507E-01  2.50165E-01  2.26942E-01
  2.06599E-01  1.70616E-01  1.40834E-01  1.17056E-01  9.71601E-02  8.09316E-02
  6.78419E-02  5.65358E-02  4.80018E-02  3.51488E-02  2.54540E-02  1.82522E-02
  1.31386E-02  9.86670E-03  6.90028E-03  3.80972E-03  1.21866E-03 -2.61541E-03
 -2.32744E-03 -2.11933E-03 -8.38801E-04  1.01044E-03  1.97502E-03  8.15386E-04
  6.97124E-04  3.46727E-04 -2.23335E-04 -1.71588E-03 -1.28185E-03 -2.29344E-03
 -1.86593E-03 -2.18322E-04  3.46428E-04  8.32804E-04  1.23605E-03 -5.34750E-03
 -2.70551E-03 -2.54770E-03 -2.92309E-03 -2.21695E-03  1.18681E-04  8.23122E-05
  8.04521E-05  4.12893E-04  1.50247E-03 -1.83853E-03  3.30077E-04 -1.07591E-03
 -8.46817E-04 -2.62316E-04 -8.18174E-04 -7.08367E-05 -1.32336E-03  4.29648E-04
 -2.10086E-03  6.16210E-04 -3.58491E-04 -1.68307E-04 -1.37081E-05 -1.57266E-03
 -5.60401E-04 -8.52381E-04  4.30539E-04 -2.66789E-04  1.81844E-04 -4.44474E-05
 -1.08041E-03  3.81517E-04 -3.96204E-05 -1.97118E-04 -1.04715E-03  5.66920E-04
  1.36567E-04 -1.78878E-04  2.72003E-04 -3.42353E-04 -2.16050E-04 -3.15633E-05
  4.10135E-04 -3.10519E-04 -2.90199E-04 -5.24135E-06  8.52393E-06 -2.98726E-05
  5.48545E-04 -4.68084E-04 -3.76041E-04  7.57704E-04  4.81202E-05 -1.40149E-04
 -1.41234E-04  1.09273E-04 -7.36772E-05  1.81465E-04  7.93924E-05 -1.40894E-05
