AutoSaveFileName0253.ASC
 IFORMY    0    .00
 (6E13.7)
 IFORMT    0    .00
 (6E13.7)
 IFORMW    0    .00
 (6E13.7)
 NINTT     0   -1.00
 DOUSNQ    0    1.00
 IQUAD     0    1.00
 PRWT      0    1.00
 PRY       0    1.00
 IPLRES    1    3.00
 IPLRES    2    3.00
 IPRINT    1    0.00
 IPRINT    2    2.00
 IPLFIT    1    0.00
 IPLFIT    2    0.00
 LINEPG    0   50.
 NONNEG    1    1.00
 IWT       0    5.00
 NQPROG    1    5.00
 NQPROG    2    5.00
 GMNMX     1    3.02999E-03
 GMNMX     2    1.08769E-03
 RUSER    10    -1.00
 NG        0    500.00
 NLINF     0    1.00
 IUSER    10    4.00
 RUSER    21    1.0
 RUSER    22   -1.0
 RUSER    23    0.0
 RUSER    18         292.13385
 RUSER    17         139.99900
 RUSER    19         1.02709
 RUSER    15         1.33200
 RUSER    16         632.80000
 RUSER    25         1
 RUSER    26         0
 END       0    0.00
 NY      162
  7.50000E-07  8.75000E-07  1.00000E-06  1.12500E-06  1.25000E-06  1.37500E-06
  1.50000E-06  1.62500E-06  1.75000E-06  1.87500E-06  2.00000E-06  2.25000E-06
  2.50000E-06  2.75000E-06  3.00000E-06  3.25000E-06  3.50000E-06  3.75000E-06
  4.00000E-06  4.50000E-06  5.00000E-06  5.50000E-06  6.00000E-06  6.50000E-06
  7.00000E-06  7.50000E-06  8.00000E-06  9.00000E-06  1.00000E-05  1.10000E-05
  1.20000E-05  1.30000E-05  1.40000E-05  1.50000E-05  1.60000E-05  1.80000E-05
  2.00000E-05  2.20000E-05  2.40000E-05  2.60000E-05  2.80000E-05  3.00000E-05
  3.20000E-05  3.60000E-05  4.00000E-05  4.40000E-05  4.80000E-05  5.20000E-05
  5.60000E-05  6.00000E-05  6.40000E-05  7.20000E-05  8.00000E-05  8.80000E-05
  9.60000E-05  1.04000E-04  1.12000E-04  1.20000E-04  1.28000E-04  1.44000E-04
  1.60000E-04  1.76000E-04  1.92000E-04  2.08000E-04  2.24000E-04  2.40000E-04
  2.56000E-04  2.88000E-04  3.20000E-04  3.52000E-04  3.84000E-04  4.16000E-04
  4.48000E-04  4.80000E-04  5.12000E-04  5.76000E-04  6.40000E-04  7.04000E-04
  7.68000E-04  8.32000E-04  8.96000E-04  9.60000E-04  1.02400E-03  1.15200E-03
  1.28000E-03  1.40800E-03  1.53600E-03  1.66400E-03  1.79200E-03  1.92000E-03
  2.01600E-03  2.27200E-03  2.52800E-03  2.78400E-03  3.04000E-03  3.29600E-03
  3.55200E-03  3.80800E-03  4.06400E-03  4.57600E-03  5.08800E-03  5.60000E-03
  6.11200E-03  6.62400E-03  7.13600E-03  7.64800E-03  8.16000E-03  9.18400E-03
  1.02080E-02  1.12320E-02  1.22560E-02  1.32800E-02  1.43040E-02  1.53280E-02
  1.63520E-02  1.84000E-02  2.04480E-02  2.24960E-02  2.45440E-02  2.65920E-02
  2.86400E-02  3.06880E-02  3.27360E-02  3.68320E-02  4.09280E-02  4.50240E-02
  4.91200E-02  5.32160E-02  5.73120E-02  6.14080E-02  6.55040E-02  7.36960E-02
  8.18880E-02  9.00800E-02  9.82720E-02  1.06464E-01  1.14656E-01  1.22848E-01
  1.31040E-01  1.47424E-01  1.63808E-01  1.80192E-01  1.96576E-01  2.12960E-01
  2.29344E-01  2.45728E-01  2.62112E-01  2.94880E-01  3.27648E-01  3.60416E-01
  3.93184E-01  4.25952E-01  4.58720E-01  4.91488E-01  5.24256E-01  5.89792E-01
  6.55328E-01  7.20864E-01  7.86400E-01  8.51936E-01  9.17472E-01  9.83008E-01
  9.99526E-01  1.00000E+00  9.94779E-01  9.94866E-01  9.94050E-01  9.89805E-01
  9.90216E-01  9.91011E-01  9.87990E-01  9.86903E-01  9.87176E-01  9.88227E-01
  9.82970E-01  9.84239E-01  9.80570E-01  9.78022E-01  9.78577E-01  9.80102E-01
  9.77467E-01  9.72832E-01  9.67977E-01  9.68802E-01  9.63498E-01  9.61856E-01
  9.60182E-01  9.55907E-01  9.52828E-01  9.47101E-01  9.41451E-01  9.35840E-01
  9.31268E-01  9.25021E-01  9.19972E-01  9.13935E-01  9.07853E-01  8.97589E-01
  8.85912E-01  8.76205E-01  8.64984E-01  8.55275E-01  8.44336E-01  8.35098E-01
  8.24758E-01  8.05712E-01  7.85745E-01  7.66963E-01  7.49446E-01  7.31510E-01
  7.13835E-01  6.97357E-01  6.80699E-01  6.48671E-01  6.18118E-01  5.88687E-01
  5.61204E-01  5.34420E-01  5.09811E-01  4.85883E-01  4.63273E-01  4.20689E-01
  3.81966E-01  3.47063E-01  3.15706E-01  2.86966E-01  2.61077E-01  2.37550E-01
  2.16707E-01  1.79554E-01  1.48759E-01  1.23562E-01  1.02981E-01  8.58392E-02
  7.14546E-02  5.99144E-02  5.07096E-02  3.58389E-02  2.62187E-02  1.89976E-02
  1.41065E-02  1.08547E-02  8.55158E-03  6.63144E-03  5.39956E-03  3.74003E-03
  3.13093E-03  2.30017E-03  1.98679E-03  1.87356E-03  9.73036E-04 -4.55070E-04
 -6.82407E-04 -3.75485E-04 -1.05448E-03 -1.59292E-03 -9.06746E-04 -1.12234E-04
 -9.49252E-04 -1.80665E-03  1.07134E-03  1.51493E-03  2.77900E-03  1.93781E-03
  2.35005E-03  1.87321E-03 -1.04216E-03  5.39203E-04 -5.13598E-04  1.14135E-03
  1.15686E-03 -7.05533E-04  6.21718E-04  1.14999E-03 -1.10401E-03 -3.47036E-04
 -7.30745E-04  4.01795E-04 -1.81579E-04 -1.30429E-04  3.14383E-05  6.96613E-04
  9.23485E-04  5.19940E-04 -3.73310E-04  7.84209E-04 -5.67496E-04 -4.23293E-04
  2.08923E-04 -9.74854E-05  6.56309E-05 -6.46126E-05 -3.65320E-04 -1.22552E-04
 -6.09309E-04  3.11062E-05  6.66925E-04  5.48252E-04  4.48694E-04  3.41917E-04
  2.30117E-04  6.18265E-04  5.67850E-04 -3.01662E-04  1.52823E-04  3.15712E-04
 -3.73106E-05  3.56136E-04  1.09908E-04 -1.64932E-04  5.80605E-05  6.86925E-04
  7.21888E-05  1.09868E-05 -4.77755E-04  1.06813E-04  8.67483E-05 -1.55232E-04
  8.99104E-05 -5.23520E-05  4.40146E-05  2.63926E-05 -4.45382E-05  7.52696E-05
