AutoSaveFileName0263.ASC
 IFORMY    0    .00
 (6E13.7)
 IFORMT    0    .00
 (6E13.7)
 IFORMW    0    .00
 (6E13.7)
 NINTT     0   -1.00
 DOUSNQ    0    1.00
 IQUAD     0    1.00
 PRWT      0    1.00
 PRY       0    1.00
 IPLRES    1    3.00
 IPLRES    2    3.00
 IPRINT    1    0.00
 IPRINT    2    2.00
 IPLFIT    1    0.00
 IPLFIT    2    0.00
 LINEPG    0   50.
 NONNEG    1    1.00
 IWT       0    5.00
 NQPROG    1    5.00
 NQPROG    2    5.00
 GMNMX     1    2.94072E-03
 GMNMX     2    1.05564E-03
 RUSER    10    -1.00
 NG        0    500.00
 NLINF     0    1.00
 IUSER    10    4.00
 RUSER    21    1.0
 RUSER    22   -1.0
 RUSER    23    0.0
 RUSER    18         292.14381
 RUSER    17         144.99900
 RUSER    19         1.02684
 RUSER    15         1.33200
 RUSER    16         632.80000
 RUSER    25         1
 RUSER    26         0
 END       0    0.00
 NY      162
  7.50000E-07  8.75000E-07  1.00000E-06  1.12500E-06  1.25000E-06  1.37500E-06
  1.50000E-06  1.62500E-06  1.75000E-06  1.87500E-06  2.00000E-06  2.25000E-06
  2.50000E-06  2.75000E-06  3.00000E-06  3.25000E-06  3.50000E-06  3.75000E-06
  4.00000E-06  4.50000E-06  5.00000E-06  5.50000E-06  6.00000E-06  6.50000E-06
  7.00000E-06  7.50000E-06  8.00000E-06  9.00000E-06  1.00000E-05  1.10000E-05
  1.20000E-05  1.30000E-05  1.40000E-05  1.50000E-05  1.60000E-05  1.80000E-05
  2.00000E-05  2.20000E-05  2.40000E-05  2.60000E-05  2.80000E-05  3.00000E-05
  3.20000E-05  3.60000E-05  4.00000E-05  4.40000E-05  4.80000E-05  5.20000E-05
  5.60000E-05  6.00000E-05  6.40000E-05  7.20000E-05  8.00000E-05  8.80000E-05
  9.60000E-05  1.04000E-04  1.12000E-04  1.20000E-04  1.28000E-04  1.44000E-04
  1.60000E-04  1.76000E-04  1.92000E-04  2.08000E-04  2.24000E-04  2.40000E-04
  2.56000E-04  2.88000E-04  3.20000E-04  3.52000E-04  3.84000E-04  4.16000E-04
  4.48000E-04  4.80000E-04  5.12000E-04  5.76000E-04  6.40000E-04  7.04000E-04
  7.68000E-04  8.32000E-04  8.96000E-04  9.60000E-04  1.02400E-03  1.15200E-03
  1.28000E-03  1.40800E-03  1.53600E-03  1.66400E-03  1.79200E-03  1.92000E-03
  2.01600E-03  2.27200E-03  2.52800E-03  2.78400E-03  3.04000E-03  3.29600E-03
  3.55200E-03  3.80800E-03  4.06400E-03  4.57600E-03  5.08800E-03  5.60000E-03
  6.11200E-03  6.62400E-03  7.13600E-03  7.64800E-03  8.16000E-03  9.18400E-03
  1.02080E-02  1.12320E-02  1.22560E-02  1.32800E-02  1.43040E-02  1.53280E-02
  1.63520E-02  1.84000E-02  2.04480E-02  2.24960E-02  2.45440E-02  2.65920E-02
  2.86400E-02  3.06880E-02  3.27360E-02  3.68320E-02  4.09280E-02  4.50240E-02
  4.91200E-02  5.32160E-02  5.73120E-02  6.14080E-02  6.55040E-02  7.36960E-02
  8.18880E-02  9.00800E-02  9.82720E-02  1.06464E-01  1.14656E-01  1.22848E-01
  1.31040E-01  1.47424E-01  1.63808E-01  1.80192E-01  1.96576E-01  2.12960E-01
  2.29344E-01  2.45728E-01  2.62112E-01  2.94880E-01  3.27648E-01  3.60416E-01
  3.93184E-01  4.25952E-01  4.58720E-01  4.91488E-01  5.24256E-01  5.89792E-01
  6.55328E-01  7.20864E-01  7.86400E-01  8.51936E-01  9.17472E-01  9.83008E-01
  9.98460E-01  1.00000E+00  9.98218E-01  9.95301E-01  9.95700E-01  9.93158E-01
  9.91107E-01  9.91065E-01  9.94783E-01  9.90774E-01  9.89975E-01  9.88725E-01
  9.87185E-01  9.84861E-01  9.81152E-01  9.82973E-01  9.80180E-01  9.80510E-01
  9.76825E-01  9.75554E-01  9.72667E-01  9.68455E-01  9.66576E-01  9.64482E-01
  9.59135E-01  9.55870E-01  9.53561E-01  9.48305E-01  9.42360E-01  9.36045E-01
  9.29584E-01  9.24933E-01  9.19435E-01  9.14231E-01  9.07825E-01  8.97443E-01
  8.85448E-01  8.75472E-01  8.63698E-01  8.53086E-01  8.42795E-01  8.32038E-01
  8.22210E-01  8.01725E-01  7.83004E-01  7.62660E-01  7.44454E-01  7.25929E-01
  7.08155E-01  6.91316E-01  6.74222E-01  6.41903E-01  6.10527E-01  5.81566E-01
  5.53646E-01  5.26952E-01  5.01428E-01  4.77121E-01  4.54593E-01  4.11967E-01
  3.73293E-01  3.38486E-01  3.06896E-01  2.78069E-01  2.51997E-01  2.28507E-01
  2.07554E-01  1.70621E-01  1.40070E-01  1.14901E-01  9.42378E-02  7.77926E-02
  6.42323E-02  5.30740E-02  4.43282E-02  3.01101E-02  2.00737E-02  1.19603E-02
  6.01688E-03  3.26020E-03  1.53945E-03  4.22195E-04  1.48528E-04  1.52670E-04
  2.56627E-04  3.37700E-04 -3.04666E-04 -5.12975E-05 -7.47694E-05  1.11363E-03
  3.39346E-04 -4.85010E-04 -4.34886E-04 -2.26458E-04 -4.32489E-04  2.09280E-04
  1.08333E-03  2.37841E-04  3.91364E-04  5.05979E-05 -1.37039E-03  1.30385E-03
  6.16854E-04  4.00868E-04 -5.78906E-04  3.24213E-03  1.66850E-03 -1.44145E-03
  5.11928E-04 -1.89757E-03 -1.43036E-03 -1.64786E-05  5.07922E-04 -6.07029E-04
 -1.67018E-04 -9.76831E-04 -2.71374E-04  1.64114E-03 -6.57190E-04 -4.12170E-04
 -8.79530E-04 -6.69783E-04  4.82456E-04  6.08155E-04  9.34580E-04 -4.42550E-04
 -1.93971E-04 -1.55155E-03  3.30722E-04 -5.59081E-04 -9.06415E-05  4.24186E-04
 -5.29996E-04  4.12349E-04 -2.44626E-05  2.71571E-05 -2.98310E-04 -3.27493E-04
 -9.70280E-05  2.16005E-04  1.41648E-04 -2.93529E-04  3.02623E-04 -5.40390E-04
  1.45155E-04  2.46582E-04 -7.74791E-05  2.44496E-04  1.33194E-04  3.02620E-05
  2.08217E-04 -2.64183E-04 -2.33492E-04  3.34586E-05 -1.19998E-04  1.14713E-05
  4.15471E-05 -6.98563E-05  1.71188E-04 -1.15012E-04 -1.95218E-04  2.64853E-04
