AutoSaveFileName0090.ASC
 IFORMY    0    .00
 (6E13.7)
 IFORMT    0    .00
 (6E13.7)
 IFORMW    0    .00
 (6E13.7)
 NINTT     0   -1.00
 DOUSNQ    0    1.00
 IQUAD          1.00
 PRWT      0    1.00
 PRY       0    1.00
 IPLRES    1    3.00
 IPLRES    2    3.00
 IPRINT    1    0.00
 IPRINT    2    2.00
 IPLFIT    1    0.00
 IPLFIT    2    0.00
 LINEPG    0   50.
 NONNEG    1    1.00
 IWT       0    5.00
 NQPROG    1    5.00
 NQPROG    2    5.00
 GMNMX     1    2.740E-05
 GMNMX     2    2.740E-02
 RUSER    10    -1.00
 NG        0    200.00
 NLINF     0    0.00
 IUSER    10    4.00
 RUSER    21    1.0
 RUSER    22   -1.0
 RUSER    23    0.0
 RUSER    18         292.19146
 RUSER    17         59.99800
 RUSER    19         1.02563
 RUSER    15         1.33200
 RUSER    16         632.80000
 RUSER    25         1
 RUSER    26         0
 END       0    0.00
 NY      188
  5.00000E-07  6.25000E-07  7.50000E-07  8.75000E-07  1.00000E-06  1.12500E-06
  1.25000E-06  1.37500E-06  1.50000E-06  1.62500E-06  1.75000E-06  1.87500E-06
  2.00000E-06  2.25000E-06  2.50000E-06  2.75000E-06  3.00000E-06  3.25000E-06
  3.50000E-06  3.75000E-06  4.00000E-06  4.50000E-06  5.00000E-06  5.50000E-06
  6.00000E-06  6.50000E-06  7.00000E-06  7.50000E-06  8.00000E-06  9.00000E-06
  1.00000E-05  1.10000E-05  1.20000E-05  1.30000E-05  1.40000E-05  1.50000E-05
  1.60000E-05  1.80000E-05  2.00000E-05  2.20000E-05  2.40000E-05  2.60000E-05
  2.80000E-05  3.00000E-05  3.20000E-05  3.60000E-05  4.00000E-05  4.40000E-05
  4.80000E-05  5.20000E-05  5.60000E-05  6.00000E-05  6.40000E-05  7.20000E-05
  8.00000E-05  8.80000E-05  9.60000E-05  1.04000E-04  1.12000E-04  1.20000E-04
  1.28000E-04  1.44000E-04  1.60000E-04  1.76000E-04  1.92000E-04  2.08000E-04
  2.24000E-04  2.40000E-04  2.56000E-04  2.88000E-04  3.20000E-04  3.52000E-04
  3.84000E-04  4.16000E-04  4.48000E-04  4.80000E-04  5.12000E-04  5.76000E-04
  6.40000E-04  7.04000E-04  7.68000E-04  8.32000E-04  8.96000E-04  9.60000E-04
  1.02400E-03  1.15200E-03  1.28000E-03  1.40800E-03  1.53600E-03  1.66400E-03
  1.79200E-03  1.92000E-03  2.01600E-03  2.27200E-03  2.52800E-03  2.78400E-03
  3.04000E-03  3.29600E-03  3.55200E-03  3.80800E-03  4.06400E-03  4.57600E-03
  5.08800E-03  5.60000E-03  6.11200E-03  6.62400E-03  7.13600E-03  7.64800E-03
  8.16000E-03  9.18400E-03  1.02080E-02  1.12320E-02  1.22560E-02  1.32800E-02
  1.43040E-02  1.53280E-02  1.63520E-02  1.84000E-02  2.04480E-02  2.24960E-02
  2.45440E-02  2.65920E-02  2.86400E-02  3.06880E-02  3.27360E-02  3.68320E-02
  4.09280E-02  4.50240E-02  4.91200E-02  5.32160E-02  5.73120E-02  6.14080E-02
  6.55040E-02  7.36960E-02  8.18880E-02  9.00800E-02  9.82720E-02  1.06464E-01
  1.14656E-01  1.22848E-01  1.31040E-01  1.47424E-01  1.63808E-01  1.80192E-01
  1.96576E-01  2.12960E-01  2.29344E-01  2.45728E-01  2.62112E-01  2.94880E-01
  3.27648E-01  3.60416E-01  3.93184E-01  4.25952E-01  4.58720E-01  4.91488E-01
  5.24256E-01  5.89792E-01  6.55328E-01  7.20864E-01  7.86400E-01  8.51936E-01
  9.17472E-01  9.83008E-01  1.04854E+00  1.17962E+00  1.31069E+00  1.44176E+00
  1.57283E+00  1.70390E+00  1.83498E+00  1.96605E+00  2.09712E+00  2.35926E+00
  2.62141E+00  2.88355E+00  3.14570E+00  3.40784E+00  3.66998E+00  3.93213E+00
  4.19427E+00  4.71856E+00  5.24285E+00  5.76714E+00  6.29142E+00  6.81571E+00
  7.34000E+00  7.86429E+00
  9.95909E-01  9.86651E-01  9.94114E-01  9.94583E-01  9.94549E-01  9.95337E-01
  9.88752E-01  9.88724E-01  9.83571E-01  9.90244E-01  9.83197E-01  9.87391E-01
  9.88156E-01  9.84063E-01  9.93462E-01  9.87745E-01  9.88940E-01  9.85852E-01
  9.82653E-01  9.85751E-01  9.88775E-01  9.85456E-01  9.85779E-01  9.89697E-01
  9.89035E-01  9.91957E-01  9.87344E-01  9.83131E-01  9.88809E-01  9.86199E-01
  9.87944E-01  9.85387E-01  9.87782E-01  9.83290E-01  9.84818E-01  9.83764E-01
  9.85414E-01  9.84466E-01  9.85962E-01  9.83229E-01  9.85655E-01  9.83277E-01
  9.84643E-01  9.83020E-01  9.83528E-01  9.83511E-01  9.82508E-01  9.82489E-01
  9.81911E-01  9.81597E-01  9.81199E-01  9.80561E-01  9.80275E-01  9.79335E-01
  9.78060E-01  9.77116E-01  9.76335E-01  9.75733E-01  9.74016E-01  9.73316E-01
  9.71996E-01  9.70349E-01  9.68181E-01  9.65773E-01  9.64689E-01  9.62834E-01
  9.60476E-01  9.58837E-01  9.56737E-01  9.52923E-01  9.48648E-01  9.44787E-01
  9.40484E-01  9.36657E-01  9.32946E-01  9.29026E-01  9.25180E-01  9.17637E-01
  9.10027E-01  9.02528E-01  8.95039E-01  8.87900E-01  8.80758E-01  8.73708E-01
  8.67169E-01  8.53463E-01  8.39688E-01  8.26305E-01  8.13350E-01  8.00292E-01
  7.87902E-01  7.75158E-01  7.64729E-01  7.40874E-01  7.17922E-01  6.95295E-01
  6.73354E-01  6.52151E-01  6.31242E-01  6.11914E-01  5.93087E-01  5.57630E-01
  5.24884E-01  4.94711E-01  4.66879E-01  4.39652E-01  4.14115E-01  3.88898E-01
  3.65891E-01  3.24765E-01  2.91901E-01  2.64168E-01  2.38473E-01  2.15297E-01
  1.95262E-01  1.76878E-01  1.60163E-01  1.28848E-01  1.02396E-01  7.97121E-02
  6.48132E-02  5.59768E-02  4.79920E-02  3.89398E-02  2.89646E-02  1.78109E-02
  6.77680E-03 -4.59591E-03 -7.15053E-03 -2.97389E-03  6.16884E-03  1.65254E-02
  6.79722E-03  2.62804E-03  6.95531E-03  3.46458E-03  2.45086E-02  1.72683E-02
  1.96067E-03 -3.37645E-03 -7.13459E-03  4.22851E-03  3.14182E-03 -1.53785E-02
 -8.35382E-03  2.23338E-02  1.07514E-02  1.29608E-02  2.72970E-03 -1.44969E-02
 -8.65055E-03 -2.33442E-02 -6.88459E-03  9.91937E-03 -5.25742E-03 -1.80871E-02
 -1.68205E-03  9.67339E-03 -2.21643E-02  1.26519E-02 -8.12631E-03 -1.35091E-02
 -6.79503E-03 -1.98983E-02 -2.43733E-02  2.04955E-03  1.32225E-03  9.28682E-03
  2.32987E-02  3.15500E-03  1.02498E-02  5.43577E-03  1.07092E-02 -2.05018E-03
 -1.35042E-03 -1.11629E-02  3.13257E-03  2.17289E-03  7.53007E-03 -1.14498E-03
  4.52249E-03 -4.80099E-03  2.71536E-03  7.46264E-03 -7.51098E-03 -4.29339E-03
  1.03638E-02 -7.90683E-03
