AutoSaveFileName0030.ASC
 IFORMY    0    .00
 (6E13.7)
 IFORMT    0    .00
 (6E13.7)
 IFORMW    0    .00
 (6E13.7)
 NINTT     0   -1.00
 DOUSNQ    0    1.00
 IQUAD          1.00
 PRWT      0    1.00
 PRY       0    1.00
 IPLRES    1    3.00
 IPLRES    2    3.00
 IPRINT    1    0.00
 IPRINT    2    2.00
 IPLFIT    1    0.00
 IPLFIT    2    0.00
 LINEPG    0   50.
 NONNEG    1    1.00
 IWT       0    5.00
 NQPROG    1    5.00
 NQPROG    2    5.00
 GMNMX     1    1.023E-04
 GMNMX     2    1.023E-01
 RUSER    10    -1.00
 NG        0    200.00
 NLINF     0    0.00
 IUSER    10    4.00
 RUSER    21    1.0
 RUSER    22   -1.0
 RUSER    23    0.0
 RUSER    18         292.16437
 RUSER    17         29.99800
 RUSER    19         1.02631
 RUSER    15         1.33200
 RUSER    16         632.80000
 RUSER    25         1
 RUSER    26         0
 END       0    0.00
 NY      188
  5.00000E-07  6.25000E-07  7.50000E-07  8.75000E-07  1.00000E-06  1.12500E-06
  1.25000E-06  1.37500E-06  1.50000E-06  1.62500E-06  1.75000E-06  1.87500E-06
  2.00000E-06  2.25000E-06  2.50000E-06  2.75000E-06  3.00000E-06  3.25000E-06
  3.50000E-06  3.75000E-06  4.00000E-06  4.50000E-06  5.00000E-06  5.50000E-06
  6.00000E-06  6.50000E-06  7.00000E-06  7.50000E-06  8.00000E-06  9.00000E-06
  1.00000E-05  1.10000E-05  1.20000E-05  1.30000E-05  1.40000E-05  1.50000E-05
  1.60000E-05  1.80000E-05  2.00000E-05  2.20000E-05  2.40000E-05  2.60000E-05
  2.80000E-05  3.00000E-05  3.20000E-05  3.60000E-05  4.00000E-05  4.40000E-05
  4.80000E-05  5.20000E-05  5.60000E-05  6.00000E-05  6.40000E-05  7.20000E-05
  8.00000E-05  8.80000E-05  9.60000E-05  1.04000E-04  1.12000E-04  1.20000E-04
  1.28000E-04  1.44000E-04  1.60000E-04  1.76000E-04  1.92000E-04  2.08000E-04
  2.24000E-04  2.40000E-04  2.56000E-04  2.88000E-04  3.20000E-04  3.52000E-04
  3.84000E-04  4.16000E-04  4.48000E-04  4.80000E-04  5.12000E-04  5.76000E-04
  6.40000E-04  7.04000E-04  7.68000E-04  8.32000E-04  8.96000E-04  9.60000E-04
  1.02400E-03  1.15200E-03  1.28000E-03  1.40800E-03  1.53600E-03  1.66400E-03
  1.79200E-03  1.92000E-03  2.01600E-03  2.27200E-03  2.52800E-03  2.78400E-03
  3.04000E-03  3.29600E-03  3.55200E-03  3.80800E-03  4.06400E-03  4.57600E-03
  5.08800E-03  5.60000E-03  6.11200E-03  6.62400E-03  7.13600E-03  7.64800E-03
  8.16000E-03  9.18400E-03  1.02080E-02  1.12320E-02  1.22560E-02  1.32800E-02
  1.43040E-02  1.53280E-02  1.63520E-02  1.84000E-02  2.04480E-02  2.24960E-02
  2.45440E-02  2.65920E-02  2.86400E-02  3.06880E-02  3.27360E-02  3.68320E-02
  4.09280E-02  4.50240E-02  4.91200E-02  5.32160E-02  5.73120E-02  6.14080E-02
  6.55040E-02  7.36960E-02  8.18880E-02  9.00800E-02  9.82720E-02  1.06464E-01
  1.14656E-01  1.22848E-01  1.31040E-01  1.47424E-01  1.63808E-01  1.80192E-01
  1.96576E-01  2.12960E-01  2.29344E-01  2.45728E-01  2.62112E-01  2.94880E-01
  3.27648E-01  3.60416E-01  3.93184E-01  4.25952E-01  4.58720E-01  4.91488E-01
  5.24256E-01  5.89792E-01  6.55328E-01  7.20864E-01  7.86400E-01  8.51936E-01
  9.17472E-01  9.83008E-01  1.04854E+00  1.17962E+00  1.31069E+00  1.44176E+00
  1.57283E+00  1.70390E+00  1.83498E+00  1.96605E+00  2.09712E+00  2.35926E+00
  2.62141E+00  2.88355E+00  3.14570E+00  3.40784E+00  3.66998E+00  3.93213E+00
  4.19427E+00  4.71856E+00  5.24285E+00  5.76714E+00  6.29142E+00  6.81571E+00
  7.34000E+00  7.86429E+00
  9.99425E-01  9.99657E-01  9.91245E-01  9.87335E-01  9.95626E-01  9.94591E-01
  9.89837E-01  9.95166E-01  9.94567E-01  9.95528E-01  9.93354E-01  9.91754E-01
  9.93133E-01  9.95270E-01  9.94770E-01  9.92004E-01  9.93784E-01  9.96373E-01
  9.94592E-01  9.93655E-01  9.93410E-01  9.90813E-01  9.91159E-01  9.93587E-01
  9.93107E-01  9.92798E-01  9.92228E-01  9.90708E-01  9.91446E-01  9.90177E-01
  9.92044E-01  9.92251E-01  9.92739E-01  9.93454E-01  9.91285E-01  9.90604E-01
  9.92515E-01  9.92230E-01  9.91826E-01  9.91180E-01  9.91076E-01  9.91691E-01
  9.92153E-01  9.90787E-01  9.91634E-01  9.91281E-01  9.91523E-01  9.91827E-01
  9.91129E-01  9.90122E-01  9.90600E-01  9.90823E-01  9.89936E-01  9.89687E-01
  9.89809E-01  9.89383E-01  9.89100E-01  9.88205E-01  9.88486E-01  9.87516E-01
  9.87615E-01  9.86799E-01  9.86755E-01  9.85688E-01  9.84958E-01  9.84806E-01
  9.83690E-01  9.83215E-01  9.82568E-01  9.81714E-01  9.80229E-01  9.79316E-01
  9.77780E-01  9.76637E-01  9.76050E-01  9.74471E-01  9.73604E-01  9.71126E-01
  9.68778E-01  9.66282E-01  9.63956E-01  9.61643E-01  9.59195E-01  9.56772E-01
  9.55486E-01  9.50881E-01  9.46179E-01  9.41448E-01  9.36691E-01  9.32045E-01
  9.27178E-01  9.22632E-01  9.24027E-01  9.14931E-01  9.05823E-01  8.96716E-01
  8.88150E-01  8.79199E-01  8.70616E-01  8.62233E-01  8.54119E-01  8.37557E-01
  8.21296E-01  8.04855E-01  7.88817E-01  7.73098E-01  7.57639E-01  7.42842E-01
  7.29084E-01  7.00787E-01  6.73513E-01  6.47661E-01  6.23426E-01  6.00147E-01
  5.76856E-01  5.54567E-01  5.34395E-01  4.96503E-01  4.62955E-01  4.32357E-01
  4.06276E-01  3.83684E-01  3.62222E-01  3.40130E-01  3.21031E-01  2.84405E-01
  2.52990E-01  2.23478E-01  1.98143E-01  1.77191E-01  1.60091E-01  1.42904E-01
  1.26602E-01  9.27425E-02  7.03253E-02  5.52941E-02  4.37703E-02  3.86182E-02
  3.34144E-02  2.44855E-02  9.50551E-03 -1.24654E-02 -4.59889E-02 -6.27410E-02
 -6.28964E-02 -5.85457E-02 -4.76416E-02 -2.98108E-02 -1.32781E-02  2.54144E-02
  2.30913E-02  2.04788E-02  3.84166E-02  3.56228E-02  2.01045E-02  2.60235E-02
  4.57437E-02  2.81854E-02 -1.62384E-02 -3.02648E-03 -2.97221E-03 -1.17965E-02
  2.59164E-03  1.55462E-02 -4.32237E-02 -2.31733E-02 -2.05183E-02 -1.78316E-02
  1.42909E-02  5.83718E-03  2.02944E-02 -2.29798E-02 -1.08219E-02 -1.72011E-02
 -5.34444E-02 -1.12452E-02  9.23487E-04  4.28323E-02  2.96494E-02  3.96960E-02
 -2.54674E-02 -1.41863E-02  2.97636E-02  1.91391E-02  3.33935E-03  2.70121E-02
  4.51050E-02 -2.63248E-02
