AutoSaveFileName0095.ASC
 IFORMY    0    .00
 (6E13.7)
 IFORMT    0    .00
 (6E13.7)
 IFORMW    0    .00
 (6E13.7)
 NINTT     0   -1.00
 DOUSNQ    0    1.00
 IQUAD          1.00
 PRWT      0    1.00
 PRY       0    1.00
 IPLRES    1    3.00
 IPLRES    2    3.00
 IPRINT    1    0.00
 IPRINT    2    2.00
 IPLFIT    1    0.00
 IPLFIT    2    0.00
 LINEPG    0   50.
 NONNEG    1    1.00
 IWT       0    5.00
 NQPROG    1    5.00
 NQPROG    2    5.00
 GMNMX     1    4.525E-05
 GMNMX     2    4.525E-02
 RUSER    10    -1.00
 NG        0    200.00
 NLINF     0    0.00
 IUSER    10    4.00
 RUSER    21    1.0
 RUSER    22   -1.0
 RUSER    23    0.0
 RUSER    18         291.88780
 RUSER    17         45.99900
 RUSER    19         1.03337
 RUSER    15         1.33200
 RUSER    16         632.80000
 RUSER    25         1
 RUSER    26         0
 END       0    0.00
 NY      131
  3.75000E-07  5.00000E-07  6.25000E-07  7.50000E-07  8.75000E-07  1.00000E-06
  1.12500E-06  1.25000E-06  1.37500E-06  1.50000E-06  1.62500E-06  1.75000E-06
  1.87500E-06  2.00000E-06  2.25000E-06  2.50000E-06  2.75000E-06  3.00000E-06
  3.25000E-06  3.50000E-06  3.75000E-06  4.00000E-06  4.50000E-06  5.00000E-06
  5.50000E-06  6.00000E-06  6.50000E-06  7.00000E-06  7.50000E-06  8.00000E-06
  9.00000E-06  1.00000E-05  1.10000E-05  1.20000E-05  1.30000E-05  1.40000E-05
  1.50000E-05  1.60000E-05  1.80000E-05  2.00000E-05  2.20000E-05  2.40000E-05
  2.60000E-05  2.80000E-05  3.00000E-05  3.20000E-05  3.60000E-05  4.00000E-05
  4.40000E-05  4.80000E-05  5.20000E-05  5.60000E-05  6.00000E-05  6.40000E-05
  7.20000E-05  8.00000E-05  8.80000E-05  9.60000E-05  1.04000E-04  1.12000E-04
  1.20000E-04  1.28000E-04  1.44000E-04  1.60000E-04  1.76000E-04  1.92000E-04
  2.08000E-04  2.24000E-04  2.40000E-04  2.56000E-04  2.88000E-04  3.20000E-04
  3.52000E-04  3.84000E-04  4.16000E-04  4.48000E-04  4.80000E-04  5.12000E-04
  5.76000E-04  6.40000E-04  7.04000E-04  7.68000E-04  8.32000E-04  8.96000E-04
  9.60000E-04  1.02400E-03  1.15200E-03  1.28000E-03  1.40800E-03  1.53600E-03
  1.66400E-03  1.79200E-03  1.92000E-03  2.01600E-03  2.27200E-03  2.52800E-03
  2.78400E-03  3.04000E-03  3.29600E-03  3.55200E-03  3.80800E-03  4.06400E-03
  4.57600E-03  5.08800E-03  5.60000E-03  6.11200E-03  6.62400E-03  7.13600E-03
  7.64800E-03  8.16000E-03  9.18400E-03  1.02080E-02  1.12320E-02  1.22560E-02
  1.32800E-02  1.43040E-02  1.53280E-02  1.63520E-02  1.84000E-02  2.04480E-02
  2.24960E-02  2.45440E-02  2.65920E-02  2.86400E-02  3.06880E-02  3.27360E-02
  3.68320E-02  4.09280E-02  4.50240E-02  4.91200E-02  5.32160E-02
  2.27006E+00  2.28242E+00  2.27167E+00  2.27641E+00  2.26311E+00  2.26760E+00
  2.27097E+00  2.26874E+00  2.26508E+00  2.26435E+00  2.27540E+00  2.26368E+00
  2.26777E+00  2.26312E+00  2.26623E+00  2.26662E+00  2.26531E+00  2.26279E+00
  2.26611E+00  2.26669E+00  2.26498E+00  2.26714E+00  2.26487E+00  2.26607E+00
  2.26273E+00  2.26519E+00  2.26669E+00  2.26353E+00  2.26186E+00  2.26176E+00
  2.26399E+00  2.26418E+00  2.26333E+00  2.26098E+00  2.26231E+00  2.25990E+00
  2.26308E+00  2.26187E+00  2.26015E+00  2.25928E+00  2.26082E+00  2.25787E+00
  2.25750E+00  2.25664E+00  2.25675E+00  2.25616E+00  2.25418E+00  2.25403E+00
  2.25181E+00  2.25085E+00  2.24828E+00  2.24758E+00  2.24551E+00  2.24409E+00
  2.24213E+00  2.23966E+00  2.23681E+00  2.23318E+00  2.23068E+00  2.22759E+00
  2.22463E+00  2.22144E+00  2.21625E+00  2.21070E+00  2.20440E+00  2.19932E+00
  2.19307E+00  2.18813E+00  2.18230E+00  2.17632E+00  2.16558E+00  2.15447E+00
  2.14322E+00  2.13237E+00  2.12097E+00  2.11049E+00  2.09974E+00  2.03570E+00
  2.01448E+00  1.99373E+00  1.97334E+00  1.95270E+00  1.93237E+00  1.91278E+00
  1.89286E+00  1.47544E+00  1.44226E+00  1.40909E+00  1.37725E+00  1.34648E+00
  1.31664E+00  1.28732E+00  1.25863E+00  1.64269E+00  1.57804E+00  1.51507E+00
  1.45502E+00  1.39759E+00  1.34218E+00  1.28921E+00  1.23865E+00  1.19060E+00
  1.09880E+00  1.01308E+00  9.35104E-01  8.62283E-01  7.95555E-01  7.34217E-01
  6.76425E-01  6.23577E-01  5.29876E-01  4.46771E-01  3.74567E-01  3.14200E-01
  2.64198E-01  2.21238E-01  1.86027E-01  1.56693E-01  1.10957E-01  7.31226E-02
  4.12039E-02  1.87750E-02  4.72602E-03  5.18525E-04 -7.75189E-03 -1.43687E-02
 -3.31478E-02 -4.29908E-02 -4.01827E-02 -3.79284E-02 -2.42576E-02
