AutoSaveFileName0129.ASC
 IFORMY    0    .00
 (6E13.7)
 IFORMT    0    .00
 (6E13.7)
 IFORMW    0    .00
 (6E13.7)
 NINTT     0   -1.00
 DOUSNQ    0    1.00
 IQUAD          1.00
 PRWT      0    1.00
 PRY       0    1.00
 IPLRES    1    3.00
 IPLRES    2    3.00
 IPRINT    1    0.00
 IPRINT    2    2.00
 IPLFIT    1    0.00
 IPLFIT    2    0.00
 LINEPG    0   50.
 NONNEG    1    1.00
 IWT       0    5.00
 NQPROG    1    5.00
 NQPROG    2    5.00
 GMNMX     1    2.936E-05
 GMNMX     2    2.936E-02
 RUSER    10    -1.00
 NG        0    200.00
 NLINF     0    0.00
 IUSER    10    4.00
 RUSER    21    1.0
 RUSER    22   -1.0
 RUSER    23    0.0
 RUSER    18         291.92937
 RUSER    17         57.99900
 RUSER    19         1.03230
 RUSER    15         1.33200
 RUSER    16         632.80000
 RUSER    25         1
 RUSER    26         0
 END       0    0.00
 NY      131
  3.75000E-07  5.00000E-07  6.25000E-07  7.50000E-07  8.75000E-07  1.00000E-06
  1.12500E-06  1.25000E-06  1.37500E-06  1.50000E-06  1.62500E-06  1.75000E-06
  1.87500E-06  2.00000E-06  2.25000E-06  2.50000E-06  2.75000E-06  3.00000E-06
  3.25000E-06  3.50000E-06  3.75000E-06  4.00000E-06  4.50000E-06  5.00000E-06
  5.50000E-06  6.00000E-06  6.50000E-06  7.00000E-06  7.50000E-06  8.00000E-06
  9.00000E-06  1.00000E-05  1.10000E-05  1.20000E-05  1.30000E-05  1.40000E-05
  1.50000E-05  1.60000E-05  1.80000E-05  2.00000E-05  2.20000E-05  2.40000E-05
  2.60000E-05  2.80000E-05  3.00000E-05  3.20000E-05  3.60000E-05  4.00000E-05
  4.40000E-05  4.80000E-05  5.20000E-05  5.60000E-05  6.00000E-05  6.40000E-05
  7.20000E-05  8.00000E-05  8.80000E-05  9.60000E-05  1.04000E-04  1.12000E-04
  1.20000E-04  1.28000E-04  1.44000E-04  1.60000E-04  1.76000E-04  1.92000E-04
  2.08000E-04  2.24000E-04  2.40000E-04  2.56000E-04  2.88000E-04  3.20000E-04
  3.52000E-04  3.84000E-04  4.16000E-04  4.48000E-04  4.80000E-04  5.12000E-04
  5.76000E-04  6.40000E-04  7.04000E-04  7.68000E-04  8.32000E-04  8.96000E-04
  9.60000E-04  1.02400E-03  1.15200E-03  1.28000E-03  1.40800E-03  1.53600E-03
  1.66400E-03  1.79200E-03  1.92000E-03  2.01600E-03  2.27200E-03  2.52800E-03
  2.78400E-03  3.04000E-03  3.29600E-03  3.55200E-03  3.80800E-03  4.06400E-03
  4.57600E-03  5.08800E-03  5.60000E-03  6.11200E-03  6.62400E-03  7.13600E-03
  7.64800E-03  8.16000E-03  9.18400E-03  1.02080E-02  1.12320E-02  1.22560E-02
  1.32800E-02  1.43040E-02  1.53280E-02  1.63520E-02  1.84000E-02  2.04480E-02
  2.24960E-02  2.45440E-02  2.65920E-02  2.86400E-02  3.06880E-02  3.27360E-02
  3.68320E-02  4.09280E-02  4.50240E-02  4.91200E-02  5.32160E-02
  7.97059E-01  7.89839E-01  7.91950E-01  7.95166E-01  7.85236E-01  7.91566E-01
  7.94345E-01  7.90855E-01  7.93874E-01  7.91340E-01  7.88905E-01  7.88220E-01
  7.88643E-01  7.90737E-01  7.90303E-01  7.90376E-01  7.89336E-01  7.88520E-01
  7.86971E-01  7.89997E-01  7.87995E-01  7.88000E-01  7.86904E-01  7.90354E-01
  7.91103E-01  7.87519E-01  7.89520E-01  7.87893E-01  7.89713E-01  7.88998E-01
  7.87232E-01  7.86931E-01  7.87700E-01  7.87566E-01  7.87954E-01  7.87566E-01
  7.86273E-01  7.86907E-01  7.86086E-01  7.86096E-01  7.85039E-01  7.85347E-01
  7.84366E-01  7.85327E-01  7.83828E-01  7.83414E-01  7.82753E-01  7.81922E-01
  7.81312E-01  7.80767E-01  7.80397E-01  7.79225E-01  7.77708E-01  7.77485E-01
  7.76196E-01  7.74343E-01  7.72612E-01  7.70991E-01  7.69938E-01  7.68102E-01
  7.66619E-01  7.65785E-01  7.62789E-01  7.59665E-01  7.56813E-01  7.53636E-01
  7.50681E-01  7.47431E-01  7.44303E-01  7.43757E-01  7.37686E-01  7.32301E-01
  7.26361E-01  7.20878E-01  7.14851E-01  7.08830E-01  7.03451E-01  6.98558E-01
  6.87115E-01  6.76254E-01  6.65183E-01  6.54626E-01  6.43848E-01  6.33465E-01
  6.23802E-01  6.11571E-01  5.92507E-01  5.74247E-01  5.56345E-01  5.39322E-01
  5.23068E-01  5.07129E-01  4.91630E-01  4.82181E-01  4.54004E-01  4.27393E-01
  4.02159E-01  3.78026E-01  3.55213E-01  3.33911E-01  3.14674E-01  2.97407E-01
  2.64953E-01  2.35329E-01  2.08967E-01  1.85851E-01  1.65330E-01  1.47234E-01
  1.30740E-01  1.16234E-01  9.18536E-02  7.64314E-02  6.41185E-02  5.34614E-02
  4.27538E-02  3.37872E-02  2.63739E-02  2.19705E-02  1.68041E-02  1.85449E-02
  2.73941E-02  3.59727E-02  3.20808E-02  1.83145E-02  6.34523E-03  6.70946E-04
 -1.59176E-03  3.53695E-05  3.75231E-03  7.04209E-03  8.67659E-04
