AutoSaveFileName0306.ASC
 IFORMY    0    .00
 (6E13.7)
 IFORMT    0    .00
 (6E13.7)
 IFORMW    0    .00
 (6E13.7)
 NINTT     0   -1.00
 DOUSNQ    0    1.00
 IQUAD          1.00
 PRWT      0    1.00
 PRY       0    1.00
 IPLRES    1    3.00
 IPLRES    2    3.00
 IPRINT    1    0.00
 IPRINT    2    2.00
 IPLFIT    1    0.00
 IPLFIT    2    0.00
 LINEPG    0   50.
 NONNEG    1    1.00
 IWT       0    5.00
 NQPROG    1    5.00
 NQPROG    2    5.00
 GMNMX     1    9.422E-06
 GMNMX     2    9.422E-03
 RUSER    10    -1.00
 NG        0    200.00
 NLINF     0    0.00
 IUSER    10    4.00
 RUSER    21    1.0
 RUSER    22   -1.0
 RUSER    23    0.0
 RUSER    18         292.18819
 RUSER    17         116.99900
 RUSER    19         1.02571
 RUSER    15         1.33200
 RUSER    16         632.80000
 RUSER    25         1
 RUSER    26         0
 END       0    0.00
 NY      131
  3.75000E-07  5.00000E-07  6.25000E-07  7.50000E-07  8.75000E-07  1.00000E-06
  1.12500E-06  1.25000E-06  1.37500E-06  1.50000E-06  1.62500E-06  1.75000E-06
  1.87500E-06  2.00000E-06  2.25000E-06  2.50000E-06  2.75000E-06  3.00000E-06
  3.25000E-06  3.50000E-06  3.75000E-06  4.00000E-06  4.50000E-06  5.00000E-06
  5.50000E-06  6.00000E-06  6.50000E-06  7.00000E-06  7.50000E-06  8.00000E-06
  9.00000E-06  1.00000E-05  1.10000E-05  1.20000E-05  1.30000E-05  1.40000E-05
  1.50000E-05  1.60000E-05  1.80000E-05  2.00000E-05  2.20000E-05  2.40000E-05
  2.60000E-05  2.80000E-05  3.00000E-05  3.20000E-05  3.60000E-05  4.00000E-05
  4.40000E-05  4.80000E-05  5.20000E-05  5.60000E-05  6.00000E-05  6.40000E-05
  7.20000E-05  8.00000E-05  8.80000E-05  9.60000E-05  1.04000E-04  1.12000E-04
  1.20000E-04  1.28000E-04  1.44000E-04  1.60000E-04  1.76000E-04  1.92000E-04
  2.08000E-04  2.24000E-04  2.40000E-04  2.56000E-04  2.88000E-04  3.20000E-04
  3.52000E-04  3.84000E-04  4.16000E-04  4.48000E-04  4.80000E-04  5.12000E-04
  5.76000E-04  6.40000E-04  7.04000E-04  7.68000E-04  8.32000E-04  8.96000E-04
  9.60000E-04  1.02400E-03  1.15200E-03  1.28000E-03  1.40800E-03  1.53600E-03
  1.66400E-03  1.79200E-03  1.92000E-03  2.01600E-03  2.27200E-03  2.52800E-03
  2.78400E-03  3.04000E-03  3.29600E-03  3.55200E-03  3.80800E-03  4.06400E-03
  4.57600E-03  5.08800E-03  5.60000E-03  6.11200E-03  6.62400E-03  7.13600E-03
  7.64800E-03  8.16000E-03  9.18400E-03  1.02080E-02  1.12320E-02  1.22560E-02
  1.32800E-02  1.43040E-02  1.53280E-02  1.63520E-02  1.84000E-02  2.04480E-02
  2.24960E-02  2.45440E-02  2.65920E-02  2.86400E-02  3.06880E-02  3.27360E-02
  3.68320E-02  4.09280E-02  4.50240E-02  4.91200E-02  5.32160E-02
  7.97047E-01  7.98404E-01  7.95655E-01  7.95491E-01  7.95035E-01  7.95943E-01
  7.96144E-01  7.95581E-01  7.94996E-01  7.91929E-01  7.93469E-01  7.96499E-01
  7.93110E-01  7.94791E-01  7.92036E-01  7.93081E-01  7.93077E-01  7.95582E-01
  7.92299E-01  7.92869E-01  7.92247E-01  7.93330E-01  7.92752E-01  7.92029E-01
  7.93712E-01  7.90938E-01  7.91205E-01  7.90239E-01  7.90981E-01  7.90592E-01
  7.90776E-01  7.88958E-01  7.88682E-01  7.87900E-01  7.87480E-01  7.87454E-01
  7.86113E-01  7.86051E-01  7.84561E-01  7.83501E-01  7.81615E-01  7.80172E-01
  7.80130E-01  7.78272E-01  7.77110E-01  7.75407E-01  7.73222E-01  7.71677E-01
  7.68459E-01  7.66782E-01  7.63467E-01  7.61394E-01  7.59132E-01  7.56261E-01
  7.52051E-01  7.46891E-01  7.42443E-01  7.37509E-01  7.33299E-01  7.28447E-01
  7.24091E-01  7.19661E-01  7.10411E-01  7.01561E-01  6.92766E-01  6.84056E-01
  6.75317E-01  6.67214E-01  6.58516E-01  6.50254E-01  6.34260E-01  6.18345E-01
  6.02533E-01  5.87543E-01  5.72810E-01  5.58503E-01  5.44596E-01  5.30840E-01
  5.04548E-01  4.79283E-01  4.55934E-01  4.34163E-01  4.13293E-01  3.93389E-01
  3.74713E-01  3.57503E-01  3.24003E-01  2.93788E-01  2.66214E-01  2.41353E-01
  2.18264E-01  1.96870E-01  1.76967E-01  1.64659E-01  1.32906E-01  1.06473E-01
  8.58030E-02  6.89892E-02  5.48913E-02  4.29220E-02  3.30360E-02  2.56003E-02
  1.52221E-02  1.09817E-02  8.89301E-03  7.06256E-03  4.56473E-03  2.45463E-03
  2.74756E-03  1.79666E-03  3.50752E-03  3.58559E-03  6.51961E-03  6.02006E-03
  5.78798E-03 -6.34488E-04 -6.00699E-03 -1.24605E-03  6.95252E-04  1.04182E-03
 -1.15423E-03 -4.49198E-04 -7.76510E-03 -1.51022E-02 -1.25753E-02 -9.62748E-03
  3.79917E-03  1.32861E-04  5.13527E-03  8.40725E-03  4.65814E-03
