AutoSaveFileName0069.ASC
 IFORMY    0    .00
 (6E13.7)
 IFORMT    0    .00
 (6E13.7)
 IFORMW    0    .00
 (6E13.7)
 NINTT     0   -1.00
 DOUSNQ    0    1.00
 IQUAD          1.00
 PRWT      0    1.00
 PRY       0    1.00
 IPLRES    1    3.00
 IPLRES    2    3.00
 IPRINT    1    0.00
 IPRINT    2    2.00
 IPLFIT    1    0.00
 IPLFIT    2    0.00
 LINEPG    0   50.
 NONNEG    1    1.00
 IWT       0    5.00
 NQPROG    1    5.00
 NQPROG    2    5.00
 GMNMX     1    6.523E-05
 GMNMX     2    6.523E-02
 RUSER    10    -1.00
 NG        0    200.00
 NLINF     0    0.00
 IUSER    10    4.00
 RUSER    21    1.0
 RUSER    22   -1.0
 RUSER    23    0.0
 RUSER    18         291.86024
 RUSER    17         37.99900
 RUSER    19         1.03408
 RUSER    15         1.33200
 RUSER    16         632.80000
 RUSER    25         1
 RUSER    26         0
 END       0    0.00
 NY      131
  3.75000E-07  5.00000E-07  6.25000E-07  7.50000E-07  8.75000E-07  1.00000E-06
  1.12500E-06  1.25000E-06  1.37500E-06  1.50000E-06  1.62500E-06  1.75000E-06
  1.87500E-06  2.00000E-06  2.25000E-06  2.50000E-06  2.75000E-06  3.00000E-06
  3.25000E-06  3.50000E-06  3.75000E-06  4.00000E-06  4.50000E-06  5.00000E-06
  5.50000E-06  6.00000E-06  6.50000E-06  7.00000E-06  7.50000E-06  8.00000E-06
  9.00000E-06  1.00000E-05  1.10000E-05  1.20000E-05  1.30000E-05  1.40000E-05
  1.50000E-05  1.60000E-05  1.80000E-05  2.00000E-05  2.20000E-05  2.40000E-05
  2.60000E-05  2.80000E-05  3.00000E-05  3.20000E-05  3.60000E-05  4.00000E-05
  4.40000E-05  4.80000E-05  5.20000E-05  5.60000E-05  6.00000E-05  6.40000E-05
  7.20000E-05  8.00000E-05  8.80000E-05  9.60000E-05  1.04000E-04  1.12000E-04
  1.20000E-04  1.28000E-04  1.44000E-04  1.60000E-04  1.76000E-04  1.92000E-04
  2.08000E-04  2.24000E-04  2.40000E-04  2.56000E-04  2.88000E-04  3.20000E-04
  3.52000E-04  3.84000E-04  4.16000E-04  4.48000E-04  4.80000E-04  5.12000E-04
  5.76000E-04  6.40000E-04  7.04000E-04  7.68000E-04  8.32000E-04  8.96000E-04
  9.60000E-04  1.02400E-03  1.15200E-03  1.28000E-03  1.40800E-03  1.53600E-03
  1.66400E-03  1.79200E-03  1.92000E-03  2.01600E-03  2.27200E-03  2.52800E-03
  2.78400E-03  3.04000E-03  3.29600E-03  3.55200E-03  3.80800E-03  4.06400E-03
  4.57600E-03  5.08800E-03  5.60000E-03  6.11200E-03  6.62400E-03  7.13600E-03
  7.64800E-03  8.16000E-03  9.18400E-03  1.02080E-02  1.12320E-02  1.22560E-02
  1.32800E-02  1.43040E-02  1.53280E-02  1.63520E-02  1.84000E-02  2.04480E-02
  2.24960E-02  2.45440E-02  2.65920E-02  2.86400E-02  3.06880E-02  3.27360E-02
  3.68320E-02  4.09280E-02  4.50240E-02  4.91200E-02  5.32160E-02
  8.35639E-01  8.36258E-01  8.32990E-01  8.34727E-01  8.34069E-01  8.30859E-01
  8.30934E-01  8.33432E-01  8.33572E-01  8.32640E-01  8.31835E-01  8.33544E-01
  8.31586E-01  8.30078E-01  8.33577E-01  8.29034E-01  8.32711E-01  8.28993E-01
  8.29759E-01  8.32222E-01  8.28736E-01  8.31854E-01  8.29412E-01  8.31459E-01
  8.31143E-01  8.31048E-01  8.29360E-01  8.31663E-01  8.29918E-01  8.29375E-01
  8.30157E-01  8.28529E-01  8.30729E-01  8.30285E-01  8.29370E-01  8.29212E-01
  8.28883E-01  8.28720E-01  8.29574E-01  8.28860E-01  8.28477E-01  8.28263E-01
  8.28946E-01  8.28046E-01  8.29124E-01  8.28463E-01  8.27203E-01  8.27575E-01
  8.26999E-01  8.26855E-01  8.25967E-01  8.25534E-01  8.25589E-01  8.25278E-01
  8.24694E-01  8.23772E-01  8.22650E-01  8.22291E-01  8.21304E-01  8.20736E-01
  8.20280E-01  8.19466E-01  8.18171E-01  8.16371E-01  8.15160E-01  8.13543E-01
  8.12035E-01  8.10366E-01  8.09204E-01  8.08037E-01  8.05206E-01  8.02571E-01
  7.99453E-01  7.96666E-01  7.93944E-01  7.90962E-01  7.88116E-01  7.85534E-01
  7.79998E-01  7.74423E-01  7.68985E-01  7.63555E-01  7.58055E-01  7.52708E-01
  7.47079E-01  7.30435E-01  7.20148E-01  7.09844E-01  6.99907E-01  6.89935E-01
  6.80121E-01  6.70638E-01  6.61376E-01  6.61795E-01  6.43734E-01  6.26194E-01
  6.09548E-01  5.93322E-01  5.77497E-01  5.61824E-01  5.46158E-01  5.31092E-01
  5.01492E-01  4.73416E-01  4.47120E-01  4.23143E-01  3.99973E-01  3.78132E-01
  3.57443E-01  3.38981E-01  3.04881E-01  2.74115E-01  2.46013E-01  2.20997E-01
  1.99512E-01  1.79720E-01  1.62457E-01  1.48337E-01  1.21478E-01  9.77864E-02
  7.91013E-02  6.34362E-02  5.21109E-02  4.51713E-02  3.74001E-02  2.85099E-02
  1.19446E-02  2.44583E-03  2.06403E-03  5.80690E-03  1.18554E-02
