AutoSaveFileName0160.ASC
 IFORMY    0    .00
 (6E13.7)
 IFORMT    0    .00
 (6E13.7)
 IFORMW    0    .00
 (6E13.7)
 NINTT     0   -1.00
 DOUSNQ    0    1.00
 IQUAD          1.00
 PRWT      0    1.00
 PRY       0    1.00
 IPLRES    1    3.00
 IPLRES    2    3.00
 IPRINT    1    0.00
 IPRINT    2    2.00
 IPLFIT    1    0.00
 IPLFIT    2    0.00
 LINEPG    0   50.
 NONNEG    1    1.00
 IWT       0    5.00
 NQPROG    1    5.00
 NQPROG    2    5.00
 GMNMX     1    2.204E-05
 GMNMX     2    2.204E-02
 RUSER    10    -1.00
 NG        0    200.00
 NLINF     0    0.00
 IUSER    10    4.00
 RUSER    21    1.0
 RUSER    22   -1.0
 RUSER    23    0.0
 RUSER    18         291.97000
 RUSER    17         67.99900
 RUSER    19         1.03126
 RUSER    15         1.33200
 RUSER    16         632.80000
 RUSER    25         1
 RUSER    26         0
 END       0    0.00
 NY      131
  3.75000E-07  5.00000E-07  6.25000E-07  7.50000E-07  8.75000E-07  1.00000E-06
  1.12500E-06  1.25000E-06  1.37500E-06  1.50000E-06  1.62500E-06  1.75000E-06
  1.87500E-06  2.00000E-06  2.25000E-06  2.50000E-06  2.75000E-06  3.00000E-06
  3.25000E-06  3.50000E-06  3.75000E-06  4.00000E-06  4.50000E-06  5.00000E-06
  5.50000E-06  6.00000E-06  6.50000E-06  7.00000E-06  7.50000E-06  8.00000E-06
  9.00000E-06  1.00000E-05  1.10000E-05  1.20000E-05  1.30000E-05  1.40000E-05
  1.50000E-05  1.60000E-05  1.80000E-05  2.00000E-05  2.20000E-05  2.40000E-05
  2.60000E-05  2.80000E-05  3.00000E-05  3.20000E-05  3.60000E-05  4.00000E-05
  4.40000E-05  4.80000E-05  5.20000E-05  5.60000E-05  6.00000E-05  6.40000E-05
  7.20000E-05  8.00000E-05  8.80000E-05  9.60000E-05  1.04000E-04  1.12000E-04
  1.20000E-04  1.28000E-04  1.44000E-04  1.60000E-04  1.76000E-04  1.92000E-04
  2.08000E-04  2.24000E-04  2.40000E-04  2.56000E-04  2.88000E-04  3.20000E-04
  3.52000E-04  3.84000E-04  4.16000E-04  4.48000E-04  4.80000E-04  5.12000E-04
  5.76000E-04  6.40000E-04  7.04000E-04  7.68000E-04  8.32000E-04  8.96000E-04
  9.60000E-04  1.02400E-03  1.15200E-03  1.28000E-03  1.40800E-03  1.53600E-03
  1.66400E-03  1.79200E-03  1.92000E-03  2.01600E-03  2.27200E-03  2.52800E-03
  2.78400E-03  3.04000E-03  3.29600E-03  3.55200E-03  3.80800E-03  4.06400E-03
  4.57600E-03  5.08800E-03  5.60000E-03  6.11200E-03  6.62400E-03  7.13600E-03
  7.64800E-03  8.16000E-03  9.18400E-03  1.02080E-02  1.12320E-02  1.22560E-02
  1.32800E-02  1.43040E-02  1.53280E-02  1.63520E-02  1.84000E-02  2.04480E-02
  2.24960E-02  2.45440E-02  2.65920E-02  2.86400E-02  3.06880E-02  3.27360E-02
  3.68320E-02  4.09280E-02  4.50240E-02  4.91200E-02  5.32160E-02
  1.54206E+00  1.53597E+00  1.53417E+00  1.53584E+00  1.53104E+00  1.53347E+00
  1.53247E+00  1.52845E+00  1.53046E+00  1.53399E+00  1.53058E+00  1.52539E+00
  1.53074E+00  1.53118E+00  1.53341E+00  1.53001E+00  1.52921E+00  1.52839E+00
  1.52863E+00  1.53109E+00  1.53051E+00  1.52943E+00  1.52909E+00  1.52924E+00
  1.52902E+00  1.52847E+00  1.52824E+00  1.52711E+00  1.52719E+00  1.52704E+00
  1.52771E+00  1.52749E+00  1.52700E+00  1.52528E+00  1.52605E+00  1.52508E+00
  1.52457E+00  1.52350E+00  1.52338E+00  1.52201E+00  1.52199E+00  1.52150E+00
  1.52060E+00  1.51979E+00  1.51726E+00  1.51730E+00  1.51488E+00  1.51350E+00
  1.51109E+00  1.50941E+00  1.50831E+00  1.50608E+00  1.50411E+00  1.50202E+00
  1.49852E+00  1.49510E+00  1.49186E+00  1.48795E+00  1.48469E+00  1.48133E+00
  1.47732E+00  1.47415E+00  1.46731E+00  1.46038E+00  1.45357E+00  1.44695E+00
  1.43982E+00  1.43309E+00  1.42623E+00  1.41940E+00  1.40625E+00  1.39345E+00
  1.38001E+00  1.36710E+00  1.35423E+00  1.34158E+00  1.32894E+00  1.31700E+00
  1.29228E+00  1.26819E+00  1.24462E+00  1.22154E+00  1.19912E+00  1.17693E+00
  1.15508E+00  1.13442E+00  1.09343E+00  1.05376E+00  1.01613E+00  9.80221E-01
  9.45758E-01  9.12807E-01  8.81009E-01  8.56586E-01  7.96227E-01  7.39763E-01
  6.86678E-01  6.37972E-01  5.93384E-01  5.52309E-01  5.13440E-01  4.77663E-01
  4.11707E-01  3.52468E-01  3.00738E-01  2.59418E-01  2.25599E-01  1.97206E-01
  1.73787E-01  1.55168E-01  1.28152E-01  1.12368E-01  1.01342E-01  8.53468E-02
  6.87472E-02  5.40131E-02  4.22542E-02  3.81592E-02  3.19536E-02  3.92234E-02
  3.70925E-02  2.98806E-02  2.61354E-02  1.56276E-02  1.11328E-02  9.88303E-03
  1.76760E-02  1.22287E-02  1.55928E-02  2.38589E-02  1.80216E-02
