AutoSaveFileName0130.ASC
 IFORMY    0    .00
 (6E13.7)
 IFORMT    0    .00
 (6E13.7)
 IFORMW    0    .00
 (6E13.7)
 NINTT     0   -1.00
 DOUSNQ    0    1.00
 IQUAD          1.00
 PRWT      0    1.00
 PRY       0    1.00
 IPLRES    1    3.00
 IPLRES    2    3.00
 IPRINT    1    0.00
 IPRINT    2    2.00
 IPLFIT    1    0.00
 IPLFIT    2    0.00
 LINEPG    0   50.
 NONNEG    1    1.00
 IWT       0    5.00
 NQPROG    1    5.00
 NQPROG    2    5.00
 GMNMX     1    2.936E-05
 GMNMX     2    2.936E-02
 RUSER    10    -1.00
 NG        0    200.00
 NLINF     0    0.00
 IUSER    10    4.00
 RUSER    21    1.0
 RUSER    22   -1.0
 RUSER    23    0.0
 RUSER    18         291.92999
 RUSER    17         57.99900
 RUSER    19         1.03229
 RUSER    15         1.33200
 RUSER    16         632.80000
 RUSER    25         1
 RUSER    26         0
 END       0    0.00
 NY      131
  3.75000E-07  5.00000E-07  6.25000E-07  7.50000E-07  8.75000E-07  1.00000E-06
  1.12500E-06  1.25000E-06  1.37500E-06  1.50000E-06  1.62500E-06  1.75000E-06
  1.87500E-06  2.00000E-06  2.25000E-06  2.50000E-06  2.75000E-06  3.00000E-06
  3.25000E-06  3.50000E-06  3.75000E-06  4.00000E-06  4.50000E-06  5.00000E-06
  5.50000E-06  6.00000E-06  6.50000E-06  7.00000E-06  7.50000E-06  8.00000E-06
  9.00000E-06  1.00000E-05  1.10000E-05  1.20000E-05  1.30000E-05  1.40000E-05
  1.50000E-05  1.60000E-05  1.80000E-05  2.00000E-05  2.20000E-05  2.40000E-05
  2.60000E-05  2.80000E-05  3.00000E-05  3.20000E-05  3.60000E-05  4.00000E-05
  4.40000E-05  4.80000E-05  5.20000E-05  5.60000E-05  6.00000E-05  6.40000E-05
  7.20000E-05  8.00000E-05  8.80000E-05  9.60000E-05  1.04000E-04  1.12000E-04
  1.20000E-04  1.28000E-04  1.44000E-04  1.60000E-04  1.76000E-04  1.92000E-04
  2.08000E-04  2.24000E-04  2.40000E-04  2.56000E-04  2.88000E-04  3.20000E-04
  3.52000E-04  3.84000E-04  4.16000E-04  4.48000E-04  4.80000E-04  5.12000E-04
  5.76000E-04  6.40000E-04  7.04000E-04  7.68000E-04  8.32000E-04  8.96000E-04
  9.60000E-04  1.02400E-03  1.15200E-03  1.28000E-03  1.40800E-03  1.53600E-03
  1.66400E-03  1.79200E-03  1.92000E-03  2.01600E-03  2.27200E-03  2.52800E-03
  2.78400E-03  3.04000E-03  3.29600E-03  3.55200E-03  3.80800E-03  4.06400E-03
  4.57600E-03  5.08800E-03  5.60000E-03  6.11200E-03  6.62400E-03  7.13600E-03
  7.64800E-03  8.16000E-03  9.18400E-03  1.02080E-02  1.12320E-02  1.22560E-02
  1.32800E-02  1.43040E-02  1.53280E-02  1.63520E-02  1.84000E-02  2.04480E-02
  2.24960E-02  2.45440E-02  2.65920E-02  2.86400E-02  3.06880E-02  3.27360E-02
  3.68320E-02  4.09280E-02  4.50240E-02  4.91200E-02  5.32160E-02
  1.66712E+00  1.65638E+00  1.65796E+00  1.66089E+00  1.65039E+00  1.65723E+00
  1.66210E+00  1.65989E+00  1.65619E+00  1.65167E+00  1.65510E+00  1.65345E+00
  1.65252E+00  1.65417E+00  1.65299E+00  1.65108E+00  1.65328E+00  1.65047E+00
  1.65075E+00  1.65194E+00  1.65365E+00  1.65192E+00  1.64740E+00  1.65454E+00
  1.65495E+00  1.65085E+00  1.65392E+00  1.65053E+00  1.65258E+00  1.65256E+00
  1.65093E+00  1.64966E+00  1.65092E+00  1.64874E+00  1.65097E+00  1.64835E+00
  1.64784E+00  1.64819E+00  1.64760E+00  1.64720E+00  1.64539E+00  1.64545E+00
  1.64398E+00  1.64484E+00  1.64234E+00  1.64092E+00  1.64089E+00  1.63960E+00
  1.63726E+00  1.63560E+00  1.63520E+00  1.63352E+00  1.63107E+00  1.63001E+00
  1.62744E+00  1.62383E+00  1.62011E+00  1.61771E+00  1.61492E+00  1.61115E+00
  1.60914E+00  1.60610E+00  1.60012E+00  1.59399E+00  1.58807E+00  1.58209E+00
  1.57570E+00  1.57019E+00  1.56377E+00  1.56060E+00  1.54837E+00  1.53753E+00
  1.52606E+00  1.51469E+00  1.50298E+00  1.49173E+00  1.48094E+00  1.47058E+00
  1.44807E+00  1.42672E+00  1.40519E+00  1.38478E+00  1.36399E+00  1.34358E+00
  1.32444E+00  1.29821E+00  1.26021E+00  1.22432E+00  1.18891E+00  1.15507E+00
  1.12277E+00  1.09120E+00  1.06114E+00  1.04883E+00  9.92671E-01  9.39666E-01
  8.89467E-01  8.41428E-01  7.95938E-01  7.53673E-01  7.14814E-01  6.78804E-01
  6.10714E-01  5.48354E-01  4.92892E-01  4.43287E-01  3.98011E-01  3.57264E-01
  3.20944E-01  2.88169E-01  2.28590E-01  1.81342E-01  1.45659E-01  1.17384E-01
  9.34669E-02  7.66814E-02  6.26588E-02  5.45794E-02  4.00138E-02  3.66583E-02
  4.40346E-02  4.59886E-02  3.66634E-02  1.91623E-02  4.37650E-03 -3.89429E-03
 -8.25104E-03 -1.82041E-03  3.53265E-03  5.32918E-03 -3.48010E-03
