AutoSaveFileName0220.ASC
 IFORMY    0    .00
 (6E13.7)
 IFORMT    0    .00
 (6E13.7)
 IFORMW    0    .00
 (6E13.7)
 NINTT     0   -1.00
 DOUSNQ    0    1.00
 IQUAD          1.00
 PRWT      0    1.00
 PRY       0    1.00
 IPLRES    1    3.00
 IPLRES    2    3.00
 IPRINT    1    0.00
 IPRINT    2    2.00
 IPLFIT    1    0.00
 IPLFIT    2    0.00
 LINEPG    0   50.
 NONNEG    1    1.00
 IWT       0    5.00
 NQPROG    1    5.00
 NQPROG    2    5.00
 GMNMX     1    1.425E-05
 GMNMX     2    1.425E-02
 RUSER    10    -1.00
 NG        0    200.00
 NLINF     0    0.00
 IUSER    10    4.00
 RUSER    21    1.0
 RUSER    22   -1.0
 RUSER    23    0.0
 RUSER    18         292.05568
 RUSER    17         87.99900
 RUSER    19         1.02908
 RUSER    15         1.33200
 RUSER    16         632.80000
 RUSER    25         1
 RUSER    26         0
 END       0    0.00
 NY      131
  3.75000E-07  5.00000E-07  6.25000E-07  7.50000E-07  8.75000E-07  1.00000E-06
  1.12500E-06  1.25000E-06  1.37500E-06  1.50000E-06  1.62500E-06  1.75000E-06
  1.87500E-06  2.00000E-06  2.25000E-06  2.50000E-06  2.75000E-06  3.00000E-06
  3.25000E-06  3.50000E-06  3.75000E-06  4.00000E-06  4.50000E-06  5.00000E-06
  5.50000E-06  6.00000E-06  6.50000E-06  7.00000E-06  7.50000E-06  8.00000E-06
  9.00000E-06  1.00000E-05  1.10000E-05  1.20000E-05  1.30000E-05  1.40000E-05
  1.50000E-05  1.60000E-05  1.80000E-05  2.00000E-05  2.20000E-05  2.40000E-05
  2.60000E-05  2.80000E-05  3.00000E-05  3.20000E-05  3.60000E-05  4.00000E-05
  4.40000E-05  4.80000E-05  5.20000E-05  5.60000E-05  6.00000E-05  6.40000E-05
  7.20000E-05  8.00000E-05  8.80000E-05  9.60000E-05  1.04000E-04  1.12000E-04
  1.20000E-04  1.28000E-04  1.44000E-04  1.60000E-04  1.76000E-04  1.92000E-04
  2.08000E-04  2.24000E-04  2.40000E-04  2.56000E-04  2.88000E-04  3.20000E-04
  3.52000E-04  3.84000E-04  4.16000E-04  4.48000E-04  4.80000E-04  5.12000E-04
  5.76000E-04  6.40000E-04  7.04000E-04  7.68000E-04  8.32000E-04  8.96000E-04
  9.60000E-04  1.02400E-03  1.15200E-03  1.28000E-03  1.40800E-03  1.53600E-03
  1.66400E-03  1.79200E-03  1.92000E-03  2.01600E-03  2.27200E-03  2.52800E-03
  2.78400E-03  3.04000E-03  3.29600E-03  3.55200E-03  3.80800E-03  4.06400E-03
  4.57600E-03  5.08800E-03  5.60000E-03  6.11200E-03  6.62400E-03  7.13600E-03
  7.64800E-03  8.16000E-03  9.18400E-03  1.02080E-02  1.12320E-02  1.22560E-02
  1.32800E-02  1.43040E-02  1.53280E-02  1.63520E-02  1.84000E-02  2.04480E-02
  2.24960E-02  2.45440E-02  2.65920E-02  2.86400E-02  3.06880E-02  3.27360E-02
  3.68320E-02  4.09280E-02  4.50240E-02  4.91200E-02  5.32160E-02
  1.66036E+00  1.65983E+00  1.65744E+00  1.65505E+00  1.65655E+00  1.65229E+00
  1.65557E+00  1.65050E+00  1.65153E+00  1.65525E+00  1.65636E+00  1.64921E+00
  1.65078E+00  1.65063E+00  1.64762E+00  1.64682E+00  1.65049E+00  1.65311E+00
  1.64942E+00  1.65405E+00  1.64971E+00  1.65084E+00  1.64859E+00  1.64939E+00
  1.64759E+00  1.64568E+00  1.64756E+00  1.64792E+00  1.64867E+00  1.64769E+00
  1.64654E+00  1.64304E+00  1.64548E+00  1.64200E+00  1.64177E+00  1.64151E+00
  1.64091E+00  1.63770E+00  1.63793E+00  1.63755E+00  1.63584E+00  1.63414E+00
  1.63302E+00  1.62976E+00  1.62966E+00  1.62799E+00  1.62438E+00  1.62186E+00
  1.61818E+00  1.61614E+00  1.61237E+00  1.60830E+00  1.60656E+00  1.60315E+00
  1.59674E+00  1.59059E+00  1.58414E+00  1.57868E+00  1.57283E+00  1.56555E+00
  1.55997E+00  1.55409E+00  1.54155E+00  1.53003E+00  1.51810E+00  1.50624E+00
  1.49448E+00  1.48287E+00  1.47167E+00  1.46057E+00  1.43794E+00  1.41600E+00
  1.39457E+00  1.37314E+00  1.35184E+00  1.33098E+00  1.31073E+00  1.29085E+00
  1.25220E+00  1.21441E+00  1.17779E+00  1.14200E+00  1.10779E+00  1.07491E+00
  1.04323E+00  9.82946E-01  9.24507E-01  8.70521E-01  8.20416E-01  7.73562E-01
  7.29183E-01  6.88137E-01  6.49431E-01  6.40374E-01  5.71589E-01  5.10706E-01
  4.57230E-01  4.09300E-01  3.67873E-01  3.30875E-01  2.98369E-01  2.68927E-01
  2.18094E-01  1.77489E-01  1.45395E-01  1.20079E-01  9.92638E-02  8.08854E-02
  6.62500E-02  5.36635E-02  3.25928E-02  1.57629E-02  8.82760E-03  7.01517E-03
  6.25850E-03  4.51824E-03  1.77386E-03 -2.41544E-03 -3.08751E-03 -1.25001E-02
 -2.92214E-02 -2.97543E-02 -1.58658E-02 -7.81573E-03 -2.17660E-02 -2.54992E-02
 -6.50023E-03  5.59765E-03  2.97016E-03  1.49705E-03  1.20754E-02
