AutoSaveFileName0163.ASC
 IFORMY    0    .00
 (6E13.7)
 IFORMT    0    .00
 (6E13.7)
 IFORMW    0    .00
 (6E13.7)
 NINTT     0   -1.00
 DOUSNQ    0    1.00
 IQUAD     0    1.00
 PRWT      0    1.00
 PRY       0    1.00
 IPLRES    1    3.00
 IPLRES    2    3.00
 IPRINT    1    0.00
 IPRINT    2    2.00
 IPLFIT    1    0.00
 IPLFIT    2    0.00
 LINEPG    0   50.
 NONNEG    1    1.00
 IWT       0    5.00
 NQPROG    1    5.00
 NQPROG    2    5.00
 GMNMX     1    4.93776E-03
 GMNMX     2    1.77253E-03
 RUSER    10    -1.00
 NG        0    500.00
 NLINF     0    1.00
 IUSER    10    4.00
 RUSER    21    1.0
 RUSER    22   -1.0
 RUSER    23    0.0
 RUSER    18         292.02162
 RUSER    17         94.99900
 RUSER    19         1.02995
 RUSER    15         1.33200
 RUSER    16         632.80000
 RUSER    25         1
 RUSER    26         0
 END       0    0.00
 NY      162
  7.50000E-07  8.75000E-07  1.00000E-06  1.12500E-06  1.25000E-06  1.37500E-06
  1.50000E-06  1.62500E-06  1.75000E-06  1.87500E-06  2.00000E-06  2.25000E-06
  2.50000E-06  2.75000E-06  3.00000E-06  3.25000E-06  3.50000E-06  3.75000E-06
  4.00000E-06  4.50000E-06  5.00000E-06  5.50000E-06  6.00000E-06  6.50000E-06
  7.00000E-06  7.50000E-06  8.00000E-06  9.00000E-06  1.00000E-05  1.10000E-05
  1.20000E-05  1.30000E-05  1.40000E-05  1.50000E-05  1.60000E-05  1.80000E-05
  2.00000E-05  2.20000E-05  2.40000E-05  2.60000E-05  2.80000E-05  3.00000E-05
  3.20000E-05  3.60000E-05  4.00000E-05  4.40000E-05  4.80000E-05  5.20000E-05
  5.60000E-05  6.00000E-05  6.40000E-05  7.20000E-05  8.00000E-05  8.80000E-05
  9.60000E-05  1.04000E-04  1.12000E-04  1.20000E-04  1.28000E-04  1.44000E-04
  1.60000E-04  1.76000E-04  1.92000E-04  2.08000E-04  2.24000E-04  2.40000E-04
  2.56000E-04  2.88000E-04  3.20000E-04  3.52000E-04  3.84000E-04  4.16000E-04
  4.48000E-04  4.80000E-04  5.12000E-04  5.76000E-04  6.40000E-04  7.04000E-04
  7.68000E-04  8.32000E-04  8.96000E-04  9.60000E-04  1.02400E-03  1.15200E-03
  1.28000E-03  1.40800E-03  1.53600E-03  1.66400E-03  1.79200E-03  1.92000E-03
  2.01600E-03  2.27200E-03  2.52800E-03  2.78400E-03  3.04000E-03  3.29600E-03
  3.55200E-03  3.80800E-03  4.06400E-03  4.57600E-03  5.08800E-03  5.60000E-03
  6.11200E-03  6.62400E-03  7.13600E-03  7.64800E-03  8.16000E-03  9.18400E-03
  1.02080E-02  1.12320E-02  1.22560E-02  1.32800E-02  1.43040E-02  1.53280E-02
  1.63520E-02  1.84000E-02  2.04480E-02  2.24960E-02  2.45440E-02  2.65920E-02
  2.86400E-02  3.06880E-02  3.27360E-02  3.68320E-02  4.09280E-02  4.50240E-02
  4.91200E-02  5.32160E-02  5.73120E-02  6.14080E-02  6.55040E-02  7.36960E-02
  8.18880E-02  9.00800E-02  9.82720E-02  1.06464E-01  1.14656E-01  1.22848E-01
  1.31040E-01  1.47424E-01  1.63808E-01  1.80192E-01  1.96576E-01  2.12960E-01
  2.29344E-01  2.45728E-01  2.62112E-01  2.94880E-01  3.27648E-01  3.60416E-01
  3.93184E-01  4.25952E-01  4.58720E-01  4.91488E-01  5.24256E-01  5.89792E-01
  6.55328E-01  7.20864E-01  7.86400E-01  8.51936E-01  9.17472E-01  9.83008E-01
  1.00000E+00  9.94148E-01  9.98841E-01  9.93691E-01  9.94852E-01  9.94410E-01
  9.92989E-01  9.90584E-01  9.92680E-01  9.89809E-01  9.88435E-01  9.86042E-01
  9.89495E-01  9.85023E-01  9.88441E-01  9.84365E-01  9.83651E-01  9.82938E-01
  9.82912E-01  9.81968E-01  9.78716E-01  9.77578E-01  9.74299E-01  9.74940E-01
  9.71303E-01  9.71461E-01  9.68290E-01  9.65902E-01  9.61622E-01  9.57875E-01
  9.54067E-01  9.52407E-01  9.47673E-01  9.43832E-01  9.41940E-01  9.34536E-01
  9.28407E-01  9.20586E-01  9.13208E-01  9.07312E-01  9.01320E-01  8.94187E-01
  8.88061E-01  8.75025E-01  8.62299E-01  8.50600E-01  8.37387E-01  8.26186E-01
  8.14351E-01  8.01441E-01  7.90246E-01  7.67788E-01  7.46082E-01  7.24688E-01
  7.04269E-01  6.84147E-01  6.64654E-01  6.45644E-01  6.27528E-01  5.91497E-01
  5.58806E-01  5.27532E-01  4.97546E-01  4.70066E-01  4.43570E-01  4.19474E-01
  3.96469E-01  3.53261E-01  3.15012E-01  2.80899E-01  2.50347E-01  2.23044E-01
  1.99200E-01  1.77520E-01  1.59244E-01  1.26732E-01  1.00602E-01  8.02279E-02
  6.39451E-02  5.16040E-02  4.15377E-02  3.34426E-02  2.74677E-02  1.74722E-02
  1.11547E-02  6.83882E-03  3.78033E-03  2.36254E-03  9.52069E-04 -1.14818E-03
 -2.20793E-03 -2.59285E-03 -2.60574E-03 -4.16935E-03 -2.57038E-03 -5.50292E-04
 -1.99773E-04  1.92186E-04  1.09778E-03  1.32267E-03  6.71787E-04  9.67387E-04
  7.79173E-04  1.40066E-03  2.58697E-03  7.18536E-04  1.01969E-04  5.86902E-04
  2.47120E-04 -3.55853E-04  1.11952E-03  9.95569E-04 -1.18367E-03  7.90921E-04
 -8.25787E-04 -6.99712E-04 -6.01766E-04 -5.11271E-04 -2.35083E-04  9.14909E-04
 -2.62553E-03 -6.25082E-04  2.83754E-04  5.44527E-04 -1.62269E-04  5.62736E-04
  4.63008E-04 -1.11307E-03 -1.35615E-03 -2.28847E-04 -5.84707E-04 -8.17382E-04
  3.97165E-04 -3.99896E-04  1.28283E-03 -1.56830E-03 -2.31940E-04 -5.73943E-04
 -1.25448E-04 -5.13620E-04 -2.18882E-04 -1.50555E-04 -7.33848E-05  5.93998E-04
  6.02870E-04 -2.62366E-05  3.57958E-04  6.60324E-04  4.62502E-05 -3.43106E-05
 -2.84595E-04 -3.39609E-05 -4.31508E-04  3.67001E-04  3.98327E-04 -1.61356E-04
 -4.15171E-04  3.46291E-05 -2.56051E-04  1.55638E-05  3.81102E-04 -2.88486E-04
