AutoSaveFileName0340.ASC
 IFORMY    0    .00
 (6E13.7)
 IFORMT    0    .00
 (6E13.7)
 IFORMW    0    .00
 (6E13.7)
 NINTT     0   -1.00
 DOUSNQ    0    1.00
 IQUAD          1.00
 PRWT      0    1.00
 PRY       0    1.00
 IPLRES    1    3.00
 IPLRES    2    3.00
 IPRINT    1    0.00
 IPRINT    2    2.00
 IPLFIT    1    0.00
 IPLFIT    2    0.00
 LINEPG    0   50.
 NONNEG    1    1.00
 IWT       0    5.00
 NQPROG    1    5.00
 NQPROG    2    5.00
 GMNMX     1    8.465E-06
 GMNMX     2    8.465E-03
 RUSER    10    -1.00
 NG        0    200.00
 NLINF     0    0.00
 IUSER    10    4.00
 RUSER    21    1.0
 RUSER    22   -1.0
 RUSER    23    0.0
 RUSER    18         292.25017
 RUSER    17         127.99900
 RUSER    19         1.02414
 RUSER    15         1.33200
 RUSER    16         632.80000
 RUSER    25         1
 RUSER    26         0
 END       0    0.00
 NY      131
  3.75000E-07  5.00000E-07  6.25000E-07  7.50000E-07  8.75000E-07  1.00000E-06
  1.12500E-06  1.25000E-06  1.37500E-06  1.50000E-06  1.62500E-06  1.75000E-06
  1.87500E-06  2.00000E-06  2.25000E-06  2.50000E-06  2.75000E-06  3.00000E-06
  3.25000E-06  3.50000E-06  3.75000E-06  4.00000E-06  4.50000E-06  5.00000E-06
  5.50000E-06  6.00000E-06  6.50000E-06  7.00000E-06  7.50000E-06  8.00000E-06
  9.00000E-06  1.00000E-05  1.10000E-05  1.20000E-05  1.30000E-05  1.40000E-05
  1.50000E-05  1.60000E-05  1.80000E-05  2.00000E-05  2.20000E-05  2.40000E-05
  2.60000E-05  2.80000E-05  3.00000E-05  3.20000E-05  3.60000E-05  4.00000E-05
  4.40000E-05  4.80000E-05  5.20000E-05  5.60000E-05  6.00000E-05  6.40000E-05
  7.20000E-05  8.00000E-05  8.80000E-05  9.60000E-05  1.04000E-04  1.12000E-04
  1.20000E-04  1.28000E-04  1.44000E-04  1.60000E-04  1.76000E-04  1.92000E-04
  2.08000E-04  2.24000E-04  2.40000E-04  2.56000E-04  2.88000E-04  3.20000E-04
  3.52000E-04  3.84000E-04  4.16000E-04  4.48000E-04  4.80000E-04  5.12000E-04
  5.76000E-04  6.40000E-04  7.04000E-04  7.68000E-04  8.32000E-04  8.96000E-04
  9.60000E-04  1.02400E-03  1.15200E-03  1.28000E-03  1.40800E-03  1.53600E-03
  1.66400E-03  1.79200E-03  1.92000E-03  2.01600E-03  2.27200E-03  2.52800E-03
  2.78400E-03  3.04000E-03  3.29600E-03  3.55200E-03  3.80800E-03  4.06400E-03
  4.57600E-03  5.08800E-03  5.60000E-03  6.11200E-03  6.62400E-03  7.13600E-03
  7.64800E-03  8.16000E-03  9.18400E-03  1.02080E-02  1.12320E-02  1.22560E-02
  1.32800E-02  1.43040E-02  1.53280E-02  1.63520E-02  1.84000E-02  2.04480E-02
  2.24960E-02  2.45440E-02  2.65920E-02  2.86400E-02  3.06880E-02  3.27360E-02
  3.68320E-02  4.09280E-02  4.50240E-02  4.91200E-02  5.32160E-02
  1.66112E+00  1.65983E+00  1.65498E+00  1.65184E+00  1.64768E+00  1.64746E+00
  1.64229E+00  1.65162E+00  1.65034E+00  1.64354E+00  1.64492E+00  1.65458E+00
  1.64708E+00  1.64520E+00  1.64438E+00  1.64103E+00  1.64145E+00  1.64165E+00
  1.64251E+00  1.64264E+00  1.64164E+00  1.64267E+00  1.64379E+00  1.64060E+00
  1.63772E+00  1.64069E+00  1.64104E+00  1.63777E+00  1.63755E+00  1.63929E+00
  1.63606E+00  1.63417E+00  1.63124E+00  1.63218E+00  1.63146E+00  1.62774E+00
  1.62750E+00  1.62748E+00  1.62297E+00  1.61985E+00  1.61842E+00  1.61510E+00
  1.61239E+00  1.61047E+00  1.60830E+00  1.60566E+00  1.59962E+00  1.59475E+00
  1.58848E+00  1.58314E+00  1.57729E+00  1.57353E+00  1.56627E+00  1.56300E+00
  1.55171E+00  1.54103E+00  1.53178E+00  1.52212E+00  1.51050E+00  1.50191E+00
  1.49222E+00  1.48217E+00  1.46134E+00  1.44276E+00  1.42446E+00  1.40570E+00
  1.38728E+00  1.36877E+00  1.35060E+00  1.33344E+00  1.29875E+00  1.26463E+00
  1.23197E+00  1.20025E+00  1.16887E+00  1.13876E+00  1.10919E+00  1.08046E+00
  1.02519E+00  9.73150E-01  9.23666E-01  8.76769E-01  8.33466E-01  7.92607E-01
  7.53562E-01  7.16465E-01  6.47198E-01  5.85654E-01  5.29495E-01  4.78361E-01
  4.31878E-01  3.90028E-01  3.52113E-01  3.25820E-01  2.63057E-01  2.12263E-01
  1.71169E-01  1.36930E-01  1.10212E-01  8.94119E-02  7.17527E-02  5.82557E-02
  3.55440E-02  1.86505E-02  6.74576E-03 -2.26039E-03 -7.24150E-03 -5.62640E-03
 -1.08344E-03  2.84621E-03  9.14284E-03  9.66942E-03  9.37274E-03  6.67211E-04
  1.59224E-03  4.32852E-03  2.44103E-03 -2.92999E-03 -7.72702E-03 -4.00429E-03
 -8.62783E-03 -1.36625E-02 -6.53582E-03 -8.24589E-03  1.16019E-03  6.85584E-03
 -5.86798E-03 -1.30427E-03  4.05423E-03 -4.73607E-03 -7.56155E-03
