AutoSaveFileName0102.ASC
 IFORMY    0    .00
 (6E13.7)
 IFORMT    0    .00
 (6E13.7)
 IFORMW    0    .00
 (6E13.7)
 NINTT     0   -1.00
 DOUSNQ    0    1.00
 IQUAD          1.00
 PRWT      0    1.00
 PRY       0    1.00
 IPLRES    1    3.00
 IPLRES    2    3.00
 IPRINT    1    0.00
 IPRINT    2    2.00
 IPLFIT    1    0.00
 IPLFIT    2    0.00
 LINEPG    0   50.
 NONNEG    1    1.00
 IWT       0    5.00
 NQPROG    1    5.00
 NQPROG    2    5.00
 GMNMX     1    4.016E-05
 GMNMX     2    4.016E-02
 RUSER    10    -1.00
 NG        0    200.00
 NLINF     0    0.00
 IUSER    10    4.00
 RUSER    21    1.0
 RUSER    22   -1.0
 RUSER    23    0.0
 RUSER    18         291.89617
 RUSER    17         48.99900
 RUSER    19         1.03316
 RUSER    15         1.33200
 RUSER    16         632.80000
 RUSER    25         1
 RUSER    26         0
 END       0    0.00
 NY      131
  3.75000E-07  5.00000E-07  6.25000E-07  7.50000E-07  8.75000E-07  1.00000E-06
  1.12500E-06  1.25000E-06  1.37500E-06  1.50000E-06  1.62500E-06  1.75000E-06
  1.87500E-06  2.00000E-06  2.25000E-06  2.50000E-06  2.75000E-06  3.00000E-06
  3.25000E-06  3.50000E-06  3.75000E-06  4.00000E-06  4.50000E-06  5.00000E-06
  5.50000E-06  6.00000E-06  6.50000E-06  7.00000E-06  7.50000E-06  8.00000E-06
  9.00000E-06  1.00000E-05  1.10000E-05  1.20000E-05  1.30000E-05  1.40000E-05
  1.50000E-05  1.60000E-05  1.80000E-05  2.00000E-05  2.20000E-05  2.40000E-05
  2.60000E-05  2.80000E-05  3.00000E-05  3.20000E-05  3.60000E-05  4.00000E-05
  4.40000E-05  4.80000E-05  5.20000E-05  5.60000E-05  6.00000E-05  6.40000E-05
  7.20000E-05  8.00000E-05  8.80000E-05  9.60000E-05  1.04000E-04  1.12000E-04
  1.20000E-04  1.28000E-04  1.44000E-04  1.60000E-04  1.76000E-04  1.92000E-04
  2.08000E-04  2.24000E-04  2.40000E-04  2.56000E-04  2.88000E-04  3.20000E-04
  3.52000E-04  3.84000E-04  4.16000E-04  4.48000E-04  4.80000E-04  5.12000E-04
  5.76000E-04  6.40000E-04  7.04000E-04  7.68000E-04  8.32000E-04  8.96000E-04
  9.60000E-04  1.02400E-03  1.15200E-03  1.28000E-03  1.40800E-03  1.53600E-03
  1.66400E-03  1.79200E-03  1.92000E-03  2.01600E-03  2.27200E-03  2.52800E-03
  2.78400E-03  3.04000E-03  3.29600E-03  3.55200E-03  3.80800E-03  4.06400E-03
  4.57600E-03  5.08800E-03  5.60000E-03  6.11200E-03  6.62400E-03  7.13600E-03
  7.64800E-03  8.16000E-03  9.18400E-03  1.02080E-02  1.12320E-02  1.22560E-02
  1.32800E-02  1.43040E-02  1.53280E-02  1.63520E-02  1.84000E-02  2.04480E-02
  2.24960E-02  2.45440E-02  2.65920E-02  2.86400E-02  3.06880E-02  3.27360E-02
  3.68320E-02  4.09280E-02  4.50240E-02  4.91200E-02  5.32160E-02
  7.35688E-01  7.32144E-01  7.33749E-01  7.32830E-01  7.34071E-01  7.32319E-01
  7.33269E-01  7.31613E-01  7.32748E-01  7.33081E-01  7.31816E-01  7.33154E-01
  7.34383E-01  7.32404E-01  7.32140E-01  7.31605E-01  7.32173E-01  7.32204E-01
  7.31211E-01  7.31371E-01  7.31397E-01  7.31833E-01  7.32784E-01  7.31468E-01
  7.31862E-01  7.30493E-01  7.31857E-01  7.31513E-01  7.31806E-01  7.31370E-01
  7.31071E-01  7.31104E-01  7.30453E-01  7.31598E-01  7.30642E-01  7.30629E-01
  7.30817E-01  7.30841E-01  7.30092E-01  7.30294E-01  7.29293E-01  7.29171E-01
  7.29190E-01  7.28460E-01  7.28206E-01  7.28211E-01  7.27893E-01  7.27906E-01
  7.27023E-01  7.26689E-01  7.25997E-01  7.25058E-01  7.24652E-01  7.24620E-01
  7.23673E-01  7.22590E-01  7.21330E-01  7.20465E-01  7.19159E-01  7.18175E-01
  7.17249E-01  7.16832E-01  7.14606E-01  7.12647E-01  7.10533E-01  7.08511E-01
  7.06442E-01  7.04319E-01  7.02477E-01  7.01279E-01  6.97278E-01  6.93376E-01
  6.89406E-01  6.85409E-01  6.81490E-01  6.77564E-01  6.73701E-01  6.68036E-01
  6.60453E-01  6.53112E-01  6.45826E-01  6.38535E-01  6.31410E-01  6.24284E-01
  6.17208E-01  6.09834E-01  5.96133E-01  5.82834E-01  5.69803E-01  5.57108E-01
  5.44555E-01  5.32352E-01  5.20390E-01  5.13299E-01  4.90539E-01  4.69200E-01
  4.48686E-01  4.29163E-01  4.10236E-01  3.91830E-01  3.74450E-01  3.58349E-01
  3.27872E-01  2.99497E-01  2.72875E-01  2.48137E-01  2.25662E-01  2.06014E-01
  1.88237E-01  1.72940E-01  1.47093E-01  1.25853E-01  1.06667E-01  9.11615E-02
  7.99319E-02  7.03827E-02  6.14474E-02  5.22190E-02  3.82737E-02  2.89546E-02
  1.66650E-02  5.55241E-03 -1.09658E-03 -4.96440E-03 -4.48316E-03 -2.28504E-03
 -2.24054E-03  4.28234E-03  1.45307E-02  1.89271E-02  1.46415E-02
