AutoSaveFileName0245.ASC
 IFORMY    0    .00
 (6E13.7)
 IFORMT    0    .00
 (6E13.7)
 IFORMW    0    .00
 (6E13.7)
 NINTT     0   -1.00
 DOUSNQ    0    1.00
 IQUAD          1.00
 PRWT      0    1.00
 PRY       0    1.00
 IPLRES    1    3.00
 IPLRES    2    3.00
 IPRINT    1    0.00
 IPRINT    2    2.00
 IPLFIT    1    0.00
 IPLFIT    2    0.00
 LINEPG    0   50.
 NONNEG    1    1.00
 IWT       0    5.00
 NQPROG    1    5.00
 NQPROG    2    5.00
 GMNMX     1    8.012E-06
 GMNMX     2    8.012E-03
 RUSER    10    -1.00
 NG        0    200.00
 NLINF     0    0.00
 IUSER    10    4.00
 RUSER    21    1.0
 RUSER    22   -1.0
 RUSER    23    0.0
 RUSER    18         292.24530
 RUSER    17         134.99900
 RUSER    19         1.02426
 RUSER    15         1.33200
 RUSER    16         632.80000
 RUSER    25         1
 RUSER    26         0
 END       0    0.00
 NY      188
  5.00000E-07  6.25000E-07  7.50000E-07  8.75000E-07  1.00000E-06  1.12500E-06
  1.25000E-06  1.37500E-06  1.50000E-06  1.62500E-06  1.75000E-06  1.87500E-06
  2.00000E-06  2.25000E-06  2.50000E-06  2.75000E-06  3.00000E-06  3.25000E-06
  3.50000E-06  3.75000E-06  4.00000E-06  4.50000E-06  5.00000E-06  5.50000E-06
  6.00000E-06  6.50000E-06  7.00000E-06  7.50000E-06  8.00000E-06  9.00000E-06
  1.00000E-05  1.10000E-05  1.20000E-05  1.30000E-05  1.40000E-05  1.50000E-05
  1.60000E-05  1.80000E-05  2.00000E-05  2.20000E-05  2.40000E-05  2.60000E-05
  2.80000E-05  3.00000E-05  3.20000E-05  3.60000E-05  4.00000E-05  4.40000E-05
  4.80000E-05  5.20000E-05  5.60000E-05  6.00000E-05  6.40000E-05  7.20000E-05
  8.00000E-05  8.80000E-05  9.60000E-05  1.04000E-04  1.12000E-04  1.20000E-04
  1.28000E-04  1.44000E-04  1.60000E-04  1.76000E-04  1.92000E-04  2.08000E-04
  2.24000E-04  2.40000E-04  2.56000E-04  2.88000E-04  3.20000E-04  3.52000E-04
  3.84000E-04  4.16000E-04  4.48000E-04  4.80000E-04  5.12000E-04  5.76000E-04
  6.40000E-04  7.04000E-04  7.68000E-04  8.32000E-04  8.96000E-04  9.60000E-04
  1.02400E-03  1.15200E-03  1.28000E-03  1.40800E-03  1.53600E-03  1.66400E-03
  1.79200E-03  1.92000E-03  2.01600E-03  2.27200E-03  2.52800E-03  2.78400E-03
  3.04000E-03  3.29600E-03  3.55200E-03  3.80800E-03  4.06400E-03  4.57600E-03
  5.08800E-03  5.60000E-03  6.11200E-03  6.62400E-03  7.13600E-03  7.64800E-03
  8.16000E-03  9.18400E-03  1.02080E-02  1.12320E-02  1.22560E-02  1.32800E-02
  1.43040E-02  1.53280E-02  1.63520E-02  1.84000E-02  2.04480E-02  2.24960E-02
  2.45440E-02  2.65920E-02  2.86400E-02  3.06880E-02  3.27360E-02  3.68320E-02
  4.09280E-02  4.50240E-02  4.91200E-02  5.32160E-02  5.73120E-02  6.14080E-02
  6.55040E-02  7.36960E-02  8.18880E-02  9.00800E-02  9.82720E-02  1.06464E-01
  1.14656E-01  1.22848E-01  1.31040E-01  1.47424E-01  1.63808E-01  1.80192E-01
  1.96576E-01  2.12960E-01  2.29344E-01  2.45728E-01  2.62112E-01  2.94880E-01
  3.27648E-01  3.60416E-01  3.93184E-01  4.25952E-01  4.58720E-01  4.91488E-01
  5.24256E-01  5.89792E-01  6.55328E-01  7.20864E-01  7.86400E-01  8.51936E-01
  9.17472E-01  9.83008E-01  1.04854E+00  1.17962E+00  1.31069E+00  1.44176E+00
  1.57283E+00  1.70390E+00  1.83498E+00  1.96605E+00  2.09712E+00  2.35926E+00
  2.62141E+00  2.88355E+00  3.14570E+00  3.40784E+00  3.66998E+00  3.93213E+00
  4.19427E+00  4.71856E+00  5.24285E+00  5.76714E+00  6.29142E+00  6.81571E+00
  7.34000E+00  7.86429E+00
  9.96615E-01  9.96228E-01  9.95703E-01  9.92356E-01  9.93006E-01  9.91875E-01
  9.93843E-01  9.92837E-01  9.92365E-01  9.91369E-01  9.91597E-01  9.92542E-01
  9.91946E-01  9.90279E-01  9.91625E-01  9.91187E-01  9.91508E-01  9.90067E-01
  9.91185E-01  9.90411E-01  9.90732E-01  9.90627E-01  9.89945E-01  9.90033E-01
  9.89099E-01  9.90497E-01  9.89197E-01  9.89059E-01  9.88907E-01  9.88518E-01
  9.88249E-01  9.87631E-01  9.87977E-01  9.86962E-01  9.87082E-01  9.86342E-01
  9.86073E-01  9.84639E-01  9.84099E-01  9.83669E-01  9.82393E-01  9.81774E-01
  9.81068E-01  9.80096E-01  9.79258E-01  9.77645E-01  9.75893E-01  9.74228E-01
  9.72617E-01  9.71037E-01  9.69227E-01  9.67992E-01  9.65964E-01  9.62581E-01
  9.58997E-01  9.56136E-01  9.52864E-01  9.49520E-01  9.46336E-01  9.42934E-01
  9.39551E-01  9.33178E-01  9.26532E-01  9.20179E-01  9.13747E-01  9.07562E-01
  9.01222E-01  8.94896E-01  8.88748E-01  8.76313E-01  8.64203E-01  8.52244E-01
  8.40520E-01  8.29034E-01  8.17744E-01  8.06448E-01  7.95406E-01  7.73618E-01
  7.52551E-01  7.32153E-01  7.12504E-01  6.93365E-01  6.74858E-01  6.56707E-01
  6.39297E-01  6.05782E-01  5.74140E-01  5.44297E-01  5.16187E-01  4.89679E-01
  4.64491E-01  4.40612E-01  4.24247E-01  3.82005E-01  3.44646E-01  3.11616E-01
  2.81872E-01  2.55022E-01  2.30870E-01  2.09247E-01  1.90532E-01  1.58612E-01
  1.33973E-01  1.14059E-01  9.76955E-02  8.40469E-02  7.29134E-02  6.34792E-02
  5.56202E-02  4.23804E-02  3.38406E-02  2.83342E-02  2.46013E-02  2.18629E-02
  1.85446E-02  1.47044E-02  1.14687E-02  9.21777E-03  9.35696E-03  5.13468E-03
  7.02092E-03  7.88515E-03  3.16726E-03  8.74888E-04  3.75075E-03  5.26741E-03
  1.74403E-03 -2.05577E-03  2.33334E-03  4.55364E-03  3.05368E-03  1.96594E-03
  5.07194E-04  8.45474E-04 -5.85994E-04 -1.41965E-03 -1.33137E-03  4.99510E-03
  4.50002E-03  7.72399E-03  5.91509E-03 -5.83329E-03 -2.55988E-03  1.26703E-03
  5.04536E-05 -1.13833E-03  1.48397E-03 -1.60453E-03 -3.02363E-03  8.05608E-04
 -3.10065E-03 -1.45296E-03  5.29062E-03  2.58170E-03 -3.75679E-03 -2.25047E-03
 -3.24569E-03 -1.42994E-03 -3.44473E-03 -1.22239E-03  1.08652E-03 -3.15997E-03
 -1.46648E-03  2.01856E-03  9.58720E-04  8.66453E-05 -1.25481E-03  6.78419E-04
 -4.50329E-04  1.11807E-03 -3.15046E-04  9.80600E-04  1.20948E-03  3.42740E-04
 -1.16592E-03 -1.24266E-03  5.09212E-04 -1.85517E-03 -7.90769E-04 -1.79992E-03
  2.16561E-04 -9.10082E-04  1.98146E-04 -8.61514E-04  2.66849E-04  3.21171E-04
  8.16866E-04  2.21489E-04
