AutoSaveFileName0143.ASC
 IFORMY    0    .00
 (6E13.7)
 IFORMT    0    .00
 (6E13.7)
 IFORMW    0    .00
 (6E13.7)
 NINTT     0   -1.00
 DOUSNQ    0    1.00
 IQUAD     0    1.00
 PRWT      0    1.00
 PRY       0    1.00
 IPLRES    1    3.00
 IPLRES    2    3.00
 IPRINT    1    0.00
 IPRINT    2    2.00
 IPLFIT    1    0.00
 IPLFIT    2    0.00
 LINEPG    0   50.
 NONNEG    1    1.00
 IWT       0    5.00
 NQPROG    1    5.00
 NQPROG    2    5.00
 GMNMX     1    5.88405E-03
 GMNMX     2    2.11222E-03
 RUSER    10    -1.00
 NG        0    500.00
 NLINF     0    1.00
 IUSER    10    4.00
 RUSER    21    1.0
 RUSER    22   -1.0
 RUSER    23    0.0
 RUSER    18         292.00111
 RUSER    17         84.99900
 RUSER    19         1.03047
 RUSER    15         1.33200
 RUSER    16         632.80000
 RUSER    25         1
 RUSER    26         0
 END       0    0.00
 NY      162
  7.50000E-07  8.75000E-07  1.00000E-06  1.12500E-06  1.25000E-06  1.37500E-06
  1.50000E-06  1.62500E-06  1.75000E-06  1.87500E-06  2.00000E-06  2.25000E-06
  2.50000E-06  2.75000E-06  3.00000E-06  3.25000E-06  3.50000E-06  3.75000E-06
  4.00000E-06  4.50000E-06  5.00000E-06  5.50000E-06  6.00000E-06  6.50000E-06
  7.00000E-06  7.50000E-06  8.00000E-06  9.00000E-06  1.00000E-05  1.10000E-05
  1.20000E-05  1.30000E-05  1.40000E-05  1.50000E-05  1.60000E-05  1.80000E-05
  2.00000E-05  2.20000E-05  2.40000E-05  2.60000E-05  2.80000E-05  3.00000E-05
  3.20000E-05  3.60000E-05  4.00000E-05  4.40000E-05  4.80000E-05  5.20000E-05
  5.60000E-05  6.00000E-05  6.40000E-05  7.20000E-05  8.00000E-05  8.80000E-05
  9.60000E-05  1.04000E-04  1.12000E-04  1.20000E-04  1.28000E-04  1.44000E-04
  1.60000E-04  1.76000E-04  1.92000E-04  2.08000E-04  2.24000E-04  2.40000E-04
  2.56000E-04  2.88000E-04  3.20000E-04  3.52000E-04  3.84000E-04  4.16000E-04
  4.48000E-04  4.80000E-04  5.12000E-04  5.76000E-04  6.40000E-04  7.04000E-04
  7.68000E-04  8.32000E-04  8.96000E-04  9.60000E-04  1.02400E-03  1.15200E-03
  1.28000E-03  1.40800E-03  1.53600E-03  1.66400E-03  1.79200E-03  1.92000E-03
  2.01600E-03  2.27200E-03  2.52800E-03  2.78400E-03  3.04000E-03  3.29600E-03
  3.55200E-03  3.80800E-03  4.06400E-03  4.57600E-03  5.08800E-03  5.60000E-03
  6.11200E-03  6.62400E-03  7.13600E-03  7.64800E-03  8.16000E-03  9.18400E-03
  1.02080E-02  1.12320E-02  1.22560E-02  1.32800E-02  1.43040E-02  1.53280E-02
  1.63520E-02  1.84000E-02  2.04480E-02  2.24960E-02  2.45440E-02  2.65920E-02
  2.86400E-02  3.06880E-02  3.27360E-02  3.68320E-02  4.09280E-02  4.50240E-02
  4.91200E-02  5.32160E-02  5.73120E-02  6.14080E-02  6.55040E-02  7.36960E-02
  8.18880E-02  9.00800E-02  9.82720E-02  1.06464E-01  1.14656E-01  1.22848E-01
  1.31040E-01  1.47424E-01  1.63808E-01  1.80192E-01  1.96576E-01  2.12960E-01
  2.29344E-01  2.45728E-01  2.62112E-01  2.94880E-01  3.27648E-01  3.60416E-01
  3.93184E-01  4.25952E-01  4.58720E-01  4.91488E-01  5.24256E-01  5.89792E-01
  6.55328E-01  7.20864E-01  7.86400E-01  8.51936E-01  9.17472E-01  9.83008E-01
  1.00000E+00  9.99665E-01  9.98537E-01  9.96719E-01  9.97483E-01  9.98047E-01
  9.91684E-01  9.96969E-01  9.95864E-01  9.92569E-01  9.94748E-01  9.91350E-01
  9.93746E-01  9.94413E-01  9.91526E-01  9.92566E-01  9.88868E-01  9.91529E-01
  9.89323E-01  9.87458E-01  9.85178E-01  9.85369E-01  9.81803E-01  9.79172E-01
  9.76290E-01  9.76945E-01  9.76046E-01  9.73793E-01  9.70647E-01  9.67052E-01
  9.64899E-01  9.61034E-01  9.58604E-01  9.56134E-01  9.53244E-01  9.47263E-01
  9.40869E-01  9.36425E-01  9.29898E-01  9.24376E-01  9.18105E-01  9.13884E-01
  9.08497E-01  8.96874E-01  8.86305E-01  8.75220E-01  8.64886E-01  8.54670E-01
  8.44161E-01  8.35093E-01  8.24337E-01  8.04392E-01  7.85406E-01  7.67080E-01
  7.48322E-01  7.30202E-01  7.13474E-01  6.96320E-01  6.79800E-01  6.47637E-01
  6.16907E-01  5.88374E-01  5.60419E-01  5.34400E-01  5.09189E-01  4.85670E-01
  4.63147E-01  4.20979E-01  3.82547E-01  3.47696E-01  3.15409E-01  2.86811E-01
  2.60433E-01  2.36104E-01  2.15025E-01  1.77725E-01  1.46888E-01  1.21234E-01
  9.98111E-02  8.21405E-02  6.71990E-02  5.51642E-02  4.55254E-02  3.11723E-02
  2.17396E-02  1.53260E-02  1.10690E-02  7.57877E-03  4.61811E-03  2.84773E-03
  2.41232E-03  1.07960E-03 -1.06910E-03 -3.89088E-04 -1.57296E-03 -1.62731E-03
  7.64107E-04  1.53090E-03  1.60793E-03  6.39213E-04 -1.04272E-03 -3.27751E-04
 -2.39650E-04 -2.98616E-03 -8.17566E-04  2.42611E-03  2.84655E-03 -3.58455E-04
 -1.58517E-03  4.29814E-04 -1.28772E-03 -3.08086E-03 -9.48709E-04 -9.15599E-04
 -7.39193E-04  7.90661E-04  1.54346E-03  2.14767E-03  2.17024E-03 -8.46975E-04
 -1.04442E-03 -1.70578E-03 -2.02416E-03 -1.24087E-03  4.94136E-04 -1.42307E-03
 -1.18563E-03 -2.78447E-04 -2.02849E-03  3.97971E-04  8.99435E-04  1.92986E-04
 -1.22535E-04 -9.66244E-04  2.36517E-04 -3.80746E-04 -8.07700E-04  7.49250E-05
 -6.76049E-04 -7.92408E-04  4.82874E-04 -1.03601E-03 -8.98657E-04  2.88731E-04
  2.17911E-04  5.15904E-04 -2.04088E-04 -1.01517E-04 -9.71761E-05  7.82101E-04
 -7.77913E-05  1.02633E-04  6.72586E-05  2.76571E-04  2.77147E-04 -1.93530E-04
  1.08976E-04  9.32962E-05 -2.26957E-04 -1.61868E-04 -7.56344E-05 -1.62387E-04
