AutoSaveFileName0420.ASC
 IFORMY    0    .00
 (6E13.7)
 IFORMT    0    .00
 (6E13.7)
 IFORMW    0    .00
 (6E13.7)
 NINTT     0   -1.00
 DOUSNQ    0    1.00
 IQUAD          1.00
 PRWT      0    1.00
 PRY       0    1.00
 IPLRES    1    3.00
 IPLRES    2    3.00
 IPRINT    1    0.00
 IPRINT    2    2.00
 IPLFIT    1    0.00
 IPLFIT    2    0.00
 LINEPG    0   50.
 NONNEG    1    1.00
 IWT       0    5.00
 NQPROG    1    5.00
 NQPROG    2    5.00
 GMNMX     1    7.152E-06
 GMNMX     2    7.152E-03
 RUSER    10    -1.00
 NG        0    200.00
 NLINF     0    0.00
 IUSER    10    4.00
 RUSER    21    1.0
 RUSER    22   -1.0
 RUSER    23    0.0
 RUSER    18         292.35840
 RUSER    17         154.99900
 RUSER    19         1.02141
 RUSER    15         1.33200
 RUSER    16         632.80000
 RUSER    25         1
 RUSER    26         0
 END       0    0.00
 NY      131
  3.75000E-07  5.00000E-07  6.25000E-07  7.50000E-07  8.75000E-07  1.00000E-06
  1.12500E-06  1.25000E-06  1.37500E-06  1.50000E-06  1.62500E-06  1.75000E-06
  1.87500E-06  2.00000E-06  2.25000E-06  2.50000E-06  2.75000E-06  3.00000E-06
  3.25000E-06  3.50000E-06  3.75000E-06  4.00000E-06  4.50000E-06  5.00000E-06
  5.50000E-06  6.00000E-06  6.50000E-06  7.00000E-06  7.50000E-06  8.00000E-06
  9.00000E-06  1.00000E-05  1.10000E-05  1.20000E-05  1.30000E-05  1.40000E-05
  1.50000E-05  1.60000E-05  1.80000E-05  2.00000E-05  2.20000E-05  2.40000E-05
  2.60000E-05  2.80000E-05  3.00000E-05  3.20000E-05  3.60000E-05  4.00000E-05
  4.40000E-05  4.80000E-05  5.20000E-05  5.60000E-05  6.00000E-05  6.40000E-05
  7.20000E-05  8.00000E-05  8.80000E-05  9.60000E-05  1.04000E-04  1.12000E-04
  1.20000E-04  1.28000E-04  1.44000E-04  1.60000E-04  1.76000E-04  1.92000E-04
  2.08000E-04  2.24000E-04  2.40000E-04  2.56000E-04  2.88000E-04  3.20000E-04
  3.52000E-04  3.84000E-04  4.16000E-04  4.48000E-04  4.80000E-04  5.12000E-04
  5.76000E-04  6.40000E-04  7.04000E-04  7.68000E-04  8.32000E-04  8.96000E-04
  9.60000E-04  1.02400E-03  1.15200E-03  1.28000E-03  1.40800E-03  1.53600E-03
  1.66400E-03  1.79200E-03  1.92000E-03  2.01600E-03  2.27200E-03  2.52800E-03
  2.78400E-03  3.04000E-03  3.29600E-03  3.55200E-03  3.80800E-03  4.06400E-03
  4.57600E-03  5.08800E-03  5.60000E-03  6.11200E-03  6.62400E-03  7.13600E-03
  7.64800E-03  8.16000E-03  9.18400E-03  1.02080E-02  1.12320E-02  1.22560E-02
  1.32800E-02  1.43040E-02  1.53280E-02  1.63520E-02  1.84000E-02  2.04480E-02
  2.24960E-02  2.45440E-02  2.65920E-02  2.86400E-02  3.06880E-02  3.27360E-02
  3.68320E-02  4.09280E-02  4.50240E-02  4.91200E-02  5.32160E-02
  7.64195E-01  7.62023E-01  7.64950E-01  7.65710E-01  7.58328E-01  7.62619E-01
  7.62727E-01  7.54589E-01  7.58190E-01  7.64208E-01  7.64596E-01  7.60525E-01
  7.56614E-01  7.59588E-01  7.59899E-01  7.56380E-01  7.60607E-01  7.58329E-01
  7.57511E-01  7.61034E-01  7.62631E-01  7.59274E-01  7.57261E-01  7.58706E-01
  7.58792E-01  7.60289E-01  7.59718E-01  7.56708E-01  7.57108E-01  7.58152E-01
  7.57141E-01  7.55049E-01  7.56793E-01  7.56541E-01  7.53800E-01  7.54877E-01
  7.53809E-01  7.54131E-01  7.54095E-01  7.53210E-01  7.52502E-01  7.52426E-01
  7.51156E-01  7.50418E-01  7.50014E-01  7.50038E-01  7.48472E-01  7.46008E-01
  7.45276E-01  7.43762E-01  7.42395E-01  7.41124E-01  7.39315E-01  7.38684E-01
  7.36117E-01  7.33483E-01  7.30753E-01  7.28495E-01  7.25603E-01  7.22728E-01
  7.21258E-01  7.18259E-01  7.12966E-01  7.08344E-01  7.03459E-01  6.98705E-01
  6.93672E-01  6.88852E-01  6.84477E-01  6.79706E-01  6.70909E-01  6.62238E-01
  6.53389E-01  6.45334E-01  6.37111E-01  6.29046E-01  6.21274E-01  6.13893E-01
  5.99177E-01  5.85295E-01  5.72005E-01  5.59351E-01  5.47629E-01  5.36256E-01
  5.25020E-01  5.14611E-01  4.94118E-01  4.75175E-01  4.57514E-01  4.41059E-01
  4.26048E-01  4.11701E-01  3.98237E-01  3.87397E-01  3.64888E-01  3.45292E-01
  3.27346E-01  3.12358E-01  2.99632E-01  2.88390E-01  2.78383E-01  2.69250E-01
  2.53409E-01  2.39596E-01  2.27604E-01  2.18234E-01  2.10441E-01  2.04013E-01
  1.99324E-01  1.93913E-01  1.83617E-01  1.73506E-01  1.63681E-01  1.52622E-01
  1.41618E-01  1.29527E-01  1.21023E-01  1.17488E-01  1.04265E-01  9.66476E-02
  9.29311E-02  8.24539E-02  6.79946E-02  5.49962E-02  5.01936E-02  4.40728E-02
  2.78908E-02  1.53449E-02  7.08309E-03  3.09399E-04 -2.51133E-03
