AutoSaveFileName0202.ASC
 IFORMY    0    .00
 (6E13.7)
 IFORMT    0    .00
 (6E13.7)
 IFORMW    0    .00
 (6E13.7)
 NINTT     0   -1.00
 DOUSNQ    0    1.00
 IQUAD     0    1.00
 PRWT      0    1.00
 PRY       0    1.00
 IPLRES    1    3.00
 IPLRES    2    3.00
 IPRINT    1    0.00
 IPRINT    2    2.00
 IPLFIT    1    0.00
 IPLFIT    2    0.00
 LINEPG    0   50.
 NONNEG    1    1.00
 IWT       0    5.00
 NQPROG    1    5.00
 NQPROG    2    5.00
 GMNMX     1    3.76830E-03
 GMNMX     2    1.35272E-03
 RUSER    10    -1.00
 NG        0    500.00
 NLINF     0    1.00
 IUSER    10    4.00
 RUSER    21    1.0
 RUSER    22   -1.0
 RUSER    23    0.0
 RUSER    18         292.06923
 RUSER    17         114.99900
 RUSER    19         1.02873
 RUSER    15         1.33200
 RUSER    16         632.80000
 RUSER    25         1
 RUSER    26         0
 END       0    0.00
 NY      162
  7.50000E-07  8.75000E-07  1.00000E-06  1.12500E-06  1.25000E-06  1.37500E-06
  1.50000E-06  1.62500E-06  1.75000E-06  1.87500E-06  2.00000E-06  2.25000E-06
  2.50000E-06  2.75000E-06  3.00000E-06  3.25000E-06  3.50000E-06  3.75000E-06
  4.00000E-06  4.50000E-06  5.00000E-06  5.50000E-06  6.00000E-06  6.50000E-06
  7.00000E-06  7.50000E-06  8.00000E-06  9.00000E-06  1.00000E-05  1.10000E-05
  1.20000E-05  1.30000E-05  1.40000E-05  1.50000E-05  1.60000E-05  1.80000E-05
  2.00000E-05  2.20000E-05  2.40000E-05  2.60000E-05  2.80000E-05  3.00000E-05
  3.20000E-05  3.60000E-05  4.00000E-05  4.40000E-05  4.80000E-05  5.20000E-05
  5.60000E-05  6.00000E-05  6.40000E-05  7.20000E-05  8.00000E-05  8.80000E-05
  9.60000E-05  1.04000E-04  1.12000E-04  1.20000E-04  1.28000E-04  1.44000E-04
  1.60000E-04  1.76000E-04  1.92000E-04  2.08000E-04  2.24000E-04  2.40000E-04
  2.56000E-04  2.88000E-04  3.20000E-04  3.52000E-04  3.84000E-04  4.16000E-04
  4.48000E-04  4.80000E-04  5.12000E-04  5.76000E-04  6.40000E-04  7.04000E-04
  7.68000E-04  8.32000E-04  8.96000E-04  9.60000E-04  1.02400E-03  1.15200E-03
  1.28000E-03  1.40800E-03  1.53600E-03  1.66400E-03  1.79200E-03  1.92000E-03
  2.01600E-03  2.27200E-03  2.52800E-03  2.78400E-03  3.04000E-03  3.29600E-03
  3.55200E-03  3.80800E-03  4.06400E-03  4.57600E-03  5.08800E-03  5.60000E-03
  6.11200E-03  6.62400E-03  7.13600E-03  7.64800E-03  8.16000E-03  9.18400E-03
  1.02080E-02  1.12320E-02  1.22560E-02  1.32800E-02  1.43040E-02  1.53280E-02
  1.63520E-02  1.84000E-02  2.04480E-02  2.24960E-02  2.45440E-02  2.65920E-02
  2.86400E-02  3.06880E-02  3.27360E-02  3.68320E-02  4.09280E-02  4.50240E-02
  4.91200E-02  5.32160E-02  5.73120E-02  6.14080E-02  6.55040E-02  7.36960E-02
  8.18880E-02  9.00800E-02  9.82720E-02  1.06464E-01  1.14656E-01  1.22848E-01
  1.31040E-01  1.47424E-01  1.63808E-01  1.80192E-01  1.96576E-01  2.12960E-01
  2.29344E-01  2.45728E-01  2.62112E-01  2.94880E-01  3.27648E-01  3.60416E-01
  3.93184E-01  4.25952E-01  4.58720E-01  4.91488E-01  5.24256E-01  5.89792E-01
  6.55328E-01  7.20864E-01  7.86400E-01  8.51936E-01  9.17472E-01  9.83008E-01
  9.96201E-01  1.00000E+00  9.97853E-01  9.90353E-01  9.94050E-01  9.89451E-01
  9.95893E-01  9.88924E-01  9.89455E-01  9.87187E-01  9.88405E-01  9.87007E-01
  9.84708E-01  9.87202E-01  9.86012E-01  9.84594E-01  9.83033E-01  9.80257E-01
  9.76201E-01  9.78188E-01  9.73269E-01  9.72714E-01  9.71301E-01  9.69021E-01
  9.66948E-01  9.63591E-01  9.60038E-01  9.56950E-01  9.51133E-01  9.48993E-01
  9.43551E-01  9.38909E-01  9.34478E-01  9.29465E-01  9.25143E-01  9.17120E-01
  9.06825E-01  8.99181E-01  8.91861E-01  8.82171E-01  8.73164E-01  8.65485E-01
  8.57743E-01  8.41166E-01  8.24929E-01  8.10523E-01  7.94868E-01  7.79646E-01
  7.64830E-01  7.50876E-01  7.36705E-01  7.09099E-01  6.83121E-01  6.57526E-01
  6.32239E-01  6.09123E-01  5.86066E-01  5.64238E-01  5.43683E-01  5.04458E-01
  4.67885E-01  4.33435E-01  4.01812E-01  3.72958E-01  3.45709E-01  3.19905E-01
  2.97426E-01  2.56177E-01  2.20341E-01  1.89489E-01  1.62565E-01  1.39826E-01
  1.19874E-01  1.03559E-01  8.94410E-02  6.61422E-02  4.83681E-02  3.46047E-02
  2.49546E-02  1.77545E-02  1.18016E-02  7.86868E-03  5.02085E-03  7.90897E-04
  5.32771E-05  3.81879E-04  1.80197E-03  2.97824E-03  3.09437E-03  1.44150E-03
  1.58146E-03  1.93707E-03  3.51050E-04  2.95558E-04  5.37795E-04  3.90132E-04
 -4.11081E-04 -2.63384E-03 -1.16481E-03  2.13945E-03  3.59712E-03  2.96493E-03
  1.82096E-03  3.47401E-04  7.38161E-05  9.78387E-05 -2.62545E-04  1.33984E-03
  1.02902E-03  7.81410E-04  2.31826E-03 -1.18702E-03 -4.06161E-04 -2.06843E-04
 -7.55062E-04  4.12818E-04 -5.71488E-04  1.09989E-03  4.32463E-04 -4.95132E-04
 -6.56624E-04  2.61302E-04 -1.30083E-03 -8.56470E-05 -1.41821E-04  4.77821E-04
  1.64128E-03 -6.98987E-04 -1.09885E-03  3.91990E-04  9.96283E-04  5.84797E-05
  2.39502E-04 -2.37671E-04 -2.73603E-05 -1.01683E-03 -7.89543E-04 -1.01366E-03
 -1.47563E-04 -4.96642E-04 -1.46504E-04  2.89973E-04 -3.19250E-04 -2.74674E-04
 -2.38263E-04  2.72404E-04 -8.11936E-05 -2.51621E-04  7.64205E-04  5.31108E-05
 -3.75514E-04 -1.61479E-04 -5.56941E-04 -3.36059E-04  3.63470E-05  1.73171E-04
  4.71949E-05  2.94038E-04 -2.37287E-04  2.08990E-04 -1.63431E-04  1.22836E-04
