AutoSaveFileName0137.ASC
 IFORMY    0    .00
 (6E13.7)
 IFORMT    0    .00
 (6E13.7)
 IFORMW    0    .00
 (6E13.7)
 NINTT     0   -1.00
 DOUSNQ    0    1.00
 IQUAD     0    1.00
 PRWT      0    1.00
 PRY       0    1.00
 IPLRES    1    3.00
 IPLRES    2    3.00
 IPRINT    1    0.00
 IPRINT    2    2.00
 IPLFIT    1    0.00
 IPLFIT    2    0.00
 LINEPG    0   50.
 NONNEG    1    1.00
 IWT       0    5.00
 NQPROG    1    5.00
 NQPROG    2    5.00
 GMNMX     1    6.50115E-03
 GMNMX     2    2.33375E-03
 RUSER    10    -1.00
 NG        0    500.00
 NLINF     0    1.00
 IUSER    10    4.00
 RUSER    21    1.0
 RUSER    22   -1.0
 RUSER    23    0.0
 RUSER    18         291.99453
 RUSER    17         79.99900
 RUSER    19         1.03064
 RUSER    15         1.33200
 RUSER    16         632.80000
 RUSER    25         1
 RUSER    26         0
 END       0    0.00
 NY      162
  7.50000E-07  8.75000E-07  1.00000E-06  1.12500E-06  1.25000E-06  1.37500E-06
  1.50000E-06  1.62500E-06  1.75000E-06  1.87500E-06  2.00000E-06  2.25000E-06
  2.50000E-06  2.75000E-06  3.00000E-06  3.25000E-06  3.50000E-06  3.75000E-06
  4.00000E-06  4.50000E-06  5.00000E-06  5.50000E-06  6.00000E-06  6.50000E-06
  7.00000E-06  7.50000E-06  8.00000E-06  9.00000E-06  1.00000E-05  1.10000E-05
  1.20000E-05  1.30000E-05  1.40000E-05  1.50000E-05  1.60000E-05  1.80000E-05
  2.00000E-05  2.20000E-05  2.40000E-05  2.60000E-05  2.80000E-05  3.00000E-05
  3.20000E-05  3.60000E-05  4.00000E-05  4.40000E-05  4.80000E-05  5.20000E-05
  5.60000E-05  6.00000E-05  6.40000E-05  7.20000E-05  8.00000E-05  8.80000E-05
  9.60000E-05  1.04000E-04  1.12000E-04  1.20000E-04  1.28000E-04  1.44000E-04
  1.60000E-04  1.76000E-04  1.92000E-04  2.08000E-04  2.24000E-04  2.40000E-04
  2.56000E-04  2.88000E-04  3.20000E-04  3.52000E-04  3.84000E-04  4.16000E-04
  4.48000E-04  4.80000E-04  5.12000E-04  5.76000E-04  6.40000E-04  7.04000E-04
  7.68000E-04  8.32000E-04  8.96000E-04  9.60000E-04  1.02400E-03  1.15200E-03
  1.28000E-03  1.40800E-03  1.53600E-03  1.66400E-03  1.79200E-03  1.92000E-03
  2.01600E-03  2.27200E-03  2.52800E-03  2.78400E-03  3.04000E-03  3.29600E-03
  3.55200E-03  3.80800E-03  4.06400E-03  4.57600E-03  5.08800E-03  5.60000E-03
  6.11200E-03  6.62400E-03  7.13600E-03  7.64800E-03  8.16000E-03  9.18400E-03
  1.02080E-02  1.12320E-02  1.22560E-02  1.32800E-02  1.43040E-02  1.53280E-02
  1.63520E-02  1.84000E-02  2.04480E-02  2.24960E-02  2.45440E-02  2.65920E-02
  2.86400E-02  3.06880E-02  3.27360E-02  3.68320E-02  4.09280E-02  4.50240E-02
  4.91200E-02  5.32160E-02  5.73120E-02  6.14080E-02  6.55040E-02  7.36960E-02
  8.18880E-02  9.00800E-02  9.82720E-02  1.06464E-01  1.14656E-01  1.22848E-01
  1.31040E-01  1.47424E-01  1.63808E-01  1.80192E-01  1.96576E-01  2.12960E-01
  2.29344E-01  2.45728E-01  2.62112E-01  2.94880E-01  3.27648E-01  3.60416E-01
  3.93184E-01  4.25952E-01  4.58720E-01  4.91488E-01  5.24256E-01  5.89792E-01
  6.55328E-01  7.20864E-01  7.86400E-01  8.51936E-01  9.17472E-01  9.83008E-01
  1.00000E+00  9.95919E-01  9.98677E-01  9.97974E-01  9.94555E-01  9.94165E-01
  9.95648E-01  9.93082E-01  9.93883E-01  9.90630E-01  9.92220E-01  9.92119E-01
  9.89472E-01  9.91277E-01  9.90097E-01  9.88434E-01  9.87272E-01  9.87957E-01
  9.87199E-01  9.85037E-01  9.83459E-01  9.82815E-01  9.81331E-01  9.79530E-01
  9.78090E-01  9.76430E-01  9.74502E-01  9.73290E-01  9.70419E-01  9.67703E-01
  9.64817E-01  9.62619E-01  9.59893E-01  9.57778E-01  9.54833E-01  9.49938E-01
  9.43924E-01  9.39504E-01  9.33657E-01  9.29108E-01  9.23992E-01  9.19682E-01
  9.13798E-01  9.03987E-01  8.94114E-01  8.84494E-01  8.74115E-01  8.65191E-01
  8.55588E-01  8.46344E-01  8.37141E-01  8.19113E-01  8.01230E-01  7.84151E-01
  7.67253E-01  7.50733E-01  7.34563E-01  7.18898E-01  7.03450E-01  6.73701E-01
  6.44598E-01  6.17337E-01  5.91100E-01  5.65991E-01  5.42175E-01  5.19043E-01
  4.97258E-01  4.56133E-01  4.18478E-01  3.83803E-01  3.52031E-01  3.23131E-01
  2.96393E-01  2.71826E-01  2.50017E-01  2.10809E-01  1.77834E-01  1.50695E-01
  1.27721E-01  1.08581E-01  9.24217E-02  7.87888E-02  6.76244E-02  4.91018E-02
  3.58109E-02  2.64321E-02  1.91990E-02  1.42137E-02  1.08208E-02  8.61402E-03
  7.59401E-03  5.32161E-03  4.02548E-03  3.29586E-03  2.11222E-03  1.20951E-03
  1.41966E-03  2.40492E-03  2.31844E-03  1.39284E-03  8.22196E-04 -1.28503E-05
 -8.38814E-05 -9.03111E-04 -2.01086E-03 -5.62595E-04  2.57264E-04 -1.45668E-03
 -1.69073E-04  5.21613E-04  5.11952E-05 -1.29281E-03 -6.88348E-04 -1.67644E-04
  9.58949E-04  6.32807E-04  1.46925E-03  6.76851E-04 -1.71298E-03 -1.85355E-03
  7.22649E-05 -3.03516E-04  8.85928E-04  3.29541E-04  3.64526E-04  5.83714E-04
 -2.83114E-04  1.40472E-03  2.51236E-04  9.15250E-04 -9.15642E-05 -4.29182E-04
 -7.98097E-04 -1.88929E-05 -2.78810E-05 -1.28128E-03 -2.01076E-04 -2.73634E-04
  5.67098E-05  3.33635E-04  2.78718E-04 -9.85055E-04 -1.23287E-03  5.38374E-04
 -1.66884E-04 -2.87375E-04 -1.55628E-05  2.24165E-04 -3.50468E-04 -4.92207E-04
  6.85016E-04  1.59292E-04  4.33348E-04 -9.15547E-05 -1.69503E-05  4.36480E-04
  7.48629E-05  2.57529E-04 -2.73668E-04  1.27667E-04 -2.30766E-04 -1.88979E-05
