AutoSaveFileName0053.ASC
 IFORMY    0    .00
 (6E13.7)
 IFORMT    0    .00
 (6E13.7)
 IFORMW    0    .00
 (6E13.7)
 NINTT     0   -1.00
 DOUSNQ    0    1.00
 IQUAD          1.00
 PRWT      0    1.00
 PRY       0    1.00
 IPLRES    1    3.00
 IPLRES    2    3.00
 IPRINT    1    0.00
 IPRINT    2    2.00
 IPLFIT    1    0.00
 IPLFIT    2    0.00
 LINEPG    0   50.
 NONNEG    1    1.00
 IWT       0    5.00
 NQPROG    1    5.00
 NQPROG    2    5.00
 GMNMX     1    5.858E-05
 GMNMX     2    5.858E-02
 RUSER    10    -1.00
 NG        0    200.00
 NLINF     0    0.00
 IUSER    10    4.00
 RUSER    21    1.0
 RUSER    22   -1.0
 RUSER    23    0.0
 RUSER    18         292.17538
 RUSER    17         39.99800
 RUSER    19         1.02603
 RUSER    15         1.33200
 RUSER    16         632.80000
 RUSER    25         1
 RUSER    26         0
 END       0    0.00
 NY      188
  5.00000E-07  6.25000E-07  7.50000E-07  8.75000E-07  1.00000E-06  1.12500E-06
  1.25000E-06  1.37500E-06  1.50000E-06  1.62500E-06  1.75000E-06  1.87500E-06
  2.00000E-06  2.25000E-06  2.50000E-06  2.75000E-06  3.00000E-06  3.25000E-06
  3.50000E-06  3.75000E-06  4.00000E-06  4.50000E-06  5.00000E-06  5.50000E-06
  6.00000E-06  6.50000E-06  7.00000E-06  7.50000E-06  8.00000E-06  9.00000E-06
  1.00000E-05  1.10000E-05  1.20000E-05  1.30000E-05  1.40000E-05  1.50000E-05
  1.60000E-05  1.80000E-05  2.00000E-05  2.20000E-05  2.40000E-05  2.60000E-05
  2.80000E-05  3.00000E-05  3.20000E-05  3.60000E-05  4.00000E-05  4.40000E-05
  4.80000E-05  5.20000E-05  5.60000E-05  6.00000E-05  6.40000E-05  7.20000E-05
  8.00000E-05  8.80000E-05  9.60000E-05  1.04000E-04  1.12000E-04  1.20000E-04
  1.28000E-04  1.44000E-04  1.60000E-04  1.76000E-04  1.92000E-04  2.08000E-04
  2.24000E-04  2.40000E-04  2.56000E-04  2.88000E-04  3.20000E-04  3.52000E-04
  3.84000E-04  4.16000E-04  4.48000E-04  4.80000E-04  5.12000E-04  5.76000E-04
  6.40000E-04  7.04000E-04  7.68000E-04  8.32000E-04  8.96000E-04  9.60000E-04
  1.02400E-03  1.15200E-03  1.28000E-03  1.40800E-03  1.53600E-03  1.66400E-03
  1.79200E-03  1.92000E-03  2.01600E-03  2.27200E-03  2.52800E-03  2.78400E-03
  3.04000E-03  3.29600E-03  3.55200E-03  3.80800E-03  4.06400E-03  4.57600E-03
  5.08800E-03  5.60000E-03  6.11200E-03  6.62400E-03  7.13600E-03  7.64800E-03
  8.16000E-03  9.18400E-03  1.02080E-02  1.12320E-02  1.22560E-02  1.32800E-02
  1.43040E-02  1.53280E-02  1.63520E-02  1.84000E-02  2.04480E-02  2.24960E-02
  2.45440E-02  2.65920E-02  2.86400E-02  3.06880E-02  3.27360E-02  3.68320E-02
  4.09280E-02  4.50240E-02  4.91200E-02  5.32160E-02  5.73120E-02  6.14080E-02
  6.55040E-02  7.36960E-02  8.18880E-02  9.00800E-02  9.82720E-02  1.06464E-01
  1.14656E-01  1.22848E-01  1.31040E-01  1.47424E-01  1.63808E-01  1.80192E-01
  1.96576E-01  2.12960E-01  2.29344E-01  2.45728E-01  2.62112E-01  2.94880E-01
  3.27648E-01  3.60416E-01  3.93184E-01  4.25952E-01  4.58720E-01  4.91488E-01
  5.24256E-01  5.89792E-01  6.55328E-01  7.20864E-01  7.86400E-01  8.51936E-01
  9.17472E-01  9.83008E-01  1.04854E+00  1.17962E+00  1.31069E+00  1.44176E+00
  1.57283E+00  1.70390E+00  1.83498E+00  1.96605E+00  2.09712E+00  2.35926E+00
  2.62141E+00  2.88355E+00  3.14570E+00  3.40784E+00  3.66998E+00  3.93213E+00
  4.19427E+00  4.71856E+00  5.24285E+00  5.76714E+00  6.29142E+00  6.81571E+00
  7.34000E+00  7.86429E+00
  9.96770E-01  1.00000E+00  9.90821E-01  9.95369E-01  9.94126E-01  9.89532E-01
  9.90631E-01  9.91356E-01  9.91074E-01  9.89961E-01  9.90093E-01  9.91109E-01
  9.91540E-01  9.91506E-01  9.88756E-01  9.90867E-01  9.89365E-01  9.87936E-01
  9.88416E-01  9.88149E-01  9.89040E-01  9.91376E-01  9.90128E-01  9.90332E-01
  9.90838E-01  9.90461E-01  9.91529E-01  9.89656E-01  9.90082E-01  9.91439E-01
  9.88859E-01  9.90381E-01  9.89892E-01  9.88080E-01  9.89230E-01  9.90309E-01
  9.89978E-01  9.89086E-01  9.89204E-01  9.89285E-01  9.89219E-01  9.88681E-01
  9.88836E-01  9.89573E-01  9.89086E-01  9.88327E-01  9.88833E-01  9.88543E-01
  9.88451E-01  9.87849E-01  9.87683E-01  9.87910E-01  9.87165E-01  9.87493E-01
  9.86492E-01  9.85962E-01  9.85945E-01  9.85140E-01  9.84789E-01  9.84674E-01
  9.84231E-01  9.83391E-01  9.82746E-01  9.82033E-01  9.80891E-01  9.80201E-01
  9.79476E-01  9.78570E-01  9.77799E-01  9.76107E-01  9.74701E-01  9.73078E-01
  9.71283E-01  9.69931E-01  9.68217E-01  9.66822E-01  9.65113E-01  9.61923E-01
  9.58865E-01  9.55831E-01  9.52592E-01  9.49626E-01  9.46398E-01  9.43326E-01
  9.37064E-01  9.31012E-01  9.25095E-01  9.19094E-01  9.13197E-01  9.07367E-01
  9.01530E-01  8.95679E-01  8.92426E-01  8.81181E-01  8.69948E-01  8.58787E-01
  8.47730E-01  8.36903E-01  8.26012E-01  8.15375E-01  8.04947E-01  7.84368E-01
  7.64310E-01  7.44850E-01  7.25882E-01  7.07208E-01  6.88942E-01  6.71119E-01
  6.53885E-01  6.20388E-01  5.88490E-01  5.58016E-01  5.29204E-01  5.01661E-01
  4.75272E-01  4.50427E-01  4.27682E-01  3.86338E-01  3.50171E-01  3.17625E-01
  2.88584E-01  2.62475E-01  2.38559E-01  2.16974E-01  1.98237E-01  1.66331E-01
  1.39425E-01  1.17822E-01  1.00037E-01  8.57749E-02  7.32337E-02  6.05648E-02
  4.64536E-02  2.30652E-02  9.19678E-03  2.78199E-03 -1.25697E-04 -1.42993E-03
  3.32808E-04  2.09913E-03  6.76437E-03 -9.83339E-03 -1.32743E-02 -6.62299E-03
 -8.62021E-03 -7.87377E-03 -4.31750E-03 -5.28025E-03 -7.53635E-03 -1.31669E-02
 -1.93156E-02 -2.51152E-02 -5.89804E-03  2.55086E-02  2.13212E-02  1.15293E-02
  1.76815E-02  3.65042E-02  2.65864E-03 -8.58716E-03 -1.06657E-02 -8.55105E-03
 -3.84606E-02 -1.87726E-02 -1.38004E-02  1.00911E-02 -4.32322E-03 -6.84932E-03
  1.78291E-03  8.90602E-03 -4.62448E-03 -2.89323E-02 -1.06262E-02 -5.72295E-03
 -2.09703E-03 -7.74430E-03 -4.57984E-03  7.59808E-03 -8.93444E-03  2.89314E-03
  1.81244E-02 -8.40153E-03 -8.70728E-03  7.30655E-04  1.84676E-03  6.29630E-04
 -1.51309E-03 -3.01005E-03
