AutoSaveFileName0158.ASC
 IFORMY    0    .00
 (6E13.7)
 IFORMT    0    .00
 (6E13.7)
 IFORMW    0    .00
 (6E13.7)
 NINTT     0   -1.00
 DOUSNQ    0    1.00
 IQUAD     0    1.00
 PRWT      0    1.00
 PRY       0    1.00
 IPLRES    1    3.00
 IPLRES    2    3.00
 IPRINT    1    0.00
 IPRINT    2    2.00
 IPLFIT    1    0.00
 IPLFIT    2    0.00
 LINEPG    0   50.
 NONNEG    1    1.00
 IWT       0    5.00
 NQPROG    1    5.00
 NQPROG    2    5.00
 GMNMX     1    7.14317E+07
 GMNMX     2    5.54889E-18
 RUSER    10    -1.00
 NG        0    200.00
 NLINF     0    0.00
 IUSER    10    4.00
 RUSER    21    1.0
 RUSER    22   -1.0
 RUSER    23    0.0
 RUSER    18         292.21844
 RUSER    17         89.99700
 RUSER    19         1.02494
 RUSER    15         1.33200
 RUSER    16         632.80000
 RUSER    25         1
 RUSER    26         0
 END       0    0.00
 NY      182
  7.50000E-07  8.75000E-07  1.00000E-06  1.12500E-06  1.25000E-06  1.37500E-06
  1.50000E-06  1.62500E-06  1.75000E-06  1.87500E-06  2.00000E-06  2.25000E-06
  2.50000E-06  2.75000E-06  3.00000E-06  3.25000E-06  3.50000E-06  3.75000E-06
  4.00000E-06  4.50000E-06  5.00000E-06  5.50000E-06  6.00000E-06  6.50000E-06
  7.00000E-06  7.50000E-06  8.00000E-06  9.00000E-06  1.00000E-05  1.10000E-05
  1.20000E-05  1.30000E-05  1.40000E-05  1.50000E-05  1.60000E-05  1.80000E-05
  2.00000E-05  2.20000E-05  2.40000E-05  2.60000E-05  2.80000E-05  3.00000E-05
  3.20000E-05  3.60000E-05  4.00000E-05  4.40000E-05  4.80000E-05  5.20000E-05
  5.60000E-05  6.00000E-05  6.40000E-05  7.20000E-05  8.00000E-05  8.80000E-05
  9.60000E-05  1.04000E-04  1.12000E-04  1.20000E-04  1.28000E-04  1.44000E-04
  1.60000E-04  1.76000E-04  1.92000E-04  2.08000E-04  2.24000E-04  2.40000E-04
  2.56000E-04  2.88000E-04  3.20000E-04  3.52000E-04  3.84000E-04  4.16000E-04
  4.48000E-04  4.80000E-04  5.12000E-04  5.76000E-04  6.40000E-04  7.04000E-04
  7.68000E-04  8.32000E-04  8.96000E-04  9.60000E-04  1.02400E-03  1.15200E-03
  1.28000E-03  1.40800E-03  1.53600E-03  1.66400E-03  1.79200E-03  1.92000E-03
  2.01600E-03  2.27200E-03  2.52800E-03  2.78400E-03  3.04000E-03  3.29600E-03
  3.55200E-03  3.80800E-03  4.06400E-03  4.57600E-03  5.08800E-03  5.60000E-03
  6.11200E-03  6.62400E-03  7.13600E-03  7.64800E-03  8.16000E-03  9.18400E-03
  1.02080E-02  1.12320E-02  1.22560E-02  1.32800E-02  1.43040E-02  1.53280E-02
  1.63520E-02  1.84000E-02  2.04480E-02  2.24960E-02  2.45440E-02  2.65920E-02
  2.86400E-02  3.06880E-02  3.27360E-02  3.68320E-02  4.09280E-02  4.50240E-02
  4.91200E-02  5.32160E-02  5.73120E-02  6.14080E-02  6.55040E-02  7.36960E-02
  8.18880E-02  9.00800E-02  9.82720E-02  1.06464E-01  1.14656E-01  1.22848E-01
  1.31040E-01  1.47424E-01  1.63808E-01  1.80192E-01  1.96576E-01  2.12960E-01
  2.29344E-01  2.45728E-01  2.62112E-01  2.94880E-01  3.27648E-01  3.60416E-01
  3.93184E-01  4.25952E-01  4.58720E-01  4.91488E-01  5.24256E-01  5.89792E-01
  6.55328E-01  7.20864E-01  7.86400E-01  8.51936E-01  9.17472E-01  9.83008E-01
  1.04854E+00  1.17962E+00  1.31069E+00  1.44176E+00  1.57283E+00  1.70390E+00
  1.83498E+00  1.96605E+00  2.09712E+00  2.35926E+00  2.62141E+00  2.88355E+00
  3.14570E+00  3.40784E+00  3.66998E+00  3.93213E+00  4.19427E+00  4.71856E+00
  5.24285E+00  5.76714E+00
  9.98813E-01  9.98766E-01  1.00000E+00  9.99480E-01  9.99309E-01  9.98249E-01
  9.96673E-01  9.98638E-01  9.99100E-01  9.98249E-01  9.98850E-01  9.97465E-01
  9.97500E-01  9.98399E-01  9.96713E-01  9.97460E-01  9.97303E-01  9.97548E-01
  9.97512E-01  9.97557E-01  9.96686E-01  9.96961E-01  9.97096E-01  9.97350E-01
  9.96903E-01  9.95451E-01  9.96336E-01  9.95938E-01  9.95998E-01  9.95110E-01
  9.95286E-01  9.94894E-01  9.94623E-01  9.94679E-01  9.94342E-01  9.93607E-01
  9.93056E-01  9.92844E-01  9.91960E-01  9.91513E-01  9.91295E-01  9.90615E-01
  9.90333E-01  9.89169E-01  9.88196E-01  9.87150E-01  9.86109E-01  9.85218E-01
  9.83899E-01  9.82970E-01  9.81950E-01  9.79946E-01  9.78034E-01  9.75723E-01
  9.73788E-01  9.71446E-01  9.69356E-01  9.67421E-01  9.65324E-01  9.61146E-01
  9.57010E-01  9.52869E-01  9.48852E-01  9.44799E-01  9.40689E-01  9.36702E-01
  9.32686E-01  9.24753E-01  9.16903E-01  9.08929E-01  9.01120E-01  8.93337E-01
  8.85636E-01  8.78025E-01  8.70001E-01  8.55130E-01  8.40548E-01  8.26242E-01
  8.12177E-01  7.98461E-01  7.84865E-01  7.71433E-01  7.58516E-01  7.33118E-01
  7.08571E-01  6.84831E-01  6.61842E-01  6.39700E-01  6.18325E-01  5.97790E-01
  5.84345E-01  5.46376E-01  5.11137E-01  4.78501E-01  4.47899E-01  4.19275E-01
  3.92502E-01  3.67361E-01  3.44320E-01  3.01886E-01  2.64987E-01  2.32462E-01
  2.03632E-01  1.77692E-01  1.54098E-01  1.33318E-01  1.15800E-01  8.56703E-02
  6.25189E-02  4.56556E-02  3.43226E-02  2.62732E-02  2.05769E-02  1.68603E-02
  1.46294E-02  1.05125E-02  6.69826E-03  5.19769E-03  2.94952E-03  1.67169E-03
  6.93572E-04  6.52948E-04  1.89164E-03  2.44805E-03  2.36644E-03 -2.16169E-03
  7.07431E-04  5.54630E-04  4.84941E-03  4.72043E-03 -3.81858E-04 -6.87001E-03
 -7.39979E-04 -1.98684E-03  1.37874E-03  5.05662E-03  1.66516E-03  5.61376E-04
 -2.22177E-04  4.38707E-03  4.54308E-03  1.20426E-03 -5.00417E-03 -9.97089E-04
  5.97448E-03  1.01722E-03  3.88655E-04  4.61265E-04 -2.96424E-03  1.66488E-03
  3.31231E-03  8.81214E-04  1.52658E-03 -4.51307E-03 -2.17987E-03 -1.19742E-03
  1.17826E-03  9.82296E-04 -5.41876E-04 -1.61953E-03 -2.09722E-03 -5.84347E-03
 -1.55362E-03  2.87319E-04 -1.84654E-04 -2.53900E-03 -2.12251E-03 -1.00069E-03
  2.09747E-04 -4.75547E-04 -5.42336E-04  1.14622E-03 -6.17043E-04 -7.74674E-04
 -1.10748E-03 -2.04548E-04  3.25550E-04 -1.77273E-03 -9.00091E-04 -7.81892E-04
  2.37854E-03 -4.66270E-04
