AutoSaveFileName0194.ASC
 IFORMY    0    .00
 (6E13.7)
 IFORMT    0    .00
 (6E13.7)
 IFORMW    0    .00
 (6E13.7)
 NINTT     0   -1.00
 DOUSNQ    0    1.00
 IQUAD          1.00
 PRWT      0    1.00
 PRY       0    1.00
 IPLRES    1    3.00
 IPLRES    2    3.00
 IPRINT    1    0.00
 IPRINT    2    2.00
 IPLFIT    1    0.00
 IPLFIT    2    0.00
 LINEPG    0   50.
 NONNEG    1    1.00
 IWT       0    5.00
 NQPROG    1    5.00
 NQPROG    2    5.00
 GMNMX     1    1.701E-05
 GMNMX     2    1.701E-02
 RUSER    10    -1.00
 NG        0    200.00
 NLINF     0    0.00
 IUSER    10    4.00
 RUSER    21    1.0
 RUSER    22   -1.0
 RUSER    23    0.0
 RUSER    18         292.01932
 RUSER    17         78.99900
 RUSER    19         1.03001
 RUSER    15         1.33200
 RUSER    16         632.80000
 RUSER    25         1
 RUSER    26         0
 END       0    0.00
 NY      131
  3.75000E-07  5.00000E-07  6.25000E-07  7.50000E-07  8.75000E-07  1.00000E-06
  1.12500E-06  1.25000E-06  1.37500E-06  1.50000E-06  1.62500E-06  1.75000E-06
  1.87500E-06  2.00000E-06  2.25000E-06  2.50000E-06  2.75000E-06  3.00000E-06
  3.25000E-06  3.50000E-06  3.75000E-06  4.00000E-06  4.50000E-06  5.00000E-06
  5.50000E-06  6.00000E-06  6.50000E-06  7.00000E-06  7.50000E-06  8.00000E-06
  9.00000E-06  1.00000E-05  1.10000E-05  1.20000E-05  1.30000E-05  1.40000E-05
  1.50000E-05  1.60000E-05  1.80000E-05  2.00000E-05  2.20000E-05  2.40000E-05
  2.60000E-05  2.80000E-05  3.00000E-05  3.20000E-05  3.60000E-05  4.00000E-05
  4.40000E-05  4.80000E-05  5.20000E-05  5.60000E-05  6.00000E-05  6.40000E-05
  7.20000E-05  8.00000E-05  8.80000E-05  9.60000E-05  1.04000E-04  1.12000E-04
  1.20000E-04  1.28000E-04  1.44000E-04  1.60000E-04  1.76000E-04  1.92000E-04
  2.08000E-04  2.24000E-04  2.40000E-04  2.56000E-04  2.88000E-04  3.20000E-04
  3.52000E-04  3.84000E-04  4.16000E-04  4.48000E-04  4.80000E-04  5.12000E-04
  5.76000E-04  6.40000E-04  7.04000E-04  7.68000E-04  8.32000E-04  8.96000E-04
  9.60000E-04  1.02400E-03  1.15200E-03  1.28000E-03  1.40800E-03  1.53600E-03
  1.66400E-03  1.79200E-03  1.92000E-03  2.01600E-03  2.27200E-03  2.52800E-03
  2.78400E-03  3.04000E-03  3.29600E-03  3.55200E-03  3.80800E-03  4.06400E-03
  4.57600E-03  5.08800E-03  5.60000E-03  6.11200E-03  6.62400E-03  7.13600E-03
  7.64800E-03  8.16000E-03  9.18400E-03  1.02080E-02  1.12320E-02  1.22560E-02
  1.32800E-02  1.43040E-02  1.53280E-02  1.63520E-02  1.84000E-02  2.04480E-02
  2.24960E-02  2.45440E-02  2.65920E-02  2.86400E-02  3.06880E-02  3.27360E-02
  3.68320E-02  4.09280E-02  4.50240E-02  4.91200E-02  5.32160E-02
  2.03809E+00  2.03522E+00  2.03382E+00  2.03358E+00  2.02994E+00  2.03141E+00
  2.03162E+00  2.03069E+00  2.03255E+00  2.03068E+00  2.03144E+00  2.03129E+00
  2.03106E+00  2.03095E+00  2.03057E+00  2.02936E+00  2.02924E+00  2.02852E+00
  2.03031E+00  2.02890E+00  2.02919E+00  2.02882E+00  2.02853E+00  2.02847E+00
  2.02679E+00  2.02591E+00  2.02712E+00  2.02646E+00  2.02512E+00  2.02537E+00
  2.02484E+00  2.02382E+00  2.02391E+00  2.02312E+00  2.02193E+00  2.02125E+00
  2.02036E+00  2.01984E+00  2.01818E+00  2.01681E+00  2.01523E+00  2.01390E+00
  2.01252E+00  2.01096E+00  2.00935E+00  2.00781E+00  2.00469E+00  2.00173E+00
  1.99868E+00  1.99538E+00  1.99296E+00  1.98968E+00  1.98688E+00  1.98366E+00
  1.97783E+00  1.97203E+00  1.96634E+00  1.96022E+00  1.95422E+00  1.94849E+00
  1.94266E+00  1.93699E+00  1.92562E+00  1.91393E+00  1.90262E+00  1.89098E+00
  1.87963E+00  1.86866E+00  1.85743E+00  1.84688E+00  1.82512E+00  1.80379E+00
  1.78249E+00  1.76168E+00  1.74087E+00  1.72057E+00  1.70035E+00  1.68076E+00
  1.64181E+00  1.60395E+00  1.56718E+00  1.53108E+00  1.49598E+00  1.46164E+00
  1.42834E+00  1.39610E+00  1.33406E+00  1.27520E+00  1.21958E+00  1.16677E+00
  1.11672E+00  1.06870E+00  1.02264E+00  9.91175E-01  9.09370E-01  8.35428E-01
  7.68915E-01  7.08124E-01  6.52225E-01  6.01286E-01  5.54825E-01  5.13084E-01
  4.37984E-01  3.74045E-01  3.20209E-01  2.75446E-01  2.38010E-01  2.05496E-01
  1.78757E-01  1.57505E-01  1.21254E-01  9.03043E-02  6.35069E-02  4.80899E-02
  3.84413E-02  2.91004E-02  2.37174E-02  2.32763E-02  1.38162E-02 -6.06886E-04
 -4.63186E-03  4.41142E-04  1.25751E-02  1.28815E-02  6.39267E-03  1.25695E-02
  1.49937E-02  1.68741E-02  6.25283E-03 -7.42284E-03 -3.09188E-03
