AutoSaveFileName0133.ASC
 IFORMY    0    .00
 (6E13.7)
 IFORMT    0    .00
 (6E13.7)
 IFORMW    0    .00
 (6E13.7)
 NINTT     0   -1.00
 DOUSNQ    0    1.00
 IQUAD          1.00
 PRWT      0    1.00
 PRY       0    1.00
 IPLRES    1    3.00
 IPLRES    2    3.00
 IPRINT    1    0.00
 IPRINT    2    2.00
 IPLFIT    1    0.00
 IPLFIT    2    0.00
 LINEPG    0   50.
 NONNEG    1    1.00
 IWT       0    5.00
 NQPROG    1    5.00
 NQPROG    2    5.00
 GMNMX     1    1.657E-05
 GMNMX     2    1.657E-02
 RUSER    10    -1.00
 NG        0    200.00
 NLINF     0    0.00
 IUSER    10    4.00
 RUSER    21    1.0
 RUSER    22   -1.0
 RUSER    23    0.0
 RUSER    18         292.20851
 RUSER    17         79.99800
 RUSER    19         1.02519
 RUSER    15         1.33200
 RUSER    16         632.80000
 RUSER    25         1
 RUSER    26         0
 END       0    0.00
 NY      188
  5.00000E-07  6.25000E-07  7.50000E-07  8.75000E-07  1.00000E-06  1.12500E-06
  1.25000E-06  1.37500E-06  1.50000E-06  1.62500E-06  1.75000E-06  1.87500E-06
  2.00000E-06  2.25000E-06  2.50000E-06  2.75000E-06  3.00000E-06  3.25000E-06
  3.50000E-06  3.75000E-06  4.00000E-06  4.50000E-06  5.00000E-06  5.50000E-06
  6.00000E-06  6.50000E-06  7.00000E-06  7.50000E-06  8.00000E-06  9.00000E-06
  1.00000E-05  1.10000E-05  1.20000E-05  1.30000E-05  1.40000E-05  1.50000E-05
  1.60000E-05  1.80000E-05  2.00000E-05  2.20000E-05  2.40000E-05  2.60000E-05
  2.80000E-05  3.00000E-05  3.20000E-05  3.60000E-05  4.00000E-05  4.40000E-05
  4.80000E-05  5.20000E-05  5.60000E-05  6.00000E-05  6.40000E-05  7.20000E-05
  8.00000E-05  8.80000E-05  9.60000E-05  1.04000E-04  1.12000E-04  1.20000E-04
  1.28000E-04  1.44000E-04  1.60000E-04  1.76000E-04  1.92000E-04  2.08000E-04
  2.24000E-04  2.40000E-04  2.56000E-04  2.88000E-04  3.20000E-04  3.52000E-04
  3.84000E-04  4.16000E-04  4.48000E-04  4.80000E-04  5.12000E-04  5.76000E-04
  6.40000E-04  7.04000E-04  7.68000E-04  8.32000E-04  8.96000E-04  9.60000E-04
  1.02400E-03  1.15200E-03  1.28000E-03  1.40800E-03  1.53600E-03  1.66400E-03
  1.79200E-03  1.92000E-03  2.01600E-03  2.27200E-03  2.52800E-03  2.78400E-03
  3.04000E-03  3.29600E-03  3.55200E-03  3.80800E-03  4.06400E-03  4.57600E-03
  5.08800E-03  5.60000E-03  6.11200E-03  6.62400E-03  7.13600E-03  7.64800E-03
  8.16000E-03  9.18400E-03  1.02080E-02  1.12320E-02  1.22560E-02  1.32800E-02
  1.43040E-02  1.53280E-02  1.63520E-02  1.84000E-02  2.04480E-02  2.24960E-02
  2.45440E-02  2.65920E-02  2.86400E-02  3.06880E-02  3.27360E-02  3.68320E-02
  4.09280E-02  4.50240E-02  4.91200E-02  5.32160E-02  5.73120E-02  6.14080E-02
  6.55040E-02  7.36960E-02  8.18880E-02  9.00800E-02  9.82720E-02  1.06464E-01
  1.14656E-01  1.22848E-01  1.31040E-01  1.47424E-01  1.63808E-01  1.80192E-01
  1.96576E-01  2.12960E-01  2.29344E-01  2.45728E-01  2.62112E-01  2.94880E-01
  3.27648E-01  3.60416E-01  3.93184E-01  4.25952E-01  4.58720E-01  4.91488E-01
  5.24256E-01  5.89792E-01  6.55328E-01  7.20864E-01  7.86400E-01  8.51936E-01
  9.17472E-01  9.83008E-01  1.04854E+00  1.17962E+00  1.31069E+00  1.44176E+00
  1.57283E+00  1.70390E+00  1.83498E+00  1.96605E+00  2.09712E+00  2.35926E+00
  2.62141E+00  2.88355E+00  3.14570E+00  3.40784E+00  3.66998E+00  3.93213E+00
  4.19427E+00  4.71856E+00  5.24285E+00  5.76714E+00  6.29142E+00  6.81571E+00
  7.34000E+00  7.86429E+00
  9.91444E-01  9.89028E-01  9.89190E-01  9.88001E-01  9.88574E-01  9.85650E-01
  9.87130E-01  9.87912E-01  9.83396E-01  9.83718E-01  9.87891E-01  9.86300E-01
  9.86204E-01  9.85472E-01  9.87602E-01  9.85374E-01  9.85294E-01  9.86152E-01
  9.85506E-01  9.86017E-01  9.85763E-01  9.85742E-01  9.83421E-01  9.85156E-01
  9.85784E-01  9.83562E-01  9.84739E-01  9.85947E-01  9.85601E-01  9.84917E-01
  9.83660E-01  9.83669E-01  9.84141E-01  9.83868E-01  9.83872E-01  9.83173E-01
  9.82872E-01  9.82379E-01  9.82372E-01  9.81640E-01  9.81772E-01  9.81217E-01
  9.80554E-01  9.80938E-01  9.79877E-01  9.78939E-01  9.78065E-01  9.77164E-01
  9.76428E-01  9.75285E-01  9.74313E-01  9.73283E-01  9.72397E-01  9.70864E-01
  9.69331E-01  9.67666E-01  9.65591E-01  9.64405E-01  9.62507E-01  9.60664E-01
  9.59003E-01  9.55735E-01  9.52350E-01  9.48730E-01  9.45342E-01  9.42191E-01
  9.38539E-01  9.35366E-01  9.32000E-01  9.25336E-01  9.18603E-01  9.12297E-01
  9.05847E-01  8.99403E-01  8.92977E-01  8.86665E-01  8.80476E-01  8.68017E-01
  8.55773E-01  8.43657E-01  8.31799E-01  8.20134E-01  8.08656E-01  7.97381E-01
  7.83306E-01  7.61451E-01  7.40166E-01  7.19359E-01  6.99092E-01  6.79386E-01
  6.60385E-01  6.41691E-01  6.30403E-01  5.95577E-01  5.62799E-01  5.31817E-01
  5.02733E-01  4.75130E-01  4.49213E-01  4.24684E-01  4.01563E-01  3.58873E-01
  3.21209E-01  2.88073E-01  2.58906E-01  2.32764E-01  2.08889E-01  1.86902E-01
  1.67563E-01  1.34216E-01  1.07087E-01  8.41744E-02  6.57988E-02  5.07408E-02
  3.84119E-02  2.90330E-02  2.30404E-02  1.29322E-02  7.16162E-03  3.63389E-03
 -1.86886E-04 -1.76445E-03 -2.10455E-03  6.44646E-04  1.98396E-03  2.32992E-03
  8.46876E-03  1.17264E-03  7.27634E-04 -1.43298E-03 -4.32869E-03 -5.33000E-04
  1.85327E-04 -7.55479E-03 -1.21021E-02 -7.98089E-03 -1.14735E-02 -9.19686E-04
  1.63806E-03  9.86487E-03 -2.06033E-03 -1.45355E-03  3.04009E-03 -8.20290E-03
 -5.34003E-03  4.44090E-03  2.06251E-03 -4.53360E-03 -7.93322E-03 -3.31163E-03
 -8.64936E-03 -1.12010E-03  7.08495E-04  1.52587E-02 -7.77184E-03 -6.14339E-03
 -4.35242E-03  3.26037E-04 -1.33640E-03  1.54585E-03  1.70158E-03 -4.84495E-04
  9.50919E-04  1.82341E-03 -7.53634E-04 -5.46820E-03 -3.63055E-03  5.48038E-04
 -2.70887E-03 -3.21472E-05  4.49050E-04  2.45573E-03 -1.91466E-03  8.20171E-04
 -1.78908E-03 -2.34379E-03 -1.77950E-03  1.55924E-03  8.77407E-04 -4.33550E-03
 -3.33735E-03  5.31719E-04 -1.16655E-03 -3.16254E-04  2.22375E-03 -5.27847E-04
  1.26729E-03  1.24219E-03
