AutoSaveFileName0000.ASC
 IFORMY    0    .00
 (6E13.7)
 IFORMT    0    .00
 (6E13.7)
 IFORMW    0    .00
 (6E13.7)
 NINTT     0   -1.00
 DOUSNQ    0    1.00
 IQUAD          1.00
 PRWT      0    1.00
 PRY       0    1.00
 IPLRES    1    3.00
 IPLRES    2    3.00
 IPRINT    1    0.00
 IPRINT    2    2.00
 IPLFIT    1    0.00
 IPLFIT    2    0.00
 LINEPG    0   50.
 NONNEG    1    1.00
 IWT       0    5.00
 NQPROG    1    5.00
 NQPROG    2    5.00
 GMNMX     1    4.023E-04
 GMNMX     2    4.023E-01
 RUSER    10    -1.00
 NG        0    200.00
 NLINF     0    0.00
 IUSER    10    4.00
 RUSER    21    1.0
 RUSER    22   -1.0
 RUSER    23    0.0
 RUSER    18         292.15148
 RUSER    17         15.00300
 RUSER    19         1.02664
 RUSER    15         1.33200
 RUSER    16         632.80000
 RUSER    25         1
 RUSER    26         0
 END       0    0.00
 NY      188
  5.00000E-07  6.25000E-07  7.50000E-07  8.75000E-07  1.00000E-06  1.12500E-06
  1.25000E-06  1.37500E-06  1.50000E-06  1.62500E-06  1.75000E-06  1.87500E-06
  2.00000E-06  2.25000E-06  2.50000E-06  2.75000E-06  3.00000E-06  3.25000E-06
  3.50000E-06  3.75000E-06  4.00000E-06  4.50000E-06  5.00000E-06  5.50000E-06
  6.00000E-06  6.50000E-06  7.00000E-06  7.50000E-06  8.00000E-06  9.00000E-06
  1.00000E-05  1.10000E-05  1.20000E-05  1.30000E-05  1.40000E-05  1.50000E-05
  1.60000E-05  1.80000E-05  2.00000E-05  2.20000E-05  2.40000E-05  2.60000E-05
  2.80000E-05  3.00000E-05  3.20000E-05  3.60000E-05  4.00000E-05  4.40000E-05
  4.80000E-05  5.20000E-05  5.60000E-05  6.00000E-05  6.40000E-05  7.20000E-05
  8.00000E-05  8.80000E-05  9.60000E-05  1.04000E-04  1.12000E-04  1.20000E-04
  1.28000E-04  1.44000E-04  1.60000E-04  1.76000E-04  1.92000E-04  2.08000E-04
  2.24000E-04  2.40000E-04  2.56000E-04  2.88000E-04  3.20000E-04  3.52000E-04
  3.84000E-04  4.16000E-04  4.48000E-04  4.80000E-04  5.12000E-04  5.76000E-04
  6.40000E-04  7.04000E-04  7.68000E-04  8.32000E-04  8.96000E-04  9.60000E-04
  1.02400E-03  1.15200E-03  1.28000E-03  1.40800E-03  1.53600E-03  1.66400E-03
  1.79200E-03  1.92000E-03  2.01600E-03  2.27200E-03  2.52800E-03  2.78400E-03
  3.04000E-03  3.29600E-03  3.55200E-03  3.80800E-03  4.06400E-03  4.57600E-03
  5.08800E-03  5.60000E-03  6.11200E-03  6.62400E-03  7.13600E-03  7.64800E-03
  8.16000E-03  9.18400E-03  1.02080E-02  1.12320E-02  1.22560E-02  1.32800E-02
  1.43040E-02  1.53280E-02  1.63520E-02  1.84000E-02  2.04480E-02  2.24960E-02
  2.45440E-02  2.65920E-02  2.86400E-02  3.06880E-02  3.27360E-02  3.68320E-02
  4.09280E-02  4.50240E-02  4.91200E-02  5.32160E-02  5.73120E-02  6.14080E-02
  6.55040E-02  7.36960E-02  8.18880E-02  9.00800E-02  9.82720E-02  1.06464E-01
  1.14656E-01  1.22848E-01  1.31040E-01  1.47424E-01  1.63808E-01  1.80192E-01
  1.96576E-01  2.12960E-01  2.29344E-01  2.45728E-01  2.62112E-01  2.94880E-01
  3.27648E-01  3.60416E-01  3.93184E-01  4.25952E-01  4.58720E-01  4.91488E-01
  5.24256E-01  5.89792E-01  6.55328E-01  7.20864E-01  7.86400E-01  8.51936E-01
  9.17472E-01  9.83008E-01  1.04854E+00  1.17962E+00  1.31069E+00  1.44176E+00
  1.57283E+00  1.70390E+00  1.83498E+00  1.96605E+00  2.09712E+00  2.35926E+00
  2.62141E+00  2.88355E+00  3.14570E+00  3.40784E+00  3.66998E+00  3.93213E+00
  4.19427E+00  4.71856E+00  5.24285E+00  5.76714E+00  6.29142E+00  6.81571E+00
  7.34000E+00  7.86429E+00
  9.98507E-01  9.98055E-01  9.97649E-01  9.98392E-01  9.97725E-01  9.96679E-01
  9.96934E-01  9.96125E-01  9.96240E-01  9.95401E-01  9.94776E-01  9.95006E-01
  9.94529E-01  9.93743E-01  9.93697E-01  9.92622E-01  9.91921E-01  9.91258E-01
  9.90821E-01  9.90045E-01  9.89604E-01  9.88203E-01  9.87134E-01  9.85304E-01
  9.84369E-01  9.83187E-01  9.81644E-01  9.80588E-01  9.79239E-01  9.76556E-01
  9.74190E-01  9.71528E-01  9.69060E-01  9.66266E-01  9.63943E-01  9.61247E-01
  9.58787E-01  9.55498E-01  9.54341E-01  9.53218E-01  9.52201E-01  9.51009E-01
  9.50010E-01  9.49031E-01  9.47918E-01  9.45984E-01  9.44346E-01  9.42794E-01
  9.41207E-01  9.39731E-01  9.38269E-01  9.36945E-01  9.35684E-01  9.33086E-01
  9.30715E-01  9.28211E-01  9.26122E-01  9.23968E-01  9.21916E-01  9.19971E-01
  9.17978E-01  9.14241E-01  9.10750E-01  9.07346E-01  9.04158E-01  9.01061E-01
  8.98129E-01  8.95228E-01  8.92488E-01  8.87210E-01  8.82295E-01  8.77594E-01
  8.73089E-01  8.68670E-01  8.64380E-01  8.62634E-01  8.74523E-01  8.70690E-01
  8.67701E-01  8.64453E-01  8.60448E-01  8.55849E-01  8.51529E-01  8.47492E-01
  8.51732E-01  8.45539E-01  8.39610E-01  8.33283E-01  8.32936E-01  8.26223E-01
  8.21517E-01  8.16684E-01  8.10408E-01  8.01302E-01  7.95911E-01  7.88118E-01
  7.82622E-01  7.74842E-01  7.70078E-01  7.64251E-01  7.58423E-01  7.46336E-01
  7.35974E-01  7.24661E-01  7.15022E-01  7.03674E-01  6.94692E-01  6.86234E-01
  6.79379E-01  6.62566E-01  6.43811E-01  6.25716E-01  6.10533E-01  5.94726E-01
  5.80561E-01  5.68339E-01  5.57282E-01  5.33718E-01  5.09856E-01  4.87649E-01
  4.67104E-01  4.49206E-01  4.32698E-01  4.17402E-01  4.06439E-01  3.80552E-01
  3.52640E-01  3.28209E-01  3.00678E-01  2.77447E-01  2.60241E-01  2.47992E-01
  2.31970E-01  1.94516E-01  1.61702E-01  1.39902E-01  1.24671E-01  1.10144E-01
  9.40021E-02  7.60409E-02  6.33207E-02  5.26037E-02  3.76461E-02  2.19928E-02
  2.61590E-03 -1.01452E-02 -1.02399E-02  5.67898E-03  1.16109E-02  4.42850E-02
  6.71367E-02  7.47215E-02  6.49219E-02  3.11398E-02  1.67915E-02  2.61471E-03
 -8.63389E-03 -5.29592E-03  1.85735E-02  8.88814E-03 -6.00772E-03 -6.66851E-02
 -6.30148E-02 -3.74604E-02 -3.26803E-02 -1.70699E-02 -7.79449E-03 -2.26501E-02
 -1.85111E-02  3.47535E-02  2.83121E-02  3.16183E-03  2.27128E-02 -3.64045E-03
  4.17624E-03  1.73838E-02 -3.67134E-02 -3.03700E-02  3.09495E-02 -2.16123E-02
  4.82689E-02 -4.26690E-02 -5.39543E-02  2.56600E-02  3.30591E-02 -2.77407E-02
 -2.48293E-02 -3.65994E-02
