AutoSaveFileName0255.ASC
 IFORMY    0    .00
 (6E13.7)
 IFORMT    0    .00
 (6E13.7)
 IFORMW    0    .00
 (6E13.7)
 NINTT     0   -1.00
 DOUSNQ    0    1.00
 IQUAD     0    1.00
 PRWT      0    1.00
 PRY       0    1.00
 IPLRES    1    3.00
 IPLRES    2    3.00
 IPRINT    1    0.00
 IPRINT    2    2.00
 IPLFIT    1    0.00
 IPLFIT    2    0.00
 LINEPG    0   50.
 NONNEG    1    1.00
 IWT       0    5.00
 NQPROG    1    5.00
 NQPROG    2    5.00
 GMNMX     1    3.02986E-03
 GMNMX     2    1.08764E-03
 RUSER    10    -1.00
 NG        0    500.00
 NLINF     0    1.00
 IUSER    10    4.00
 RUSER    21    1.0
 RUSER    22   -1.0
 RUSER    23    0.0
 RUSER    18         292.13540
 RUSER    17         139.99900
 RUSER    19         1.02705
 RUSER    15         1.33200
 RUSER    16         632.80000
 RUSER    25         1
 RUSER    26         0
 END       0    0.00
 NY      162
  7.50000E-07  8.75000E-07  1.00000E-06  1.12500E-06  1.25000E-06  1.37500E-06
  1.50000E-06  1.62500E-06  1.75000E-06  1.87500E-06  2.00000E-06  2.25000E-06
  2.50000E-06  2.75000E-06  3.00000E-06  3.25000E-06  3.50000E-06  3.75000E-06
  4.00000E-06  4.50000E-06  5.00000E-06  5.50000E-06  6.00000E-06  6.50000E-06
  7.00000E-06  7.50000E-06  8.00000E-06  9.00000E-06  1.00000E-05  1.10000E-05
  1.20000E-05  1.30000E-05  1.40000E-05  1.50000E-05  1.60000E-05  1.80000E-05
  2.00000E-05  2.20000E-05  2.40000E-05  2.60000E-05  2.80000E-05  3.00000E-05
  3.20000E-05  3.60000E-05  4.00000E-05  4.40000E-05  4.80000E-05  5.20000E-05
  5.60000E-05  6.00000E-05  6.40000E-05  7.20000E-05  8.00000E-05  8.80000E-05
  9.60000E-05  1.04000E-04  1.12000E-04  1.20000E-04  1.28000E-04  1.44000E-04
  1.60000E-04  1.76000E-04  1.92000E-04  2.08000E-04  2.24000E-04  2.40000E-04
  2.56000E-04  2.88000E-04  3.20000E-04  3.52000E-04  3.84000E-04  4.16000E-04
  4.48000E-04  4.80000E-04  5.12000E-04  5.76000E-04  6.40000E-04  7.04000E-04
  7.68000E-04  8.32000E-04  8.96000E-04  9.60000E-04  1.02400E-03  1.15200E-03
  1.28000E-03  1.40800E-03  1.53600E-03  1.66400E-03  1.79200E-03  1.92000E-03
  2.01600E-03  2.27200E-03  2.52800E-03  2.78400E-03  3.04000E-03  3.29600E-03
  3.55200E-03  3.80800E-03  4.06400E-03  4.57600E-03  5.08800E-03  5.60000E-03
  6.11200E-03  6.62400E-03  7.13600E-03  7.64800E-03  8.16000E-03  9.18400E-03
  1.02080E-02  1.12320E-02  1.22560E-02  1.32800E-02  1.43040E-02  1.53280E-02
  1.63520E-02  1.84000E-02  2.04480E-02  2.24960E-02  2.45440E-02  2.65920E-02
  2.86400E-02  3.06880E-02  3.27360E-02  3.68320E-02  4.09280E-02  4.50240E-02
  4.91200E-02  5.32160E-02  5.73120E-02  6.14080E-02  6.55040E-02  7.36960E-02
  8.18880E-02  9.00800E-02  9.82720E-02  1.06464E-01  1.14656E-01  1.22848E-01
  1.31040E-01  1.47424E-01  1.63808E-01  1.80192E-01  1.96576E-01  2.12960E-01
  2.29344E-01  2.45728E-01  2.62112E-01  2.94880E-01  3.27648E-01  3.60416E-01
  3.93184E-01  4.25952E-01  4.58720E-01  4.91488E-01  5.24256E-01  5.89792E-01
  6.55328E-01  7.20864E-01  7.86400E-01  8.51936E-01  9.17472E-01  9.83008E-01
  9.98625E-01  1.00000E+00  9.94756E-01  9.94738E-01  9.93079E-01  9.91104E-01
  9.90957E-01  9.90923E-01  9.89627E-01  9.86735E-01  9.87261E-01  9.88056E-01
  9.83988E-01  9.84889E-01  9.81510E-01  9.78716E-01  9.77490E-01  9.79681E-01
  9.76906E-01  9.72939E-01  9.69102E-01  9.68640E-01  9.64151E-01  9.61400E-01
  9.59927E-01  9.55943E-01  9.52630E-01  9.47264E-01  9.41583E-01  9.35382E-01
  9.30905E-01  9.25338E-01  9.19777E-01  9.14209E-01  9.08036E-01  8.97889E-01
  8.86341E-01  8.76327E-01  8.65470E-01  8.55697E-01  8.44905E-01  8.35385E-01
  8.25030E-01  8.05989E-01  7.86315E-01  7.67638E-01  7.50085E-01  7.32387E-01
  7.14798E-01  6.98164E-01  6.81618E-01  6.49812E-01  6.19334E-01  5.90203E-01
  5.62905E-01  5.35988E-01  5.11185E-01  4.87376E-01  4.64995E-01  4.22586E-01
  3.83986E-01  3.49198E-01  3.17842E-01  2.89051E-01  2.63052E-01  2.39295E-01
  2.18286E-01  1.80848E-01  1.49651E-01  1.24076E-01  1.03077E-01  8.54790E-02
  7.11111E-02  5.92945E-02  4.99493E-02  3.52158E-02  2.57505E-02  1.83962E-02
  1.33541E-02  9.99934E-03  7.15938E-03  4.97262E-03  4.00644E-03  2.99155E-03
  2.81426E-03  2.43652E-03  2.24108E-03  1.80841E-03  8.36663E-04 -7.02964E-05
 -1.89347E-04 -8.81693E-05 -5.59749E-04 -1.08470E-03 -9.54193E-05  1.92359E-04
 -8.18805E-04 -1.70725E-03 -9.52329E-05  3.54239E-04  9.10458E-04  8.17025E-04
  9.22121E-04  1.15336E-03 -1.16754E-03 -3.13080E-04 -5.20970E-04  1.73224E-05
  1.04486E-03  4.23675E-05  6.36243E-04  8.12672E-04 -8.05795E-04 -1.39870E-04
 -4.09126E-04  4.38979E-04 -1.70654E-04 -1.27912E-04  3.97736E-05  1.68168E-04
  5.25517E-04 -2.02268E-04 -7.35787E-04  1.62827E-04 -6.74225E-04 -6.12410E-04
  2.67438E-04 -7.04649E-05  3.27356E-04  1.13534E-04 -3.57597E-04  1.28681E-04
 -3.91340E-04  5.16818E-05  2.51121E-04  2.75632E-04  4.88661E-04  4.29206E-04
  1.04238E-04  2.22651E-04  4.45814E-04 -1.29431E-04  1.69376E-04  1.47120E-04
  2.56628E-04  9.99962E-05 -4.09606E-05 -3.57863E-04  1.10088E-05  3.06767E-04
 -9.56074E-05 -6.70189E-05 -3.29237E-04 -2.60702E-04 -2.27112E-05 -1.52555E-04
  9.65040E-05 -1.10017E-04  1.19634E-04 -1.90335E-06  8.88359E-06  6.21019E-05
