AutoSaveFileName0417.ASC
 IFORMY    0    .00
 (6E13.7)
 IFORMT    0    .00
 (6E13.7)
 IFORMW    0    .00
 (6E13.7)
 NINTT     0   -1.00
 DOUSNQ    0    1.00
 IQUAD          1.00
 PRWT      0    1.00
 PRY       0    1.00
 IPLRES    1    3.00
 IPLRES    2    3.00
 IPRINT    1    0.00
 IPRINT    2    2.00
 IPLFIT    1    0.00
 IPLFIT    2    0.00
 LINEPG    0   50.
 NONNEG    1    1.00
 IWT       0    5.00
 NQPROG    1    5.00
 NQPROG    2    5.00
 GMNMX     1    7.181E-06
 GMNMX     2    7.181E-03
 RUSER    10    -1.00
 NG        0    200.00
 NLINF     0    0.00
 IUSER    10    4.00
 RUSER    21    1.0
 RUSER    22   -1.0
 RUSER    23    0.0
 RUSER    18         292.35521
 RUSER    17         153.99900
 RUSER    19         1.02149
 RUSER    15         1.33200
 RUSER    16         632.80000
 RUSER    25         1
 RUSER    26         0
 END       0    0.00
 NY      131
  3.75000E-07  5.00000E-07  6.25000E-07  7.50000E-07  8.75000E-07  1.00000E-06
  1.12500E-06  1.25000E-06  1.37500E-06  1.50000E-06  1.62500E-06  1.75000E-06
  1.87500E-06  2.00000E-06  2.25000E-06  2.50000E-06  2.75000E-06  3.00000E-06
  3.25000E-06  3.50000E-06  3.75000E-06  4.00000E-06  4.50000E-06  5.00000E-06
  5.50000E-06  6.00000E-06  6.50000E-06  7.00000E-06  7.50000E-06  8.00000E-06
  9.00000E-06  1.00000E-05  1.10000E-05  1.20000E-05  1.30000E-05  1.40000E-05
  1.50000E-05  1.60000E-05  1.80000E-05  2.00000E-05  2.20000E-05  2.40000E-05
  2.60000E-05  2.80000E-05  3.00000E-05  3.20000E-05  3.60000E-05  4.00000E-05
  4.40000E-05  4.80000E-05  5.20000E-05  5.60000E-05  6.00000E-05  6.40000E-05
  7.20000E-05  8.00000E-05  8.80000E-05  9.60000E-05  1.04000E-04  1.12000E-04
  1.20000E-04  1.28000E-04  1.44000E-04  1.60000E-04  1.76000E-04  1.92000E-04
  2.08000E-04  2.24000E-04  2.40000E-04  2.56000E-04  2.88000E-04  3.20000E-04
  3.52000E-04  3.84000E-04  4.16000E-04  4.48000E-04  4.80000E-04  5.12000E-04
  5.76000E-04  6.40000E-04  7.04000E-04  7.68000E-04  8.32000E-04  8.96000E-04
  9.60000E-04  1.02400E-03  1.15200E-03  1.28000E-03  1.40800E-03  1.53600E-03
  1.66400E-03  1.79200E-03  1.92000E-03  2.01600E-03  2.27200E-03  2.52800E-03
  2.78400E-03  3.04000E-03  3.29600E-03  3.55200E-03  3.80800E-03  4.06400E-03
  4.57600E-03  5.08800E-03  5.60000E-03  6.11200E-03  6.62400E-03  7.13600E-03
  7.64800E-03  8.16000E-03  9.18400E-03  1.02080E-02  1.12320E-02  1.22560E-02
  1.32800E-02  1.43040E-02  1.53280E-02  1.63520E-02  1.84000E-02  2.04480E-02
  2.24960E-02  2.45440E-02  2.65920E-02  2.86400E-02  3.06880E-02  3.27360E-02
  3.68320E-02  4.09280E-02  4.50240E-02  4.91200E-02  5.32160E-02
  7.78367E-01  7.72851E-01  7.72513E-01  7.74372E-01  7.67050E-01  7.72534E-01
  7.67430E-01  7.65868E-01  7.73789E-01  7.69175E-01  7.68294E-01  7.64430E-01
  7.69779E-01  7.70294E-01  7.66591E-01  7.64937E-01  7.69231E-01  7.69565E-01
  7.69179E-01  7.63079E-01  7.66927E-01  7.66150E-01  7.65882E-01  7.66731E-01
  7.67617E-01  7.65438E-01  7.65366E-01  7.66379E-01  7.65171E-01  7.65882E-01
  7.65986E-01  7.65299E-01  7.62803E-01  7.63219E-01  7.63853E-01  7.63477E-01
  7.63812E-01  7.63817E-01  7.61090E-01  7.60082E-01  7.61522E-01  7.60406E-01
  7.59276E-01  7.58829E-01  7.58931E-01  7.57972E-01  7.56143E-01  7.53538E-01
  7.52579E-01  7.50151E-01  7.49367E-01  7.49285E-01  7.47779E-01  7.46216E-01
  7.42723E-01  7.39711E-01  7.37701E-01  7.35309E-01  7.32239E-01  7.29131E-01
  7.26636E-01  7.24156E-01  7.17950E-01  7.13156E-01  7.07251E-01  7.02633E-01
  6.97093E-01  6.92629E-01  6.86654E-01  6.81741E-01  6.72243E-01  6.62640E-01
  6.53356E-01  6.44262E-01  6.35730E-01  6.26893E-01  6.18306E-01  6.10120E-01
  5.94195E-01  5.78977E-01  5.64313E-01  5.50359E-01  5.36646E-01  5.24227E-01
  5.11974E-01  4.98346E-01  4.77039E-01  4.57685E-01  4.39592E-01  4.22981E-01
  4.07831E-01  3.93335E-01  3.79991E-01  3.74726E-01  3.52301E-01  3.32284E-01
  3.15147E-01  2.98927E-01  2.82313E-01  2.66501E-01  2.53385E-01  2.41750E-01
  2.21287E-01  2.05282E-01  1.92840E-01  1.82563E-01  1.74810E-01  1.70132E-01
  1.64391E-01  1.56873E-01  1.44672E-01  1.34674E-01  1.27104E-01  1.21108E-01
  1.12549E-01  1.07227E-01  1.01676E-01  9.29817E-02  7.95445E-02  6.66096E-02
  6.13009E-02  6.24807E-02  6.02099E-02  4.90139E-02  3.84800E-02  3.11964E-02
  2.00788E-02  1.21676E-02  1.33298E-02  1.32237E-02  1.36206E-02
