AutoSaveFileName0371.ASC
 IFORMY    0    .00
 (6E13.7)
 IFORMT    0    .00
 (6E13.7)
 IFORMW    0    .00
 (6E13.7)
 NINTT     0   -1.00
 DOUSNQ    0    1.00
 IQUAD          1.00
 PRWT      0    1.00
 PRY       0    1.00
 IPLRES    1    3.00
 IPLRES    2    3.00
 IPRINT    1    0.00
 IPRINT    2    2.00
 IPLFIT    1    0.00
 IPLFIT    2    0.00
 LINEPG    0   50.
 NONNEG    1    1.00
 IWT       0    5.00
 NQPROG    1    5.00
 NQPROG    2    5.00
 GMNMX     1    7.835E-06
 GMNMX     2    7.835E-03
 RUSER    10    -1.00
 NG        0    200.00
 NLINF     0    0.00
 IUSER    10    4.00
 RUSER    21    1.0
 RUSER    22   -1.0
 RUSER    23    0.0
 RUSER    18         292.29946
 RUSER    17         137.99900
 RUSER    19         1.02290
 RUSER    15         1.33200
 RUSER    16         632.80000
 RUSER    25         1
 RUSER    26         0
 END       0    0.00
 NY      131
  3.75000E-07  5.00000E-07  6.25000E-07  7.50000E-07  8.75000E-07  1.00000E-06
  1.12500E-06  1.25000E-06  1.37500E-06  1.50000E-06  1.62500E-06  1.75000E-06
  1.87500E-06  2.00000E-06  2.25000E-06  2.50000E-06  2.75000E-06  3.00000E-06
  3.25000E-06  3.50000E-06  3.75000E-06  4.00000E-06  4.50000E-06  5.00000E-06
  5.50000E-06  6.00000E-06  6.50000E-06  7.00000E-06  7.50000E-06  8.00000E-06
  9.00000E-06  1.00000E-05  1.10000E-05  1.20000E-05  1.30000E-05  1.40000E-05
  1.50000E-05  1.60000E-05  1.80000E-05  2.00000E-05  2.20000E-05  2.40000E-05
  2.60000E-05  2.80000E-05  3.00000E-05  3.20000E-05  3.60000E-05  4.00000E-05
  4.40000E-05  4.80000E-05  5.20000E-05  5.60000E-05  6.00000E-05  6.40000E-05
  7.20000E-05  8.00000E-05  8.80000E-05  9.60000E-05  1.04000E-04  1.12000E-04
  1.20000E-04  1.28000E-04  1.44000E-04  1.60000E-04  1.76000E-04  1.92000E-04
  2.08000E-04  2.24000E-04  2.40000E-04  2.56000E-04  2.88000E-04  3.20000E-04
  3.52000E-04  3.84000E-04  4.16000E-04  4.48000E-04  4.80000E-04  5.12000E-04
  5.76000E-04  6.40000E-04  7.04000E-04  7.68000E-04  8.32000E-04  8.96000E-04
  9.60000E-04  1.02400E-03  1.15200E-03  1.28000E-03  1.40800E-03  1.53600E-03
  1.66400E-03  1.79200E-03  1.92000E-03  2.01600E-03  2.27200E-03  2.52800E-03
  2.78400E-03  3.04000E-03  3.29600E-03  3.55200E-03  3.80800E-03  4.06400E-03
  4.57600E-03  5.08800E-03  5.60000E-03  6.11200E-03  6.62400E-03  7.13600E-03
  7.64800E-03  8.16000E-03  9.18400E-03  1.02080E-02  1.12320E-02  1.22560E-02
  1.32800E-02  1.43040E-02  1.53280E-02  1.63520E-02  1.84000E-02  2.04480E-02
  2.24960E-02  2.45440E-02  2.65920E-02  2.86400E-02  3.06880E-02  3.27360E-02
  3.68320E-02  4.09280E-02  4.50240E-02  4.91200E-02  5.32160E-02
  2.44854E+00  2.44719E+00  2.43113E+00  2.44083E+00  2.42935E+00  2.43065E+00
  2.42059E+00  2.42888E+00  2.42653E+00  2.42890E+00  2.43009E+00  2.42627E+00
  2.42905E+00  2.42561E+00  2.42962E+00  2.42741E+00  2.41079E+00  2.42300E+00
  2.41677E+00  2.41920E+00  2.42098E+00  2.42086E+00  2.41136E+00  2.42023E+00
  2.41524E+00  2.41451E+00  2.41697E+00  2.41114E+00  2.40986E+00  2.41203E+00
  2.40929E+00  2.41020E+00  2.40526E+00  2.40248E+00  2.40094E+00  2.39643E+00
  2.39765E+00  2.39539E+00  2.39248E+00  2.38912E+00  2.38346E+00  2.37957E+00
  2.37901E+00  2.37433E+00  2.36874E+00  2.36403E+00  2.35742E+00  2.35102E+00
  2.34341E+00  2.33455E+00  2.32804E+00  2.32013E+00  2.31302E+00  2.30496E+00
  2.29046E+00  2.27594E+00  2.26270E+00  2.24679E+00  2.23186E+00  2.21794E+00
  2.20427E+00  2.18922E+00  2.16206E+00  2.13455E+00  2.10886E+00  2.08043E+00
  2.05443E+00  2.02823E+00  2.00271E+00  1.97800E+00  1.92844E+00  1.88032E+00
  1.83393E+00  1.78793E+00  1.74270E+00  1.70083E+00  1.65820E+00  1.61685E+00
  1.53833E+00  1.46269E+00  1.39190E+00  1.32455E+00  1.26016E+00  1.19939E+00
  1.14238E+00  1.09099E+00  9.91893E-01  9.02226E-01  8.21850E-01  7.49003E-01
  6.82579E-01  6.22834E-01  5.68186E-01  5.33090E-01  4.47200E-01  3.76317E-01
  3.15427E-01  2.63779E-01  2.22040E-01  1.88519E-01  1.60540E-01  1.39961E-01
  1.09604E-01  8.86102E-02  7.84399E-02  7.03357E-02  6.52598E-02  5.63569E-02
  4.19489E-02  3.34694E-02  2.52743E-02  1.88238E-02  2.16481E-02  1.97497E-02
  1.17336E-02  6.13980E-03 -7.86948E-04 -4.39240E-03 -3.92511E-03 -4.91603E-03
 -1.94565E-03 -8.33141E-03 -1.30367E-03 -3.76409E-03 -1.41130E-02 -1.38731E-02
 -1.05551E-02 -2.79516E-03  4.15248E-03 -1.24014E-03 -1.62881E-03
