AutoSaveFileName0237.ASC
 IFORMY    0    .00
 (6E13.7)
 IFORMT    0    .00
 (6E13.7)
 IFORMW    0    .00
 (6E13.7)
 NINTT     0   -1.00
 DOUSNQ    0    1.00
 IQUAD     0    1.00
 PRWT      0    1.00
 PRY       0    1.00
 IPLRES    1    3.00
 IPLRES    2    3.00
 IPRINT    1    0.00
 IPRINT    2    2.00
 IPLFIT    1    0.00
 IPLFIT    2    0.00
 LINEPG    0   50.
 NONNEG    1    1.00
 IWT       0    5.00
 NQPROG    1    5.00
 NQPROG    2    5.00
 GMNMX     1    3.25900E-03
 GMNMX     2    1.16990E-03
 RUSER    10    -1.00
 NG        0    500.00
 NLINF     0    1.00
 IUSER    10    4.00
 RUSER    21    1.0
 RUSER    22   -1.0
 RUSER    23    0.0
 RUSER    18         292.11574
 RUSER    17         129.99900
 RUSER    19         1.02755
 RUSER    15         1.33200
 RUSER    16         632.80000
 RUSER    25         1
 RUSER    26         0
 END       0    0.00
 NY      162
  7.50000E-07  8.75000E-07  1.00000E-06  1.12500E-06  1.25000E-06  1.37500E-06
  1.50000E-06  1.62500E-06  1.75000E-06  1.87500E-06  2.00000E-06  2.25000E-06
  2.50000E-06  2.75000E-06  3.00000E-06  3.25000E-06  3.50000E-06  3.75000E-06
  4.00000E-06  4.50000E-06  5.00000E-06  5.50000E-06  6.00000E-06  6.50000E-06
  7.00000E-06  7.50000E-06  8.00000E-06  9.00000E-06  1.00000E-05  1.10000E-05
  1.20000E-05  1.30000E-05  1.40000E-05  1.50000E-05  1.60000E-05  1.80000E-05
  2.00000E-05  2.20000E-05  2.40000E-05  2.60000E-05  2.80000E-05  3.00000E-05
  3.20000E-05  3.60000E-05  4.00000E-05  4.40000E-05  4.80000E-05  5.20000E-05
  5.60000E-05  6.00000E-05  6.40000E-05  7.20000E-05  8.00000E-05  8.80000E-05
  9.60000E-05  1.04000E-04  1.12000E-04  1.20000E-04  1.28000E-04  1.44000E-04
  1.60000E-04  1.76000E-04  1.92000E-04  2.08000E-04  2.24000E-04  2.40000E-04
  2.56000E-04  2.88000E-04  3.20000E-04  3.52000E-04  3.84000E-04  4.16000E-04
  4.48000E-04  4.80000E-04  5.12000E-04  5.76000E-04  6.40000E-04  7.04000E-04
  7.68000E-04  8.32000E-04  8.96000E-04  9.60000E-04  1.02400E-03  1.15200E-03
  1.28000E-03  1.40800E-03  1.53600E-03  1.66400E-03  1.79200E-03  1.92000E-03
  2.01600E-03  2.27200E-03  2.52800E-03  2.78400E-03  3.04000E-03  3.29600E-03
  3.55200E-03  3.80800E-03  4.06400E-03  4.57600E-03  5.08800E-03  5.60000E-03
  6.11200E-03  6.62400E-03  7.13600E-03  7.64800E-03  8.16000E-03  9.18400E-03
  1.02080E-02  1.12320E-02  1.22560E-02  1.32800E-02  1.43040E-02  1.53280E-02
  1.63520E-02  1.84000E-02  2.04480E-02  2.24960E-02  2.45440E-02  2.65920E-02
  2.86400E-02  3.06880E-02  3.27360E-02  3.68320E-02  4.09280E-02  4.50240E-02
  4.91200E-02  5.32160E-02  5.73120E-02  6.14080E-02  6.55040E-02  7.36960E-02
  8.18880E-02  9.00800E-02  9.82720E-02  1.06464E-01  1.14656E-01  1.22848E-01
  1.31040E-01  1.47424E-01  1.63808E-01  1.80192E-01  1.96576E-01  2.12960E-01
  2.29344E-01  2.45728E-01  2.62112E-01  2.94880E-01  3.27648E-01  3.60416E-01
  3.93184E-01  4.25952E-01  4.58720E-01  4.91488E-01  5.24256E-01  5.89792E-01
  6.55328E-01  7.20864E-01  7.86400E-01  8.51936E-01  9.17472E-01  9.83008E-01
  1.00000E+00  9.97478E-01  9.98666E-01  9.97453E-01  9.95556E-01  9.91788E-01
  9.92587E-01  9.91891E-01  9.89824E-01  9.90376E-01  9.88961E-01  9.87698E-01
  9.86746E-01  9.84799E-01  9.84641E-01  9.82468E-01  9.82948E-01  9.80462E-01
  9.78368E-01  9.75924E-01  9.73041E-01  9.70277E-01  9.67654E-01  9.64319E-01
  9.63532E-01  9.58583E-01  9.56454E-01  9.50685E-01  9.45597E-01  9.41259E-01
  9.34316E-01  9.30034E-01  9.25863E-01  9.21391E-01  9.15959E-01  9.04604E-01
  8.95547E-01  8.85422E-01  8.76794E-01  8.66337E-01  8.56581E-01  8.46765E-01
  8.37956E-01  8.19022E-01  8.01103E-01  7.84135E-01  7.66664E-01  7.49795E-01
  7.33542E-01  7.17451E-01  7.01745E-01  6.71294E-01  6.42100E-01  6.14641E-01
  5.87771E-01  5.62472E-01  5.37817E-01  5.14482E-01  4.92701E-01  4.50900E-01
  4.12843E-01  3.78133E-01  3.45894E-01  3.16985E-01  2.90447E-01  2.66145E-01
  2.44291E-01  2.05167E-01  1.72613E-01  1.45019E-01  1.21734E-01  1.02293E-01
  8.57566E-02  7.19834E-02  6.10208E-02  4.33320E-02  3.12753E-02  2.30918E-02
  1.67552E-02  1.22428E-02  8.46373E-03  6.01907E-03  4.43706E-03  2.91115E-03
  1.54010E-03  2.86255E-04 -3.30637E-04 -7.05724E-04 -1.08160E-03 -4.77178E-05
  5.19836E-04  6.70644E-04  4.01121E-05  1.43813E-04  9.86941E-04 -9.33160E-04
 -7.83253E-04  5.13856E-04  5.78269E-04  4.03613E-04 -7.63756E-05 -5.93185E-04
  3.47783E-04  4.83340E-04  1.86053E-05  1.34309E-04  5.05769E-05  2.14410E-04
  4.16633E-04 -1.25082E-03 -8.27816E-04 -8.04948E-05  4.95389E-04  7.23311E-04
  6.99638E-05 -4.60268E-04  4.52456E-04  9.01193E-05  7.42378E-04  5.01538E-04
  8.28319E-05 -3.23418E-05  4.06189E-04  1.80842E-04 -7.03621E-04 -6.21199E-05
 -2.53157E-04  7.55766E-04  8.59853E-04  8.56262E-05 -1.20823E-04 -1.86621E-04
 -1.18813E-04 -9.08592E-05  8.75852E-05 -3.44482E-04  3.88868E-04 -7.01195E-04
  1.21870E-04 -2.56402E-04 -7.88945E-05  1.40412E-04 -5.13765E-04  5.84880E-05
 -2.47283E-04 -1.73287E-04 -6.23563E-05  1.75085E-04  3.48298E-05  3.06700E-04
  1.01146E-04 -2.25538E-05  5.59637E-05 -7.00551E-05 -9.02120E-05 -1.75459E-04
  1.17508E-04 -3.08214E-05 -2.83127E-05 -5.40060E-05  1.04548E-04 -3.34918E-05
