AutoSaveFileName0043.ASC
 IFORMY    0    .00
 (6E13.7)
 IFORMT    0    .00
 (6E13.7)
 IFORMW    0    .00
 (6E13.7)
 NINTT     0   -1.00
 DOUSNQ    0    1.00
 IQUAD          1.00
 PRWT      0    1.00
 PRY       0    1.00
 IPLRES    1    3.00
 IPLRES    2    3.00
 IPRINT    1    0.00
 IPRINT    2    2.00
 IPLFIT    1    0.00
 IPLFIT    2    0.00
 LINEPG    0   50.
 NONNEG    1    1.00
 IWT       0    5.00
 NQPROG    1    5.00
 NQPROG    2    5.00
 GMNMX     1    7.580E-05
 GMNMX     2    7.580E-02
 RUSER    10    -1.00
 NG        0    200.00
 NLINF     0    0.00
 IUSER    10    4.00
 RUSER    21    1.0
 RUSER    22   -1.0
 RUSER    23    0.0
 RUSER    18         292.17126
 RUSER    17         34.99800
 RUSER    19         1.02614
 RUSER    15         1.33200
 RUSER    16         632.80000
 RUSER    25         1
 RUSER    26         0
 END       0    0.00
 NY      188
  5.00000E-07  6.25000E-07  7.50000E-07  8.75000E-07  1.00000E-06  1.12500E-06
  1.25000E-06  1.37500E-06  1.50000E-06  1.62500E-06  1.75000E-06  1.87500E-06
  2.00000E-06  2.25000E-06  2.50000E-06  2.75000E-06  3.00000E-06  3.25000E-06
  3.50000E-06  3.75000E-06  4.00000E-06  4.50000E-06  5.00000E-06  5.50000E-06
  6.00000E-06  6.50000E-06  7.00000E-06  7.50000E-06  8.00000E-06  9.00000E-06
  1.00000E-05  1.10000E-05  1.20000E-05  1.30000E-05  1.40000E-05  1.50000E-05
  1.60000E-05  1.80000E-05  2.00000E-05  2.20000E-05  2.40000E-05  2.60000E-05
  2.80000E-05  3.00000E-05  3.20000E-05  3.60000E-05  4.00000E-05  4.40000E-05
  4.80000E-05  5.20000E-05  5.60000E-05  6.00000E-05  6.40000E-05  7.20000E-05
  8.00000E-05  8.80000E-05  9.60000E-05  1.04000E-04  1.12000E-04  1.20000E-04
  1.28000E-04  1.44000E-04  1.60000E-04  1.76000E-04  1.92000E-04  2.08000E-04
  2.24000E-04  2.40000E-04  2.56000E-04  2.88000E-04  3.20000E-04  3.52000E-04
  3.84000E-04  4.16000E-04  4.48000E-04  4.80000E-04  5.12000E-04  5.76000E-04
  6.40000E-04  7.04000E-04  7.68000E-04  8.32000E-04  8.96000E-04  9.60000E-04
  1.02400E-03  1.15200E-03  1.28000E-03  1.40800E-03  1.53600E-03  1.66400E-03
  1.79200E-03  1.92000E-03  2.01600E-03  2.27200E-03  2.52800E-03  2.78400E-03
  3.04000E-03  3.29600E-03  3.55200E-03  3.80800E-03  4.06400E-03  4.57600E-03
  5.08800E-03  5.60000E-03  6.11200E-03  6.62400E-03  7.13600E-03  7.64800E-03
  8.16000E-03  9.18400E-03  1.02080E-02  1.12320E-02  1.22560E-02  1.32800E-02
  1.43040E-02  1.53280E-02  1.63520E-02  1.84000E-02  2.04480E-02  2.24960E-02
  2.45440E-02  2.65920E-02  2.86400E-02  3.06880E-02  3.27360E-02  3.68320E-02
  4.09280E-02  4.50240E-02  4.91200E-02  5.32160E-02  5.73120E-02  6.14080E-02
  6.55040E-02  7.36960E-02  8.18880E-02  9.00800E-02  9.82720E-02  1.06464E-01
  1.14656E-01  1.22848E-01  1.31040E-01  1.47424E-01  1.63808E-01  1.80192E-01
  1.96576E-01  2.12960E-01  2.29344E-01  2.45728E-01  2.62112E-01  2.94880E-01
  3.27648E-01  3.60416E-01  3.93184E-01  4.25952E-01  4.58720E-01  4.91488E-01
  5.24256E-01  5.89792E-01  6.55328E-01  7.20864E-01  7.86400E-01  8.51936E-01
  9.17472E-01  9.83008E-01  1.04854E+00  1.17962E+00  1.31069E+00  1.44176E+00
  1.57283E+00  1.70390E+00  1.83498E+00  1.96605E+00  2.09712E+00  2.35926E+00
  2.62141E+00  2.88355E+00  3.14570E+00  3.40784E+00  3.66998E+00  3.93213E+00
  4.19427E+00  4.71856E+00  5.24285E+00  5.76714E+00  6.29142E+00  6.81571E+00
  7.34000E+00  7.86429E+00
  9.95365E-01  9.92140E-01  9.89894E-01  9.94893E-01  9.89867E-01  9.91707E-01
  9.91259E-01  9.90745E-01  9.91274E-01  9.90297E-01  9.93237E-01  9.89308E-01
  9.90264E-01  9.90123E-01  9.88025E-01  9.89408E-01  9.90063E-01  9.91130E-01
  9.89976E-01  9.87854E-01  9.89212E-01  9.88857E-01  9.89750E-01  9.90189E-01
  9.89453E-01  9.89567E-01  9.89221E-01  9.88725E-01  9.89119E-01  9.89471E-01
  9.89558E-01  9.88984E-01  9.89738E-01  9.89056E-01  9.90252E-01  9.88256E-01
  9.89396E-01  9.89230E-01  9.88933E-01  9.88473E-01  9.88584E-01  9.88960E-01
  9.88969E-01  9.88587E-01  9.88963E-01  9.88659E-01  9.89215E-01  9.88569E-01
  9.87838E-01  9.88049E-01  9.87959E-01  9.87580E-01  9.87775E-01  9.87466E-01
  9.86967E-01  9.86663E-01  9.86215E-01  9.86086E-01  9.85852E-01  9.85530E-01
  9.85190E-01  9.84851E-01  9.84069E-01  9.83327E-01  9.82744E-01  9.82599E-01
  9.81403E-01  9.81331E-01  9.80477E-01  9.79173E-01  9.77991E-01  9.76771E-01
  9.75638E-01  9.74667E-01  9.73263E-01  9.72097E-01  9.70591E-01  9.68280E-01
  9.65926E-01  9.63561E-01  9.61216E-01  9.58956E-01  9.56596E-01  9.54297E-01
  9.08287E-01  9.03724E-01  8.99260E-01  8.94577E-01  8.90153E-01  8.85761E-01
  8.81192E-01  8.76984E-01  9.20517E-01  9.11698E-01  9.03156E-01  8.94613E-01
  8.86338E-01  8.77937E-01  8.69689E-01  8.61459E-01  8.53539E-01  8.37581E-01
  8.22176E-01  8.07340E-01  7.92767E-01  7.78418E-01  7.64420E-01  7.50662E-01
  7.37554E-01  7.11905E-01  6.87426E-01  6.63388E-01  6.40232E-01  6.17913E-01
  5.96542E-01  5.76015E-01  5.56637E-01  5.19278E-01  4.84621E-01  4.51641E-01
  4.20645E-01  3.91347E-01  3.63754E-01  3.37901E-01  3.10578E-01  2.67068E-01
  2.31397E-01  2.00523E-01  1.74814E-01  1.56035E-01  1.39314E-01  1.23031E-01
  8.83435E-02  6.01300E-02  4.05598E-02  2.64978E-02  1.63157E-02  1.38410E-02
  1.34316E-02  8.09005E-03  3.25598E-03 -8.23899E-05 -4.09941E-03 -1.66476E-02
 -3.00722E-02 -3.10428E-02 -2.17694E-02 -1.73266E-02 -5.23991E-03 -1.35660E-02
 -2.13409E-02 -1.32686E-02 -1.54682E-02 -1.98111E-02 -1.09717E-02 -5.82331E-03
 -9.14259E-03 -1.28559E-02 -1.08091E-02  1.54737E-02  3.84131E-03  1.87833E-02
  1.68876E-02  4.39519E-02  1.42862E-02 -2.37265E-02  4.14898E-04 -1.43028E-02
 -1.15876E-02 -1.02033E-02 -8.19522E-03 -3.25779E-03 -2.60501E-02 -1.25830E-02
  5.57923E-03 -1.43528E-02 -1.62725E-02 -7.31656E-03 -5.02608E-03  5.86449E-03
  1.03242E-02 -3.29864E-03  8.60467E-03 -7.45089E-03 -1.69111E-03  5.30826E-03
 -1.86051E-02  1.64301E-02
