AutoSaveFileName0281.ASC
 IFORMY    0    .00
 (6E13.7)
 IFORMT    0    .00
 (6E13.7)
 IFORMW    0    .00
 (6E13.7)
 NINTT     0   -1.00
 DOUSNQ    0    1.00
 IQUAD          1.00
 PRWT      0    1.00
 PRY       0    1.00
 IPLRES    1    3.00
 IPLRES    2    3.00
 IPRINT    1    0.00
 IPRINT    2    2.00
 IPLFIT    1    0.00
 IPLFIT    2    0.00
 LINEPG    0   50.
 NONNEG    1    1.00
 IWT       0    5.00
 NQPROG    1    5.00
 NQPROG    2    5.00
 GMNMX     1    1.048E-05
 GMNMX     2    1.048E-02
 RUSER    10    -1.00
 NG        0    200.00
 NLINF     0    0.00
 IUSER    10    4.00
 RUSER    21    1.0
 RUSER    22   -1.0
 RUSER    23    0.0
 RUSER    18         292.14494
 RUSER    17         107.99900
 RUSER    19         1.02681
 RUSER    15         1.33200
 RUSER    16         632.80000
 RUSER    25         1
 RUSER    26         0
 END       0    0.00
 NY      131
  3.75000E-07  5.00000E-07  6.25000E-07  7.50000E-07  8.75000E-07  1.00000E-06
  1.12500E-06  1.25000E-06  1.37500E-06  1.50000E-06  1.62500E-06  1.75000E-06
  1.87500E-06  2.00000E-06  2.25000E-06  2.50000E-06  2.75000E-06  3.00000E-06
  3.25000E-06  3.50000E-06  3.75000E-06  4.00000E-06  4.50000E-06  5.00000E-06
  5.50000E-06  6.00000E-06  6.50000E-06  7.00000E-06  7.50000E-06  8.00000E-06
  9.00000E-06  1.00000E-05  1.10000E-05  1.20000E-05  1.30000E-05  1.40000E-05
  1.50000E-05  1.60000E-05  1.80000E-05  2.00000E-05  2.20000E-05  2.40000E-05
  2.60000E-05  2.80000E-05  3.00000E-05  3.20000E-05  3.60000E-05  4.00000E-05
  4.40000E-05  4.80000E-05  5.20000E-05  5.60000E-05  6.00000E-05  6.40000E-05
  7.20000E-05  8.00000E-05  8.80000E-05  9.60000E-05  1.04000E-04  1.12000E-04
  1.20000E-04  1.28000E-04  1.44000E-04  1.60000E-04  1.76000E-04  1.92000E-04
  2.08000E-04  2.24000E-04  2.40000E-04  2.56000E-04  2.88000E-04  3.20000E-04
  3.52000E-04  3.84000E-04  4.16000E-04  4.48000E-04  4.80000E-04  5.12000E-04
  5.76000E-04  6.40000E-04  7.04000E-04  7.68000E-04  8.32000E-04  8.96000E-04
  9.60000E-04  1.02400E-03  1.15200E-03  1.28000E-03  1.40800E-03  1.53600E-03
  1.66400E-03  1.79200E-03  1.92000E-03  2.01600E-03  2.27200E-03  2.52800E-03
  2.78400E-03  3.04000E-03  3.29600E-03  3.55200E-03  3.80800E-03  4.06400E-03
  4.57600E-03  5.08800E-03  5.60000E-03  6.11200E-03  6.62400E-03  7.13600E-03
  7.64800E-03  8.16000E-03  9.18400E-03  1.02080E-02  1.12320E-02  1.22560E-02
  1.32800E-02  1.43040E-02  1.53280E-02  1.63520E-02  1.84000E-02  2.04480E-02
  2.24960E-02  2.45440E-02  2.65920E-02  2.86400E-02  3.06880E-02  3.27360E-02
  3.68320E-02  4.09280E-02  4.50240E-02  4.91200E-02  5.32160E-02
  2.45072E+00  2.44689E+00  2.44679E+00  2.43927E+00  2.43756E+00  2.44048E+00
  2.43763E+00  2.43515E+00  2.43709E+00  2.43603E+00  2.43005E+00  2.43403E+00
  2.43637E+00  2.43573E+00  2.43818E+00  2.43483E+00  2.43274E+00  2.43196E+00
  2.43346E+00  2.42896E+00  2.43333E+00  2.43281E+00  2.43052E+00  2.42987E+00
  2.42848E+00  2.42634E+00  2.42899E+00  2.42667E+00  2.42922E+00  2.42385E+00
  2.42207E+00  2.42088E+00  2.41938E+00  2.41854E+00  2.41515E+00  2.41398E+00
  2.41506E+00  2.41263E+00  2.41001E+00  2.40557E+00  2.40170E+00  2.39803E+00
  2.39537E+00  2.39070E+00  2.38942E+00  2.38527E+00  2.37879E+00  2.37223E+00
  2.36631E+00  2.35888E+00  2.35314E+00  2.34538E+00  2.33899E+00  2.33311E+00
  2.32037E+00  2.30726E+00  2.29451E+00  2.28183E+00  2.26938E+00  2.25594E+00
  2.24438E+00  2.23200E+00  2.20794E+00  2.18362E+00  2.16015E+00  2.13564E+00
  2.11223E+00  2.08886E+00  2.06510E+00  2.04329E+00  1.99840E+00  1.95468E+00
  1.91219E+00  1.87077E+00  1.83028E+00  1.78976E+00  1.75091E+00  1.71287E+00
  1.63947E+00  1.56912E+00  1.50139E+00  1.43589E+00  1.37326E+00  1.31265E+00
  1.25458E+00  1.20021E+00  1.09684E+00  1.00241E+00  9.15984E-01  8.36838E-01
  7.64563E-01  6.98848E-01  6.38934E-01  5.97885E-01  5.01456E-01  4.18996E-01
  3.48209E-01  2.90261E-01  2.45642E-01  2.09848E-01  1.77154E-01  1.50796E-01
  1.06611E-01  7.52555E-02  5.73713E-02  4.52238E-02  3.68320E-02  2.74738E-02
  1.69048E-02  9.47257E-03  3.30389E-03 -2.03289E-03 -3.11005E-03  5.46658E-03
  6.36266E-03  3.84751E-03 -5.26987E-03 -7.58945E-03 -1.39271E-03 -1.23425E-03
 -1.43654E-03  2.45856E-03  9.29760E-03  8.44019E-03 -2.01031E-03 -2.59088E-03
 -1.14302E-02 -2.70732E-03  3.26523E-03  4.17441E-03  7.21465E-03
