AutoSaveFileName0138.ASC
 IFORMY    0    .00
 (6E13.7)
 IFORMT    0    .00
 (6E13.7)
 IFORMW    0    .00
 (6E13.7)
 NINTT     0   -1.00
 DOUSNQ    0    1.00
 IQUAD          1.00
 PRWT      0    1.00
 PRY       0    1.00
 IPLRES    1    3.00
 IPLRES    2    3.00
 IPRINT    1    0.00
 IPRINT    2    2.00
 IPLFIT    1    0.00
 IPLFIT    2    0.00
 LINEPG    0   50.
 NONNEG    1    1.00
 IWT       0    5.00
 NQPROG    1    5.00
 NQPROG    2    5.00
 GMNMX     1    1.657E-05
 GMNMX     2    1.657E-02
 RUSER    10    -1.00
 NG        0    200.00
 NLINF     0    0.00
 IUSER    10    4.00
 RUSER    21    1.0
 RUSER    22   -1.0
 RUSER    23    0.0
 RUSER    18         292.21007
 RUSER    17         79.99800
 RUSER    19         1.02516
 RUSER    15         1.33200
 RUSER    16         632.80000
 RUSER    25         1
 RUSER    26         0
 END       0    0.00
 NY      188
  5.00000E-07  6.25000E-07  7.50000E-07  8.75000E-07  1.00000E-06  1.12500E-06
  1.25000E-06  1.37500E-06  1.50000E-06  1.62500E-06  1.75000E-06  1.87500E-06
  2.00000E-06  2.25000E-06  2.50000E-06  2.75000E-06  3.00000E-06  3.25000E-06
  3.50000E-06  3.75000E-06  4.00000E-06  4.50000E-06  5.00000E-06  5.50000E-06
  6.00000E-06  6.50000E-06  7.00000E-06  7.50000E-06  8.00000E-06  9.00000E-06
  1.00000E-05  1.10000E-05  1.20000E-05  1.30000E-05  1.40000E-05  1.50000E-05
  1.60000E-05  1.80000E-05  2.00000E-05  2.20000E-05  2.40000E-05  2.60000E-05
  2.80000E-05  3.00000E-05  3.20000E-05  3.60000E-05  4.00000E-05  4.40000E-05
  4.80000E-05  5.20000E-05  5.60000E-05  6.00000E-05  6.40000E-05  7.20000E-05
  8.00000E-05  8.80000E-05  9.60000E-05  1.04000E-04  1.12000E-04  1.20000E-04
  1.28000E-04  1.44000E-04  1.60000E-04  1.76000E-04  1.92000E-04  2.08000E-04
  2.24000E-04  2.40000E-04  2.56000E-04  2.88000E-04  3.20000E-04  3.52000E-04
  3.84000E-04  4.16000E-04  4.48000E-04  4.80000E-04  5.12000E-04  5.76000E-04
  6.40000E-04  7.04000E-04  7.68000E-04  8.32000E-04  8.96000E-04  9.60000E-04
  1.02400E-03  1.15200E-03  1.28000E-03  1.40800E-03  1.53600E-03  1.66400E-03
  1.79200E-03  1.92000E-03  2.01600E-03  2.27200E-03  2.52800E-03  2.78400E-03
  3.04000E-03  3.29600E-03  3.55200E-03  3.80800E-03  4.06400E-03  4.57600E-03
  5.08800E-03  5.60000E-03  6.11200E-03  6.62400E-03  7.13600E-03  7.64800E-03
  8.16000E-03  9.18400E-03  1.02080E-02  1.12320E-02  1.22560E-02  1.32800E-02
  1.43040E-02  1.53280E-02  1.63520E-02  1.84000E-02  2.04480E-02  2.24960E-02
  2.45440E-02  2.65920E-02  2.86400E-02  3.06880E-02  3.27360E-02  3.68320E-02
  4.09280E-02  4.50240E-02  4.91200E-02  5.32160E-02  5.73120E-02  6.14080E-02
  6.55040E-02  7.36960E-02  8.18880E-02  9.00800E-02  9.82720E-02  1.06464E-01
  1.14656E-01  1.22848E-01  1.31040E-01  1.47424E-01  1.63808E-01  1.80192E-01
  1.96576E-01  2.12960E-01  2.29344E-01  2.45728E-01  2.62112E-01  2.94880E-01
  3.27648E-01  3.60416E-01  3.93184E-01  4.25952E-01  4.58720E-01  4.91488E-01
  5.24256E-01  5.89792E-01  6.55328E-01  7.20864E-01  7.86400E-01  8.51936E-01
  9.17472E-01  9.83008E-01  1.04854E+00  1.17962E+00  1.31069E+00  1.44176E+00
  1.57283E+00  1.70390E+00  1.83498E+00  1.96605E+00  2.09712E+00  2.35926E+00
  2.62141E+00  2.88355E+00  3.14570E+00  3.40784E+00  3.66998E+00  3.93213E+00
  4.19427E+00  4.71856E+00  5.24285E+00  5.76714E+00  6.29142E+00  6.81571E+00
  7.34000E+00  7.86429E+00
  9.92527E-01  9.89889E-01  9.89852E-01  9.89870E-01  9.88179E-01  9.85886E-01
  9.88336E-01  9.88069E-01  9.84715E-01  9.84491E-01  9.87753E-01  9.87555E-01
  9.86253E-01  9.86508E-01  9.87107E-01  9.86747E-01  9.85808E-01  9.85944E-01
  9.85958E-01  9.86234E-01  9.86365E-01  9.85827E-01  9.84932E-01  9.85784E-01
  9.85673E-01  9.85247E-01  9.85341E-01  9.85840E-01  9.85976E-01  9.85407E-01
  9.84646E-01  9.84356E-01  9.84480E-01  9.83768E-01  9.84267E-01  9.83754E-01
  9.83636E-01  9.82905E-01  9.82761E-01  9.82253E-01  9.82423E-01  9.81680E-01
  9.80923E-01  9.80644E-01  9.80280E-01  9.79679E-01  9.78462E-01  9.77479E-01
  9.76642E-01  9.76112E-01  9.74920E-01  9.74195E-01  9.73129E-01  9.71561E-01
  9.69821E-01  9.68148E-01  9.66308E-01  9.64786E-01  9.62977E-01  9.61323E-01
  9.59514E-01  9.56069E-01  9.52806E-01  9.49233E-01  9.45853E-01  9.42507E-01
  9.39109E-01  9.35646E-01  9.32274E-01  9.25476E-01  9.18685E-01  9.12384E-01
  9.05769E-01  8.99287E-01  8.92808E-01  8.86466E-01  8.80019E-01  8.67360E-01
  8.54935E-01  8.42644E-01  8.30533E-01  8.18666E-01  8.06979E-01  7.95598E-01
  7.81076E-01  7.59061E-01  7.37519E-01  7.16618E-01  6.96327E-01  6.76557E-01
  6.57480E-01  6.38887E-01  6.27604E-01  5.92637E-01  5.59527E-01  5.28191E-01
  4.98889E-01  4.71141E-01  4.45100E-01  4.20481E-01  3.97504E-01  3.55045E-01
  3.17460E-01  2.84227E-01  2.54604E-01  2.28310E-01  2.04716E-01  1.83286E-01
  1.64345E-01  1.30882E-01  1.03212E-01  8.09642E-02  6.37765E-02  4.94661E-02
  3.77374E-02  2.92867E-02  2.29531E-02  1.30792E-02  7.46387E-03  4.13072E-03
  1.40612E-03 -3.66630E-04 -1.63211E-03 -1.31628E-03 -2.65743E-03 -4.47287E-03
 -6.75081E-04 -3.34898E-03 -5.76858E-03 -7.51712E-03 -6.17635E-03 -2.28803E-03
 -1.01047E-03 -4.62893E-03 -9.58774E-03 -6.63857E-03 -1.01561E-02 -6.91173E-03
 -3.43692E-03  3.53127E-03 -3.30415E-03 -4.03830E-03 -4.17123E-03 -2.16779E-03
 -4.52578E-04  1.93642E-03  1.92562E-03  2.35525E-03 -1.08975E-03 -2.36220E-03
 -3.97446E-03 -3.49347E-03  6.37059E-04  7.66131E-03 -2.75316E-03 -4.95249E-05
 -1.92501E-03 -8.62381E-04  1.19845E-03  1.29032E-05  3.15072E-03 -2.10801E-03
 -3.89865E-05 -4.78769E-04 -2.02723E-03 -3.17209E-03 -4.01084E-03  2.44586E-05
 -9.22571E-04  6.42822E-04  4.43585E-04  1.17807E-03 -1.19330E-03  6.07989E-05
  2.76132E-04  8.44300E-04 -1.05689E-03  2.69871E-03  2.33824E-04 -1.87618E-03
 -1.64680E-03 -1.10866E-03 -1.91453E-04 -6.12040E-04  4.41212E-04 -7.32468E-04
  6.73257E-04  1.56876E-03
