AutoSaveFileName0089.ASC
 IFORMY    0    .00
 (6E13.7)
 IFORMT    0    .00
 (6E13.7)
 IFORMW    0    .00
 (6E13.7)
 NINTT     0   -1.00
 DOUSNQ    0    1.00
 IQUAD          1.00
 PRWT      0    1.00
 PRY       0    1.00
 IPLRES    1    3.00
 IPLRES    2    3.00
 IPRINT    1    0.00
 IPRINT    2    2.00
 IPLFIT    1    0.00
 IPLFIT    2    0.00
 LINEPG    0   50.
 NONNEG    1    1.00
 IWT       0    5.00
 NQPROG    1    5.00
 NQPROG    2    5.00
 GMNMX     1    4.924E-05
 GMNMX     2    4.924E-02
 RUSER    10    -1.00
 NG        0    200.00
 NLINF     0    0.00
 IUSER    10    4.00
 RUSER    21    1.0
 RUSER    22   -1.0
 RUSER    23    0.0
 RUSER    18         291.88107
 RUSER    17         43.99900
 RUSER    19         1.03354
 RUSER    15         1.33200
 RUSER    16         632.80000
 RUSER    25         1
 RUSER    26         0
 END       0    0.00
 NY      131
  3.75000E-07  5.00000E-07  6.25000E-07  7.50000E-07  8.75000E-07  1.00000E-06
  1.12500E-06  1.25000E-06  1.37500E-06  1.50000E-06  1.62500E-06  1.75000E-06
  1.87500E-06  2.00000E-06  2.25000E-06  2.50000E-06  2.75000E-06  3.00000E-06
  3.25000E-06  3.50000E-06  3.75000E-06  4.00000E-06  4.50000E-06  5.00000E-06
  5.50000E-06  6.00000E-06  6.50000E-06  7.00000E-06  7.50000E-06  8.00000E-06
  9.00000E-06  1.00000E-05  1.10000E-05  1.20000E-05  1.30000E-05  1.40000E-05
  1.50000E-05  1.60000E-05  1.80000E-05  2.00000E-05  2.20000E-05  2.40000E-05
  2.60000E-05  2.80000E-05  3.00000E-05  3.20000E-05  3.60000E-05  4.00000E-05
  4.40000E-05  4.80000E-05  5.20000E-05  5.60000E-05  6.00000E-05  6.40000E-05
  7.20000E-05  8.00000E-05  8.80000E-05  9.60000E-05  1.04000E-04  1.12000E-04
  1.20000E-04  1.28000E-04  1.44000E-04  1.60000E-04  1.76000E-04  1.92000E-04
  2.08000E-04  2.24000E-04  2.40000E-04  2.56000E-04  2.88000E-04  3.20000E-04
  3.52000E-04  3.84000E-04  4.16000E-04  4.48000E-04  4.80000E-04  5.12000E-04
  5.76000E-04  6.40000E-04  7.04000E-04  7.68000E-04  8.32000E-04  8.96000E-04
  9.60000E-04  1.02400E-03  1.15200E-03  1.28000E-03  1.40800E-03  1.53600E-03
  1.66400E-03  1.79200E-03  1.92000E-03  2.01600E-03  2.27200E-03  2.52800E-03
  2.78400E-03  3.04000E-03  3.29600E-03  3.55200E-03  3.80800E-03  4.06400E-03
  4.57600E-03  5.08800E-03  5.60000E-03  6.11200E-03  6.62400E-03  7.13600E-03
  7.64800E-03  8.16000E-03  9.18400E-03  1.02080E-02  1.12320E-02  1.22560E-02
  1.32800E-02  1.43040E-02  1.53280E-02  1.63520E-02  1.84000E-02  2.04480E-02
  2.24960E-02  2.45440E-02  2.65920E-02  2.86400E-02  3.06880E-02  3.27360E-02
  3.68320E-02  4.09280E-02  4.50240E-02  4.91200E-02  5.32160E-02
  2.33495E+00  2.32268E+00  2.32277E+00  2.31535E+00  2.32340E+00  2.31930E+00
  2.30984E+00  2.31863E+00  2.32022E+00  2.30275E+00  2.32210E+00  2.31711E+00
  2.30573E+00  2.30876E+00  2.30882E+00  2.31716E+00  2.31156E+00  2.30871E+00
  2.30908E+00  2.30995E+00  2.30811E+00  2.31284E+00  2.30585E+00  2.31175E+00
  2.30903E+00  2.31043E+00  2.30824E+00  2.30984E+00  2.30837E+00  2.30714E+00
  2.30953E+00  2.30956E+00  2.30959E+00  2.30644E+00  2.30826E+00  2.30383E+00
  2.30629E+00  2.30738E+00  2.30504E+00  2.30629E+00  2.30652E+00  2.30340E+00
  2.30376E+00  2.30337E+00  2.30131E+00  2.30032E+00  2.29788E+00  2.29709E+00
  2.29553E+00  2.29596E+00  2.29402E+00  2.29249E+00  2.29020E+00  2.28880E+00
  2.28712E+00  2.28296E+00  2.27942E+00  2.27733E+00  2.27360E+00  2.27149E+00
  2.26895E+00  2.26610E+00  2.26014E+00  2.25372E+00  2.24847E+00  2.24229E+00
  2.23666E+00  2.23114E+00  2.22642E+00  2.21972E+00  2.20861E+00  2.19701E+00
  2.18612E+00  2.17457E+00  2.16340E+00  2.15367E+00  2.14229E+00  2.13190E+00
  2.11023E+00  2.08926E+00  2.06812E+00  2.04701E+00  2.02718E+00  2.00670E+00
  1.98575E+00  1.96612E+00  1.92643E+00  1.88785E+00  1.84995E+00  1.81304E+00
  1.77660E+00  1.74117E+00  1.70628E+00  1.67884E+00  1.61278E+00  1.54884E+00
  1.48829E+00  1.43068E+00  1.37585E+00  1.32271E+00  1.27080E+00  1.22146E+00
  1.12836E+00  1.04177E+00  9.61815E-01  8.88428E-01  8.21845E-01  7.60766E-01
  7.03981E-01  6.51253E-01  5.55915E-01  4.71654E-01  3.98581E-01  3.36316E-01
  2.82232E-01  2.35783E-01  1.93556E-01  1.59533E-01  1.09875E-01  7.43112E-02
  4.89543E-02  2.59723E-02  7.63282E-03 -9.60866E-04 -2.34336E-03  6.45254E-04
 -3.86068E-03  3.33760E-03  5.09829E-03  9.32794E-03 -2.90104E-03
