AutoSaveFileName0129.ASC
 IFORMY    0    .00
 (6E13.7)
 IFORMT    0    .00
 (6E13.7)
 IFORMW    0    .00
 (6E13.7)
 NINTT     0   -1.00
 DOUSNQ    0    1.00
 IQUAD     0    1.00
 PRWT      0    1.00
 PRY       0    1.00
 IPLRES    1    3.00
 IPLRES    2    3.00
 IPRINT    1    0.00
 IPRINT    2    2.00
 IPLFIT    1    0.00
 IPLFIT    2    0.00
 LINEPG    0   50.
 NONNEG    1    1.00
 IWT       0    5.00
 NQPROG    1    5.00
 NQPROG    2    5.00
 GMNMX     1    7.24966E-03
 GMNMX     2    2.60244E-03
 RUSER    10    -1.00
 NG        0    500.00
 NLINF     0    1.00
 IUSER    10    4.00
 RUSER    21    1.0
 RUSER    22   -1.0
 RUSER    23    0.0
 RUSER    18         291.98760
 RUSER    17         74.99900
 RUSER    19         1.03082
 RUSER    15         1.33200
 RUSER    16         632.80000
 RUSER    25         1
 RUSER    26         0
 END       0    0.00
 NY      162
  7.50000E-07  8.75000E-07  1.00000E-06  1.12500E-06  1.25000E-06  1.37500E-06
  1.50000E-06  1.62500E-06  1.75000E-06  1.87500E-06  2.00000E-06  2.25000E-06
  2.50000E-06  2.75000E-06  3.00000E-06  3.25000E-06  3.50000E-06  3.75000E-06
  4.00000E-06  4.50000E-06  5.00000E-06  5.50000E-06  6.00000E-06  6.50000E-06
  7.00000E-06  7.50000E-06  8.00000E-06  9.00000E-06  1.00000E-05  1.10000E-05
  1.20000E-05  1.30000E-05  1.40000E-05  1.50000E-05  1.60000E-05  1.80000E-05
  2.00000E-05  2.20000E-05  2.40000E-05  2.60000E-05  2.80000E-05  3.00000E-05
  3.20000E-05  3.60000E-05  4.00000E-05  4.40000E-05  4.80000E-05  5.20000E-05
  5.60000E-05  6.00000E-05  6.40000E-05  7.20000E-05  8.00000E-05  8.80000E-05
  9.60000E-05  1.04000E-04  1.12000E-04  1.20000E-04  1.28000E-04  1.44000E-04
  1.60000E-04  1.76000E-04  1.92000E-04  2.08000E-04  2.24000E-04  2.40000E-04
  2.56000E-04  2.88000E-04  3.20000E-04  3.52000E-04  3.84000E-04  4.16000E-04
  4.48000E-04  4.80000E-04  5.12000E-04  5.76000E-04  6.40000E-04  7.04000E-04
  7.68000E-04  8.32000E-04  8.96000E-04  9.60000E-04  1.02400E-03  1.15200E-03
  1.28000E-03  1.40800E-03  1.53600E-03  1.66400E-03  1.79200E-03  1.92000E-03
  2.01600E-03  2.27200E-03  2.52800E-03  2.78400E-03  3.04000E-03  3.29600E-03
  3.55200E-03  3.80800E-03  4.06400E-03  4.57600E-03  5.08800E-03  5.60000E-03
  6.11200E-03  6.62400E-03  7.13600E-03  7.64800E-03  8.16000E-03  9.18400E-03
  1.02080E-02  1.12320E-02  1.22560E-02  1.32800E-02  1.43040E-02  1.53280E-02
  1.63520E-02  1.84000E-02  2.04480E-02  2.24960E-02  2.45440E-02  2.65920E-02
  2.86400E-02  3.06880E-02  3.27360E-02  3.68320E-02  4.09280E-02  4.50240E-02
  4.91200E-02  5.32160E-02  5.73120E-02  6.14080E-02  6.55040E-02  7.36960E-02
  8.18880E-02  9.00800E-02  9.82720E-02  1.06464E-01  1.14656E-01  1.22848E-01
  1.31040E-01  1.47424E-01  1.63808E-01  1.80192E-01  1.96576E-01  2.12960E-01
  2.29344E-01  2.45728E-01  2.62112E-01  2.94880E-01  3.27648E-01  3.60416E-01
  3.93184E-01  4.25952E-01  4.58720E-01  4.91488E-01  5.24256E-01  5.89792E-01
  6.55328E-01  7.20864E-01  7.86400E-01  8.51936E-01  9.17472E-01  9.83008E-01
  9.98171E-01  1.00000E+00  9.95179E-01  9.97891E-01  9.94210E-01  9.94144E-01
  9.94366E-01  9.93131E-01  9.94088E-01  9.90979E-01  9.92893E-01  9.90507E-01
  9.92058E-01  9.90512E-01  9.89321E-01  9.89215E-01  9.89310E-01  9.87289E-01
  9.87245E-01  9.85674E-01  9.84305E-01  9.83024E-01  9.82294E-01  9.80561E-01
  9.80496E-01  9.79052E-01  9.78122E-01  9.75645E-01  9.73297E-01  9.70596E-01
  9.69173E-01  9.65946E-01  9.62871E-01  9.61514E-01  9.58561E-01  9.53978E-01
  9.49565E-01  9.44530E-01  9.39960E-01  9.35650E-01  9.31403E-01  9.26032E-01
  9.21303E-01  9.12941E-01  9.03890E-01  8.95111E-01  8.86464E-01  8.78047E-01
  8.69196E-01  8.60872E-01  8.52712E-01  8.35937E-01  8.19864E-01  8.03929E-01
  7.88264E-01  7.73621E-01  7.58187E-01  7.43341E-01  7.28916E-01  7.01116E-01
  6.74177E-01  6.48573E-01  6.23800E-01  5.99891E-01  5.76962E-01  5.54745E-01
  5.33955E-01  4.94011E-01  4.57224E-01  4.23121E-01  3.91872E-01  3.62936E-01
  3.35981E-01  3.11222E-01  2.88775E-01  2.47830E-01  2.12984E-01  1.83227E-01
  1.57630E-01  1.35838E-01  1.17003E-01  1.00780E-01  8.68810E-02  6.41486E-02
  4.77545E-02  3.55846E-02  2.72851E-02  2.07492E-02  1.56373E-02  1.19982E-02
  9.86122E-03  5.92140E-03  3.75752E-03  2.36830E-03  1.88069E-03  1.59170E-03
  1.54390E-03  1.94626E-03  2.14565E-03  1.04039E-03  1.71749E-03  2.96405E-03
  3.71980E-03  2.73395E-03  1.73744E-03 -6.54594E-04  6.63093E-05 -1.41912E-03
 -2.34320E-03 -6.36964E-04  7.17367E-04  3.06765E-03  2.45716E-03  3.40085E-05
  3.50212E-04  1.64040E-05 -2.25388E-03 -1.38527E-03 -5.83370E-04 -6.99936E-04
 -9.07112E-04 -1.94001E-03 -1.58529E-03 -7.24524E-05 -4.52296E-04 -4.32465E-04
 -6.05805E-04  6.15571E-04 -2.29625E-04 -1.13088E-03 -1.13295E-04 -8.29436E-04
 -1.06148E-03 -1.48946E-04 -1.01308E-03 -1.19813E-04 -3.01464E-04 -8.28906E-04
  6.67241E-05  4.42390E-04  7.59425E-05 -5.50710E-04  9.38070E-05  4.82922E-04
 -2.02893E-04  4.40749E-04 -2.03105E-07 -2.18855E-04 -7.89602E-06 -2.24413E-04
  2.05277E-04 -5.67420E-05  1.96724E-04 -6.39503E-04 -9.76325E-06  7.77693E-05
 -4.06588E-04 -2.64156E-04  2.26406E-04  2.20120E-05  1.54130E-04 -4.96437E-04
