AutoSaveFileName0100.ASC
 IFORMY    0    .00
 (6E13.7)
 IFORMT    0    .00
 (6E13.7)
 IFORMW    0    .00
 (6E13.7)
 NINTT     0   -1.00
 DOUSNQ    0    1.00
 IQUAD          1.00
 PRWT      0    1.00
 PRY       0    1.00
 IPLRES    1    3.00
 IPLRES    2    3.00
 IPRINT    1    0.00
 IPRINT    2    2.00
 IPLFIT    1    0.00
 IPLFIT    2    0.00
 LINEPG    0   50.
 NONNEG    1    1.00
 IWT       0    5.00
 NQPROG    1    5.00
 NQPROG    2    5.00
 GMNMX     1    4.175E-05
 GMNMX     2    4.175E-02
 RUSER    10    -1.00
 NG        0    200.00
 NLINF     0    0.00
 IUSER    10    4.00
 RUSER    21    1.0
 RUSER    22   -1.0
 RUSER    23    0.0
 RUSER    18         291.89352
 RUSER    17         47.99900
 RUSER    19         1.03322
 RUSER    15         1.33200
 RUSER    16         632.80000
 RUSER    25         1
 RUSER    26         0
 END       0    0.00
 NY      131
  3.75000E-07  5.00000E-07  6.25000E-07  7.50000E-07  8.75000E-07  1.00000E-06
  1.12500E-06  1.25000E-06  1.37500E-06  1.50000E-06  1.62500E-06  1.75000E-06
  1.87500E-06  2.00000E-06  2.25000E-06  2.50000E-06  2.75000E-06  3.00000E-06
  3.25000E-06  3.50000E-06  3.75000E-06  4.00000E-06  4.50000E-06  5.00000E-06
  5.50000E-06  6.00000E-06  6.50000E-06  7.00000E-06  7.50000E-06  8.00000E-06
  9.00000E-06  1.00000E-05  1.10000E-05  1.20000E-05  1.30000E-05  1.40000E-05
  1.50000E-05  1.60000E-05  1.80000E-05  2.00000E-05  2.20000E-05  2.40000E-05
  2.60000E-05  2.80000E-05  3.00000E-05  3.20000E-05  3.60000E-05  4.00000E-05
  4.40000E-05  4.80000E-05  5.20000E-05  5.60000E-05  6.00000E-05  6.40000E-05
  7.20000E-05  8.00000E-05  8.80000E-05  9.60000E-05  1.04000E-04  1.12000E-04
  1.20000E-04  1.28000E-04  1.44000E-04  1.60000E-04  1.76000E-04  1.92000E-04
  2.08000E-04  2.24000E-04  2.40000E-04  2.56000E-04  2.88000E-04  3.20000E-04
  3.52000E-04  3.84000E-04  4.16000E-04  4.48000E-04  4.80000E-04  5.12000E-04
  5.76000E-04  6.40000E-04  7.04000E-04  7.68000E-04  8.32000E-04  8.96000E-04
  9.60000E-04  1.02400E-03  1.15200E-03  1.28000E-03  1.40800E-03  1.53600E-03
  1.66400E-03  1.79200E-03  1.92000E-03  2.01600E-03  2.27200E-03  2.52800E-03
  2.78400E-03  3.04000E-03  3.29600E-03  3.55200E-03  3.80800E-03  4.06400E-03
  4.57600E-03  5.08800E-03  5.60000E-03  6.11200E-03  6.62400E-03  7.13600E-03
  7.64800E-03  8.16000E-03  9.18400E-03  1.02080E-02  1.12320E-02  1.22560E-02
  1.32800E-02  1.43040E-02  1.53280E-02  1.63520E-02  1.84000E-02  2.04480E-02
  2.24960E-02  2.45440E-02  2.65920E-02  2.86400E-02  3.06880E-02  3.27360E-02
  3.68320E-02  4.09280E-02  4.50240E-02  4.91200E-02  5.32160E-02
  1.45804E+00  1.45837E+00  1.45998E+00  1.45845E+00  1.45376E+00  1.45670E+00
  1.45658E+00  1.45561E+00  1.45680E+00  1.45724E+00  1.45674E+00  1.45728E+00
  1.45639E+00  1.45538E+00  1.45667E+00  1.45490E+00  1.45593E+00  1.45510E+00
  1.45354E+00  1.45469E+00  1.45526E+00  1.45529E+00  1.45474E+00  1.45489E+00
  1.45474E+00  1.45581E+00  1.45437E+00  1.45376E+00  1.45468E+00  1.45372E+00
  1.45352E+00  1.45329E+00  1.45312E+00  1.45313E+00  1.45267E+00  1.45284E+00
  1.45254E+00  1.45263E+00  1.45153E+00  1.45084E+00  1.45075E+00  1.45033E+00
  1.44955E+00  1.44850E+00  1.44872E+00  1.44805E+00  1.44701E+00  1.44596E+00
  1.44494E+00  1.44365E+00  1.44290E+00  1.44165E+00  1.44117E+00  1.43989E+00
  1.43795E+00  1.43578E+00  1.43381E+00  1.43167E+00  1.42952E+00  1.42785E+00
  1.42590E+00  1.42373E+00  1.41954E+00  1.41571E+00  1.41184E+00  1.40785E+00
  1.40358E+00  1.39977E+00  1.39582E+00  1.39177E+00  1.38392E+00  1.37615E+00
  1.36841E+00  1.36084E+00  1.35331E+00  1.34591E+00  1.33830E+00  1.33103E+00
  1.31631E+00  1.30175E+00  1.28750E+00  1.27317E+00  1.25915E+00  1.24540E+00
  1.23174E+00  1.21803E+00  1.19147E+00  1.16568E+00  1.14034E+00  1.11560E+00
  1.09137E+00  1.06798E+00  1.04521E+00  1.02736E+00  9.83879E-01  9.41644E-01
  9.00443E-01  8.60617E-01  8.22071E-01  7.85170E-01  7.50068E-01  7.16661E-01
  6.53542E-01  5.96518E-01  5.44902E-01  4.98328E-01  4.55951E-01  4.17130E-01
  3.82000E-01  3.49462E-01  2.91033E-01  2.40355E-01  1.97154E-01  1.60408E-01
  1.30963E-01  1.07692E-01  8.79908E-02  7.31228E-02  4.88923E-02  2.94018E-02
  1.08454E-02  3.57222E-03  1.27730E-03  2.38922E-03 -2.37220E-03 -6.30080E-03
  7.46775E-03  2.13896E-02  1.74841E-02  6.52189E-03 -2.35161E-03
