AutoSaveFileName0156.ASC
 IFORMY    0    .00
 (6E13.7)
 IFORMT    0    .00
 (6E13.7)
 IFORMW    0    .00
 (6E13.7)
 NINTT     0   -1.00
 DOUSNQ    0    1.00
 IQUAD          1.00
 PRWT      0    1.00
 PRY       0    1.00
 IPLRES    1    3.00
 IPLRES    2    3.00
 IPRINT    1    0.00
 IPRINT    2    2.00
 IPLFIT    1    0.00
 IPLFIT    2    0.00
 LINEPG    0   50.
 NONNEG    1    1.00
 IWT       0    5.00
 NQPROG    1    5.00
 NQPROG    2    5.00
 GMNMX     1    2.263E-05
 GMNMX     2    2.263E-02
 RUSER    10    -1.00
 NG        0    200.00
 NLINF     0    0.00
 IUSER    10    4.00
 RUSER    21    1.0
 RUSER    22   -1.0
 RUSER    23    0.0
 RUSER    18         291.96514
 RUSER    17         66.99900
 RUSER    19         1.03139
 RUSER    15         1.33200
 RUSER    16         632.80000
 RUSER    25         1
 RUSER    26         0
 END       0    0.00
 NY      131
  3.75000E-07  5.00000E-07  6.25000E-07  7.50000E-07  8.75000E-07  1.00000E-06
  1.12500E-06  1.25000E-06  1.37500E-06  1.50000E-06  1.62500E-06  1.75000E-06
  1.87500E-06  2.00000E-06  2.25000E-06  2.50000E-06  2.75000E-06  3.00000E-06
  3.25000E-06  3.50000E-06  3.75000E-06  4.00000E-06  4.50000E-06  5.00000E-06
  5.50000E-06  6.00000E-06  6.50000E-06  7.00000E-06  7.50000E-06  8.00000E-06
  9.00000E-06  1.00000E-05  1.10000E-05  1.20000E-05  1.30000E-05  1.40000E-05
  1.50000E-05  1.60000E-05  1.80000E-05  2.00000E-05  2.20000E-05  2.40000E-05
  2.60000E-05  2.80000E-05  3.00000E-05  3.20000E-05  3.60000E-05  4.00000E-05
  4.40000E-05  4.80000E-05  5.20000E-05  5.60000E-05  6.00000E-05  6.40000E-05
  7.20000E-05  8.00000E-05  8.80000E-05  9.60000E-05  1.04000E-04  1.12000E-04
  1.20000E-04  1.28000E-04  1.44000E-04  1.60000E-04  1.76000E-04  1.92000E-04
  2.08000E-04  2.24000E-04  2.40000E-04  2.56000E-04  2.88000E-04  3.20000E-04
  3.52000E-04  3.84000E-04  4.16000E-04  4.48000E-04  4.80000E-04  5.12000E-04
  5.76000E-04  6.40000E-04  7.04000E-04  7.68000E-04  8.32000E-04  8.96000E-04
  9.60000E-04  1.02400E-03  1.15200E-03  1.28000E-03  1.40800E-03  1.53600E-03
  1.66400E-03  1.79200E-03  1.92000E-03  2.01600E-03  2.27200E-03  2.52800E-03
  2.78400E-03  3.04000E-03  3.29600E-03  3.55200E-03  3.80800E-03  4.06400E-03
  4.57600E-03  5.08800E-03  5.60000E-03  6.11200E-03  6.62400E-03  7.13600E-03
  7.64800E-03  8.16000E-03  9.18400E-03  1.02080E-02  1.12320E-02  1.22560E-02
  1.32800E-02  1.43040E-02  1.53280E-02  1.63520E-02  1.84000E-02  2.04480E-02
  2.24960E-02  2.45440E-02  2.65920E-02  2.86400E-02  3.06880E-02  3.27360E-02
  3.68320E-02  4.09280E-02  4.50240E-02  4.91200E-02  5.32160E-02
  8.40375E-01  8.43336E-01  8.49676E-01  8.39278E-01  8.45686E-01  8.36442E-01
  8.37753E-01  8.43415E-01  8.43200E-01  8.43087E-01  8.36069E-01  8.37222E-01
  8.33413E-01  8.37468E-01  8.39825E-01  8.44865E-01  8.40164E-01  8.41328E-01
  8.36644E-01  8.40814E-01  8.35610E-01  8.39299E-01  8.43291E-01  8.34770E-01
  8.36573E-01  8.31934E-01  8.33191E-01  8.33869E-01  8.36559E-01  8.36169E-01
  8.35218E-01  8.36801E-01  8.36928E-01  8.34103E-01  8.35252E-01  8.34586E-01
  8.34647E-01  8.34613E-01  8.33148E-01  8.32925E-01  8.33891E-01  8.31456E-01
  8.31125E-01  8.34094E-01  8.31060E-01  8.31537E-01  8.28880E-01  8.28305E-01
  8.27597E-01  8.26506E-01  8.26035E-01  8.25096E-01  8.23403E-01  8.22792E-01
  8.20437E-01  8.18992E-01  8.16793E-01  8.16017E-01  8.14381E-01  8.11571E-01
  8.08833E-01  8.08553E-01  8.03929E-01  8.00048E-01  7.96811E-01  7.92015E-01
  7.88960E-01  7.84659E-01  7.81751E-01  7.77568E-01  7.70677E-01  7.62844E-01
  7.55672E-01  7.49062E-01  7.41435E-01  7.35045E-01  7.28256E-01  7.21945E-01
  7.08802E-01  6.96098E-01  6.83119E-01  6.70822E-01  6.58453E-01  6.46561E-01
  6.34681E-01  6.22974E-01  6.01027E-01  5.80128E-01  5.59818E-01  5.40590E-01
  5.21967E-01  5.04254E-01  4.87373E-01  4.74814E-01  4.44317E-01  4.15443E-01
  3.88608E-01  3.63971E-01  3.41579E-01  3.21160E-01  3.02179E-01  2.84465E-01
  2.51406E-01  2.21591E-01  1.95080E-01  1.72240E-01  1.51478E-01  1.34408E-01
  1.20279E-01  1.08031E-01  8.41529E-02  6.40449E-02  5.08230E-02  4.16925E-02
  3.63862E-02  3.09573E-02  2.69147E-02  2.58701E-02  2.01778E-02  1.51016E-02
  1.35981E-02  1.75796E-02  1.94449E-02  2.59608E-02  3.10232E-02  2.31500E-02
  7.96246E-03 -2.61296E-03  8.49011E-03  1.06080E-02  8.66006E-03
