AutoSaveFileName0024.ASC
 IFORMY    0    .00
 (6E13.7)
 IFORMT    0    .00
 (6E13.7)
 IFORMW    0    .00
 (6E13.7)
 NINTT     0   -1.00
 DOUSNQ    0    1.00
 IQUAD          1.00
 PRWT      0    1.00
 PRY       0    1.00
 IPLRES    1    3.00
 IPLRES    2    3.00
 IPRINT    1    0.00
 IPRINT    2    2.00
 IPLFIT    1    0.00
 IPLFIT    2    0.00
 LINEPG    0   50.
 NONNEG    1    1.00
 IWT       0    5.00
 NQPROG    1    5.00
 NQPROG    2    5.00
 GMNMX     1    1.742E-04
 GMNMX     2    1.742E-01
 RUSER    10    -1.00
 NG        0    200.00
 NLINF     0    0.00
 IUSER    10    4.00
 RUSER    21    1.0
 RUSER    22   -1.0
 RUSER    23    0.0
 RUSER    18         291.81525
 RUSER    17         22.99900
 RUSER    19         1.03523
 RUSER    15         1.33200
 RUSER    16         632.80000
 RUSER    25         1
 RUSER    26         0
 END       0    0.00
 NY      131
  3.75000E-07  5.00000E-07  6.25000E-07  7.50000E-07  8.75000E-07  1.00000E-06
  1.12500E-06  1.25000E-06  1.37500E-06  1.50000E-06  1.62500E-06  1.75000E-06
  1.87500E-06  2.00000E-06  2.25000E-06  2.50000E-06  2.75000E-06  3.00000E-06
  3.25000E-06  3.50000E-06  3.75000E-06  4.00000E-06  4.50000E-06  5.00000E-06
  5.50000E-06  6.00000E-06  6.50000E-06  7.00000E-06  7.50000E-06  8.00000E-06
  9.00000E-06  1.00000E-05  1.10000E-05  1.20000E-05  1.30000E-05  1.40000E-05
  1.50000E-05  1.60000E-05  1.80000E-05  2.00000E-05  2.20000E-05  2.40000E-05
  2.60000E-05  2.80000E-05  3.00000E-05  3.20000E-05  3.60000E-05  4.00000E-05
  4.40000E-05  4.80000E-05  5.20000E-05  5.60000E-05  6.00000E-05  6.40000E-05
  7.20000E-05  8.00000E-05  8.80000E-05  9.60000E-05  1.04000E-04  1.12000E-04
  1.20000E-04  1.28000E-04  1.44000E-04  1.60000E-04  1.76000E-04  1.92000E-04
  2.08000E-04  2.24000E-04  2.40000E-04  2.56000E-04  2.88000E-04  3.20000E-04
  3.52000E-04  3.84000E-04  4.16000E-04  4.48000E-04  4.80000E-04  5.12000E-04
  5.76000E-04  6.40000E-04  7.04000E-04  7.68000E-04  8.32000E-04  8.96000E-04
  9.60000E-04  1.02400E-03  1.15200E-03  1.28000E-03  1.40800E-03  1.53600E-03
  1.66400E-03  1.79200E-03  1.92000E-03  2.01600E-03  2.27200E-03  2.52800E-03
  2.78400E-03  3.04000E-03  3.29600E-03  3.55200E-03  3.80800E-03  4.06400E-03
  4.57600E-03  5.08800E-03  5.60000E-03  6.11200E-03  6.62400E-03  7.13600E-03
  7.64800E-03  8.16000E-03  9.18400E-03  1.02080E-02  1.12320E-02  1.22560E-02
  1.32800E-02  1.43040E-02  1.53280E-02  1.63520E-02  1.84000E-02  2.04480E-02
  2.24960E-02  2.45440E-02  2.65920E-02  2.86400E-02  3.06880E-02  3.27360E-02
  3.68320E-02  4.09280E-02  4.50240E-02  4.91200E-02  5.32160E-02
  7.45467E-01  7.44912E-01  7.41958E-01  7.42585E-01  7.42703E-01  7.42816E-01
  7.42912E-01  7.43139E-01  7.40770E-01  7.42913E-01  7.38212E-01  7.43391E-01
  7.42909E-01  7.42060E-01  7.41806E-01  7.41658E-01  7.40750E-01  7.41079E-01
  7.42233E-01  7.39773E-01  7.42623E-01  7.42321E-01  7.41229E-01  7.41400E-01
  7.41512E-01  7.41932E-01  7.41757E-01  7.41782E-01  7.41357E-01  7.41532E-01
  7.41731E-01  7.41108E-01  7.41077E-01  7.41740E-01  7.41322E-01  7.41314E-01
  7.41375E-01  7.40884E-01  7.41434E-01  7.41642E-01  7.41282E-01  7.40882E-01
  7.41233E-01  7.40898E-01  7.41158E-01  7.41065E-01  7.40982E-01  7.40562E-01
  7.40461E-01  7.40367E-01  7.40379E-01  7.39969E-01  7.40053E-01  7.39722E-01
  7.39519E-01  7.38979E-01  7.39116E-01  7.39022E-01  7.38479E-01  7.38321E-01
  7.38001E-01  7.37610E-01  7.37183E-01  7.36602E-01  7.36093E-01  7.35608E-01
  7.35140E-01  7.34645E-01  7.34132E-01  7.33312E-01  7.32202E-01  7.31334E-01
  7.30258E-01  7.29304E-01  7.28174E-01  7.27196E-01  7.26124E-01  7.24912E-01
  7.22886E-01  7.20848E-01  7.18784E-01  7.16949E-01  7.14838E-01  7.13001E-01
  7.10951E-01  7.08564E-01  7.04632E-01  7.00823E-01  6.97017E-01  6.93092E-01
  6.89314E-01  6.85572E-01  6.81827E-01  6.80779E-01  6.73158E-01  6.65714E-01
  6.58311E-01  6.51015E-01  6.43886E-01  6.36845E-01  6.30002E-01  6.23287E-01
  6.10115E-01  5.97026E-01  5.84600E-01  5.72764E-01  5.61509E-01  5.50633E-01
  5.40019E-01  5.29629E-01  5.09179E-01  4.90059E-01  4.72469E-01  4.55658E-01
  4.39083E-01  4.23077E-01  4.07700E-01  3.92684E-01  3.63323E-01  3.37954E-01
  3.16756E-01  2.98170E-01  2.80770E-01  2.63985E-01  2.48063E-01  2.32238E-01
  2.05122E-01  1.81625E-01  1.59805E-01  1.40944E-01  1.23675E-01
