AutoSaveFileName0177.ASC
 IFORMY    0    .00
 (6E13.7)
 IFORMT    0    .00
 (6E13.7)
 IFORMW    0    .00
 (6E13.7)
 NINTT     0   -1.00
 DOUSNQ    0    1.00
 IQUAD          1.00
 PRWT      0    1.00
 PRY       0    1.00
 IPLRES    1    3.00
 IPLRES    2    3.00
 IPRINT    1    0.00
 IPRINT    2    2.00
 IPLFIT    1    0.00
 IPLFIT    2    0.00
 LINEPG    0   50.
 NONNEG    1    1.00
 IWT       0    5.00
 NQPROG    1    5.00
 NQPROG    2    5.00
 GMNMX     1    1.166E-05
 GMNMX     2    1.166E-02
 RUSER    10    -1.00
 NG        0    200.00
 NLINF     0    0.00
 IUSER    10    4.00
 RUSER    21    1.0
 RUSER    22   -1.0
 RUSER    23    0.0
 RUSER    18         292.22611
 RUSER    17         99.99900
 RUSER    19         1.02475
 RUSER    15         1.33200
 RUSER    16         632.80000
 RUSER    25         1
 RUSER    26         0
 END       0    0.00
 NY      188
  5.00000E-07  6.25000E-07  7.50000E-07  8.75000E-07  1.00000E-06  1.12500E-06
  1.25000E-06  1.37500E-06  1.50000E-06  1.62500E-06  1.75000E-06  1.87500E-06
  2.00000E-06  2.25000E-06  2.50000E-06  2.75000E-06  3.00000E-06  3.25000E-06
  3.50000E-06  3.75000E-06  4.00000E-06  4.50000E-06  5.00000E-06  5.50000E-06
  6.00000E-06  6.50000E-06  7.00000E-06  7.50000E-06  8.00000E-06  9.00000E-06
  1.00000E-05  1.10000E-05  1.20000E-05  1.30000E-05  1.40000E-05  1.50000E-05
  1.60000E-05  1.80000E-05  2.00000E-05  2.20000E-05  2.40000E-05  2.60000E-05
  2.80000E-05  3.00000E-05  3.20000E-05  3.60000E-05  4.00000E-05  4.40000E-05
  4.80000E-05  5.20000E-05  5.60000E-05  6.00000E-05  6.40000E-05  7.20000E-05
  8.00000E-05  8.80000E-05  9.60000E-05  1.04000E-04  1.12000E-04  1.20000E-04
  1.28000E-04  1.44000E-04  1.60000E-04  1.76000E-04  1.92000E-04  2.08000E-04
  2.24000E-04  2.40000E-04  2.56000E-04  2.88000E-04  3.20000E-04  3.52000E-04
  3.84000E-04  4.16000E-04  4.48000E-04  4.80000E-04  5.12000E-04  5.76000E-04
  6.40000E-04  7.04000E-04  7.68000E-04  8.32000E-04  8.96000E-04  9.60000E-04
  1.02400E-03  1.15200E-03  1.28000E-03  1.40800E-03  1.53600E-03  1.66400E-03
  1.79200E-03  1.92000E-03  2.01600E-03  2.27200E-03  2.52800E-03  2.78400E-03
  3.04000E-03  3.29600E-03  3.55200E-03  3.80800E-03  4.06400E-03  4.57600E-03
  5.08800E-03  5.60000E-03  6.11200E-03  6.62400E-03  7.13600E-03  7.64800E-03
  8.16000E-03  9.18400E-03  1.02080E-02  1.12320E-02  1.22560E-02  1.32800E-02
  1.43040E-02  1.53280E-02  1.63520E-02  1.84000E-02  2.04480E-02  2.24960E-02
  2.45440E-02  2.65920E-02  2.86400E-02  3.06880E-02  3.27360E-02  3.68320E-02
  4.09280E-02  4.50240E-02  4.91200E-02  5.32160E-02  5.73120E-02  6.14080E-02
  6.55040E-02  7.36960E-02  8.18880E-02  9.00800E-02  9.82720E-02  1.06464E-01
  1.14656E-01  1.22848E-01  1.31040E-01  1.47424E-01  1.63808E-01  1.80192E-01
  1.96576E-01  2.12960E-01  2.29344E-01  2.45728E-01  2.62112E-01  2.94880E-01
  3.27648E-01  3.60416E-01  3.93184E-01  4.25952E-01  4.58720E-01  4.91488E-01
  5.24256E-01  5.89792E-01  6.55328E-01  7.20864E-01  7.86400E-01  8.51936E-01
  9.17472E-01  9.83008E-01  1.04854E+00  1.17962E+00  1.31069E+00  1.44176E+00
  1.57283E+00  1.70390E+00  1.83498E+00  1.96605E+00  2.09712E+00  2.35926E+00
  2.62141E+00  2.88355E+00  3.14570E+00  3.40784E+00  3.66998E+00  3.93213E+00
  4.19427E+00  4.71856E+00  5.24285E+00  5.76714E+00  6.29142E+00  6.81571E+00
  7.34000E+00  7.86429E+00
  9.94035E-01  9.93128E-01  9.93474E-01  9.91393E-01  9.91739E-01  9.91136E-01
  9.90626E-01  9.89957E-01  9.90356E-01  9.91086E-01  9.92264E-01  9.90196E-01
  9.90325E-01  9.89499E-01  9.89013E-01  9.89809E-01  9.88908E-01  9.89656E-01
  9.89408E-01  9.89663E-01  9.89444E-01  9.89508E-01  9.88801E-01  9.88383E-01
  9.87934E-01  9.88654E-01  9.88338E-01  9.88648E-01  9.87854E-01  9.88003E-01
  9.86821E-01  9.86643E-01  9.86657E-01  9.86626E-01  9.85730E-01  9.85000E-01
  9.85417E-01  9.85088E-01  9.84704E-01  9.83421E-01  9.83118E-01  9.82391E-01
  9.82443E-01  9.81501E-01  9.80931E-01  9.79610E-01  9.78783E-01  9.77480E-01
  9.76234E-01  9.75174E-01  9.73941E-01  9.73009E-01  9.71613E-01  9.69493E-01
  9.67155E-01  9.64466E-01  9.62422E-01  9.59942E-01  9.57827E-01  9.55421E-01
  9.52804E-01  9.48318E-01  9.43970E-01  9.39171E-01  9.34590E-01  9.29999E-01
  9.25571E-01  9.20998E-01  9.16507E-01  9.07565E-01  8.98822E-01  8.90056E-01
  8.81444E-01  8.72777E-01  8.64295E-01  8.56069E-01  8.47738E-01  8.31412E-01
  8.15385E-01  7.99648E-01  7.84208E-01  7.69051E-01  7.54104E-01  7.39516E-01
  7.17968E-01  6.90586E-01  6.64325E-01  6.39177E-01  6.14991E-01  5.91844E-01
  5.69672E-01  5.48507E-01  5.38192E-01  4.99108E-01  4.62987E-01  4.29613E-01
  3.98922E-01  3.70662E-01  3.44471E-01  3.20280E-01  2.98306E-01  2.58640E-01
  2.25364E-01  1.96176E-01  1.70974E-01  1.49515E-01  1.30988E-01  1.15104E-01
  1.01093E-01  7.68201E-02  5.76000E-02  4.40357E-02  3.36540E-02  2.62373E-02
  2.19039E-02  1.85284E-02  1.56502E-02  1.03608E-02  4.82669E-03  2.80970E-03
  3.34537E-03  4.31368E-03  4.67778E-03  4.34524E-03  5.40750E-03  8.45615E-03
  8.97134E-03  8.36122E-03  4.60218E-03  2.50259E-03  2.72706E-03  3.30955E-03
  5.23191E-03  4.78806E-03  6.68075E-03  6.94497E-03  3.51543E-03  3.54808E-03
  7.77504E-03  6.35984E-03  5.98443E-03  1.68973E-03  3.66980E-03 -5.62790E-03
 -2.18679E-03 -5.58910E-04 -3.23639E-03  3.88951E-03  2.24615E-03  1.40585E-03
 -7.89115E-04  2.75869E-03  2.38617E-03  8.85122E-04  1.66643E-03  4.24851E-03
  5.30668E-03  2.62266E-03 -2.84332E-04 -3.68199E-04  1.06464E-03  2.91978E-03
  3.54098E-03  1.30861E-03  1.37675E-03 -8.58903E-04  3.46173E-03 -1.98515E-03
  1.12656E-03 -2.88111E-03 -1.69537E-04 -2.69044E-03 -4.27075E-03  6.75599E-04
  2.51819E-03 -4.77144E-04  3.68941E-05  1.49072E-03  4.69220E-04  2.80372E-04
 -1.83101E-03 -2.05866E-03  2.41820E-04 -3.43400E-03  1.64749E-03 -1.51054E-04
  7.73375E-05  3.76114E-04
