AutoSaveFileName0170.ASC
 IFORMY    0    .00
 (6E13.7)
 IFORMT    0    .00
 (6E13.7)
 IFORMW    0    .00
 (6E13.7)
 NINTT     0   -1.00
 DOUSNQ    0    1.00
 IQUAD          1.00
 PRWT      0    1.00
 PRY       0    1.00
 IPLRES    1    3.00
 IPLRES    2    3.00
 IPRINT    1    0.00
 IPRINT    2    2.00
 IPLFIT    1    0.00
 IPLFIT    2    0.00
 LINEPG    0   50.
 NONNEG    1    1.00
 IWT       0    5.00
 NQPROG    1    5.00
 NQPROG    2    5.00
 GMNMX     1    1.166E-05
 GMNMX     2    1.166E-02
 RUSER    10    -1.00
 NG        0    200.00
 NLINF     0    0.00
 IUSER    10    4.00
 RUSER    21    1.0
 RUSER    22   -1.0
 RUSER    23    0.0
 RUSER    18         292.22393
 RUSER    17         99.99900
 RUSER    19         1.02480
 RUSER    15         1.33200
 RUSER    16         632.80000
 RUSER    25         1
 RUSER    26         0
 END       0    0.00
 NY      188
  5.00000E-07  6.25000E-07  7.50000E-07  8.75000E-07  1.00000E-06  1.12500E-06
  1.25000E-06  1.37500E-06  1.50000E-06  1.62500E-06  1.75000E-06  1.87500E-06
  2.00000E-06  2.25000E-06  2.50000E-06  2.75000E-06  3.00000E-06  3.25000E-06
  3.50000E-06  3.75000E-06  4.00000E-06  4.50000E-06  5.00000E-06  5.50000E-06
  6.00000E-06  6.50000E-06  7.00000E-06  7.50000E-06  8.00000E-06  9.00000E-06
  1.00000E-05  1.10000E-05  1.20000E-05  1.30000E-05  1.40000E-05  1.50000E-05
  1.60000E-05  1.80000E-05  2.00000E-05  2.20000E-05  2.40000E-05  2.60000E-05
  2.80000E-05  3.00000E-05  3.20000E-05  3.60000E-05  4.00000E-05  4.40000E-05
  4.80000E-05  5.20000E-05  5.60000E-05  6.00000E-05  6.40000E-05  7.20000E-05
  8.00000E-05  8.80000E-05  9.60000E-05  1.04000E-04  1.12000E-04  1.20000E-04
  1.28000E-04  1.44000E-04  1.60000E-04  1.76000E-04  1.92000E-04  2.08000E-04
  2.24000E-04  2.40000E-04  2.56000E-04  2.88000E-04  3.20000E-04  3.52000E-04
  3.84000E-04  4.16000E-04  4.48000E-04  4.80000E-04  5.12000E-04  5.76000E-04
  6.40000E-04  7.04000E-04  7.68000E-04  8.32000E-04  8.96000E-04  9.60000E-04
  1.02400E-03  1.15200E-03  1.28000E-03  1.40800E-03  1.53600E-03  1.66400E-03
  1.79200E-03  1.92000E-03  2.01600E-03  2.27200E-03  2.52800E-03  2.78400E-03
  3.04000E-03  3.29600E-03  3.55200E-03  3.80800E-03  4.06400E-03  4.57600E-03
  5.08800E-03  5.60000E-03  6.11200E-03  6.62400E-03  7.13600E-03  7.64800E-03
  8.16000E-03  9.18400E-03  1.02080E-02  1.12320E-02  1.22560E-02  1.32800E-02
  1.43040E-02  1.53280E-02  1.63520E-02  1.84000E-02  2.04480E-02  2.24960E-02
  2.45440E-02  2.65920E-02  2.86400E-02  3.06880E-02  3.27360E-02  3.68320E-02
  4.09280E-02  4.50240E-02  4.91200E-02  5.32160E-02  5.73120E-02  6.14080E-02
  6.55040E-02  7.36960E-02  8.18880E-02  9.00800E-02  9.82720E-02  1.06464E-01
  1.14656E-01  1.22848E-01  1.31040E-01  1.47424E-01  1.63808E-01  1.80192E-01
  1.96576E-01  2.12960E-01  2.29344E-01  2.45728E-01  2.62112E-01  2.94880E-01
  3.27648E-01  3.60416E-01  3.93184E-01  4.25952E-01  4.58720E-01  4.91488E-01
  5.24256E-01  5.89792E-01  6.55328E-01  7.20864E-01  7.86400E-01  8.51936E-01
  9.17472E-01  9.83008E-01  1.04854E+00  1.17962E+00  1.31069E+00  1.44176E+00
  1.57283E+00  1.70390E+00  1.83498E+00  1.96605E+00  2.09712E+00  2.35926E+00
  2.62141E+00  2.88355E+00  3.14570E+00  3.40784E+00  3.66998E+00  3.93213E+00
  4.19427E+00  4.71856E+00  5.24285E+00  5.76714E+00  6.29142E+00  6.81571E+00
  7.34000E+00  7.86429E+00
  9.94766E-01  9.91526E-01  9.97758E-01  9.90246E-01  9.92816E-01  9.93033E-01
  9.89788E-01  9.92634E-01  9.86993E-01  9.89079E-01  9.91460E-01  9.92098E-01
  9.90967E-01  9.89073E-01  9.90768E-01  9.91657E-01  9.91650E-01  9.94041E-01
  9.86179E-01  9.95918E-01  9.92089E-01  9.89783E-01  9.89619E-01  9.93131E-01
  9.89524E-01  9.89831E-01  9.89596E-01  9.88936E-01  9.89869E-01  9.88682E-01
  9.88132E-01  9.87236E-01  9.86836E-01  9.87348E-01  9.86034E-01  9.87049E-01
  9.87752E-01  9.85662E-01  9.85612E-01  9.84424E-01  9.83538E-01  9.83508E-01
  9.84823E-01  9.83808E-01  9.82880E-01  9.80954E-01  9.80831E-01  9.79372E-01
  9.77713E-01  9.76502E-01  9.75556E-01  9.75229E-01  9.73428E-01  9.71267E-01
  9.69005E-01  9.65400E-01  9.63948E-01  9.60882E-01  9.59961E-01  9.56803E-01
  9.54034E-01  9.49137E-01  9.45431E-01  9.40404E-01  9.35211E-01  9.30989E-01
  9.26681E-01  9.21642E-01  9.17555E-01  9.08742E-01  8.99925E-01  8.90962E-01
  8.81834E-01  8.73358E-01  8.64504E-01  8.56321E-01  8.48200E-01  8.31730E-01
  8.15465E-01  7.99461E-01  7.83789E-01  7.68364E-01  7.53166E-01  7.37698E-01
  7.19412E-01  6.91159E-01  6.63464E-01  6.37149E-01  6.11711E-01  5.87061E-01
  5.63044E-01  5.40430E-01  5.25248E-01  4.83553E-01  4.45226E-01  4.09870E-01
  3.76771E-01  3.46523E-01  3.18942E-01  2.94014E-01  2.71907E-01  2.31848E-01
  1.98581E-01  1.67592E-01  1.41107E-01  1.19975E-01  1.02728E-01  8.83033E-02
  7.63448E-02  5.36170E-02  3.86739E-02  3.10464E-02  2.60321E-02  2.41515E-02
  2.02042E-02  1.45429E-02  7.37881E-03  1.09537E-03 -2.57895E-03  2.30100E-03
  1.22829E-02  9.78628E-03  1.05197E-02  3.33621E-03 -2.01425E-03  5.64813E-03
  2.27331E-03 -1.92545E-03 -6.01603E-03 -8.60669E-03 -9.72573E-03 -3.61554E-03
  3.77244E-03  3.00282E-03  3.02302E-03 -1.23176E-02 -6.60626E-03  6.53215E-03
  8.68157E-04  1.24166E-02  3.29114E-03 -1.07388E-02  1.33527E-03 -6.96791E-03
  7.31186E-03  2.99698E-03 -1.53534E-02  3.97089E-03  1.04100E-02 -1.78692E-03
 -1.04586E-02  1.50124E-03 -2.70492E-03 -8.62060E-03  2.54358E-03 -6.57572E-03
  7.02214E-03  2.17490E-03 -5.95072E-03  3.35576E-03  2.07767E-03  1.27762E-03
  6.83422E-03 -3.70205E-03 -3.08095E-03 -4.54271E-04 -3.73975E-04 -3.51665E-03
 -6.22288E-04  6.15049E-03 -7.50249E-03 -1.01043E-02 -2.56519E-03  8.83596E-04
  1.23304E-03  3.31691E-03  4.16126E-04 -2.05151E-03 -1.50231E-03  6.59912E-03
  5.61410E-04  1.50372E-03 -8.62537E-04 -1.14635E-03 -1.41876E-03  2.61431E-03
  3.71349E-03 -4.84694E-04
