AutoSaveFileName0069.ASC
 IFORMY    0    .00
 (6E13.7)
 IFORMT    0    .00
 (6E13.7)
 IFORMW    0    .00
 (6E13.7)
 NINTT     0   -1.00
 DOUSNQ    0    1.00
 IQUAD          1.00
 PRWT      0    1.00
 PRY       0    1.00
 IPLRES    1    3.00
 IPLRES    2    3.00
 IPRINT    1    0.00
 IPRINT    2    2.00
 IPLFIT    1    0.00
 IPLFIT    2    0.00
 LINEPG    0   50.
 NONNEG    1    1.00
 IWT       0    5.00
 NQPROG    1    5.00
 NQPROG    2    5.00
 GMNMX     1    4.710E-05
 GMNMX     2    1.413E-02
 RUSER    10    -1.00
 NG        0    200.00
 NLINF     0    0.00
 IUSER    10    4.00
 RUSER    21    1.0
 RUSER    22   -1.0
 RUSER    23    0.0
 RUSER    18         291.94085
 RUSER    17         44.99800
 RUSER    19         0.00103
 RUSER    15         1.33200
 RUSER    16         0.00000
 RUSER    25         1
 RUSER    26         0
 END       0    0.00
 NY      131
  3.75000E-07  5.00000E-07  6.25000E-07  7.50000E-07  8.75000E-07  1.00000E-06
  1.12500E-06  1.25000E-06  1.37500E-06  1.50000E-06  1.62500E-06  1.75000E-06
  1.87500E-06  2.00000E-06  2.25000E-06  2.50000E-06  2.75000E-06  3.00000E-06
  3.25000E-06  3.50000E-06  3.75000E-06  4.00000E-06  4.50000E-06  5.00000E-06
  5.50000E-06  6.00000E-06  6.50000E-06  7.00000E-06  7.50000E-06  8.00000E-06
  9.00000E-06  1.00000E-05  1.10000E-05  1.20000E-05  1.30000E-05  1.40000E-05
  1.50000E-05  1.60000E-05  1.80000E-05  2.00000E-05  2.20000E-05  2.40000E-05
  2.60000E-05  2.80000E-05  3.00000E-05  3.20000E-05  3.60000E-05  4.00000E-05
  4.40000E-05  4.80000E-05  5.20000E-05  5.60000E-05  6.00000E-05  6.40000E-05
  7.20000E-05  8.00000E-05  8.80000E-05  9.60000E-05  1.04000E-04  1.12000E-04
  1.20000E-04  1.28000E-04  1.44000E-04  1.60000E-04  1.76000E-04  1.92000E-04
  2.08000E-04  2.24000E-04  2.40000E-04  2.56000E-04  2.88000E-04  3.20000E-04
  3.52000E-04  3.84000E-04  4.16000E-04  4.48000E-04  4.80000E-04  5.12000E-04
  5.76000E-04  6.40000E-04  7.04000E-04  7.68000E-04  8.32000E-04  8.96000E-04
  9.60000E-04  1.02400E-03  1.15200E-03  1.28000E-03  1.40800E-03  1.53600E-03
  1.66400E-03  1.79200E-03  1.92000E-03  2.01600E-03  2.27200E-03  2.52800E-03
  2.78400E-03  3.04000E-03  3.29600E-03  3.55200E-03  3.80800E-03  4.06400E-03
  4.57600E-03  5.08800E-03  5.60000E-03  6.11200E-03  6.62400E-03  7.13600E-03
  7.64800E-03  8.16000E-03  9.18400E-03  1.02080E-02  1.12320E-02  1.22560E-02
  1.32800E-02  1.43040E-02  1.53280E-02  1.63520E-02  1.84000E-02  2.04480E-02
  2.24960E-02  2.45440E-02  2.65920E-02  2.86400E-02  3.06880E-02  3.27360E-02
  3.68320E-02  4.09280E-02  4.50240E-02  4.91200E-02  5.32160E-02
  9.25675E+00  9.25052E+00  9.24037E+00  9.22251E+00  9.22418E+00  9.21367E+00
  9.21260E+00  9.21354E+00  9.21042E+00  9.20922E+00  9.21109E+00  9.19557E+00
  9.19558E+00  9.19168E+00  9.19503E+00  9.19066E+00  9.19375E+00  9.19066E+00
  9.19053E+00  9.18444E+00  9.17946E+00  9.18036E+00  9.17033E+00  9.17101E+00
  9.16601E+00  9.16572E+00  9.16148E+00  9.16073E+00  9.15685E+00  9.14988E+00
  9.14276E+00  9.13015E+00  9.12540E+00  9.11973E+00  9.11007E+00  9.10306E+00
  9.09565E+00  9.08810E+00  9.07475E+00  9.05953E+00  9.04445E+00  9.02880E+00
  9.01337E+00  9.00007E+00  8.98797E+00  8.97190E+00  8.94311E+00  8.91214E+00
  8.88484E+00  8.85506E+00  8.82469E+00  8.79973E+00  8.76730E+00  8.73986E+00
  8.68444E+00  8.62837E+00  8.57243E+00  8.51744E+00  8.46284E+00  8.40970E+00
  8.35653E+00  8.30370E+00  8.19756E+00  8.09621E+00  7.99322E+00  7.89367E+00
  7.79448E+00  7.69754E+00  7.60220E+00  7.50961E+00  7.32661E+00  7.14992E+00
  6.97879E+00  6.81217E+00  6.65147E+00  6.49502E+00  6.34303E+00  6.19767E+00
  5.91685E+00  5.65262E+00  5.40278E+00  5.16940E+00  4.94913E+00  4.74076E+00
  4.54403E+00  4.36111E+00  4.02246E+00  3.72084E+00  3.45342E+00  3.21567E+00
  3.00376E+00  2.81599E+00  2.64771E+00  2.54005E+00  2.27313E+00  2.05896E+00
  1.88772E+00  1.75241E+00  1.64313E+00  1.55407E+00  1.48058E+00  1.42030E+00
  1.32215E+00  1.25007E+00  1.20292E+00  1.17333E+00  1.16057E+00  1.14928E+00
  1.13770E+00  1.12359E+00  1.10280E+00  1.09564E+00  1.08027E+00  1.06720E+00
  1.06865E+00  1.06958E+00  1.05715E+00  1.05972E+00  1.03577E+00  1.03017E+00
  1.03210E+00  1.04319E+00  1.08493E+00  1.04646E+00  1.01528E+00  1.02802E+00
  1.04544E+00  1.03428E+00  1.04128E+00  1.02582E+00  1.02835E+00
