AutoSaveFileName0217.ASC
 IFORMY    0    .00
 (6E13.7)
 IFORMT    0    .00
 (6E13.7)
 IFORMW    0    .00
 (6E13.7)
 NINTT     0   -1.00
 DOUSNQ    0    1.00
 IQUAD          1.00
 PRWT      0    1.00
 PRY       0    1.00
 IPLRES    1    3.00
 IPLRES    2    3.00
 IPRINT    1    0.00
 IPRINT    2    2.00
 IPLFIT    1    0.00
 IPLFIT    2    0.00
 LINEPG    0   50.
 NONNEG    1    1.00
 IWT       0    5.00
 NQPROG    1    5.00
 NQPROG    2    5.00
 GMNMX     1    9.121E-06
 GMNMX     2    9.121E-03
 RUSER    10    -1.00
 NG        0    200.00
 NLINF     0    0.00
 IUSER    10    4.00
 RUSER    21    1.0
 RUSER    22   -1.0
 RUSER    23    0.0
 RUSER    18         292.23697
 RUSER    17         119.99900
 RUSER    19         1.02447
 RUSER    15         1.33200
 RUSER    16         632.80000
 RUSER    25         1
 RUSER    26         0
 END       0    0.00
 NY      188
  5.00000E-07  6.25000E-07  7.50000E-07  8.75000E-07  1.00000E-06  1.12500E-06
  1.25000E-06  1.37500E-06  1.50000E-06  1.62500E-06  1.75000E-06  1.87500E-06
  2.00000E-06  2.25000E-06  2.50000E-06  2.75000E-06  3.00000E-06  3.25000E-06
  3.50000E-06  3.75000E-06  4.00000E-06  4.50000E-06  5.00000E-06  5.50000E-06
  6.00000E-06  6.50000E-06  7.00000E-06  7.50000E-06  8.00000E-06  9.00000E-06
  1.00000E-05  1.10000E-05  1.20000E-05  1.30000E-05  1.40000E-05  1.50000E-05
  1.60000E-05  1.80000E-05  2.00000E-05  2.20000E-05  2.40000E-05  2.60000E-05
  2.80000E-05  3.00000E-05  3.20000E-05  3.60000E-05  4.00000E-05  4.40000E-05
  4.80000E-05  5.20000E-05  5.60000E-05  6.00000E-05  6.40000E-05  7.20000E-05
  8.00000E-05  8.80000E-05  9.60000E-05  1.04000E-04  1.12000E-04  1.20000E-04
  1.28000E-04  1.44000E-04  1.60000E-04  1.76000E-04  1.92000E-04  2.08000E-04
  2.24000E-04  2.40000E-04  2.56000E-04  2.88000E-04  3.20000E-04  3.52000E-04
  3.84000E-04  4.16000E-04  4.48000E-04  4.80000E-04  5.12000E-04  5.76000E-04
  6.40000E-04  7.04000E-04  7.68000E-04  8.32000E-04  8.96000E-04  9.60000E-04
  1.02400E-03  1.15200E-03  1.28000E-03  1.40800E-03  1.53600E-03  1.66400E-03
  1.79200E-03  1.92000E-03  2.01600E-03  2.27200E-03  2.52800E-03  2.78400E-03
  3.04000E-03  3.29600E-03  3.55200E-03  3.80800E-03  4.06400E-03  4.57600E-03
  5.08800E-03  5.60000E-03  6.11200E-03  6.62400E-03  7.13600E-03  7.64800E-03
  8.16000E-03  9.18400E-03  1.02080E-02  1.12320E-02  1.22560E-02  1.32800E-02
  1.43040E-02  1.53280E-02  1.63520E-02  1.84000E-02  2.04480E-02  2.24960E-02
  2.45440E-02  2.65920E-02  2.86400E-02  3.06880E-02  3.27360E-02  3.68320E-02
  4.09280E-02  4.50240E-02  4.91200E-02  5.32160E-02  5.73120E-02  6.14080E-02
  6.55040E-02  7.36960E-02  8.18880E-02  9.00800E-02  9.82720E-02  1.06464E-01
  1.14656E-01  1.22848E-01  1.31040E-01  1.47424E-01  1.63808E-01  1.80192E-01
  1.96576E-01  2.12960E-01  2.29344E-01  2.45728E-01  2.62112E-01  2.94880E-01
  3.27648E-01  3.60416E-01  3.93184E-01  4.25952E-01  4.58720E-01  4.91488E-01
  5.24256E-01  5.89792E-01  6.55328E-01  7.20864E-01  7.86400E-01  8.51936E-01
  9.17472E-01  9.83008E-01  1.04854E+00  1.17962E+00  1.31069E+00  1.44176E+00
  1.57283E+00  1.70390E+00  1.83498E+00  1.96605E+00  2.09712E+00  2.35926E+00
  2.62141E+00  2.88355E+00  3.14570E+00  3.40784E+00  3.66998E+00  3.93213E+00
  4.19427E+00  4.71856E+00  5.24285E+00  5.76714E+00  6.29142E+00  6.81571E+00
  7.34000E+00  7.86429E+00
  9.96025E-01  9.95608E-01  9.93396E-01  9.94153E-01  9.92201E-01  9.91286E-01
  9.90175E-01  9.91369E-01  9.92496E-01  9.91040E-01  9.90669E-01  9.90290E-01
  9.91424E-01  9.92050E-01  9.90452E-01  9.92078E-01  9.92078E-01  9.89976E-01
  9.90865E-01  9.90243E-01  9.90287E-01  9.90946E-01  9.89787E-01  9.89772E-01
  9.90760E-01  9.88815E-01  9.89943E-01  9.88905E-01  9.88925E-01  9.89380E-01
  9.88763E-01  9.88071E-01  9.86918E-01  9.87127E-01  9.87117E-01  9.85758E-01
  9.85417E-01  9.84660E-01  9.84337E-01  9.83753E-01  9.82448E-01  9.82079E-01
  9.81679E-01  9.80550E-01  9.79639E-01  9.78282E-01  9.76405E-01  9.75290E-01
  9.73654E-01  9.71930E-01  9.70485E-01  9.69129E-01  9.67590E-01  9.64656E-01
  9.61243E-01  9.58241E-01  9.55157E-01  9.52147E-01  9.49071E-01  9.46271E-01
  9.43064E-01  9.36807E-01  9.30939E-01  9.24891E-01  9.18817E-01  9.12845E-01
  9.07046E-01  9.01305E-01  8.95356E-01  8.83784E-01  8.72336E-01  8.61209E-01
  8.50004E-01  8.39063E-01  8.28427E-01  8.17697E-01  8.07266E-01  7.86733E-01
  7.66668E-01  7.47156E-01  7.28152E-01  7.09622E-01  6.91578E-01  6.73944E-01
  6.56793E-01  6.23914E-01  5.92825E-01  5.63241E-01  5.35159E-01  5.08743E-01
  4.83633E-01  4.59896E-01  4.42597E-01  4.00405E-01  3.62458E-01  3.28056E-01
  2.97071E-01  2.69323E-01  2.43788E-01  2.20963E-01  2.00812E-01  1.65066E-01
  1.35777E-01  1.12099E-01  9.33016E-02  7.79926E-02  6.53634E-02  5.50176E-02
  4.64894E-02  3.30371E-02  2.48144E-02  1.92123E-02  1.56662E-02  1.19246E-02
  7.41314E-03  4.56396E-03  1.96191E-03 -1.59552E-03 -2.50959E-03 -2.76549E-03
  1.01527E-04  7.08122E-04 -6.55725E-04 -2.36571E-03 -1.06193E-03 -3.31368E-03
 -4.12167E-03 -1.32002E-03  3.73752E-04 -1.52752E-03 -5.94486E-03 -4.67058E-03
 -1.86467E-03  6.25900E-04 -9.93051E-04 -2.48028E-03 -1.62784E-03 -5.75864E-05
 -2.69309E-03 -4.86503E-03  3.42000E-03 -2.42798E-03  6.56296E-05 -5.75351E-04
 -3.21194E-03  2.90490E-03  6.87702E-04 -2.92787E-03 -1.60375E-03  6.58760E-04
 -5.45646E-04 -4.34141E-03 -3.63764E-05  2.69462E-03  8.59001E-04 -9.97132E-04
 -4.14674E-07 -8.56286E-04  5.75599E-04 -9.30515E-04  1.25761E-03 -5.44464E-04
 -1.64450E-03 -7.89529E-04  4.18032E-04  1.38469E-03 -1.15788E-03 -9.86085E-04
  7.73399E-04 -1.48747E-03  8.78806E-05 -1.53269E-04  4.39242E-04 -4.39238E-04
  4.22593E-04  6.77608E-04  5.82681E-04 -2.33200E-05  3.08984E-04  1.48938E-03
  1.69896E-04 -1.66575E-03 -3.83728E-04  1.51148E-03  8.21128E-04  2.68181E-04
  1.87105E-03 -8.53984E-04
