AutoSaveFileName0386.ASC
 IFORMY    0    .00
 (6E13.7)
 IFORMT    0    .00
 (6E13.7)
 IFORMW    0    .00
 (6E13.7)
 NINTT     0   -1.00
 DOUSNQ    0    1.00
 IQUAD          1.00
 PRWT      0    1.00
 PRY       0    1.00
 IPLRES    1    3.00
 IPLRES    2    3.00
 IPRINT    1    0.00
 IPRINT    2    2.00
 IPLFIT    1    0.00
 IPLFIT    2    0.00
 LINEPG    0   50.
 NONNEG    1    1.00
 IWT       0    5.00
 NQPROG    1    5.00
 NQPROG    2    5.00
 GMNMX     1    7.589E-06
 GMNMX     2    7.589E-03
 RUSER    10    -1.00
 NG        0    200.00
 NLINF     0    0.00
 IUSER    10    4.00
 RUSER    21    1.0
 RUSER    22   -1.0
 RUSER    23    0.0
 RUSER    18         292.32036
 RUSER    17         142.99900
 RUSER    19         1.02237
 RUSER    15         1.33200
 RUSER    16         632.80000
 RUSER    25         1
 RUSER    26         0
 END       0    0.00
 NY      131
  3.75000E-07  5.00000E-07  6.25000E-07  7.50000E-07  8.75000E-07  1.00000E-06
  1.12500E-06  1.25000E-06  1.37500E-06  1.50000E-06  1.62500E-06  1.75000E-06
  1.87500E-06  2.00000E-06  2.25000E-06  2.50000E-06  2.75000E-06  3.00000E-06
  3.25000E-06  3.50000E-06  3.75000E-06  4.00000E-06  4.50000E-06  5.00000E-06
  5.50000E-06  6.00000E-06  6.50000E-06  7.00000E-06  7.50000E-06  8.00000E-06
  9.00000E-06  1.00000E-05  1.10000E-05  1.20000E-05  1.30000E-05  1.40000E-05
  1.50000E-05  1.60000E-05  1.80000E-05  2.00000E-05  2.20000E-05  2.40000E-05
  2.60000E-05  2.80000E-05  3.00000E-05  3.20000E-05  3.60000E-05  4.00000E-05
  4.40000E-05  4.80000E-05  5.20000E-05  5.60000E-05  6.00000E-05  6.40000E-05
  7.20000E-05  8.00000E-05  8.80000E-05  9.60000E-05  1.04000E-04  1.12000E-04
  1.20000E-04  1.28000E-04  1.44000E-04  1.60000E-04  1.76000E-04  1.92000E-04
  2.08000E-04  2.24000E-04  2.40000E-04  2.56000E-04  2.88000E-04  3.20000E-04
  3.52000E-04  3.84000E-04  4.16000E-04  4.48000E-04  4.80000E-04  5.12000E-04
  5.76000E-04  6.40000E-04  7.04000E-04  7.68000E-04  8.32000E-04  8.96000E-04
  9.60000E-04  1.02400E-03  1.15200E-03  1.28000E-03  1.40800E-03  1.53600E-03
  1.66400E-03  1.79200E-03  1.92000E-03  2.01600E-03  2.27200E-03  2.52800E-03
  2.78400E-03  3.04000E-03  3.29600E-03  3.55200E-03  3.80800E-03  4.06400E-03
  4.57600E-03  5.08800E-03  5.60000E-03  6.11200E-03  6.62400E-03  7.13600E-03
  7.64800E-03  8.16000E-03  9.18400E-03  1.02080E-02  1.12320E-02  1.22560E-02
  1.32800E-02  1.43040E-02  1.53280E-02  1.63520E-02  1.84000E-02  2.04480E-02
  2.24960E-02  2.45440E-02  2.65920E-02  2.86400E-02  3.06880E-02  3.27360E-02
  3.68320E-02  4.09280E-02  4.50240E-02  4.91200E-02  5.32160E-02
  2.41985E+00  2.41811E+00  2.42142E+00  2.42325E+00  2.40724E+00  2.40262E+00
  2.40259E+00  2.40484E+00  2.40302E+00  2.40096E+00  2.40810E+00  2.40635E+00
  2.40004E+00  2.40219E+00  2.40095E+00  2.39525E+00  2.40075E+00  2.39878E+00
  2.39995E+00  2.40143E+00  2.39472E+00  2.40333E+00  2.39507E+00  2.39793E+00
  2.39400E+00  2.39758E+00  2.39233E+00  2.39001E+00  2.39591E+00  2.39340E+00
  2.39060E+00  2.38790E+00  2.38685E+00  2.38576E+00  2.38230E+00  2.37795E+00
  2.38018E+00  2.37803E+00  2.37620E+00  2.37172E+00  2.36771E+00  2.36416E+00
  2.36190E+00  2.35999E+00  2.35528E+00  2.35286E+00  2.34733E+00  2.33961E+00
  2.33175E+00  2.32460E+00  2.31827E+00  2.31038E+00  2.30601E+00  2.29890E+00
  2.28725E+00  2.27322E+00  2.25856E+00  2.24691E+00  2.23523E+00  2.22367E+00
  2.20889E+00  2.19733E+00  2.17280E+00  2.14783E+00  2.12474E+00  2.10022E+00
  2.07759E+00  2.05501E+00  2.03049E+00  2.00894E+00  1.96495E+00  1.92316E+00
  1.88130E+00  1.84122E+00  1.80183E+00  1.76392E+00  1.72643E+00  1.69026E+00
  1.62035E+00  1.55475E+00  1.49226E+00  1.43268E+00  1.37659E+00  1.32199E+00
  1.27023E+00  1.22488E+00  1.13219E+00  1.04987E+00  9.75927E-01  9.09066E-01
  8.48860E-01  7.93716E-01  7.42651E-01  7.07968E-01  6.23180E-01  5.53301E-01
  4.94456E-01  4.43720E-01  4.02115E-01  3.66080E-01  3.34284E-01  3.06717E-01
  2.60637E-01  2.26834E-01  1.99830E-01  1.80775E-01  1.62626E-01  1.45192E-01
  1.26881E-01  1.13730E-01  9.89334E-02  9.18830E-02  7.81898E-02  6.15469E-02
  5.57522E-02  5.28938E-02  5.70270E-02  5.13944E-02  3.15538E-02  1.19009E-02
 -2.34114E-03 -4.06000E-03 -4.02119E-03 -5.88014E-03 -1.19681E-03  2.36187E-03
  9.76099E-03  1.86689E-05 -3.09514E-03  6.25824E-03 -1.13013E-02
