AutoSaveFileName0225.ASC
 IFORMY    0    .00
 (6E13.7)
 IFORMT    0    .00
 (6E13.7)
 IFORMW    0    .00
 (6E13.7)
 NINTT     0   -1.00
 DOUSNQ    0    1.00
 IQUAD          1.00
 PRWT      0    1.00
 PRY       0    1.00
 IPLRES    1    3.00
 IPLRES    2    3.00
 IPRINT    1    0.00
 IPRINT    2    2.00
 IPLFIT    1    0.00
 IPLFIT    2    0.00
 LINEPG    0   50.
 NONNEG    1    1.00
 IWT       0    5.00
 NQPROG    1    5.00
 NQPROG    2    5.00
 GMNMX     1    8.693E-06
 GMNMX     2    8.693E-03
 RUSER    10    -1.00
 NG        0    200.00
 NLINF     0    0.00
 IUSER    10    4.00
 RUSER    21    1.0
 RUSER    22   -1.0
 RUSER    23    0.0
 RUSER    18         292.24020
 RUSER    17         124.99900
 RUSER    19         1.02439
 RUSER    15         1.33200
 RUSER    16         632.80000
 RUSER    25         1
 RUSER    26         0
 END       0    0.00
 NY      188
  5.00000E-07  6.25000E-07  7.50000E-07  8.75000E-07  1.00000E-06  1.12500E-06
  1.25000E-06  1.37500E-06  1.50000E-06  1.62500E-06  1.75000E-06  1.87500E-06
  2.00000E-06  2.25000E-06  2.50000E-06  2.75000E-06  3.00000E-06  3.25000E-06
  3.50000E-06  3.75000E-06  4.00000E-06  4.50000E-06  5.00000E-06  5.50000E-06
  6.00000E-06  6.50000E-06  7.00000E-06  7.50000E-06  8.00000E-06  9.00000E-06
  1.00000E-05  1.10000E-05  1.20000E-05  1.30000E-05  1.40000E-05  1.50000E-05
  1.60000E-05  1.80000E-05  2.00000E-05  2.20000E-05  2.40000E-05  2.60000E-05
  2.80000E-05  3.00000E-05  3.20000E-05  3.60000E-05  4.00000E-05  4.40000E-05
  4.80000E-05  5.20000E-05  5.60000E-05  6.00000E-05  6.40000E-05  7.20000E-05
  8.00000E-05  8.80000E-05  9.60000E-05  1.04000E-04  1.12000E-04  1.20000E-04
  1.28000E-04  1.44000E-04  1.60000E-04  1.76000E-04  1.92000E-04  2.08000E-04
  2.24000E-04  2.40000E-04  2.56000E-04  2.88000E-04  3.20000E-04  3.52000E-04
  3.84000E-04  4.16000E-04  4.48000E-04  4.80000E-04  5.12000E-04  5.76000E-04
  6.40000E-04  7.04000E-04  7.68000E-04  8.32000E-04  8.96000E-04  9.60000E-04
  1.02400E-03  1.15200E-03  1.28000E-03  1.40800E-03  1.53600E-03  1.66400E-03
  1.79200E-03  1.92000E-03  2.01600E-03  2.27200E-03  2.52800E-03  2.78400E-03
  3.04000E-03  3.29600E-03  3.55200E-03  3.80800E-03  4.06400E-03  4.57600E-03
  5.08800E-03  5.60000E-03  6.11200E-03  6.62400E-03  7.13600E-03  7.64800E-03
  8.16000E-03  9.18400E-03  1.02080E-02  1.12320E-02  1.22560E-02  1.32800E-02
  1.43040E-02  1.53280E-02  1.63520E-02  1.84000E-02  2.04480E-02  2.24960E-02
  2.45440E-02  2.65920E-02  2.86400E-02  3.06880E-02  3.27360E-02  3.68320E-02
  4.09280E-02  4.50240E-02  4.91200E-02  5.32160E-02  5.73120E-02  6.14080E-02
  6.55040E-02  7.36960E-02  8.18880E-02  9.00800E-02  9.82720E-02  1.06464E-01
  1.14656E-01  1.22848E-01  1.31040E-01  1.47424E-01  1.63808E-01  1.80192E-01
  1.96576E-01  2.12960E-01  2.29344E-01  2.45728E-01  2.62112E-01  2.94880E-01
  3.27648E-01  3.60416E-01  3.93184E-01  4.25952E-01  4.58720E-01  4.91488E-01
  5.24256E-01  5.89792E-01  6.55328E-01  7.20864E-01  7.86400E-01  8.51936E-01
  9.17472E-01  9.83008E-01  1.04854E+00  1.17962E+00  1.31069E+00  1.44176E+00
  1.57283E+00  1.70390E+00  1.83498E+00  1.96605E+00  2.09712E+00  2.35926E+00
  2.62141E+00  2.88355E+00  3.14570E+00  3.40784E+00  3.66998E+00  3.93213E+00
  4.19427E+00  4.71856E+00  5.24285E+00  5.76714E+00  6.29142E+00  6.81571E+00
  7.34000E+00  7.86429E+00
  9.94598E-01  9.93175E-01  9.90255E-01  9.91351E-01  9.92334E-01  9.90878E-01
  9.89274E-01  9.88968E-01  9.88685E-01  9.89295E-01  9.89188E-01  9.90276E-01
  9.88895E-01  9.88666E-01  9.89832E-01  9.88624E-01  9.88666E-01  9.88714E-01
  9.88903E-01  9.88846E-01  9.88763E-01  9.88463E-01  9.88926E-01  9.88712E-01
  9.88467E-01  9.88000E-01  9.87834E-01  9.87421E-01  9.86838E-01  9.86750E-01
  9.86388E-01  9.85891E-01  9.84864E-01  9.84853E-01  9.85082E-01  9.84478E-01
  9.84388E-01  9.83499E-01  9.82527E-01  9.81914E-01  9.81277E-01  9.80581E-01
  9.79690E-01  9.78879E-01  9.78162E-01  9.76429E-01  9.74624E-01  9.73071E-01
  9.71767E-01  9.70193E-01  9.68363E-01  9.67028E-01  9.65370E-01  9.62424E-01
  9.59326E-01  9.56054E-01  9.53088E-01  9.50095E-01  9.46586E-01  9.43756E-01
  9.40778E-01  9.34623E-01  9.28532E-01  9.22340E-01  9.16355E-01  9.10287E-01
  9.04298E-01  8.98368E-01  8.92656E-01  8.81006E-01  8.69387E-01  8.57955E-01
  8.46684E-01  8.35601E-01  8.24812E-01  8.14051E-01  8.03721E-01  7.83007E-01
  7.62832E-01  7.43090E-01  7.23904E-01  7.05273E-01  6.86962E-01  6.69392E-01
  6.52335E-01  6.19438E-01  5.88309E-01  5.59009E-01  5.31306E-01  5.04968E-01
  4.79917E-01  4.56184E-01  4.40522E-01  3.98540E-01  3.61111E-01  3.27558E-01
  2.96800E-01  2.69112E-01  2.44149E-01  2.21213E-01  2.00850E-01  1.65111E-01
  1.36349E-01  1.13188E-01  9.49089E-02  7.94360E-02  6.65652E-02  5.65517E-02
  4.88073E-02  3.71596E-02  3.05086E-02  2.32802E-02  1.60162E-02  9.49709E-03
  5.41975E-03  1.49909E-03 -7.56736E-04 -2.58759E-03 -1.13914E-03  3.63832E-03
  5.77759E-03  3.98463E-03 -6.89238E-04 -2.78678E-03 -4.08522E-03 -4.23560E-03
 -6.22864E-04  2.84290E-03  4.16934E-03 -1.48304E-03 -3.46965E-03  8.64662E-04
  2.24088E-03  8.58321E-03  3.54798E-03 -1.12475E-03 -5.57734E-03  1.95372E-03
  4.93267E-03  9.98858E-04 -7.23298E-04 -1.56337E-03 -2.34898E-03 -2.24633E-03
 -1.70252E-03 -1.00214E-03  1.74508E-03  3.01510E-03 -9.44570E-04  3.36587E-03
 -1.03871E-03 -1.79646E-03  2.52581E-04  2.24690E-03  1.29701E-03  2.21971E-03
 -3.40997E-03  3.66490E-04  2.03510E-03 -1.43167E-03  2.84573E-03 -1.50196E-04
  2.42725E-03  6.85614E-04  1.49175E-03 -2.10996E-03 -7.38560E-04  6.00720E-04
  1.65999E-03 -7.46807E-04 -3.17600E-03 -1.56173E-03 -9.95504E-04 -1.64510E-03
 -7.99315E-04  6.87169E-04  9.08447E-04  8.11907E-04 -2.11549E-03 -3.00749E-03
 -6.83713E-05  1.29287E-03 -1.36993E-03 -3.78101E-04  2.27815E-04 -9.01100E-04
  2.12962E-04  1.24046E-03
