AutoSaveFileName0248.ASC
 IFORMY    0    .00
 (6E13.7)
 IFORMT    0    .00
 (6E13.7)
 IFORMW    0    .00
 (6E13.7)
 NINTT     0   -1.00
 DOUSNQ    0    1.00
 IQUAD          1.00
 PRWT      0    1.00
 PRY       0    1.00
 IPLRES    1    3.00
 IPLRES    2    3.00
 IPRINT    1    0.00
 IPRINT    2    2.00
 IPLFIT    1    0.00
 IPLFIT    2    0.00
 LINEPG    0   50.
 NONNEG    1    1.00
 IWT       0    5.00
 NQPROG    1    5.00
 NQPROG    2    5.00
 GMNMX     1    1.224E-05
 GMNMX     2    1.224E-02
 RUSER    10    -1.00
 NG        0    200.00
 NLINF     0    0.00
 IUSER    10    4.00
 RUSER    21    1.0
 RUSER    22   -1.0
 RUSER    23    0.0
 RUSER    18         292.09515
 RUSER    17         96.99900
 RUSER    19         1.02807
 RUSER    15         1.33200
 RUSER    16         632.80000
 RUSER    25         1
 RUSER    26         0
 END       0    0.00
 NY      131
  3.75000E-07  5.00000E-07  6.25000E-07  7.50000E-07  8.75000E-07  1.00000E-06
  1.12500E-06  1.25000E-06  1.37500E-06  1.50000E-06  1.62500E-06  1.75000E-06
  1.87500E-06  2.00000E-06  2.25000E-06  2.50000E-06  2.75000E-06  3.00000E-06
  3.25000E-06  3.50000E-06  3.75000E-06  4.00000E-06  4.50000E-06  5.00000E-06
  5.50000E-06  6.00000E-06  6.50000E-06  7.00000E-06  7.50000E-06  8.00000E-06
  9.00000E-06  1.00000E-05  1.10000E-05  1.20000E-05  1.30000E-05  1.40000E-05
  1.50000E-05  1.60000E-05  1.80000E-05  2.00000E-05  2.20000E-05  2.40000E-05
  2.60000E-05  2.80000E-05  3.00000E-05  3.20000E-05  3.60000E-05  4.00000E-05
  4.40000E-05  4.80000E-05  5.20000E-05  5.60000E-05  6.00000E-05  6.40000E-05
  7.20000E-05  8.00000E-05  8.80000E-05  9.60000E-05  1.04000E-04  1.12000E-04
  1.20000E-04  1.28000E-04  1.44000E-04  1.60000E-04  1.76000E-04  1.92000E-04
  2.08000E-04  2.24000E-04  2.40000E-04  2.56000E-04  2.88000E-04  3.20000E-04
  3.52000E-04  3.84000E-04  4.16000E-04  4.48000E-04  4.80000E-04  5.12000E-04
  5.76000E-04  6.40000E-04  7.04000E-04  7.68000E-04  8.32000E-04  8.96000E-04
  9.60000E-04  1.02400E-03  1.15200E-03  1.28000E-03  1.40800E-03  1.53600E-03
  1.66400E-03  1.79200E-03  1.92000E-03  2.01600E-03  2.27200E-03  2.52800E-03
  2.78400E-03  3.04000E-03  3.29600E-03  3.55200E-03  3.80800E-03  4.06400E-03
  4.57600E-03  5.08800E-03  5.60000E-03  6.11200E-03  6.62400E-03  7.13600E-03
  7.64800E-03  8.16000E-03  9.18400E-03  1.02080E-02  1.12320E-02  1.22560E-02
  1.32800E-02  1.43040E-02  1.53280E-02  1.63520E-02  1.84000E-02  2.04480E-02
  2.24960E-02  2.45440E-02  2.65920E-02  2.86400E-02  3.06880E-02  3.27360E-02
  3.68320E-02  4.09280E-02  4.50240E-02  4.91200E-02  5.32160E-02
  2.43475E+00  2.42543E+00  2.42396E+00  2.42324E+00  2.41823E+00  2.41620E+00
  2.41804E+00  2.41733E+00  2.41952E+00  2.41027E+00  2.41518E+00  2.41478E+00
  2.41223E+00  2.41213E+00  2.41373E+00  2.41041E+00  2.41358E+00  2.40944E+00
  2.41519E+00  2.41174E+00  2.41432E+00  2.41108E+00  2.41001E+00  2.41004E+00
  2.40640E+00  2.40831E+00  2.40864E+00  2.40447E+00  2.40521E+00  2.40562E+00
  2.40328E+00  2.40138E+00  2.39948E+00  2.39831E+00  2.39650E+00  2.39810E+00
  2.39401E+00  2.39328E+00  2.39096E+00  2.38853E+00  2.38310E+00  2.38199E+00
  2.37977E+00  2.37658E+00  2.37262E+00  2.37000E+00  2.36545E+00  2.35928E+00
  2.35378E+00  2.34839E+00  2.34218E+00  2.33626E+00  2.32993E+00  2.32496E+00
  2.31389E+00  2.30282E+00  2.29195E+00  2.27989E+00  2.26977E+00  2.25851E+00
  2.24729E+00  2.23684E+00  2.21528E+00  2.19431E+00  2.17351E+00  2.15228E+00
  2.13206E+00  2.11212E+00  2.09164E+00  2.07141E+00  2.03163E+00  1.99267E+00
  1.95482E+00  1.91797E+00  1.88150E+00  1.84625E+00  1.81080E+00  1.77659E+00
  1.71012E+00  1.64623E+00  1.58448E+00  1.52548E+00  1.46876E+00  1.41365E+00
  1.36089E+00  1.30965E+00  1.21277E+00  1.12384E+00  1.04194E+00  9.65268E-01
  8.94023E-01  8.27685E-01  7.66521E-01  7.24685E-01  6.22513E-01  5.36142E-01
  4.61145E-01  3.96346E-01  3.40940E-01  2.93505E-01  2.52893E-01  2.18762E-01
  1.61575E-01  1.19700E-01  8.69598E-02  6.51873E-02  4.86308E-02  3.62151E-02
  2.48352E-02  1.76131E-02  6.01567E-03 -3.20177E-03 -4.68720E-03 -1.05777E-03
 -6.82067E-03 -2.46999E-03  9.22032E-04  2.36239E-03  1.43115E-02  2.83554E-02
  3.75659E-02  2.55474E-02  1.52221E-02  5.65862E-03 -1.07298E-03 -1.89499E-02
 -1.95429E-02  3.49281E-03  1.54014E-03 -1.22937E-02  8.94994E-04
