AutoSaveFileName0391.ASC
 IFORMY    0    .00
 (6E13.7)
 IFORMT    0    .00
 (6E13.7)
 IFORMW    0    .00
 (6E13.7)
 NINTT     0   -1.00
 DOUSNQ    0    1.00
 IQUAD          1.00
 PRWT      0    1.00
 PRY       0    1.00
 IPLRES    1    3.00
 IPLRES    2    3.00
 IPRINT    1    0.00
 IPRINT    2    2.00
 IPLFIT    1    0.00
 IPLFIT    2    0.00
 LINEPG    0   50.
 NONNEG    1    1.00
 IWT       0    5.00
 NQPROG    1    5.00
 NQPROG    2    5.00
 GMNMX     1    7.501E-06
 GMNMX     2    7.501E-03
 RUSER    10    -1.00
 NG        0    200.00
 NLINF     0    0.00
 IUSER    10    4.00
 RUSER    21    1.0
 RUSER    22   -1.0
 RUSER    23    0.0
 RUSER    18         292.32733
 RUSER    17         144.99900
 RUSER    19         1.02219
 RUSER    15         1.33200
 RUSER    16         632.80000
 RUSER    25         1
 RUSER    26         0
 END       0    0.00
 NY      131
  3.75000E-07  5.00000E-07  6.25000E-07  7.50000E-07  8.75000E-07  1.00000E-06
  1.12500E-06  1.25000E-06  1.37500E-06  1.50000E-06  1.62500E-06  1.75000E-06
  1.87500E-06  2.00000E-06  2.25000E-06  2.50000E-06  2.75000E-06  3.00000E-06
  3.25000E-06  3.50000E-06  3.75000E-06  4.00000E-06  4.50000E-06  5.00000E-06
  5.50000E-06  6.00000E-06  6.50000E-06  7.00000E-06  7.50000E-06  8.00000E-06
  9.00000E-06  1.00000E-05  1.10000E-05  1.20000E-05  1.30000E-05  1.40000E-05
  1.50000E-05  1.60000E-05  1.80000E-05  2.00000E-05  2.20000E-05  2.40000E-05
  2.60000E-05  2.80000E-05  3.00000E-05  3.20000E-05  3.60000E-05  4.00000E-05
  4.40000E-05  4.80000E-05  5.20000E-05  5.60000E-05  6.00000E-05  6.40000E-05
  7.20000E-05  8.00000E-05  8.80000E-05  9.60000E-05  1.04000E-04  1.12000E-04
  1.20000E-04  1.28000E-04  1.44000E-04  1.60000E-04  1.76000E-04  1.92000E-04
  2.08000E-04  2.24000E-04  2.40000E-04  2.56000E-04  2.88000E-04  3.20000E-04
  3.52000E-04  3.84000E-04  4.16000E-04  4.48000E-04  4.80000E-04  5.12000E-04
  5.76000E-04  6.40000E-04  7.04000E-04  7.68000E-04  8.32000E-04  8.96000E-04
  9.60000E-04  1.02400E-03  1.15200E-03  1.28000E-03  1.40800E-03  1.53600E-03
  1.66400E-03  1.79200E-03  1.92000E-03  2.01600E-03  2.27200E-03  2.52800E-03
  2.78400E-03  3.04000E-03  3.29600E-03  3.55200E-03  3.80800E-03  4.06400E-03
  4.57600E-03  5.08800E-03  5.60000E-03  6.11200E-03  6.62400E-03  7.13600E-03
  7.64800E-03  8.16000E-03  9.18400E-03  1.02080E-02  1.12320E-02  1.22560E-02
  1.32800E-02  1.43040E-02  1.53280E-02  1.63520E-02  1.84000E-02  2.04480E-02
  2.24960E-02  2.45440E-02  2.65920E-02  2.86400E-02  3.06880E-02  3.27360E-02
  3.68320E-02  4.09280E-02  4.50240E-02  4.91200E-02  5.32160E-02
  1.39929E+00  1.39734E+00  1.38673E+00  1.39847E+00  1.38700E+00  1.38701E+00
  1.39166E+00  1.39309E+00  1.39157E+00  1.38778E+00  1.38412E+00  1.38566E+00
  1.38799E+00  1.39198E+00  1.38532E+00  1.38629E+00  1.38126E+00  1.38454E+00
  1.38857E+00  1.38644E+00  1.38677E+00  1.38394E+00  1.38317E+00  1.38268E+00
  1.38141E+00  1.38286E+00  1.38378E+00  1.38357E+00  1.38132E+00  1.37936E+00
  1.37668E+00  1.37635E+00  1.37865E+00  1.37725E+00  1.37565E+00  1.37258E+00
  1.37401E+00  1.37132E+00  1.37028E+00  1.36863E+00  1.36797E+00  1.36520E+00
  1.36365E+00  1.36166E+00  1.35930E+00  1.35874E+00  1.35352E+00  1.35100E+00
  1.34679E+00  1.34199E+00  1.33969E+00  1.33500E+00  1.33173E+00  1.32792E+00
  1.32071E+00  1.31313E+00  1.30721E+00  1.29988E+00  1.29141E+00  1.28522E+00
  1.27844E+00  1.27157E+00  1.25813E+00  1.24457E+00  1.23087E+00  1.21711E+00
  1.20463E+00  1.19150E+00  1.17845E+00  1.16598E+00  1.14168E+00  1.11741E+00
  1.09387E+00  1.07179E+00  1.04963E+00  1.02823E+00  1.00689E+00  9.51303E-01
  9.12448E-01  8.75382E-01  8.40236E-01  8.06166E-01  7.74504E-01  7.44102E-01
  7.15757E-01  5.52839E-01  5.10512E-01  4.72953E-01  4.39056E-01  4.08888E-01
  3.81918E-01  3.57174E-01  3.34710E-01  4.22871E-01  3.77193E-01  3.38730E-01
  3.05503E-01  2.75358E-01  2.49350E-01  2.25881E-01  2.04603E-01  1.86416E-01
  1.56465E-01  1.34032E-01  1.17937E-01  1.06542E-01  9.67529E-02  8.85641E-02
  8.04231E-02  7.32413E-02  6.41017E-02  5.68638E-02  5.33698E-02  5.10139E-02
  4.45354E-02  4.24909E-02  4.13756E-02  3.76759E-02  2.85334E-02  2.14719E-02
  2.14811E-02  1.49277E-02  2.24255E-02  1.96085E-02  7.99694E-03  5.94233E-03
 -5.02105E-03 -3.33906E-03  1.35331E-03 -4.69224E-03 -1.83485E-03
