AutoSaveFileName0218.ASC
 IFORMY    0    .00
 (6E13.7)
 IFORMT    0    .00
 (6E13.7)
 IFORMW    0    .00
 (6E13.7)
 NINTT     0   -1.00
 DOUSNQ    0    1.00
 IQUAD          1.00
 PRWT      0    1.00
 PRY       0    1.00
 IPLRES    1    3.00
 IPLRES    2    3.00
 IPRINT    1    0.00
 IPRINT    2    2.00
 IPLFIT    1    0.00
 IPLFIT    2    0.00
 LINEPG    0   50.
 NONNEG    1    1.00
 IWT       0    5.00
 NQPROG    1    5.00
 NQPROG    2    5.00
 GMNMX     1    1.451E-05
 GMNMX     2    1.451E-02
 RUSER    10    -1.00
 NG        0    200.00
 NLINF     0    0.00
 IUSER    10    4.00
 RUSER    21    1.0
 RUSER    22   -1.0
 RUSER    23    0.0
 RUSER    18         292.05389
 RUSER    17         86.99900
 RUSER    19         1.02912
 RUSER    15         1.33200
 RUSER    16         632.80000
 RUSER    25         1
 RUSER    26         0
 END       0    0.00
 NY      131
  3.75000E-07  5.00000E-07  6.25000E-07  7.50000E-07  8.75000E-07  1.00000E-06
  1.12500E-06  1.25000E-06  1.37500E-06  1.50000E-06  1.62500E-06  1.75000E-06
  1.87500E-06  2.00000E-06  2.25000E-06  2.50000E-06  2.75000E-06  3.00000E-06
  3.25000E-06  3.50000E-06  3.75000E-06  4.00000E-06  4.50000E-06  5.00000E-06
  5.50000E-06  6.00000E-06  6.50000E-06  7.00000E-06  7.50000E-06  8.00000E-06
  9.00000E-06  1.00000E-05  1.10000E-05  1.20000E-05  1.30000E-05  1.40000E-05
  1.50000E-05  1.60000E-05  1.80000E-05  2.00000E-05  2.20000E-05  2.40000E-05
  2.60000E-05  2.80000E-05  3.00000E-05  3.20000E-05  3.60000E-05  4.00000E-05
  4.40000E-05  4.80000E-05  5.20000E-05  5.60000E-05  6.00000E-05  6.40000E-05
  7.20000E-05  8.00000E-05  8.80000E-05  9.60000E-05  1.04000E-04  1.12000E-04
  1.20000E-04  1.28000E-04  1.44000E-04  1.60000E-04  1.76000E-04  1.92000E-04
  2.08000E-04  2.24000E-04  2.40000E-04  2.56000E-04  2.88000E-04  3.20000E-04
  3.52000E-04  3.84000E-04  4.16000E-04  4.48000E-04  4.80000E-04  5.12000E-04
  5.76000E-04  6.40000E-04  7.04000E-04  7.68000E-04  8.32000E-04  8.96000E-04
  9.60000E-04  1.02400E-03  1.15200E-03  1.28000E-03  1.40800E-03  1.53600E-03
  1.66400E-03  1.79200E-03  1.92000E-03  2.01600E-03  2.27200E-03  2.52800E-03
  2.78400E-03  3.04000E-03  3.29600E-03  3.55200E-03  3.80800E-03  4.06400E-03
  4.57600E-03  5.08800E-03  5.60000E-03  6.11200E-03  6.62400E-03  7.13600E-03
  7.64800E-03  8.16000E-03  9.18400E-03  1.02080E-02  1.12320E-02  1.22560E-02
  1.32800E-02  1.43040E-02  1.53280E-02  1.63520E-02  1.84000E-02  2.04480E-02
  2.24960E-02  2.45440E-02  2.65920E-02  2.86400E-02  3.06880E-02  3.27360E-02
  3.68320E-02  4.09280E-02  4.50240E-02  4.91200E-02  5.32160E-02
  2.41783E+00  2.41646E+00  2.41918E+00  2.41447E+00  2.41276E+00  2.40820E+00
  2.40964E+00  2.40676E+00  2.41025E+00  2.40361E+00  2.41144E+00  2.41151E+00
  2.40385E+00  2.40594E+00  2.40534E+00  2.40286E+00  2.40670E+00  2.40680E+00
  2.40413E+00  2.40607E+00  2.40034E+00  2.40188E+00  2.40216E+00  2.40055E+00
  2.39912E+00  2.39957E+00  2.39779E+00  2.39859E+00  2.39860E+00  2.39840E+00
  2.39636E+00  2.39523E+00  2.39530E+00  2.39434E+00  2.39203E+00  2.39040E+00
  2.38938E+00  2.38788E+00  2.38524E+00  2.38479E+00  2.38292E+00  2.37940E+00
  2.37720E+00  2.37342E+00  2.37106E+00  2.36959E+00  2.36450E+00  2.36055E+00
  2.35627E+00  2.35083E+00  2.34691E+00  2.34229E+00  2.33746E+00  2.33301E+00
  2.32381E+00  2.31448E+00  2.30527E+00  2.29628E+00  2.28704E+00  2.27812E+00
  2.26834E+00  2.25982E+00  2.24193E+00  2.22520E+00  2.20776E+00  2.19023E+00
  2.17288E+00  2.15595E+00  2.13810E+00  2.12208E+00  2.08878E+00  2.05645E+00
  2.02388E+00  1.99249E+00  1.96166E+00  1.93143E+00  1.90088E+00  1.87155E+00
  1.81387E+00  1.75800E+00  1.70419E+00  1.65161E+00  1.60082E+00  1.55194E+00
  1.50437E+00  1.45877E+00  1.37119E+00  1.28914E+00  1.21245E+00  1.14051E+00
  1.07347E+00  1.01089E+00  9.52281E-01  9.13726E-01  8.09538E-01  7.17539E-01
  6.35598E-01  5.63080E-01  4.98209E-01  4.41226E-01  3.90948E-01  3.47437E-01
  2.70565E-01  2.09889E-01  1.60376E-01  1.23086E-01  9.63151E-02  7.51402E-02
  5.66087E-02  3.96775E-02  1.54715E-02  1.03477E-02  5.87102E-03 -3.57241E-06
 -9.65264E-03 -1.12013E-02 -8.78757E-03 -1.61707E-03 -3.32623E-03 -1.73329E-02
 -2.54199E-02 -3.09879E-02 -3.04745E-02 -2.70012E-02 -2.37594E-02 -2.87075E-02
 -1.85455E-02 -1.99308E-02 -1.01278E-02 -2.78581E-03  8.38229E-03
