AutoSaveFileName0049.ASC
 IFORMY    0    .00
 (6E13.7)
 IFORMT    0    .00
 (6E13.7)
 IFORMW    0    .00
 (6E13.7)
 NINTT     0   -1.00
 DOUSNQ    0    1.00
 IQUAD          1.00
 PRWT      0    1.00
 PRY       0    1.00
 IPLRES    1    3.00
 IPLRES    2    3.00
 IPRINT    1    0.00
 IPRINT    2    2.00
 IPLFIT    1    0.00
 IPLFIT    2    0.00
 LINEPG    0   50.
 NONNEG    1    1.00
 IWT       0    5.00
 NQPROG    1    5.00
 NQPROG    2    5.00
 GMNMX     1    9.687E-05
 GMNMX     2    9.687E-02
 RUSER    10    -1.00
 NG        0    200.00
 NLINF     0    0.00
 IUSER    10    4.00
 RUSER    21    1.0
 RUSER    22   -1.0
 RUSER    23    0.0
 RUSER    18         291.84000
 RUSER    17         30.99900
 RUSER    19         1.03460
 RUSER    15         1.33200
 RUSER    16         632.80000
 RUSER    25         1
 RUSER    26         0
 END       0    0.00
 NY      131
  3.75000E-07  5.00000E-07  6.25000E-07  7.50000E-07  8.75000E-07  1.00000E-06
  1.12500E-06  1.25000E-06  1.37500E-06  1.50000E-06  1.62500E-06  1.75000E-06
  1.87500E-06  2.00000E-06  2.25000E-06  2.50000E-06  2.75000E-06  3.00000E-06
  3.25000E-06  3.50000E-06  3.75000E-06  4.00000E-06  4.50000E-06  5.00000E-06
  5.50000E-06  6.00000E-06  6.50000E-06  7.00000E-06  7.50000E-06  8.00000E-06
  9.00000E-06  1.00000E-05  1.10000E-05  1.20000E-05  1.30000E-05  1.40000E-05
  1.50000E-05  1.60000E-05  1.80000E-05  2.00000E-05  2.20000E-05  2.40000E-05
  2.60000E-05  2.80000E-05  3.00000E-05  3.20000E-05  3.60000E-05  4.00000E-05
  4.40000E-05  4.80000E-05  5.20000E-05  5.60000E-05  6.00000E-05  6.40000E-05
  7.20000E-05  8.00000E-05  8.80000E-05  9.60000E-05  1.04000E-04  1.12000E-04
  1.20000E-04  1.28000E-04  1.44000E-04  1.60000E-04  1.76000E-04  1.92000E-04
  2.08000E-04  2.24000E-04  2.40000E-04  2.56000E-04  2.88000E-04  3.20000E-04
  3.52000E-04  3.84000E-04  4.16000E-04  4.48000E-04  4.80000E-04  5.12000E-04
  5.76000E-04  6.40000E-04  7.04000E-04  7.68000E-04  8.32000E-04  8.96000E-04
  9.60000E-04  1.02400E-03  1.15200E-03  1.28000E-03  1.40800E-03  1.53600E-03
  1.66400E-03  1.79200E-03  1.92000E-03  2.01600E-03  2.27200E-03  2.52800E-03
  2.78400E-03  3.04000E-03  3.29600E-03  3.55200E-03  3.80800E-03  4.06400E-03
  4.57600E-03  5.08800E-03  5.60000E-03  6.11200E-03  6.62400E-03  7.13600E-03
  7.64800E-03  8.16000E-03  9.18400E-03  1.02080E-02  1.12320E-02  1.22560E-02
  1.32800E-02  1.43040E-02  1.53280E-02  1.63520E-02  1.84000E-02  2.04480E-02
  2.24960E-02  2.45440E-02  2.65920E-02  2.86400E-02  3.06880E-02  3.27360E-02
  3.68320E-02  4.09280E-02  4.50240E-02  4.91200E-02  5.32160E-02
  1.63349E+00  1.63273E+00  1.63143E+00  1.62714E+00  1.62460E+00  1.62686E+00
  1.62153E+00  1.62159E+00  1.62413E+00  1.62672E+00  1.62548E+00  1.61619E+00
  1.62344E+00  1.62122E+00  1.62389E+00  1.62261E+00  1.61803E+00  1.62169E+00
  1.62322E+00  1.62033E+00  1.61962E+00  1.61979E+00  1.62018E+00  1.62118E+00
  1.62174E+00  1.62291E+00  1.62035E+00  1.62068E+00  1.62006E+00  1.61990E+00
  1.62142E+00  1.62263E+00  1.62091E+00  1.62050E+00  1.62074E+00  1.62092E+00
  1.61960E+00  1.62029E+00  1.62100E+00  1.61951E+00  1.61941E+00  1.61993E+00
  1.61934E+00  1.61962E+00  1.61846E+00  1.61870E+00  1.61763E+00  1.61711E+00
  1.61637E+00  1.61589E+00  1.61638E+00  1.61554E+00  1.61520E+00  1.61438E+00
  1.61392E+00  1.61291E+00  1.61151E+00  1.61103E+00  1.61050E+00  1.60968E+00
  1.60823E+00  1.60773E+00  1.60559E+00  1.60369E+00  1.60150E+00  1.59962E+00
  1.59786E+00  1.59646E+00  1.59372E+00  1.59232E+00  1.58895E+00  1.58483E+00
  1.58099E+00  1.57736E+00  1.57338E+00  1.56985E+00  1.56586E+00  1.56297E+00
  1.55532E+00  1.54774E+00  1.54035E+00  1.53297E+00  1.52566E+00  1.51812E+00
  1.51072E+00  1.50417E+00  1.48977E+00  1.47573E+00  1.46152E+00  1.44752E+00
  1.43366E+00  1.42025E+00  1.40663E+00  1.40198E+00  1.37493E+00  1.34896E+00
  1.32315E+00  1.29823E+00  1.27369E+00  1.24942E+00  1.22562E+00  1.20279E+00
  1.15760E+00  1.11445E+00  1.07252E+00  1.03227E+00  9.93334E-01  9.55515E-01
  9.18940E-01  8.84282E-01  8.16185E-01  7.53143E-01  6.93715E-01  6.38756E-01
  5.87884E-01  5.41613E-01  4.98893E-01  4.61776E-01  3.91868E-01  3.33674E-01
  2.83525E-01  2.38880E-01  1.99967E-01  1.64676E-01  1.33913E-01  1.07612E-01
  6.79962E-02  3.93206E-02  1.37673E-02 -3.00278E-03 -1.32056E-02
