AutoSaveFileName0281.ASC
 IFORMY    0    .00
 (6E13.7)
 IFORMT    0    .00
 (6E13.7)
 IFORMW    0    .00
 (6E13.7)
 NINTT     0   -1.00
 DOUSNQ    0    1.00
 IQUAD          1.00
 PRWT      0    1.00
 PRY       0    1.00
 IPLRES    1    3.00
 IPLRES    2    3.00
 IPRINT    1    0.00
 IPRINT    2    2.00
 IPLFIT    1    0.00
 IPLFIT    2    0.00
 LINEPG    0   50.
 NONNEG    1    1.00
 IWT       0    5.00
 NQPROG    1    5.00
 NQPROG    2    5.00
 GMNMX     1    7.173E-06
 GMNMX     2    7.173E-03
 RUSER    10    -1.00
 NG        0    200.00
 NLINF     0    0.00
 IUSER    10    4.00
 RUSER    21    1.0
 RUSER    22   -1.0
 RUSER    23    0.0
 RUSER    18         292.25503
 RUSER    17         154.99900
 RUSER    19         1.02402
 RUSER    15         1.33200
 RUSER    16         632.80000
 RUSER    25         1
 RUSER    26         0
 END       0    0.00
 NY      188
  5.00000E-07  6.25000E-07  7.50000E-07  8.75000E-07  1.00000E-06  1.12500E-06
  1.25000E-06  1.37500E-06  1.50000E-06  1.62500E-06  1.75000E-06  1.87500E-06
  2.00000E-06  2.25000E-06  2.50000E-06  2.75000E-06  3.00000E-06  3.25000E-06
  3.50000E-06  3.75000E-06  4.00000E-06  4.50000E-06  5.00000E-06  5.50000E-06
  6.00000E-06  6.50000E-06  7.00000E-06  7.50000E-06  8.00000E-06  9.00000E-06
  1.00000E-05  1.10000E-05  1.20000E-05  1.30000E-05  1.40000E-05  1.50000E-05
  1.60000E-05  1.80000E-05  2.00000E-05  2.20000E-05  2.40000E-05  2.60000E-05
  2.80000E-05  3.00000E-05  3.20000E-05  3.60000E-05  4.00000E-05  4.40000E-05
  4.80000E-05  5.20000E-05  5.60000E-05  6.00000E-05  6.40000E-05  7.20000E-05
  8.00000E-05  8.80000E-05  9.60000E-05  1.04000E-04  1.12000E-04  1.20000E-04
  1.28000E-04  1.44000E-04  1.60000E-04  1.76000E-04  1.92000E-04  2.08000E-04
  2.24000E-04  2.40000E-04  2.56000E-04  2.88000E-04  3.20000E-04  3.52000E-04
  3.84000E-04  4.16000E-04  4.48000E-04  4.80000E-04  5.12000E-04  5.76000E-04
  6.40000E-04  7.04000E-04  7.68000E-04  8.32000E-04  8.96000E-04  9.60000E-04
  1.02400E-03  1.15200E-03  1.28000E-03  1.40800E-03  1.53600E-03  1.66400E-03
  1.79200E-03  1.92000E-03  2.01600E-03  2.27200E-03  2.52800E-03  2.78400E-03
  3.04000E-03  3.29600E-03  3.55200E-03  3.80800E-03  4.06400E-03  4.57600E-03
  5.08800E-03  5.60000E-03  6.11200E-03  6.62400E-03  7.13600E-03  7.64800E-03
  8.16000E-03  9.18400E-03  1.02080E-02  1.12320E-02  1.22560E-02  1.32800E-02
  1.43040E-02  1.53280E-02  1.63520E-02  1.84000E-02  2.04480E-02  2.24960E-02
  2.45440E-02  2.65920E-02  2.86400E-02  3.06880E-02  3.27360E-02  3.68320E-02
  4.09280E-02  4.50240E-02  4.91200E-02  5.32160E-02  5.73120E-02  6.14080E-02
  6.55040E-02  7.36960E-02  8.18880E-02  9.00800E-02  9.82720E-02  1.06464E-01
  1.14656E-01  1.22848E-01  1.31040E-01  1.47424E-01  1.63808E-01  1.80192E-01
  1.96576E-01  2.12960E-01  2.29344E-01  2.45728E-01  2.62112E-01  2.94880E-01
  3.27648E-01  3.60416E-01  3.93184E-01  4.25952E-01  4.58720E-01  4.91488E-01
  5.24256E-01  5.89792E-01  6.55328E-01  7.20864E-01  7.86400E-01  8.51936E-01
  9.17472E-01  9.83008E-01  1.04854E+00  1.17962E+00  1.31069E+00  1.44176E+00
  1.57283E+00  1.70390E+00  1.83498E+00  1.96605E+00  2.09712E+00  2.35926E+00
  2.62141E+00  2.88355E+00  3.14570E+00  3.40784E+00  3.66998E+00  3.93213E+00
  4.19427E+00  4.71856E+00  5.24285E+00  5.76714E+00  6.29142E+00  6.81571E+00
  7.34000E+00  7.86429E+00
  9.92616E-01  9.89734E-01  9.89398E-01  9.89417E-01  9.89131E-01  9.89709E-01
  9.85931E-01  9.90439E-01  9.84598E-01  9.83474E-01  9.88826E-01  9.83836E-01
  9.85658E-01  9.88318E-01  9.86757E-01  9.87468E-01  9.88718E-01  9.84046E-01
  9.83982E-01  9.84890E-01  9.84490E-01  9.85760E-01  9.85785E-01  9.84814E-01
  9.83049E-01  9.84973E-01  9.84008E-01  9.83519E-01  9.82268E-01  9.82998E-01
  9.83874E-01  9.81246E-01  9.81367E-01  9.81049E-01  9.81284E-01  9.80840E-01
  9.80967E-01  9.79272E-01  9.78922E-01  9.77875E-01  9.77329E-01  9.76903E-01
  9.75983E-01  9.74148E-01  9.73716E-01  9.71526E-01  9.70079E-01  9.68638E-01
  9.67076E-01  9.64968E-01  9.63857E-01  9.60727E-01  9.59838E-01  9.57324E-01
  9.53204E-01  9.50201E-01  9.47173E-01  9.42798E-01  9.40068E-01  9.36151E-01
  9.33015E-01  9.26609E-01  9.19873E-01  9.13493E-01  9.06687E-01  9.00230E-01
  8.94034E-01  8.87927E-01  8.81419E-01  8.69128E-01  8.56564E-01  8.44521E-01
  8.32604E-01  8.20961E-01  8.09400E-01  7.98042E-01  7.87325E-01  7.65289E-01
  7.44040E-01  7.23394E-01  7.03301E-01  6.83772E-01  6.64993E-01  6.46772E-01
  6.28968E-01  5.95524E-01  5.64393E-01  5.34799E-01  5.07054E-01  4.80880E-01
  4.56430E-01  4.33525E-01  4.18190E-01  3.79110E-01  3.44826E-01  3.14577E-01
  2.87890E-01  2.64016E-01  2.43059E-01  2.24275E-01  2.08245E-01  1.80007E-01
  1.57343E-01  1.40639E-01  1.28024E-01  1.16634E-01  1.05920E-01  9.76656E-02
  8.92822E-02  7.44840E-02  6.31116E-02  5.47449E-02  5.05681E-02  4.79116E-02
  4.41245E-02  3.86403E-02  3.19485E-02  2.21038E-02  1.79991E-02  1.89467E-02
  2.50816E-02  2.74544E-02  2.70951E-02  2.33694E-02  2.43470E-02  2.36348E-02
  1.24993E-02  1.31811E-02  7.08335E-03  7.19541E-03  1.46277E-02  1.40596E-02
  5.47118E-03 -1.11661E-02  1.43217E-03  2.95988E-03 -7.71936E-03 -2.17145E-03
  7.87859E-03  7.13179E-03  8.16974E-03  4.58582E-03  1.31666E-03  2.99438E-03
  3.91132E-03  5.93244E-03  6.27683E-03  1.73174E-03  2.30344E-03 -4.64821E-03
  3.13756E-03  3.35539E-03 -3.74157E-03 -8.40394E-03  2.96431E-03  4.33745E-03
 -1.91413E-03 -1.53335E-03 -6.18664E-03 -6.51845E-03 -3.86048E-03  1.12658E-02
 -1.91079E-03  2.90695E-03  1.59754E-03  1.43721E-03  1.04800E-03 -2.06271E-03
 -1.23407E-02  9.49668E-04 -3.98253E-03 -1.65525E-04 -2.42111E-03 -6.72072E-03
  2.27673E-03 -2.70734E-03 -2.72663E-03  7.89084E-04 -2.93296E-03  8.58704E-04
  4.23528E-04  2.72106E-03  5.16947E-04 -4.45327E-04  1.71195E-03  3.32668E-04
  2.37386E-03 -1.67695E-03
