AutoSaveFileName0076.ASC
 IFORMY    0    .00
 (6E13.7)
 IFORMT    0    .00
 (6E13.7)
 IFORMW    0    .00
 (6E13.7)
 NINTT     0   -1.00
 DOUSNQ    0    1.00
 IQUAD          1.00
 PRWT      0    1.00
 PRY       0    1.00
 IPLRES    1    3.00
 IPLRES    2    3.00
 IPRINT    1    0.00
 IPRINT    2    2.00
 IPLFIT    1    0.00
 IPLFIT    2    0.00
 LINEPG    0   50.
 NONNEG    1    1.00
 IWT       0    5.00
 NQPROG    1    5.00
 NQPROG    2    5.00
 GMNMX     1    3.836E-05
 GMNMX     2    3.836E-02
 RUSER    10    -1.00
 NG        0    200.00
 NLINF     0    0.00
 IUSER    10    4.00
 RUSER    21    1.0
 RUSER    22   -1.0
 RUSER    23    0.0
 RUSER    18         292.18445
 RUSER    17         49.99800
 RUSER    19         1.02580
 RUSER    15         1.33200
 RUSER    16         632.80000
 RUSER    25         1
 RUSER    26         0
 END       0    0.00
 NY      188
  5.00000E-07  6.25000E-07  7.50000E-07  8.75000E-07  1.00000E-06  1.12500E-06
  1.25000E-06  1.37500E-06  1.50000E-06  1.62500E-06  1.75000E-06  1.87500E-06
  2.00000E-06  2.25000E-06  2.50000E-06  2.75000E-06  3.00000E-06  3.25000E-06
  3.50000E-06  3.75000E-06  4.00000E-06  4.50000E-06  5.00000E-06  5.50000E-06
  6.00000E-06  6.50000E-06  7.00000E-06  7.50000E-06  8.00000E-06  9.00000E-06
  1.00000E-05  1.10000E-05  1.20000E-05  1.30000E-05  1.40000E-05  1.50000E-05
  1.60000E-05  1.80000E-05  2.00000E-05  2.20000E-05  2.40000E-05  2.60000E-05
  2.80000E-05  3.00000E-05  3.20000E-05  3.60000E-05  4.00000E-05  4.40000E-05
  4.80000E-05  5.20000E-05  5.60000E-05  6.00000E-05  6.40000E-05  7.20000E-05
  8.00000E-05  8.80000E-05  9.60000E-05  1.04000E-04  1.12000E-04  1.20000E-04
  1.28000E-04  1.44000E-04  1.60000E-04  1.76000E-04  1.92000E-04  2.08000E-04
  2.24000E-04  2.40000E-04  2.56000E-04  2.88000E-04  3.20000E-04  3.52000E-04
  3.84000E-04  4.16000E-04  4.48000E-04  4.80000E-04  5.12000E-04  5.76000E-04
  6.40000E-04  7.04000E-04  7.68000E-04  8.32000E-04  8.96000E-04  9.60000E-04
  1.02400E-03  1.15200E-03  1.28000E-03  1.40800E-03  1.53600E-03  1.66400E-03
  1.79200E-03  1.92000E-03  2.01600E-03  2.27200E-03  2.52800E-03  2.78400E-03
  3.04000E-03  3.29600E-03  3.55200E-03  3.80800E-03  4.06400E-03  4.57600E-03
  5.08800E-03  5.60000E-03  6.11200E-03  6.62400E-03  7.13600E-03  7.64800E-03
  8.16000E-03  9.18400E-03  1.02080E-02  1.12320E-02  1.22560E-02  1.32800E-02
  1.43040E-02  1.53280E-02  1.63520E-02  1.84000E-02  2.04480E-02  2.24960E-02
  2.45440E-02  2.65920E-02  2.86400E-02  3.06880E-02  3.27360E-02  3.68320E-02
  4.09280E-02  4.50240E-02  4.91200E-02  5.32160E-02  5.73120E-02  6.14080E-02
  6.55040E-02  7.36960E-02  8.18880E-02  9.00800E-02  9.82720E-02  1.06464E-01
  1.14656E-01  1.22848E-01  1.31040E-01  1.47424E-01  1.63808E-01  1.80192E-01
  1.96576E-01  2.12960E-01  2.29344E-01  2.45728E-01  2.62112E-01  2.94880E-01
  3.27648E-01  3.60416E-01  3.93184E-01  4.25952E-01  4.58720E-01  4.91488E-01
  5.24256E-01  5.89792E-01  6.55328E-01  7.20864E-01  7.86400E-01  8.51936E-01
  9.17472E-01  9.83008E-01  1.04854E+00  1.17962E+00  1.31069E+00  1.44176E+00
  1.57283E+00  1.70390E+00  1.83498E+00  1.96605E+00  2.09712E+00  2.35926E+00
  2.62141E+00  2.88355E+00  3.14570E+00  3.40784E+00  3.66998E+00  3.93213E+00
  4.19427E+00  4.71856E+00  5.24285E+00  5.76714E+00  6.29142E+00  6.81571E+00
  7.34000E+00  7.86429E+00
  9.97102E-01  9.96242E-01  9.95859E-01  9.95190E-01  9.94541E-01  9.94074E-01
  9.94324E-01  9.94245E-01  9.95140E-01  9.93393E-01  9.94745E-01  9.93838E-01
  9.93818E-01  9.93256E-01  9.94515E-01  9.93846E-01  9.93641E-01  9.94497E-01
  9.94086E-01  9.94161E-01  9.93641E-01  9.93856E-01  9.93824E-01  9.93673E-01
  9.93607E-01  9.93371E-01  9.93262E-01  9.93439E-01  9.93435E-01  9.93016E-01
  9.93564E-01  9.93554E-01  9.93202E-01  9.93010E-01  9.93115E-01  9.93159E-01
  9.92811E-01  9.92700E-01  9.92561E-01  9.92396E-01  9.92222E-01  9.92003E-01
  9.92013E-01  9.91727E-01  9.91577E-01  9.91112E-01  9.91082E-01  9.90628E-01
  9.90036E-01  9.89951E-01  9.89530E-01  9.89057E-01  9.88686E-01  9.88170E-01
  9.87401E-01  9.86621E-01  9.85986E-01  9.85331E-01  9.84517E-01  9.83880E-01
  9.83133E-01  9.81678E-01  9.80217E-01  9.78855E-01  9.77414E-01  9.75966E-01
  9.74595E-01  9.73104E-01  9.71666E-01  9.68827E-01  9.66012E-01  9.63245E-01
  9.60444E-01  9.57700E-01  9.54972E-01  9.52157E-01  9.49274E-01  9.43797E-01
  9.38383E-01  9.33003E-01  9.27581E-01  9.22209E-01  9.16811E-01  9.11479E-01
  9.06404E-01  8.96010E-01  8.85732E-01  8.75567E-01  8.65562E-01  8.55663E-01
  8.45844E-01  8.36199E-01  8.28773E-01  8.09901E-01  7.91483E-01  7.73528E-01
  7.56038E-01  7.38909E-01  7.22370E-01  7.06186E-01  6.90530E-01  6.60050E-01
  6.30984E-01  6.03260E-01  5.76806E-01  5.51778E-01  5.28100E-01  5.05666E-01
  4.84412E-01  4.44152E-01  4.07234E-01  3.73350E-01  3.42683E-01  3.15017E-01
  2.89897E-01  2.66917E-01  2.45874E-01  2.08253E-01  1.76370E-01  1.48077E-01
  1.24542E-01  1.06012E-01  9.18118E-02  8.02726E-02  7.07490E-02  5.56519E-02
  4.06813E-02  2.77948E-02  2.04141E-02  1.63624E-02  1.16086E-02  6.50055E-03
  5.24177E-03  1.22888E-02  1.86290E-02  1.30027E-02  3.94991E-03 -2.07099E-04
 -3.22672E-03 -7.13069E-03 -1.40675E-02 -3.42741E-03  3.03988E-03  1.65072E-03
  4.17625E-03 -4.87435E-03 -7.23917E-03 -5.99831E-03 -1.09731E-02 -3.05174E-03
  8.53862E-04 -5.48611E-03 -6.51603E-03 -1.08046E-02 -1.16226E-02 -2.95086E-03
 -3.42566E-03  1.38428E-03  8.74666E-04 -1.20008E-02  3.25028E-04 -4.68619E-03
 -1.72770E-02 -8.79578E-03 -4.04175E-03  4.60622E-03  8.49888E-03 -1.95234E-03
  5.66733E-03  1.69579E-03 -7.69667E-03  8.89538E-04  7.12493E-03 -1.01267E-03
 -3.34804E-03 -4.43398E-03 -5.98583E-03 -5.21266E-04 -7.35755E-03 -8.97113E-03
 -4.31034E-03  3.74563E-03 -2.82067E-03 -1.52191E-03 -6.69083E-03  2.40785E-03
 -4.94306E-03  3.18056E-03
