AutoSaveFileName0254.ASC
 IFORMY    0    .00
 (6E13.7)
 IFORMT    0    .00
 (6E13.7)
 IFORMW    0    .00
 (6E13.7)
 NINTT     0   -1.00
 DOUSNQ    0    1.00
 IQUAD     0    1.00
 PRWT      0    1.00
 PRY       0    1.00
 IPLRES    1    3.00
 IPLRES    2    3.00
 IPRINT    1    0.00
 IPRINT    2    2.00
 IPLFIT    1    0.00
 IPLFIT    2    0.00
 LINEPG    0   50.
 NONNEG    1    1.00
 IWT       0    5.00
 NQPROG    1    5.00
 NQPROG    2    5.00
 GMNMX     1    3.02993E-03
 GMNMX     2    1.08767E-03
 RUSER    10    -1.00
 NG        0    500.00
 NLINF     0    1.00
 IUSER    10    4.00
 RUSER    21    1.0
 RUSER    22   -1.0
 RUSER    23    0.0
 RUSER    18         292.13459
 RUSER    17         139.99900
 RUSER    19         1.02707
 RUSER    15         1.33200
 RUSER    16         632.80000
 RUSER    25         1
 RUSER    26         0
 END       0    0.00
 NY      162
  7.50000E-07  8.75000E-07  1.00000E-06  1.12500E-06  1.25000E-06  1.37500E-06
  1.50000E-06  1.62500E-06  1.75000E-06  1.87500E-06  2.00000E-06  2.25000E-06
  2.50000E-06  2.75000E-06  3.00000E-06  3.25000E-06  3.50000E-06  3.75000E-06
  4.00000E-06  4.50000E-06  5.00000E-06  5.50000E-06  6.00000E-06  6.50000E-06
  7.00000E-06  7.50000E-06  8.00000E-06  9.00000E-06  1.00000E-05  1.10000E-05
  1.20000E-05  1.30000E-05  1.40000E-05  1.50000E-05  1.60000E-05  1.80000E-05
  2.00000E-05  2.20000E-05  2.40000E-05  2.60000E-05  2.80000E-05  3.00000E-05
  3.20000E-05  3.60000E-05  4.00000E-05  4.40000E-05  4.80000E-05  5.20000E-05
  5.60000E-05  6.00000E-05  6.40000E-05  7.20000E-05  8.00000E-05  8.80000E-05
  9.60000E-05  1.04000E-04  1.12000E-04  1.20000E-04  1.28000E-04  1.44000E-04
  1.60000E-04  1.76000E-04  1.92000E-04  2.08000E-04  2.24000E-04  2.40000E-04
  2.56000E-04  2.88000E-04  3.20000E-04  3.52000E-04  3.84000E-04  4.16000E-04
  4.48000E-04  4.80000E-04  5.12000E-04  5.76000E-04  6.40000E-04  7.04000E-04
  7.68000E-04  8.32000E-04  8.96000E-04  9.60000E-04  1.02400E-03  1.15200E-03
  1.28000E-03  1.40800E-03  1.53600E-03  1.66400E-03  1.79200E-03  1.92000E-03
  2.01600E-03  2.27200E-03  2.52800E-03  2.78400E-03  3.04000E-03  3.29600E-03
  3.55200E-03  3.80800E-03  4.06400E-03  4.57600E-03  5.08800E-03  5.60000E-03
  6.11200E-03  6.62400E-03  7.13600E-03  7.64800E-03  8.16000E-03  9.18400E-03
  1.02080E-02  1.12320E-02  1.22560E-02  1.32800E-02  1.43040E-02  1.53280E-02
  1.63520E-02  1.84000E-02  2.04480E-02  2.24960E-02  2.45440E-02  2.65920E-02
  2.86400E-02  3.06880E-02  3.27360E-02  3.68320E-02  4.09280E-02  4.50240E-02
  4.91200E-02  5.32160E-02  5.73120E-02  6.14080E-02  6.55040E-02  7.36960E-02
  8.18880E-02  9.00800E-02  9.82720E-02  1.06464E-01  1.14656E-01  1.22848E-01
  1.31040E-01  1.47424E-01  1.63808E-01  1.80192E-01  1.96576E-01  2.12960E-01
  2.29344E-01  2.45728E-01  2.62112E-01  2.94880E-01  3.27648E-01  3.60416E-01
  3.93184E-01  4.25952E-01  4.58720E-01  4.91488E-01  5.24256E-01  5.89792E-01
  6.55328E-01  7.20864E-01  7.86400E-01  8.51936E-01  9.17472E-01  9.83008E-01
  9.98974E-01  1.00000E+00  9.95880E-01  9.94749E-01  9.94655E-01  9.91504E-01
  9.90862E-01  9.91643E-01  9.89759E-01  9.88349E-01  9.88095E-01  9.88984E-01
  9.83857E-01  9.85212E-01  9.81596E-01  9.79218E-01  9.78762E-01  9.80548E-01
  9.77793E-01  9.73266E-01  9.69434E-01  9.69034E-01  9.64624E-01  9.62313E-01
  9.61260E-01  9.57107E-01  9.53567E-01  9.47832E-01  9.42393E-01  9.36041E-01
  9.31569E-01  9.25877E-01  9.20347E-01  9.14870E-01  9.08566E-01  8.98227E-01
  8.86741E-01  8.76890E-01  8.65836E-01  8.56074E-01  8.44991E-01  8.35750E-01
  8.25492E-01  8.06388E-01  7.86617E-01  7.67852E-01  7.50455E-01  7.32524E-01
  7.15050E-01  6.98282E-01  6.81852E-01  6.49919E-01  6.19317E-01  5.90181E-01
  5.62627E-01  5.35758E-01  5.11067E-01  4.87304E-01  4.64808E-01  4.22269E-01
  3.83634E-01  3.48764E-01  3.17405E-01  2.88645E-01  2.62717E-01  2.38973E-01
  2.17936E-01  1.80498E-01  1.49339E-01  1.23848E-01  1.02958E-01  8.53163E-02
  7.07190E-02  5.89624E-02  4.95639E-02  3.46693E-02  2.52089E-02  1.80411E-02
  1.31528E-02  9.87994E-03  7.25241E-03  5.16007E-03  4.08182E-03  2.68483E-03
  2.47797E-03  2.00892E-03  1.97669E-03  1.60146E-03  3.65219E-04 -7.27637E-04
 -7.01970E-04 -2.84532E-04 -1.10012E-03 -1.40303E-03 -5.96027E-04 -1.74912E-04
 -8.75833E-04 -1.95450E-03  1.92353E-04  7.07463E-04  1.36416E-03  1.61255E-03
  1.90445E-03  1.65546E-03 -6.68798E-04 -2.11816E-04 -6.91940E-04  1.21660E-04
  1.07471E-03 -5.99544E-04  2.20367E-04  3.10365E-04 -1.35162E-03 -3.35823E-04
 -7.25217E-04  6.09915E-04  1.23954E-04 -2.83871E-04  1.66555E-04  2.26275E-04
  6.25314E-04  2.45675E-04 -8.74919E-04  3.13863E-04 -7.63977E-04 -4.78264E-04
 -1.71682E-04 -1.38466E-04  1.80821E-04 -1.12152E-04 -5.24532E-04  3.35430E-05
 -5.34744E-04  3.86872E-05  2.53573E-04  2.95304E-04  4.59590E-04  5.30759E-04
  1.05683E-04  4.21248E-04  4.21641E-04 -2.75440E-04  1.86007E-04  3.10422E-04
  1.79059E-04  2.30857E-04  2.58333E-05 -3.11046E-04  8.28249E-05  4.96030E-04
  1.02339E-04 -4.87314E-05 -3.82316E-04 -1.48482E-04  9.78508E-06 -6.61501E-05
  1.06143E-04 -6.40663E-05  1.19884E-04 -2.34759E-05 -4.39325E-05  4.09330E-05
