AutoSaveFileName0041.ASC
 IFORMY    0    .00
 (6E13.7)
 IFORMT    0    .00
 (6E13.7)
 IFORMW    0    .00
 (6E13.7)
 NINTT     0   -1.00
 DOUSNQ    0    1.00
 IQUAD          1.00
 PRWT      0    1.00
 PRY       0    1.00
 IPLRES    1    3.00
 IPLRES    2    3.00
 IPRINT    1    0.00
 IPRINT    2    2.00
 IPLFIT    1    0.00
 IPLFIT    2    0.00
 LINEPG    0   50.
 NONNEG    1    1.00
 IWT       0    5.00
 NQPROG    1    5.00
 NQPROG    2    5.00
 GMNMX     1    1.182E-04
 GMNMX     2    1.182E-01
 RUSER    10    -1.00
 NG        0    200.00
 NLINF     0    0.00
 IUSER    10    4.00
 RUSER    21    1.0
 RUSER    22   -1.0
 RUSER    23    0.0
 RUSER    18         291.83280
 RUSER    17         27.99900
 RUSER    19         1.03478
 RUSER    15         1.33200
 RUSER    16         632.80000
 RUSER    25         1
 RUSER    26         0
 END       0    0.00
 NY      131
  3.75000E-07  5.00000E-07  6.25000E-07  7.50000E-07  8.75000E-07  1.00000E-06
  1.12500E-06  1.25000E-06  1.37500E-06  1.50000E-06  1.62500E-06  1.75000E-06
  1.87500E-06  2.00000E-06  2.25000E-06  2.50000E-06  2.75000E-06  3.00000E-06
  3.25000E-06  3.50000E-06  3.75000E-06  4.00000E-06  4.50000E-06  5.00000E-06
  5.50000E-06  6.00000E-06  6.50000E-06  7.00000E-06  7.50000E-06  8.00000E-06
  9.00000E-06  1.00000E-05  1.10000E-05  1.20000E-05  1.30000E-05  1.40000E-05
  1.50000E-05  1.60000E-05  1.80000E-05  2.00000E-05  2.20000E-05  2.40000E-05
  2.60000E-05  2.80000E-05  3.00000E-05  3.20000E-05  3.60000E-05  4.00000E-05
  4.40000E-05  4.80000E-05  5.20000E-05  5.60000E-05  6.00000E-05  6.40000E-05
  7.20000E-05  8.00000E-05  8.80000E-05  9.60000E-05  1.04000E-04  1.12000E-04
  1.20000E-04  1.28000E-04  1.44000E-04  1.60000E-04  1.76000E-04  1.92000E-04
  2.08000E-04  2.24000E-04  2.40000E-04  2.56000E-04  2.88000E-04  3.20000E-04
  3.52000E-04  3.84000E-04  4.16000E-04  4.48000E-04  4.80000E-04  5.12000E-04
  5.76000E-04  6.40000E-04  7.04000E-04  7.68000E-04  8.32000E-04  8.96000E-04
  9.60000E-04  1.02400E-03  1.15200E-03  1.28000E-03  1.40800E-03  1.53600E-03
  1.66400E-03  1.79200E-03  1.92000E-03  2.01600E-03  2.27200E-03  2.52800E-03
  2.78400E-03  3.04000E-03  3.29600E-03  3.55200E-03  3.80800E-03  4.06400E-03
  4.57600E-03  5.08800E-03  5.60000E-03  6.11200E-03  6.62400E-03  7.13600E-03
  7.64800E-03  8.16000E-03  9.18400E-03  1.02080E-02  1.12320E-02  1.22560E-02
  1.32800E-02  1.43040E-02  1.53280E-02  1.63520E-02  1.84000E-02  2.04480E-02
  2.24960E-02  2.45440E-02  2.65920E-02  2.86400E-02  3.06880E-02  3.27360E-02
  3.68320E-02  4.09280E-02  4.50240E-02  4.91200E-02  5.32160E-02
  2.30867E+00  2.30369E+00  2.30223E+00  2.30332E+00  2.29943E+00  2.29601E+00
  2.29640E+00  2.29970E+00  2.29893E+00  2.29847E+00  2.29997E+00  2.29948E+00
  2.29716E+00  2.29814E+00  2.29727E+00  2.29690E+00  2.29521E+00  2.29461E+00
  2.29384E+00  2.30021E+00  2.29727E+00  2.29771E+00  2.29701E+00  2.29653E+00
  2.29533E+00  2.29659E+00  2.29330E+00  2.29593E+00  2.29703E+00  2.29493E+00
  2.29558E+00  2.29552E+00  2.29631E+00  2.29580E+00  2.29425E+00  2.29495E+00
  2.29631E+00  2.29646E+00  2.29496E+00  2.29445E+00  2.29388E+00  2.29427E+00
  2.29343E+00  2.29389E+00  2.29297E+00  2.29242E+00  2.29112E+00  2.29049E+00
  2.29125E+00  2.29009E+00  2.28981E+00  2.28882E+00  2.28841E+00  2.28757E+00
  2.28649E+00  2.28517E+00  2.28415E+00  2.28294E+00  2.28209E+00  2.28009E+00
  2.27942E+00  2.27801E+00  2.27516E+00  2.27264E+00  2.27054E+00  2.26821E+00
  2.26504E+00  2.26289E+00  2.26034E+00  2.25816E+00  2.25323E+00  2.24805E+00
  2.24353E+00  2.23847E+00  2.23410E+00  2.22862E+00  2.22390E+00  2.21928E+00
  2.20977E+00  2.20007E+00  2.19047E+00  2.18142E+00  2.17188E+00  2.16246E+00
  2.15294E+00  2.07192E+00  2.05423E+00  2.03654E+00  2.01929E+00  2.00180E+00
  1.98458E+00  1.96748E+00  1.95057E+00  2.02014E+00  1.98631E+00  1.95313E+00
  1.92093E+00  1.88924E+00  1.85782E+00  1.82685E+00  1.79662E+00  1.76701E+00
  1.70887E+00  1.65195E+00  1.59612E+00  1.54205E+00  1.48925E+00  1.43799E+00
  1.38866E+00  1.34273E+00  1.25368E+00  1.17068E+00  1.09471E+00  1.02302E+00
  9.54099E-01  8.88612E-01  8.27975E-01  7.74443E-01  6.73647E-01  5.85360E-01
  5.10365E-01  4.46679E-01  3.89920E-01  3.41165E-01  2.98386E-01  2.60924E-01
  2.00282E-01  1.58643E-01  1.26317E-01  1.06203E-01  8.98764E-02
