AutoSaveFileName0079.ASC
 IFORMY    0    .00
 (6E13.7)
 IFORMT    0    .00
 (6E13.7)
 IFORMW    0    .00
 (6E13.7)
 NINTT     0   -1.00
 DOUSNQ    0    1.00
 IQUAD          1.00
 PRWT      0    1.00
 PRY       0    1.00
 IPLRES    1    3.00
 IPLRES    2    3.00
 IPRINT    1    0.00
 IPRINT    2    2.00
 IPLFIT    1    0.00
 IPLFIT    2    0.00
 LINEPG    0   50.
 NONNEG    1    1.00
 IWT       0    5.00
 NQPROG    1    5.00
 NQPROG    2    5.00
 GMNMX     1    5.636E-05
 GMNMX     2    5.636E-02
 RUSER    10    -1.00
 NG        0    200.00
 NLINF     0    0.00
 IUSER    10    4.00
 RUSER    21    1.0
 RUSER    22   -1.0
 RUSER    23    0.0
 RUSER    18         291.87009
 RUSER    17         40.99900
 RUSER    19         1.03382
 RUSER    15         1.33200
 RUSER    16         632.80000
 RUSER    25         1
 RUSER    26         0
 END       0    0.00
 NY      131
  3.75000E-07  5.00000E-07  6.25000E-07  7.50000E-07  8.75000E-07  1.00000E-06
  1.12500E-06  1.25000E-06  1.37500E-06  1.50000E-06  1.62500E-06  1.75000E-06
  1.87500E-06  2.00000E-06  2.25000E-06  2.50000E-06  2.75000E-06  3.00000E-06
  3.25000E-06  3.50000E-06  3.75000E-06  4.00000E-06  4.50000E-06  5.00000E-06
  5.50000E-06  6.00000E-06  6.50000E-06  7.00000E-06  7.50000E-06  8.00000E-06
  9.00000E-06  1.00000E-05  1.10000E-05  1.20000E-05  1.30000E-05  1.40000E-05
  1.50000E-05  1.60000E-05  1.80000E-05  2.00000E-05  2.20000E-05  2.40000E-05
  2.60000E-05  2.80000E-05  3.00000E-05  3.20000E-05  3.60000E-05  4.00000E-05
  4.40000E-05  4.80000E-05  5.20000E-05  5.60000E-05  6.00000E-05  6.40000E-05
  7.20000E-05  8.00000E-05  8.80000E-05  9.60000E-05  1.04000E-04  1.12000E-04
  1.20000E-04  1.28000E-04  1.44000E-04  1.60000E-04  1.76000E-04  1.92000E-04
  2.08000E-04  2.24000E-04  2.40000E-04  2.56000E-04  2.88000E-04  3.20000E-04
  3.52000E-04  3.84000E-04  4.16000E-04  4.48000E-04  4.80000E-04  5.12000E-04
  5.76000E-04  6.40000E-04  7.04000E-04  7.68000E-04  8.32000E-04  8.96000E-04
  9.60000E-04  1.02400E-03  1.15200E-03  1.28000E-03  1.40800E-03  1.53600E-03
  1.66400E-03  1.79200E-03  1.92000E-03  2.01600E-03  2.27200E-03  2.52800E-03
  2.78400E-03  3.04000E-03  3.29600E-03  3.55200E-03  3.80800E-03  4.06400E-03
  4.57600E-03  5.08800E-03  5.60000E-03  6.11200E-03  6.62400E-03  7.13600E-03
  7.64800E-03  8.16000E-03  9.18400E-03  1.02080E-02  1.12320E-02  1.22560E-02
  1.32800E-02  1.43040E-02  1.53280E-02  1.63520E-02  1.84000E-02  2.04480E-02
  2.24960E-02  2.45440E-02  2.65920E-02  2.86400E-02  3.06880E-02  3.27360E-02
  3.68320E-02  4.09280E-02  4.50240E-02  4.91200E-02  5.32160E-02
  1.74043E+00  1.73363E+00  1.72598E+00  1.73329E+00  1.72500E+00  1.72452E+00
  1.72579E+00  1.72289E+00  1.72659E+00  1.72428E+00  1.71992E+00  1.72103E+00
  1.72613E+00  1.72541E+00  1.72772E+00  1.72187E+00  1.72893E+00  1.72615E+00
  1.72904E+00  1.72048E+00  1.73083E+00  1.72467E+00  1.72523E+00  1.72806E+00
  1.72819E+00  1.72373E+00  1.72340E+00  1.72335E+00  1.72269E+00  1.72297E+00
  1.72197E+00  1.72496E+00  1.72453E+00  1.72114E+00  1.72346E+00  1.72025E+00
  1.72264E+00  1.72129E+00  1.72075E+00  1.72003E+00  1.72137E+00  1.72018E+00
  1.71930E+00  1.71877E+00  1.71857E+00  1.71744E+00  1.71783E+00  1.71620E+00
  1.71509E+00  1.71437E+00  1.71449E+00  1.71351E+00  1.71216E+00  1.71085E+00
  1.70971E+00  1.70725E+00  1.70572E+00  1.70337E+00  1.70209E+00  1.70010E+00
  1.69821E+00  1.69691E+00  1.69243E+00  1.68933E+00  1.68553E+00  1.68211E+00
  1.67856E+00  1.67508E+00  1.67090E+00  1.66764E+00  1.66054E+00  1.65346E+00
  1.64631E+00  1.63915E+00  1.63213E+00  1.62549E+00  1.61894E+00  1.61183E+00
  1.59799E+00  1.58422E+00  1.57096E+00  1.55788E+00  1.54468E+00  1.53152E+00
  1.51875E+00  1.50461E+00  1.47907E+00  1.45391E+00  1.42877E+00  1.40435E+00
  1.38061E+00  1.35740E+00  1.33443E+00  1.31851E+00  1.27474E+00  1.23199E+00
  1.19122E+00  1.15162E+00  1.11384E+00  1.07707E+00  1.04185E+00  1.00939E+00
  9.46685E-01  8.87870E-01  8.33102E-01  7.82923E-01  7.37147E-01  6.94694E-01
  6.54684E-01  6.16820E-01  5.47767E-01  4.88778E-01  4.35568E-01  3.87675E-01
  3.46973E-01  3.12934E-01  2.81221E-01  2.51121E-01  2.01709E-01  1.60896E-01
  1.21490E-01  8.86222E-02  6.81321E-02  5.26043E-02  3.62104E-02  2.52445E-02
  9.34694E-03 -3.29289E-03 -7.84457E-03 -2.23766E-03  1.21460E-02
