AutoSaveFileName0173.ASC
 IFORMY    0    .00
 (6E13.7)
 IFORMT    0    .00
 (6E13.7)
 IFORMW    0    .00
 (6E13.7)
 NINTT     0   -1.00
 DOUSNQ    0    1.00
 IQUAD          1.00
 PRWT      0    1.00
 PRY       0    1.00
 IPLRES    1    3.00
 IPLRES    2    3.00
 IPRINT    1    0.00
 IPRINT    2    2.00
 IPLFIT    1    0.00
 IPLFIT    2    0.00
 LINEPG    0   50.
 NONNEG    1    1.00
 IWT       0    5.00
 NQPROG    1    5.00
 NQPROG    2    5.00
 GMNMX     1    1.994E-05
 GMNMX     2    1.994E-02
 RUSER    10    -1.00
 NG        0    200.00
 NLINF     0    0.00
 IUSER    10    4.00
 RUSER    21    1.0
 RUSER    22   -1.0
 RUSER    23    0.0
 RUSER    18         291.98888
 RUSER    17         71.99900
 RUSER    19         1.03078
 RUSER    15         1.33200
 RUSER    16         632.80000
 RUSER    25         1
 RUSER    26         0
 END       0    0.00
 NY      131
  3.75000E-07  5.00000E-07  6.25000E-07  7.50000E-07  8.75000E-07  1.00000E-06
  1.12500E-06  1.25000E-06  1.37500E-06  1.50000E-06  1.62500E-06  1.75000E-06
  1.87500E-06  2.00000E-06  2.25000E-06  2.50000E-06  2.75000E-06  3.00000E-06
  3.25000E-06  3.50000E-06  3.75000E-06  4.00000E-06  4.50000E-06  5.00000E-06
  5.50000E-06  6.00000E-06  6.50000E-06  7.00000E-06  7.50000E-06  8.00000E-06
  9.00000E-06  1.00000E-05  1.10000E-05  1.20000E-05  1.30000E-05  1.40000E-05
  1.50000E-05  1.60000E-05  1.80000E-05  2.00000E-05  2.20000E-05  2.40000E-05
  2.60000E-05  2.80000E-05  3.00000E-05  3.20000E-05  3.60000E-05  4.00000E-05
  4.40000E-05  4.80000E-05  5.20000E-05  5.60000E-05  6.00000E-05  6.40000E-05
  7.20000E-05  8.00000E-05  8.80000E-05  9.60000E-05  1.04000E-04  1.12000E-04
  1.20000E-04  1.28000E-04  1.44000E-04  1.60000E-04  1.76000E-04  1.92000E-04
  2.08000E-04  2.24000E-04  2.40000E-04  2.56000E-04  2.88000E-04  3.20000E-04
  3.52000E-04  3.84000E-04  4.16000E-04  4.48000E-04  4.80000E-04  5.12000E-04
  5.76000E-04  6.40000E-04  7.04000E-04  7.68000E-04  8.32000E-04  8.96000E-04
  9.60000E-04  1.02400E-03  1.15200E-03  1.28000E-03  1.40800E-03  1.53600E-03
  1.66400E-03  1.79200E-03  1.92000E-03  2.01600E-03  2.27200E-03  2.52800E-03
  2.78400E-03  3.04000E-03  3.29600E-03  3.55200E-03  3.80800E-03  4.06400E-03
  4.57600E-03  5.08800E-03  5.60000E-03  6.11200E-03  6.62400E-03  7.13600E-03
  7.64800E-03  8.16000E-03  9.18400E-03  1.02080E-02  1.12320E-02  1.22560E-02
  1.32800E-02  1.43040E-02  1.53280E-02  1.63520E-02  1.84000E-02  2.04480E-02
  2.24960E-02  2.45440E-02  2.65920E-02  2.86400E-02  3.06880E-02  3.27360E-02
  3.68320E-02  4.09280E-02  4.50240E-02  4.91200E-02  5.32160E-02
  2.42036E+00  2.41739E+00  2.40941E+00  2.41709E+00  2.41520E+00  2.40520E+00
  2.40283E+00  2.39643E+00  2.39387E+00  2.40266E+00  2.40290E+00  2.40418E+00
  2.39730E+00  2.39781E+00  2.40171E+00  2.40276E+00  2.39703E+00  2.40187E+00
  2.39755E+00  2.39677E+00  2.39523E+00  2.39833E+00  2.39648E+00  2.39578E+00
  2.39612E+00  2.39716E+00  2.39471E+00  2.39850E+00  2.39663E+00  2.39526E+00
  2.39534E+00  2.39123E+00  2.39013E+00  2.39228E+00  2.39141E+00  2.39441E+00
  2.39048E+00  2.38758E+00  2.38848E+00  2.38870E+00  2.38386E+00  2.38211E+00
  2.38176E+00  2.38245E+00  2.37734E+00  2.37692E+00  2.37528E+00  2.37217E+00
  2.36856E+00  2.36632E+00  2.36234E+00  2.36032E+00  2.35626E+00  2.35390E+00
  2.34819E+00  2.34048E+00  2.33590E+00  2.33000E+00  2.32327E+00  2.31790E+00
  2.31168E+00  2.30635E+00  2.29464E+00  2.28287E+00  2.27191E+00  2.25992E+00
  2.24903E+00  2.23811E+00  2.22604E+00  2.21474E+00  2.19348E+00  2.17127E+00
  2.14959E+00  2.12870E+00  2.10737E+00  2.08700E+00  2.06632E+00  2.04612E+00
  2.00620E+00  1.96766E+00  1.92929E+00  1.89172E+00  1.85482E+00  1.81880E+00
  1.78407E+00  1.74548E+00  1.67892E+00  1.61514E+00  1.55346E+00  1.49387E+00
  1.43702E+00  1.38341E+00  1.33148E+00  1.30018E+00  1.20571E+00  1.11901E+00
  1.03988E+00  9.66017E-01  8.98622E-01  8.37964E-01  7.81976E-01  7.31195E-01
  6.37008E-01  5.57109E-01  4.88558E-01  4.31230E-01  3.83221E-01  3.41200E-01
  3.04653E-01  2.70011E-01  2.10473E-01  1.66687E-01  1.32171E-01  1.01005E-01
  7.23295E-02  5.21944E-02  3.68388E-02  2.92887E-02  1.66299E-02  1.59297E-02
  1.89239E-02  1.62645E-02  1.38543E-02  2.07827E-02  1.87746E-02  1.12784E-02
  2.72138E-03  1.25749E-03  3.39864E-03 -9.95010E-03 -1.65653E-02
