AutoSaveFileName0292.ASC
 IFORMY    0    .00
 (6E13.7)
 IFORMT    0    .00
 (6E13.7)
 IFORMW    0    .00
 (6E13.7)
 NINTT     0   -1.00
 DOUSNQ    0    1.00
 IQUAD          1.00
 PRWT      0    1.00
 PRY       0    1.00
 IPLRES    1    3.00
 IPLRES    2    3.00
 IPRINT    1    0.00
 IPRINT    2    2.00
 IPLFIT    1    0.00
 IPLFIT    2    0.00
 LINEPG    0   50.
 NONNEG    1    1.00
 IWT       0    5.00
 NQPROG    1    5.00
 NQPROG    2    5.00
 GMNMX     1    9.973E-06
 GMNMX     2    9.973E-03
 RUSER    10    -1.00
 NG        0    200.00
 NLINF     0    0.00
 IUSER    10    4.00
 RUSER    21    1.0
 RUSER    22   -1.0
 RUSER    23    0.0
 RUSER    18         292.16405
 RUSER    17         111.99900
 RUSER    19         1.02632
 RUSER    15         1.33200
 RUSER    16         632.80000
 RUSER    25         1
 RUSER    26         0
 END       0    0.00
 NY      131
  3.75000E-07  5.00000E-07  6.25000E-07  7.50000E-07  8.75000E-07  1.00000E-06
  1.12500E-06  1.25000E-06  1.37500E-06  1.50000E-06  1.62500E-06  1.75000E-06
  1.87500E-06  2.00000E-06  2.25000E-06  2.50000E-06  2.75000E-06  3.00000E-06
  3.25000E-06  3.50000E-06  3.75000E-06  4.00000E-06  4.50000E-06  5.00000E-06
  5.50000E-06  6.00000E-06  6.50000E-06  7.00000E-06  7.50000E-06  8.00000E-06
  9.00000E-06  1.00000E-05  1.10000E-05  1.20000E-05  1.30000E-05  1.40000E-05
  1.50000E-05  1.60000E-05  1.80000E-05  2.00000E-05  2.20000E-05  2.40000E-05
  2.60000E-05  2.80000E-05  3.00000E-05  3.20000E-05  3.60000E-05  4.00000E-05
  4.40000E-05  4.80000E-05  5.20000E-05  5.60000E-05  6.00000E-05  6.40000E-05
  7.20000E-05  8.00000E-05  8.80000E-05  9.60000E-05  1.04000E-04  1.12000E-04
  1.20000E-04  1.28000E-04  1.44000E-04  1.60000E-04  1.76000E-04  1.92000E-04
  2.08000E-04  2.24000E-04  2.40000E-04  2.56000E-04  2.88000E-04  3.20000E-04
  3.52000E-04  3.84000E-04  4.16000E-04  4.48000E-04  4.80000E-04  5.12000E-04
  5.76000E-04  6.40000E-04  7.04000E-04  7.68000E-04  8.32000E-04  8.96000E-04
  9.60000E-04  1.02400E-03  1.15200E-03  1.28000E-03  1.40800E-03  1.53600E-03
  1.66400E-03  1.79200E-03  1.92000E-03  2.01600E-03  2.27200E-03  2.52800E-03
  2.78400E-03  3.04000E-03  3.29600E-03  3.55200E-03  3.80800E-03  4.06400E-03
  4.57600E-03  5.08800E-03  5.60000E-03  6.11200E-03  6.62400E-03  7.13600E-03
  7.64800E-03  8.16000E-03  9.18400E-03  1.02080E-02  1.12320E-02  1.22560E-02
  1.32800E-02  1.43040E-02  1.53280E-02  1.63520E-02  1.84000E-02  2.04480E-02
  2.24960E-02  2.45440E-02  2.65920E-02  2.86400E-02  3.06880E-02  3.27360E-02
  3.68320E-02  4.09280E-02  4.50240E-02  4.91200E-02  5.32160E-02
  1.62749E+00  1.62491E+00  1.62368E+00  1.62286E+00  1.62042E+00  1.62005E+00
  1.61852E+00  1.61899E+00  1.61754E+00  1.62029E+00  1.61725E+00  1.61563E+00
  1.61725E+00  1.61643E+00  1.61235E+00  1.61692E+00  1.61645E+00  1.61565E+00
  1.61625E+00  1.61605E+00  1.61499E+00  1.61456E+00  1.61332E+00  1.61609E+00
  1.61408E+00  1.61017E+00  1.61201E+00  1.60935E+00  1.61131E+00  1.60966E+00
  1.60782E+00  1.60748E+00  1.60525E+00  1.60491E+00  1.60405E+00  1.60301E+00
  1.60162E+00  1.60090E+00  1.59835E+00  1.59486E+00  1.59284E+00  1.58996E+00
  1.58805E+00  1.58600E+00  1.58435E+00  1.58196E+00  1.57786E+00  1.57283E+00
  1.56790E+00  1.56315E+00  1.55881E+00  1.55451E+00  1.54933E+00  1.54490E+00
  1.53593E+00  1.52703E+00  1.51813E+00  1.50902E+00  1.50054E+00  1.49161E+00
  1.48344E+00  1.47506E+00  1.45772E+00  1.44101E+00  1.42385E+00  1.40730E+00
  1.39102E+00  1.37480E+00  1.35855E+00  1.34302E+00  1.31151E+00  1.28142E+00
  1.25152E+00  1.22277E+00  1.19410E+00  1.16672E+00  1.13951E+00  1.11299E+00
  1.06267E+00  1.01459E+00  9.68364E-01  9.23927E-01  8.81373E-01  8.40775E-01
  8.02124E-01  7.65947E-01  6.96764E-01  6.33703E-01  5.75831E-01  5.23253E-01
  4.75764E-01  4.33216E-01  3.94028E-01  3.66602E-01  3.02237E-01  2.47171E-01
  2.01948E-01  1.65525E-01  1.36657E-01  1.13056E-01  9.32894E-02  7.72397E-02
  5.11149E-02  3.60697E-02  2.85354E-02  2.21124E-02  1.74517E-02  1.19982E-02
  7.79557E-03  4.08997E-03 -1.24091E-03 -2.31777E-03  2.63895E-03  3.89517E-03
  4.86634E-03  5.00922E-03  2.55482E-03  3.58296E-03 -4.62709E-03 -3.11070E-03
 -8.26479E-03 -1.01270E-02  5.67725E-03  1.23789E-02  9.51720E-03  3.30190E-03
 -3.30325E-03  7.13550E-03  4.23408E-03 -3.28350E-04 -7.18598E-03
