AutoSaveFileName0264.ASC
 IFORMY    0    .00
 (6E13.7)
 IFORMT    0    .00
 (6E13.7)
 IFORMW    0    .00
 (6E13.7)
 NINTT     0   -1.00
 DOUSNQ    0    1.00
 IQUAD          1.00
 PRWT      0    1.00
 PRY       0    1.00
 IPLRES    1    3.00
 IPLRES    2    3.00
 IPRINT    1    0.00
 IPRINT    2    2.00
 IPLFIT    1    0.00
 IPLFIT    2    0.00
 LINEPG    0   50.
 NONNEG    1    1.00
 IWT       0    5.00
 NQPROG    1    5.00
 NQPROG    2    5.00
 GMNMX     1    1.121E-05
 GMNMX     2    1.121E-02
 RUSER    10    -1.00
 NG        0    200.00
 NLINF     0    0.00
 IUSER    10    4.00
 RUSER    21    1.0
 RUSER    22   -1.0
 RUSER    23    0.0
 RUSER    18         292.11777
 RUSER    17         102.99900
 RUSER    19         1.02750
 RUSER    15         1.33200
 RUSER    16         632.80000
 RUSER    25         1
 RUSER    26         0
 END       0    0.00
 NY      131
  3.75000E-07  5.00000E-07  6.25000E-07  7.50000E-07  8.75000E-07  1.00000E-06
  1.12500E-06  1.25000E-06  1.37500E-06  1.50000E-06  1.62500E-06  1.75000E-06
  1.87500E-06  2.00000E-06  2.25000E-06  2.50000E-06  2.75000E-06  3.00000E-06
  3.25000E-06  3.50000E-06  3.75000E-06  4.00000E-06  4.50000E-06  5.00000E-06
  5.50000E-06  6.00000E-06  6.50000E-06  7.00000E-06  7.50000E-06  8.00000E-06
  9.00000E-06  1.00000E-05  1.10000E-05  1.20000E-05  1.30000E-05  1.40000E-05
  1.50000E-05  1.60000E-05  1.80000E-05  2.00000E-05  2.20000E-05  2.40000E-05
  2.60000E-05  2.80000E-05  3.00000E-05  3.20000E-05  3.60000E-05  4.00000E-05
  4.40000E-05  4.80000E-05  5.20000E-05  5.60000E-05  6.00000E-05  6.40000E-05
  7.20000E-05  8.00000E-05  8.80000E-05  9.60000E-05  1.04000E-04  1.12000E-04
  1.20000E-04  1.28000E-04  1.44000E-04  1.60000E-04  1.76000E-04  1.92000E-04
  2.08000E-04  2.24000E-04  2.40000E-04  2.56000E-04  2.88000E-04  3.20000E-04
  3.52000E-04  3.84000E-04  4.16000E-04  4.48000E-04  4.80000E-04  5.12000E-04
  5.76000E-04  6.40000E-04  7.04000E-04  7.68000E-04  8.32000E-04  8.96000E-04
  9.60000E-04  1.02400E-03  1.15200E-03  1.28000E-03  1.40800E-03  1.53600E-03
  1.66400E-03  1.79200E-03  1.92000E-03  2.01600E-03  2.27200E-03  2.52800E-03
  2.78400E-03  3.04000E-03  3.29600E-03  3.55200E-03  3.80800E-03  4.06400E-03
  4.57600E-03  5.08800E-03  5.60000E-03  6.11200E-03  6.62400E-03  7.13600E-03
  7.64800E-03  8.16000E-03  9.18400E-03  1.02080E-02  1.12320E-02  1.22560E-02
  1.32800E-02  1.43040E-02  1.53280E-02  1.63520E-02  1.84000E-02  2.04480E-02
  2.24960E-02  2.45440E-02  2.65920E-02  2.86400E-02  3.06880E-02  3.27360E-02
  3.68320E-02  4.09280E-02  4.50240E-02  4.91200E-02  5.32160E-02
  8.16223E-01  8.15099E-01  8.14822E-01  8.15664E-01  8.11973E-01  8.13316E-01
  8.13848E-01  8.11875E-01  8.09189E-01  8.15986E-01  8.09091E-01  8.11754E-01
  8.11098E-01  8.12679E-01  8.08847E-01  8.13234E-01  8.12058E-01  8.11695E-01
  8.09867E-01  8.09946E-01  8.11642E-01  8.11053E-01  8.09429E-01  8.09085E-01
  8.08821E-01  8.10125E-01  8.09265E-01  8.10445E-01  8.07771E-01  8.07720E-01
  8.07938E-01  8.07583E-01  8.06242E-01  8.06273E-01  8.05586E-01  8.04941E-01
  8.05397E-01  8.03700E-01  8.03206E-01  8.02114E-01  8.01141E-01  7.99667E-01
  7.99102E-01  7.98102E-01  7.96852E-01  7.95679E-01  7.93348E-01  7.91576E-01
  7.89687E-01  7.87188E-01  7.85157E-01  7.83046E-01  7.81115E-01  7.78843E-01
  7.74859E-01  7.70685E-01  7.66857E-01  7.62378E-01  7.58158E-01  7.54233E-01
  7.50595E-01  7.46916E-01  7.38770E-01  7.31057E-01  7.23590E-01  7.15850E-01
  7.08558E-01  7.01489E-01  6.93664E-01  6.86299E-01  6.72053E-01  6.58087E-01
  6.44351E-01  6.30944E-01  6.17972E-01  6.05098E-01  5.92346E-01  5.79850E-01
  5.55694E-01  5.32672E-01  5.10815E-01  4.89653E-01  4.69267E-01  4.49424E-01
  4.31005E-01  3.96638E-01  3.64764E-01  3.35514E-01  3.08641E-01  2.84288E-01
  2.62142E-01  2.41340E-01  2.22226E-01  2.18575E-01  1.84589E-01  1.55699E-01
  1.30849E-01  1.10041E-01  9.22685E-02  7.75624E-02  6.62356E-02  5.76335E-02
  4.19581E-02  2.94219E-02  2.34392E-02  2.15308E-02  2.20377E-02  2.26329E-02
  2.14845E-02  1.70032E-02  1.05579E-02  5.16747E-03  1.57390E-03  2.83993E-03
 -4.50925E-04 -2.52788E-03 -3.36765E-03 -3.10150E-03  6.22856E-03  1.61303E-03
 -3.67614E-03 -3.92399E-03  2.81574E-03  1.08501E-03 -8.20700E-04  1.60310E-03
  2.30544E-03  2.26929E-05 -6.25507E-03 -4.54621E-03 -3.98379E-04
