AutoSaveFileName0132.ASC
 IFORMY    0    .00
 (6E13.7)
 IFORMT    0    .00
 (6E13.7)
 IFORMW    0    .00
 (6E13.7)
 NINTT     0   -1.00
 DOUSNQ    0    1.00
 IQUAD     0    1.00
 PRWT      0    1.00
 PRY       0    1.00
 IPLRES    1    3.00
 IPLRES    2    3.00
 IPRINT    1    0.00
 IPRINT    2    2.00
 IPLFIT    1    0.00
 IPLFIT    2    0.00
 LINEPG    0   50.
 NONNEG    1    1.00
 IWT       0    5.00
 NQPROG    1    5.00
 NQPROG    2    5.00
 GMNMX     1    6.50179E-03
 GMNMX     2    2.33398E-03
 RUSER    10    -1.00
 NG        0    500.00
 NLINF     0    1.00
 IUSER    10    4.00
 RUSER    21    1.0
 RUSER    22   -1.0
 RUSER    23    0.0
 RUSER    18         291.99110
 RUSER    17         79.99900
 RUSER    19         1.03073
 RUSER    15         1.33200
 RUSER    16         632.80000
 RUSER    25         1
 RUSER    26         0
 END       0    0.00
 NY      162
  7.50000E-07  8.75000E-07  1.00000E-06  1.12500E-06  1.25000E-06  1.37500E-06
  1.50000E-06  1.62500E-06  1.75000E-06  1.87500E-06  2.00000E-06  2.25000E-06
  2.50000E-06  2.75000E-06  3.00000E-06  3.25000E-06  3.50000E-06  3.75000E-06
  4.00000E-06  4.50000E-06  5.00000E-06  5.50000E-06  6.00000E-06  6.50000E-06
  7.00000E-06  7.50000E-06  8.00000E-06  9.00000E-06  1.00000E-05  1.10000E-05
  1.20000E-05  1.30000E-05  1.40000E-05  1.50000E-05  1.60000E-05  1.80000E-05
  2.00000E-05  2.20000E-05  2.40000E-05  2.60000E-05  2.80000E-05  3.00000E-05
  3.20000E-05  3.60000E-05  4.00000E-05  4.40000E-05  4.80000E-05  5.20000E-05
  5.60000E-05  6.00000E-05  6.40000E-05  7.20000E-05  8.00000E-05  8.80000E-05
  9.60000E-05  1.04000E-04  1.12000E-04  1.20000E-04  1.28000E-04  1.44000E-04
  1.60000E-04  1.76000E-04  1.92000E-04  2.08000E-04  2.24000E-04  2.40000E-04
  2.56000E-04  2.88000E-04  3.20000E-04  3.52000E-04  3.84000E-04  4.16000E-04
  4.48000E-04  4.80000E-04  5.12000E-04  5.76000E-04  6.40000E-04  7.04000E-04
  7.68000E-04  8.32000E-04  8.96000E-04  9.60000E-04  1.02400E-03  1.15200E-03
  1.28000E-03  1.40800E-03  1.53600E-03  1.66400E-03  1.79200E-03  1.92000E-03
  2.01600E-03  2.27200E-03  2.52800E-03  2.78400E-03  3.04000E-03  3.29600E-03
  3.55200E-03  3.80800E-03  4.06400E-03  4.57600E-03  5.08800E-03  5.60000E-03
  6.11200E-03  6.62400E-03  7.13600E-03  7.64800E-03  8.16000E-03  9.18400E-03
  1.02080E-02  1.12320E-02  1.22560E-02  1.32800E-02  1.43040E-02  1.53280E-02
  1.63520E-02  1.84000E-02  2.04480E-02  2.24960E-02  2.45440E-02  2.65920E-02
  2.86400E-02  3.06880E-02  3.27360E-02  3.68320E-02  4.09280E-02  4.50240E-02
  4.91200E-02  5.32160E-02  5.73120E-02  6.14080E-02  6.55040E-02  7.36960E-02
  8.18880E-02  9.00800E-02  9.82720E-02  1.06464E-01  1.14656E-01  1.22848E-01
  1.31040E-01  1.47424E-01  1.63808E-01  1.80192E-01  1.96576E-01  2.12960E-01
  2.29344E-01  2.45728E-01  2.62112E-01  2.94880E-01  3.27648E-01  3.60416E-01
  3.93184E-01  4.25952E-01  4.58720E-01  4.91488E-01  5.24256E-01  5.89792E-01
  6.55328E-01  7.20864E-01  7.86400E-01  8.51936E-01  9.17472E-01  9.83008E-01
  1.00000E+00  9.96434E-01  9.96446E-01  9.98363E-01  9.94170E-01  9.93476E-01
  9.91765E-01  9.92245E-01  9.94813E-01  9.90366E-01  9.90288E-01  9.93355E-01
  9.90156E-01  9.92408E-01  9.87229E-01  9.88191E-01  9.86792E-01  9.91820E-01
  9.87689E-01  9.83336E-01  9.81987E-01  9.84150E-01  9.80319E-01  9.77603E-01
  9.77439E-01  9.74902E-01  9.72688E-01  9.72786E-01  9.69836E-01  9.66507E-01
  9.63366E-01  9.60284E-01  9.58694E-01  9.56211E-01  9.54017E-01  9.48405E-01
  9.43077E-01  9.38674E-01  9.32465E-01  9.28108E-01  9.24238E-01  9.19149E-01
  9.13509E-01  9.03345E-01  8.93255E-01  8.83754E-01  8.73368E-01  8.64603E-01
  8.54724E-01  8.45542E-01  8.36458E-01  8.18452E-01  8.00342E-01  7.83393E-01
  7.66581E-01  7.50072E-01  7.33708E-01  7.18286E-01  7.02429E-01  6.72572E-01
  6.42953E-01  6.15599E-01  5.89254E-01  5.63380E-01  5.39627E-01  5.16208E-01
  4.94154E-01  4.52848E-01  4.15092E-01  3.80489E-01  3.48240E-01  3.19028E-01
  2.92436E-01  2.67577E-01  2.45514E-01  2.05779E-01  1.72593E-01  1.45372E-01
  1.22405E-01  1.03201E-01  8.66790E-02  7.33809E-02  6.21008E-02  4.40509E-02
  3.17320E-02  2.32888E-02  1.57518E-02  1.01163E-02  6.55171E-03  4.30949E-03
  3.56150E-03  1.30615E-03  1.77880E-03  3.03870E-03  3.52521E-03  3.59385E-03
  2.86053E-03  3.41534E-03  2.98781E-03  1.73548E-03  2.23183E-03 -2.52207E-04
 -1.37251E-04 -5.42351E-04 -1.25819E-03 -5.92535E-04  2.58585E-03  2.84284E-03
  2.33481E-03  3.29777E-03  2.10856E-03 -2.20188E-03 -3.76142E-05  2.62053E-03
  3.54880E-03 -4.20992E-04  1.22234E-03 -9.70194E-04 -1.08426E-03 -1.80954E-03
 -4.62182E-04  1.69316E-04  1.99923E-03 -5.41416E-04  1.98443E-04 -1.78478E-04
 -1.40956E-04  2.71054E-03  1.63706E-04  1.19299E-03  9.79777E-04 -3.59124E-04
 -1.05170E-03 -1.00124E-03 -7.66857E-04 -2.27974E-03 -2.01074E-03  7.50107E-04
  2.06079E-04  4.87981E-04 -3.82280E-04 -6.40299E-04 -1.58215E-03  7.94033E-04
 -3.50519E-05  1.20518E-04 -1.44422E-04  8.41972E-05 -3.61294E-04 -3.36139E-04
  8.62857E-04  2.32449E-04  1.48621E-04  7.32012E-04 -6.93648E-05  2.24187E-04
 -3.10769E-04  3.53306E-04 -2.17236E-04 -8.83364E-05 -2.60993E-04  1.19242E-04
