AutoSaveFileName0332.ASC
 IFORMY    0    .00
 (6E13.7)
 IFORMT    0    .00
 (6E13.7)
 IFORMW    0    .00
 (6E13.7)
 NINTT     0   -1.00
 DOUSNQ    0    1.00
 IQUAD          1.00
 PRWT      0    1.00
 PRY       0    1.00
 IPLRES    1    3.00
 IPLRES    2    3.00
 IPRINT    1    0.00
 IPRINT    2    2.00
 IPLFIT    1    0.00
 IPLFIT    2    0.00
 LINEPG    0   50.
 NONNEG    1    1.00
 IWT       0    5.00
 NQPROG    1    5.00
 NQPROG    2    5.00
 GMNMX     1    8.695E-06
 GMNMX     2    8.695E-03
 RUSER    10    -1.00
 NG        0    200.00
 NLINF     0    0.00
 IUSER    10    4.00
 RUSER    21    1.0
 RUSER    22   -1.0
 RUSER    23    0.0
 RUSER    18         292.23502
 RUSER    17         124.99900
 RUSER    19         1.02452
 RUSER    15         1.33200
 RUSER    16         632.80000
 RUSER    25         1
 RUSER    26         0
 END       0    0.00
 NY      131
  3.75000E-07  5.00000E-07  6.25000E-07  7.50000E-07  8.75000E-07  1.00000E-06
  1.12500E-06  1.25000E-06  1.37500E-06  1.50000E-06  1.62500E-06  1.75000E-06
  1.87500E-06  2.00000E-06  2.25000E-06  2.50000E-06  2.75000E-06  3.00000E-06
  3.25000E-06  3.50000E-06  3.75000E-06  4.00000E-06  4.50000E-06  5.00000E-06
  5.50000E-06  6.00000E-06  6.50000E-06  7.00000E-06  7.50000E-06  8.00000E-06
  9.00000E-06  1.00000E-05  1.10000E-05  1.20000E-05  1.30000E-05  1.40000E-05
  1.50000E-05  1.60000E-05  1.80000E-05  2.00000E-05  2.20000E-05  2.40000E-05
  2.60000E-05  2.80000E-05  3.00000E-05  3.20000E-05  3.60000E-05  4.00000E-05
  4.40000E-05  4.80000E-05  5.20000E-05  5.60000E-05  6.00000E-05  6.40000E-05
  7.20000E-05  8.00000E-05  8.80000E-05  9.60000E-05  1.04000E-04  1.12000E-04
  1.20000E-04  1.28000E-04  1.44000E-04  1.60000E-04  1.76000E-04  1.92000E-04
  2.08000E-04  2.24000E-04  2.40000E-04  2.56000E-04  2.88000E-04  3.20000E-04
  3.52000E-04  3.84000E-04  4.16000E-04  4.48000E-04  4.80000E-04  5.12000E-04
  5.76000E-04  6.40000E-04  7.04000E-04  7.68000E-04  8.32000E-04  8.96000E-04
  9.60000E-04  1.02400E-03  1.15200E-03  1.28000E-03  1.40800E-03  1.53600E-03
  1.66400E-03  1.79200E-03  1.92000E-03  2.01600E-03  2.27200E-03  2.52800E-03
  2.78400E-03  3.04000E-03  3.29600E-03  3.55200E-03  3.80800E-03  4.06400E-03
  4.57600E-03  5.08800E-03  5.60000E-03  6.11200E-03  6.62400E-03  7.13600E-03
  7.64800E-03  8.16000E-03  9.18400E-03  1.02080E-02  1.12320E-02  1.22560E-02
  1.32800E-02  1.43040E-02  1.53280E-02  1.63520E-02  1.84000E-02  2.04480E-02
  2.24960E-02  2.45440E-02  2.65920E-02  2.86400E-02  3.06880E-02  3.27360E-02
  3.68320E-02  4.09280E-02  4.50240E-02  4.91200E-02  5.32160E-02
  2.44869E+00  2.44587E+00  2.44691E+00  2.43843E+00  2.44227E+00  2.44094E+00
  2.43669E+00  2.43786E+00  2.43569E+00  2.43388E+00  2.43277E+00  2.43047E+00
  2.42944E+00  2.43214E+00  2.43874E+00  2.43840E+00  2.43734E+00  2.42848E+00
  2.42599E+00  2.43061E+00  2.42994E+00  2.43215E+00  2.42803E+00  2.42814E+00
  2.42721E+00  2.42559E+00  2.42180E+00  2.42452E+00  2.42317E+00  2.42153E+00
  2.41716E+00  2.41756E+00  2.41508E+00  2.41270E+00  2.41125E+00  2.40932E+00
  2.40684E+00  2.40663E+00  2.40258E+00  2.39622E+00  2.39341E+00  2.38906E+00
  2.38447E+00  2.38119E+00  2.37894E+00  2.37332E+00  2.36574E+00  2.35763E+00
  2.35033E+00  2.34189E+00  2.33299E+00  2.32567E+00  2.31856E+00  2.31152E+00
  2.29543E+00  2.28007E+00  2.26461E+00  2.25022E+00  2.23442E+00  2.21909E+00
  2.20576E+00  2.19058E+00  2.16240E+00  2.13315E+00  2.10511E+00  2.07645E+00
  2.04943E+00  2.02322E+00  1.99494E+00  1.96942E+00  1.91758E+00  1.86766E+00
  1.81844E+00  1.77057E+00  1.72489E+00  1.67925E+00  1.63570E+00  1.59327E+00
  1.51163E+00  1.43497E+00  1.36125E+00  1.29213E+00  1.22684E+00  1.16485E+00
  1.10618E+00  1.04489E+00  9.44219E-01  8.53066E-01  7.69984E-01  6.95112E-01
  6.27947E-01  5.68697E-01  5.15263E-01  4.82639E-01  3.98754E-01  3.30834E-01
  2.73236E-01  2.26097E-01  1.87952E-01  1.54245E-01  1.25035E-01  1.04356E-01
  7.52373E-02  5.47122E-02  4.23550E-02  3.53354E-02  3.13230E-02  3.34141E-02
  3.08489E-02  2.16939E-02 -5.82126E-03 -2.27980E-02 -2.80600E-02 -2.61832E-02
 -2.38716E-02 -1.89337E-02 -1.00598E-02 -6.56475E-03 -9.32708E-03 -6.85245E-03
 -4.44126E-03  2.70164E-03  1.00941E-02  2.06569E-02  6.63057E-03 -6.18673E-03
 -1.25002E-02 -1.00403E-02 -3.34194E-03 -1.47961E-02 -2.48978E-03
