AutoSaveFileName0181.ASC
 IFORMY    0    .00
 (6E13.7)
 IFORMT    0    .00
 (6E13.7)
 IFORMW    0    .00
 (6E13.7)
 NINTT     0   -1.00
 DOUSNQ    0    1.00
 IQUAD     0    1.00
 PRWT      0    1.00
 PRY       0    1.00
 IPLRES    1    3.00
 IPLRES    2    3.00
 IPRINT    1    0.00
 IPRINT    2    2.00
 IPLFIT    1    0.00
 IPLFIT    2    0.00
 LINEPG    0   50.
 NONNEG    1    1.00
 IWT       0    5.00
 NQPROG    1    5.00
 NQPROG    2    5.00
 GMNMX     1    4.26190E-03
 GMNMX     2    1.52991E-03
 RUSER    10    -1.00
 NG        0    500.00
 NLINF     0    1.00
 IUSER    10    4.00
 RUSER    21    1.0
 RUSER    22   -1.0
 RUSER    23    0.0
 RUSER    18         292.04237
 RUSER    17         104.99900
 RUSER    19         1.02942
 RUSER    15         1.33200
 RUSER    16         632.80000
 RUSER    25         1
 RUSER    26         0
 END       0    0.00
 NY      162
  7.50000E-07  8.75000E-07  1.00000E-06  1.12500E-06  1.25000E-06  1.37500E-06
  1.50000E-06  1.62500E-06  1.75000E-06  1.87500E-06  2.00000E-06  2.25000E-06
  2.50000E-06  2.75000E-06  3.00000E-06  3.25000E-06  3.50000E-06  3.75000E-06
  4.00000E-06  4.50000E-06  5.00000E-06  5.50000E-06  6.00000E-06  6.50000E-06
  7.00000E-06  7.50000E-06  8.00000E-06  9.00000E-06  1.00000E-05  1.10000E-05
  1.20000E-05  1.30000E-05  1.40000E-05  1.50000E-05  1.60000E-05  1.80000E-05
  2.00000E-05  2.20000E-05  2.40000E-05  2.60000E-05  2.80000E-05  3.00000E-05
  3.20000E-05  3.60000E-05  4.00000E-05  4.40000E-05  4.80000E-05  5.20000E-05
  5.60000E-05  6.00000E-05  6.40000E-05  7.20000E-05  8.00000E-05  8.80000E-05
  9.60000E-05  1.04000E-04  1.12000E-04  1.20000E-04  1.28000E-04  1.44000E-04
  1.60000E-04  1.76000E-04  1.92000E-04  2.08000E-04  2.24000E-04  2.40000E-04
  2.56000E-04  2.88000E-04  3.20000E-04  3.52000E-04  3.84000E-04  4.16000E-04
  4.48000E-04  4.80000E-04  5.12000E-04  5.76000E-04  6.40000E-04  7.04000E-04
  7.68000E-04  8.32000E-04  8.96000E-04  9.60000E-04  1.02400E-03  1.15200E-03
  1.28000E-03  1.40800E-03  1.53600E-03  1.66400E-03  1.79200E-03  1.92000E-03
  2.01600E-03  2.27200E-03  2.52800E-03  2.78400E-03  3.04000E-03  3.29600E-03
  3.55200E-03  3.80800E-03  4.06400E-03  4.57600E-03  5.08800E-03  5.60000E-03
  6.11200E-03  6.62400E-03  7.13600E-03  7.64800E-03  8.16000E-03  9.18400E-03
  1.02080E-02  1.12320E-02  1.22560E-02  1.32800E-02  1.43040E-02  1.53280E-02
  1.63520E-02  1.84000E-02  2.04480E-02  2.24960E-02  2.45440E-02  2.65920E-02
  2.86400E-02  3.06880E-02  3.27360E-02  3.68320E-02  4.09280E-02  4.50240E-02
  4.91200E-02  5.32160E-02  5.73120E-02  6.14080E-02  6.55040E-02  7.36960E-02
  8.18880E-02  9.00800E-02  9.82720E-02  1.06464E-01  1.14656E-01  1.22848E-01
  1.31040E-01  1.47424E-01  1.63808E-01  1.80192E-01  1.96576E-01  2.12960E-01
  2.29344E-01  2.45728E-01  2.62112E-01  2.94880E-01  3.27648E-01  3.60416E-01
  3.93184E-01  4.25952E-01  4.58720E-01  4.91488E-01  5.24256E-01  5.89792E-01
  6.55328E-01  7.20864E-01  7.86400E-01  8.51936E-01  9.17472E-01  9.83008E-01
  9.95839E-01  1.00000E+00  9.95775E-01  9.87835E-01  9.89484E-01  9.95041E-01
  9.83434E-01  9.89795E-01  9.90734E-01  9.88152E-01  9.86473E-01  9.87060E-01
  9.88950E-01  9.84601E-01  9.85652E-01  9.81268E-01  9.83686E-01  9.81984E-01
  9.77190E-01  9.79889E-01  9.75564E-01  9.73100E-01  9.70218E-01  9.66615E-01
  9.69250E-01  9.63704E-01  9.63558E-01  9.57625E-01  9.54773E-01  9.48910E-01
  9.47027E-01  9.43511E-01  9.40090E-01  9.34228E-01  9.30947E-01  9.23506E-01
  9.14950E-01  9.06394E-01  8.99634E-01  8.92345E-01  8.83015E-01  8.75838E-01
  8.68937E-01  8.55175E-01  8.41385E-01  8.26831E-01  8.12624E-01  7.99678E-01
  7.86715E-01  7.73283E-01  7.59967E-01  7.35449E-01  7.10444E-01  6.87534E-01
  6.64765E-01  6.42184E-01  6.21610E-01  6.00865E-01  5.80865E-01  5.43261E-01
  5.08393E-01  4.75436E-01  4.44822E-01  4.15890E-01  3.89742E-01  3.65203E-01
  3.42061E-01  2.99663E-01  2.62308E-01  2.29917E-01  2.01414E-01  1.76372E-01
  1.54339E-01  1.36104E-01  1.20337E-01  9.36898E-02  7.41881E-02  5.90138E-02
  4.68182E-02  3.72736E-02  3.06939E-02  2.47255E-02  1.98275E-02  1.24291E-02
  8.12559E-03  4.82641E-03  2.03607E-03  6.27302E-04 -4.68325E-04 -1.57348E-03
 -2.35594E-03 -1.00455E-03  2.07505E-03  5.92602E-04 -1.12238E-03 -3.01458E-03
 -3.73629E-03 -2.62201E-03 -2.13870E-03  8.87422E-05  3.18568E-03  1.47465E-03
 -1.93929E-03 -2.64636E-03 -2.95334E-03 -3.30857E-03 -8.60515E-04 -1.24216E-03
 -1.41975E-03  1.38753E-03  8.43315E-04  4.24855E-04  1.71577E-03  3.52655E-03
  7.60965E-04 -6.21017E-04  1.08603E-03 -1.10521E-03 -6.86243E-04 -5.81978E-04
 -3.46308E-04  1.65828E-03  9.51539E-04  1.09276E-03  4.62741E-04 -2.03037E-04
 -8.44683E-04 -1.64226E-03  6.03095E-04  5.88976E-05  4.26515E-05  1.09510E-03
 -5.04200E-04 -8.33462E-04  1.10160E-03 -1.05072E-03  1.34263E-03 -2.15276E-03
 -7.26336E-04 -7.78494E-04 -8.41619E-05 -3.09602E-04  3.49961E-04 -7.40537E-04
 -1.06600E-03  7.86662E-07 -3.44991E-04  3.24916E-04 -2.33201E-04  2.38712E-04
  1.66988E-04  1.95642E-04 -4.11503E-04 -3.94304E-04  3.51395E-04  2.33410E-04
  2.91804E-04  1.24943E-04 -1.30390E-04 -2.49235E-04  1.39875E-05  4.77370E-04
