AutoSaveFileName0092.ASC
 IFORMY    0    .00
 (6E13.7)
 IFORMT    0    .00
 (6E13.7)
 IFORMW    0    .00
 (6E13.7)
 NINTT     0   -1.00
 DOUSNQ    0    1.00
 IQUAD          1.00
 PRWT      0    1.00
 PRY       0    1.00
 IPLRES    1    3.00
 IPLRES    2    3.00
 IPRINT    1    0.00
 IPRINT    2    2.00
 IPLFIT    1    0.00
 IPLFIT    2    0.00
 LINEPG    0   50.
 NONNEG    1    1.00
 IWT       0    5.00
 NQPROG    1    5.00
 NQPROG    2    5.00
 GMNMX     1    4.718E-05
 GMNMX     2    4.718E-02
 RUSER    10    -1.00
 NG        0    200.00
 NLINF     0    0.00
 IUSER    10    4.00
 RUSER    21    1.0
 RUSER    22   -1.0
 RUSER    23    0.0
 RUSER    18         291.88457
 RUSER    17         44.99900
 RUSER    19         1.03345
 RUSER    15         1.33200
 RUSER    16         632.80000
 RUSER    25         1
 RUSER    26         0
 END       0    0.00
 NY      131
  3.75000E-07  5.00000E-07  6.25000E-07  7.50000E-07  8.75000E-07  1.00000E-06
  1.12500E-06  1.25000E-06  1.37500E-06  1.50000E-06  1.62500E-06  1.75000E-06
  1.87500E-06  2.00000E-06  2.25000E-06  2.50000E-06  2.75000E-06  3.00000E-06
  3.25000E-06  3.50000E-06  3.75000E-06  4.00000E-06  4.50000E-06  5.00000E-06
  5.50000E-06  6.00000E-06  6.50000E-06  7.00000E-06  7.50000E-06  8.00000E-06
  9.00000E-06  1.00000E-05  1.10000E-05  1.20000E-05  1.30000E-05  1.40000E-05
  1.50000E-05  1.60000E-05  1.80000E-05  2.00000E-05  2.20000E-05  2.40000E-05
  2.60000E-05  2.80000E-05  3.00000E-05  3.20000E-05  3.60000E-05  4.00000E-05
  4.40000E-05  4.80000E-05  5.20000E-05  5.60000E-05  6.00000E-05  6.40000E-05
  7.20000E-05  8.00000E-05  8.80000E-05  9.60000E-05  1.04000E-04  1.12000E-04
  1.20000E-04  1.28000E-04  1.44000E-04  1.60000E-04  1.76000E-04  1.92000E-04
  2.08000E-04  2.24000E-04  2.40000E-04  2.56000E-04  2.88000E-04  3.20000E-04
  3.52000E-04  3.84000E-04  4.16000E-04  4.48000E-04  4.80000E-04  5.12000E-04
  5.76000E-04  6.40000E-04  7.04000E-04  7.68000E-04  8.32000E-04  8.96000E-04
  9.60000E-04  1.02400E-03  1.15200E-03  1.28000E-03  1.40800E-03  1.53600E-03
  1.66400E-03  1.79200E-03  1.92000E-03  2.01600E-03  2.27200E-03  2.52800E-03
  2.78400E-03  3.04000E-03  3.29600E-03  3.55200E-03  3.80800E-03  4.06400E-03
  4.57600E-03  5.08800E-03  5.60000E-03  6.11200E-03  6.62400E-03  7.13600E-03
  7.64800E-03  8.16000E-03  9.18400E-03  1.02080E-02  1.12320E-02  1.22560E-02
  1.32800E-02  1.43040E-02  1.53280E-02  1.63520E-02  1.84000E-02  2.04480E-02
  2.24960E-02  2.45440E-02  2.65920E-02  2.86400E-02  3.06880E-02  3.27360E-02
  3.68320E-02  4.09280E-02  4.50240E-02  4.91200E-02  5.32160E-02
  2.59291E+00  2.59138E+00  2.56611E+00  2.56051E+00  2.57669E+00  2.57809E+00
  2.56580E+00  2.56771E+00  2.58229E+00  2.57656E+00  2.57048E+00  2.57337E+00
  2.57806E+00  2.56908E+00  2.56937E+00  2.57672E+00  2.56808E+00  2.56907E+00
  2.56810E+00  2.57098E+00  2.57751E+00  2.57265E+00  2.57085E+00  2.57467E+00
  2.57167E+00  2.56590E+00  2.56835E+00  2.57452E+00  2.57083E+00  2.56493E+00
  2.56978E+00  2.56904E+00  2.56979E+00  2.56720E+00  2.57027E+00  2.56704E+00
  2.56691E+00  2.56616E+00  2.56903E+00  2.56821E+00  2.56243E+00  2.56512E+00
  2.56581E+00  2.56077E+00  2.56485E+00  2.56115E+00  2.55973E+00  2.55738E+00
  2.55717E+00  2.55386E+00  2.55335E+00  2.55070E+00  2.55058E+00  2.54839E+00
  2.54591E+00  2.54321E+00  2.54006E+00  2.53653E+00  2.53403E+00  2.53146E+00
  2.52735E+00  2.52515E+00  2.51832E+00  2.51211E+00  2.50621E+00  2.50105E+00
  2.49440E+00  2.48729E+00  2.48163E+00  2.47478E+00  2.46361E+00  2.45175E+00
  2.44021E+00  2.42837E+00  2.41632E+00  2.40448E+00  2.39210E+00  2.38119E+00
  2.35775E+00  2.33546E+00  2.31339E+00  2.29104E+00  2.26887E+00  2.24679E+00
  2.22659E+00  2.20541E+00  2.16234E+00  2.12164E+00  2.08059E+00  2.04150E+00
  2.00325E+00  1.96536E+00  1.92817E+00  1.89750E+00  1.82627E+00  1.75770E+00
  1.69178E+00  1.62725E+00  1.56634E+00  1.50715E+00  1.45026E+00  1.39693E+00
  1.29510E+00  1.19979E+00  1.11008E+00  1.02714E+00  9.49198E-01  8.77280E-01
  8.09896E-01  7.49703E-01  6.38921E-01  5.45257E-01  4.67897E-01  3.99419E-01
  3.39369E-01  2.89516E-01  2.45914E-01  2.11961E-01  1.57755E-01  1.16504E-01
  8.38304E-02  6.15443E-02  4.97267E-02  3.53700E-02  2.24519E-02  1.61113E-02
  9.38654E-03 -1.49585E-03 -1.57604E-02 -3.28302E-02 -3.73267E-02
