AutoSaveFileName0085.ASC
 IFORMY    0    .00
 (6E13.7)
 IFORMT    0    .00
 (6E13.7)
 IFORMW    0    .00
 (6E13.7)
 NINTT     0   -1.00
 DOUSNQ    0    1.00
 IQUAD     0    1.00
 PRWT      0    1.00
 PRY       0    1.00
 IPLRES    1    3.00
 IPLRES    2    3.00
 IPRINT    1    0.00
 IPRINT    2    2.00
 IPLFIT    1    0.00
 IPLFIT    2    0.00
 LINEPG    0   50.
 NONNEG    1    1.00
 IWT       0    5.00
 NQPROG    1    5.00
 NQPROG    2    5.00
 GMNMX     1    1.26142E-02
 GMNMX     2    4.52819E-03
 RUSER    10    -1.00
 NG        0    500.00
 NLINF     0    1.00
 IUSER    10    4.00
 RUSER    21    1.0
 RUSER    22   -1.0
 RUSER    23    0.0
 RUSER    18         291.95272
 RUSER    17         54.99700
 RUSER    19         1.03171
 RUSER    15         1.33200
 RUSER    16         632.80000
 RUSER    25         1
 RUSER    26         0
 END       0    0.00
 NY      162
  7.50000E-07  8.75000E-07  1.00000E-06  1.12500E-06  1.25000E-06  1.37500E-06
  1.50000E-06  1.62500E-06  1.75000E-06  1.87500E-06  2.00000E-06  2.25000E-06
  2.50000E-06  2.75000E-06  3.00000E-06  3.25000E-06  3.50000E-06  3.75000E-06
  4.00000E-06  4.50000E-06  5.00000E-06  5.50000E-06  6.00000E-06  6.50000E-06
  7.00000E-06  7.50000E-06  8.00000E-06  9.00000E-06  1.00000E-05  1.10000E-05
  1.20000E-05  1.30000E-05  1.40000E-05  1.50000E-05  1.60000E-05  1.80000E-05
  2.00000E-05  2.20000E-05  2.40000E-05  2.60000E-05  2.80000E-05  3.00000E-05
  3.20000E-05  3.60000E-05  4.00000E-05  4.40000E-05  4.80000E-05  5.20000E-05
  5.60000E-05  6.00000E-05  6.40000E-05  7.20000E-05  8.00000E-05  8.80000E-05
  9.60000E-05  1.04000E-04  1.12000E-04  1.20000E-04  1.28000E-04  1.44000E-04
  1.60000E-04  1.76000E-04  1.92000E-04  2.08000E-04  2.24000E-04  2.40000E-04
  2.56000E-04  2.88000E-04  3.20000E-04  3.52000E-04  3.84000E-04  4.16000E-04
  4.48000E-04  4.80000E-04  5.12000E-04  5.76000E-04  6.40000E-04  7.04000E-04
  7.68000E-04  8.32000E-04  8.96000E-04  9.60000E-04  1.02400E-03  1.15200E-03
  1.28000E-03  1.40800E-03  1.53600E-03  1.66400E-03  1.79200E-03  1.92000E-03
  2.01600E-03  2.27200E-03  2.52800E-03  2.78400E-03  3.04000E-03  3.29600E-03
  3.55200E-03  3.80800E-03  4.06400E-03  4.57600E-03  5.08800E-03  5.60000E-03
  6.11200E-03  6.62400E-03  7.13600E-03  7.64800E-03  8.16000E-03  9.18400E-03
  1.02080E-02  1.12320E-02  1.22560E-02  1.32800E-02  1.43040E-02  1.53280E-02
  1.63520E-02  1.84000E-02  2.04480E-02  2.24960E-02  2.45440E-02  2.65920E-02
  2.86400E-02  3.06880E-02  3.27360E-02  3.68320E-02  4.09280E-02  4.50240E-02
  4.91200E-02  5.32160E-02  5.73120E-02  6.14080E-02  6.55040E-02  7.36960E-02
  8.18880E-02  9.00800E-02  9.82720E-02  1.06464E-01  1.14656E-01  1.22848E-01
  1.31040E-01  1.47424E-01  1.63808E-01  1.80192E-01  1.96576E-01  2.12960E-01
  2.29344E-01  2.45728E-01  2.62112E-01  2.94880E-01  3.27648E-01  3.60416E-01
  3.93184E-01  4.25952E-01  4.58720E-01  4.91488E-01  5.24256E-01  5.89792E-01
  6.55328E-01  7.20864E-01  7.86400E-01  8.51936E-01  9.17472E-01  9.83008E-01
  1.00000E+00  9.99562E-01  9.98380E-01  9.97238E-01  9.96514E-01  9.96381E-01
  9.97818E-01  9.94613E-01  9.96291E-01  9.93827E-01  9.93243E-01  9.93082E-01
  9.94378E-01  9.93365E-01  9.94029E-01  9.93987E-01  9.90698E-01  9.91113E-01
  9.92689E-01  9.91523E-01  9.89889E-01  9.89124E-01  9.89793E-01  9.88516E-01
  9.86977E-01  9.87244E-01  9.86573E-01  9.84346E-01  9.83567E-01  9.81763E-01
  9.81311E-01  9.79316E-01  9.77644E-01  9.76219E-01  9.75152E-01  9.72575E-01
  9.70251E-01  9.67202E-01  9.64436E-01  9.62448E-01  9.58805E-01  9.56910E-01
  9.53555E-01  9.48700E-01  9.43161E-01  9.38117E-01  9.32634E-01  9.27484E-01
  9.22740E-01  9.17507E-01  9.12333E-01  9.02002E-01  8.92388E-01  8.81775E-01
  8.72553E-01  8.62956E-01  8.53248E-01  8.43835E-01  8.34696E-01  8.16414E-01
  7.98863E-01  7.81385E-01  7.64307E-01  7.47702E-01  7.31054E-01  7.15187E-01
  6.99709E-01  6.69506E-01  6.40742E-01  6.13425E-01  5.87340E-01  5.62380E-01
  5.38316E-01  5.15694E-01  4.94215E-01  4.53255E-01  4.15716E-01  3.81632E-01
  3.50512E-01  3.21844E-01  2.95531E-01  2.71545E-01  2.49250E-01  2.10429E-01
  1.77847E-01  1.50702E-01  1.27657E-01  1.08521E-01  9.27018E-02  7.94131E-02
  7.12567E-02  5.29670E-02  4.07050E-02  3.16116E-02  2.47157E-02  1.89370E-02
  1.45251E-02  1.17669E-02  9.66871E-03  5.27318E-03  1.19280E-03 -7.64281E-04
  9.66038E-04  2.12310E-03  1.31476E-03  1.64727E-03  3.33743E-04  8.51446E-04
  3.44423E-03  4.04608E-03  8.32402E-04 -1.38706E-03  7.85117E-04 -3.11490E-04
 -7.06426E-04 -1.96295E-03 -1.11520E-03 -9.35949E-04 -2.23679E-03 -9.19402E-05
 -1.83933E-03  2.05598E-04 -1.38540E-03 -1.63403E-03 -8.79857E-04 -1.04065E-03
 -1.20621E-03  1.00127E-03  1.74101E-03 -5.18365E-03 -1.43152E-03 -9.25094E-04
 -5.44805E-04 -5.05827E-04 -2.22130E-03 -4.58240E-04  1.84688E-03  1.57870E-03
  1.74513E-03 -2.40568E-04  7.40085E-04  2.64091E-03  8.69354E-04 -3.43662E-04
  1.87391E-03 -1.60437E-04 -9.23701E-05 -1.56957E-04 -1.44259E-03  1.02072E-03
 -1.29466E-03 -3.93029E-05 -1.96599E-04 -4.55149E-04 -7.27379E-04 -5.09227E-04
 -4.70404E-04  6.78449E-06 -1.20436E-03 -5.26212E-04  1.72085E-04 -1.01326E-03
