AutoSaveFileName0155.ASC
 IFORMY    0    .00
 (6E13.7)
 IFORMT    0    .00
 (6E13.7)
 IFORMW    0    .00
 (6E13.7)
 NINTT     0   -1.00
 DOUSNQ    0    1.00
 IQUAD     0    1.00
 PRWT      0    1.00
 PRY       0    1.00
 IPLRES    1    3.00
 IPLRES    2    3.00
 IPRINT    1    0.00
 IPRINT    2    2.00
 IPLFIT    1    0.00
 IPLFIT    2    0.00
 LINEPG    0   50.
 NONNEG    1    1.00
 IWT       0    5.00
 NQPROG    1    5.00
 NQPROG    2    5.00
 GMNMX     1    5.36943E-03
 GMNMX     2    1.92749E-03
 RUSER    10    -1.00
 NG        0    500.00
 NLINF     0    1.00
 IUSER    10    4.00
 RUSER    21    1.0
 RUSER    22   -1.0
 RUSER    23    0.0
 RUSER    18         292.01302
 RUSER    17         89.99900
 RUSER    19         1.03017
 RUSER    15         1.33200
 RUSER    16         632.80000
 RUSER    25         1
 RUSER    26         0
 END       0    0.00
 NY      162
  7.50000E-07  8.75000E-07  1.00000E-06  1.12500E-06  1.25000E-06  1.37500E-06
  1.50000E-06  1.62500E-06  1.75000E-06  1.87500E-06  2.00000E-06  2.25000E-06
  2.50000E-06  2.75000E-06  3.00000E-06  3.25000E-06  3.50000E-06  3.75000E-06
  4.00000E-06  4.50000E-06  5.00000E-06  5.50000E-06  6.00000E-06  6.50000E-06
  7.00000E-06  7.50000E-06  8.00000E-06  9.00000E-06  1.00000E-05  1.10000E-05
  1.20000E-05  1.30000E-05  1.40000E-05  1.50000E-05  1.60000E-05  1.80000E-05
  2.00000E-05  2.20000E-05  2.40000E-05  2.60000E-05  2.80000E-05  3.00000E-05
  3.20000E-05  3.60000E-05  4.00000E-05  4.40000E-05  4.80000E-05  5.20000E-05
  5.60000E-05  6.00000E-05  6.40000E-05  7.20000E-05  8.00000E-05  8.80000E-05
  9.60000E-05  1.04000E-04  1.12000E-04  1.20000E-04  1.28000E-04  1.44000E-04
  1.60000E-04  1.76000E-04  1.92000E-04  2.08000E-04  2.24000E-04  2.40000E-04
  2.56000E-04  2.88000E-04  3.20000E-04  3.52000E-04  3.84000E-04  4.16000E-04
  4.48000E-04  4.80000E-04  5.12000E-04  5.76000E-04  6.40000E-04  7.04000E-04
  7.68000E-04  8.32000E-04  8.96000E-04  9.60000E-04  1.02400E-03  1.15200E-03
  1.28000E-03  1.40800E-03  1.53600E-03  1.66400E-03  1.79200E-03  1.92000E-03
  2.01600E-03  2.27200E-03  2.52800E-03  2.78400E-03  3.04000E-03  3.29600E-03
  3.55200E-03  3.80800E-03  4.06400E-03  4.57600E-03  5.08800E-03  5.60000E-03
  6.11200E-03  6.62400E-03  7.13600E-03  7.64800E-03  8.16000E-03  9.18400E-03
  1.02080E-02  1.12320E-02  1.22560E-02  1.32800E-02  1.43040E-02  1.53280E-02
  1.63520E-02  1.84000E-02  2.04480E-02  2.24960E-02  2.45440E-02  2.65920E-02
  2.86400E-02  3.06880E-02  3.27360E-02  3.68320E-02  4.09280E-02  4.50240E-02
  4.91200E-02  5.32160E-02  5.73120E-02  6.14080E-02  6.55040E-02  7.36960E-02
  8.18880E-02  9.00800E-02  9.82720E-02  1.06464E-01  1.14656E-01  1.22848E-01
  1.31040E-01  1.47424E-01  1.63808E-01  1.80192E-01  1.96576E-01  2.12960E-01
  2.29344E-01  2.45728E-01  2.62112E-01  2.94880E-01  3.27648E-01  3.60416E-01
  3.93184E-01  4.25952E-01  4.58720E-01  4.91488E-01  5.24256E-01  5.89792E-01
  6.55328E-01  7.20864E-01  7.86400E-01  8.51936E-01  9.17472E-01  9.83008E-01
  1.00000E+00  9.99481E-01  9.98124E-01  9.99069E-01  9.95731E-01  9.99345E-01
  9.94806E-01  9.97135E-01  9.93187E-01  9.94189E-01  9.95008E-01  9.91120E-01
  9.92837E-01  9.91049E-01  9.89232E-01  9.89175E-01  9.89413E-01  9.88431E-01
  9.85797E-01  9.84909E-01  9.85093E-01  9.81473E-01  9.81520E-01  9.78759E-01
  9.76362E-01  9.77302E-01  9.72930E-01  9.69576E-01  9.68267E-01  9.64050E-01
  9.61670E-01  9.58195E-01  9.54093E-01  9.51692E-01  9.49139E-01  9.42222E-01
  9.34965E-01  9.29397E-01  9.23092E-01  9.16132E-01  9.11275E-01  9.05627E-01
  8.99520E-01  8.86839E-01  8.75076E-01  8.63722E-01  8.52719E-01  8.40664E-01
  8.29489E-01  8.18899E-01  8.07669E-01  7.86277E-01  7.65516E-01  7.45658E-01
  7.25990E-01  7.07546E-01  6.88921E-01  6.71095E-01  6.53397E-01  6.19397E-01
  5.87374E-01  5.56692E-01  5.28105E-01  5.00937E-01  4.74884E-01  4.50679E-01
  4.27756E-01  3.85183E-01  3.46646E-01  3.11879E-01  2.81056E-01  2.52831E-01
  2.27983E-01  2.05633E-01  1.85939E-01  1.51421E-01  1.23470E-01  1.00655E-01
  8.18456E-02  6.65190E-02  5.43968E-02  4.47437E-02  3.72138E-02  2.47036E-02
  1.58957E-02  1.00711E-02  5.70217E-03  2.71178E-03  9.20987E-04  7.04255E-04
  5.22323E-04  3.34631E-04  1.21548E-04 -4.17429E-04 -1.29375E-03 -1.58081E-03
 -3.83637E-04  9.72557E-04  1.50390E-03  3.24965E-03 -9.15068E-04 -3.34036E-03
 -2.51645E-03 -2.02930E-03  3.34445E-04 -5.10209E-04 -1.15193E-03 -2.70637E-03
  7.19474E-04 -9.86285E-04  4.48529E-04  3.01707E-04 -6.31225E-04 -1.34439E-04
 -7.69175E-04  1.94094E-04  7.10807E-04 -1.18198E-03 -1.53902E-03 -8.31080E-05
 -3.56545E-04  5.08026E-04  2.81620E-04 -9.18974E-04 -2.60665E-04  4.43057E-04
  3.34469E-04 -9.17661E-05 -2.65380E-04  1.40769E-03  9.96217E-04  4.46571E-05
 -1.21414E-04  6.73945E-04  1.38964E-03  6.61278E-04  2.33305E-04  1.37260E-04
  3.51024E-05 -2.32689E-04  1.18360E-04 -3.36225E-04 -1.52461E-04  1.61337E-05
  3.63750E-04  6.24932E-04  1.40410E-04 -2.36178E-04 -6.58817E-05  1.43178E-04
 -5.43945E-05 -2.74137E-04 -9.79107E-05 -1.78185E-04 -3.12875E-05 -4.21841E-05
  1.03162E-04 -5.80107E-05 -4.46252E-04 -5.25592E-05  6.80025E-05 -7.45227E-05
