AutoSaveFileName0001.ASC
 IFORMY    0    .00
 (6E13.7)
 IFORMT    0    .00
 (6E13.7)
 IFORMW    0    .00
 (6E13.7)
 NINTT     0   -1.00
 DOUSNQ    0    1.00
 IQUAD          1.00
 PRWT      0    1.00
 PRY       0    1.00
 IPLRES    1    3.00
 IPLRES    2    3.00
 IPRINT    1    0.00
 IPRINT    2    2.00
 IPLFIT    1    0.00
 IPLFIT    2    0.00
 LINEPG    0   50.
 NONNEG    1    1.00
 IWT       0    5.00
 NQPROG    1    5.00
 NQPROG    2    5.00
 GMNMX     1    4.064E-04
 GMNMX     2    4.064E-01
 RUSER    10    -1.00
 NG        0    200.00
 NLINF     0    0.00
 IUSER    10    4.00
 RUSER    21    1.0
 RUSER    22   -1.0
 RUSER    23    0.0
 RUSER    18         291.78980
 RUSER    17         15.00300
 RUSER    19         1.03589
 RUSER    15         1.33200
 RUSER    16         632.80000
 RUSER    25         1
 RUSER    26         0
 END       0    0.00
 NY      131
  3.75000E-07  5.00000E-07  6.25000E-07  7.50000E-07  8.75000E-07  1.00000E-06
  1.12500E-06  1.25000E-06  1.37500E-06  1.50000E-06  1.62500E-06  1.75000E-06
  1.87500E-06  2.00000E-06  2.25000E-06  2.50000E-06  2.75000E-06  3.00000E-06
  3.25000E-06  3.50000E-06  3.75000E-06  4.00000E-06  4.50000E-06  5.00000E-06
  5.50000E-06  6.00000E-06  6.50000E-06  7.00000E-06  7.50000E-06  8.00000E-06
  9.00000E-06  1.00000E-05  1.10000E-05  1.20000E-05  1.30000E-05  1.40000E-05
  1.50000E-05  1.60000E-05  1.80000E-05  2.00000E-05  2.20000E-05  2.40000E-05
  2.60000E-05  2.80000E-05  3.00000E-05  3.20000E-05  3.60000E-05  4.00000E-05
  4.40000E-05  4.80000E-05  5.20000E-05  5.60000E-05  6.00000E-05  6.40000E-05
  7.20000E-05  8.00000E-05  8.80000E-05  9.60000E-05  1.04000E-04  1.12000E-04
  1.20000E-04  1.28000E-04  1.44000E-04  1.60000E-04  1.76000E-04  1.92000E-04
  2.08000E-04  2.24000E-04  2.40000E-04  2.56000E-04  2.88000E-04  3.20000E-04
  3.52000E-04  3.84000E-04  4.16000E-04  4.48000E-04  4.80000E-04  5.12000E-04
  5.76000E-04  6.40000E-04  7.04000E-04  7.68000E-04  8.32000E-04  8.96000E-04
  9.60000E-04  1.02400E-03  1.15200E-03  1.28000E-03  1.40800E-03  1.53600E-03
  1.66400E-03  1.79200E-03  1.92000E-03  2.01600E-03  2.27200E-03  2.52800E-03
  2.78400E-03  3.04000E-03  3.29600E-03  3.55200E-03  3.80800E-03  4.06400E-03
  4.57600E-03  5.08800E-03  5.60000E-03  6.11200E-03  6.62400E-03  7.13600E-03
  7.64800E-03  8.16000E-03  9.18400E-03  1.02080E-02  1.12320E-02  1.22560E-02
  1.32800E-02  1.43040E-02  1.53280E-02  1.63520E-02  1.84000E-02  2.04480E-02
  2.24960E-02  2.45440E-02  2.65920E-02  2.86400E-02  3.06880E-02  3.27360E-02
  3.68320E-02  4.09280E-02  4.50240E-02  4.91200E-02  5.32160E-02
  1.27050E+00  1.26828E+00  1.26703E+00  1.26755E+00  1.26844E+00  1.26855E+00
  1.26783E+00  1.26684E+00  1.26637E+00  1.26717E+00  1.26574E+00  1.26690E+00
  1.26575E+00  1.26768E+00  1.26695E+00  1.26682E+00  1.26710E+00  1.26694E+00
  1.26703E+00  1.26729E+00  1.26692E+00  1.26660E+00  1.26693E+00  1.26698E+00
  1.26717E+00  1.26720E+00  1.26684E+00  1.26699E+00  1.26762E+00  1.26707E+00
  1.26691E+00  1.26668E+00  1.26718E+00  1.26676E+00  1.26695E+00  1.26672E+00
  1.26647E+00  1.26648E+00  1.26694E+00  1.26640E+00  1.26646E+00  1.26650E+00
  1.26655E+00  1.26652E+00  1.26660E+00  1.26648E+00  1.26624E+00  1.26633E+00
  1.26618E+00  1.26610E+00  1.26582E+00  1.26573E+00  1.26583E+00  1.26583E+00
  1.26562E+00  1.26543E+00  1.26535E+00  1.26508E+00  1.26488E+00  1.26448E+00
  1.26440E+00  1.26428E+00  1.26388E+00  1.26355E+00  1.26308E+00  1.26274E+00
  1.26240E+00  1.26198E+00  1.26146E+00  1.26124E+00  1.26058E+00  1.25970E+00
  1.25898E+00  1.25817E+00  1.25738E+00  1.25661E+00  1.25593E+00  1.17056E+00
  1.16903E+00  1.16763E+00  1.16604E+00  1.16467E+00  1.16318E+00  1.16165E+00
  1.16018E+00  1.15991E+00  1.15696E+00  1.15396E+00  1.15107E+00  1.14816E+00
  1.14528E+00  1.14240E+00  1.13949E+00  1.22231E+00  1.21642E+00  1.21062E+00
  1.20493E+00  1.19925E+00  1.19361E+00  1.18805E+00  1.18255E+00  1.17702E+00
  1.16605E+00  1.15523E+00  1.14449E+00  1.13377E+00  1.12312E+00  1.11250E+00
  1.10201E+00  1.09214E+00  1.07164E+00  1.05133E+00  1.03119E+00  1.01151E+00
  9.92512E-01  9.74188E-01  9.56254E-01  9.39318E-01  9.04741E-01  8.71316E-01
  8.39181E-01  8.08272E-01  7.78462E-01  7.50195E-01  7.22666E-01  6.96430E-01
  6.45725E-01  5.97180E-01  5.49832E-01  5.05647E-01  4.66121E-01
