AutoSaveFileName0150.ASC
 IFORMY    0    .00
 (6E13.7)
 IFORMT    0    .00
 (6E13.7)
 IFORMW    0    .00
 (6E13.7)
 NINTT     0   -1.00
 DOUSNQ    0    1.00
 IQUAD          1.00
 PRWT      0    1.00
 PRY       0    1.00
 IPLRES    1    3.00
 IPLRES    2    3.00
 IPRINT    1    0.00
 IPRINT    2    2.00
 IPLFIT    1    0.00
 IPLFIT    2    0.00
 LINEPG    0   50.
 NONNEG    1    1.00
 IWT       0    5.00
 NQPROG    1    5.00
 NQPROG    2    5.00
 GMNMX     1    2.388E-05
 GMNMX     2    2.388E-02
 RUSER    10    -1.00
 NG        0    200.00
 NLINF     0    0.00
 IUSER    10    4.00
 RUSER    21    1.0
 RUSER    22   -1.0
 RUSER    23    0.0
 RUSER    18         291.95700
 RUSER    17         64.99900
 RUSER    19         1.03160
 RUSER    15         1.33200
 RUSER    16         632.80000
 RUSER    25         1
 RUSER    26         0
 END       0    0.00
 NY      131
  3.75000E-07  5.00000E-07  6.25000E-07  7.50000E-07  8.75000E-07  1.00000E-06
  1.12500E-06  1.25000E-06  1.37500E-06  1.50000E-06  1.62500E-06  1.75000E-06
  1.87500E-06  2.00000E-06  2.25000E-06  2.50000E-06  2.75000E-06  3.00000E-06
  3.25000E-06  3.50000E-06  3.75000E-06  4.00000E-06  4.50000E-06  5.00000E-06
  5.50000E-06  6.00000E-06  6.50000E-06  7.00000E-06  7.50000E-06  8.00000E-06
  9.00000E-06  1.00000E-05  1.10000E-05  1.20000E-05  1.30000E-05  1.40000E-05
  1.50000E-05  1.60000E-05  1.80000E-05  2.00000E-05  2.20000E-05  2.40000E-05
  2.60000E-05  2.80000E-05  3.00000E-05  3.20000E-05  3.60000E-05  4.00000E-05
  4.40000E-05  4.80000E-05  5.20000E-05  5.60000E-05  6.00000E-05  6.40000E-05
  7.20000E-05  8.00000E-05  8.80000E-05  9.60000E-05  1.04000E-04  1.12000E-04
  1.20000E-04  1.28000E-04  1.44000E-04  1.60000E-04  1.76000E-04  1.92000E-04
  2.08000E-04  2.24000E-04  2.40000E-04  2.56000E-04  2.88000E-04  3.20000E-04
  3.52000E-04  3.84000E-04  4.16000E-04  4.48000E-04  4.80000E-04  5.12000E-04
  5.76000E-04  6.40000E-04  7.04000E-04  7.68000E-04  8.32000E-04  8.96000E-04
  9.60000E-04  1.02400E-03  1.15200E-03  1.28000E-03  1.40800E-03  1.53600E-03
  1.66400E-03  1.79200E-03  1.92000E-03  2.01600E-03  2.27200E-03  2.52800E-03
  2.78400E-03  3.04000E-03  3.29600E-03  3.55200E-03  3.80800E-03  4.06400E-03
  4.57600E-03  5.08800E-03  5.60000E-03  6.11200E-03  6.62400E-03  7.13600E-03
  7.64800E-03  8.16000E-03  9.18400E-03  1.02080E-02  1.12320E-02  1.22560E-02
  1.32800E-02  1.43040E-02  1.53280E-02  1.63520E-02  1.84000E-02  2.04480E-02
  2.24960E-02  2.45440E-02  2.65920E-02  2.86400E-02  3.06880E-02  3.27360E-02
  3.68320E-02  4.09280E-02  4.50240E-02  4.91200E-02  5.32160E-02
  8.20496E-01  8.24045E-01  8.13199E-01  8.15324E-01  8.19602E-01  8.12498E-01
  8.11703E-01  8.17995E-01  8.13756E-01  8.11328E-01  8.15125E-01  8.14336E-01
  8.10538E-01  8.11553E-01  8.13551E-01  8.12522E-01  8.13460E-01  8.09080E-01
  8.14851E-01  8.10744E-01  8.09803E-01  8.11846E-01  8.11972E-01  8.13868E-01
  8.12046E-01  8.13411E-01  8.11405E-01  8.10198E-01  8.12356E-01  8.11377E-01
  8.10331E-01  8.11521E-01  8.12117E-01  8.08665E-01  8.11007E-01  8.09656E-01
  8.10810E-01  8.09752E-01  8.10264E-01  8.09823E-01  8.07900E-01  8.08596E-01
  8.07471E-01  8.07961E-01  8.07747E-01  8.05785E-01  8.05735E-01  8.04982E-01
  8.04633E-01  8.03530E-01  8.01745E-01  8.00787E-01  8.00270E-01  7.99430E-01
  7.98094E-01  7.95818E-01  7.94060E-01  7.92465E-01  7.90901E-01  7.89045E-01
  7.86980E-01  7.85586E-01  7.81436E-01  7.77896E-01  7.74679E-01  7.71670E-01
  7.68373E-01  7.64880E-01  7.61502E-01  7.58054E-01  7.51668E-01  7.45350E-01
  7.38777E-01  7.32440E-01  7.25517E-01  7.19470E-01  7.13286E-01  7.06985E-01
  6.94538E-01  6.82534E-01  6.70812E-01  6.58946E-01  6.47608E-01  6.36411E-01
  6.25535E-01  6.14328E-01  5.93266E-01  5.72683E-01  5.52722E-01  5.33399E-01
  5.14653E-01  4.96904E-01  4.79727E-01  4.67799E-01  4.36340E-01  4.06868E-01
  3.79470E-01  3.54482E-01  3.31062E-01  3.09170E-01  2.88460E-01  2.69595E-01
  2.35518E-01  2.03839E-01  1.75010E-01  1.50127E-01  1.29829E-01  1.13408E-01
  9.91822E-02  8.78362E-02  6.63588E-02  4.74243E-02  3.53058E-02  2.59720E-02
  1.76243E-02  1.40478E-02  1.20193E-02  9.40764E-03  8.24018E-03  8.03794E-03
  8.24649E-03  5.83190E-03  6.01968E-03  7.32258E-04 -3.01039E-03 -6.94494E-03
 -1.56651E-02 -2.46948E-02 -2.26120E-02 -1.34360E-02 -2.17792E-03
