AutoSaveFileName0119.ASC
 IFORMY    0    .00
 (6E13.7)
 IFORMT    0    .00
 (6E13.7)
 IFORMW    0    .00
 (6E13.7)
 NINTT     0   -1.00
 DOUSNQ    0    1.00
 IQUAD          1.00
 PRWT      0    1.00
 PRY       0    1.00
 IPLRES    1    3.00
 IPLRES    2    3.00
 IPRINT    1    0.00
 IPRINT    2    2.00
 IPLFIT    1    0.00
 IPLFIT    2    0.00
 LINEPG    0   50.
 NONNEG    1    1.00
 IWT       0    5.00
 NQPROG    1    5.00
 NQPROG    2    5.00
 GMNMX     1    2.094E-05
 GMNMX     2    6.283E-03
 RUSER    10    -1.00
 NG        0    200.00
 NLINF     0    0.00
 IUSER    10    4.00
 RUSER    21    1.0
 RUSER    22   -1.0
 RUSER    23    0.0
 RUSER    18         291.97861
 RUSER    17         69.99900
 RUSER    19         0.00103
 RUSER    15         1.33200
 RUSER    16         0.00000
 RUSER    25         1
 RUSER    26         0
 END       0    0.00
 NY      131
  3.75000E-07  5.00000E-07  6.25000E-07  7.50000E-07  8.75000E-07  1.00000E-06
  1.12500E-06  1.25000E-06  1.37500E-06  1.50000E-06  1.62500E-06  1.75000E-06
  1.87500E-06  2.00000E-06  2.25000E-06  2.50000E-06  2.75000E-06  3.00000E-06
  3.25000E-06  3.50000E-06  3.75000E-06  4.00000E-06  4.50000E-06  5.00000E-06
  5.50000E-06  6.00000E-06  6.50000E-06  7.00000E-06  7.50000E-06  8.00000E-06
  9.00000E-06  1.00000E-05  1.10000E-05  1.20000E-05  1.30000E-05  1.40000E-05
  1.50000E-05  1.60000E-05  1.80000E-05  2.00000E-05  2.20000E-05  2.40000E-05
  2.60000E-05  2.80000E-05  3.00000E-05  3.20000E-05  3.60000E-05  4.00000E-05
  4.40000E-05  4.80000E-05  5.20000E-05  5.60000E-05  6.00000E-05  6.40000E-05
  7.20000E-05  8.00000E-05  8.80000E-05  9.60000E-05  1.04000E-04  1.12000E-04
  1.20000E-04  1.28000E-04  1.44000E-04  1.60000E-04  1.76000E-04  1.92000E-04
  2.08000E-04  2.24000E-04  2.40000E-04  2.56000E-04  2.88000E-04  3.20000E-04
  3.52000E-04  3.84000E-04  4.16000E-04  4.48000E-04  4.80000E-04  5.12000E-04
  5.76000E-04  6.40000E-04  7.04000E-04  7.68000E-04  8.32000E-04  8.96000E-04
  9.60000E-04  1.02400E-03  1.15200E-03  1.28000E-03  1.40800E-03  1.53600E-03
  1.66400E-03  1.79200E-03  1.92000E-03  2.01600E-03  2.27200E-03  2.52800E-03
  2.78400E-03  3.04000E-03  3.29600E-03  3.55200E-03  3.80800E-03  4.06400E-03
  4.57600E-03  5.08800E-03  5.60000E-03  6.11200E-03  6.62400E-03  7.13600E-03
  7.64800E-03  8.16000E-03  9.18400E-03  1.02080E-02  1.12320E-02  1.22560E-02
  1.32800E-02  1.43040E-02  1.53280E-02  1.63520E-02  1.84000E-02  2.04480E-02
  2.24960E-02  2.45440E-02  2.65920E-02  2.86400E-02  3.06880E-02  3.27360E-02
  3.68320E-02  4.09280E-02  4.50240E-02  4.91200E-02  5.32160E-02
  9.46190E+00  9.46743E+00  9.42685E+00  9.43118E+00  9.42275E+00  9.40765E+00
  9.40841E+00  9.40277E+00  9.40357E+00  9.40869E+00  9.40163E+00  9.37593E+00
  9.37515E+00  9.38441E+00  9.37929E+00  9.36356E+00  9.36890E+00  9.36938E+00
  9.35563E+00  9.35858E+00  9.35631E+00  9.33612E+00  9.33828E+00  9.32258E+00
  9.31438E+00  9.30616E+00  9.29379E+00  9.28493E+00  9.28201E+00  9.26827E+00
  9.25293E+00  9.23413E+00  9.22114E+00  9.19981E+00  9.18469E+00  9.17426E+00
  9.15136E+00  9.13264E+00  9.09090E+00  9.06156E+00  9.02391E+00  8.99055E+00
  8.95359E+00  8.91864E+00  8.88141E+00  8.85156E+00  8.77795E+00  8.71137E+00
  8.65058E+00  8.58158E+00  8.51461E+00  8.45153E+00  8.38420E+00  8.32340E+00
  8.19549E+00  8.07010E+00  7.94856E+00  7.83076E+00  7.71269E+00  7.59577E+00
  7.48465E+00  7.37119E+00  7.15542E+00  6.94706E+00  6.74314E+00  6.54699E+00
  6.35791E+00  6.17761E+00  6.00167E+00  5.83144E+00  5.50743E+00  5.20677E+00
  4.92742E+00  4.66692E+00  4.42610E+00  4.19945E+00  3.98984E+00  3.79739E+00
  3.44282E+00  3.13634E+00  2.86656E+00  2.63154E+00  2.42597E+00  2.24533E+00
  2.08726E+00  1.95024E+00  1.72506E+00  1.55548E+00  1.42733E+00  1.32902E+00
  1.25456E+00  1.19560E+00  1.15112E+00  1.12730E+00  1.07735E+00  1.04814E+00
  1.03421E+00  1.02650E+00  1.02258E+00  1.01743E+00  1.01202E+00  1.00739E+00
  1.00079E+00  1.00241E+00  1.00547E+00  1.00708E+00  1.01185E+00  1.01284E+00
  1.00609E+00  1.00045E+00  9.97236E-01  9.88690E-01  1.00794E+00  9.95752E-01
  1.00044E+00  1.00323E+00  9.97463E-01  1.00377E+00  1.00934E+00  1.00508E+00
  1.00923E+00  1.00060E+00  9.98451E-01  9.98275E-01  9.98627E-01  1.01354E+00
  1.00682E+00  9.95382E-01  1.00466E+00  1.00317E+00  9.90780E-01
