AutoSaveFileName0134.ASC
 IFORMY    0    .00
 (6E13.7)
 IFORMT    0    .00
 (6E13.7)
 IFORMW    0    .00
 (6E13.7)
 NINTT     0   -1.00
 DOUSNQ    0    1.00
 IQUAD     0    1.00
 PRWT      0    1.00
 PRY       0    1.00
 IPLRES    1    3.00
 IPLRES    2    3.00
 IPRINT    1    0.00
 IPRINT    2    2.00
 IPLFIT    1    0.00
 IPLFIT    2    0.00
 LINEPG    0   50.
 NONNEG    1    1.00
 IWT       0    5.00
 NQPROG    1    5.00
 NQPROG    2    5.00
 GMNMX     1    6.50151E-03
 GMNMX     2    2.33388E-03
 RUSER    10    -1.00
 NG        0    500.00
 NLINF     0    1.00
 IUSER    10    4.00
 RUSER    21    1.0
 RUSER    22   -1.0
 RUSER    23    0.0
 RUSER    18         291.99243
 RUSER    17         79.99900
 RUSER    19         1.03069
 RUSER    15         1.33200
 RUSER    16         632.80000
 RUSER    25         1
 RUSER    26         0
 END       0    0.00
 NY      162
  7.50000E-07  8.75000E-07  1.00000E-06  1.12500E-06  1.25000E-06  1.37500E-06
  1.50000E-06  1.62500E-06  1.75000E-06  1.87500E-06  2.00000E-06  2.25000E-06
  2.50000E-06  2.75000E-06  3.00000E-06  3.25000E-06  3.50000E-06  3.75000E-06
  4.00000E-06  4.50000E-06  5.00000E-06  5.50000E-06  6.00000E-06  6.50000E-06
  7.00000E-06  7.50000E-06  8.00000E-06  9.00000E-06  1.00000E-05  1.10000E-05
  1.20000E-05  1.30000E-05  1.40000E-05  1.50000E-05  1.60000E-05  1.80000E-05
  2.00000E-05  2.20000E-05  2.40000E-05  2.60000E-05  2.80000E-05  3.00000E-05
  3.20000E-05  3.60000E-05  4.00000E-05  4.40000E-05  4.80000E-05  5.20000E-05
  5.60000E-05  6.00000E-05  6.40000E-05  7.20000E-05  8.00000E-05  8.80000E-05
  9.60000E-05  1.04000E-04  1.12000E-04  1.20000E-04  1.28000E-04  1.44000E-04
  1.60000E-04  1.76000E-04  1.92000E-04  2.08000E-04  2.24000E-04  2.40000E-04
  2.56000E-04  2.88000E-04  3.20000E-04  3.52000E-04  3.84000E-04  4.16000E-04
  4.48000E-04  4.80000E-04  5.12000E-04  5.76000E-04  6.40000E-04  7.04000E-04
  7.68000E-04  8.32000E-04  8.96000E-04  9.60000E-04  1.02400E-03  1.15200E-03
  1.28000E-03  1.40800E-03  1.53600E-03  1.66400E-03  1.79200E-03  1.92000E-03
  2.01600E-03  2.27200E-03  2.52800E-03  2.78400E-03  3.04000E-03  3.29600E-03
  3.55200E-03  3.80800E-03  4.06400E-03  4.57600E-03  5.08800E-03  5.60000E-03
  6.11200E-03  6.62400E-03  7.13600E-03  7.64800E-03  8.16000E-03  9.18400E-03
  1.02080E-02  1.12320E-02  1.22560E-02  1.32800E-02  1.43040E-02  1.53280E-02
  1.63520E-02  1.84000E-02  2.04480E-02  2.24960E-02  2.45440E-02  2.65920E-02
  2.86400E-02  3.06880E-02  3.27360E-02  3.68320E-02  4.09280E-02  4.50240E-02
  4.91200E-02  5.32160E-02  5.73120E-02  6.14080E-02  6.55040E-02  7.36960E-02
  8.18880E-02  9.00800E-02  9.82720E-02  1.06464E-01  1.14656E-01  1.22848E-01
  1.31040E-01  1.47424E-01  1.63808E-01  1.80192E-01  1.96576E-01  2.12960E-01
  2.29344E-01  2.45728E-01  2.62112E-01  2.94880E-01  3.27648E-01  3.60416E-01
  3.93184E-01  4.25952E-01  4.58720E-01  4.91488E-01  5.24256E-01  5.89792E-01
  6.55328E-01  7.20864E-01  7.86400E-01  8.51936E-01  9.17472E-01  9.83008E-01
  1.00000E+00  9.95805E-01  9.97950E-01  9.98848E-01  9.95411E-01  9.92607E-01
  9.95666E-01  9.93968E-01  9.95866E-01  9.89686E-01  9.91998E-01  9.92757E-01
  9.89731E-01  9.92057E-01  9.88937E-01  9.89492E-01  9.87110E-01  9.89478E-01
  9.87437E-01  9.85519E-01  9.82996E-01  9.84411E-01  9.80904E-01  9.79651E-01
  9.78461E-01  9.76826E-01  9.74880E-01  9.74592E-01  9.71036E-01  9.67351E-01
  9.64725E-01  9.61593E-01  9.60378E-01  9.57836E-01  9.55299E-01  9.49734E-01
  9.44173E-01  9.39865E-01  9.33971E-01  9.29502E-01  9.24470E-01  9.20174E-01
  9.14246E-01  9.04485E-01  8.94061E-01  8.84949E-01  8.74187E-01  8.65267E-01
  8.56094E-01  8.46469E-01  8.37292E-01  8.19114E-01  8.01106E-01  7.83929E-01
  7.66885E-01  7.50720E-01  7.34400E-01  7.18692E-01  7.03112E-01  6.73077E-01
  6.43691E-01  6.16362E-01  5.90056E-01  5.64669E-01  5.40760E-01  5.17464E-01
  4.95492E-01  4.54279E-01  4.16517E-01  3.81748E-01  3.49712E-01  3.20516E-01
  2.93897E-01  2.69172E-01  2.47259E-01  2.08138E-01  1.75293E-01  1.48271E-01
  1.25225E-01  1.05930E-01  8.94998E-02  7.57977E-02  6.45895E-02  4.63735E-02
  3.34824E-02  2.44792E-02  1.72455E-02  1.24167E-02  9.19230E-03  7.10924E-03
  5.92708E-03  3.21249E-03  2.30935E-03  3.08603E-03  3.10142E-03  2.73110E-03
  2.44260E-03  3.06897E-03  2.71653E-03  1.45778E-03  7.86123E-04 -4.59765E-04
 -3.47953E-04 -6.24371E-04 -1.29749E-03 -1.61768E-04  1.56192E-03  1.53868E-04
  7.36991E-04  1.49687E-03  8.53478E-04 -4.09194E-04  4.13090E-04  2.27810E-03
  1.85375E-03  4.76169E-04  7.28066E-04 -2.85115E-04 -1.24781E-03 -1.79944E-03
 -4.71337E-04 -1.23500E-03  6.90107E-04  2.04468E-04  1.77369E-04  5.60050E-05
  4.69348E-04  2.41869E-03  6.80706E-04  2.35010E-03  8.96979E-04  4.04516E-04
 -1.39104E-03 -7.64128E-04  1.47947E-05 -2.08768E-03 -7.67445E-04  3.07438E-04
  1.70530E-06  2.03643E-04  5.33510E-06 -6.23413E-04 -1.23840E-03  7.98934E-04
  2.61815E-04 -4.45968E-04 -3.95273E-04  1.66323E-04 -5.95741E-04 -4.45479E-04
  7.10453E-04  1.05049E-04  5.76845E-04  3.01055E-04 -3.06403E-04  1.52493E-04
  2.42084E-04  2.82660E-04 -3.32407E-04 -8.84103E-05 -2.61929E-04 -1.69737E-04
