AutoSaveFileName0194.ASC
 IFORMY    0    .00
 (6E13.7)
 IFORMT    0    .00
 (6E13.7)
 IFORMW    0    .00
 (6E13.7)
 NINTT     0   -1.00
 DOUSNQ    0    1.00
 IQUAD          1.00
 PRWT      0    1.00
 PRY       0    1.00
 IPLRES    1    3.00
 IPLRES    2    3.00
 IPRINT    1    0.00
 IPRINT    2    2.00
 IPLFIT    1    0.00
 IPLFIT    2    0.00
 LINEPG    0   50.
 NONNEG    1    1.00
 IWT       0    5.00
 NQPROG    1    5.00
 NQPROG    2    5.00
 GMNMX     1    1.020E-05
 GMNMX     2    1.020E-02
 RUSER    10    -1.00
 NG        0    200.00
 NLINF     0    0.00
 IUSER    10    4.00
 RUSER    21    1.0
 RUSER    22   -1.0
 RUSER    23    0.0
 RUSER    18         292.23117
 RUSER    17         109.99900
 RUSER    19         1.02462
 RUSER    15         1.33200
 RUSER    16         632.80000
 RUSER    25         1
 RUSER    26         0
 END       0    0.00
 NY      188
  5.00000E-07  6.25000E-07  7.50000E-07  8.75000E-07  1.00000E-06  1.12500E-06
  1.25000E-06  1.37500E-06  1.50000E-06  1.62500E-06  1.75000E-06  1.87500E-06
  2.00000E-06  2.25000E-06  2.50000E-06  2.75000E-06  3.00000E-06  3.25000E-06
  3.50000E-06  3.75000E-06  4.00000E-06  4.50000E-06  5.00000E-06  5.50000E-06
  6.00000E-06  6.50000E-06  7.00000E-06  7.50000E-06  8.00000E-06  9.00000E-06
  1.00000E-05  1.10000E-05  1.20000E-05  1.30000E-05  1.40000E-05  1.50000E-05
  1.60000E-05  1.80000E-05  2.00000E-05  2.20000E-05  2.40000E-05  2.60000E-05
  2.80000E-05  3.00000E-05  3.20000E-05  3.60000E-05  4.00000E-05  4.40000E-05
  4.80000E-05  5.20000E-05  5.60000E-05  6.00000E-05  6.40000E-05  7.20000E-05
  8.00000E-05  8.80000E-05  9.60000E-05  1.04000E-04  1.12000E-04  1.20000E-04
  1.28000E-04  1.44000E-04  1.60000E-04  1.76000E-04  1.92000E-04  2.08000E-04
  2.24000E-04  2.40000E-04  2.56000E-04  2.88000E-04  3.20000E-04  3.52000E-04
  3.84000E-04  4.16000E-04  4.48000E-04  4.80000E-04  5.12000E-04  5.76000E-04
  6.40000E-04  7.04000E-04  7.68000E-04  8.32000E-04  8.96000E-04  9.60000E-04
  1.02400E-03  1.15200E-03  1.28000E-03  1.40800E-03  1.53600E-03  1.66400E-03
  1.79200E-03  1.92000E-03  2.01600E-03  2.27200E-03  2.52800E-03  2.78400E-03
  3.04000E-03  3.29600E-03  3.55200E-03  3.80800E-03  4.06400E-03  4.57600E-03
  5.08800E-03  5.60000E-03  6.11200E-03  6.62400E-03  7.13600E-03  7.64800E-03
  8.16000E-03  9.18400E-03  1.02080E-02  1.12320E-02  1.22560E-02  1.32800E-02
  1.43040E-02  1.53280E-02  1.63520E-02  1.84000E-02  2.04480E-02  2.24960E-02
  2.45440E-02  2.65920E-02  2.86400E-02  3.06880E-02  3.27360E-02  3.68320E-02
  4.09280E-02  4.50240E-02  4.91200E-02  5.32160E-02  5.73120E-02  6.14080E-02
  6.55040E-02  7.36960E-02  8.18880E-02  9.00800E-02  9.82720E-02  1.06464E-01
  1.14656E-01  1.22848E-01  1.31040E-01  1.47424E-01  1.63808E-01  1.80192E-01
  1.96576E-01  2.12960E-01  2.29344E-01  2.45728E-01  2.62112E-01  2.94880E-01
  3.27648E-01  3.60416E-01  3.93184E-01  4.25952E-01  4.58720E-01  4.91488E-01
  5.24256E-01  5.89792E-01  6.55328E-01  7.20864E-01  7.86400E-01  8.51936E-01
  9.17472E-01  9.83008E-01  1.04854E+00  1.17962E+00  1.31069E+00  1.44176E+00
  1.57283E+00  1.70390E+00  1.83498E+00  1.96605E+00  2.09712E+00  2.35926E+00
  2.62141E+00  2.88355E+00  3.14570E+00  3.40784E+00  3.66998E+00  3.93213E+00
  4.19427E+00  4.71856E+00  5.24285E+00  5.76714E+00  6.29142E+00  6.81571E+00
  7.34000E+00  7.86429E+00
  9.90887E-01  9.87620E-01  9.86571E-01  9.92532E-01  9.90325E-01  9.88745E-01
  9.87974E-01  9.86047E-01  9.83959E-01  9.85123E-01  9.86601E-01  9.86940E-01
  9.85562E-01  9.86727E-01  9.82940E-01  9.85383E-01  9.87549E-01  9.86288E-01
  9.83430E-01  9.82304E-01  9.84092E-01  9.84339E-01  9.84007E-01  9.85150E-01
  9.85441E-01  9.83308E-01  9.83604E-01  9.83696E-01  9.83090E-01  9.83471E-01
  9.83779E-01  9.82234E-01  9.83010E-01  9.80914E-01  9.81921E-01  9.79747E-01
  9.80839E-01  9.80989E-01  9.79014E-01  9.78558E-01  9.77199E-01  9.76486E-01
  9.76598E-01  9.75838E-01  9.75370E-01  9.73718E-01  9.71653E-01  9.70874E-01
  9.69346E-01  9.68082E-01  9.66551E-01  9.65049E-01  9.63625E-01  9.60898E-01
  9.57926E-01  9.55088E-01  9.52424E-01  9.49546E-01  9.46972E-01  9.44126E-01
  9.41225E-01  9.35618E-01  9.29968E-01  9.24169E-01  9.18922E-01  9.13298E-01
  9.07538E-01  9.02310E-01  8.96778E-01  8.85778E-01  8.75344E-01  8.64824E-01
  8.54523E-01  8.44386E-01  8.34359E-01  8.24344E-01  8.14339E-01  7.95095E-01
  7.75960E-01  7.57488E-01  7.39297E-01  7.21571E-01  7.04322E-01  6.87006E-01
  6.51471E-01  6.20528E-01  5.90639E-01  5.62357E-01  5.35541E-01  5.09987E-01
  4.85619E-01  4.62656E-01  4.59776E-01  4.17664E-01  3.79627E-01  3.45137E-01
  3.14037E-01  2.85673E-01  2.59859E-01  2.36709E-01  2.16451E-01  1.80598E-01
  1.51858E-01  1.27793E-01  1.08228E-01  9.21294E-02  7.90759E-02  6.79022E-02
  5.84908E-02  4.35178E-02  3.16160E-02  2.29913E-02  1.72253E-02  1.41400E-02
  1.44293E-02  1.20442E-02  7.85284E-03  4.39271E-03  4.61766E-03  3.58988E-03
  1.92882E-03  4.85944E-03  8.89852E-03  9.16301E-03  3.87684E-03 -3.32776E-03
 -4.81701E-03 -1.91920E-03 -2.15580E-03 -3.18319E-03 -4.30993E-04  2.70580E-03
 -3.15420E-03 -4.12692E-03 -9.77190E-03 -7.82673E-03 -5.36611E-03 -3.64083E-05
 -8.43879E-03 -5.86720E-03 -4.30173E-03 -6.81082E-03  1.21551E-03  2.03561E-03
 -1.30128E-03 -1.08221E-03 -1.40180E-03 -5.35284E-04  4.57491E-04  2.64340E-03
  1.85168E-04  1.43812E-03  5.35534E-04 -8.34408E-04 -6.96997E-03 -7.02604E-04
 -1.29347E-03  1.46343E-03 -3.56271E-03  1.94169E-03 -5.02578E-03 -2.11227E-03
  3.50467E-03 -2.69234E-03 -1.35737E-03 -1.11028E-04 -1.53717E-03  6.61481E-04
  8.06842E-04  1.44844E-04 -2.23466E-03  2.80008E-03  1.88308E-03 -1.73877E-04
  4.66870E-04  9.90036E-04 -1.14813E-03 -1.69267E-03 -6.46803E-04 -9.18854E-04
  8.04887E-04 -4.37703E-04  7.90873E-06  2.64202E-04  1.35328E-03 -3.01436E-04
 -1.68231E-03  2.76289E-04
