AutoSaveFileName0035.ASC
 IFORMY    0    .00
 (6E13.7)
 IFORMT    0    .00
 (6E13.7)
 IFORMW    0    .00
 (6E13.7)
 NINTT     0   -1.00
 DOUSNQ    0    1.00
 IQUAD          1.00
 PRWT      0    1.00
 PRY       0    1.00
 IPLRES    1    3.00
 IPLRES    2    3.00
 IPRINT    1    0.00
 IPRINT    2    2.00
 IPLFIT    1    0.00
 IPLFIT    2    0.00
 LINEPG    0   50.
 NONNEG    1    1.00
 IWT       0    5.00
 NQPROG    1    5.00
 NQPROG    2    5.00
 GMNMX     1    1.023E-04
 GMNMX     2    1.023E-01
 RUSER    10    -1.00
 NG        0    200.00
 NLINF     0    0.00
 IUSER    10    4.00
 RUSER    21    1.0
 RUSER    22   -1.0
 RUSER    23    0.0
 RUSER    18         292.16690
 RUSER    17         29.99800
 RUSER    19         1.02625
 RUSER    15         1.33200
 RUSER    16         632.80000
 RUSER    25         1
 RUSER    26         0
 END       0    0.00
 NY      188
  5.00000E-07  6.25000E-07  7.50000E-07  8.75000E-07  1.00000E-06  1.12500E-06
  1.25000E-06  1.37500E-06  1.50000E-06  1.62500E-06  1.75000E-06  1.87500E-06
  2.00000E-06  2.25000E-06  2.50000E-06  2.75000E-06  3.00000E-06  3.25000E-06
  3.50000E-06  3.75000E-06  4.00000E-06  4.50000E-06  5.00000E-06  5.50000E-06
  6.00000E-06  6.50000E-06  7.00000E-06  7.50000E-06  8.00000E-06  9.00000E-06
  1.00000E-05  1.10000E-05  1.20000E-05  1.30000E-05  1.40000E-05  1.50000E-05
  1.60000E-05  1.80000E-05  2.00000E-05  2.20000E-05  2.40000E-05  2.60000E-05
  2.80000E-05  3.00000E-05  3.20000E-05  3.60000E-05  4.00000E-05  4.40000E-05
  4.80000E-05  5.20000E-05  5.60000E-05  6.00000E-05  6.40000E-05  7.20000E-05
  8.00000E-05  8.80000E-05  9.60000E-05  1.04000E-04  1.12000E-04  1.20000E-04
  1.28000E-04  1.44000E-04  1.60000E-04  1.76000E-04  1.92000E-04  2.08000E-04
  2.24000E-04  2.40000E-04  2.56000E-04  2.88000E-04  3.20000E-04  3.52000E-04
  3.84000E-04  4.16000E-04  4.48000E-04  4.80000E-04  5.12000E-04  5.76000E-04
  6.40000E-04  7.04000E-04  7.68000E-04  8.32000E-04  8.96000E-04  9.60000E-04
  1.02400E-03  1.15200E-03  1.28000E-03  1.40800E-03  1.53600E-03  1.66400E-03
  1.79200E-03  1.92000E-03  2.01600E-03  2.27200E-03  2.52800E-03  2.78400E-03
  3.04000E-03  3.29600E-03  3.55200E-03  3.80800E-03  4.06400E-03  4.57600E-03
  5.08800E-03  5.60000E-03  6.11200E-03  6.62400E-03  7.13600E-03  7.64800E-03
  8.16000E-03  9.18400E-03  1.02080E-02  1.12320E-02  1.22560E-02  1.32800E-02
  1.43040E-02  1.53280E-02  1.63520E-02  1.84000E-02  2.04480E-02  2.24960E-02
  2.45440E-02  2.65920E-02  2.86400E-02  3.06880E-02  3.27360E-02  3.68320E-02
  4.09280E-02  4.50240E-02  4.91200E-02  5.32160E-02  5.73120E-02  6.14080E-02
  6.55040E-02  7.36960E-02  8.18880E-02  9.00800E-02  9.82720E-02  1.06464E-01
  1.14656E-01  1.22848E-01  1.31040E-01  1.47424E-01  1.63808E-01  1.80192E-01
  1.96576E-01  2.12960E-01  2.29344E-01  2.45728E-01  2.62112E-01  2.94880E-01
  3.27648E-01  3.60416E-01  3.93184E-01  4.25952E-01  4.58720E-01  4.91488E-01
  5.24256E-01  5.89792E-01  6.55328E-01  7.20864E-01  7.86400E-01  8.51936E-01
  9.17472E-01  9.83008E-01  1.04854E+00  1.17962E+00  1.31069E+00  1.44176E+00
  1.57283E+00  1.70390E+00  1.83498E+00  1.96605E+00  2.09712E+00  2.35926E+00
  2.62141E+00  2.88355E+00  3.14570E+00  3.40784E+00  3.66998E+00  3.93213E+00
  4.19427E+00  4.71856E+00  5.24285E+00  5.76714E+00  6.29142E+00  6.81571E+00
  7.34000E+00  7.86429E+00
  9.96599E-01  9.96535E-01  9.94939E-01  9.93284E-01  9.95639E-01  9.93030E-01
  9.92535E-01  9.92716E-01  9.92928E-01  9.93777E-01  9.93807E-01  9.92447E-01
  9.92686E-01  9.92827E-01  9.93421E-01  9.91655E-01  9.92776E-01  9.93115E-01
  9.91768E-01  9.90927E-01  9.92637E-01  9.92471E-01  9.91807E-01  9.92466E-01
  9.92116E-01  9.93126E-01  9.91621E-01  9.91662E-01  9.91937E-01  9.91805E-01
  9.91662E-01  9.92255E-01  9.92486E-01  9.92247E-01  9.91869E-01  9.91971E-01
  9.91894E-01  9.91935E-01  9.91502E-01  9.91809E-01  9.91800E-01  9.91574E-01
  9.91815E-01  9.91292E-01  9.91433E-01  9.91169E-01  9.91461E-01  9.91058E-01
  9.90769E-01  9.90757E-01  9.90699E-01  9.90558E-01  9.90370E-01  9.90317E-01
  9.90210E-01  9.89798E-01  9.89525E-01  9.89298E-01  9.89066E-01  9.88784E-01
  9.88485E-01  9.87836E-01  9.87512E-01  9.86899E-01  9.86299E-01  9.85838E-01
  9.85213E-01  9.84777E-01  9.84190E-01  9.83138E-01  9.82015E-01  9.81046E-01
  9.79923E-01  9.78988E-01  9.78044E-01  9.76898E-01  9.75783E-01  9.73796E-01
  9.71646E-01  9.69603E-01  9.67507E-01  9.65485E-01  9.63430E-01  9.61397E-01
  9.59329E-01  9.55324E-01  9.51253E-01  9.47240E-01  9.43216E-01  9.39232E-01
  9.35242E-01  9.31265E-01  9.30586E-01  9.22720E-01  9.14851E-01  9.07008E-01
  8.99347E-01  8.91711E-01  8.84237E-01  8.76904E-01  8.69671E-01  8.55334E-01
  8.41100E-01  8.27220E-01  8.13666E-01  8.00365E-01  7.87370E-01  7.74496E-01
  7.61960E-01  7.37334E-01  7.13201E-01  6.89684E-01  6.67067E-01  6.45348E-01
  6.24453E-01  6.04403E-01  5.85265E-01  5.49053E-01  5.15040E-01  4.83339E-01
  4.54185E-01  4.27055E-01  4.01348E-01  3.77195E-01  3.55609E-01  3.14508E-01
  2.80901E-01  2.51187E-01  2.22449E-01  1.95492E-01  1.73222E-01  1.55261E-01
  1.39444E-01  1.13025E-01  9.60654E-02  7.98830E-02  6.46056E-02  5.28950E-02
  4.56642E-02  3.97396E-02  3.45119E-02  2.44802E-02  2.16440E-02  2.17533E-02
  2.17441E-02  1.24329E-02  6.58156E-03  6.61170E-03  9.78322E-04 -1.20248E-03
  8.21411E-03  8.53287E-03  3.62589E-03  2.68910E-03 -1.93505E-03 -8.74846E-03
 -1.09784E-02 -1.02150E-03 -2.16669E-02 -9.89781E-03 -1.22283E-02 -5.02441E-03
  1.85339E-03  7.82937E-03 -9.05170E-03  1.75700E-02 -7.67152E-03 -2.19843E-02
  6.18038E-03  1.90737E-02  1.32785E-02  1.55676E-04 -1.62263E-02 -1.85549E-02
 -2.50393E-02 -2.69198E-03 -7.15391E-03  1.21607E-02  1.23827E-02 -2.27291E-02
 -2.90700E-02  2.75880E-03  5.22725E-03 -7.55708E-03  1.55957E-02  1.99642E-02
  9.31101E-03 -4.07692E-03
