AutoSaveFileName0156.ASC
 IFORMY    0    .00
 (6E13.7)
 IFORMT    0    .00
 (6E13.7)
 IFORMW    0    .00
 (6E13.7)
 NINTT     0   -1.00
 DOUSNQ    0    1.00
 IQUAD     0    1.00
 PRWT      0    1.00
 PRY       0    1.00
 IPLRES    1    3.00
 IPLRES    2    3.00
 IPRINT    1    0.00
 IPRINT    2    2.00
 IPLFIT    1    0.00
 IPLFIT    2    0.00
 LINEPG    0   50.
 NONNEG    1    1.00
 IWT       0    5.00
 NQPROG    1    5.00
 NQPROG    2    5.00
 GMNMX     1    5.36931E-03
 GMNMX     2    1.92745E-03
 RUSER    10    -1.00
 NG        0    500.00
 NLINF     0    1.00
 IUSER    10    4.00
 RUSER    21    1.0
 RUSER    22   -1.0
 RUSER    23    0.0
 RUSER    18         292.01360
 RUSER    17         89.99900
 RUSER    19         1.03015
 RUSER    15         1.33200
 RUSER    16         632.80000
 RUSER    25         1
 RUSER    26         0
 END       0    0.00
 NY      162
  7.50000E-07  8.75000E-07  1.00000E-06  1.12500E-06  1.25000E-06  1.37500E-06
  1.50000E-06  1.62500E-06  1.75000E-06  1.87500E-06  2.00000E-06  2.25000E-06
  2.50000E-06  2.75000E-06  3.00000E-06  3.25000E-06  3.50000E-06  3.75000E-06
  4.00000E-06  4.50000E-06  5.00000E-06  5.50000E-06  6.00000E-06  6.50000E-06
  7.00000E-06  7.50000E-06  8.00000E-06  9.00000E-06  1.00000E-05  1.10000E-05
  1.20000E-05  1.30000E-05  1.40000E-05  1.50000E-05  1.60000E-05  1.80000E-05
  2.00000E-05  2.20000E-05  2.40000E-05  2.60000E-05  2.80000E-05  3.00000E-05
  3.20000E-05  3.60000E-05  4.00000E-05  4.40000E-05  4.80000E-05  5.20000E-05
  5.60000E-05  6.00000E-05  6.40000E-05  7.20000E-05  8.00000E-05  8.80000E-05
  9.60000E-05  1.04000E-04  1.12000E-04  1.20000E-04  1.28000E-04  1.44000E-04
  1.60000E-04  1.76000E-04  1.92000E-04  2.08000E-04  2.24000E-04  2.40000E-04
  2.56000E-04  2.88000E-04  3.20000E-04  3.52000E-04  3.84000E-04  4.16000E-04
  4.48000E-04  4.80000E-04  5.12000E-04  5.76000E-04  6.40000E-04  7.04000E-04
  7.68000E-04  8.32000E-04  8.96000E-04  9.60000E-04  1.02400E-03  1.15200E-03
  1.28000E-03  1.40800E-03  1.53600E-03  1.66400E-03  1.79200E-03  1.92000E-03
  2.01600E-03  2.27200E-03  2.52800E-03  2.78400E-03  3.04000E-03  3.29600E-03
  3.55200E-03  3.80800E-03  4.06400E-03  4.57600E-03  5.08800E-03  5.60000E-03
  6.11200E-03  6.62400E-03  7.13600E-03  7.64800E-03  8.16000E-03  9.18400E-03
  1.02080E-02  1.12320E-02  1.22560E-02  1.32800E-02  1.43040E-02  1.53280E-02
  1.63520E-02  1.84000E-02  2.04480E-02  2.24960E-02  2.45440E-02  2.65920E-02
  2.86400E-02  3.06880E-02  3.27360E-02  3.68320E-02  4.09280E-02  4.50240E-02
  4.91200E-02  5.32160E-02  5.73120E-02  6.14080E-02  6.55040E-02  7.36960E-02
  8.18880E-02  9.00800E-02  9.82720E-02  1.06464E-01  1.14656E-01  1.22848E-01
  1.31040E-01  1.47424E-01  1.63808E-01  1.80192E-01  1.96576E-01  2.12960E-01
  2.29344E-01  2.45728E-01  2.62112E-01  2.94880E-01  3.27648E-01  3.60416E-01
  3.93184E-01  4.25952E-01  4.58720E-01  4.91488E-01  5.24256E-01  5.89792E-01
  6.55328E-01  7.20864E-01  7.86400E-01  8.51936E-01  9.17472E-01  9.83008E-01
  9.97991E-01  1.00000E+00  9.98272E-01  9.98168E-01  9.94952E-01  9.97517E-01
  9.94601E-01  9.97050E-01  9.93116E-01  9.93675E-01  9.93789E-01  9.90648E-01
  9.92389E-01  9.90034E-01  9.88721E-01  9.88341E-01  9.88694E-01  9.86886E-01
  9.84845E-01  9.84378E-01  9.84261E-01  9.80815E-01  9.81068E-01  9.77742E-01
  9.75364E-01  9.75567E-01  9.71622E-01  9.69068E-01  9.67296E-01  9.63426E-01
  9.60710E-01  9.57623E-01  9.53625E-01  9.51492E-01  9.48227E-01  9.41614E-01
  9.34338E-01  9.28790E-01  9.22391E-01  9.15686E-01  9.10481E-01  9.05010E-01
  8.98911E-01  8.86328E-01  8.74782E-01  8.63180E-01  8.52273E-01  8.40466E-01
  8.29310E-01  8.18653E-01  8.07445E-01  7.86057E-01  7.65282E-01  7.45583E-01
  7.25994E-01  7.07467E-01  6.88942E-01  6.71018E-01  6.53444E-01  6.19323E-01
  5.87445E-01  5.56819E-01  5.28244E-01  5.01184E-01  4.75013E-01  4.50806E-01
  4.27868E-01  3.85229E-01  3.46584E-01  3.11808E-01  2.80743E-01  2.52402E-01
  2.27457E-01  2.05123E-01  1.85251E-01  1.50628E-01  1.22645E-01  9.98219E-02
  8.11232E-02  6.58621E-02  5.37644E-02  4.41119E-02  3.67858E-02  2.48083E-02
  1.64756E-02  1.05146E-02  6.18869E-03  3.29906E-03  1.47805E-03  1.00961E-03
  7.12562E-04  3.20858E-04  3.10398E-04 -8.91894E-05 -1.37771E-03 -1.90260E-03
 -5.91605E-04  7.11293E-04  7.20235E-04  3.58936E-03 -1.95388E-04 -2.92091E-03
 -2.91123E-03 -2.52788E-03 -1.30556E-04 -5.50386E-04 -9.78281E-04 -2.11343E-03
  1.69880E-04 -1.23478E-03 -3.58251E-05 -8.00972E-05 -5.88439E-04 -9.69498E-04
 -6.74874E-04  3.53311E-04  1.03600E-03 -1.65100E-03 -1.12435E-03 -2.31522E-04
 -4.03527E-04  5.78237E-04  3.94020E-04 -2.73442E-04 -3.78268E-04  2.24154E-04
  3.92746E-04 -3.55163E-04 -1.60506E-04  7.73183E-04  8.21602E-04 -1.42216E-04
  2.22205E-04  4.00732E-04  1.14441E-03  3.26559E-04  2.69975E-04 -5.48841E-05
 -1.68869E-04 -1.33773E-04  1.70861E-04 -3.30671E-04  9.27647E-05  2.99536E-05
  3.18660E-04  7.68436E-04  1.99964E-04 -2.63353E-04 -1.34635E-05  1.11018E-04
 -4.43993E-05 -2.85543E-04 -7.19140E-05 -5.75235E-05 -6.83074E-05 -1.20866E-04
  1.32732E-04 -4.71244E-05 -4.69021E-04 -8.55832E-05 -2.25130E-05  6.33992E-05
