AutoSaveFileName0394.ASC
 IFORMY    0    .00
 (6E13.7)
 IFORMT    0    .00
 (6E13.7)
 IFORMW    0    .00
 (6E13.7)
 NINTT     0   -1.00
 DOUSNQ    0    1.00
 IQUAD          1.00
 PRWT      0    1.00
 PRY       0    1.00
 IPLRES    1    3.00
 IPLRES    2    3.00
 IPRINT    1    0.00
 IPRINT    2    2.00
 IPLFIT    1    0.00
 IPLFIT    2    0.00
 LINEPG    0   50.
 NONNEG    1    1.00
 IWT       0    5.00
 NQPROG    1    5.00
 NQPROG    2    5.00
 GMNMX     1    7.460E-06
 GMNMX     2    7.460E-03
 RUSER    10    -1.00
 NG        0    200.00
 NLINF     0    0.00
 IUSER    10    4.00
 RUSER    21    1.0
 RUSER    22   -1.0
 RUSER    23    0.0
 RUSER    18         292.33111
 RUSER    17         145.99900
 RUSER    19         1.02210
 RUSER    15         1.33200
 RUSER    16         632.80000
 RUSER    25         1
 RUSER    26         0
 END       0    0.00
 NY      131
  3.75000E-07  5.00000E-07  6.25000E-07  7.50000E-07  8.75000E-07  1.00000E-06
  1.12500E-06  1.25000E-06  1.37500E-06  1.50000E-06  1.62500E-06  1.75000E-06
  1.87500E-06  2.00000E-06  2.25000E-06  2.50000E-06  2.75000E-06  3.00000E-06
  3.25000E-06  3.50000E-06  3.75000E-06  4.00000E-06  4.50000E-06  5.00000E-06
  5.50000E-06  6.00000E-06  6.50000E-06  7.00000E-06  7.50000E-06  8.00000E-06
  9.00000E-06  1.00000E-05  1.10000E-05  1.20000E-05  1.30000E-05  1.40000E-05
  1.50000E-05  1.60000E-05  1.80000E-05  2.00000E-05  2.20000E-05  2.40000E-05
  2.60000E-05  2.80000E-05  3.00000E-05  3.20000E-05  3.60000E-05  4.00000E-05
  4.40000E-05  4.80000E-05  5.20000E-05  5.60000E-05  6.00000E-05  6.40000E-05
  7.20000E-05  8.00000E-05  8.80000E-05  9.60000E-05  1.04000E-04  1.12000E-04
  1.20000E-04  1.28000E-04  1.44000E-04  1.60000E-04  1.76000E-04  1.92000E-04
  2.08000E-04  2.24000E-04  2.40000E-04  2.56000E-04  2.88000E-04  3.20000E-04
  3.52000E-04  3.84000E-04  4.16000E-04  4.48000E-04  4.80000E-04  5.12000E-04
  5.76000E-04  6.40000E-04  7.04000E-04  7.68000E-04  8.32000E-04  8.96000E-04
  9.60000E-04  1.02400E-03  1.15200E-03  1.28000E-03  1.40800E-03  1.53600E-03
  1.66400E-03  1.79200E-03  1.92000E-03  2.01600E-03  2.27200E-03  2.52800E-03
  2.78400E-03  3.04000E-03  3.29600E-03  3.55200E-03  3.80800E-03  4.06400E-03
  4.57600E-03  5.08800E-03  5.60000E-03  6.11200E-03  6.62400E-03  7.13600E-03
  7.64800E-03  8.16000E-03  9.18400E-03  1.02080E-02  1.12320E-02  1.22560E-02
  1.32800E-02  1.43040E-02  1.53280E-02  1.63520E-02  1.84000E-02  2.04480E-02
  2.24960E-02  2.45440E-02  2.65920E-02  2.86400E-02  3.06880E-02  3.27360E-02
  3.68320E-02  4.09280E-02  4.50240E-02  4.91200E-02  5.32160E-02
  1.62587E+00  1.62899E+00  1.62562E+00  1.62386E+00  1.61882E+00  1.61598E+00
  1.62267E+00  1.61339E+00  1.61817E+00  1.61417E+00  1.61931E+00  1.62168E+00
  1.61410E+00  1.61763E+00  1.61999E+00  1.61680E+00  1.61859E+00  1.62396E+00
  1.61477E+00  1.62083E+00  1.61219E+00  1.61533E+00  1.61250E+00  1.61316E+00
  1.61371E+00  1.61146E+00  1.61228E+00  1.61371E+00  1.61341E+00  1.61002E+00
  1.60833E+00  1.60876E+00  1.60858E+00  1.60628E+00  1.60607E+00  1.60480E+00
  1.60371E+00  1.60106E+00  1.59939E+00  1.59841E+00  1.59531E+00  1.59687E+00
  1.59387E+00  1.59018E+00  1.59216E+00  1.58684E+00  1.58268E+00  1.58038E+00
  1.57530E+00  1.57176E+00  1.56701E+00  1.56411E+00  1.56056E+00  1.55555E+00
  1.54676E+00  1.54055E+00  1.53224E+00  1.52455E+00  1.51647E+00  1.50875E+00
  1.50107E+00  1.49384E+00  1.47884E+00  1.46449E+00  1.45089E+00  1.43594E+00
  1.42191E+00  1.40800E+00  1.39418E+00  1.38061E+00  1.35411E+00  1.32804E+00
  1.30251E+00  1.27742E+00  1.25333E+00  1.22971E+00  1.20678E+00  1.18478E+00
  1.14090E+00  1.10013E+00  1.06085E+00  1.02347E+00  9.87768E-01  9.53165E-01
  9.20512E-01  8.88709E-01  8.31743E-01  7.79931E-01  7.33044E-01  6.89866E-01
  6.50548E-01  6.14998E-01  5.81684E-01  5.58389E-01  5.02737E-01  4.54802E-01
  4.14078E-01  3.80420E-01  3.50656E-01  3.23409E-01  2.98962E-01  2.79040E-01
  2.45430E-01  2.16750E-01  1.94214E-01  1.78497E-01  1.68085E-01  1.60340E-01
  1.48903E-01  1.35506E-01  1.16948E-01  1.02237E-01  8.48986E-02  7.35971E-02
  6.91874E-02  6.12190E-02  5.70013E-02  5.71156E-02  4.93529E-02  2.91151E-02
  1.68350E-02  1.73367E-02  1.31173E-02  1.59290E-03 -4.19329E-03 -1.19856E-02
 -1.69552E-02 -2.52201E-02 -2.33844E-02 -1.16474E-02 -6.14331E-03
