AutoSaveFileName0267.ASC
 IFORMY    0    .00
 (6E13.7)
 IFORMT    0    .00
 (6E13.7)
 IFORMW    0    .00
 (6E13.7)
 NINTT     0   -1.00
 DOUSNQ    0    1.00
 IQUAD     0    1.00
 PRWT      0    1.00
 PRY       0    1.00
 IPLRES    1    3.00
 IPLRES    2    3.00
 IPRINT    1    0.00
 IPRINT    2    2.00
 IPLFIT    1    0.00
 IPLFIT    2    0.00
 LINEPG    0   50.
 NONNEG    1    1.00
 IWT       0    5.00
 NQPROG    1    5.00
 NQPROG    2    5.00
 GMNMX     1    2.94049E-03
 GMNMX     2    1.05556E-03
 RUSER    10    -1.00
 NG        0    500.00
 NLINF     0    1.00
 IUSER    10    4.00
 RUSER    21    1.0
 RUSER    22   -1.0
 RUSER    23    0.0
 RUSER    18         292.14646
 RUSER    17         144.99900
 RUSER    19         1.02677
 RUSER    15         1.33200
 RUSER    16         632.80000
 RUSER    25         1
 RUSER    26         0
 END       0    0.00
 NY      162
  7.50000E-07  8.75000E-07  1.00000E-06  1.12500E-06  1.25000E-06  1.37500E-06
  1.50000E-06  1.62500E-06  1.75000E-06  1.87500E-06  2.00000E-06  2.25000E-06
  2.50000E-06  2.75000E-06  3.00000E-06  3.25000E-06  3.50000E-06  3.75000E-06
  4.00000E-06  4.50000E-06  5.00000E-06  5.50000E-06  6.00000E-06  6.50000E-06
  7.00000E-06  7.50000E-06  8.00000E-06  9.00000E-06  1.00000E-05  1.10000E-05
  1.20000E-05  1.30000E-05  1.40000E-05  1.50000E-05  1.60000E-05  1.80000E-05
  2.00000E-05  2.20000E-05  2.40000E-05  2.60000E-05  2.80000E-05  3.00000E-05
  3.20000E-05  3.60000E-05  4.00000E-05  4.40000E-05  4.80000E-05  5.20000E-05
  5.60000E-05  6.00000E-05  6.40000E-05  7.20000E-05  8.00000E-05  8.80000E-05
  9.60000E-05  1.04000E-04  1.12000E-04  1.20000E-04  1.28000E-04  1.44000E-04
  1.60000E-04  1.76000E-04  1.92000E-04  2.08000E-04  2.24000E-04  2.40000E-04
  2.56000E-04  2.88000E-04  3.20000E-04  3.52000E-04  3.84000E-04  4.16000E-04
  4.48000E-04  4.80000E-04  5.12000E-04  5.76000E-04  6.40000E-04  7.04000E-04
  7.68000E-04  8.32000E-04  8.96000E-04  9.60000E-04  1.02400E-03  1.15200E-03
  1.28000E-03  1.40800E-03  1.53600E-03  1.66400E-03  1.79200E-03  1.92000E-03
  2.01600E-03  2.27200E-03  2.52800E-03  2.78400E-03  3.04000E-03  3.29600E-03
  3.55200E-03  3.80800E-03  4.06400E-03  4.57600E-03  5.08800E-03  5.60000E-03
  6.11200E-03  6.62400E-03  7.13600E-03  7.64800E-03  8.16000E-03  9.18400E-03
  1.02080E-02  1.12320E-02  1.22560E-02  1.32800E-02  1.43040E-02  1.53280E-02
  1.63520E-02  1.84000E-02  2.04480E-02  2.24960E-02  2.45440E-02  2.65920E-02
  2.86400E-02  3.06880E-02  3.27360E-02  3.68320E-02  4.09280E-02  4.50240E-02
  4.91200E-02  5.32160E-02  5.73120E-02  6.14080E-02  6.55040E-02  7.36960E-02
  8.18880E-02  9.00800E-02  9.82720E-02  1.06464E-01  1.14656E-01  1.22848E-01
  1.31040E-01  1.47424E-01  1.63808E-01  1.80192E-01  1.96576E-01  2.12960E-01
  2.29344E-01  2.45728E-01  2.62112E-01  2.94880E-01  3.27648E-01  3.60416E-01
  3.93184E-01  4.25952E-01  4.58720E-01  4.91488E-01  5.24256E-01  5.89792E-01
  6.55328E-01  7.20864E-01  7.86400E-01  8.51936E-01  9.17472E-01  9.83008E-01
  9.98430E-01  1.00000E+00  9.98510E-01  9.96513E-01  9.97163E-01  9.93248E-01
  9.92399E-01  9.92903E-01  9.94034E-01  9.91104E-01  9.90771E-01  9.89273E-01
  9.88417E-01  9.85470E-01  9.83165E-01  9.82995E-01  9.80433E-01  9.80226E-01
  9.78053E-01  9.75186E-01  9.72551E-01  9.69296E-01  9.67237E-01  9.64691E-01
  9.60238E-01  9.56716E-01  9.54276E-01  9.48478E-01  9.43195E-01  9.37034E-01
  9.30883E-01  9.25642E-01  9.19704E-01  9.14653E-01  9.08517E-01  8.98031E-01
  8.86298E-01  8.75822E-01  8.64746E-01  8.54201E-01  8.43476E-01  8.32787E-01
  8.22844E-01  8.02649E-01  7.83601E-01  7.63694E-01  7.45419E-01  7.27083E-01
  7.08960E-01  6.92369E-01  6.75321E-01  6.42908E-01  6.11699E-01  5.82493E-01
  5.54336E-01  5.27918E-01  5.02478E-01  4.78200E-01  4.55572E-01  4.13044E-01
  3.74324E-01  3.39174E-01  3.07443E-01  2.78670E-01  2.52406E-01  2.28730E-01
  2.07793E-01  1.70617E-01  1.39865E-01  1.14626E-01  9.37242E-02  7.68750E-02
  6.31357E-02  5.18272E-02  4.31331E-02  2.91026E-02  1.94179E-02  1.23661E-02
  6.87246E-03  3.69305E-03  2.06707E-03  1.12985E-03  6.61688E-04 -2.98562E-05
 -5.83663E-04 -3.64321E-04 -2.47163E-04  3.37412E-04  1.31843E-03  1.69174E-03
  7.84668E-04 -3.39609E-04  5.34693E-04  7.56457E-04  2.24318E-04  4.61645E-04
  3.35682E-04 -9.34788E-04 -1.02551E-03 -6.28232E-04 -1.15785E-03  1.04945E-03
  1.46809E-04  2.12437E-04  4.33921E-04  1.93523E-03  4.24118E-04 -1.47160E-03
 -5.64704E-04 -2.00353E-03 -1.32627E-03 -3.90166E-04  6.50595E-04  3.09540E-05
 -8.18562E-05 -2.18078E-04 -4.70768E-04  8.41876E-05 -6.79498E-04  6.26706E-04
 -1.05387E-04  8.89101E-06  2.67170E-04  2.49773E-04  9.51621E-05 -3.89996E-04
 -2.07647E-04 -5.42809E-04 -1.73500E-04 -1.21135E-04  2.24870E-04  3.64735E-05
 -2.92694E-04  5.92650E-04  1.97958E-04 -2.53165E-04 -4.21932E-04 -1.82636E-04
 -8.63091E-05  1.23617E-04  6.87113E-05 -2.87491E-04  9.28666E-05 -2.57848E-04
 -5.15216E-06  1.54759E-04 -3.68819E-07  1.35594E-04  1.44664E-04  9.43572E-05
  1.86019E-04 -3.72273E-04 -1.73929E-04  7.74690E-05 -1.49211E-04  2.68647E-05
  2.28487E-05  4.53533E-05  8.58299E-05 -7.50477E-05 -6.17202E-05  7.38549E-05
