AutoSaveFileName0382.ASC
 IFORMY    0    .00
 (6E13.7)
 IFORMT    0    .00
 (6E13.7)
 IFORMW    0    .00
 (6E13.7)
 NINTT     0   -1.00
 DOUSNQ    0    1.00
 IQUAD          1.00
 PRWT      0    1.00
 PRY       0    1.00
 IPLRES    1    3.00
 IPLRES    2    3.00
 IPRINT    1    0.00
 IPRINT    2    2.00
 IPLFIT    1    0.00
 IPLFIT    2    0.00
 LINEPG    0   50.
 NONNEG    1    1.00
 IWT       0    5.00
 NQPROG    1    5.00
 NQPROG    2    5.00
 GMNMX     1    7.635E-06
 GMNMX     2    7.635E-03
 RUSER    10    -1.00
 NG        0    200.00
 NLINF     0    0.00
 IUSER    10    4.00
 RUSER    21    1.0
 RUSER    22   -1.0
 RUSER    23    0.0
 RUSER    18         292.31534
 RUSER    17         141.99900
 RUSER    19         1.02249
 RUSER    15         1.33200
 RUSER    16         632.80000
 RUSER    25         1
 RUSER    26         0
 END       0    0.00
 NY      131
  3.75000E-07  5.00000E-07  6.25000E-07  7.50000E-07  8.75000E-07  1.00000E-06
  1.12500E-06  1.25000E-06  1.37500E-06  1.50000E-06  1.62500E-06  1.75000E-06
  1.87500E-06  2.00000E-06  2.25000E-06  2.50000E-06  2.75000E-06  3.00000E-06
  3.25000E-06  3.50000E-06  3.75000E-06  4.00000E-06  4.50000E-06  5.00000E-06
  5.50000E-06  6.00000E-06  6.50000E-06  7.00000E-06  7.50000E-06  8.00000E-06
  9.00000E-06  1.00000E-05  1.10000E-05  1.20000E-05  1.30000E-05  1.40000E-05
  1.50000E-05  1.60000E-05  1.80000E-05  2.00000E-05  2.20000E-05  2.40000E-05
  2.60000E-05  2.80000E-05  3.00000E-05  3.20000E-05  3.60000E-05  4.00000E-05
  4.40000E-05  4.80000E-05  5.20000E-05  5.60000E-05  6.00000E-05  6.40000E-05
  7.20000E-05  8.00000E-05  8.80000E-05  9.60000E-05  1.04000E-04  1.12000E-04
  1.20000E-04  1.28000E-04  1.44000E-04  1.60000E-04  1.76000E-04  1.92000E-04
  2.08000E-04  2.24000E-04  2.40000E-04  2.56000E-04  2.88000E-04  3.20000E-04
  3.52000E-04  3.84000E-04  4.16000E-04  4.48000E-04  4.80000E-04  5.12000E-04
  5.76000E-04  6.40000E-04  7.04000E-04  7.68000E-04  8.32000E-04  8.96000E-04
  9.60000E-04  1.02400E-03  1.15200E-03  1.28000E-03  1.40800E-03  1.53600E-03
  1.66400E-03  1.79200E-03  1.92000E-03  2.01600E-03  2.27200E-03  2.52800E-03
  2.78400E-03  3.04000E-03  3.29600E-03  3.55200E-03  3.80800E-03  4.06400E-03
  4.57600E-03  5.08800E-03  5.60000E-03  6.11200E-03  6.62400E-03  7.13600E-03
  7.64800E-03  8.16000E-03  9.18400E-03  1.02080E-02  1.12320E-02  1.22560E-02
  1.32800E-02  1.43040E-02  1.53280E-02  1.63520E-02  1.84000E-02  2.04480E-02
  2.24960E-02  2.45440E-02  2.65920E-02  2.86400E-02  3.06880E-02  3.27360E-02
  3.68320E-02  4.09280E-02  4.50240E-02  4.91200E-02  5.32160E-02
  1.66550E+00  1.66295E+00  1.65031E+00  1.63929E+00  1.64367E+00  1.64169E+00
  1.66032E+00  1.64453E+00  1.65704E+00  1.64622E+00  1.64266E+00  1.64234E+00
  1.64988E+00  1.64087E+00  1.64552E+00  1.64788E+00  1.65167E+00  1.64534E+00
  1.64071E+00  1.63504E+00  1.63649E+00  1.64290E+00  1.64494E+00  1.64203E+00
  1.63965E+00  1.63842E+00  1.63583E+00  1.63916E+00  1.63464E+00  1.63276E+00
  1.63432E+00  1.63564E+00  1.63348E+00  1.63132E+00  1.62994E+00  1.63042E+00
  1.62573E+00  1.62414E+00  1.62506E+00  1.62072E+00  1.61849E+00  1.61739E+00
  1.61347E+00  1.61214E+00  1.60931E+00  1.60848E+00  1.60496E+00  1.59908E+00
  1.59350E+00  1.58897E+00  1.58618E+00  1.58130E+00  1.57697E+00  1.57187E+00
  1.56297E+00  1.55425E+00  1.54608E+00  1.53545E+00  1.52719E+00  1.51911E+00
  1.51018E+00  1.50111E+00  1.48428E+00  1.46804E+00  1.45175E+00  1.43509E+00
  1.41845E+00  1.40283E+00  1.38792E+00  1.37291E+00  1.34253E+00  1.31285E+00
  1.28442E+00  1.25667E+00  1.22943E+00  1.20323E+00  1.17790E+00  1.15261E+00
  1.10482E+00  1.05831E+00  1.01429E+00  9.72418E-01  9.32861E-01  8.95376E-01
  8.59653E-01  8.26563E-01  7.64047E-01  7.08712E-01  6.59133E-01  6.13844E-01
  5.72791E-01  5.34677E-01  4.99464E-01  4.74783E-01  4.16402E-01  3.68554E-01
  3.27935E-01  2.94323E-01  2.65414E-01  2.40686E-01  2.18646E-01  2.00428E-01
  1.71081E-01  1.47557E-01  1.30079E-01  1.14974E-01  1.01119E-01  9.19576E-02
  8.30485E-02  7.41675E-02  5.66099E-02  4.70620E-02  3.74199E-02  2.84792E-02
  2.33496E-02  8.64224E-03  9.70822E-04  6.91419E-03  1.62481E-02  2.59829E-02
  2.55954E-02  1.28820E-02  1.53220E-02  2.45825E-02  1.93780E-02  1.44872E-02
  8.98237E-03  1.11728E-02  1.44431E-02  1.64627E-02  8.53724E-04
