AutoSaveFileName0157.ASC
 IFORMY    0    .00
 (6E13.7)
 IFORMT    0    .00
 (6E13.7)
 IFORMW    0    .00
 (6E13.7)
 NINTT     0   -1.00
 DOUSNQ    0    1.00
 IQUAD          1.00
 PRWT      0    1.00
 PRY       0    1.00
 IPLRES    1    3.00
 IPLRES    2    3.00
 IPRINT    1    0.00
 IPRINT    2    2.00
 IPLFIT    1    0.00
 IPLFIT    2    0.00
 LINEPG    0   50.
 NONNEG    1    1.00
 IWT       0    5.00
 NQPROG    1    5.00
 NQPROG    2    5.00
 GMNMX     1    2.263E-05
 GMNMX     2    2.263E-02
 RUSER    10    -1.00
 NG        0    200.00
 NLINF     0    0.00
 IUSER    10    4.00
 RUSER    21    1.0
 RUSER    22   -1.0
 RUSER    23    0.0
 RUSER    18         291.96670
 RUSER    17         66.99900
 RUSER    19         1.03135
 RUSER    15         1.33200
 RUSER    16         632.80000
 RUSER    25         1
 RUSER    26         0
 END       0    0.00
 NY      131
  3.75000E-07  5.00000E-07  6.25000E-07  7.50000E-07  8.75000E-07  1.00000E-06
  1.12500E-06  1.25000E-06  1.37500E-06  1.50000E-06  1.62500E-06  1.75000E-06
  1.87500E-06  2.00000E-06  2.25000E-06  2.50000E-06  2.75000E-06  3.00000E-06
  3.25000E-06  3.50000E-06  3.75000E-06  4.00000E-06  4.50000E-06  5.00000E-06
  5.50000E-06  6.00000E-06  6.50000E-06  7.00000E-06  7.50000E-06  8.00000E-06
  9.00000E-06  1.00000E-05  1.10000E-05  1.20000E-05  1.30000E-05  1.40000E-05
  1.50000E-05  1.60000E-05  1.80000E-05  2.00000E-05  2.20000E-05  2.40000E-05
  2.60000E-05  2.80000E-05  3.00000E-05  3.20000E-05  3.60000E-05  4.00000E-05
  4.40000E-05  4.80000E-05  5.20000E-05  5.60000E-05  6.00000E-05  6.40000E-05
  7.20000E-05  8.00000E-05  8.80000E-05  9.60000E-05  1.04000E-04  1.12000E-04
  1.20000E-04  1.28000E-04  1.44000E-04  1.60000E-04  1.76000E-04  1.92000E-04
  2.08000E-04  2.24000E-04  2.40000E-04  2.56000E-04  2.88000E-04  3.20000E-04
  3.52000E-04  3.84000E-04  4.16000E-04  4.48000E-04  4.80000E-04  5.12000E-04
  5.76000E-04  6.40000E-04  7.04000E-04  7.68000E-04  8.32000E-04  8.96000E-04
  9.60000E-04  1.02400E-03  1.15200E-03  1.28000E-03  1.40800E-03  1.53600E-03
  1.66400E-03  1.79200E-03  1.92000E-03  2.01600E-03  2.27200E-03  2.52800E-03
  2.78400E-03  3.04000E-03  3.29600E-03  3.55200E-03  3.80800E-03  4.06400E-03
  4.57600E-03  5.08800E-03  5.60000E-03  6.11200E-03  6.62400E-03  7.13600E-03
  7.64800E-03  8.16000E-03  9.18400E-03  1.02080E-02  1.12320E-02  1.22560E-02
  1.32800E-02  1.43040E-02  1.53280E-02  1.63520E-02  1.84000E-02  2.04480E-02
  2.24960E-02  2.45440E-02  2.65920E-02  2.86400E-02  3.06880E-02  3.27360E-02
  3.68320E-02  4.09280E-02  4.50240E-02  4.91200E-02  5.32160E-02
  1.69258E+00  1.69308E+00  1.69658E+00  1.68966E+00  1.68922E+00  1.68096E+00
  1.68267E+00  1.69166E+00  1.69307E+00  1.68754E+00  1.67770E+00  1.68346E+00
  1.67509E+00  1.68055E+00  1.68700E+00  1.68853E+00  1.68547E+00  1.68191E+00
  1.67914E+00  1.68100E+00  1.68017E+00  1.68358E+00  1.68386E+00  1.67628E+00
  1.67873E+00  1.66839E+00  1.67385E+00  1.67306E+00  1.67787E+00  1.67617E+00
  1.67711E+00  1.67529E+00  1.67456E+00  1.67410E+00  1.67403E+00  1.67203E+00
  1.67565E+00  1.67381E+00  1.67195E+00  1.67055E+00  1.67030E+00  1.66876E+00
  1.66787E+00  1.67194E+00  1.66497E+00  1.66441E+00  1.66220E+00  1.66200E+00
  1.65929E+00  1.65819E+00  1.65713E+00  1.65457E+00  1.65177E+00  1.64973E+00
  1.64525E+00  1.64349E+00  1.63752E+00  1.63534E+00  1.63166E+00  1.62688E+00
  1.62205E+00  1.62058E+00  1.61140E+00  1.60262E+00  1.59612E+00  1.58802E+00
  1.58151E+00  1.57320E+00  1.56598E+00  1.55871E+00  1.54444E+00  1.52891E+00
  1.51449E+00  1.50063E+00  1.48656E+00  1.47323E+00  1.45955E+00  1.44647E+00
  1.41998E+00  1.39375E+00  1.36809E+00  1.34290E+00  1.31822E+00  1.29360E+00
  1.26991E+00  1.24482E+00  1.19975E+00  1.15684E+00  1.11502E+00  1.07529E+00
  1.03733E+00  1.00090E+00  9.66089E-01  9.45787E-01  8.82738E-01  8.23878E-01
  7.68890E-01  7.19325E-01  6.74138E-01  6.32064E-01  5.93224E-01  5.57199E-01
  4.89458E-01  4.28968E-01  3.75361E-01  3.28164E-01  2.85071E-01  2.49221E-01
  2.19545E-01  1.94497E-01  1.49300E-01  1.13352E-01  8.67370E-02  6.52165E-02
  5.31878E-02  4.59286E-02  4.03810E-02  3.48750E-02  2.00087E-02  1.22240E-02
  7.80294E-03  1.06218E-02  1.21864E-02  1.74000E-02  2.26711E-02  1.80909E-02
  8.09863E-03 -7.66743E-04  2.00163E-02  2.13423E-02  1.76741E-02
