AutoSaveFileName0136.ASC
 IFORMY    0    .00
 (6E13.7)
 IFORMT    0    .00
 (6E13.7)
 IFORMW    0    .00
 (6E13.7)
 NINTT     0   -1.00
 DOUSNQ    0    1.00
 IQUAD     0    1.00
 PRWT      0    1.00
 PRY       0    1.00
 IPLRES    1    3.00
 IPLRES    2    3.00
 IPRINT    1    0.00
 IPRINT    2    2.00
 IPLFIT    1    0.00
 IPLFIT    2    0.00
 LINEPG    0   50.
 NONNEG    1    1.00
 IWT       0    5.00
 NQPROG    1    5.00
 NQPROG    2    5.00
 GMNMX     1    6.50130E-03
 GMNMX     2    2.33380E-03
 RUSER    10    -1.00
 NG        0    500.00
 NLINF     0    1.00
 IUSER    10    4.00
 RUSER    21    1.0
 RUSER    22   -1.0
 RUSER    23    0.0
 RUSER    18         291.99355
 RUSER    17         79.99900
 RUSER    19         1.03066
 RUSER    15         1.33200
 RUSER    16         632.80000
 RUSER    25         1
 RUSER    26         0
 END       0    0.00
 NY      162
  7.50000E-07  8.75000E-07  1.00000E-06  1.12500E-06  1.25000E-06  1.37500E-06
  1.50000E-06  1.62500E-06  1.75000E-06  1.87500E-06  2.00000E-06  2.25000E-06
  2.50000E-06  2.75000E-06  3.00000E-06  3.25000E-06  3.50000E-06  3.75000E-06
  4.00000E-06  4.50000E-06  5.00000E-06  5.50000E-06  6.00000E-06  6.50000E-06
  7.00000E-06  7.50000E-06  8.00000E-06  9.00000E-06  1.00000E-05  1.10000E-05
  1.20000E-05  1.30000E-05  1.40000E-05  1.50000E-05  1.60000E-05  1.80000E-05
  2.00000E-05  2.20000E-05  2.40000E-05  2.60000E-05  2.80000E-05  3.00000E-05
  3.20000E-05  3.60000E-05  4.00000E-05  4.40000E-05  4.80000E-05  5.20000E-05
  5.60000E-05  6.00000E-05  6.40000E-05  7.20000E-05  8.00000E-05  8.80000E-05
  9.60000E-05  1.04000E-04  1.12000E-04  1.20000E-04  1.28000E-04  1.44000E-04
  1.60000E-04  1.76000E-04  1.92000E-04  2.08000E-04  2.24000E-04  2.40000E-04
  2.56000E-04  2.88000E-04  3.20000E-04  3.52000E-04  3.84000E-04  4.16000E-04
  4.48000E-04  4.80000E-04  5.12000E-04  5.76000E-04  6.40000E-04  7.04000E-04
  7.68000E-04  8.32000E-04  8.96000E-04  9.60000E-04  1.02400E-03  1.15200E-03
  1.28000E-03  1.40800E-03  1.53600E-03  1.66400E-03  1.79200E-03  1.92000E-03
  2.01600E-03  2.27200E-03  2.52800E-03  2.78400E-03  3.04000E-03  3.29600E-03
  3.55200E-03  3.80800E-03  4.06400E-03  4.57600E-03  5.08800E-03  5.60000E-03
  6.11200E-03  6.62400E-03  7.13600E-03  7.64800E-03  8.16000E-03  9.18400E-03
  1.02080E-02  1.12320E-02  1.22560E-02  1.32800E-02  1.43040E-02  1.53280E-02
  1.63520E-02  1.84000E-02  2.04480E-02  2.24960E-02  2.45440E-02  2.65920E-02
  2.86400E-02  3.06880E-02  3.27360E-02  3.68320E-02  4.09280E-02  4.50240E-02
  4.91200E-02  5.32160E-02  5.73120E-02  6.14080E-02  6.55040E-02  7.36960E-02
  8.18880E-02  9.00800E-02  9.82720E-02  1.06464E-01  1.14656E-01  1.22848E-01
  1.31040E-01  1.47424E-01  1.63808E-01  1.80192E-01  1.96576E-01  2.12960E-01
  2.29344E-01  2.45728E-01  2.62112E-01  2.94880E-01  3.27648E-01  3.60416E-01
  3.93184E-01  4.25952E-01  4.58720E-01  4.91488E-01  5.24256E-01  5.89792E-01
  6.55328E-01  7.20864E-01  7.86400E-01  8.51936E-01  9.17472E-01  9.83008E-01
  1.00000E+00  9.95144E-01  9.97324E-01  9.96678E-01  9.93880E-01  9.93910E-01
  9.95794E-01  9.92883E-01  9.93840E-01  9.89273E-01  9.91573E-01  9.90896E-01
  9.88628E-01  9.90587E-01  9.88905E-01  9.88892E-01  9.86660E-01  9.88122E-01
  9.86622E-01  9.84758E-01  9.82384E-01  9.81942E-01  9.80659E-01  9.79100E-01
  9.77569E-01  9.76221E-01  9.74071E-01  9.72833E-01  9.69983E-01  9.66838E-01
  9.64191E-01  9.61947E-01  9.59470E-01  9.57137E-01  9.54374E-01  9.49135E-01
  9.43601E-01  9.38995E-01  9.33110E-01  9.28847E-01  9.23624E-01  9.19120E-01
  9.13281E-01  9.03584E-01  8.93651E-01  8.84086E-01  8.73720E-01  8.64798E-01
  8.55341E-01  8.45980E-01  8.36743E-01  8.18813E-01  8.00946E-01  7.83939E-01
  7.66934E-01  7.50498E-01  7.34552E-01  7.18807E-01  7.03350E-01  6.73637E-01
  6.44434E-01  6.17277E-01  5.91000E-01  5.65883E-01  5.42017E-01  5.18805E-01
  4.97090E-01  4.55994E-01  4.18374E-01  3.83719E-01  3.51980E-01  3.23030E-01
  2.96346E-01  2.71763E-01  2.49953E-01  2.10898E-01  1.77858E-01  1.50756E-01
  1.27699E-01  1.08489E-01  9.22986E-02  7.86289E-02  6.74912E-02  4.90327E-02
  3.58895E-02  2.66580E-02  1.93951E-02  1.42359E-02  1.05913E-02  8.38087E-03
  7.27939E-03  4.90213E-03  4.04578E-03  4.21669E-03  3.26570E-03  1.75752E-03
  1.45229E-03  2.33224E-03  2.33193E-03  1.47436E-03  9.17789E-04  3.48098E-04
  1.19470E-06 -1.32821E-03 -2.78016E-03 -9.28176E-04  4.55672E-04 -8.21729E-04
  9.75011E-04  9.06033E-04 -5.67119E-04 -1.43020E-03 -1.31097E-03  4.95520E-04
  1.34879E-03  6.74923E-04  1.39708E-03  1.56637E-03 -1.59511E-03 -1.85341E-03
  2.63401E-04 -4.16964E-04  6.90822E-04  2.83832E-04  5.01909E-04  4.27957E-04
  2.10190E-04  8.74986E-04  8.28768E-04  1.28737E-03  4.32031E-04  1.07092E-04
 -9.27005E-04  1.85133E-04  1.49206E-04 -1.62014E-03 -4.44346E-04 -1.51941E-04
  2.58826E-05  4.85317E-04  3.10661E-04 -9.49999E-04 -1.41126E-03  5.70251E-04
  4.47712E-05 -1.64268E-04 -1.07129E-05 -6.91524E-07 -3.57532E-04 -6.47431E-04
  7.39388E-04  1.70311E-05  5.04999E-04 -2.57348E-05 -2.72004E-04  5.36287E-04
  2.64995E-04  2.20206E-04 -3.66808E-04  1.09391E-04 -2.60410E-04 -1.12549E-04
