AutoSaveFileName0288.ASC
 IFORMY    0    .00
 (6E13.7)
 IFORMT    0    .00
 (6E13.7)
 IFORMW    0    .00
 (6E13.7)
 NINTT     0   -1.00
 DOUSNQ    0    1.00
 IQUAD          1.00
 PRWT      0    1.00
 PRY       0    1.00
 IPLRES    1    3.00
 IPLRES    2    3.00
 IPRINT    1    0.00
 IPRINT    2    2.00
 IPLFIT    1    0.00
 IPLFIT    2    0.00
 LINEPG    0   50.
 NONNEG    1    1.00
 IWT       0    5.00
 NQPROG    1    5.00
 NQPROG    2    5.00
 GMNMX     1    1.009E-05
 GMNMX     2    1.009E-02
 RUSER    10    -1.00
 NG        0    200.00
 NLINF     0    0.00
 IUSER    10    4.00
 RUSER    21    1.0
 RUSER    22   -1.0
 RUSER    23    0.0
 RUSER    18         292.15642
 RUSER    17         110.99900
 RUSER    19         1.02652
 RUSER    15         1.33200
 RUSER    16         632.80000
 RUSER    25         1
 RUSER    26         0
 END       0    0.00
 NY      131
  3.75000E-07  5.00000E-07  6.25000E-07  7.50000E-07  8.75000E-07  1.00000E-06
  1.12500E-06  1.25000E-06  1.37500E-06  1.50000E-06  1.62500E-06  1.75000E-06
  1.87500E-06  2.00000E-06  2.25000E-06  2.50000E-06  2.75000E-06  3.00000E-06
  3.25000E-06  3.50000E-06  3.75000E-06  4.00000E-06  4.50000E-06  5.00000E-06
  5.50000E-06  6.00000E-06  6.50000E-06  7.00000E-06  7.50000E-06  8.00000E-06
  9.00000E-06  1.00000E-05  1.10000E-05  1.20000E-05  1.30000E-05  1.40000E-05
  1.50000E-05  1.60000E-05  1.80000E-05  2.00000E-05  2.20000E-05  2.40000E-05
  2.60000E-05  2.80000E-05  3.00000E-05  3.20000E-05  3.60000E-05  4.00000E-05
  4.40000E-05  4.80000E-05  5.20000E-05  5.60000E-05  6.00000E-05  6.40000E-05
  7.20000E-05  8.00000E-05  8.80000E-05  9.60000E-05  1.04000E-04  1.12000E-04
  1.20000E-04  1.28000E-04  1.44000E-04  1.60000E-04  1.76000E-04  1.92000E-04
  2.08000E-04  2.24000E-04  2.40000E-04  2.56000E-04  2.88000E-04  3.20000E-04
  3.52000E-04  3.84000E-04  4.16000E-04  4.48000E-04  4.80000E-04  5.12000E-04
  5.76000E-04  6.40000E-04  7.04000E-04  7.68000E-04  8.32000E-04  8.96000E-04
  9.60000E-04  1.02400E-03  1.15200E-03  1.28000E-03  1.40800E-03  1.53600E-03
  1.66400E-03  1.79200E-03  1.92000E-03  2.01600E-03  2.27200E-03  2.52800E-03
  2.78400E-03  3.04000E-03  3.29600E-03  3.55200E-03  3.80800E-03  4.06400E-03
  4.57600E-03  5.08800E-03  5.60000E-03  6.11200E-03  6.62400E-03  7.13600E-03
  7.64800E-03  8.16000E-03  9.18400E-03  1.02080E-02  1.12320E-02  1.22560E-02
  1.32800E-02  1.43040E-02  1.53280E-02  1.63520E-02  1.84000E-02  2.04480E-02
  2.24960E-02  2.45440E-02  2.65920E-02  2.86400E-02  3.06880E-02  3.27360E-02
  3.68320E-02  4.09280E-02  4.50240E-02  4.91200E-02  5.32160E-02
  7.91846E-01  7.95388E-01  7.89337E-01  7.94032E-01  7.88812E-01  7.88732E-01
  7.86183E-01  7.88750E-01  7.92816E-01  7.86017E-01  7.86688E-01  7.89656E-01
  7.89394E-01  7.89798E-01  7.87868E-01  7.87892E-01  7.87863E-01  7.88547E-01
  7.87235E-01  7.86887E-01  7.86564E-01  7.87533E-01  7.86988E-01  7.84226E-01
  7.85126E-01  7.84483E-01  7.84597E-01  7.85894E-01  7.85140E-01  7.83772E-01
  7.84107E-01  7.82968E-01  7.82222E-01  7.81665E-01  7.80701E-01  7.80391E-01
  7.79502E-01  7.79242E-01  7.77983E-01  7.77064E-01  7.76207E-01  7.74795E-01
  7.73980E-01  7.72090E-01  7.71849E-01  7.70379E-01  7.67847E-01  7.64732E-01
  7.62739E-01  7.61032E-01  7.59059E-01  7.56044E-01  7.53790E-01  7.51709E-01
  7.47140E-01  7.42619E-01  7.38336E-01  7.33604E-01  7.29847E-01  7.24536E-01
  7.20909E-01  7.16459E-01  7.07838E-01  6.99265E-01  6.91075E-01  6.82722E-01
  6.74288E-01  6.66812E-01  6.58653E-01  6.50797E-01  6.35571E-01  6.20587E-01
  6.05932E-01  5.91793E-01  5.78023E-01  5.64878E-01  5.51728E-01  5.38924E-01
  5.14055E-01  4.90261E-01  4.67484E-01  4.45673E-01  4.24687E-01  4.04642E-01
  3.85617E-01  3.67855E-01  3.34291E-01  3.04114E-01  2.76850E-01  2.51792E-01
  2.28857E-01  2.08077E-01  1.89307E-01  1.77893E-01  1.46710E-01  1.20043E-01
  9.79246E-02  7.89276E-02  6.22889E-02  4.80615E-02  3.70361E-02  2.91706E-02
  1.76152E-02  9.91539E-03  3.65619E-03  1.98974E-04 -1.34971E-03 -2.87435E-04
  1.51589E-03  1.81970E-03 -8.44271E-04  1.88651E-04 -2.16397E-03 -1.06600E-03
  1.19876E-03  4.04068E-03  5.04224E-03  1.74478E-03 -2.04762E-04 -4.32234E-04
 -1.93558E-03  9.95655E-04  6.12660E-03  8.23453E-03  3.86896E-03  5.50109E-03
  3.54441E-03 -2.29732E-03  4.53893E-03 -2.67589E-03 -2.17312E-03
