AutoSaveFileName0053.ASC
 IFORMY    0    .00
 (6E13.7)
 IFORMT    0    .00
 (6E13.7)
 IFORMW    0    .00
 (6E13.7)
 NINTT     0   -1.00
 DOUSNQ    0    1.00
 IQUAD     0    1.00
 PRWT      0    1.00
 PRY       0    1.00
 IPLRES    1    3.00
 IPLRES    2    3.00
 IPRINT    1    0.00
 IPRINT    2    2.00
 IPLFIT    1    0.00
 IPLFIT    2    0.00
 LINEPG    0   50.
 NONNEG    1    1.00
 IWT       0    5.00
 NQPROG    1    5.00
 NQPROG    2    5.00
 GMNMX     1    2.30065E-02
 GMNMX     2    8.25873E-03
 RUSER    10    -1.00
 NG        0    500.00
 NLINF     0    1.00
 IUSER    10    4.00
 RUSER    21    1.0
 RUSER    22   -1.0
 RUSER    23    0.0
 RUSER    18         291.92972
 RUSER    17         39.99800
 RUSER    19         1.03230
 RUSER    15         1.33200
 RUSER    16         632.80000
 RUSER    25         1
 RUSER    26         0
 END       0    0.00
 NY      162
  7.50000E-07  8.75000E-07  1.00000E-06  1.12500E-06  1.25000E-06  1.37500E-06
  1.50000E-06  1.62500E-06  1.75000E-06  1.87500E-06  2.00000E-06  2.25000E-06
  2.50000E-06  2.75000E-06  3.00000E-06  3.25000E-06  3.50000E-06  3.75000E-06
  4.00000E-06  4.50000E-06  5.00000E-06  5.50000E-06  6.00000E-06  6.50000E-06
  7.00000E-06  7.50000E-06  8.00000E-06  9.00000E-06  1.00000E-05  1.10000E-05
  1.20000E-05  1.30000E-05  1.40000E-05  1.50000E-05  1.60000E-05  1.80000E-05
  2.00000E-05  2.20000E-05  2.40000E-05  2.60000E-05  2.80000E-05  3.00000E-05
  3.20000E-05  3.60000E-05  4.00000E-05  4.40000E-05  4.80000E-05  5.20000E-05
  5.60000E-05  6.00000E-05  6.40000E-05  7.20000E-05  8.00000E-05  8.80000E-05
  9.60000E-05  1.04000E-04  1.12000E-04  1.20000E-04  1.28000E-04  1.44000E-04
  1.60000E-04  1.76000E-04  1.92000E-04  2.08000E-04  2.24000E-04  2.40000E-04
  2.56000E-04  2.88000E-04  3.20000E-04  3.52000E-04  3.84000E-04  4.16000E-04
  4.48000E-04  4.80000E-04  5.12000E-04  5.76000E-04  6.40000E-04  7.04000E-04
  7.68000E-04  8.32000E-04  8.96000E-04  9.60000E-04  1.02400E-03  1.15200E-03
  1.28000E-03  1.40800E-03  1.53600E-03  1.66400E-03  1.79200E-03  1.92000E-03
  2.01600E-03  2.27200E-03  2.52800E-03  2.78400E-03  3.04000E-03  3.29600E-03
  3.55200E-03  3.80800E-03  4.06400E-03  4.57600E-03  5.08800E-03  5.60000E-03
  6.11200E-03  6.62400E-03  7.13600E-03  7.64800E-03  8.16000E-03  9.18400E-03
  1.02080E-02  1.12320E-02  1.22560E-02  1.32800E-02  1.43040E-02  1.53280E-02
  1.63520E-02  1.84000E-02  2.04480E-02  2.24960E-02  2.45440E-02  2.65920E-02
  2.86400E-02  3.06880E-02  3.27360E-02  3.68320E-02  4.09280E-02  4.50240E-02
  4.91200E-02  5.32160E-02  5.73120E-02  6.14080E-02  6.55040E-02  7.36960E-02
  8.18880E-02  9.00800E-02  9.82720E-02  1.06464E-01  1.14656E-01  1.22848E-01
  1.31040E-01  1.47424E-01  1.63808E-01  1.80192E-01  1.96576E-01  2.12960E-01
  2.29344E-01  2.45728E-01  2.62112E-01  2.94880E-01  3.27648E-01  3.60416E-01
  3.93184E-01  4.25952E-01  4.58720E-01  4.91488E-01  5.24256E-01  5.89792E-01
  6.55328E-01  7.20864E-01  7.86400E-01  8.51936E-01  9.17472E-01  9.83008E-01
  1.00000E+00  9.98326E-01  9.96448E-01  9.96476E-01  9.94335E-01  9.95105E-01
  9.91538E-01  9.95764E-01  9.95829E-01  9.93546E-01  9.93852E-01  9.93357E-01
  9.93487E-01  9.93539E-01  9.93901E-01  9.93044E-01  9.92382E-01  9.92150E-01
  9.91850E-01  9.92228E-01  9.91705E-01  9.92565E-01  9.91943E-01  9.90297E-01
  9.91135E-01  9.88722E-01  9.89167E-01  9.87852E-01  9.88706E-01  9.87868E-01
  9.86986E-01  9.86358E-01  9.85179E-01  9.84319E-01  9.83576E-01  9.82039E-01
  9.80872E-01  9.79591E-01  9.77645E-01  9.76333E-01  9.74962E-01  9.72911E-01
  9.72035E-01  9.69022E-01  9.66085E-01  9.63421E-01  9.60380E-01  9.57582E-01
  9.54983E-01  9.51809E-01  9.49009E-01  9.43090E-01  9.37653E-01  9.32297E-01
  9.27006E-01  9.21140E-01  9.15440E-01  9.10530E-01  9.05103E-01  8.94150E-01
  8.83797E-01  8.73153E-01  8.63310E-01  8.53019E-01  8.43291E-01  8.33334E-01
  8.23650E-01  8.04574E-01  7.86093E-01  7.67927E-01  7.50492E-01  7.33341E-01
  7.16791E-01  7.00584E-01  6.84602E-01  6.54069E-01  6.25003E-01  5.97314E-01
  5.70846E-01  5.45685E-01  5.21749E-01  4.98629E-01  4.76732E-01  4.35685E-01
  3.98203E-01  3.64140E-01  3.33433E-01  3.05872E-01  2.80454E-01  2.57027E-01
  2.41733E-01  2.03900E-01  1.71999E-01  1.45052E-01  1.22821E-01  1.04028E-01
  8.78778E-02  7.46055E-02  6.39542E-02  4.64464E-02  3.44442E-02  2.71225E-02
  2.12288E-02  1.74189E-02  1.47782E-02  1.27706E-02  9.67233E-03  2.10909E-03
 -1.73937E-03 -2.72780E-03 -2.78401E-04  5.18822E-03  5.55113E-03  1.46842E-03
  1.60792E-04  4.36357E-04 -1.14399E-03 -2.39673E-04  4.19893E-04  2.56329E-03
  2.98434E-03 -1.06088E-04  1.12604E-03 -1.81740E-03  3.44025E-03  4.03135E-03
  3.92142E-03  3.47991E-03  3.37960E-03  1.71676E-03 -2.91930E-03  1.47652E-04
  1.65238E-04  7.10457E-04  1.10077E-03 -3.73976E-03 -2.15050E-03 -1.75478E-03
 -5.38581E-03  1.07700E-03  1.33575E-03  2.40742E-03 -1.85992E-03  4.62357E-03
  3.52459E-04 -6.56211E-03 -2.48816E-05  3.28798E-03 -3.30782E-04 -2.44427E-04
  1.51521E-03 -1.81209E-03 -3.08313E-04  1.84949E-03  2.26765E-03 -4.86587E-04
  3.87259E-04  1.44273E-03 -1.66759E-05  1.92468E-03  2.53836E-03  6.88467E-05
