AutoSaveFileName0068.ASC
 IFORMY    0    .00
 (6E13.7)
 IFORMT    0    .00
 (6E13.7)
 IFORMW    0    .00
 (6E13.7)
 NINTT     0   -1.00
 DOUSNQ    0    1.00
 IQUAD          1.00
 PRWT      0    1.00
 PRY       0    1.00
 IPLRES    1    3.00
 IPLRES    2    3.00
 IPRINT    1    0.00
 IPRINT    2    2.00
 IPLFIT    1    0.00
 IPLFIT    2    0.00
 LINEPG    0   50.
 NONNEG    1    1.00
 IWT       0    5.00
 NQPROG    1    5.00
 NQPROG    2    5.00
 GMNMX     1    4.679E-05
 GMNMX     2    4.679E-02
 RUSER    10    -1.00
 NG        0    200.00
 NLINF     0    0.00
 IUSER    10    4.00
 RUSER    21    1.0
 RUSER    22   -1.0
 RUSER    23    0.0
 RUSER    18         292.18157
 RUSER    17         44.99800
 RUSER    19         1.02588
 RUSER    15         1.33200
 RUSER    16         632.80000
 RUSER    25         1
 RUSER    26         0
 END       0    0.00
 NY      188
  5.00000E-07  6.25000E-07  7.50000E-07  8.75000E-07  1.00000E-06  1.12500E-06
  1.25000E-06  1.37500E-06  1.50000E-06  1.62500E-06  1.75000E-06  1.87500E-06
  2.00000E-06  2.25000E-06  2.50000E-06  2.75000E-06  3.00000E-06  3.25000E-06
  3.50000E-06  3.75000E-06  4.00000E-06  4.50000E-06  5.00000E-06  5.50000E-06
  6.00000E-06  6.50000E-06  7.00000E-06  7.50000E-06  8.00000E-06  9.00000E-06
  1.00000E-05  1.10000E-05  1.20000E-05  1.30000E-05  1.40000E-05  1.50000E-05
  1.60000E-05  1.80000E-05  2.00000E-05  2.20000E-05  2.40000E-05  2.60000E-05
  2.80000E-05  3.00000E-05  3.20000E-05  3.60000E-05  4.00000E-05  4.40000E-05
  4.80000E-05  5.20000E-05  5.60000E-05  6.00000E-05  6.40000E-05  7.20000E-05
  8.00000E-05  8.80000E-05  9.60000E-05  1.04000E-04  1.12000E-04  1.20000E-04
  1.28000E-04  1.44000E-04  1.60000E-04  1.76000E-04  1.92000E-04  2.08000E-04
  2.24000E-04  2.40000E-04  2.56000E-04  2.88000E-04  3.20000E-04  3.52000E-04
  3.84000E-04  4.16000E-04  4.48000E-04  4.80000E-04  5.12000E-04  5.76000E-04
  6.40000E-04  7.04000E-04  7.68000E-04  8.32000E-04  8.96000E-04  9.60000E-04
  1.02400E-03  1.15200E-03  1.28000E-03  1.40800E-03  1.53600E-03  1.66400E-03
  1.79200E-03  1.92000E-03  2.01600E-03  2.27200E-03  2.52800E-03  2.78400E-03
  3.04000E-03  3.29600E-03  3.55200E-03  3.80800E-03  4.06400E-03  4.57600E-03
  5.08800E-03  5.60000E-03  6.11200E-03  6.62400E-03  7.13600E-03  7.64800E-03
  8.16000E-03  9.18400E-03  1.02080E-02  1.12320E-02  1.22560E-02  1.32800E-02
  1.43040E-02  1.53280E-02  1.63520E-02  1.84000E-02  2.04480E-02  2.24960E-02
  2.45440E-02  2.65920E-02  2.86400E-02  3.06880E-02  3.27360E-02  3.68320E-02
  4.09280E-02  4.50240E-02  4.91200E-02  5.32160E-02  5.73120E-02  6.14080E-02
  6.55040E-02  7.36960E-02  8.18880E-02  9.00800E-02  9.82720E-02  1.06464E-01
  1.14656E-01  1.22848E-01  1.31040E-01  1.47424E-01  1.63808E-01  1.80192E-01
  1.96576E-01  2.12960E-01  2.29344E-01  2.45728E-01  2.62112E-01  2.94880E-01
  3.27648E-01  3.60416E-01  3.93184E-01  4.25952E-01  4.58720E-01  4.91488E-01
  5.24256E-01  5.89792E-01  6.55328E-01  7.20864E-01  7.86400E-01  8.51936E-01
  9.17472E-01  9.83008E-01  1.04854E+00  1.17962E+00  1.31069E+00  1.44176E+00
  1.57283E+00  1.70390E+00  1.83498E+00  1.96605E+00  2.09712E+00  2.35926E+00
  2.62141E+00  2.88355E+00  3.14570E+00  3.40784E+00  3.66998E+00  3.93213E+00
  4.19427E+00  4.71856E+00  5.24285E+00  5.76714E+00  6.29142E+00  6.81571E+00
  7.34000E+00  7.86429E+00
  9.94146E-01  9.93112E-01  9.90192E-01  9.93238E-01  9.91330E-01  9.85629E-01
  9.88042E-01  9.91359E-01  9.91216E-01  9.87620E-01  9.87623E-01  9.88127E-01
  9.88546E-01  9.86971E-01  9.87771E-01  9.88986E-01  9.87929E-01  9.86643E-01
  9.89748E-01  9.86329E-01  9.87244E-01  9.88266E-01  9.88437E-01  9.87916E-01
  9.87525E-01  9.87979E-01  9.88929E-01  9.89039E-01  9.87999E-01  9.87200E-01
  9.86779E-01  9.87043E-01  9.86149E-01  9.86948E-01  9.87222E-01  9.87883E-01
  9.87492E-01  9.86695E-01  9.87207E-01  9.87083E-01  9.85817E-01  9.86611E-01
  9.86749E-01  9.85812E-01  9.85822E-01  9.85605E-01  9.85082E-01  9.85085E-01
  9.84068E-01  9.84217E-01  9.84306E-01  9.84160E-01  9.83325E-01  9.82934E-01
  9.82362E-01  9.82020E-01  9.81211E-01  9.80723E-01  9.80226E-01  9.79319E-01
  9.78688E-01  9.77833E-01  9.76747E-01  9.75521E-01  9.74546E-01  9.73234E-01
  9.72033E-01  9.70866E-01  9.69544E-01  9.67346E-01  9.65117E-01  9.62859E-01
  9.60457E-01  9.58253E-01  9.56102E-01  9.53727E-01  9.43855E-01  9.39337E-01
  9.35025E-01  9.30523E-01  9.26233E-01  9.21830E-01  9.17512E-01  9.13075E-01
  8.31160E-01  8.23079E-01  8.14941E-01  8.06918E-01  7.99169E-01  7.91281E-01
  7.83734E-01  7.76141E-01  8.51503E-01  8.35724E-01  8.20185E-01  8.04999E-01
  7.90055E-01  7.75425E-01  7.61096E-01  7.47074E-01  7.33451E-01  7.06775E-01
  6.81161E-01  6.56653E-01  6.33225E-01  6.10729E-01  5.89030E-01  5.68164E-01
  5.48412E-01  5.10247E-01  4.74202E-01  4.40874E-01  4.10035E-01  3.81249E-01
  3.54662E-01  3.30348E-01  3.08253E-01  2.67905E-01  2.32799E-01  2.02365E-01
  1.75735E-01  1.54005E-01  1.35249E-01  1.18900E-01  1.05209E-01  8.35785E-02
  6.73631E-02  5.29966E-02  4.32361E-02  3.50221E-02  2.96388E-02  2.45260E-02
  2.08047E-02  1.07002E-02  2.79083E-03 -5.24267E-03 -1.20162E-02 -1.03966E-02
 -9.56993E-03 -1.07929E-02 -1.20300E-02 -3.88341E-03  5.33956E-03  7.25494E-03
  7.62345E-03  4.54637E-03 -5.27570E-03 -8.46696E-03 -8.63882E-03  2.73535E-03
  5.73046E-03  1.75172E-03  7.05544E-03 -1.13142E-02 -5.44095E-03 -5.96797E-03
 -8.34769E-03 -7.38807E-03 -3.58346E-03 -6.06978E-03  2.36377E-03  4.87167E-03
 -6.27019E-03 -1.57781E-03 -2.24404E-03 -6.90411E-03 -4.68735E-03  1.35344E-03
  4.80675E-03  2.05853E-03  8.48132E-03  5.01379E-03 -4.82683E-03  3.88396E-04
 -3.86877E-03 -3.55566E-04 -5.72519E-03  2.04573E-03 -2.61270E-03 -2.99812E-03
 -8.06129E-04  1.24825E-03 -2.14088E-03  4.07174E-03 -7.59250E-03 -2.89895E-03
  5.12319E-03 -3.83166E-03
