AutoSaveFileName0284.ASC
 IFORMY    0    .00
 (6E13.7)
 IFORMT    0    .00
 (6E13.7)
 IFORMW    0    .00
 (6E13.7)
 NINTT     0   -1.00
 DOUSNQ    0    1.00
 IQUAD          1.00
 PRWT      0    1.00
 PRY       0    1.00
 IPLRES    1    3.00
 IPLRES    2    3.00
 IPRINT    1    0.00
 IPRINT    2    2.00
 IPLFIT    1    0.00
 IPLFIT    2    0.00
 LINEPG    0   50.
 NONNEG    1    1.00
 IWT       0    5.00
 NQPROG    1    5.00
 NQPROG    2    5.00
 GMNMX     1    7.173E-06
 GMNMX     2    7.173E-03
 RUSER    10    -1.00
 NG        0    200.00
 NLINF     0    0.00
 IUSER    10    4.00
 RUSER    21    1.0
 RUSER    22   -1.0
 RUSER    23    0.0
 RUSER    18         292.25632
 RUSER    17         154.99900
 RUSER    19         1.02398
 RUSER    15         1.33200
 RUSER    16         632.80000
 RUSER    25         1
 RUSER    26         0
 END       0    0.00
 NY      188
  5.00000E-07  6.25000E-07  7.50000E-07  8.75000E-07  1.00000E-06  1.12500E-06
  1.25000E-06  1.37500E-06  1.50000E-06  1.62500E-06  1.75000E-06  1.87500E-06
  2.00000E-06  2.25000E-06  2.50000E-06  2.75000E-06  3.00000E-06  3.25000E-06
  3.50000E-06  3.75000E-06  4.00000E-06  4.50000E-06  5.00000E-06  5.50000E-06
  6.00000E-06  6.50000E-06  7.00000E-06  7.50000E-06  8.00000E-06  9.00000E-06
  1.00000E-05  1.10000E-05  1.20000E-05  1.30000E-05  1.40000E-05  1.50000E-05
  1.60000E-05  1.80000E-05  2.00000E-05  2.20000E-05  2.40000E-05  2.60000E-05
  2.80000E-05  3.00000E-05  3.20000E-05  3.60000E-05  4.00000E-05  4.40000E-05
  4.80000E-05  5.20000E-05  5.60000E-05  6.00000E-05  6.40000E-05  7.20000E-05
  8.00000E-05  8.80000E-05  9.60000E-05  1.04000E-04  1.12000E-04  1.20000E-04
  1.28000E-04  1.44000E-04  1.60000E-04  1.76000E-04  1.92000E-04  2.08000E-04
  2.24000E-04  2.40000E-04  2.56000E-04  2.88000E-04  3.20000E-04  3.52000E-04
  3.84000E-04  4.16000E-04  4.48000E-04  4.80000E-04  5.12000E-04  5.76000E-04
  6.40000E-04  7.04000E-04  7.68000E-04  8.32000E-04  8.96000E-04  9.60000E-04
  1.02400E-03  1.15200E-03  1.28000E-03  1.40800E-03  1.53600E-03  1.66400E-03
  1.79200E-03  1.92000E-03  2.01600E-03  2.27200E-03  2.52800E-03  2.78400E-03
  3.04000E-03  3.29600E-03  3.55200E-03  3.80800E-03  4.06400E-03  4.57600E-03
  5.08800E-03  5.60000E-03  6.11200E-03  6.62400E-03  7.13600E-03  7.64800E-03
  8.16000E-03  9.18400E-03  1.02080E-02  1.12320E-02  1.22560E-02  1.32800E-02
  1.43040E-02  1.53280E-02  1.63520E-02  1.84000E-02  2.04480E-02  2.24960E-02
  2.45440E-02  2.65920E-02  2.86400E-02  3.06880E-02  3.27360E-02  3.68320E-02
  4.09280E-02  4.50240E-02  4.91200E-02  5.32160E-02  5.73120E-02  6.14080E-02
  6.55040E-02  7.36960E-02  8.18880E-02  9.00800E-02  9.82720E-02  1.06464E-01
  1.14656E-01  1.22848E-01  1.31040E-01  1.47424E-01  1.63808E-01  1.80192E-01
  1.96576E-01  2.12960E-01  2.29344E-01  2.45728E-01  2.62112E-01  2.94880E-01
  3.27648E-01  3.60416E-01  3.93184E-01  4.25952E-01  4.58720E-01  4.91488E-01
  5.24256E-01  5.89792E-01  6.55328E-01  7.20864E-01  7.86400E-01  8.51936E-01
  9.17472E-01  9.83008E-01  1.04854E+00  1.17962E+00  1.31069E+00  1.44176E+00
  1.57283E+00  1.70390E+00  1.83498E+00  1.96605E+00  2.09712E+00  2.35926E+00
  2.62141E+00  2.88355E+00  3.14570E+00  3.40784E+00  3.66998E+00  3.93213E+00
  4.19427E+00  4.71856E+00  5.24285E+00  5.76714E+00  6.29142E+00  6.81571E+00
  7.34000E+00  7.86429E+00
  9.94480E-01  9.93048E-01  9.94485E-01  9.90932E-01  9.89858E-01  9.88454E-01
  9.88995E-01  9.89861E-01  9.85979E-01  9.88038E-01  9.91502E-01  9.86793E-01
  9.87053E-01  9.88061E-01  9.88511E-01  9.90009E-01  9.89172E-01  9.86160E-01
  9.86007E-01  9.86573E-01  9.86862E-01  9.88263E-01  9.87214E-01  9.87155E-01
  9.85928E-01  9.86106E-01  9.86742E-01  9.85065E-01  9.84203E-01  9.85017E-01
  9.84399E-01  9.83914E-01  9.83827E-01  9.82771E-01  9.82927E-01  9.82539E-01
  9.82633E-01  9.81727E-01  9.80451E-01  9.80104E-01  9.79650E-01  9.78580E-01
  9.77626E-01  9.76804E-01  9.76026E-01  9.73247E-01  9.71884E-01  9.70197E-01
  9.68553E-01  9.66767E-01  9.65639E-01  9.63278E-01  9.62119E-01  9.58774E-01
  9.55106E-01  9.52029E-01  9.49035E-01  9.44995E-01  9.41795E-01  9.38385E-01
  9.35218E-01  9.28914E-01  9.22327E-01  9.15973E-01  9.09447E-01  9.02962E-01
  8.96835E-01  8.90636E-01  8.84179E-01  8.71794E-01  8.59574E-01  8.47582E-01
  8.35781E-01  8.24208E-01  8.12779E-01  8.01619E-01  7.90783E-01  7.69134E-01
  7.48184E-01  7.27790E-01  7.08152E-01  6.89024E-01  6.70491E-01  6.52751E-01
  6.35338E-01  6.02460E-01  5.71773E-01  5.42705E-01  5.15321E-01  4.89604E-01
  4.65574E-01  4.42972E-01  4.27617E-01  3.88401E-01  3.53292E-01  3.22188E-01
  2.94748E-01  2.70204E-01  2.48162E-01  2.28116E-01  2.10522E-01  1.79970E-01
  1.55741E-01  1.36695E-01  1.20657E-01  1.07114E-01  9.55489E-02  8.63594E-02
  7.82859E-02  6.40560E-02  5.16694E-02  4.38116E-02  3.99521E-02  3.71300E-02
  3.53698E-02  3.35609E-02  3.15052E-02  2.61920E-02  2.20744E-02  1.86355E-02
  1.96316E-02  2.27745E-02  2.48045E-02  2.24120E-02  2.00994E-02  1.26096E-02
  8.22105E-03  9.03590E-03  6.52662E-03  4.82004E-03  6.88490E-03  4.00718E-03
  3.46968E-03 -6.47828E-03  1.41204E-03  4.11186E-03  7.76004E-04 -3.65581E-04
  5.69219E-03  3.42313E-03  4.16571E-03  2.24115E-03  2.30191E-04  5.80341E-04
 -1.57193E-05  1.98969E-03  3.36594E-03 -4.97128E-05 -4.59283E-05 -7.37756E-03
 -3.26740E-03  1.40947E-03 -6.52754E-06 -4.86457E-03  8.82905E-05  3.53642E-03
 -1.65896E-03 -1.64444E-03 -4.33491E-04 -2.74665E-03  2.44390E-03  5.19218E-03
  6.14842E-04  1.67137E-03  8.30052E-04  5.70921E-04 -2.22317E-03 -3.21381E-03
 -6.66787E-03 -9.46679E-04 -2.00716E-03 -2.75142E-03 -1.13648E-03 -3.46774E-03
 -6.53055E-04 -4.26106E-04 -8.39170E-04 -7.47931E-04 -4.60482E-05 -1.51331E-04
 -2.05135E-04  7.11633E-04  5.56686E-04  1.77575E-03  1.31528E-03 -2.64169E-05
  5.83990E-04 -5.18323E-04
