AutoSaveFileName0162.ASC
 IFORMY    0    .00
 (6E13.7)
 IFORMT    0    .00
 (6E13.7)
 IFORMW    0    .00
 (6E13.7)
 NINTT     0   -1.00
 DOUSNQ    0    1.00
 IQUAD          1.00
 PRWT      0    1.00
 PRY       0    1.00
 IPLRES    1    3.00
 IPLRES    2    3.00
 IPRINT    1    0.00
 IPRINT    2    2.00
 IPLFIT    1    0.00
 IPLFIT    2    0.00
 LINEPG    0   50.
 NONNEG    1    1.00
 IWT       0    5.00
 NQPROG    1    5.00
 NQPROG    2    5.00
 GMNMX     1    1.259E-05
 GMNMX     2    1.259E-02
 RUSER    10    -1.00
 NG        0    200.00
 NLINF     0    0.00
 IUSER    10    4.00
 RUSER    21    1.0
 RUSER    22   -1.0
 RUSER    23    0.0
 RUSER    18         292.22089
 RUSER    17         94.99900
 RUSER    19         1.02488
 RUSER    15         1.33200
 RUSER    16         632.80000
 RUSER    25         1
 RUSER    26         0
 END       0    0.00
 NY      188
  5.00000E-07  6.25000E-07  7.50000E-07  8.75000E-07  1.00000E-06  1.12500E-06
  1.25000E-06  1.37500E-06  1.50000E-06  1.62500E-06  1.75000E-06  1.87500E-06
  2.00000E-06  2.25000E-06  2.50000E-06  2.75000E-06  3.00000E-06  3.25000E-06
  3.50000E-06  3.75000E-06  4.00000E-06  4.50000E-06  5.00000E-06  5.50000E-06
  6.00000E-06  6.50000E-06  7.00000E-06  7.50000E-06  8.00000E-06  9.00000E-06
  1.00000E-05  1.10000E-05  1.20000E-05  1.30000E-05  1.40000E-05  1.50000E-05
  1.60000E-05  1.80000E-05  2.00000E-05  2.20000E-05  2.40000E-05  2.60000E-05
  2.80000E-05  3.00000E-05  3.20000E-05  3.60000E-05  4.00000E-05  4.40000E-05
  4.80000E-05  5.20000E-05  5.60000E-05  6.00000E-05  6.40000E-05  7.20000E-05
  8.00000E-05  8.80000E-05  9.60000E-05  1.04000E-04  1.12000E-04  1.20000E-04
  1.28000E-04  1.44000E-04  1.60000E-04  1.76000E-04  1.92000E-04  2.08000E-04
  2.24000E-04  2.40000E-04  2.56000E-04  2.88000E-04  3.20000E-04  3.52000E-04
  3.84000E-04  4.16000E-04  4.48000E-04  4.80000E-04  5.12000E-04  5.76000E-04
  6.40000E-04  7.04000E-04  7.68000E-04  8.32000E-04  8.96000E-04  9.60000E-04
  1.02400E-03  1.15200E-03  1.28000E-03  1.40800E-03  1.53600E-03  1.66400E-03
  1.79200E-03  1.92000E-03  2.01600E-03  2.27200E-03  2.52800E-03  2.78400E-03
  3.04000E-03  3.29600E-03  3.55200E-03  3.80800E-03  4.06400E-03  4.57600E-03
  5.08800E-03  5.60000E-03  6.11200E-03  6.62400E-03  7.13600E-03  7.64800E-03
  8.16000E-03  9.18400E-03  1.02080E-02  1.12320E-02  1.22560E-02  1.32800E-02
  1.43040E-02  1.53280E-02  1.63520E-02  1.84000E-02  2.04480E-02  2.24960E-02
  2.45440E-02  2.65920E-02  2.86400E-02  3.06880E-02  3.27360E-02  3.68320E-02
  4.09280E-02  4.50240E-02  4.91200E-02  5.32160E-02  5.73120E-02  6.14080E-02
  6.55040E-02  7.36960E-02  8.18880E-02  9.00800E-02  9.82720E-02  1.06464E-01
  1.14656E-01  1.22848E-01  1.31040E-01  1.47424E-01  1.63808E-01  1.80192E-01
  1.96576E-01  2.12960E-01  2.29344E-01  2.45728E-01  2.62112E-01  2.94880E-01
  3.27648E-01  3.60416E-01  3.93184E-01  4.25952E-01  4.58720E-01  4.91488E-01
  5.24256E-01  5.89792E-01  6.55328E-01  7.20864E-01  7.86400E-01  8.51936E-01
  9.17472E-01  9.83008E-01  1.04854E+00  1.17962E+00  1.31069E+00  1.44176E+00
  1.57283E+00  1.70390E+00  1.83498E+00  1.96605E+00  2.09712E+00  2.35926E+00
  2.62141E+00  2.88355E+00  3.14570E+00  3.40784E+00  3.66998E+00  3.93213E+00
  4.19427E+00  4.71856E+00  5.24285E+00  5.76714E+00  6.29142E+00  6.81571E+00
  7.34000E+00  7.86429E+00
  9.96930E-01  9.94300E-01  9.96460E-01  9.93215E-01  9.91288E-01  9.94899E-01
  9.92740E-01  9.91238E-01  9.91958E-01  9.94592E-01  9.95278E-01  9.93722E-01
  9.92699E-01  9.90731E-01  9.91505E-01  9.89545E-01  9.89803E-01  9.90302E-01
  9.91126E-01  9.91496E-01  9.91413E-01  9.90148E-01  9.91089E-01  9.89882E-01
  9.90182E-01  9.91043E-01  9.90831E-01  9.88110E-01  9.89067E-01  9.89882E-01
  9.89666E-01  9.88476E-01  9.88230E-01  9.89832E-01  9.87648E-01  9.87594E-01
  9.87057E-01  9.87577E-01  9.86429E-01  9.86179E-01  9.85339E-01  9.85218E-01
  9.84557E-01  9.83263E-01  9.83263E-01  9.82165E-01  9.80659E-01  9.80134E-01
  9.78591E-01  9.77647E-01  9.76711E-01  9.75379E-01  9.74614E-01  9.72529E-01
  9.69813E-01  9.67520E-01  9.66081E-01  9.63564E-01  9.61134E-01  9.59254E-01
  9.56762E-01  9.52314E-01  9.48196E-01  9.43969E-01  9.39409E-01  9.35028E-01
  9.30664E-01  9.26416E-01  9.21969E-01  9.13632E-01  9.04833E-01  8.96508E-01
  8.88150E-01  8.79858E-01  8.71941E-01  8.63716E-01  8.55965E-01  8.40190E-01
  8.24751E-01  8.09719E-01  7.94950E-01  7.80464E-01  7.66410E-01  7.52615E-01
  7.39056E-01  7.12713E-01  6.87418E-01  6.62922E-01  6.39433E-01  6.16830E-01
  5.95271E-01  5.74640E-01  5.60603E-01  5.22229E-01  4.86292E-01  4.52477E-01
  4.20708E-01  3.91754E-01  3.65265E-01  3.41010E-01  3.18763E-01  2.77373E-01
  2.41755E-01  2.11812E-01  1.86211E-01  1.63982E-01  1.43616E-01  1.25836E-01
  1.10803E-01  8.63571E-02  6.74342E-02  5.35899E-02  4.20059E-02  3.32860E-02
  2.73469E-02  2.32540E-02  1.99184E-02  1.43418E-02  1.06041E-02  7.11357E-03
  6.24872E-03  5.25365E-03  6.78449E-03  8.05517E-03  9.50771E-03  3.00838E-03
  3.34323E-04  3.21523E-03  8.69828E-03  7.72393E-03 -7.86417E-04 -5.85694E-03
 -5.51900E-03  5.30200E-03  7.06335E-03  4.90772E-03 -4.68964E-03  2.17864E-03
  4.02564E-03 -1.75189E-04 -5.67393E-04  4.32902E-03 -3.22821E-03 -9.49673E-03
 -7.02042E-03 -2.98183E-03 -2.31151E-03 -3.70001E-03 -4.75221E-04 -5.34135E-03
  2.50489E-03  6.70153E-03  1.55168E-03 -1.06264E-02  1.51810E-03  4.93789E-03
  3.02179E-03 -3.69800E-03  2.59236E-03 -3.07870E-03 -4.25484E-03 -3.63794E-03
 -2.33236E-03 -3.99295E-03  2.38542E-03  1.70803E-03 -2.14642E-03 -1.07875E-03
 -1.74957E-03  2.12777E-03  1.54957E-03 -4.94617E-04 -1.52522E-03  2.64356E-03
 -2.28472E-04 -4.12016E-04 -1.78514E-04 -1.00622E-03 -2.59722E-03 -3.96792E-03
  1.51747E-04 -4.97171E-04  7.14419E-04 -3.29220E-03  3.77654E-05  1.25487E-03
  2.96444E-04 -1.79153E-03
