AutoSaveFileName0010.ASC
 IFORMY    0    .00
 (6E13.7)
 IFORMT    0    .00
 (6E13.7)
 IFORMW    0    .00
 (6E13.7)
 NINTT     0   -1.00
 DOUSNQ    0    1.00
 IQUAD          1.00
 PRWT      0    1.00
 PRY       0    1.00
 IPLRES    1    3.00
 IPLRES    2    3.00
 IPRINT    1    0.00
 IPRINT    2    2.00
 IPLFIT    1    0.00
 IPLFIT    2    0.00
 LINEPG    0   50.
 NONNEG    1    1.00
 IWT       0    5.00
 NQPROG    1    5.00
 NQPROG    2    5.00
 GMNMX     1    2.830E-04
 GMNMX     2    2.830E-01
 RUSER    10    -1.00
 NG        0    200.00
 NLINF     0    0.00
 IUSER    10    4.00
 RUSER    21    1.0
 RUSER    22   -1.0
 RUSER    23    0.0
 RUSER    18         291.79929
 RUSER    17         17.99900
 RUSER    19         1.03564
 RUSER    15         1.33200
 RUSER    16         632.80000
 RUSER    25         1
 RUSER    26         0
 END       0    0.00
 NY      131
  3.75000E-07  5.00000E-07  6.25000E-07  7.50000E-07  8.75000E-07  1.00000E-06
  1.12500E-06  1.25000E-06  1.37500E-06  1.50000E-06  1.62500E-06  1.75000E-06
  1.87500E-06  2.00000E-06  2.25000E-06  2.50000E-06  2.75000E-06  3.00000E-06
  3.25000E-06  3.50000E-06  3.75000E-06  4.00000E-06  4.50000E-06  5.00000E-06
  5.50000E-06  6.00000E-06  6.50000E-06  7.00000E-06  7.50000E-06  8.00000E-06
  9.00000E-06  1.00000E-05  1.10000E-05  1.20000E-05  1.30000E-05  1.40000E-05
  1.50000E-05  1.60000E-05  1.80000E-05  2.00000E-05  2.20000E-05  2.40000E-05
  2.60000E-05  2.80000E-05  3.00000E-05  3.20000E-05  3.60000E-05  4.00000E-05
  4.40000E-05  4.80000E-05  5.20000E-05  5.60000E-05  6.00000E-05  6.40000E-05
  7.20000E-05  8.00000E-05  8.80000E-05  9.60000E-05  1.04000E-04  1.12000E-04
  1.20000E-04  1.28000E-04  1.44000E-04  1.60000E-04  1.76000E-04  1.92000E-04
  2.08000E-04  2.24000E-04  2.40000E-04  2.56000E-04  2.88000E-04  3.20000E-04
  3.52000E-04  3.84000E-04  4.16000E-04  4.48000E-04  4.80000E-04  5.12000E-04
  5.76000E-04  6.40000E-04  7.04000E-04  7.68000E-04  8.32000E-04  8.96000E-04
  9.60000E-04  1.02400E-03  1.15200E-03  1.28000E-03  1.40800E-03  1.53600E-03
  1.66400E-03  1.79200E-03  1.92000E-03  2.01600E-03  2.27200E-03  2.52800E-03
  2.78400E-03  3.04000E-03  3.29600E-03  3.55200E-03  3.80800E-03  4.06400E-03
  4.57600E-03  5.08800E-03  5.60000E-03  6.11200E-03  6.62400E-03  7.13600E-03
  7.64800E-03  8.16000E-03  9.18400E-03  1.02080E-02  1.12320E-02  1.22560E-02
  1.32800E-02  1.43040E-02  1.53280E-02  1.63520E-02  1.84000E-02  2.04480E-02
  2.24960E-02  2.45440E-02  2.65920E-02  2.86400E-02  3.06880E-02  3.27360E-02
  3.68320E-02  4.09280E-02  4.50240E-02  4.91200E-02  5.32160E-02
  1.31572E+00  1.31448E+00  1.31384E+00  1.31312E+00  1.31351E+00  1.31442E+00
  1.31309E+00  1.31257E+00  1.31244E+00  1.31400E+00  1.31205E+00  1.31188E+00
  1.31240E+00  1.31242E+00  1.31179E+00  1.31231E+00  1.31226E+00  1.31204E+00
  1.31221E+00  1.31197E+00  1.31220E+00  1.31274E+00  1.31297E+00  1.31244E+00
  1.31229E+00  1.31245E+00  1.31285E+00  1.31195E+00  1.31222E+00  1.31245E+00
  1.31154E+00  1.31228E+00  1.31206E+00  1.31185E+00  1.31228E+00  1.31253E+00
  1.31220E+00  1.31223E+00  1.31168E+00  1.31196E+00  1.31173E+00  1.31136E+00
  1.31139E+00  1.31170E+00  1.31123E+00  1.31124E+00  1.31104E+00  1.31095E+00
  1.31086E+00  1.31071E+00  1.31082E+00  1.31068E+00  1.31047E+00  1.31031E+00
  1.31019E+00  1.30996E+00  1.30944E+00  1.30917E+00  1.30902E+00  1.30871E+00
  1.30821E+00  1.30789E+00  1.30738E+00  1.30673E+00  1.30608E+00  1.30554E+00
  1.30499E+00  1.30442E+00  1.30380E+00  1.30314E+00  1.30196E+00  1.30075E+00
  1.29957E+00  1.29828E+00  1.29709E+00  1.29594E+00  1.29480E+00  1.29356E+00
  1.29119E+00  1.28877E+00  1.28637E+00  1.28395E+00  1.28169E+00  1.27926E+00
  1.27691E+00  1.27416E+00  1.26956E+00  1.26487E+00  1.26028E+00  1.25575E+00
  1.25125E+00  1.24674E+00  1.24219E+00  1.23565E+00  1.22669E+00  1.21773E+00
  1.20894E+00  1.20020E+00  1.19147E+00  1.18286E+00  1.17433E+00  1.16609E+00
  1.14936E+00  1.13315E+00  1.11724E+00  1.10166E+00  1.08642E+00  1.07147E+00
  1.05689E+00  1.04312E+00  1.01498E+00  9.87322E-01  9.60362E-01  9.34438E-01
  9.09182E-01  8.84272E-01  8.59918E-01  8.37827E-01  7.91119E-01  7.45716E-01
  7.03138E-01  6.62820E-01  6.25279E-01  5.90939E-01  5.58177E-01  5.29630E-01
  4.73068E-01  4.25185E-01  3.84338E-01  3.52090E-01  3.27227E-01
