AutoSaveFileName0278.ASC
 IFORMY    0    .00
 (6E13.7)
 IFORMT    0    .00
 (6E13.7)
 IFORMW    0    .00
 (6E13.7)
 NINTT     0   -1.00
 DOUSNQ    0    1.00
 IQUAD          1.00
 PRWT      0    1.00
 PRY       0    1.00
 IPLRES    1    3.00
 IPLRES    2    3.00
 IPRINT    1    0.00
 IPRINT    2    2.00
 IPLFIT    1    0.00
 IPLFIT    2    0.00
 LINEPG    0   50.
 NONNEG    1    1.00
 IWT       0    5.00
 NQPROG    1    5.00
 NQPROG    2    5.00
 GMNMX     1    1.061E-05
 GMNMX     2    1.061E-02
 RUSER    10    -1.00
 NG        0    200.00
 NLINF     0    0.00
 IUSER    10    4.00
 RUSER    21    1.0
 RUSER    22   -1.0
 RUSER    23    0.0
 RUSER    18         292.14000
 RUSER    17         106.99900
 RUSER    19         1.02693
 RUSER    15         1.33200
 RUSER    16         632.80000
 RUSER    25         1
 RUSER    26         0
 END       0    0.00
 NY      131
  3.75000E-07  5.00000E-07  6.25000E-07  7.50000E-07  8.75000E-07  1.00000E-06
  1.12500E-06  1.25000E-06  1.37500E-06  1.50000E-06  1.62500E-06  1.75000E-06
  1.87500E-06  2.00000E-06  2.25000E-06  2.50000E-06  2.75000E-06  3.00000E-06
  3.25000E-06  3.50000E-06  3.75000E-06  4.00000E-06  4.50000E-06  5.00000E-06
  5.50000E-06  6.00000E-06  6.50000E-06  7.00000E-06  7.50000E-06  8.00000E-06
  9.00000E-06  1.00000E-05  1.10000E-05  1.20000E-05  1.30000E-05  1.40000E-05
  1.50000E-05  1.60000E-05  1.80000E-05  2.00000E-05  2.20000E-05  2.40000E-05
  2.60000E-05  2.80000E-05  3.00000E-05  3.20000E-05  3.60000E-05  4.00000E-05
  4.40000E-05  4.80000E-05  5.20000E-05  5.60000E-05  6.00000E-05  6.40000E-05
  7.20000E-05  8.00000E-05  8.80000E-05  9.60000E-05  1.04000E-04  1.12000E-04
  1.20000E-04  1.28000E-04  1.44000E-04  1.60000E-04  1.76000E-04  1.92000E-04
  2.08000E-04  2.24000E-04  2.40000E-04  2.56000E-04  2.88000E-04  3.20000E-04
  3.52000E-04  3.84000E-04  4.16000E-04  4.48000E-04  4.80000E-04  5.12000E-04
  5.76000E-04  6.40000E-04  7.04000E-04  7.68000E-04  8.32000E-04  8.96000E-04
  9.60000E-04  1.02400E-03  1.15200E-03  1.28000E-03  1.40800E-03  1.53600E-03
  1.66400E-03  1.79200E-03  1.92000E-03  2.01600E-03  2.27200E-03  2.52800E-03
  2.78400E-03  3.04000E-03  3.29600E-03  3.55200E-03  3.80800E-03  4.06400E-03
  4.57600E-03  5.08800E-03  5.60000E-03  6.11200E-03  6.62400E-03  7.13600E-03
  7.64800E-03  8.16000E-03  9.18400E-03  1.02080E-02  1.12320E-02  1.22560E-02
  1.32800E-02  1.43040E-02  1.53280E-02  1.63520E-02  1.84000E-02  2.04480E-02
  2.24960E-02  2.45440E-02  2.65920E-02  2.86400E-02  3.06880E-02  3.27360E-02
  3.68320E-02  4.09280E-02  4.50240E-02  4.91200E-02  5.32160E-02
  2.42058E+00  2.41577E+00  2.41109E+00  2.40623E+00  2.40688E+00  2.40796E+00
  2.40053E+00  2.40652E+00  2.40424E+00  2.40578E+00  2.40465E+00  2.39977E+00
  2.41080E+00  2.40655E+00  2.39995E+00  2.40447E+00  2.40470E+00  2.39971E+00
  2.39954E+00  2.40164E+00  2.39647E+00  2.39925E+00  2.40175E+00  2.39607E+00
  2.39695E+00  2.39576E+00  2.39414E+00  2.39313E+00  2.39348E+00  2.39317E+00
  2.39115E+00  2.38760E+00  2.38688E+00  2.38487E+00  2.38633E+00  2.38307E+00
  2.38151E+00  2.38014E+00  2.37573E+00  2.37273E+00  2.36925E+00  2.36613E+00
  2.36278E+00  2.35982E+00  2.35588E+00  2.35236E+00  2.34707E+00  2.33988E+00
  2.33321E+00  2.32615E+00  2.31960E+00  2.31372E+00  2.30729E+00  2.30076E+00
  2.28795E+00  2.27582E+00  2.26331E+00  2.24909E+00  2.23821E+00  2.22563E+00
  2.21308E+00  2.20056E+00  2.17586E+00  2.15217E+00  2.12859E+00  2.10442E+00
  2.08095E+00  2.05825E+00  2.03471E+00  2.01220E+00  1.96791E+00  1.92397E+00
  1.88152E+00  1.83967E+00  1.79854E+00  1.75853E+00  1.71953E+00  1.68121E+00
  1.60753E+00  1.53711E+00  1.47048E+00  1.40619E+00  1.34487E+00  1.28585E+00
  1.22985E+00  1.17639E+00  1.07554E+00  9.83770E-01  8.99821E-01  8.22529E-01
  7.51621E-01  6.86750E-01  6.27516E-01  5.92277E-01  4.94551E-01  4.13537E-01
  3.45481E-01  2.87326E-01  2.37602E-01  1.97137E-01  1.63974E-01  1.35887E-01
  8.86570E-02  5.79818E-02  3.91331E-02  2.57863E-02  1.25222E-02  2.05483E-03
 -5.35379E-03 -6.39314E-03 -5.67229E-03 -1.76348E-03  3.51732E-03  4.32800E-03
  3.50035E-03  7.85669E-03  8.15909E-03  1.05788E-02  2.20413E-03  2.97632E-03
  1.07794E-02  1.62207E-02 -1.95513E-03 -1.96842E-02  5.70352E-03  2.02206E-02
  4.95366E-03  1.14110E-03  2.87053E-03  4.33398E-03  4.05830E-03
