AutoSaveFileName0166.ASC
 IFORMY    0    .00
 (6E13.7)
 IFORMT    0    .00
 (6E13.7)
 IFORMW    0    .00
 (6E13.7)
 NINTT     0   -1.00
 DOUSNQ    0    1.00
 IQUAD          1.00
 PRWT      0    1.00
 PRY       0    1.00
 IPLRES    1    3.00
 IPLRES    2    3.00
 IPRINT    1    0.00
 IPRINT    2    2.00
 IPLFIT    1    0.00
 IPLFIT    2    0.00
 LINEPG    0   50.
 NONNEG    1    1.00
 IWT       0    5.00
 NQPROG    1    5.00
 NQPROG    2    5.00
 GMNMX     1    2.094E-05
 GMNMX     2    2.094E-02
 RUSER    10    -1.00
 NG        0    200.00
 NLINF     0    0.00
 IUSER    10    4.00
 RUSER    21    1.0
 RUSER    22   -1.0
 RUSER    23    0.0
 RUSER    18         291.97888
 RUSER    17         69.99900
 RUSER    19         1.03104
 RUSER    15         1.33200
 RUSER    16         632.80000
 RUSER    25         1
 RUSER    26         0
 END       0    0.00
 NY      131
  3.75000E-07  5.00000E-07  6.25000E-07  7.50000E-07  8.75000E-07  1.00000E-06
  1.12500E-06  1.25000E-06  1.37500E-06  1.50000E-06  1.62500E-06  1.75000E-06
  1.87500E-06  2.00000E-06  2.25000E-06  2.50000E-06  2.75000E-06  3.00000E-06
  3.25000E-06  3.50000E-06  3.75000E-06  4.00000E-06  4.50000E-06  5.00000E-06
  5.50000E-06  6.00000E-06  6.50000E-06  7.00000E-06  7.50000E-06  8.00000E-06
  9.00000E-06  1.00000E-05  1.10000E-05  1.20000E-05  1.30000E-05  1.40000E-05
  1.50000E-05  1.60000E-05  1.80000E-05  2.00000E-05  2.20000E-05  2.40000E-05
  2.60000E-05  2.80000E-05  3.00000E-05  3.20000E-05  3.60000E-05  4.00000E-05
  4.40000E-05  4.80000E-05  5.20000E-05  5.60000E-05  6.00000E-05  6.40000E-05
  7.20000E-05  8.00000E-05  8.80000E-05  9.60000E-05  1.04000E-04  1.12000E-04
  1.20000E-04  1.28000E-04  1.44000E-04  1.60000E-04  1.76000E-04  1.92000E-04
  2.08000E-04  2.24000E-04  2.40000E-04  2.56000E-04  2.88000E-04  3.20000E-04
  3.52000E-04  3.84000E-04  4.16000E-04  4.48000E-04  4.80000E-04  5.12000E-04
  5.76000E-04  6.40000E-04  7.04000E-04  7.68000E-04  8.32000E-04  8.96000E-04
  9.60000E-04  1.02400E-03  1.15200E-03  1.28000E-03  1.40800E-03  1.53600E-03
  1.66400E-03  1.79200E-03  1.92000E-03  2.01600E-03  2.27200E-03  2.52800E-03
  2.78400E-03  3.04000E-03  3.29600E-03  3.55200E-03  3.80800E-03  4.06400E-03
  4.57600E-03  5.08800E-03  5.60000E-03  6.11200E-03  6.62400E-03  7.13600E-03
  7.64800E-03  8.16000E-03  9.18400E-03  1.02080E-02  1.12320E-02  1.22560E-02
  1.32800E-02  1.43040E-02  1.53280E-02  1.63520E-02  1.84000E-02  2.04480E-02
  2.24960E-02  2.45440E-02  2.65920E-02  2.86400E-02  3.06880E-02  3.27360E-02
  3.68320E-02  4.09280E-02  4.50240E-02  4.91200E-02  5.32160E-02
  1.56292E+00  1.56438E+00  1.56038E+00  1.55519E+00  1.55841E+00  1.55927E+00
  1.55900E+00  1.55332E+00  1.55546E+00  1.55301E+00  1.55396E+00  1.55364E+00
  1.55282E+00  1.55345E+00  1.55320E+00  1.55372E+00  1.55321E+00  1.55248E+00
  1.55470E+00  1.55194E+00  1.55394E+00  1.55369E+00  1.55088E+00  1.55432E+00
  1.55342E+00  1.54758E+00  1.55204E+00  1.55385E+00  1.55184E+00  1.55209E+00
  1.55245E+00  1.55104E+00  1.55052E+00  1.54851E+00  1.54838E+00  1.55081E+00
  1.54739E+00  1.54625E+00  1.54598E+00  1.54578E+00  1.54460E+00  1.54363E+00
  1.54183E+00  1.54197E+00  1.54048E+00  1.54046E+00  1.53762E+00  1.53628E+00
  1.53463E+00  1.53325E+00  1.53100E+00  1.52765E+00  1.52746E+00  1.52437E+00
  1.52058E+00  1.51658E+00  1.51305E+00  1.50891E+00  1.50557E+00  1.50147E+00
  1.49746E+00  1.49374E+00  1.48640E+00  1.47907E+00  1.47155E+00  1.46408E+00
  1.45620E+00  1.44977E+00  1.44231E+00  1.43525E+00  1.42097E+00  1.40701E+00
  1.39287E+00  1.37912E+00  1.36529E+00  1.35191E+00  1.33821E+00  1.32558E+00
  1.29963E+00  1.27399E+00  1.24902E+00  1.22452E+00  1.20043E+00  1.17666E+00
  1.15371E+00  1.11836E+00  1.07503E+00  1.03358E+00  9.93887E-01  9.55869E-01
  9.19576E-01  8.84948E-01  8.51697E-01  8.42514E-01  7.81841E-01  7.25040E-01
  6.72604E-01  6.24011E-01  5.79649E-01  5.39060E-01  5.00994E-01  4.66279E-01
  4.02518E-01  3.47291E-01  2.98974E-01  2.58300E-01  2.23439E-01  1.92338E-01
  1.65654E-01  1.42530E-01  1.02919E-01  7.79908E-02  5.71967E-02  4.22522E-02
  3.43248E-02  2.68989E-02  1.70757E-02  1.10515E-02  1.47818E-03 -5.37776E-03
 -8.87389E-03 -1.21577E-02 -1.87003E-02 -2.39792E-02 -1.37983E-02 -1.11917E-02
 -2.49590E-03  1.08975E-02  6.28882E-03  1.09451E-03 -9.49084E-04
