AutoSaveFileName0074.ASC
 IFORMY    0    .00
 (6E13.7)
 IFORMT    0    .00
 (6E13.7)
 IFORMW    0    .00
 (6E13.7)
 NINTT     0   -1.00
 DOUSNQ    0    1.00
 IQUAD          1.00
 PRWT      0    1.00
 PRY       0    1.00
 IPLRES    1    3.00
 IPLRES    2    3.00
 IPRINT    1    0.00
 IPRINT    2    2.00
 IPLFIT    1    0.00
 IPLFIT    2    0.00
 LINEPG    0   50.
 NONNEG    1    1.00
 IWT       0    5.00
 NQPROG    1    5.00
 NQPROG    2    5.00
 GMNMX     1    3.836E-05
 GMNMX     2    3.836E-02
 RUSER    10    -1.00
 NG        0    200.00
 NLINF     0    0.00
 IUSER    10    4.00
 RUSER    21    1.0
 RUSER    22   -1.0
 RUSER    23    0.0
 RUSER    18         292.18488
 RUSER    17         49.99800
 RUSER    19         1.02579
 RUSER    15         1.33200
 RUSER    16         632.80000
 RUSER    25         1
 RUSER    26         0
 END       0    0.00
 NY      188
  5.00000E-07  6.25000E-07  7.50000E-07  8.75000E-07  1.00000E-06  1.12500E-06
  1.25000E-06  1.37500E-06  1.50000E-06  1.62500E-06  1.75000E-06  1.87500E-06
  2.00000E-06  2.25000E-06  2.50000E-06  2.75000E-06  3.00000E-06  3.25000E-06
  3.50000E-06  3.75000E-06  4.00000E-06  4.50000E-06  5.00000E-06  5.50000E-06
  6.00000E-06  6.50000E-06  7.00000E-06  7.50000E-06  8.00000E-06  9.00000E-06
  1.00000E-05  1.10000E-05  1.20000E-05  1.30000E-05  1.40000E-05  1.50000E-05
  1.60000E-05  1.80000E-05  2.00000E-05  2.20000E-05  2.40000E-05  2.60000E-05
  2.80000E-05  3.00000E-05  3.20000E-05  3.60000E-05  4.00000E-05  4.40000E-05
  4.80000E-05  5.20000E-05  5.60000E-05  6.00000E-05  6.40000E-05  7.20000E-05
  8.00000E-05  8.80000E-05  9.60000E-05  1.04000E-04  1.12000E-04  1.20000E-04
  1.28000E-04  1.44000E-04  1.60000E-04  1.76000E-04  1.92000E-04  2.08000E-04
  2.24000E-04  2.40000E-04  2.56000E-04  2.88000E-04  3.20000E-04  3.52000E-04
  3.84000E-04  4.16000E-04  4.48000E-04  4.80000E-04  5.12000E-04  5.76000E-04
  6.40000E-04  7.04000E-04  7.68000E-04  8.32000E-04  8.96000E-04  9.60000E-04
  1.02400E-03  1.15200E-03  1.28000E-03  1.40800E-03  1.53600E-03  1.66400E-03
  1.79200E-03  1.92000E-03  2.01600E-03  2.27200E-03  2.52800E-03  2.78400E-03
  3.04000E-03  3.29600E-03  3.55200E-03  3.80800E-03  4.06400E-03  4.57600E-03
  5.08800E-03  5.60000E-03  6.11200E-03  6.62400E-03  7.13600E-03  7.64800E-03
  8.16000E-03  9.18400E-03  1.02080E-02  1.12320E-02  1.22560E-02  1.32800E-02
  1.43040E-02  1.53280E-02  1.63520E-02  1.84000E-02  2.04480E-02  2.24960E-02
  2.45440E-02  2.65920E-02  2.86400E-02  3.06880E-02  3.27360E-02  3.68320E-02
  4.09280E-02  4.50240E-02  4.91200E-02  5.32160E-02  5.73120E-02  6.14080E-02
  6.55040E-02  7.36960E-02  8.18880E-02  9.00800E-02  9.82720E-02  1.06464E-01
  1.14656E-01  1.22848E-01  1.31040E-01  1.47424E-01  1.63808E-01  1.80192E-01
  1.96576E-01  2.12960E-01  2.29344E-01  2.45728E-01  2.62112E-01  2.94880E-01
  3.27648E-01  3.60416E-01  3.93184E-01  4.25952E-01  4.58720E-01  4.91488E-01
  5.24256E-01  5.89792E-01  6.55328E-01  7.20864E-01  7.86400E-01  8.51936E-01
  9.17472E-01  9.83008E-01  1.04854E+00  1.17962E+00  1.31069E+00  1.44176E+00
  1.57283E+00  1.70390E+00  1.83498E+00  1.96605E+00  2.09712E+00  2.35926E+00
  2.62141E+00  2.88355E+00  3.14570E+00  3.40784E+00  3.66998E+00  3.93213E+00
  4.19427E+00  4.71856E+00  5.24285E+00  5.76714E+00  6.29142E+00  6.81571E+00
  7.34000E+00  7.86429E+00
  9.96441E-01  9.96022E-01  9.96149E-01  9.95610E-01  9.94671E-01  9.93374E-01
  9.94299E-01  9.93929E-01  9.95152E-01  9.93607E-01  9.94477E-01  9.93974E-01
  9.93763E-01  9.93115E-01  9.94252E-01  9.93949E-01  9.93988E-01  9.94996E-01
  9.94177E-01  9.93846E-01  9.93499E-01  9.93860E-01  9.93899E-01  9.93410E-01
  9.93854E-01  9.93379E-01  9.93302E-01  9.93693E-01  9.93546E-01  9.92985E-01
  9.93635E-01  9.93693E-01  9.93146E-01  9.93082E-01  9.93204E-01  9.92979E-01
  9.92749E-01  9.92763E-01  9.92638E-01  9.92376E-01  9.92201E-01  9.92057E-01
  9.92010E-01  9.91707E-01  9.91610E-01  9.91082E-01  9.91018E-01  9.90665E-01
  9.90068E-01  9.89943E-01  9.89490E-01  9.89070E-01  9.88673E-01  9.88134E-01
  9.87392E-01  9.86514E-01  9.85972E-01  9.85258E-01  9.84500E-01  9.83897E-01
  9.83128E-01  9.81622E-01  9.80146E-01  9.78816E-01  9.77382E-01  9.75896E-01
  9.74587E-01  9.73048E-01  9.71634E-01  9.68783E-01  9.65974E-01  9.63204E-01
  9.60390E-01  9.57684E-01  9.54950E-01  9.52158E-01  9.49424E-01  9.43945E-01
  9.38511E-01  9.33143E-01  9.27712E-01  9.22303E-01  9.16893E-01  9.11528E-01
  9.06397E-01  8.95995E-01  8.85688E-01  8.75472E-01  8.65434E-01  8.55502E-01
  8.45658E-01  8.36015E-01  8.28255E-01  8.09329E-01  7.90812E-01  7.72742E-01
  7.55178E-01  7.38039E-01  7.21519E-01  7.05333E-01  6.89755E-01  6.59397E-01
  6.30564E-01  6.03098E-01  5.77085E-01  5.52639E-01  5.29523E-01  5.07578E-01
  4.86580E-01  4.46803E-01  4.10102E-01  3.76471E-01  3.46157E-01  3.18671E-01
  2.93742E-01  2.70476E-01  2.48777E-01  2.10325E-01  1.78112E-01  1.50335E-01
  1.27613E-01  1.09874E-01  9.65238E-02  8.54746E-02  7.73287E-02  6.43061E-02
  5.00171E-02  3.63193E-02  2.81834E-02  2.12166E-02  1.50346E-02  9.91882E-03
  7.79299E-03  1.34822E-02  1.98561E-02  1.12940E-02  2.94475E-03 -2.62832E-03
 -6.41030E-03 -1.14900E-02 -1.93789E-02 -4.14330E-03  4.51254E-03  1.27086E-03
  2.15255E-03 -1.18056E-02 -7.89604E-03 -1.87540E-03 -8.67534E-03 -1.85432E-03
  1.13717E-03  9.67211E-04 -6.46547E-03 -1.29000E-02 -7.66441E-03 -6.00133E-03
 -5.45215E-03 -1.43161E-03  2.11620E-03 -1.62523E-02  1.25033E-03 -4.15289E-03
 -1.31113E-02 -4.85479E-03  5.29012E-04  4.25496E-03  9.28304E-03  3.63488E-04
 -1.53290E-03  3.81688E-04 -5.02243E-03  7.77526E-04  1.18488E-02 -4.36740E-03
 -8.37568E-04 -8.16133E-03 -8.24296E-03  1.61152E-03 -4.51973E-03 -1.06094E-02
 -3.64802E-03  1.36650E-03 -3.02957E-03 -3.55042E-04 -7.52739E-03  5.44701E-03
 -7.35386E-03  2.22852E-03
