AutoSaveFileName0140.ASC
 IFORMY    0    .00
 (6E13.7)
 IFORMT    0    .00
 (6E13.7)
 IFORMW    0    .00
 (6E13.7)
 NINTT     0   -1.00
 DOUSNQ    0    1.00
 IQUAD          1.00
 PRWT      0    1.00
 PRY       0    1.00
 IPLRES    1    3.00
 IPLRES    2    3.00
 IPRINT    1    0.00
 IPRINT    2    2.00
 IPLFIT    1    0.00
 IPLFIT    2    0.00
 LINEPG    0   50.
 NONNEG    1    1.00
 IWT       0    5.00
 NQPROG    1    5.00
 NQPROG    2    5.00
 GMNMX     1    1.500E-05
 GMNMX     2    1.500E-02
 RUSER    10    -1.00
 NG        0    200.00
 NLINF     0    0.00
 IUSER    10    4.00
 RUSER    21    1.0
 RUSER    22   -1.0
 RUSER    23    0.0
 RUSER    18         292.21128
 RUSER    17         84.99800
 RUSER    19         1.02512
 RUSER    15         1.33200
 RUSER    16         632.80000
 RUSER    25         1
 RUSER    26         0
 END       0    0.00
 NY      188
  5.00000E-07  6.25000E-07  7.50000E-07  8.75000E-07  1.00000E-06  1.12500E-06
  1.25000E-06  1.37500E-06  1.50000E-06  1.62500E-06  1.75000E-06  1.87500E-06
  2.00000E-06  2.25000E-06  2.50000E-06  2.75000E-06  3.00000E-06  3.25000E-06
  3.50000E-06  3.75000E-06  4.00000E-06  4.50000E-06  5.00000E-06  5.50000E-06
  6.00000E-06  6.50000E-06  7.00000E-06  7.50000E-06  8.00000E-06  9.00000E-06
  1.00000E-05  1.10000E-05  1.20000E-05  1.30000E-05  1.40000E-05  1.50000E-05
  1.60000E-05  1.80000E-05  2.00000E-05  2.20000E-05  2.40000E-05  2.60000E-05
  2.80000E-05  3.00000E-05  3.20000E-05  3.60000E-05  4.00000E-05  4.40000E-05
  4.80000E-05  5.20000E-05  5.60000E-05  6.00000E-05  6.40000E-05  7.20000E-05
  8.00000E-05  8.80000E-05  9.60000E-05  1.04000E-04  1.12000E-04  1.20000E-04
  1.28000E-04  1.44000E-04  1.60000E-04  1.76000E-04  1.92000E-04  2.08000E-04
  2.24000E-04  2.40000E-04  2.56000E-04  2.88000E-04  3.20000E-04  3.52000E-04
  3.84000E-04  4.16000E-04  4.48000E-04  4.80000E-04  5.12000E-04  5.76000E-04
  6.40000E-04  7.04000E-04  7.68000E-04  8.32000E-04  8.96000E-04  9.60000E-04
  1.02400E-03  1.15200E-03  1.28000E-03  1.40800E-03  1.53600E-03  1.66400E-03
  1.79200E-03  1.92000E-03  2.01600E-03  2.27200E-03  2.52800E-03  2.78400E-03
  3.04000E-03  3.29600E-03  3.55200E-03  3.80800E-03  4.06400E-03  4.57600E-03
  5.08800E-03  5.60000E-03  6.11200E-03  6.62400E-03  7.13600E-03  7.64800E-03
  8.16000E-03  9.18400E-03  1.02080E-02  1.12320E-02  1.22560E-02  1.32800E-02
  1.43040E-02  1.53280E-02  1.63520E-02  1.84000E-02  2.04480E-02  2.24960E-02
  2.45440E-02  2.65920E-02  2.86400E-02  3.06880E-02  3.27360E-02  3.68320E-02
  4.09280E-02  4.50240E-02  4.91200E-02  5.32160E-02  5.73120E-02  6.14080E-02
  6.55040E-02  7.36960E-02  8.18880E-02  9.00800E-02  9.82720E-02  1.06464E-01
  1.14656E-01  1.22848E-01  1.31040E-01  1.47424E-01  1.63808E-01  1.80192E-01
  1.96576E-01  2.12960E-01  2.29344E-01  2.45728E-01  2.62112E-01  2.94880E-01
  3.27648E-01  3.60416E-01  3.93184E-01  4.25952E-01  4.58720E-01  4.91488E-01
  5.24256E-01  5.89792E-01  6.55328E-01  7.20864E-01  7.86400E-01  8.51936E-01
  9.17472E-01  9.83008E-01  1.04854E+00  1.17962E+00  1.31069E+00  1.44176E+00
  1.57283E+00  1.70390E+00  1.83498E+00  1.96605E+00  2.09712E+00  2.35926E+00
  2.62141E+00  2.88355E+00  3.14570E+00  3.40784E+00  3.66998E+00  3.93213E+00
  4.19427E+00  4.71856E+00  5.24285E+00  5.76714E+00  6.29142E+00  6.81571E+00
  7.34000E+00  7.86429E+00
  9.96703E-01  9.96856E-01  9.91619E-01  9.96652E-01  9.93035E-01  9.91233E-01
  9.90854E-01  9.90679E-01  9.85682E-01  9.88068E-01  9.85697E-01  9.87039E-01
  9.91895E-01  9.89674E-01  9.86931E-01  9.87760E-01  9.90494E-01  9.90148E-01
  9.87716E-01  9.83945E-01  9.86734E-01  9.86040E-01  9.88728E-01  9.82879E-01
  9.87013E-01  9.88707E-01  9.87984E-01  9.84510E-01  9.86454E-01  9.89692E-01
  9.88785E-01  9.87130E-01  9.86583E-01  9.86357E-01  9.86194E-01  9.84683E-01
  9.84443E-01  9.84955E-01  9.84529E-01  9.82225E-01  9.83328E-01  9.85196E-01
  9.82416E-01  9.81796E-01  9.81026E-01  9.79868E-01  9.79458E-01  9.79738E-01
  9.77085E-01  9.76980E-01  9.76016E-01  9.76219E-01  9.74760E-01  9.72131E-01
  9.70686E-01  9.68742E-01  9.66766E-01  9.64633E-01  9.63035E-01  9.61281E-01
  9.59508E-01  9.55619E-01  9.52531E-01  9.48141E-01  9.44237E-01  9.41211E-01
  9.37449E-01  9.33164E-01  9.30241E-01  9.22661E-01  9.15605E-01  9.08311E-01
  9.00971E-01  8.93665E-01  8.86536E-01  8.79863E-01  8.72618E-01  8.59184E-01
  8.45899E-01  8.32526E-01  8.19470E-01  8.06956E-01  7.94294E-01  7.82152E-01
  7.68383E-01  7.44873E-01  7.22731E-01  7.01198E-01  6.80553E-01  6.60559E-01
  6.40746E-01  6.21445E-01  6.09846E-01  5.73597E-01  5.39085E-01  5.06853E-01
  4.77111E-01  4.49310E-01  4.23735E-01  3.99856E-01  3.78236E-01  3.36085E-01
  2.97790E-01  2.64014E-01  2.33948E-01  2.08601E-01  1.87191E-01  1.69625E-01
  1.52917E-01  1.25819E-01  1.05527E-01  8.72215E-02  7.26878E-02  5.97407E-02
  5.07699E-02  4.35002E-02  3.57726E-02  2.54489E-02  1.82439E-02  9.35283E-03
 -1.07769E-03 -8.34858E-03 -1.22628E-02 -6.14993E-03 -1.28368E-03 -4.20557E-03
  1.38052E-03  8.84214E-03  1.79510E-02  9.35556E-03 -7.64602E-05  1.37761E-03
 -9.87452E-03 -4.70256E-03 -9.74550E-03 -1.98314E-02 -2.40290E-02 -9.90545E-03
 -1.06306E-02 -2.81423E-03 -6.82258E-03 -1.97543E-03  4.80281E-03  7.89445E-03
  1.38670E-02  8.64773E-03  2.97446E-02  1.50273E-02  4.71663E-03 -1.13686E-02
  5.53171E-04  2.16221E-02  1.42147E-02 -2.44935E-03  2.64601E-03  1.54105E-02
 -3.49113E-03 -6.98028E-04 -1.54083E-03 -5.27825E-03 -8.98893E-03  7.93205E-03
 -1.81879E-03 -1.89633E-02 -6.12552E-03 -9.05079E-04 -1.17603E-02 -5.39461E-03
  1.17560E-03 -1.06936E-02 -2.56803E-03  2.72931E-03 -5.30062E-03  1.17119E-03
 -3.62791E-03  3.64884E-03 -1.92896E-03  8.13832E-03 -9.47865E-04  8.39058E-03
  5.37948E-03  1.59055E-03  3.98570E-03 -6.59946E-03 -4.95212E-03  3.23109E-04
  9.17240E-03  5.63293E-03
