AutoSaveFileName0014.ASC
 IFORMY    0    .00
 (6E13.7)
 IFORMT    0    .00
 (6E13.7)
 IFORMW    0    .00
 (6E13.7)
 NINTT     0   -1.00
 DOUSNQ    0    1.00
 IQUAD          1.00
 PRWT      0    1.00
 PRY       0    1.00
 IPLRES    1    3.00
 IPLRES    2    3.00
 IPRINT    1    0.00
 IPRINT    2    2.00
 IPLFIT    1    0.00
 IPLFIT    2    0.00
 LINEPG    0   50.
 NONNEG    1    1.00
 IWT       0    5.00
 NQPROG    1    5.00
 NQPROG    2    5.00
 GMNMX     1    2.274E-04
 GMNMX     2    2.274E-01
 RUSER    10    -1.00
 NG        0    200.00
 NLINF     0    0.00
 IUSER    10    4.00
 RUSER    21    1.0
 RUSER    22   -1.0
 RUSER    23    0.0
 RUSER    18         292.15623
 RUSER    17         19.99800
 RUSER    19         1.02652
 RUSER    15         1.33200
 RUSER    16         632.80000
 RUSER    25         1
 RUSER    26         0
 END       0    0.00
 NY      188
  5.00000E-07  6.25000E-07  7.50000E-07  8.75000E-07  1.00000E-06  1.12500E-06
  1.25000E-06  1.37500E-06  1.50000E-06  1.62500E-06  1.75000E-06  1.87500E-06
  2.00000E-06  2.25000E-06  2.50000E-06  2.75000E-06  3.00000E-06  3.25000E-06
  3.50000E-06  3.75000E-06  4.00000E-06  4.50000E-06  5.00000E-06  5.50000E-06
  6.00000E-06  6.50000E-06  7.00000E-06  7.50000E-06  8.00000E-06  9.00000E-06
  1.00000E-05  1.10000E-05  1.20000E-05  1.30000E-05  1.40000E-05  1.50000E-05
  1.60000E-05  1.80000E-05  2.00000E-05  2.20000E-05  2.40000E-05  2.60000E-05
  2.80000E-05  3.00000E-05  3.20000E-05  3.60000E-05  4.00000E-05  4.40000E-05
  4.80000E-05  5.20000E-05  5.60000E-05  6.00000E-05  6.40000E-05  7.20000E-05
  8.00000E-05  8.80000E-05  9.60000E-05  1.04000E-04  1.12000E-04  1.20000E-04
  1.28000E-04  1.44000E-04  1.60000E-04  1.76000E-04  1.92000E-04  2.08000E-04
  2.24000E-04  2.40000E-04  2.56000E-04  2.88000E-04  3.20000E-04  3.52000E-04
  3.84000E-04  4.16000E-04  4.48000E-04  4.80000E-04  5.12000E-04  5.76000E-04
  6.40000E-04  7.04000E-04  7.68000E-04  8.32000E-04  8.96000E-04  9.60000E-04
  1.02400E-03  1.15200E-03  1.28000E-03  1.40800E-03  1.53600E-03  1.66400E-03
  1.79200E-03  1.92000E-03  2.01600E-03  2.27200E-03  2.52800E-03  2.78400E-03
  3.04000E-03  3.29600E-03  3.55200E-03  3.80800E-03  4.06400E-03  4.57600E-03
  5.08800E-03  5.60000E-03  6.11200E-03  6.62400E-03  7.13600E-03  7.64800E-03
  8.16000E-03  9.18400E-03  1.02080E-02  1.12320E-02  1.22560E-02  1.32800E-02
  1.43040E-02  1.53280E-02  1.63520E-02  1.84000E-02  2.04480E-02  2.24960E-02
  2.45440E-02  2.65920E-02  2.86400E-02  3.06880E-02  3.27360E-02  3.68320E-02
  4.09280E-02  4.50240E-02  4.91200E-02  5.32160E-02  5.73120E-02  6.14080E-02
  6.55040E-02  7.36960E-02  8.18880E-02  9.00800E-02  9.82720E-02  1.06464E-01
  1.14656E-01  1.22848E-01  1.31040E-01  1.47424E-01  1.63808E-01  1.80192E-01
  1.96576E-01  2.12960E-01  2.29344E-01  2.45728E-01  2.62112E-01  2.94880E-01
  3.27648E-01  3.60416E-01  3.93184E-01  4.25952E-01  4.58720E-01  4.91488E-01
  5.24256E-01  5.89792E-01  6.55328E-01  7.20864E-01  7.86400E-01  8.51936E-01
  9.17472E-01  9.83008E-01  1.04854E+00  1.17962E+00  1.31069E+00  1.44176E+00
  1.57283E+00  1.70390E+00  1.83498E+00  1.96605E+00  2.09712E+00  2.35926E+00
  2.62141E+00  2.88355E+00  3.14570E+00  3.40784E+00  3.66998E+00  3.93213E+00
  4.19427E+00  4.71856E+00  5.24285E+00  5.76714E+00  6.29142E+00  6.81571E+00
  7.34000E+00  7.86429E+00
  9.99592E-01  9.98965E-01  9.98895E-01  9.98583E-01  9.98407E-01  9.98105E-01
  9.98344E-01  9.98252E-01  9.97992E-01  9.98212E-01  9.98069E-01  9.97779E-01
  9.97691E-01  9.97797E-01  9.97683E-01  9.97944E-01  9.97654E-01  9.97540E-01
  9.97478E-01  9.97323E-01  9.97459E-01  9.97257E-01  9.97030E-01  9.96758E-01
  9.96791E-01  9.96710E-01  9.96549E-01  9.96137E-01  9.96295E-01  9.95829E-01
  9.95634E-01  9.95381E-01  9.95010E-01  9.94728E-01  9.94559E-01  9.94184E-01
  9.93868E-01  9.93398E-01  9.93167E-01  9.93020E-01  9.92719E-01  9.92499E-01
  9.92187E-01  9.91886E-01  9.91680E-01  9.91170E-01  9.90847E-01  9.90424E-01
  9.90061E-01  9.89591E-01  9.89286E-01  9.88886E-01  9.88545E-01  9.87840E-01
  9.87098E-01  9.86430E-01  9.85732E-01  9.85156E-01  9.84499E-01  9.83874E-01
  9.83342E-01  9.82189E-01  9.81099E-01  9.80085E-01  9.79035E-01  9.78062E-01
  9.77141E-01  9.76182E-01  9.75375E-01  9.73645E-01  9.71982E-01  9.70367E-01
  9.68810E-01  9.67264E-01  9.65751E-01  9.64503E-01  9.65593E-01  9.65157E-01
  9.63838E-01  9.62135E-01  9.60277E-01  9.58401E-01  9.56550E-01  9.54748E-01
  9.54226E-01  9.51792E-01  9.48664E-01  9.45253E-01  9.42609E-01  9.39830E-01
  9.36536E-01  9.33272E-01  9.30141E-01  9.25276E-01  9.20536E-01  9.15513E-01
  9.10097E-01  9.04953E-01  8.99945E-01  8.94893E-01  8.89672E-01  8.79869E-01
  8.70257E-01  8.60740E-01  8.52031E-01  8.42679E-01  8.33857E-01  8.25092E-01
  8.16824E-01  8.00129E-01  7.83978E-01  7.68319E-01  7.52674E-01  7.37628E-01
  7.23073E-01  7.09004E-01  6.95878E-01  6.69501E-01  6.45393E-01  6.21745E-01
  5.99932E-01  5.78240E-01  5.57242E-01  5.37757E-01  5.19392E-01  4.82720E-01
  4.50053E-01  4.19950E-01  3.91341E-01  3.63475E-01  3.38184E-01  3.16273E-01
  2.94836E-01  2.55561E-01  2.20722E-01  1.88584E-01  1.61701E-01  1.40462E-01
  1.25446E-01  1.09857E-01  9.03507E-02  6.02829E-02  3.77202E-02  1.73343E-02
  2.80970E-03 -6.59434E-03 -1.17930E-02 -1.18941E-02 -1.09776E-02 -1.22572E-02
 -1.22098E-02 -6.61644E-03  1.54574E-03  1.23386E-02  2.30321E-02  3.07400E-02
  3.30539E-02  2.31551E-02  1.08399E-02  5.35528E-03  9.38027E-03 -3.40570E-04
 -2.25501E-02 -7.70422E-03  1.21552E-02 -8.58625E-03 -6.77674E-02 -7.66784E-02
 -4.95332E-02 -8.23022E-03  8.55600E-03 -1.55580E-02 -8.22651E-03 -2.36797E-02
 -8.47537E-03  2.80407E-02 -8.20022E-03  1.92071E-03 -4.80524E-03  1.13702E-02
 -2.86440E-02 -1.96761E-02  1.44062E-02  4.59945E-02  5.34148E-02 -7.25364E-03
 -2.47561E-02 -3.74833E-02
