AutoSaveFileName0256.ASC
 IFORMY    0    .00
 (6E13.7)
 IFORMT    0    .00
 (6E13.7)
 IFORMW    0    .00
 (6E13.7)
 NINTT     0   -1.00
 DOUSNQ    0    1.00
 IQUAD          1.00
 PRWT      0    1.00
 PRY       0    1.00
 IPLRES    1    3.00
 IPLRES    2    3.00
 IPRINT    1    0.00
 IPRINT    2    2.00
 IPLFIT    1    0.00
 IPLFIT    2    0.00
 LINEPG    0   50.
 NONNEG    1    1.00
 IWT       0    5.00
 NQPROG    1    5.00
 NQPROG    2    5.00
 GMNMX     1    7.744E-06
 GMNMX     2    7.744E-03
 RUSER    10    -1.00
 NG        0    200.00
 NLINF     0    0.00
 IUSER    10    4.00
 RUSER    21    1.0
 RUSER    22   -1.0
 RUSER    23    0.0
 RUSER    18         292.24849
 RUSER    17         139.99900
 RUSER    19         1.02418
 RUSER    15         1.33200
 RUSER    16         632.80000
 RUSER    25         1
 RUSER    26         0
 END       0    0.00
 NY      188
  5.00000E-07  6.25000E-07  7.50000E-07  8.75000E-07  1.00000E-06  1.12500E-06
  1.25000E-06  1.37500E-06  1.50000E-06  1.62500E-06  1.75000E-06  1.87500E-06
  2.00000E-06  2.25000E-06  2.50000E-06  2.75000E-06  3.00000E-06  3.25000E-06
  3.50000E-06  3.75000E-06  4.00000E-06  4.50000E-06  5.00000E-06  5.50000E-06
  6.00000E-06  6.50000E-06  7.00000E-06  7.50000E-06  8.00000E-06  9.00000E-06
  1.00000E-05  1.10000E-05  1.20000E-05  1.30000E-05  1.40000E-05  1.50000E-05
  1.60000E-05  1.80000E-05  2.00000E-05  2.20000E-05  2.40000E-05  2.60000E-05
  2.80000E-05  3.00000E-05  3.20000E-05  3.60000E-05  4.00000E-05  4.40000E-05
  4.80000E-05  5.20000E-05  5.60000E-05  6.00000E-05  6.40000E-05  7.20000E-05
  8.00000E-05  8.80000E-05  9.60000E-05  1.04000E-04  1.12000E-04  1.20000E-04
  1.28000E-04  1.44000E-04  1.60000E-04  1.76000E-04  1.92000E-04  2.08000E-04
  2.24000E-04  2.40000E-04  2.56000E-04  2.88000E-04  3.20000E-04  3.52000E-04
  3.84000E-04  4.16000E-04  4.48000E-04  4.80000E-04  5.12000E-04  5.76000E-04
  6.40000E-04  7.04000E-04  7.68000E-04  8.32000E-04  8.96000E-04  9.60000E-04
  1.02400E-03  1.15200E-03  1.28000E-03  1.40800E-03  1.53600E-03  1.66400E-03
  1.79200E-03  1.92000E-03  2.01600E-03  2.27200E-03  2.52800E-03  2.78400E-03
  3.04000E-03  3.29600E-03  3.55200E-03  3.80800E-03  4.06400E-03  4.57600E-03
  5.08800E-03  5.60000E-03  6.11200E-03  6.62400E-03  7.13600E-03  7.64800E-03
  8.16000E-03  9.18400E-03  1.02080E-02  1.12320E-02  1.22560E-02  1.32800E-02
  1.43040E-02  1.53280E-02  1.63520E-02  1.84000E-02  2.04480E-02  2.24960E-02
  2.45440E-02  2.65920E-02  2.86400E-02  3.06880E-02  3.27360E-02  3.68320E-02
  4.09280E-02  4.50240E-02  4.91200E-02  5.32160E-02  5.73120E-02  6.14080E-02
  6.55040E-02  7.36960E-02  8.18880E-02  9.00800E-02  9.82720E-02  1.06464E-01
  1.14656E-01  1.22848E-01  1.31040E-01  1.47424E-01  1.63808E-01  1.80192E-01
  1.96576E-01  2.12960E-01  2.29344E-01  2.45728E-01  2.62112E-01  2.94880E-01
  3.27648E-01  3.60416E-01  3.93184E-01  4.25952E-01  4.58720E-01  4.91488E-01
  5.24256E-01  5.89792E-01  6.55328E-01  7.20864E-01  7.86400E-01  8.51936E-01
  9.17472E-01  9.83008E-01  1.04854E+00  1.17962E+00  1.31069E+00  1.44176E+00
  1.57283E+00  1.70390E+00  1.83498E+00  1.96605E+00  2.09712E+00  2.35926E+00
  2.62141E+00  2.88355E+00  3.14570E+00  3.40784E+00  3.66998E+00  3.93213E+00
  4.19427E+00  4.71856E+00  5.24285E+00  5.76714E+00  6.29142E+00  6.81571E+00
  7.34000E+00  7.86429E+00
  9.93637E-01  9.93963E-01  9.91078E-01  9.91927E-01  9.91095E-01  9.89274E-01
  9.90129E-01  9.88102E-01  9.87823E-01  9.88493E-01  9.89178E-01  9.87912E-01
  9.88838E-01  9.88381E-01  9.87753E-01  9.88639E-01  9.88221E-01  9.88288E-01
  9.86559E-01  9.87350E-01  9.87403E-01  9.88115E-01  9.86722E-01  9.87753E-01
  9.86698E-01  9.86517E-01  9.86165E-01  9.86136E-01  9.85966E-01  9.85511E-01
  9.85064E-01  9.84271E-01  9.84003E-01  9.83796E-01  9.83329E-01  9.82867E-01
  9.82159E-01  9.81598E-01  9.80625E-01  9.79442E-01  9.78837E-01  9.77908E-01
  9.77176E-01  9.76228E-01  9.75443E-01  9.73704E-01  9.71900E-01  9.69967E-01
  9.68057E-01  9.66315E-01  9.64708E-01  9.63231E-01  9.61246E-01  9.57738E-01
  9.54017E-01  9.50738E-01  9.46945E-01  9.43341E-01  9.39868E-01  9.36471E-01
  9.32714E-01  9.25956E-01  9.18920E-01  9.11863E-01  9.05317E-01  8.98534E-01
  8.91743E-01  8.85210E-01  8.78587E-01  8.65464E-01  8.52667E-01  8.40099E-01
  8.27572E-01  8.15261E-01  8.03098E-01  7.91323E-01  7.79664E-01  7.56922E-01
  7.34839E-01  7.13586E-01  6.92681E-01  6.72594E-01  6.53040E-01  6.34042E-01
  6.15604E-01  5.80389E-01  5.47191E-01  5.15912E-01  4.86461E-01  4.58731E-01
  4.32850E-01  4.08785E-01  3.92067E-01  3.50554E-01  3.13693E-01  2.80771E-01
  2.51567E-01  2.26090E-01  2.03010E-01  1.82577E-01  1.65317E-01  1.35269E-01
  1.11177E-01  9.15508E-02  7.47892E-02  6.11793E-02  5.05048E-02  4.18775E-02
  3.55451E-02  2.63763E-02  2.04675E-02  1.53805E-02  1.20411E-02  9.85160E-03
  8.86024E-03  8.53449E-03  7.07093E-03  2.72398E-03 -2.99351E-05  1.19897E-03
  2.18152E-03 -4.58817E-04 -1.21905E-03 -2.60251E-03 -8.81364E-04  2.56607E-03
  3.04522E-03  1.82738E-03  1.41544E-03 -4.36803E-03 -4.94793E-03 -2.33167E-03
 -1.43024E-03  6.04051E-04 -2.43622E-03 -4.32835E-04  3.30330E-03  2.80675E-03
 -4.86348E-03 -4.81564E-03  3.62998E-04 -1.43680E-03 -2.16082E-03  1.62211E-03
 -6.13676E-04  1.04056E-03 -4.06990E-03  2.02829E-03  1.75884E-03 -7.64121E-04
 -2.26405E-03 -2.02089E-03 -1.04949E-03 -1.61717E-03 -1.20690E-04  1.27681E-03
  7.68909E-04  1.74181E-04  6.13265E-04  8.75548E-04 -7.41012E-04 -4.79327E-04
  9.56190E-04  6.06739E-05 -9.59573E-04 -8.67040E-04 -7.56133E-04  4.39965E-04
 -7.31137E-04  4.92138E-04 -2.03422E-03  6.45166E-04 -6.80263E-04 -1.56205E-03
 -1.44267E-03  5.64702E-04  5.09028E-04  1.27416E-03  3.21914E-04  7.14350E-06
 -6.53043E-04 -6.15845E-04 -1.31385E-04 -1.87637E-03  7.40645E-04  1.63995E-03
 -4.35192E-04  1.93197E-04
