AutoSaveFileName0168.ASC
 IFORMY    0    .00
 (6E13.7)
 IFORMT    0    .00
 (6E13.7)
 IFORMW    0    .00
 (6E13.7)
 NINTT     0   -1.00
 DOUSNQ    0    1.00
 IQUAD     0    1.00
 PRWT      0    1.00
 PRY       0    1.00
 IPLRES    1    3.00
 IPLRES    2    3.00
 IPRINT    1    0.00
 IPRINT    2    2.00
 IPLFIT    1    0.00
 IPLFIT    2    0.00
 LINEPG    0   50.
 NONNEG    1    1.00
 IWT       0    5.00
 NQPROG    1    5.00
 NQPROG    2    5.00
 GMNMX     1    4.93705E-03
 GMNMX     2    1.77228E-03
 RUSER    10    -1.00
 NG        0    500.00
 NLINF     0    1.00
 IUSER    10    4.00
 RUSER    21    1.0
 RUSER    22   -1.0
 RUSER    23    0.0
 RUSER    18         292.02652
 RUSER    17         94.99900
 RUSER    19         1.02982
 RUSER    15         1.33200
 RUSER    16         632.80000
 RUSER    25         1
 RUSER    26         0
 END       0    0.00
 NY      162
  7.50000E-07  8.75000E-07  1.00000E-06  1.12500E-06  1.25000E-06  1.37500E-06
  1.50000E-06  1.62500E-06  1.75000E-06  1.87500E-06  2.00000E-06  2.25000E-06
  2.50000E-06  2.75000E-06  3.00000E-06  3.25000E-06  3.50000E-06  3.75000E-06
  4.00000E-06  4.50000E-06  5.00000E-06  5.50000E-06  6.00000E-06  6.50000E-06
  7.00000E-06  7.50000E-06  8.00000E-06  9.00000E-06  1.00000E-05  1.10000E-05
  1.20000E-05  1.30000E-05  1.40000E-05  1.50000E-05  1.60000E-05  1.80000E-05
  2.00000E-05  2.20000E-05  2.40000E-05  2.60000E-05  2.80000E-05  3.00000E-05
  3.20000E-05  3.60000E-05  4.00000E-05  4.40000E-05  4.80000E-05  5.20000E-05
  5.60000E-05  6.00000E-05  6.40000E-05  7.20000E-05  8.00000E-05  8.80000E-05
  9.60000E-05  1.04000E-04  1.12000E-04  1.20000E-04  1.28000E-04  1.44000E-04
  1.60000E-04  1.76000E-04  1.92000E-04  2.08000E-04  2.24000E-04  2.40000E-04
  2.56000E-04  2.88000E-04  3.20000E-04  3.52000E-04  3.84000E-04  4.16000E-04
  4.48000E-04  4.80000E-04  5.12000E-04  5.76000E-04  6.40000E-04  7.04000E-04
  7.68000E-04  8.32000E-04  8.96000E-04  9.60000E-04  1.02400E-03  1.15200E-03
  1.28000E-03  1.40800E-03  1.53600E-03  1.66400E-03  1.79200E-03  1.92000E-03
  2.01600E-03  2.27200E-03  2.52800E-03  2.78400E-03  3.04000E-03  3.29600E-03
  3.55200E-03  3.80800E-03  4.06400E-03  4.57600E-03  5.08800E-03  5.60000E-03
  6.11200E-03  6.62400E-03  7.13600E-03  7.64800E-03  8.16000E-03  9.18400E-03
  1.02080E-02  1.12320E-02  1.22560E-02  1.32800E-02  1.43040E-02  1.53280E-02
  1.63520E-02  1.84000E-02  2.04480E-02  2.24960E-02  2.45440E-02  2.65920E-02
  2.86400E-02  3.06880E-02  3.27360E-02  3.68320E-02  4.09280E-02  4.50240E-02
  4.91200E-02  5.32160E-02  5.73120E-02  6.14080E-02  6.55040E-02  7.36960E-02
  8.18880E-02  9.00800E-02  9.82720E-02  1.06464E-01  1.14656E-01  1.22848E-01
  1.31040E-01  1.47424E-01  1.63808E-01  1.80192E-01  1.96576E-01  2.12960E-01
  2.29344E-01  2.45728E-01  2.62112E-01  2.94880E-01  3.27648E-01  3.60416E-01
  3.93184E-01  4.25952E-01  4.58720E-01  4.91488E-01  5.24256E-01  5.89792E-01
  6.55328E-01  7.20864E-01  7.86400E-01  8.51936E-01  9.17472E-01  9.83008E-01
  1.00000E+00  9.97858E-01  9.99588E-01  9.95534E-01  9.96056E-01  9.94400E-01
  9.94252E-01  9.95290E-01  9.93109E-01  9.91305E-01  9.92459E-01  9.91064E-01
  9.91305E-01  9.88141E-01  9.89457E-01  9.87412E-01  9.86333E-01  9.85096E-01
  9.85242E-01  9.83488E-01  9.80909E-01  9.80011E-01  9.76791E-01  9.75844E-01
  9.74864E-01  9.73506E-01  9.70691E-01  9.67784E-01  9.63491E-01  9.59738E-01
  9.57362E-01  9.53990E-01  9.50036E-01  9.47000E-01  9.43753E-01  9.36870E-01
  9.30337E-01  9.23220E-01  9.15819E-01  9.09711E-01  9.03249E-01  8.96526E-01
  8.90408E-01  8.77160E-01  8.64796E-01  8.52649E-01  8.39674E-01  8.28340E-01
  8.15959E-01  8.03719E-01  7.92228E-01  7.69685E-01  7.47705E-01  7.26775E-01
  7.05588E-01  6.85541E-01  6.66086E-01  6.47024E-01  6.28722E-01  5.92964E-01
  5.59936E-01  5.28576E-01  4.98785E-01  4.71140E-01  4.44710E-01  4.20247E-01
  3.97181E-01  3.53945E-01  3.15674E-01  2.81478E-01  2.50966E-01  2.23735E-01
  1.99749E-01  1.78111E-01  1.59584E-01  1.27046E-01  1.00934E-01  8.06433E-02
  6.43897E-02  5.18024E-02  4.18082E-02  3.38467E-02  2.74940E-02  1.75522E-02
  1.08549E-02  6.29406E-03  3.31563E-03  1.86785E-03  9.43998E-04  4.34740E-04
  1.63082E-04 -1.96643E-04 -5.42293E-04 -1.28626E-03 -6.55506E-04  2.47570E-04
  4.49937E-04  3.30767E-04  1.04679E-03  1.69440E-03 -5.00489E-05  1.76221E-04
  8.34377E-04  5.66099E-04  3.41669E-04 -1.39607E-04 -5.77485E-05  2.18779E-04
 -7.37606E-05 -5.75073E-04  2.08986E-04  2.83270E-04 -8.70076E-04  5.52742E-04
  1.55962E-05  6.87015E-05  4.61233E-05 -1.53774E-03  4.97346E-04  9.99620E-04
 -1.38901E-03 -6.04220E-04 -2.83308E-07  6.30257E-04  2.73658E-04  6.62199E-04
  1.73527E-04 -5.03458E-04 -1.23652E-03 -2.19716E-04 -6.65779E-04 -7.54433E-04
  7.73099E-05  3.07287E-04  1.07111E-03 -8.45922E-04  2.69257E-04 -9.73421E-05
  2.03609E-04 -9.33995E-05  1.96601E-04 -1.41925E-04 -1.89122E-04  2.09977E-04
  3.00409E-04  1.62632E-04  8.72328E-05  1.49991E-04 -1.38294E-04  4.22459E-04
 -4.37785E-04  1.49938E-04 -2.09931E-04  1.78646E-04 -1.27684E-04  1.83897E-04
  4.98587E-05  2.81325E-04 -2.63473E-04  1.07410E-05  3.99938E-05  3.22109E-06
