AutoSaveFileName0269.ASC
 IFORMY    0    .00
 (6E13.7)
 IFORMT    0    .00
 (6E13.7)
 IFORMW    0    .00
 (6E13.7)
 NINTT     0   -1.00
 DOUSNQ    0    1.00
 IQUAD     0    1.00
 PRWT      0    1.00
 PRY       0    1.00
 IPLRES    1    3.00
 IPLRES    2    3.00
 IPRINT    1    0.00
 IPRINT    2    2.00
 IPLFIT    1    0.00
 IPLFIT    2    0.00
 LINEPG    0   50.
 NONNEG    1    1.00
 IWT       0    5.00
 NQPROG    1    5.00
 NQPROG    2    5.00
 GMNMX     1    2.94026E-03
 GMNMX     2    1.05548E-03
 RUSER    10    -1.00
 NG        0    500.00
 NLINF     0    1.00
 IUSER    10    4.00
 RUSER    21    1.0
 RUSER    22   -1.0
 RUSER    23    0.0
 RUSER    18         292.14899
 RUSER    17         144.99900
 RUSER    19         1.02670
 RUSER    15         1.33200
 RUSER    16         632.80000
 RUSER    25         1
 RUSER    26         0
 END       0    0.00
 NY      162
  7.50000E-07  8.75000E-07  1.00000E-06  1.12500E-06  1.25000E-06  1.37500E-06
  1.50000E-06  1.62500E-06  1.75000E-06  1.87500E-06  2.00000E-06  2.25000E-06
  2.50000E-06  2.75000E-06  3.00000E-06  3.25000E-06  3.50000E-06  3.75000E-06
  4.00000E-06  4.50000E-06  5.00000E-06  5.50000E-06  6.00000E-06  6.50000E-06
  7.00000E-06  7.50000E-06  8.00000E-06  9.00000E-06  1.00000E-05  1.10000E-05
  1.20000E-05  1.30000E-05  1.40000E-05  1.50000E-05  1.60000E-05  1.80000E-05
  2.00000E-05  2.20000E-05  2.40000E-05  2.60000E-05  2.80000E-05  3.00000E-05
  3.20000E-05  3.60000E-05  4.00000E-05  4.40000E-05  4.80000E-05  5.20000E-05
  5.60000E-05  6.00000E-05  6.40000E-05  7.20000E-05  8.00000E-05  8.80000E-05
  9.60000E-05  1.04000E-04  1.12000E-04  1.20000E-04  1.28000E-04  1.44000E-04
  1.60000E-04  1.76000E-04  1.92000E-04  2.08000E-04  2.24000E-04  2.40000E-04
  2.56000E-04  2.88000E-04  3.20000E-04  3.52000E-04  3.84000E-04  4.16000E-04
  4.48000E-04  4.80000E-04  5.12000E-04  5.76000E-04  6.40000E-04  7.04000E-04
  7.68000E-04  8.32000E-04  8.96000E-04  9.60000E-04  1.02400E-03  1.15200E-03
  1.28000E-03  1.40800E-03  1.53600E-03  1.66400E-03  1.79200E-03  1.92000E-03
  2.01600E-03  2.27200E-03  2.52800E-03  2.78400E-03  3.04000E-03  3.29600E-03
  3.55200E-03  3.80800E-03  4.06400E-03  4.57600E-03  5.08800E-03  5.60000E-03
  6.11200E-03  6.62400E-03  7.13600E-03  7.64800E-03  8.16000E-03  9.18400E-03
  1.02080E-02  1.12320E-02  1.22560E-02  1.32800E-02  1.43040E-02  1.53280E-02
  1.63520E-02  1.84000E-02  2.04480E-02  2.24960E-02  2.45440E-02  2.65920E-02
  2.86400E-02  3.06880E-02  3.27360E-02  3.68320E-02  4.09280E-02  4.50240E-02
  4.91200E-02  5.32160E-02  5.73120E-02  6.14080E-02  6.55040E-02  7.36960E-02
  8.18880E-02  9.00800E-02  9.82720E-02  1.06464E-01  1.14656E-01  1.22848E-01
  1.31040E-01  1.47424E-01  1.63808E-01  1.80192E-01  1.96576E-01  2.12960E-01
  2.29344E-01  2.45728E-01  2.62112E-01  2.94880E-01  3.27648E-01  3.60416E-01
  3.93184E-01  4.25952E-01  4.58720E-01  4.91488E-01  5.24256E-01  5.89792E-01
  6.55328E-01  7.20864E-01  7.86400E-01  8.51936E-01  9.17472E-01  9.83008E-01
  9.99613E-01  1.00000E+00  9.98574E-01  9.96682E-01  9.97858E-01  9.94213E-01
  9.93349E-01  9.93593E-01  9.94618E-01  9.91546E-01  9.91146E-01  9.89951E-01
  9.88578E-01  9.86621E-01  9.83778E-01  9.83425E-01  9.81450E-01  9.80660E-01
  9.79193E-01  9.75734E-01  9.73210E-01  9.69988E-01  9.67480E-01  9.65171E-01
  9.61062E-01  9.57329E-01  9.54874E-01  9.49278E-01  9.43441E-01  9.37630E-01
  9.31503E-01  9.26375E-01  9.20510E-01  9.15045E-01  9.08983E-01  8.98532E-01
  8.86882E-01  8.76206E-01  8.65285E-01  8.54785E-01  8.44125E-01  8.33459E-01
  8.23406E-01  8.03239E-01  7.83887E-01  7.64267E-01  7.45917E-01  7.27512E-01
  7.09321E-01  6.92764E-01  6.75768E-01  6.43336E-01  6.12210E-01  5.82943E-01
  5.54708E-01  5.28371E-01  5.02866E-01  4.78677E-01  4.56121E-01  4.13696E-01
  3.74935E-01  3.39926E-01  3.08246E-01  2.79641E-01  2.53484E-01  2.29753E-01
  2.08780E-01  1.71680E-01  1.41006E-01  1.15897E-01  9.50140E-02  7.81684E-02
  6.44218E-02  5.30363E-02  4.41997E-02  3.00534E-02  2.03345E-02  1.33974E-02
  8.15298E-03  5.01955E-03  3.36660E-03  2.39451E-03  1.79297E-03  9.06277E-04
  6.68146E-05 -1.04959E-04 -3.21058E-04  7.21477E-05  1.07349E-03  1.29981E-03
  8.10845E-04  8.91850E-05  9.84135E-04  6.75126E-04 -1.34404E-04 -5.47801E-04
 -6.37318E-04 -1.01796E-03 -7.72224E-04 -5.04830E-04 -6.18443E-04  6.85798E-04
  4.30658E-04 -1.19863E-04  3.38886E-04  1.34262E-03  6.86684E-05 -1.43198E-03
 -3.86205E-04 -1.05258E-03 -1.01552E-03  2.01614E-05  5.50626E-04  4.18401E-04
  8.51242E-05  7.09466E-06 -2.80047E-04 -8.79204E-05 -6.87465E-04  5.06200E-04
  1.07300E-05 -9.80252E-05  2.10503E-04  4.21745E-04  4.02068E-05 -5.51996E-04
  4.90774E-05 -4.15413E-04 -5.79010E-06  1.78706E-04  1.90868E-04  1.42148E-04
 -1.47445E-04  4.10335E-04  1.45632E-04 -3.00261E-04 -2.47773E-04 -2.09340E-04
 -1.19320E-04  8.37643E-05  1.45811E-04 -2.11817E-04  5.85720E-05 -1.29647E-04
 -6.47953E-05  2.06434E-04  3.03058E-05  2.71129E-05  9.43003E-05  2.97648E-06
  4.75245E-05 -2.69953E-04 -2.01877E-04  1.36888E-04 -1.11726E-04 -9.72082E-06
 -1.62603E-05  5.29029E-05  1.21322E-04 -7.99650E-05 -4.58891E-05  1.32883E-04
