AutoSaveFileName0199.ASC
 IFORMY    0    .00
 (6E13.7)
 IFORMT    0    .00
 (6E13.7)
 IFORMW    0    .00
 (6E13.7)
 NINTT     0   -1.00
 DOUSNQ    0    1.00
 IQUAD          1.00
 PRWT      0    1.00
 PRY       0    1.00
 IPLRES    1    3.00
 IPLRES    2    3.00
 IPRINT    1    0.00
 IPRINT    2    2.00
 IPLFIT    1    0.00
 IPLFIT    2    0.00
 LINEPG    0   50.
 NONNEG    1    1.00
 IWT       0    5.00
 NQPROG    1    5.00
 NQPROG    2    5.00
 GMNMX     1    1.024E-05
 GMNMX     2    3.073E-03
 RUSER    10    -1.00
 NG        0    200.00
 NLINF     0    0.00
 IUSER    10    4.00
 RUSER    21    1.0
 RUSER    22   -1.0
 RUSER    23    0.0
 RUSER    18         292.06533
 RUSER    17         109.99900
 RUSER    19         0.00103
 RUSER    15         1.33200
 RUSER    16         0.00000
 RUSER    25         1
 RUSER    26         0
 END       0    0.00
 NY      131
  3.75000E-07  5.00000E-07  6.25000E-07  7.50000E-07  8.75000E-07  1.00000E-06
  1.12500E-06  1.25000E-06  1.37500E-06  1.50000E-06  1.62500E-06  1.75000E-06
  1.87500E-06  2.00000E-06  2.25000E-06  2.50000E-06  2.75000E-06  3.00000E-06
  3.25000E-06  3.50000E-06  3.75000E-06  4.00000E-06  4.50000E-06  5.00000E-06
  5.50000E-06  6.00000E-06  6.50000E-06  7.00000E-06  7.50000E-06  8.00000E-06
  9.00000E-06  1.00000E-05  1.10000E-05  1.20000E-05  1.30000E-05  1.40000E-05
  1.50000E-05  1.60000E-05  1.80000E-05  2.00000E-05  2.20000E-05  2.40000E-05
  2.60000E-05  2.80000E-05  3.00000E-05  3.20000E-05  3.60000E-05  4.00000E-05
  4.40000E-05  4.80000E-05  5.20000E-05  5.60000E-05  6.00000E-05  6.40000E-05
  7.20000E-05  8.00000E-05  8.80000E-05  9.60000E-05  1.04000E-04  1.12000E-04
  1.20000E-04  1.28000E-04  1.44000E-04  1.60000E-04  1.76000E-04  1.92000E-04
  2.08000E-04  2.24000E-04  2.40000E-04  2.56000E-04  2.88000E-04  3.20000E-04
  3.52000E-04  3.84000E-04  4.16000E-04  4.48000E-04  4.80000E-04  5.12000E-04
  5.76000E-04  6.40000E-04  7.04000E-04  7.68000E-04  8.32000E-04  8.96000E-04
  9.60000E-04  1.02400E-03  1.15200E-03  1.28000E-03  1.40800E-03  1.53600E-03
  1.66400E-03  1.79200E-03  1.92000E-03  2.01600E-03  2.27200E-03  2.52800E-03
  2.78400E-03  3.04000E-03  3.29600E-03  3.55200E-03  3.80800E-03  4.06400E-03
  4.57600E-03  5.08800E-03  5.60000E-03  6.11200E-03  6.62400E-03  7.13600E-03
  7.64800E-03  8.16000E-03  9.18400E-03  1.02080E-02  1.12320E-02  1.22560E-02
  1.32800E-02  1.43040E-02  1.53280E-02  1.63520E-02  1.84000E-02  2.04480E-02
  2.24960E-02  2.45440E-02  2.65920E-02  2.86400E-02  3.06880E-02  3.27360E-02
  3.68320E-02  4.09280E-02  4.50240E-02  4.91200E-02  5.32160E-02
  9.54476E+00  9.56179E+00  9.52845E+00  9.50231E+00  9.51423E+00  9.46748E+00
  9.49154E+00  9.47066E+00  9.47977E+00  9.44816E+00  9.47226E+00  9.44980E+00
  9.43558E+00  9.43994E+00  9.42330E+00  9.42873E+00  9.40612E+00  9.39575E+00
  9.38499E+00  9.38397E+00  9.37990E+00  9.35373E+00  9.33222E+00  9.32442E+00
  9.29996E+00  9.28274E+00  9.25366E+00  9.25002E+00  9.22190E+00  9.20160E+00
  9.16984E+00  9.13219E+00  9.09409E+00  9.06404E+00  9.02638E+00  8.97512E+00
  8.95072E+00  8.91689E+00  8.83980E+00  8.77780E+00  8.70130E+00  8.63737E+00
  8.56557E+00  8.50343E+00  8.43385E+00  8.36555E+00  8.22929E+00  8.10630E+00
  7.97873E+00  7.85249E+00  7.72492E+00  7.60598E+00  7.49081E+00  7.37502E+00
  7.14807E+00  6.93253E+00  6.72205E+00  6.51670E+00  6.32471E+00  6.13486E+00
  5.95376E+00  5.78035E+00  5.44886E+00  5.13985E+00  4.85340E+00  4.58762E+00
  4.33914E+00  4.11027E+00  3.89577E+00  3.69934E+00  3.33893E+00  3.02738E+00
  2.75903E+00  2.52761E+00  2.32743E+00  2.15300E+00  2.00246E+00  1.87471E+00
  1.65797E+00  1.49682E+00  1.37112E+00  1.27704E+00  1.20575E+00  1.15343E+00
  1.11469E+00  1.08738E+00  1.04666E+00  1.02151E+00  1.00457E+00  9.96256E-01
  9.95813E-01  9.94230E-01  9.93192E-01  9.96844E-01  1.00083E+00  1.00313E+00
  9.92191E-01  9.92064E-01  9.92322E-01  9.86895E-01  9.95793E-01  1.00203E+00
  1.01425E+00  1.00832E+00  1.00859E+00  9.98896E-01  9.88826E-01  1.00098E+00
  9.99628E-01  1.01206E+00  1.00594E+00  9.96210E-01  1.00572E+00  9.85878E-01
  9.89367E-01  1.00399E+00  1.00216E+00  1.00155E+00  9.94450E-01  9.97864E-01
  9.95006E-01  1.00184E+00  1.00079E+00  1.00229E+00  9.90978E-01  9.99480E-01
  9.95222E-01  9.97069E-01  1.00747E+00  9.98586E-01  9.99250E-01
