AutoSaveFileName0129.ASC
 IFORMY    0    .00
 (6E13.7)
 IFORMT    0    .00
 (6E13.7)
 IFORMW    0    .00
 (6E13.7)
 NINTT     0   -1.00
 DOUSNQ    0    1.00
 IQUAD          1.00
 PRWT      0    1.00
 PRY       0    1.00
 IPLRES    1    3.00
 IPLRES    2    3.00
 IPRINT    1    0.00
 IPRINT    2    2.00
 IPLFIT    1    0.00
 IPLFIT    2    0.00
 LINEPG    0   50.
 NONNEG    1    1.00
 IWT       0    5.00
 NQPROG    1    5.00
 NQPROG    2    5.00
 GMNMX     1    1.847E-05
 GMNMX     2    1.847E-02
 RUSER    10    -1.00
 NG        0    200.00
 NLINF     0    0.00
 IUSER    10    4.00
 RUSER    21    1.0
 RUSER    22   -1.0
 RUSER    23    0.0
 RUSER    18         292.20773
 RUSER    17         74.99800
 RUSER    19         1.02521
 RUSER    15         1.33200
 RUSER    16         632.80000
 RUSER    25         1
 RUSER    26         0
 END       0    0.00
 NY      188
  5.00000E-07  6.25000E-07  7.50000E-07  8.75000E-07  1.00000E-06  1.12500E-06
  1.25000E-06  1.37500E-06  1.50000E-06  1.62500E-06  1.75000E-06  1.87500E-06
  2.00000E-06  2.25000E-06  2.50000E-06  2.75000E-06  3.00000E-06  3.25000E-06
  3.50000E-06  3.75000E-06  4.00000E-06  4.50000E-06  5.00000E-06  5.50000E-06
  6.00000E-06  6.50000E-06  7.00000E-06  7.50000E-06  8.00000E-06  9.00000E-06
  1.00000E-05  1.10000E-05  1.20000E-05  1.30000E-05  1.40000E-05  1.50000E-05
  1.60000E-05  1.80000E-05  2.00000E-05  2.20000E-05  2.40000E-05  2.60000E-05
  2.80000E-05  3.00000E-05  3.20000E-05  3.60000E-05  4.00000E-05  4.40000E-05
  4.80000E-05  5.20000E-05  5.60000E-05  6.00000E-05  6.40000E-05  7.20000E-05
  8.00000E-05  8.80000E-05  9.60000E-05  1.04000E-04  1.12000E-04  1.20000E-04
  1.28000E-04  1.44000E-04  1.60000E-04  1.76000E-04  1.92000E-04  2.08000E-04
  2.24000E-04  2.40000E-04  2.56000E-04  2.88000E-04  3.20000E-04  3.52000E-04
  3.84000E-04  4.16000E-04  4.48000E-04  4.80000E-04  5.12000E-04  5.76000E-04
  6.40000E-04  7.04000E-04  7.68000E-04  8.32000E-04  8.96000E-04  9.60000E-04
  1.02400E-03  1.15200E-03  1.28000E-03  1.40800E-03  1.53600E-03  1.66400E-03
  1.79200E-03  1.92000E-03  2.01600E-03  2.27200E-03  2.52800E-03  2.78400E-03
  3.04000E-03  3.29600E-03  3.55200E-03  3.80800E-03  4.06400E-03  4.57600E-03
  5.08800E-03  5.60000E-03  6.11200E-03  6.62400E-03  7.13600E-03  7.64800E-03
  8.16000E-03  9.18400E-03  1.02080E-02  1.12320E-02  1.22560E-02  1.32800E-02
  1.43040E-02  1.53280E-02  1.63520E-02  1.84000E-02  2.04480E-02  2.24960E-02
  2.45440E-02  2.65920E-02  2.86400E-02  3.06880E-02  3.27360E-02  3.68320E-02
  4.09280E-02  4.50240E-02  4.91200E-02  5.32160E-02  5.73120E-02  6.14080E-02
  6.55040E-02  7.36960E-02  8.18880E-02  9.00800E-02  9.82720E-02  1.06464E-01
  1.14656E-01  1.22848E-01  1.31040E-01  1.47424E-01  1.63808E-01  1.80192E-01
  1.96576E-01  2.12960E-01  2.29344E-01  2.45728E-01  2.62112E-01  2.94880E-01
  3.27648E-01  3.60416E-01  3.93184E-01  4.25952E-01  4.58720E-01  4.91488E-01
  5.24256E-01  5.89792E-01  6.55328E-01  7.20864E-01  7.86400E-01  8.51936E-01
  9.17472E-01  9.83008E-01  1.04854E+00  1.17962E+00  1.31069E+00  1.44176E+00
  1.57283E+00  1.70390E+00  1.83498E+00  1.96605E+00  2.09712E+00  2.35926E+00
  2.62141E+00  2.88355E+00  3.14570E+00  3.40784E+00  3.66998E+00  3.93213E+00
  4.19427E+00  4.71856E+00  5.24285E+00  5.76714E+00  6.29142E+00  6.81571E+00
  7.34000E+00  7.86429E+00
  9.95163E-01  9.93693E-01  9.92556E-01  9.92057E-01  9.89672E-01  9.90267E-01
  9.90110E-01  9.89846E-01  9.90606E-01  9.90751E-01  9.91951E-01  9.91049E-01
  9.90109E-01  9.90089E-01  9.89500E-01  9.90258E-01  9.88600E-01  9.89030E-01
  9.90220E-01  9.89777E-01  9.89299E-01  9.89278E-01  9.89310E-01  9.88741E-01
  9.89057E-01  9.88533E-01  9.88898E-01  9.88160E-01  9.88449E-01  9.89020E-01
  9.88648E-01  9.88268E-01  9.88493E-01  9.87464E-01  9.87998E-01  9.87722E-01
  9.87747E-01  9.86905E-01  9.86700E-01  9.86316E-01  9.85939E-01  9.85814E-01
  9.85318E-01  9.85262E-01  9.84493E-01  9.84088E-01  9.83142E-01  9.82374E-01
  9.81386E-01  9.80796E-01  9.80462E-01  9.79709E-01  9.78949E-01  9.77533E-01
  9.76130E-01  9.74693E-01  9.72969E-01  9.71615E-01  9.70046E-01  9.68654E-01
  9.67181E-01  9.64305E-01  9.61412E-01  9.58409E-01  9.55492E-01  9.52720E-01
  9.49778E-01  9.46964E-01  9.43895E-01  9.38265E-01  9.32516E-01  9.26937E-01
  9.21305E-01  9.15627E-01  9.10144E-01  9.04600E-01  8.99160E-01  8.88301E-01
  8.77663E-01  8.67070E-01  8.56459E-01  8.46091E-01  8.35896E-01  8.25817E-01
  8.15683E-01  7.96023E-01  7.76993E-01  7.58392E-01  7.40115E-01  7.22419E-01
  7.05292E-01  6.88484E-01  6.75328E-01  6.43805E-01  6.14177E-01  5.86226E-01
  5.59726E-01  5.34726E-01  5.10949E-01  4.88356E-01  4.67402E-01  4.27804E-01
  3.92037E-01  3.59502E-01  3.29992E-01  3.03196E-01  2.78392E-01  2.55818E-01
  2.35656E-01  1.99167E-01  1.67945E-01  1.41544E-01  1.19851E-01  1.02076E-01
  8.65356E-02  7.39783E-02  6.44323E-02  4.99220E-02  3.96685E-02  3.11354E-02
  2.44954E-02  2.00021E-02  1.62074E-02  1.37220E-02  9.90289E-03  3.01341E-03
 -2.18012E-03 -2.48881E-03 -4.92323E-03 -5.23854E-03 -9.65868E-03 -1.28548E-02
 -1.37095E-02 -1.05218E-02 -4.89527E-03  2.21334E-03  3.50859E-03  2.67923E-03
  3.03976E-03 -3.89542E-04 -4.61489E-03 -4.85738E-03 -3.09918E-04 -2.79908E-03
 -1.02830E-03  4.46199E-04 -1.11789E-02 -2.13304E-03 -2.58348E-04 -1.46608E-03
 -3.94943E-03 -3.92542E-03  6.94729E-03  2.49139E-04 -8.97702E-03 -7.36903E-03
 -3.82552E-03 -2.14915E-04  3.92795E-03 -3.02617E-03  9.62510E-03 -4.05697E-03
 -2.55414E-03  4.34053E-03  2.46702E-03 -1.45565E-03  1.22152E-03 -5.85077E-05
 -6.83810E-04  1.21735E-03 -3.35755E-03  2.36085E-03  5.20379E-04 -1.35471E-03
  1.27008E-03 -2.60512E-03 -1.78652E-03 -5.80555E-04  3.13129E-03  1.45183E-03
 -2.95317E-04 -8.63828E-04 -1.20931E-03 -2.20673E-03  1.78088E-03 -2.03792E-03
  9.65821E-04 -1.78719E-03
