AutoSaveFileName0138.ASC
 IFORMY    0    .00
 (6E13.7)
 IFORMT    0    .00
 (6E13.7)
 IFORMW    0    .00
 (6E13.7)
 NINTT     0   -1.00
 DOUSNQ    0    1.00
 IQUAD          1.00
 PRWT      0    1.00
 PRY       0    1.00
 IPLRES    1    3.00
 IPLRES    2    3.00
 IPRINT    1    0.00
 IPRINT    2    2.00
 IPLFIT    1    0.00
 IPLFIT    2    0.00
 LINEPG    0   50.
 NONNEG    1    1.00
 IWT       0    5.00
 NQPROG    1    5.00
 NQPROG    2    5.00
 GMNMX     1    2.678E-05
 GMNMX     2    2.678E-02
 RUSER    10    -1.00
 NG        0    200.00
 NLINF     0    0.00
 IUSER    10    4.00
 RUSER    21    1.0
 RUSER    22   -1.0
 RUSER    23    0.0
 RUSER    18         291.94019
 RUSER    17         60.99900
 RUSER    19         1.03203
 RUSER    15         1.33200
 RUSER    16         632.80000
 RUSER    25         1
 RUSER    26         0
 END       0    0.00
 NY      131
  3.75000E-07  5.00000E-07  6.25000E-07  7.50000E-07  8.75000E-07  1.00000E-06
  1.12500E-06  1.25000E-06  1.37500E-06  1.50000E-06  1.62500E-06  1.75000E-06
  1.87500E-06  2.00000E-06  2.25000E-06  2.50000E-06  2.75000E-06  3.00000E-06
  3.25000E-06  3.50000E-06  3.75000E-06  4.00000E-06  4.50000E-06  5.00000E-06
  5.50000E-06  6.00000E-06  6.50000E-06  7.00000E-06  7.50000E-06  8.00000E-06
  9.00000E-06  1.00000E-05  1.10000E-05  1.20000E-05  1.30000E-05  1.40000E-05
  1.50000E-05  1.60000E-05  1.80000E-05  2.00000E-05  2.20000E-05  2.40000E-05
  2.60000E-05  2.80000E-05  3.00000E-05  3.20000E-05  3.60000E-05  4.00000E-05
  4.40000E-05  4.80000E-05  5.20000E-05  5.60000E-05  6.00000E-05  6.40000E-05
  7.20000E-05  8.00000E-05  8.80000E-05  9.60000E-05  1.04000E-04  1.12000E-04
  1.20000E-04  1.28000E-04  1.44000E-04  1.60000E-04  1.76000E-04  1.92000E-04
  2.08000E-04  2.24000E-04  2.40000E-04  2.56000E-04  2.88000E-04  3.20000E-04
  3.52000E-04  3.84000E-04  4.16000E-04  4.48000E-04  4.80000E-04  5.12000E-04
  5.76000E-04  6.40000E-04  7.04000E-04  7.68000E-04  8.32000E-04  8.96000E-04
  9.60000E-04  1.02400E-03  1.15200E-03  1.28000E-03  1.40800E-03  1.53600E-03
  1.66400E-03  1.79200E-03  1.92000E-03  2.01600E-03  2.27200E-03  2.52800E-03
  2.78400E-03  3.04000E-03  3.29600E-03  3.55200E-03  3.80800E-03  4.06400E-03
  4.57600E-03  5.08800E-03  5.60000E-03  6.11200E-03  6.62400E-03  7.13600E-03
  7.64800E-03  8.16000E-03  9.18400E-03  1.02080E-02  1.12320E-02  1.22560E-02
  1.32800E-02  1.43040E-02  1.53280E-02  1.63520E-02  1.84000E-02  2.04480E-02
  2.24960E-02  2.45440E-02  2.65920E-02  2.86400E-02  3.06880E-02  3.27360E-02
  3.68320E-02  4.09280E-02  4.50240E-02  4.91200E-02  5.32160E-02
  8.21482E-01  8.20401E-01  8.18747E-01  8.19354E-01  8.16949E-01  8.17549E-01
  8.15803E-01  8.18071E-01  8.17502E-01  8.18842E-01  8.16584E-01  8.11495E-01
  8.17444E-01  8.15953E-01  8.16166E-01  8.18225E-01  8.15087E-01  8.15443E-01
  8.17464E-01  8.15685E-01  8.12750E-01  8.15285E-01  8.14955E-01  8.15203E-01
  8.14062E-01  8.15044E-01  8.14201E-01  8.14447E-01  8.14089E-01  8.14849E-01
  8.14610E-01  8.14003E-01  8.14076E-01  8.13969E-01  8.12990E-01  8.14928E-01
  8.12758E-01  8.13591E-01  8.12310E-01  8.12227E-01  8.12547E-01  8.11700E-01
  8.11356E-01  8.10884E-01  8.10246E-01  8.10078E-01  8.08946E-01  8.08374E-01
  8.07680E-01  8.06506E-01  8.06123E-01  8.04873E-01  8.05348E-01  8.03592E-01
  8.01972E-01  8.00288E-01  7.99001E-01  7.96648E-01  7.95298E-01  7.93648E-01
  7.92133E-01  7.90629E-01  7.87372E-01  7.84299E-01  7.81075E-01  7.77643E-01
  7.74813E-01  7.71359E-01  7.68318E-01  7.65403E-01  7.59191E-01  7.53012E-01
  7.47164E-01  7.40883E-01  7.34784E-01  7.29045E-01  7.22899E-01  7.17345E-01
  7.05940E-01  6.94774E-01  6.83773E-01  6.72879E-01  6.62403E-01  6.52156E-01
  6.41862E-01  5.98522E-01  5.79679E-01  5.61154E-01  5.43012E-01  5.25710E-01
  5.09026E-01  4.92860E-01  4.77091E-01  4.92707E-01  4.62355E-01  4.34246E-01
  4.07834E-01  3.83028E-01  3.59620E-01  3.37785E-01  3.17210E-01  2.98206E-01
  2.62637E-01  2.33056E-01  2.07943E-01  1.84978E-01  1.64763E-01  1.46312E-01
  1.30489E-01  1.17847E-01  9.75602E-02  8.18706E-02  6.87349E-02  5.78857E-02
  4.99385E-02  4.31827E-02  3.83466E-02  3.15691E-02  1.67890E-02  4.79515E-03
  2.22822E-03  5.76961E-03  1.12595E-02  2.10871E-02  1.93008E-02  1.25226E-02
 -5.96498E-03 -1.82143E-02 -1.04278E-02 -1.12624E-02 -2.87950E-02
