AutoSaveFileName0176.ASC
 IFORMY    0    .00
 (6E13.7)
 IFORMT    0    .00
 (6E13.7)
 IFORMW    0    .00
 (6E13.7)
 NINTT     0   -1.00
 DOUSNQ    0    1.00
 IQUAD          1.00
 PRWT      0    1.00
 PRY       0    1.00
 IPLRES    1    3.00
 IPLRES    2    3.00
 IPRINT    1    0.00
 IPRINT    2    2.00
 IPLFIT    1    0.00
 IPLFIT    2    0.00
 LINEPG    0   50.
 NONNEG    1    1.00
 IWT       0    5.00
 NQPROG    1    5.00
 NQPROG    2    5.00
 GMNMX     1    1.166E-05
 GMNMX     2    1.166E-02
 RUSER    10    -1.00
 NG        0    200.00
 NLINF     0    0.00
 IUSER    10    4.00
 RUSER    21    1.0
 RUSER    22   -1.0
 RUSER    23    0.0
 RUSER    18         292.22669
 RUSER    17         99.99900
 RUSER    19         1.02473
 RUSER    15         1.33200
 RUSER    16         632.80000
 RUSER    25         1
 RUSER    26         0
 END       0    0.00
 NY      188
  5.00000E-07  6.25000E-07  7.50000E-07  8.75000E-07  1.00000E-06  1.12500E-06
  1.25000E-06  1.37500E-06  1.50000E-06  1.62500E-06  1.75000E-06  1.87500E-06
  2.00000E-06  2.25000E-06  2.50000E-06  2.75000E-06  3.00000E-06  3.25000E-06
  3.50000E-06  3.75000E-06  4.00000E-06  4.50000E-06  5.00000E-06  5.50000E-06
  6.00000E-06  6.50000E-06  7.00000E-06  7.50000E-06  8.00000E-06  9.00000E-06
  1.00000E-05  1.10000E-05  1.20000E-05  1.30000E-05  1.40000E-05  1.50000E-05
  1.60000E-05  1.80000E-05  2.00000E-05  2.20000E-05  2.40000E-05  2.60000E-05
  2.80000E-05  3.00000E-05  3.20000E-05  3.60000E-05  4.00000E-05  4.40000E-05
  4.80000E-05  5.20000E-05  5.60000E-05  6.00000E-05  6.40000E-05  7.20000E-05
  8.00000E-05  8.80000E-05  9.60000E-05  1.04000E-04  1.12000E-04  1.20000E-04
  1.28000E-04  1.44000E-04  1.60000E-04  1.76000E-04  1.92000E-04  2.08000E-04
  2.24000E-04  2.40000E-04  2.56000E-04  2.88000E-04  3.20000E-04  3.52000E-04
  3.84000E-04  4.16000E-04  4.48000E-04  4.80000E-04  5.12000E-04  5.76000E-04
  6.40000E-04  7.04000E-04  7.68000E-04  8.32000E-04  8.96000E-04  9.60000E-04
  1.02400E-03  1.15200E-03  1.28000E-03  1.40800E-03  1.53600E-03  1.66400E-03
  1.79200E-03  1.92000E-03  2.01600E-03  2.27200E-03  2.52800E-03  2.78400E-03
  3.04000E-03  3.29600E-03  3.55200E-03  3.80800E-03  4.06400E-03  4.57600E-03
  5.08800E-03  5.60000E-03  6.11200E-03  6.62400E-03  7.13600E-03  7.64800E-03
  8.16000E-03  9.18400E-03  1.02080E-02  1.12320E-02  1.22560E-02  1.32800E-02
  1.43040E-02  1.53280E-02  1.63520E-02  1.84000E-02  2.04480E-02  2.24960E-02
  2.45440E-02  2.65920E-02  2.86400E-02  3.06880E-02  3.27360E-02  3.68320E-02
  4.09280E-02  4.50240E-02  4.91200E-02  5.32160E-02  5.73120E-02  6.14080E-02
  6.55040E-02  7.36960E-02  8.18880E-02  9.00800E-02  9.82720E-02  1.06464E-01
  1.14656E-01  1.22848E-01  1.31040E-01  1.47424E-01  1.63808E-01  1.80192E-01
  1.96576E-01  2.12960E-01  2.29344E-01  2.45728E-01  2.62112E-01  2.94880E-01
  3.27648E-01  3.60416E-01  3.93184E-01  4.25952E-01  4.58720E-01  4.91488E-01
  5.24256E-01  5.89792E-01  6.55328E-01  7.20864E-01  7.86400E-01  8.51936E-01
  9.17472E-01  9.83008E-01  1.04854E+00  1.17962E+00  1.31069E+00  1.44176E+00
  1.57283E+00  1.70390E+00  1.83498E+00  1.96605E+00  2.09712E+00  2.35926E+00
  2.62141E+00  2.88355E+00  3.14570E+00  3.40784E+00  3.66998E+00  3.93213E+00
  4.19427E+00  4.71856E+00  5.24285E+00  5.76714E+00  6.29142E+00  6.81571E+00
  7.34000E+00  7.86429E+00
  9.94645E-01  9.93422E-01  9.94089E-01  9.91850E-01  9.92219E-01  9.91816E-01
  9.90963E-01  9.90683E-01  9.90484E-01  9.91188E-01  9.92859E-01  9.90102E-01
  9.90131E-01  9.90036E-01  9.89719E-01  9.90692E-01  9.89876E-01  9.89730E-01
  9.89551E-01  9.90152E-01  9.90034E-01  9.90140E-01  9.89457E-01  9.88592E-01
  9.88287E-01  9.89184E-01  9.88774E-01  9.88647E-01  9.88287E-01  9.88289E-01
  9.87281E-01  9.87030E-01  9.87192E-01  9.86896E-01  9.86160E-01  9.85270E-01
  9.85650E-01  9.85427E-01  9.85126E-01  9.83822E-01  9.83551E-01  9.82790E-01
  9.82859E-01  9.82077E-01  9.81208E-01  9.79908E-01  9.79254E-01  9.77945E-01
  9.76702E-01  9.75538E-01  9.74352E-01  9.73414E-01  9.72009E-01  9.70002E-01
  9.67568E-01  9.64875E-01  9.62857E-01  9.60352E-01  9.58260E-01  9.55850E-01
  9.53209E-01  9.48749E-01  9.44374E-01  9.39609E-01  9.34966E-01  9.30348E-01
  9.25983E-01  9.21326E-01  9.16932E-01  9.08013E-01  8.99289E-01  8.90568E-01
  8.81927E-01  8.73231E-01  8.64730E-01  8.56504E-01  8.48165E-01  8.31839E-01
  8.15795E-01  8.00044E-01  7.84595E-01  7.69446E-01  7.54492E-01  7.39976E-01
  7.18185E-01  6.90861E-01  6.64638E-01  6.39537E-01  6.15425E-01  5.92309E-01
  5.70176E-01  5.49008E-01  5.38723E-01  4.99747E-01  4.63601E-01  4.30163E-01
  3.99350E-01  3.71024E-01  3.44747E-01  3.20410E-01  2.98383E-01  2.58500E-01
  2.25034E-01  1.95847E-01  1.70782E-01  1.49582E-01  1.31136E-01  1.15021E-01
  1.00789E-01  7.59174E-02  5.64982E-02  4.26324E-02  3.18159E-02  2.38702E-02
  1.90073E-02  1.57012E-02  1.34835E-02  9.14809E-03  3.81023E-03  1.59144E-03
  3.05988E-03  4.43495E-03  5.38111E-03  5.84619E-03  6.05138E-03  8.35000E-03
  8.54655E-03  6.84956E-03  3.48286E-03  2.02954E-03  2.77646E-03  4.02368E-03
  6.05418E-03  4.97135E-03  6.74630E-03  5.37348E-03  2.48804E-03  3.62749E-03
  7.10040E-03  8.21783E-03  7.09473E-03  1.97810E-03  5.94998E-03 -5.97737E-03
 -3.10408E-03  5.88467E-05 -2.88423E-03  2.42185E-03  6.88226E-04  1.93452E-03
 -1.15887E-03  4.41096E-03  1.69250E-03  9.67081E-04  7.88675E-04  2.51792E-03
  4.29050E-03  2.36771E-03  6.94848E-04  1.50581E-05  4.81604E-04  1.20558E-03
  1.87839E-03  6.05304E-04  2.98104E-04  1.63780E-04  3.82259E-03 -2.72376E-03
  6.37444E-04 -2.96838E-03 -1.63814E-03 -3.50597E-03 -4.17382E-03 -3.01664E-04
  2.32446E-03 -1.15304E-03  6.90549E-04  1.13770E-03  8.87093E-05  1.14027E-03
 -2.40498E-03 -1.84109E-03 -4.71494E-04 -3.78571E-03  2.01408E-03  5.13681E-04
  6.74286E-04  7.50137E-04
