AutoSaveFileName0152.ASC
 IFORMY    0    .00
 (6E13.7)
 IFORMT    0    .00
 (6E13.7)
 IFORMW    0    .00
 (6E13.7)
 NINTT     0   -1.00
 DOUSNQ    0    1.00
 IQUAD     0    1.00
 PRWT      0    1.00
 PRY       0    1.00
 IPLRES    1    3.00
 IPLRES    2    3.00
 IPRINT    1    0.00
 IPRINT    2    2.00
 IPLFIT    1    0.00
 IPLFIT    2    0.00
 LINEPG    0   50.
 NONNEG    1    1.00
 IWT       0    5.00
 NQPROG    1    5.00
 NQPROG    2    5.00
 GMNMX     1    5.36990E-03
 GMNMX     2    1.92766E-03
 RUSER    10    -1.00
 NG        0    500.00
 NLINF     0    1.00
 IUSER    10    4.00
 RUSER    21    1.0
 RUSER    22   -1.0
 RUSER    23    0.0
 RUSER    18         292.00975
 RUSER    17         89.99900
 RUSER    19         1.03025
 RUSER    15         1.33200
 RUSER    16         632.80000
 RUSER    25         1
 RUSER    26         0
 END       0    0.00
 NY      162
  7.50000E-07  8.75000E-07  1.00000E-06  1.12500E-06  1.25000E-06  1.37500E-06
  1.50000E-06  1.62500E-06  1.75000E-06  1.87500E-06  2.00000E-06  2.25000E-06
  2.50000E-06  2.75000E-06  3.00000E-06  3.25000E-06  3.50000E-06  3.75000E-06
  4.00000E-06  4.50000E-06  5.00000E-06  5.50000E-06  6.00000E-06  6.50000E-06
  7.00000E-06  7.50000E-06  8.00000E-06  9.00000E-06  1.00000E-05  1.10000E-05
  1.20000E-05  1.30000E-05  1.40000E-05  1.50000E-05  1.60000E-05  1.80000E-05
  2.00000E-05  2.20000E-05  2.40000E-05  2.60000E-05  2.80000E-05  3.00000E-05
  3.20000E-05  3.60000E-05  4.00000E-05  4.40000E-05  4.80000E-05  5.20000E-05
  5.60000E-05  6.00000E-05  6.40000E-05  7.20000E-05  8.00000E-05  8.80000E-05
  9.60000E-05  1.04000E-04  1.12000E-04  1.20000E-04  1.28000E-04  1.44000E-04
  1.60000E-04  1.76000E-04  1.92000E-04  2.08000E-04  2.24000E-04  2.40000E-04
  2.56000E-04  2.88000E-04  3.20000E-04  3.52000E-04  3.84000E-04  4.16000E-04
  4.48000E-04  4.80000E-04  5.12000E-04  5.76000E-04  6.40000E-04  7.04000E-04
  7.68000E-04  8.32000E-04  8.96000E-04  9.60000E-04  1.02400E-03  1.15200E-03
  1.28000E-03  1.40800E-03  1.53600E-03  1.66400E-03  1.79200E-03  1.92000E-03
  2.01600E-03  2.27200E-03  2.52800E-03  2.78400E-03  3.04000E-03  3.29600E-03
  3.55200E-03  3.80800E-03  4.06400E-03  4.57600E-03  5.08800E-03  5.60000E-03
  6.11200E-03  6.62400E-03  7.13600E-03  7.64800E-03  8.16000E-03  9.18400E-03
  1.02080E-02  1.12320E-02  1.22560E-02  1.32800E-02  1.43040E-02  1.53280E-02
  1.63520E-02  1.84000E-02  2.04480E-02  2.24960E-02  2.45440E-02  2.65920E-02
  2.86400E-02  3.06880E-02  3.27360E-02  3.68320E-02  4.09280E-02  4.50240E-02
  4.91200E-02  5.32160E-02  5.73120E-02  6.14080E-02  6.55040E-02  7.36960E-02
  8.18880E-02  9.00800E-02  9.82720E-02  1.06464E-01  1.14656E-01  1.22848E-01
  1.31040E-01  1.47424E-01  1.63808E-01  1.80192E-01  1.96576E-01  2.12960E-01
  2.29344E-01  2.45728E-01  2.62112E-01  2.94880E-01  3.27648E-01  3.60416E-01
  3.93184E-01  4.25952E-01  4.58720E-01  4.91488E-01  5.24256E-01  5.89792E-01
  6.55328E-01  7.20864E-01  7.86400E-01  8.51936E-01  9.17472E-01  9.83008E-01
  9.99769E-01  1.00000E+00  9.98105E-01  9.98739E-01  9.92887E-01  9.98771E-01
  9.95925E-01  9.96258E-01  9.92711E-01  9.93784E-01  9.94766E-01  9.89012E-01
  9.93639E-01  9.89587E-01  9.87113E-01  9.88859E-01  9.88033E-01  9.89094E-01
  9.85907E-01  9.84209E-01  9.85688E-01  9.81656E-01  9.82541E-01  9.77890E-01
  9.75686E-01  9.77452E-01  9.71091E-01  9.69192E-01  9.67434E-01  9.64522E-01
  9.61570E-01  9.57491E-01  9.53275E-01  9.52332E-01  9.48797E-01  9.42671E-01
  9.34106E-01  9.29193E-01  9.22088E-01  9.15644E-01  9.10673E-01  9.04973E-01
  8.98851E-01  8.86195E-01  8.74502E-01  8.63083E-01  8.52075E-01  8.39572E-01
  8.28537E-01  8.18308E-01  8.06940E-01  7.85535E-01  7.64384E-01  7.44608E-01
  7.25042E-01  7.06816E-01  6.88010E-01  6.70144E-01  6.52532E-01  6.18648E-01
  5.86830E-01  5.55924E-01  5.27437E-01  5.00669E-01  4.74708E-01  4.50328E-01
  4.27662E-01  3.85702E-01  3.47937E-01  3.13393E-01  2.82542E-01  2.54442E-01
  2.29471E-01  2.06970E-01  1.87114E-01  1.52202E-01  1.24073E-01  1.01073E-01
  8.18343E-02  6.62530E-02  5.40309E-02  4.41950E-02  3.65452E-02  2.44621E-02
  1.51987E-02  9.63105E-03  5.60015E-03  2.97786E-03  2.05179E-03  1.70353E-03
  1.46688E-03  1.83043E-03  1.28654E-03  1.70575E-04 -1.61048E-03 -1.09217E-03
  1.02854E-03  3.29600E-03  3.72284E-03  3.74646E-03  1.01298E-03 -1.78015E-03
 -7.46714E-04 -2.88330E-04  1.30526E-03  9.76646E-04  1.55569E-04 -3.27467E-03
 -7.52265E-04 -4.10943E-04 -6.18722E-06 -2.35217E-04 -2.27352E-04  1.41042E-04
  7.82200E-04 -5.71598E-04  5.23957E-04 -1.22945E-03 -3.13353E-03  1.05450E-03
 -2.61680E-04  8.85396E-04 -1.84237E-04 -5.96648E-04 -1.43585E-03 -4.00816E-04
  7.75286E-04  6.64719E-04  1.56850E-04  2.25656E-04 -3.30411E-04  2.32753E-04
 -6.44813E-04  5.59909E-04  7.78665E-04  4.18878E-04  1.45595E-03  2.98251E-04
 -1.80624E-04 -5.36715E-04 -6.29405E-04 -8.96799E-04 -2.33864E-04 -2.44455E-04
  5.11196E-04  9.97385E-04  4.07083E-04 -5.72628E-04 -4.93079E-04  2.67086E-04
  1.12419E-04 -9.20796E-05 -2.97443E-04 -4.65947E-05  1.39142E-04 -4.58419E-04
  3.37403E-04 -8.88825E-05 -2.23894E-04  9.48484E-05 -1.57152E-04 -1.01063E-05
