AutoSaveFileName0143.ASC
 IFORMY    0    .00
 (6E13.7)
 IFORMT    0    .00
 (6E13.7)
 IFORMW    0    .00
 (6E13.7)
 NINTT     0   -1.00
 DOUSNQ    0    1.00
 IQUAD          1.00
 PRWT      0    1.00
 PRY       0    1.00
 IPLRES    1    3.00
 IPLRES    2    3.00
 IPRINT    1    0.00
 IPRINT    2    2.00
 IPLFIT    1    0.00
 IPLFIT    2    0.00
 LINEPG    0   50.
 NONNEG    1    1.00
 IWT       0    5.00
 NQPROG    1    5.00
 NQPROG    2    5.00
 GMNMX     1    2.600E-05
 GMNMX     2    2.600E-02
 RUSER    10    -1.00
 NG        0    200.00
 NLINF     0    0.00
 IUSER    10    4.00
 RUSER    21    1.0
 RUSER    22   -1.0
 RUSER    23    0.0
 RUSER    18         291.94712
 RUSER    17         61.99900
 RUSER    19         1.03185
 RUSER    15         1.33200
 RUSER    16         632.80000
 RUSER    25         1
 RUSER    26         0
 END       0    0.00
 NY      131
  3.75000E-07  5.00000E-07  6.25000E-07  7.50000E-07  8.75000E-07  1.00000E-06
  1.12500E-06  1.25000E-06  1.37500E-06  1.50000E-06  1.62500E-06  1.75000E-06
  1.87500E-06  2.00000E-06  2.25000E-06  2.50000E-06  2.75000E-06  3.00000E-06
  3.25000E-06  3.50000E-06  3.75000E-06  4.00000E-06  4.50000E-06  5.00000E-06
  5.50000E-06  6.00000E-06  6.50000E-06  7.00000E-06  7.50000E-06  8.00000E-06
  9.00000E-06  1.00000E-05  1.10000E-05  1.20000E-05  1.30000E-05  1.40000E-05
  1.50000E-05  1.60000E-05  1.80000E-05  2.00000E-05  2.20000E-05  2.40000E-05
  2.60000E-05  2.80000E-05  3.00000E-05  3.20000E-05  3.60000E-05  4.00000E-05
  4.40000E-05  4.80000E-05  5.20000E-05  5.60000E-05  6.00000E-05  6.40000E-05
  7.20000E-05  8.00000E-05  8.80000E-05  9.60000E-05  1.04000E-04  1.12000E-04
  1.20000E-04  1.28000E-04  1.44000E-04  1.60000E-04  1.76000E-04  1.92000E-04
  2.08000E-04  2.24000E-04  2.40000E-04  2.56000E-04  2.88000E-04  3.20000E-04
  3.52000E-04  3.84000E-04  4.16000E-04  4.48000E-04  4.80000E-04  5.12000E-04
  5.76000E-04  6.40000E-04  7.04000E-04  7.68000E-04  8.32000E-04  8.96000E-04
  9.60000E-04  1.02400E-03  1.15200E-03  1.28000E-03  1.40800E-03  1.53600E-03
  1.66400E-03  1.79200E-03  1.92000E-03  2.01600E-03  2.27200E-03  2.52800E-03
  2.78400E-03  3.04000E-03  3.29600E-03  3.55200E-03  3.80800E-03  4.06400E-03
  4.57600E-03  5.08800E-03  5.60000E-03  6.11200E-03  6.62400E-03  7.13600E-03
  7.64800E-03  8.16000E-03  9.18400E-03  1.02080E-02  1.12320E-02  1.22560E-02
  1.32800E-02  1.43040E-02  1.53280E-02  1.63520E-02  1.84000E-02  2.04480E-02
  2.24960E-02  2.45440E-02  2.65920E-02  2.86400E-02  3.06880E-02  3.27360E-02
  3.68320E-02  4.09280E-02  4.50240E-02  4.91200E-02  5.32160E-02
  2.48374E+00  2.47538E+00  2.47856E+00  2.47488E+00  2.46833E+00  2.47260E+00
  2.48077E+00  2.47211E+00  2.47681E+00  2.46797E+00  2.46466E+00  2.46810E+00
  2.46485E+00  2.46708E+00  2.47306E+00  2.46816E+00  2.46561E+00  2.46381E+00
  2.46385E+00  2.46563E+00  2.47123E+00  2.47109E+00  2.46779E+00  2.46699E+00
  2.46149E+00  2.46255E+00  2.46288E+00  2.46597E+00  2.46233E+00  2.46460E+00
  2.46013E+00  2.46381E+00  2.46180E+00  2.45673E+00  2.46024E+00  2.46365E+00
  2.46032E+00  2.46006E+00  2.45710E+00  2.45568E+00  2.45565E+00  2.45346E+00
  2.45342E+00  2.45281E+00  2.44823E+00  2.44737E+00  2.44529E+00  2.44409E+00
  2.44070E+00  2.43733E+00  2.43712E+00  2.43357E+00  2.43322E+00  2.42926E+00
  2.42513E+00  2.41973E+00  2.41399E+00  2.40992E+00  2.40484E+00  2.40086E+00
  2.39583E+00  2.39019E+00  2.38087E+00  2.37160E+00  2.36099E+00  2.35043E+00
  2.34153E+00  2.33200E+00  2.32307E+00  2.31382E+00  2.29464E+00  2.27616E+00
  2.25761E+00  2.23960E+00  2.22154E+00  2.20364E+00  2.18582E+00  2.16782E+00
  2.13295E+00  2.09816E+00  2.06423E+00  2.03152E+00  1.99893E+00  1.96685E+00
  1.93569E+00  1.90572E+00  1.84542E+00  1.78690E+00  1.73024E+00  1.67574E+00
  1.62298E+00  1.57165E+00  1.52175E+00  1.48501E+00  1.39270E+00  1.30776E+00
  1.23001E+00  1.15802E+00  1.08945E+00  1.02558E+00  9.66889E-01  9.12290E-01
  8.11246E-01  7.20000E-01  6.37419E-01  5.63811E-01  5.00920E-01  4.44870E-01
  3.93640E-01  3.49374E-01  2.72833E-01  2.13770E-01  1.67898E-01  1.29287E-01
  9.85305E-02  7.75777E-02  6.21190E-02  4.66693E-02  2.21718E-02  5.09891E-03
 -2.43467E-03 -8.36892E-03 -1.40896E-02 -1.38257E-02 -5.80677E-04  1.21411E-02
  1.76843E-02  8.80967E-03 -9.91932E-04  5.03698E-03  2.23251E-02
