AutoSaveFileName0240.ASC
 IFORMY    0    .00
 (6E13.7)
 IFORMT    0    .00
 (6E13.7)
 IFORMW    0    .00
 (6E13.7)
 NINTT     0   -1.00
 DOUSNQ    0    1.00
 IQUAD          1.00
 PRWT      0    1.00
 PRY       0    1.00
 IPLRES    1    3.00
 IPLRES    2    3.00
 IPRINT    1    0.00
 IPRINT    2    2.00
 IPLFIT    1    0.00
 IPLFIT    2    0.00
 LINEPG    0   50.
 NONNEG    1    1.00
 IWT       0    5.00
 NQPROG    1    5.00
 NQPROG    2    5.00
 GMNMX     1    8.012E-06
 GMNMX     2    8.012E-03
 RUSER    10    -1.00
 NG        0    200.00
 NLINF     0    0.00
 IUSER    10    4.00
 RUSER    21    1.0
 RUSER    22   -1.0
 RUSER    23    0.0
 RUSER    18         292.24456
 RUSER    17         134.99900
 RUSER    19         1.02428
 RUSER    15         1.33200
 RUSER    16         632.80000
 RUSER    25         1
 RUSER    26         0
 END       0    0.00
 NY      188
  5.00000E-07  6.25000E-07  7.50000E-07  8.75000E-07  1.00000E-06  1.12500E-06
  1.25000E-06  1.37500E-06  1.50000E-06  1.62500E-06  1.75000E-06  1.87500E-06
  2.00000E-06  2.25000E-06  2.50000E-06  2.75000E-06  3.00000E-06  3.25000E-06
  3.50000E-06  3.75000E-06  4.00000E-06  4.50000E-06  5.00000E-06  5.50000E-06
  6.00000E-06  6.50000E-06  7.00000E-06  7.50000E-06  8.00000E-06  9.00000E-06
  1.00000E-05  1.10000E-05  1.20000E-05  1.30000E-05  1.40000E-05  1.50000E-05
  1.60000E-05  1.80000E-05  2.00000E-05  2.20000E-05  2.40000E-05  2.60000E-05
  2.80000E-05  3.00000E-05  3.20000E-05  3.60000E-05  4.00000E-05  4.40000E-05
  4.80000E-05  5.20000E-05  5.60000E-05  6.00000E-05  6.40000E-05  7.20000E-05
  8.00000E-05  8.80000E-05  9.60000E-05  1.04000E-04  1.12000E-04  1.20000E-04
  1.28000E-04  1.44000E-04  1.60000E-04  1.76000E-04  1.92000E-04  2.08000E-04
  2.24000E-04  2.40000E-04  2.56000E-04  2.88000E-04  3.20000E-04  3.52000E-04
  3.84000E-04  4.16000E-04  4.48000E-04  4.80000E-04  5.12000E-04  5.76000E-04
  6.40000E-04  7.04000E-04  7.68000E-04  8.32000E-04  8.96000E-04  9.60000E-04
  1.02400E-03  1.15200E-03  1.28000E-03  1.40800E-03  1.53600E-03  1.66400E-03
  1.79200E-03  1.92000E-03  2.01600E-03  2.27200E-03  2.52800E-03  2.78400E-03
  3.04000E-03  3.29600E-03  3.55200E-03  3.80800E-03  4.06400E-03  4.57600E-03
  5.08800E-03  5.60000E-03  6.11200E-03  6.62400E-03  7.13600E-03  7.64800E-03
  8.16000E-03  9.18400E-03  1.02080E-02  1.12320E-02  1.22560E-02  1.32800E-02
  1.43040E-02  1.53280E-02  1.63520E-02  1.84000E-02  2.04480E-02  2.24960E-02
  2.45440E-02  2.65920E-02  2.86400E-02  3.06880E-02  3.27360E-02  3.68320E-02
  4.09280E-02  4.50240E-02  4.91200E-02  5.32160E-02  5.73120E-02  6.14080E-02
  6.55040E-02  7.36960E-02  8.18880E-02  9.00800E-02  9.82720E-02  1.06464E-01
  1.14656E-01  1.22848E-01  1.31040E-01  1.47424E-01  1.63808E-01  1.80192E-01
  1.96576E-01  2.12960E-01  2.29344E-01  2.45728E-01  2.62112E-01  2.94880E-01
  3.27648E-01  3.60416E-01  3.93184E-01  4.25952E-01  4.58720E-01  4.91488E-01
  5.24256E-01  5.89792E-01  6.55328E-01  7.20864E-01  7.86400E-01  8.51936E-01
  9.17472E-01  9.83008E-01  1.04854E+00  1.17962E+00  1.31069E+00  1.44176E+00
  1.57283E+00  1.70390E+00  1.83498E+00  1.96605E+00  2.09712E+00  2.35926E+00
  2.62141E+00  2.88355E+00  3.14570E+00  3.40784E+00  3.66998E+00  3.93213E+00
  4.19427E+00  4.71856E+00  5.24285E+00  5.76714E+00  6.29142E+00  6.81571E+00
  7.34000E+00  7.86429E+00
  9.98831E-01  9.96096E-01  9.94337E-01  9.92720E-01  9.93308E-01  9.94332E-01
  9.93647E-01  9.87943E-01  9.93478E-01  9.91120E-01  9.89194E-01  9.91251E-01
  9.90938E-01  9.90463E-01  9.90933E-01  9.91279E-01  9.89847E-01  9.90241E-01
  9.91574E-01  9.90476E-01  9.91583E-01  9.90301E-01  9.90802E-01  9.90977E-01
  9.90743E-01  9.91260E-01  9.90849E-01  9.91213E-01  9.90043E-01  9.88458E-01
  9.89259E-01  9.88198E-01  9.88406E-01  9.86046E-01  9.87429E-01  9.86507E-01
  9.86538E-01  9.85340E-01  9.84755E-01  9.84577E-01  9.83488E-01  9.82972E-01
  9.81251E-01  9.81051E-01  9.79948E-01  9.78668E-01  9.76996E-01  9.75196E-01
  9.73344E-01  9.71785E-01  9.70564E-01  9.69341E-01  9.67550E-01  9.64410E-01
  9.61245E-01  9.58301E-01  9.54907E-01  9.52500E-01  9.49110E-01  9.45966E-01
  9.43091E-01  9.36887E-01  9.30948E-01  9.24674E-01  9.18930E-01  9.12985E-01
  9.06906E-01  9.01391E-01  8.95417E-01  8.83712E-01  8.72343E-01  8.60937E-01
  8.49833E-01  8.39030E-01  8.28348E-01  8.17337E-01  8.07082E-01  7.86514E-01
  7.66392E-01  7.46949E-01  7.28488E-01  7.10305E-01  6.92885E-01  6.75701E-01
  6.58838E-01  6.27353E-01  5.97107E-01  5.68561E-01  5.41386E-01  5.15450E-01
  4.90999E-01  4.68003E-01  4.52799E-01  4.11670E-01  3.74401E-01  3.41248E-01
  3.12281E-01  2.85449E-01  2.61745E-01  2.40773E-01  2.23206E-01  1.93202E-01
  1.69892E-01  1.50006E-01  1.32827E-01  1.17332E-01  1.05213E-01  9.50420E-02
  8.52823E-02  7.04607E-02  6.03096E-02  5.13737E-02  4.13057E-02  3.57235E-02
  2.96117E-02  1.72778E-02  1.12897E-02  1.08978E-02  1.24917E-02  1.91556E-03
 -7.90740E-04  3.33226E-03  9.70409E-04  1.95558E-04  2.70336E-04  3.10022E-04
 -1.82719E-03 -3.53581E-03  1.50884E-02  3.18152E-03 -4.53146E-03 -1.01684E-03
 -5.42986E-03 -4.77885E-03 -8.02690E-03 -4.81341E-04  2.29781E-04  9.95274E-03
  3.82178E-03  1.10867E-02  1.46421E-02 -5.99124E-03 -1.44652E-03  7.01871E-03
  2.11131E-03 -9.41654E-03  6.35633E-03  2.87781E-03 -1.31355E-02  2.29560E-03
 -1.18710E-02 -1.16585E-02  5.54495E-03  8.83754E-03 -4.64500E-03 -2.59143E-03
  2.66602E-03 -2.69586E-03 -2.15789E-03 -5.02056E-04 -2.75106E-04 -4.19381E-03
 -1.15154E-02  9.28021E-03  1.73739E-03 -1.75098E-03 -6.11579E-03  1.62561E-03
  6.55535E-03  9.87813E-03 -4.54648E-05  4.58135E-04  2.20827E-03 -3.99011E-03
  5.71737E-03 -7.27677E-03  1.45519E-03 -3.36858E-03 -3.45605E-03 -3.91025E-03
  7.62083E-04 -2.70897E-03  1.08145E-03 -6.05341E-04  3.04258E-03  5.73923E-03
 -1.83489E-03  1.23610E-03
