AutoSaveFileName0183.ASC
 IFORMY    0    .00
 (6E13.7)
 IFORMT    0    .00
 (6E13.7)
 IFORMW    0    .00
 (6E13.7)
 NINTT     0   -1.00
 DOUSNQ    0    1.00
 IQUAD     0    1.00
 PRWT      0    1.00
 PRY       0    1.00
 IPLRES    1    3.00
 IPLRES    2    3.00
 IPRINT    1    0.00
 IPRINT    2    2.00
 IPLFIT    1    0.00
 IPLFIT    2    0.00
 LINEPG    0   50.
 NONNEG    1    1.00
 IWT       0    5.00
 NQPROG    1    5.00
 NQPROG    2    5.00
 GMNMX     1    4.26152E-03
 GMNMX     2    1.52978E-03
 RUSER    10    -1.00
 NG        0    500.00
 NLINF     0    1.00
 IUSER    10    4.00
 RUSER    21    1.0
 RUSER    22   -1.0
 RUSER    23    0.0
 RUSER    18         292.04540
 RUSER    17         104.99900
 RUSER    19         1.02934
 RUSER    15         1.33200
 RUSER    16         632.80000
 RUSER    25         1
 RUSER    26         0
 END       0    0.00
 NY      162
  7.50000E-07  8.75000E-07  1.00000E-06  1.12500E-06  1.25000E-06  1.37500E-06
  1.50000E-06  1.62500E-06  1.75000E-06  1.87500E-06  2.00000E-06  2.25000E-06
  2.50000E-06  2.75000E-06  3.00000E-06  3.25000E-06  3.50000E-06  3.75000E-06
  4.00000E-06  4.50000E-06  5.00000E-06  5.50000E-06  6.00000E-06  6.50000E-06
  7.00000E-06  7.50000E-06  8.00000E-06  9.00000E-06  1.00000E-05  1.10000E-05
  1.20000E-05  1.30000E-05  1.40000E-05  1.50000E-05  1.60000E-05  1.80000E-05
  2.00000E-05  2.20000E-05  2.40000E-05  2.60000E-05  2.80000E-05  3.00000E-05
  3.20000E-05  3.60000E-05  4.00000E-05  4.40000E-05  4.80000E-05  5.20000E-05
  5.60000E-05  6.00000E-05  6.40000E-05  7.20000E-05  8.00000E-05  8.80000E-05
  9.60000E-05  1.04000E-04  1.12000E-04  1.20000E-04  1.28000E-04  1.44000E-04
  1.60000E-04  1.76000E-04  1.92000E-04  2.08000E-04  2.24000E-04  2.40000E-04
  2.56000E-04  2.88000E-04  3.20000E-04  3.52000E-04  3.84000E-04  4.16000E-04
  4.48000E-04  4.80000E-04  5.12000E-04  5.76000E-04  6.40000E-04  7.04000E-04
  7.68000E-04  8.32000E-04  8.96000E-04  9.60000E-04  1.02400E-03  1.15200E-03
  1.28000E-03  1.40800E-03  1.53600E-03  1.66400E-03  1.79200E-03  1.92000E-03
  2.01600E-03  2.27200E-03  2.52800E-03  2.78400E-03  3.04000E-03  3.29600E-03
  3.55200E-03  3.80800E-03  4.06400E-03  4.57600E-03  5.08800E-03  5.60000E-03
  6.11200E-03  6.62400E-03  7.13600E-03  7.64800E-03  8.16000E-03  9.18400E-03
  1.02080E-02  1.12320E-02  1.22560E-02  1.32800E-02  1.43040E-02  1.53280E-02
  1.63520E-02  1.84000E-02  2.04480E-02  2.24960E-02  2.45440E-02  2.65920E-02
  2.86400E-02  3.06880E-02  3.27360E-02  3.68320E-02  4.09280E-02  4.50240E-02
  4.91200E-02  5.32160E-02  5.73120E-02  6.14080E-02  6.55040E-02  7.36960E-02
  8.18880E-02  9.00800E-02  9.82720E-02  1.06464E-01  1.14656E-01  1.22848E-01
  1.31040E-01  1.47424E-01  1.63808E-01  1.80192E-01  1.96576E-01  2.12960E-01
  2.29344E-01  2.45728E-01  2.62112E-01  2.94880E-01  3.27648E-01  3.60416E-01
  3.93184E-01  4.25952E-01  4.58720E-01  4.91488E-01  5.24256E-01  5.89792E-01
  6.55328E-01  7.20864E-01  7.86400E-01  8.51936E-01  9.17472E-01  9.83008E-01
  1.00000E+00  9.98553E-01  9.96910E-01  9.89133E-01  9.92636E-01  9.96681E-01
  9.88034E-01  9.89777E-01  9.91872E-01  9.91907E-01  9.89648E-01  9.88257E-01
  9.92589E-01  9.86549E-01  9.85287E-01  9.83810E-01  9.85533E-01  9.84262E-01
  9.79915E-01  9.80099E-01  9.78061E-01  9.75808E-01  9.71338E-01  9.69909E-01
  9.69045E-01  9.66698E-01  9.64378E-01  9.61238E-01  9.56815E-01  9.52436E-01
  9.49964E-01  9.46563E-01  9.41393E-01  9.35749E-01  9.32673E-01  9.25491E-01
  9.16984E-01  9.10227E-01  9.02482E-01  8.94005E-01  8.85871E-01  8.79081E-01
  8.71764E-01  8.57347E-01  8.43626E-01  8.29013E-01  8.15170E-01  8.01845E-01
  7.88497E-01  7.75632E-01  7.62096E-01  7.37397E-01  7.12619E-01  6.88961E-01
  6.66254E-01  6.44001E-01  6.23133E-01  6.02544E-01  5.82383E-01  5.44743E-01
  5.09854E-01  4.77000E-01  4.46402E-01  4.17210E-01  3.90543E-01  3.65865E-01
  3.42651E-01  3.00035E-01  2.62360E-01  2.29510E-01  2.01091E-01  1.75664E-01
  1.53492E-01  1.35065E-01  1.19217E-01  9.23590E-02  7.20399E-02  5.66357E-02
  4.41027E-02  3.43940E-02  2.74241E-02  2.13641E-02  1.67221E-02  1.02815E-02
  6.48269E-03  3.99017E-03  1.89275E-03  6.00529E-04  4.54200E-04  6.26432E-04
 -4.79988E-05  1.07988E-04  2.76905E-04 -9.60732E-04 -4.74320E-04  5.30501E-04
 -4.11214E-04 -1.23579E-03 -2.17879E-03 -1.40872E-03  8.34646E-04  6.89233E-04
 -2.75274E-03 -2.18114E-03 -2.86562E-03 -2.89555E-03 -9.15198E-04 -4.63485E-04
 -3.64180E-04  4.52023E-04 -7.10546E-04  1.43980E-03  2.48798E-03  2.01954E-03
 -1.02098E-03 -4.19858E-04  1.25659E-03 -3.04563E-03 -7.78332E-04 -6.67733E-04
 -5.34315E-04 -2.45203E-04 -1.15558E-04  5.07291E-04  6.88006E-04  1.51321E-04
 -3.95786E-04 -8.74459E-04 -5.03093E-04 -5.70247E-04 -3.55560E-04  8.96694E-04
 -7.24594E-04  1.90860E-05  5.75256E-04 -2.84663E-04  1.64732E-04 -1.40540E-03
 -3.51954E-04 -6.90138E-04 -1.48809E-05 -7.65195E-04  4.69833E-04 -5.83188E-04
 -8.44142E-04 -1.43827E-04 -1.51095E-04  3.72871E-04 -2.76310E-04  9.52805E-05
  1.25684E-04  1.48316E-04 -6.08010E-04  1.55876E-04  5.00477E-04  9.97083E-05
  5.08345E-05 -2.27048E-05 -2.45863E-04 -3.19156E-04 -8.87754E-05  3.34212E-04
