AutoSaveFileName0366.ASC
 IFORMY    0    .00
 (6E13.7)
 IFORMT    0    .00
 (6E13.7)
 IFORMW    0    .00
 (6E13.7)
 NINTT     0   -1.00
 DOUSNQ    0    1.00
 IQUAD          1.00
 PRWT      0    1.00
 PRY       0    1.00
 IPLRES    1    3.00
 IPLRES    2    3.00
 IPRINT    1    0.00
 IPRINT    2    2.00
 IPLFIT    1    0.00
 IPLFIT    2    0.00
 LINEPG    0   50.
 NONNEG    1    1.00
 IWT       0    5.00
 NQPROG    1    5.00
 NQPROG    2    5.00
 GMNMX     1    7.889E-06
 GMNMX     2    7.889E-03
 RUSER    10    -1.00
 NG        0    200.00
 NLINF     0    0.00
 IUSER    10    4.00
 RUSER    21    1.0
 RUSER    22   -1.0
 RUSER    23    0.0
 RUSER    18         292.29369
 RUSER    17         136.99900
 RUSER    19         1.02304
 RUSER    15         1.33200
 RUSER    16         632.80000
 RUSER    25         1
 RUSER    26         0
 END       0    0.00
 NY      131
  3.75000E-07  5.00000E-07  6.25000E-07  7.50000E-07  8.75000E-07  1.00000E-06
  1.12500E-06  1.25000E-06  1.37500E-06  1.50000E-06  1.62500E-06  1.75000E-06
  1.87500E-06  2.00000E-06  2.25000E-06  2.50000E-06  2.75000E-06  3.00000E-06
  3.25000E-06  3.50000E-06  3.75000E-06  4.00000E-06  4.50000E-06  5.00000E-06
  5.50000E-06  6.00000E-06  6.50000E-06  7.00000E-06  7.50000E-06  8.00000E-06
  9.00000E-06  1.00000E-05  1.10000E-05  1.20000E-05  1.30000E-05  1.40000E-05
  1.50000E-05  1.60000E-05  1.80000E-05  2.00000E-05  2.20000E-05  2.40000E-05
  2.60000E-05  2.80000E-05  3.00000E-05  3.20000E-05  3.60000E-05  4.00000E-05
  4.40000E-05  4.80000E-05  5.20000E-05  5.60000E-05  6.00000E-05  6.40000E-05
  7.20000E-05  8.00000E-05  8.80000E-05  9.60000E-05  1.04000E-04  1.12000E-04
  1.20000E-04  1.28000E-04  1.44000E-04  1.60000E-04  1.76000E-04  1.92000E-04
  2.08000E-04  2.24000E-04  2.40000E-04  2.56000E-04  2.88000E-04  3.20000E-04
  3.52000E-04  3.84000E-04  4.16000E-04  4.48000E-04  4.80000E-04  5.12000E-04
  5.76000E-04  6.40000E-04  7.04000E-04  7.68000E-04  8.32000E-04  8.96000E-04
  9.60000E-04  1.02400E-03  1.15200E-03  1.28000E-03  1.40800E-03  1.53600E-03
  1.66400E-03  1.79200E-03  1.92000E-03  2.01600E-03  2.27200E-03  2.52800E-03
  2.78400E-03  3.04000E-03  3.29600E-03  3.55200E-03  3.80800E-03  4.06400E-03
  4.57600E-03  5.08800E-03  5.60000E-03  6.11200E-03  6.62400E-03  7.13600E-03
  7.64800E-03  8.16000E-03  9.18400E-03  1.02080E-02  1.12320E-02  1.22560E-02
  1.32800E-02  1.43040E-02  1.53280E-02  1.63520E-02  1.84000E-02  2.04480E-02
  2.24960E-02  2.45440E-02  2.65920E-02  2.86400E-02  3.06880E-02  3.27360E-02
  3.68320E-02  4.09280E-02  4.50240E-02  4.91200E-02  5.32160E-02
  8.28183E-01  8.14439E-01  8.16147E-01  8.22648E-01  8.11960E-01  8.14933E-01
  8.16027E-01  8.13046E-01  8.11398E-01  8.18064E-01  8.15091E-01  8.12334E-01
  8.10649E-01  8.11822E-01  8.08695E-01  8.11699E-01  8.13399E-01  8.07553E-01
  8.10669E-01  8.14724E-01  8.14069E-01  8.11817E-01  8.11559E-01  8.10740E-01
  8.13439E-01  8.09576E-01  8.11901E-01  8.09621E-01  8.07209E-01  8.08624E-01
  8.10586E-01  8.08011E-01  8.06856E-01  8.08626E-01  8.06712E-01  8.07817E-01
  8.07313E-01  8.04683E-01  8.03545E-01  8.02138E-01  8.01375E-01  8.00392E-01
  7.98565E-01  7.96677E-01  7.96536E-01  7.94727E-01  7.92435E-01  7.88847E-01
  7.86828E-01  7.84310E-01  7.82434E-01  7.79296E-01  7.77186E-01  7.74189E-01
  7.69391E-01  7.64246E-01  7.59701E-01  7.55665E-01  7.50212E-01  7.44443E-01
  7.40148E-01  7.34979E-01  7.25631E-01  7.15978E-01  7.07345E-01  6.98063E-01
  6.89253E-01  6.80378E-01  6.71775E-01  6.63538E-01  6.46631E-01  6.30472E-01
  6.14770E-01  5.99526E-01  5.84627E-01  5.70446E-01  5.56832E-01  5.43668E-01
  5.17485E-01  4.93198E-01  4.69819E-01  4.47857E-01  4.26845E-01  4.06868E-01
  3.87377E-01  3.69280E-01  3.35319E-01  3.04196E-01  2.75448E-01  2.48894E-01
  2.25165E-01  2.04105E-01  1.84411E-01  1.71336E-01  1.39982E-01  1.14017E-01
  9.30439E-02  7.75710E-02  6.60743E-02  5.65537E-02  4.88508E-02  4.30058E-02
  3.35915E-02  2.92728E-02  2.56653E-02  2.19403E-02  1.95601E-02  1.63350E-02
  1.48967E-02  1.36007E-02  7.71361E-03  4.69945E-03  7.67865E-03  4.73118E-03
 -1.53305E-03 -4.66619E-03 -1.67209E-03  1.14304E-03  6.92284E-03  3.76338E-03
 -4.64999E-04 -7.08631E-04  3.04185E-03  5.19292E-03 -4.45807E-04 -3.49598E-03
 -2.02897E-03 -4.77071E-03 -9.07066E-03  1.00389E-03  9.41487E-03
