AutoSaveFileName0231.ASC
 IFORMY    0    .00
 (6E13.7)
 IFORMT    0    .00
 (6E13.7)
 IFORMW    0    .00
 (6E13.7)
 NINTT     0   -1.00
 DOUSNQ    0    1.00
 IQUAD          1.00
 PRWT      0    1.00
 PRY       0    1.00
 IPLRES    1    3.00
 IPLRES    2    3.00
 IPRINT    1    0.00
 IPRINT    2    2.00
 IPLFIT    1    0.00
 IPLFIT    2    0.00
 LINEPG    0   50.
 NONNEG    1    1.00
 IWT       0    5.00
 NQPROG    1    5.00
 NQPROG    2    5.00
 GMNMX     1    1.328E-05
 GMNMX     2    1.328E-02
 RUSER    10    -1.00
 NG        0    200.00
 NLINF     0    0.00
 IUSER    10    4.00
 RUSER    21    1.0
 RUSER    22   -1.0
 RUSER    23    0.0
 RUSER    18         292.07137
 RUSER    17         91.99900
 RUSER    19         1.02868
 RUSER    15         1.33200
 RUSER    16         632.80000
 RUSER    25         1
 RUSER    26         0
 END       0    0.00
 NY      131
  3.75000E-07  5.00000E-07  6.25000E-07  7.50000E-07  8.75000E-07  1.00000E-06
  1.12500E-06  1.25000E-06  1.37500E-06  1.50000E-06  1.62500E-06  1.75000E-06
  1.87500E-06  2.00000E-06  2.25000E-06  2.50000E-06  2.75000E-06  3.00000E-06
  3.25000E-06  3.50000E-06  3.75000E-06  4.00000E-06  4.50000E-06  5.00000E-06
  5.50000E-06  6.00000E-06  6.50000E-06  7.00000E-06  7.50000E-06  8.00000E-06
  9.00000E-06  1.00000E-05  1.10000E-05  1.20000E-05  1.30000E-05  1.40000E-05
  1.50000E-05  1.60000E-05  1.80000E-05  2.00000E-05  2.20000E-05  2.40000E-05
  2.60000E-05  2.80000E-05  3.00000E-05  3.20000E-05  3.60000E-05  4.00000E-05
  4.40000E-05  4.80000E-05  5.20000E-05  5.60000E-05  6.00000E-05  6.40000E-05
  7.20000E-05  8.00000E-05  8.80000E-05  9.60000E-05  1.04000E-04  1.12000E-04
  1.20000E-04  1.28000E-04  1.44000E-04  1.60000E-04  1.76000E-04  1.92000E-04
  2.08000E-04  2.24000E-04  2.40000E-04  2.56000E-04  2.88000E-04  3.20000E-04
  3.52000E-04  3.84000E-04  4.16000E-04  4.48000E-04  4.80000E-04  5.12000E-04
  5.76000E-04  6.40000E-04  7.04000E-04  7.68000E-04  8.32000E-04  8.96000E-04
  9.60000E-04  1.02400E-03  1.15200E-03  1.28000E-03  1.40800E-03  1.53600E-03
  1.66400E-03  1.79200E-03  1.92000E-03  2.01600E-03  2.27200E-03  2.52800E-03
  2.78400E-03  3.04000E-03  3.29600E-03  3.55200E-03  3.80800E-03  4.06400E-03
  4.57600E-03  5.08800E-03  5.60000E-03  6.11200E-03  6.62400E-03  7.13600E-03
  7.64800E-03  8.16000E-03  9.18400E-03  1.02080E-02  1.12320E-02  1.22560E-02
  1.32800E-02  1.43040E-02  1.53280E-02  1.63520E-02  1.84000E-02  2.04480E-02
  2.24960E-02  2.45440E-02  2.65920E-02  2.86400E-02  3.06880E-02  3.27360E-02
  3.68320E-02  4.09280E-02  4.50240E-02  4.91200E-02  5.32160E-02
  8.11367E-01  8.09405E-01  8.05651E-01  8.10295E-01  8.06350E-01  8.05030E-01
  8.06737E-01  8.05998E-01  8.08621E-01  8.05409E-01  8.06688E-01  8.04289E-01
  8.05503E-01  8.07401E-01  8.07140E-01  8.04682E-01  8.06442E-01  8.04644E-01
  8.05648E-01  8.07442E-01  8.04342E-01  8.05789E-01  8.05903E-01  8.04300E-01
  8.03357E-01  8.03471E-01  8.02750E-01  8.04914E-01  8.04668E-01  8.03013E-01
  8.02296E-01  8.01574E-01  8.01452E-01  8.01120E-01  8.01599E-01  8.00856E-01
  7.99795E-01  7.99698E-01  7.98402E-01  7.97875E-01  7.96444E-01  7.96811E-01
  7.94857E-01  7.94664E-01  7.93722E-01  7.92717E-01  7.90734E-01  7.88874E-01
  7.87224E-01  7.85729E-01  7.83760E-01  7.82484E-01  7.80693E-01  7.79155E-01
  7.76026E-01  7.72124E-01  7.68869E-01  7.65104E-01  7.61854E-01  7.58213E-01
  7.54885E-01  7.51809E-01  7.45026E-01  7.38269E-01  7.31595E-01  7.24582E-01
  7.18269E-01  7.11934E-01  7.05441E-01  6.98990E-01  6.86369E-01  6.74200E-01
  6.62228E-01  6.50508E-01  6.38699E-01  6.27188E-01  6.16243E-01  6.05336E-01
  5.83839E-01  5.63496E-01  5.43895E-01  5.24766E-01  5.06613E-01  4.89187E-01
  4.72218E-01  4.56233E-01  4.25940E-01  3.97979E-01  3.71747E-01  3.47393E-01
  3.24865E-01  3.03945E-01  2.83708E-01  2.70684E-01  2.35485E-01  2.05425E-01
  1.80127E-01  1.58530E-01  1.39405E-01  1.22132E-01  1.06687E-01  9.44612E-02
  7.37110E-02  5.81596E-02  4.70387E-02  3.87158E-02  3.07957E-02  2.41910E-02
  2.07261E-02  1.92969E-02  1.27975E-02  3.41108E-03 -1.82644E-03 -2.97210E-03
 -7.28226E-03 -6.59603E-03 -6.96398E-03 -9.36906E-03 -1.22151E-02 -1.19451E-02
 -1.18041E-02 -9.63022E-03 -1.13228E-02 -3.07889E-03  3.43453E-03  2.12968E-03
  9.81862E-03  8.48234E-03  9.21387E-03  1.33691E-02  8.84418E-03
