AutoSaveFileName0015.ASC
 IFORMY    0    .00
 (6E13.7)
 IFORMT    0    .00
 (6E13.7)
 IFORMW    0    .00
 (6E13.7)
 NINTT     0   -1.00
 DOUSNQ    0    1.00
 IQUAD          1.00
 PRWT      0    1.00
 PRY       0    1.00
 IPLRES    1    3.00
 IPLRES    2    3.00
 IPRINT    1    0.00
 IPRINT    2    2.00
 IPLFIT    1    0.00
 IPLFIT    2    0.00
 LINEPG    0   50.
 NONNEG    1    1.00
 IWT       0    5.00
 NQPROG    1    5.00
 NQPROG    2    5.00
 GMNMX     1    2.297E-04
 GMNMX     2    2.297E-01
 RUSER    10    -1.00
 NG        0    200.00
 NLINF     0    0.00
 IUSER    10    4.00
 RUSER    21    1.0
 RUSER    22   -1.0
 RUSER    23    0.0
 RUSER    18         291.80462
 RUSER    17         19.99900
 RUSER    19         1.03551
 RUSER    15         1.33200
 RUSER    16         632.80000
 RUSER    25         1
 RUSER    26         0
 END       0    0.00
 NY      131
  3.75000E-07  5.00000E-07  6.25000E-07  7.50000E-07  8.75000E-07  1.00000E-06
  1.12500E-06  1.25000E-06  1.37500E-06  1.50000E-06  1.62500E-06  1.75000E-06
  1.87500E-06  2.00000E-06  2.25000E-06  2.50000E-06  2.75000E-06  3.00000E-06
  3.25000E-06  3.50000E-06  3.75000E-06  4.00000E-06  4.50000E-06  5.00000E-06
  5.50000E-06  6.00000E-06  6.50000E-06  7.00000E-06  7.50000E-06  8.00000E-06
  9.00000E-06  1.00000E-05  1.10000E-05  1.20000E-05  1.30000E-05  1.40000E-05
  1.50000E-05  1.60000E-05  1.80000E-05  2.00000E-05  2.20000E-05  2.40000E-05
  2.60000E-05  2.80000E-05  3.00000E-05  3.20000E-05  3.60000E-05  4.00000E-05
  4.40000E-05  4.80000E-05  5.20000E-05  5.60000E-05  6.00000E-05  6.40000E-05
  7.20000E-05  8.00000E-05  8.80000E-05  9.60000E-05  1.04000E-04  1.12000E-04
  1.20000E-04  1.28000E-04  1.44000E-04  1.60000E-04  1.76000E-04  1.92000E-04
  2.08000E-04  2.24000E-04  2.40000E-04  2.56000E-04  2.88000E-04  3.20000E-04
  3.52000E-04  3.84000E-04  4.16000E-04  4.48000E-04  4.80000E-04  5.12000E-04
  5.76000E-04  6.40000E-04  7.04000E-04  7.68000E-04  8.32000E-04  8.96000E-04
  9.60000E-04  1.02400E-03  1.15200E-03  1.28000E-03  1.40800E-03  1.53600E-03
  1.66400E-03  1.79200E-03  1.92000E-03  2.01600E-03  2.27200E-03  2.52800E-03
  2.78400E-03  3.04000E-03  3.29600E-03  3.55200E-03  3.80800E-03  4.06400E-03
  4.57600E-03  5.08800E-03  5.60000E-03  6.11200E-03  6.62400E-03  7.13600E-03
  7.64800E-03  8.16000E-03  9.18400E-03  1.02080E-02  1.12320E-02  1.22560E-02
  1.32800E-02  1.43040E-02  1.53280E-02  1.63520E-02  1.84000E-02  2.04480E-02
  2.24960E-02  2.45440E-02  2.65920E-02  2.86400E-02  3.06880E-02  3.27360E-02
  3.68320E-02  4.09280E-02  4.50240E-02  4.91200E-02  5.32160E-02
  6.67040E-01  6.65985E-01  6.65473E-01  6.65542E-01  6.64089E-01  6.65236E-01
  6.67038E-01  6.67567E-01  6.65792E-01  6.66352E-01  6.65963E-01  6.65176E-01
  6.64320E-01  6.64369E-01  6.65373E-01  6.63906E-01  6.65807E-01  6.65579E-01
  6.64950E-01  6.65716E-01  6.64904E-01  6.64960E-01  6.65235E-01  6.65294E-01
  6.64419E-01  6.65133E-01  6.64114E-01  6.65046E-01  6.64817E-01  6.64810E-01
  6.64730E-01  6.65172E-01  6.64830E-01  6.64442E-01  6.64799E-01  6.64479E-01
  6.64965E-01  6.65104E-01  6.64346E-01  6.64495E-01  6.64436E-01  6.64686E-01
  6.64666E-01  6.64351E-01  6.64391E-01  6.64361E-01  6.64305E-01  6.64175E-01
  6.63802E-01  6.64204E-01  6.63776E-01  6.63724E-01  6.63629E-01  6.63314E-01
  6.63297E-01  6.63136E-01  6.62762E-01  6.62689E-01  6.62410E-01  6.62098E-01
  6.61973E-01  6.61751E-01  6.61463E-01  6.61102E-01  6.60616E-01  6.60384E-01
  6.59681E-01  6.59454E-01  6.58974E-01  6.58453E-01  6.57564E-01  6.56738E-01
  6.55936E-01  6.55076E-01  6.54179E-01  6.53406E-01  6.52607E-01  6.51378E-01
  6.49681E-01  6.48055E-01  6.46412E-01  6.44712E-01  6.43195E-01  6.41588E-01
  6.39872E-01  6.37772E-01  6.34544E-01  6.31324E-01  6.28051E-01  6.24876E-01
  6.21720E-01  6.18622E-01  6.15562E-01  6.08533E-01  6.02568E-01  5.96703E-01
  5.90836E-01  5.85091E-01  5.79349E-01  5.73627E-01  5.68067E-01  5.62571E-01
  5.51702E-01  5.41041E-01  5.30592E-01  5.20501E-01  5.10776E-01  5.01118E-01
  4.91757E-01  4.82510E-01  4.64226E-01  4.46597E-01  4.30144E-01  4.14629E-01
  3.99718E-01  3.85605E-01  3.72409E-01  3.59940E-01  3.35595E-01  3.13579E-01
  2.92713E-01  2.73388E-01  2.55267E-01  2.37429E-01  2.20946E-01  2.05014E-01
  1.74473E-01  1.47751E-01  1.22642E-01  1.01446E-01  8.39687E-02
