AutoSaveFileName0071.ASC
 IFORMY    0    .00
 (6E13.7)
 IFORMT    0    .00
 (6E13.7)
 IFORMW    0    .00
 (6E13.7)
 NINTT     0   -1.00
 DOUSNQ    0    1.00
 IQUAD          1.00
 PRWT      0    1.00
 PRY       0    1.00
 IPLRES    1    3.00
 IPLRES    2    3.00
 IPRINT    1    0.00
 IPRINT    2    2.00
 IPLFIT    1    0.00
 IPLFIT    2    0.00
 LINEPG    0   50.
 NONNEG    1    1.00
 IWT       0    5.00
 NQPROG    1    5.00
 NQPROG    2    5.00
 GMNMX     1    6.522E-05
 GMNMX     2    6.522E-02
 RUSER    10    -1.00
 NG        0    200.00
 NLINF     0    0.00
 IUSER    10    4.00
 RUSER    21    1.0
 RUSER    22   -1.0
 RUSER    23    0.0
 RUSER    18         291.86219
 RUSER    17         37.99900
 RUSER    19         1.03403
 RUSER    15         1.33200
 RUSER    16         632.80000
 RUSER    25         1
 RUSER    26         0
 END       0    0.00
 NY      131
  3.75000E-07  5.00000E-07  6.25000E-07  7.50000E-07  8.75000E-07  1.00000E-06
  1.12500E-06  1.25000E-06  1.37500E-06  1.50000E-06  1.62500E-06  1.75000E-06
  1.87500E-06  2.00000E-06  2.25000E-06  2.50000E-06  2.75000E-06  3.00000E-06
  3.25000E-06  3.50000E-06  3.75000E-06  4.00000E-06  4.50000E-06  5.00000E-06
  5.50000E-06  6.00000E-06  6.50000E-06  7.00000E-06  7.50000E-06  8.00000E-06
  9.00000E-06  1.00000E-05  1.10000E-05  1.20000E-05  1.30000E-05  1.40000E-05
  1.50000E-05  1.60000E-05  1.80000E-05  2.00000E-05  2.20000E-05  2.40000E-05
  2.60000E-05  2.80000E-05  3.00000E-05  3.20000E-05  3.60000E-05  4.00000E-05
  4.40000E-05  4.80000E-05  5.20000E-05  5.60000E-05  6.00000E-05  6.40000E-05
  7.20000E-05  8.00000E-05  8.80000E-05  9.60000E-05  1.04000E-04  1.12000E-04
  1.20000E-04  1.28000E-04  1.44000E-04  1.60000E-04  1.76000E-04  1.92000E-04
  2.08000E-04  2.24000E-04  2.40000E-04  2.56000E-04  2.88000E-04  3.20000E-04
  3.52000E-04  3.84000E-04  4.16000E-04  4.48000E-04  4.80000E-04  5.12000E-04
  5.76000E-04  6.40000E-04  7.04000E-04  7.68000E-04  8.32000E-04  8.96000E-04
  9.60000E-04  1.02400E-03  1.15200E-03  1.28000E-03  1.40800E-03  1.53600E-03
  1.66400E-03  1.79200E-03  1.92000E-03  2.01600E-03  2.27200E-03  2.52800E-03
  2.78400E-03  3.04000E-03  3.29600E-03  3.55200E-03  3.80800E-03  4.06400E-03
  4.57600E-03  5.08800E-03  5.60000E-03  6.11200E-03  6.62400E-03  7.13600E-03
  7.64800E-03  8.16000E-03  9.18400E-03  1.02080E-02  1.12320E-02  1.22560E-02
  1.32800E-02  1.43040E-02  1.53280E-02  1.63520E-02  1.84000E-02  2.04480E-02
  2.24960E-02  2.45440E-02  2.65920E-02  2.86400E-02  3.06880E-02  3.27360E-02
  3.68320E-02  4.09280E-02  4.50240E-02  4.91200E-02  5.32160E-02
  2.50840E+00  2.49797E+00  2.49366E+00  2.49348E+00  2.49090E+00  2.48274E+00
  2.48376E+00  2.49063E+00  2.49687E+00  2.48343E+00  2.48951E+00  2.48130E+00
  2.48591E+00  2.48485E+00  2.48953E+00  2.48297E+00  2.49342E+00  2.48544E+00
  2.48136E+00  2.49090E+00  2.48104E+00  2.48486E+00  2.48183E+00  2.48714E+00
  2.48730E+00  2.48577E+00  2.48317E+00  2.48476E+00  2.48007E+00  2.48028E+00
  2.48184E+00  2.48157E+00  2.48580E+00  2.48191E+00  2.47843E+00  2.48128E+00
  2.47835E+00  2.47936E+00  2.47901E+00  2.47896E+00  2.47943E+00  2.47783E+00
  2.47798E+00  2.47644E+00  2.47805E+00  2.47833E+00  2.47410E+00  2.47365E+00
  2.47421E+00  2.47231E+00  2.47085E+00  2.47048E+00  2.46807E+00  2.46710E+00
  2.46587E+00  2.46244E+00  2.46073E+00  2.45825E+00  2.45697E+00  2.45459E+00
  2.45320E+00  2.44998E+00  2.44514E+00  2.44046E+00  2.43653E+00  2.43193E+00
  2.42771E+00  2.42240E+00  2.41821E+00  2.41432E+00  2.40539E+00  2.39644E+00
  2.38748E+00  2.37843E+00  2.37023E+00  2.36150E+00  2.35285E+00  2.34438E+00
  2.32716E+00  2.31010E+00  2.29266E+00  2.27614E+00  2.25921E+00  2.24295E+00
  2.22620E+00  2.17540E+00  2.14357E+00  2.11214E+00  2.08143E+00  2.05127E+00
  2.02133E+00  1.99186E+00  1.96309E+00  1.96953E+00  1.91354E+00  1.85893E+00
  1.80640E+00  1.75580E+00  1.70588E+00  1.65745E+00  1.60938E+00  1.56276E+00
  1.47269E+00  1.38769E+00  1.30800E+00  1.23417E+00  1.16363E+00  1.09764E+00
  1.03618E+00  9.80515E-01  8.76514E-01  7.84276E-01  6.99264E-01  6.23602E-01
  5.57035E-01  4.95900E-01  4.41426E-01  3.96861E-01  3.19498E-01  2.56740E-01
  2.02820E-01  1.60755E-01  1.30317E-01  1.05537E-01  7.82274E-02  4.78943E-02
  1.65797E-02  3.25890E-03 -3.59001E-03 -6.88274E-03 -3.62272E-03
