AutoSaveFileName0132.ASC
 IFORMY    0    .00
 (6E13.7)
 IFORMT    0    .00
 (6E13.7)
 IFORMW    0    .00
 (6E13.7)
 NINTT     0   -1.00
 DOUSNQ    0    1.00
 IQUAD          1.00
 PRWT      0    1.00
 PRY       0    1.00
 IPLRES    1    3.00
 IPLRES    2    3.00
 IPRINT    1    0.00
 IPRINT    2    2.00
 IPLFIT    1    0.00
 IPLFIT    2    0.00
 LINEPG    0   50.
 NONNEG    1    1.00
 IWT       0    5.00
 NQPROG    1    5.00
 NQPROG    2    5.00
 GMNMX     1    2.845E-05
 GMNMX     2    2.845E-02
 RUSER    10    -1.00
 NG        0    200.00
 NLINF     0    0.00
 IUSER    10    4.00
 RUSER    21    1.0
 RUSER    22   -1.0
 RUSER    23    0.0
 RUSER    18         291.93299
 RUSER    17         58.99900
 RUSER    19         1.03221
 RUSER    15         1.33200
 RUSER    16         632.80000
 RUSER    25         1
 RUSER    26         0
 END       0    0.00
 NY      131
  3.75000E-07  5.00000E-07  6.25000E-07  7.50000E-07  8.75000E-07  1.00000E-06
  1.12500E-06  1.25000E-06  1.37500E-06  1.50000E-06  1.62500E-06  1.75000E-06
  1.87500E-06  2.00000E-06  2.25000E-06  2.50000E-06  2.75000E-06  3.00000E-06
  3.25000E-06  3.50000E-06  3.75000E-06  4.00000E-06  4.50000E-06  5.00000E-06
  5.50000E-06  6.00000E-06  6.50000E-06  7.00000E-06  7.50000E-06  8.00000E-06
  9.00000E-06  1.00000E-05  1.10000E-05  1.20000E-05  1.30000E-05  1.40000E-05
  1.50000E-05  1.60000E-05  1.80000E-05  2.00000E-05  2.20000E-05  2.40000E-05
  2.60000E-05  2.80000E-05  3.00000E-05  3.20000E-05  3.60000E-05  4.00000E-05
  4.40000E-05  4.80000E-05  5.20000E-05  5.60000E-05  6.00000E-05  6.40000E-05
  7.20000E-05  8.00000E-05  8.80000E-05  9.60000E-05  1.04000E-04  1.12000E-04
  1.20000E-04  1.28000E-04  1.44000E-04  1.60000E-04  1.76000E-04  1.92000E-04
  2.08000E-04  2.24000E-04  2.40000E-04  2.56000E-04  2.88000E-04  3.20000E-04
  3.52000E-04  3.84000E-04  4.16000E-04  4.48000E-04  4.80000E-04  5.12000E-04
  5.76000E-04  6.40000E-04  7.04000E-04  7.68000E-04  8.32000E-04  8.96000E-04
  9.60000E-04  1.02400E-03  1.15200E-03  1.28000E-03  1.40800E-03  1.53600E-03
  1.66400E-03  1.79200E-03  1.92000E-03  2.01600E-03  2.27200E-03  2.52800E-03
  2.78400E-03  3.04000E-03  3.29600E-03  3.55200E-03  3.80800E-03  4.06400E-03
  4.57600E-03  5.08800E-03  5.60000E-03  6.11200E-03  6.62400E-03  7.13600E-03
  7.64800E-03  8.16000E-03  9.18400E-03  1.02080E-02  1.12320E-02  1.22560E-02
  1.32800E-02  1.43040E-02  1.53280E-02  1.63520E-02  1.84000E-02  2.04480E-02
  2.24960E-02  2.45440E-02  2.65920E-02  2.86400E-02  3.06880E-02  3.27360E-02
  3.68320E-02  4.09280E-02  4.50240E-02  4.91200E-02  5.32160E-02
  8.37118E-01  8.38453E-01  8.36686E-01  8.35011E-01  8.34838E-01  8.28626E-01
  8.34775E-01  8.31885E-01  8.34061E-01  8.33773E-01  8.39651E-01  8.31637E-01
  8.38200E-01  8.35344E-01  8.37068E-01  8.37831E-01  8.30733E-01  8.36941E-01
  8.35540E-01  8.35580E-01  8.34216E-01  8.33089E-01  8.35394E-01  8.34385E-01
  8.33422E-01  8.33948E-01  8.34787E-01  8.33110E-01  8.34237E-01  8.34811E-01
  8.33982E-01  8.32286E-01  8.31888E-01  8.30410E-01  8.32692E-01  8.31153E-01
  8.31269E-01  8.31095E-01  8.30633E-01  8.29621E-01  8.28891E-01  8.30202E-01
  8.30155E-01  8.27801E-01  8.28863E-01  8.28117E-01  8.27674E-01  8.26767E-01
  8.25693E-01  8.24700E-01  8.23675E-01  8.23906E-01  8.22644E-01  8.20702E-01
  8.19708E-01  8.18070E-01  8.16180E-01  8.14640E-01  8.12784E-01  8.12003E-01
  8.10301E-01  8.08555E-01  8.05160E-01  8.02197E-01  7.98002E-01  7.95135E-01
  7.92002E-01  7.88648E-01  7.85967E-01  7.82976E-01  7.76120E-01  7.69965E-01
  7.64139E-01  7.58213E-01  7.51913E-01  7.45923E-01  7.39890E-01  7.34046E-01
  7.22754E-01  7.11456E-01  7.00406E-01  6.90228E-01  6.79248E-01  6.68611E-01
  6.58675E-01  6.46871E-01  6.27176E-01  6.07940E-01  5.89422E-01  5.70984E-01
  5.53341E-01  5.36204E-01  5.19551E-01  5.08867E-01  4.77453E-01  4.48292E-01
  4.21073E-01  3.96132E-01  3.72901E-01  3.51054E-01  3.30549E-01  3.10689E-01
  2.73399E-01  2.40491E-01  2.10495E-01  1.84889E-01  1.62760E-01  1.42922E-01
  1.25204E-01  1.09530E-01  8.37762E-02  6.57625E-02  5.28935E-02  4.46251E-02
  3.83512E-02  3.44882E-02  3.10902E-02  3.21232E-02  3.04758E-02  2.22245E-02
  1.23833E-02  5.23892E-03  2.69019E-03  1.30779E-03  1.40345E-03  5.32203E-03
  3.60468E-03 -2.38783E-03 -2.29898E-03 -2.10259E-03  7.27783E-04
