AutoSaveFileName0032.ASC
 IFORMY    0    .00
 (6E13.7)
 IFORMT    0    .00
 (6E13.7)
 IFORMW    0    .00
 (6E13.7)
 NINTT     0   -1.00
 DOUSNQ    0    1.00
 IQUAD          1.00
 PRWT      0    1.00
 PRY       0    1.00
 IPLRES    1    3.00
 IPLRES    2    3.00
 IPRINT    1    0.00
 IPRINT    2    2.00
 IPLFIT    1    0.00
 IPLFIT    2    0.00
 LINEPG    0   50.
 NONNEG    1    1.00
 IWT       0    5.00
 NQPROG    1    5.00
 NQPROG    2    5.00
 GMNMX     1    1.477E-04
 GMNMX     2    1.477E-01
 RUSER    10    -1.00
 NG        0    200.00
 NLINF     0    0.00
 IUSER    10    4.00
 RUSER    21    1.0
 RUSER    22   -1.0
 RUSER    23    0.0
 RUSER    18         291.82331
 RUSER    17         24.99900
 RUSER    19         1.03503
 RUSER    15         1.33200
 RUSER    16         632.80000
 RUSER    25         1
 RUSER    26         0
 END       0    0.00
 NY      131
  3.75000E-07  5.00000E-07  6.25000E-07  7.50000E-07  8.75000E-07  1.00000E-06
  1.12500E-06  1.25000E-06  1.37500E-06  1.50000E-06  1.62500E-06  1.75000E-06
  1.87500E-06  2.00000E-06  2.25000E-06  2.50000E-06  2.75000E-06  3.00000E-06
  3.25000E-06  3.50000E-06  3.75000E-06  4.00000E-06  4.50000E-06  5.00000E-06
  5.50000E-06  6.00000E-06  6.50000E-06  7.00000E-06  7.50000E-06  8.00000E-06
  9.00000E-06  1.00000E-05  1.10000E-05  1.20000E-05  1.30000E-05  1.40000E-05
  1.50000E-05  1.60000E-05  1.80000E-05  2.00000E-05  2.20000E-05  2.40000E-05
  2.60000E-05  2.80000E-05  3.00000E-05  3.20000E-05  3.60000E-05  4.00000E-05
  4.40000E-05  4.80000E-05  5.20000E-05  5.60000E-05  6.00000E-05  6.40000E-05
  7.20000E-05  8.00000E-05  8.80000E-05  9.60000E-05  1.04000E-04  1.12000E-04
  1.20000E-04  1.28000E-04  1.44000E-04  1.60000E-04  1.76000E-04  1.92000E-04
  2.08000E-04  2.24000E-04  2.40000E-04  2.56000E-04  2.88000E-04  3.20000E-04
  3.52000E-04  3.84000E-04  4.16000E-04  4.48000E-04  4.80000E-04  5.12000E-04
  5.76000E-04  6.40000E-04  7.04000E-04  7.68000E-04  8.32000E-04  8.96000E-04
  9.60000E-04  1.02400E-03  1.15200E-03  1.28000E-03  1.40800E-03  1.53600E-03
  1.66400E-03  1.79200E-03  1.92000E-03  2.01600E-03  2.27200E-03  2.52800E-03
  2.78400E-03  3.04000E-03  3.29600E-03  3.55200E-03  3.80800E-03  4.06400E-03
  4.57600E-03  5.08800E-03  5.60000E-03  6.11200E-03  6.62400E-03  7.13600E-03
  7.64800E-03  8.16000E-03  9.18400E-03  1.02080E-02  1.12320E-02  1.22560E-02
  1.32800E-02  1.43040E-02  1.53280E-02  1.63520E-02  1.84000E-02  2.04480E-02
  2.24960E-02  2.45440E-02  2.65920E-02  2.86400E-02  3.06880E-02  3.27360E-02
  3.68320E-02  4.09280E-02  4.50240E-02  4.91200E-02  5.32160E-02
  2.38112E+00  2.37817E+00  2.38163E+00  2.37492E+00  2.37850E+00  2.37454E+00
  2.37604E+00  2.37153E+00  2.37459E+00  2.37044E+00  2.37438E+00  2.37246E+00
  2.37293E+00  2.37366E+00  2.37445E+00  2.37277E+00  2.37284E+00  2.37046E+00
  2.37502E+00  2.37386E+00  2.37163E+00  2.37191E+00  2.37202E+00  2.37107E+00
  2.37131E+00  2.37011E+00  2.37430E+00  2.37288E+00  2.37167E+00  2.37137E+00
  2.37086E+00  2.37294E+00  2.37194E+00  2.37213E+00  2.37337E+00  2.37062E+00
  2.37178E+00  2.37160E+00  2.37080E+00  2.37057E+00  2.37082E+00  2.37067E+00
  2.37164E+00  2.37015E+00  2.36950E+00  2.37005E+00  2.36925E+00  2.36885E+00
  2.36841E+00  2.36741E+00  2.36757E+00  2.36661E+00  2.36739E+00  2.36636E+00
  2.36492E+00  2.36479E+00  2.36327E+00  2.36248E+00  2.36202E+00  2.36030E+00
  2.36028E+00  2.35923E+00  2.35700E+00  2.35536E+00  2.35376E+00  2.35190E+00
  2.34973E+00  2.34784E+00  2.34586E+00  2.34430E+00  2.34073E+00  2.33722E+00
  2.33330E+00  2.32984E+00  2.32623E+00  2.32255E+00  2.31922E+00  2.31514E+00
  2.30784E+00  2.30075E+00  2.29354E+00  2.28636E+00  2.27927E+00  2.27225E+00
  2.26519E+00  2.25788E+00  2.24404E+00  2.23019E+00  2.21654E+00  2.20282E+00
  2.18928E+00  2.17600E+00  2.16283E+00  2.15224E+00  2.12590E+00  2.09990E+00
  2.07419E+00  2.04896E+00  2.02395E+00  1.99918E+00  1.97456E+00  1.95043E+00
  1.90284E+00  1.85649E+00  1.81138E+00  1.76726E+00  1.72354E+00  1.68093E+00
  1.63947E+00  1.59971E+00  1.52186E+00  1.44748E+00  1.37526E+00  1.30586E+00
  1.24082E+00  1.18001E+00  1.12295E+00  1.06855E+00  9.66148E-01  8.76757E-01
  7.98886E-01  7.28741E-01  6.65173E-01  6.08229E-01  5.57650E-01  5.13475E-01
  4.32747E-01  3.62809E-01  3.06093E-01  2.57924E-01  2.17386E-01
