AutoSaveFileName0369.ASC
 IFORMY    0    .00
 (6E13.7)
 IFORMT    0    .00
 (6E13.7)
 IFORMW    0    .00
 (6E13.7)
 NINTT     0   -1.00
 DOUSNQ    0    1.00
 IQUAD          1.00
 PRWT      0    1.00
 PRY       0    1.00
 IPLRES    1    3.00
 IPLRES    2    3.00
 IPRINT    1    0.00
 IPRINT    2    2.00
 IPLFIT    1    0.00
 IPLFIT    2    0.00
 LINEPG    0   50.
 NONNEG    1    1.00
 IWT       0    5.00
 NQPROG    1    5.00
 NQPROG    2    5.00
 GMNMX     1    7.835E-06
 GMNMX     2    7.835E-03
 RUSER    10    -1.00
 NG        0    200.00
 NLINF     0    0.00
 IUSER    10    4.00
 RUSER    21    1.0
 RUSER    22   -1.0
 RUSER    23    0.0
 RUSER    18         292.29743
 RUSER    17         137.99900
 RUSER    19         1.02295
 RUSER    15         1.33200
 RUSER    16         632.80000
 RUSER    25         1
 RUSER    26         0
 END       0    0.00
 NY      131
  3.75000E-07  5.00000E-07  6.25000E-07  7.50000E-07  8.75000E-07  1.00000E-06
  1.12500E-06  1.25000E-06  1.37500E-06  1.50000E-06  1.62500E-06  1.75000E-06
  1.87500E-06  2.00000E-06  2.25000E-06  2.50000E-06  2.75000E-06  3.00000E-06
  3.25000E-06  3.50000E-06  3.75000E-06  4.00000E-06  4.50000E-06  5.00000E-06
  5.50000E-06  6.00000E-06  6.50000E-06  7.00000E-06  7.50000E-06  8.00000E-06
  9.00000E-06  1.00000E-05  1.10000E-05  1.20000E-05  1.30000E-05  1.40000E-05
  1.50000E-05  1.60000E-05  1.80000E-05  2.00000E-05  2.20000E-05  2.40000E-05
  2.60000E-05  2.80000E-05  3.00000E-05  3.20000E-05  3.60000E-05  4.00000E-05
  4.40000E-05  4.80000E-05  5.20000E-05  5.60000E-05  6.00000E-05  6.40000E-05
  7.20000E-05  8.00000E-05  8.80000E-05  9.60000E-05  1.04000E-04  1.12000E-04
  1.20000E-04  1.28000E-04  1.44000E-04  1.60000E-04  1.76000E-04  1.92000E-04
  2.08000E-04  2.24000E-04  2.40000E-04  2.56000E-04  2.88000E-04  3.20000E-04
  3.52000E-04  3.84000E-04  4.16000E-04  4.48000E-04  4.80000E-04  5.12000E-04
  5.76000E-04  6.40000E-04  7.04000E-04  7.68000E-04  8.32000E-04  8.96000E-04
  9.60000E-04  1.02400E-03  1.15200E-03  1.28000E-03  1.40800E-03  1.53600E-03
  1.66400E-03  1.79200E-03  1.92000E-03  2.01600E-03  2.27200E-03  2.52800E-03
  2.78400E-03  3.04000E-03  3.29600E-03  3.55200E-03  3.80800E-03  4.06400E-03
  4.57600E-03  5.08800E-03  5.60000E-03  6.11200E-03  6.62400E-03  7.13600E-03
  7.64800E-03  8.16000E-03  9.18400E-03  1.02080E-02  1.12320E-02  1.22560E-02
  1.32800E-02  1.43040E-02  1.53280E-02  1.63520E-02  1.84000E-02  2.04480E-02
  2.24960E-02  2.45440E-02  2.65920E-02  2.86400E-02  3.06880E-02  3.27360E-02
  3.68320E-02  4.09280E-02  4.50240E-02  4.91200E-02  5.32160E-02
  8.04457E-01  8.02368E-01  7.97662E-01  8.04343E-01  7.96538E-01  7.95309E-01
  7.97684E-01  7.96334E-01  7.95889E-01  7.99570E-01  8.00377E-01  7.99675E-01
  7.94170E-01  7.92413E-01  7.96218E-01  7.98058E-01  7.91101E-01  7.95527E-01
  7.94211E-01  7.95369E-01  7.95859E-01  7.95179E-01  7.94325E-01  7.95368E-01
  7.92161E-01  7.93872E-01  7.94474E-01  7.91942E-01  7.91872E-01  7.91750E-01
  7.90178E-01  7.89862E-01  7.87970E-01  7.88009E-01  7.87333E-01  7.85027E-01
  7.85332E-01  7.85278E-01  7.84378E-01  7.84245E-01  7.82330E-01  7.79463E-01
  7.80310E-01  7.78882E-01  7.76998E-01  7.75646E-01  7.73183E-01  7.72205E-01
  7.68291E-01  7.65643E-01  7.63007E-01  7.61042E-01  7.59525E-01  7.56693E-01
  7.52001E-01  7.47297E-01  7.43282E-01  7.37866E-01  7.33081E-01  7.28300E-01
  7.23503E-01  7.18754E-01  7.09732E-01  7.00606E-01  6.92195E-01  6.83416E-01
  6.74638E-01  6.65983E-01  6.57886E-01  6.49980E-01  6.33815E-01  6.17688E-01
  6.02726E-01  5.87829E-01  5.72999E-01  5.58981E-01  5.45078E-01  5.31168E-01
  5.04921E-01  4.79719E-01  4.56835E-01  4.34857E-01  4.13602E-01  3.93440E-01
  3.74763E-01  3.59331E-01  3.26339E-01  2.96807E-01  2.69774E-01  2.45269E-01
  2.22333E-01  2.01529E-01  1.83310E-01  1.72017E-01  1.43273E-01  1.20389E-01
  1.00982E-01  8.50814E-02  7.31876E-02  6.34194E-02  5.45788E-02  4.77724E-02
  3.96258E-02  3.48632E-02  3.24778E-02  2.79439E-02  2.41536E-02  2.10629E-02
  1.39319E-02  7.53282E-03  1.01001E-03  5.88343E-04  3.61671E-03  5.35425E-03
  3.93541E-03  1.43432E-03 -3.22546E-03 -4.74432E-03 -1.95488E-03  7.61390E-04
  9.93094E-04  1.05632E-03  7.11448E-03  6.33734E-03 -7.22186E-03 -4.26950E-03
  5.06669E-03  2.17621E-03  2.34056E-03  3.12699E-03  9.30077E-04
