AutoSaveFileName0043.ASC
 IFORMY    0    .00
 (6E13.7)
 IFORMT    0    .00
 (6E13.7)
 IFORMW    0    .00
 (6E13.7)
 NINTT     0   -1.00
 DOUSNQ    0    1.00
 IQUAD     0    1.00
 PRWT      0    1.00
 PRY       0    1.00
 IPLRES    1    3.00
 IPLRES    2    3.00
 IPRINT    1    0.00
 IPRINT    2    2.00
 IPLFIT    1    0.00
 IPLFIT    2    0.00
 LINEPG    0   50.
 NONNEG    1    1.00
 IWT       0    5.00
 NQPROG    1    5.00
 NQPROG    2    5.00
 GMNMX     1    2.97692E-02
 GMNMX     2    1.06864E-02
 RUSER    10    -1.00
 NG        0    500.00
 NLINF     0    1.00
 IUSER    10    4.00
 RUSER    21    1.0
 RUSER    22   -1.0
 RUSER    23    0.0
 RUSER    18         291.92221
 RUSER    17         34.99800
 RUSER    19         1.03249
 RUSER    15         1.33200
 RUSER    16         632.80000
 RUSER    25         1
 RUSER    26         0
 END       0    0.00
 NY      162
  7.50000E-07  8.75000E-07  1.00000E-06  1.12500E-06  1.25000E-06  1.37500E-06
  1.50000E-06  1.62500E-06  1.75000E-06  1.87500E-06  2.00000E-06  2.25000E-06
  2.50000E-06  2.75000E-06  3.00000E-06  3.25000E-06  3.50000E-06  3.75000E-06
  4.00000E-06  4.50000E-06  5.00000E-06  5.50000E-06  6.00000E-06  6.50000E-06
  7.00000E-06  7.50000E-06  8.00000E-06  9.00000E-06  1.00000E-05  1.10000E-05
  1.20000E-05  1.30000E-05  1.40000E-05  1.50000E-05  1.60000E-05  1.80000E-05
  2.00000E-05  2.20000E-05  2.40000E-05  2.60000E-05  2.80000E-05  3.00000E-05
  3.20000E-05  3.60000E-05  4.00000E-05  4.40000E-05  4.80000E-05  5.20000E-05
  5.60000E-05  6.00000E-05  6.40000E-05  7.20000E-05  8.00000E-05  8.80000E-05
  9.60000E-05  1.04000E-04  1.12000E-04  1.20000E-04  1.28000E-04  1.44000E-04
  1.60000E-04  1.76000E-04  1.92000E-04  2.08000E-04  2.24000E-04  2.40000E-04
  2.56000E-04  2.88000E-04  3.20000E-04  3.52000E-04  3.84000E-04  4.16000E-04
  4.48000E-04  4.80000E-04  5.12000E-04  5.76000E-04  6.40000E-04  7.04000E-04
  7.68000E-04  8.32000E-04  8.96000E-04  9.60000E-04  1.02400E-03  1.15200E-03
  1.28000E-03  1.40800E-03  1.53600E-03  1.66400E-03  1.79200E-03  1.92000E-03
  2.01600E-03  2.27200E-03  2.52800E-03  2.78400E-03  3.04000E-03  3.29600E-03
  3.55200E-03  3.80800E-03  4.06400E-03  4.57600E-03  5.08800E-03  5.60000E-03
  6.11200E-03  6.62400E-03  7.13600E-03  7.64800E-03  8.16000E-03  9.18400E-03
  1.02080E-02  1.12320E-02  1.22560E-02  1.32800E-02  1.43040E-02  1.53280E-02
  1.63520E-02  1.84000E-02  2.04480E-02  2.24960E-02  2.45440E-02  2.65920E-02
  2.86400E-02  3.06880E-02  3.27360E-02  3.68320E-02  4.09280E-02  4.50240E-02
  4.91200E-02  5.32160E-02  5.73120E-02  6.14080E-02  6.55040E-02  7.36960E-02
  8.18880E-02  9.00800E-02  9.82720E-02  1.06464E-01  1.14656E-01  1.22848E-01
  1.31040E-01  1.47424E-01  1.63808E-01  1.80192E-01  1.96576E-01  2.12960E-01
  2.29344E-01  2.45728E-01  2.62112E-01  2.94880E-01  3.27648E-01  3.60416E-01
  3.93184E-01  4.25952E-01  4.58720E-01  4.91488E-01  5.24256E-01  5.89792E-01
  6.55328E-01  7.20864E-01  7.86400E-01  8.51936E-01  9.17472E-01  9.83008E-01
  1.00000E+00  9.96834E-01  9.94601E-01  9.95924E-01  9.96576E-01  9.97512E-01
  9.93791E-01  9.95867E-01  9.95450E-01  9.93415E-01  9.92266E-01  9.94418E-01
  9.95600E-01  9.91963E-01  9.93241E-01  9.91714E-01  9.93325E-01  9.96038E-01
  9.95525E-01  9.92275E-01  9.92908E-01  9.94037E-01  9.91192E-01  9.93109E-01
  9.90795E-01  9.90474E-01  9.91086E-01  9.90132E-01  9.90927E-01  9.90552E-01
  9.88923E-01  9.88322E-01  9.87944E-01  9.88265E-01  9.87377E-01  9.85921E-01
  9.85000E-01  9.83521E-01  9.83187E-01  9.81327E-01  9.81126E-01  9.78674E-01
  9.78388E-01  9.76186E-01  9.74124E-01  9.72131E-01  9.69628E-01  9.67689E-01
  9.65123E-01  9.63073E-01  9.61066E-01  9.57236E-01  9.52932E-01  9.49151E-01
  9.44421E-01  9.40006E-01  9.36585E-01  9.32407E-01  9.28092E-01  9.20502E-01
  9.12525E-01  9.04457E-01  8.96765E-01  8.89181E-01  8.81714E-01  8.73860E-01
  8.66624E-01  8.52114E-01  8.37843E-01  8.24038E-01  8.10286E-01  7.96862E-01
  7.83552E-01  7.70899E-01  7.58162E-01  7.33852E-01  7.10104E-01  6.87202E-01
  6.65254E-01  6.44042E-01  6.23604E-01  6.03661E-01  5.85078E-01  5.48907E-01
  5.15027E-01  4.83274E-01  4.53578E-01  4.26090E-01  4.00253E-01  3.76258E-01
  3.58641E-01  3.17687E-01  2.81256E-01  2.49080E-01  2.21079E-01  1.96105E-01
  1.74264E-01  1.55517E-01  1.39250E-01  1.11515E-01  9.05616E-02  7.47018E-02
  6.15053E-02  5.10162E-02  4.22999E-02  3.59659E-02  3.09443E-02  2.49764E-02
  2.19096E-02  2.00444E-02  1.61394E-02  1.15626E-02  7.55188E-03  3.41613E-03
  1.30118E-03  3.77933E-03  3.04524E-03 -5.22941E-04 -2.75737E-03 -1.97513E-03
  3.13531E-04 -1.14066E-03  1.32994E-04  4.34484E-03  1.19561E-02  8.22459E-03
  2.72830E-03 -1.31688E-03 -9.71402E-04 -1.22330E-03 -1.34927E-03  4.60964E-03
  5.03568E-03  1.64590E-03 -9.23377E-04 -3.35763E-03 -4.10766E-03 -3.77285E-04
  3.29848E-03  2.99957E-03  2.28674E-05 -8.13477E-03 -3.36021E-05 -1.74275E-03
  2.48555E-03  1.19516E-03 -2.48531E-04 -3.89304E-03 -2.86483E-03  4.09004E-03
  8.68869E-04  4.29508E-03  2.02252E-04  1.31190E-03  1.81361E-03  1.77483E-03
  1.23390E-04  1.49803E-03 -1.64192E-03 -3.76720E-03  7.50239E-04 -3.81120E-03
