AutoSaveFileName0333.ASC
 IFORMY    0    .00
 (6E13.7)
 IFORMT    0    .00
 (6E13.7)
 IFORMW    0    .00
 (6E13.7)
 NINTT     0   -1.00
 DOUSNQ    0    1.00
 IQUAD          1.00
 PRWT      0    1.00
 PRY       0    1.00
 IPLRES    1    3.00
 IPLRES    2    3.00
 IPRINT    1    0.00
 IPRINT    2    2.00
 IPLFIT    1    0.00
 IPLFIT    2    0.00
 LINEPG    0   50.
 NONNEG    1    1.00
 IWT       0    5.00
 NQPROG    1    5.00
 NQPROG    2    5.00
 GMNMX     1    8.617E-06
 GMNMX     2    8.617E-03
 RUSER    10    -1.00
 NG        0    200.00
 NLINF     0    0.00
 IUSER    10    4.00
 RUSER    21    1.0
 RUSER    22   -1.0
 RUSER    23    0.0
 RUSER    18         292.23635
 RUSER    17         125.99900
 RUSER    19         1.02449
 RUSER    15         1.33200
 RUSER    16         632.80000
 RUSER    25         1
 RUSER    26         0
 END       0    0.00
 NY      131
  3.75000E-07  5.00000E-07  6.25000E-07  7.50000E-07  8.75000E-07  1.00000E-06
  1.12500E-06  1.25000E-06  1.37500E-06  1.50000E-06  1.62500E-06  1.75000E-06
  1.87500E-06  2.00000E-06  2.25000E-06  2.50000E-06  2.75000E-06  3.00000E-06
  3.25000E-06  3.50000E-06  3.75000E-06  4.00000E-06  4.50000E-06  5.00000E-06
  5.50000E-06  6.00000E-06  6.50000E-06  7.00000E-06  7.50000E-06  8.00000E-06
  9.00000E-06  1.00000E-05  1.10000E-05  1.20000E-05  1.30000E-05  1.40000E-05
  1.50000E-05  1.60000E-05  1.80000E-05  2.00000E-05  2.20000E-05  2.40000E-05
  2.60000E-05  2.80000E-05  3.00000E-05  3.20000E-05  3.60000E-05  4.00000E-05
  4.40000E-05  4.80000E-05  5.20000E-05  5.60000E-05  6.00000E-05  6.40000E-05
  7.20000E-05  8.00000E-05  8.80000E-05  9.60000E-05  1.04000E-04  1.12000E-04
  1.20000E-04  1.28000E-04  1.44000E-04  1.60000E-04  1.76000E-04  1.92000E-04
  2.08000E-04  2.24000E-04  2.40000E-04  2.56000E-04  2.88000E-04  3.20000E-04
  3.52000E-04  3.84000E-04  4.16000E-04  4.48000E-04  4.80000E-04  5.12000E-04
  5.76000E-04  6.40000E-04  7.04000E-04  7.68000E-04  8.32000E-04  8.96000E-04
  9.60000E-04  1.02400E-03  1.15200E-03  1.28000E-03  1.40800E-03  1.53600E-03
  1.66400E-03  1.79200E-03  1.92000E-03  2.01600E-03  2.27200E-03  2.52800E-03
  2.78400E-03  3.04000E-03  3.29600E-03  3.55200E-03  3.80800E-03  4.06400E-03
  4.57600E-03  5.08800E-03  5.60000E-03  6.11200E-03  6.62400E-03  7.13600E-03
  7.64800E-03  8.16000E-03  9.18400E-03  1.02080E-02  1.12320E-02  1.22560E-02
  1.32800E-02  1.43040E-02  1.53280E-02  1.63520E-02  1.84000E-02  2.04480E-02
  2.24960E-02  2.45440E-02  2.65920E-02  2.86400E-02  3.06880E-02  3.27360E-02
  3.68320E-02  4.09280E-02  4.50240E-02  4.91200E-02  5.32160E-02
  8.11821E-01  8.10553E-01  8.16314E-01  8.11786E-01  8.09631E-01  8.09090E-01
  8.06375E-01  8.13731E-01  8.10448E-01  8.08693E-01  8.08510E-01  8.11163E-01
  8.06709E-01  8.09151E-01  8.07891E-01  8.09917E-01  8.09396E-01  8.07222E-01
  8.07679E-01  8.07581E-01  8.02518E-01  8.04207E-01  8.06085E-01  8.04175E-01
  8.05554E-01  8.06102E-01  8.03621E-01  8.04941E-01  8.03086E-01  8.03855E-01
  8.01878E-01  8.03328E-01  8.01651E-01  8.01387E-01  8.00570E-01  8.00889E-01
  7.98477E-01  7.99076E-01  7.97884E-01  7.95965E-01  7.94569E-01  7.93192E-01
  7.92271E-01  7.90999E-01  7.89698E-01  7.88269E-01  7.85705E-01  7.83216E-01
  7.81140E-01  7.77660E-01  7.74465E-01  7.71997E-01  7.70245E-01  7.67796E-01
  7.61957E-01  7.56705E-01  7.51666E-01  7.46661E-01  7.41257E-01  7.36935E-01
  7.32146E-01  7.26734E-01  7.17242E-01  7.07437E-01  6.98171E-01  6.88888E-01
  6.79436E-01  6.70440E-01  6.61507E-01  6.52944E-01  6.35114E-01  6.18503E-01
  6.01782E-01  5.85704E-01  5.70288E-01  5.54944E-01  5.39815E-01  5.25362E-01
  4.97792E-01  4.71726E-01  4.47182E-01  4.23659E-01  4.01365E-01  3.80180E-01
  3.60166E-01  3.41506E-01  3.07068E-01  2.75863E-01  2.48262E-01  2.23303E-01
  2.01405E-01  1.81336E-01  1.63476E-01  1.51596E-01  1.24363E-01  1.03250E-01
  8.38865E-02  6.80773E-02  5.63664E-02  4.60675E-02  3.72650E-02  3.02690E-02
  1.99933E-02  1.31758E-02  1.02580E-02  1.01033E-02  9.73621E-03  8.82603E-03
  6.59784E-03  3.62929E-03  3.07483E-03  6.41493E-03  9.02996E-03  7.53114E-03
  1.50360E-03  3.45827E-04  3.17884E-04 -1.11065E-03 -5.28886E-03 -7.79994E-03
 -4.24407E-03 -2.87317E-04 -8.19517E-03 -6.16272E-03 -5.32893E-03 -5.85327E-03
  1.05260E-02  8.28295E-04  1.87613E-03  3.87055E-03 -4.14599E-03
