AutoSaveFileName0119.ASC
 IFORMY    0    .00
 (6E13.7)
 IFORMT    0    .00
 (6E13.7)
 IFORMW    0    .00
 (6E13.7)
 NINTT     0   -1.00
 DOUSNQ    0    1.00
 IQUAD          1.00
 PRWT      0    1.00
 PRY       0    1.00
 IPLRES    1    3.00
 IPLRES    2    3.00
 IPRINT    1    0.00
 IPRINT    2    2.00
 IPLFIT    1    0.00
 IPLFIT    2    0.00
 LINEPG    0   50.
 NONNEG    1    1.00
 IWT       0    5.00
 NQPROG    1    5.00
 NQPROG    2    5.00
 GMNMX     1    3.349E-05
 GMNMX     2    3.349E-02
 RUSER    10    -1.00
 NG        0    200.00
 NLINF     0    0.00
 IUSER    10    4.00
 RUSER    21    1.0
 RUSER    22   -1.0
 RUSER    23    0.0
 RUSER    18         291.91582
 RUSER    17         53.99900
 RUSER    19         1.03265
 RUSER    15         1.33200
 RUSER    16         632.80000
 RUSER    25         1
 RUSER    26         0
 END       0    0.00
 NY      131
  3.75000E-07  5.00000E-07  6.25000E-07  7.50000E-07  8.75000E-07  1.00000E-06
  1.12500E-06  1.25000E-06  1.37500E-06  1.50000E-06  1.62500E-06  1.75000E-06
  1.87500E-06  2.00000E-06  2.25000E-06  2.50000E-06  2.75000E-06  3.00000E-06
  3.25000E-06  3.50000E-06  3.75000E-06  4.00000E-06  4.50000E-06  5.00000E-06
  5.50000E-06  6.00000E-06  6.50000E-06  7.00000E-06  7.50000E-06  8.00000E-06
  9.00000E-06  1.00000E-05  1.10000E-05  1.20000E-05  1.30000E-05  1.40000E-05
  1.50000E-05  1.60000E-05  1.80000E-05  2.00000E-05  2.20000E-05  2.40000E-05
  2.60000E-05  2.80000E-05  3.00000E-05  3.20000E-05  3.60000E-05  4.00000E-05
  4.40000E-05  4.80000E-05  5.20000E-05  5.60000E-05  6.00000E-05  6.40000E-05
  7.20000E-05  8.00000E-05  8.80000E-05  9.60000E-05  1.04000E-04  1.12000E-04
  1.20000E-04  1.28000E-04  1.44000E-04  1.60000E-04  1.76000E-04  1.92000E-04
  2.08000E-04  2.24000E-04  2.40000E-04  2.56000E-04  2.88000E-04  3.20000E-04
  3.52000E-04  3.84000E-04  4.16000E-04  4.48000E-04  4.80000E-04  5.12000E-04
  5.76000E-04  6.40000E-04  7.04000E-04  7.68000E-04  8.32000E-04  8.96000E-04
  9.60000E-04  1.02400E-03  1.15200E-03  1.28000E-03  1.40800E-03  1.53600E-03
  1.66400E-03  1.79200E-03  1.92000E-03  2.01600E-03  2.27200E-03  2.52800E-03
  2.78400E-03  3.04000E-03  3.29600E-03  3.55200E-03  3.80800E-03  4.06400E-03
  4.57600E-03  5.08800E-03  5.60000E-03  6.11200E-03  6.62400E-03  7.13600E-03
  7.64800E-03  8.16000E-03  9.18400E-03  1.02080E-02  1.12320E-02  1.22560E-02
  1.32800E-02  1.43040E-02  1.53280E-02  1.63520E-02  1.84000E-02  2.04480E-02
  2.24960E-02  2.45440E-02  2.65920E-02  2.86400E-02  3.06880E-02  3.27360E-02
  3.68320E-02  4.09280E-02  4.50240E-02  4.91200E-02  5.32160E-02
  2.37915E+00  2.37751E+00  2.37290E+00  2.36804E+00  2.36830E+00  2.36786E+00
  2.36572E+00  2.36325E+00  2.36248E+00  2.35974E+00  2.36550E+00  2.36606E+00
  2.36646E+00  2.36260E+00  2.36556E+00  2.36291E+00  2.36388E+00  2.36110E+00
  2.36314E+00  2.36196E+00  2.36384E+00  2.36417E+00  2.36195E+00  2.36226E+00
  2.36182E+00  2.36030E+00  2.36115E+00  2.35974E+00  2.36022E+00  2.36077E+00
  2.35973E+00  2.35873E+00  2.35951E+00  2.35891E+00  2.35789E+00  2.35802E+00
  2.35700E+00  2.35658E+00  2.35552E+00  2.35440E+00  2.35378E+00  2.35213E+00
  2.35262E+00  2.34936E+00  2.34919E+00  2.34915E+00  2.34689E+00  2.34550E+00
  2.34275E+00  2.34062E+00  2.33880E+00  2.33717E+00  2.33513E+00  2.33307E+00
  2.32892E+00  2.32534E+00  2.32123E+00  2.31659E+00  2.31288E+00  2.31001E+00
  2.30562E+00  2.30134E+00  2.29328E+00  2.28540E+00  2.27746E+00  2.27006E+00
  2.26212E+00  2.25425E+00  2.24655E+00  2.23880E+00  2.22342E+00  2.20832E+00
  2.19339E+00  2.17821E+00  2.16305E+00  2.14829E+00  2.13379E+00  2.11926E+00
  2.09008E+00  2.06127E+00  2.03320E+00  2.00551E+00  1.97793E+00  1.95077E+00
  1.92402E+00  1.89905E+00  1.84821E+00  1.79848E+00  1.75036E+00  1.70332E+00
  1.65743E+00  1.61250E+00  1.56918E+00  1.53482E+00  1.45355E+00  1.37689E+00
  1.30495E+00  1.23768E+00  1.17480E+00  1.11498E+00  1.05839E+00  1.00615E+00
  9.08354E-01  8.19608E-01  7.39217E-01  6.66246E-01  6.00674E-01  5.42963E-01
  4.89884E-01  4.43021E-01  3.60678E-01  2.94368E-01  2.39987E-01  1.96275E-01
  1.59976E-01  1.30903E-01  1.07305E-01  8.57156E-02  5.20981E-02  2.46877E-02
  5.88137E-03 -8.67615E-03 -2.35508E-02 -2.95867E-02 -2.79062E-02 -1.96796E-02
 -2.67796E-03  5.12523E-03  2.05096E-03  1.38339E-02  2.69506E-02
