AutoSaveFileName0264.ASC
 IFORMY    0    .00
 (6E13.7)
 IFORMT    0    .00
 (6E13.7)
 IFORMW    0    .00
 (6E13.7)
 NINTT     0   -1.00
 DOUSNQ    0    1.00
 IQUAD     0    1.00
 PRWT      0    1.00
 PRY       0    1.00
 IPLRES    1    3.00
 IPLRES    2    3.00
 IPRINT    1    0.00
 IPRINT    2    2.00
 IPLFIT    1    0.00
 IPLFIT    2    0.00
 LINEPG    0   50.
 NONNEG    1    1.00
 IWT       0    5.00
 NQPROG    1    5.00
 NQPROG    2    5.00
 GMNMX     1    2.94075E-03
 GMNMX     2    1.05565E-03
 RUSER    10    -1.00
 NG        0    500.00
 NLINF     0    1.00
 IUSER    10    4.00
 RUSER    21    1.0
 RUSER    22   -1.0
 RUSER    23    0.0
 RUSER    18         292.14323
 RUSER    17         144.99900
 RUSER    19         1.02685
 RUSER    15         1.33200
 RUSER    16         632.80000
 RUSER    25         1
 RUSER    26         0
 END       0    0.00
 NY      162
  7.50000E-07  8.75000E-07  1.00000E-06  1.12500E-06  1.25000E-06  1.37500E-06
  1.50000E-06  1.62500E-06  1.75000E-06  1.87500E-06  2.00000E-06  2.25000E-06
  2.50000E-06  2.75000E-06  3.00000E-06  3.25000E-06  3.50000E-06  3.75000E-06
  4.00000E-06  4.50000E-06  5.00000E-06  5.50000E-06  6.00000E-06  6.50000E-06
  7.00000E-06  7.50000E-06  8.00000E-06  9.00000E-06  1.00000E-05  1.10000E-05
  1.20000E-05  1.30000E-05  1.40000E-05  1.50000E-05  1.60000E-05  1.80000E-05
  2.00000E-05  2.20000E-05  2.40000E-05  2.60000E-05  2.80000E-05  3.00000E-05
  3.20000E-05  3.60000E-05  4.00000E-05  4.40000E-05  4.80000E-05  5.20000E-05
  5.60000E-05  6.00000E-05  6.40000E-05  7.20000E-05  8.00000E-05  8.80000E-05
  9.60000E-05  1.04000E-04  1.12000E-04  1.20000E-04  1.28000E-04  1.44000E-04
  1.60000E-04  1.76000E-04  1.92000E-04  2.08000E-04  2.24000E-04  2.40000E-04
  2.56000E-04  2.88000E-04  3.20000E-04  3.52000E-04  3.84000E-04  4.16000E-04
  4.48000E-04  4.80000E-04  5.12000E-04  5.76000E-04  6.40000E-04  7.04000E-04
  7.68000E-04  8.32000E-04  8.96000E-04  9.60000E-04  1.02400E-03  1.15200E-03
  1.28000E-03  1.40800E-03  1.53600E-03  1.66400E-03  1.79200E-03  1.92000E-03
  2.01600E-03  2.27200E-03  2.52800E-03  2.78400E-03  3.04000E-03  3.29600E-03
  3.55200E-03  3.80800E-03  4.06400E-03  4.57600E-03  5.08800E-03  5.60000E-03
  6.11200E-03  6.62400E-03  7.13600E-03  7.64800E-03  8.16000E-03  9.18400E-03
  1.02080E-02  1.12320E-02  1.22560E-02  1.32800E-02  1.43040E-02  1.53280E-02
  1.63520E-02  1.84000E-02  2.04480E-02  2.24960E-02  2.45440E-02  2.65920E-02
  2.86400E-02  3.06880E-02  3.27360E-02  3.68320E-02  4.09280E-02  4.50240E-02
  4.91200E-02  5.32160E-02  5.73120E-02  6.14080E-02  6.55040E-02  7.36960E-02
  8.18880E-02  9.00800E-02  9.82720E-02  1.06464E-01  1.14656E-01  1.22848E-01
  1.31040E-01  1.47424E-01  1.63808E-01  1.80192E-01  1.96576E-01  2.12960E-01
  2.29344E-01  2.45728E-01  2.62112E-01  2.94880E-01  3.27648E-01  3.60416E-01
  3.93184E-01  4.25952E-01  4.58720E-01  4.91488E-01  5.24256E-01  5.89792E-01
  6.55328E-01  7.20864E-01  7.86400E-01  8.51936E-01  9.17472E-01  9.83008E-01
  9.97303E-01  1.00000E+00  9.97044E-01  9.94403E-01  9.95625E-01  9.91870E-01
  9.90740E-01  9.91064E-01  9.93604E-01  9.90878E-01  9.89926E-01  9.88391E-01
  9.87125E-01  9.83980E-01  9.80656E-01  9.81964E-01  9.78908E-01  9.80129E-01
  9.76347E-01  9.74524E-01  9.71234E-01  9.67832E-01  9.65905E-01  9.63651E-01
  9.58790E-01  9.55299E-01  9.53028E-01  9.47489E-01  9.41664E-01  9.35488E-01
  9.29288E-01  9.24344E-01  9.18381E-01  9.13285E-01  9.07000E-01  8.96754E-01
  8.84831E-01  8.74982E-01  8.63270E-01  8.52489E-01  8.42236E-01  8.31494E-01
  8.21788E-01  8.01241E-01  7.82571E-01  7.62348E-01  7.44254E-01  7.25687E-01
  7.07854E-01  6.91019E-01  6.74120E-01  6.41688E-01  6.10438E-01  5.81413E-01
  5.53547E-01  5.26796E-01  5.01390E-01  4.77088E-01  4.54534E-01  4.12074E-01
  3.73409E-01  3.38568E-01  3.06967E-01  2.78182E-01  2.51991E-01  2.28334E-01
  2.07274E-01  1.70168E-01  1.39531E-01  1.14255E-01  9.34055E-02  7.67055E-02
  6.31518E-02  5.19784E-02  4.32607E-02  2.90270E-02  1.92088E-02  1.14693E-02
  5.73608E-03  2.79312E-03  1.07605E-03  1.19061E-04 -1.46172E-04 -3.94057E-04
 -1.92538E-04 -1.16696E-04 -3.85947E-04 -6.17861E-05  5.59999E-04  1.94312E-03
  1.22886E-03 -3.29553E-05  7.59605E-05 -1.46849E-04 -5.30543E-04  1.96679E-04
  1.00681E-03  1.34047E-06 -2.39176E-05 -8.79529E-04 -1.41387E-03  1.36761E-03
  2.97724E-04 -2.12065E-04 -3.05214E-04  2.28815E-03  1.04615E-03 -1.59289E-03
 -1.00795E-04 -1.99599E-03 -1.47562E-03 -7.74020E-04  1.03698E-03 -3.30473E-04
  4.85508E-05 -5.53262E-04 -4.39206E-04  1.37208E-03 -8.64652E-04  1.11730E-04
 -5.33422E-04 -3.21256E-05  4.96044E-04  3.87724E-04  6.61420E-04 -5.29454E-04
 -4.52498E-04 -1.23671E-03 -1.54933E-04 -3.13559E-04  2.33134E-04  3.61437E-04
 -4.13658E-04  5.36569E-04  2.07236E-04 -1.20070E-04 -5.83534E-04 -2.06597E-04
  3.65269E-05  1.60603E-04  2.48728E-04 -3.73610E-04  1.72210E-04 -4.38207E-04
 -1.28486E-04  1.11283E-04 -7.31650E-05  2.64464E-04  1.22910E-04 -1.16932E-05
  2.25959E-04 -4.02526E-04 -2.38101E-04  7.00957E-05 -1.25704E-04  1.61784E-04
  6.06695E-05  1.86301E-05  9.48941E-05 -3.28190E-05 -1.02089E-04  2.42445E-04
