AutoSaveFileName0322.ASC
 IFORMY    0    .00
 (6E13.7)
 IFORMT    0    .00
 (6E13.7)
 IFORMW    0    .00
 (6E13.7)
 NINTT     0   -1.00
 DOUSNQ    0    1.00
 IQUAD          1.00
 PRWT      0    1.00
 PRY       0    1.00
 IPLRES    1    3.00
 IPLRES    2    3.00
 IPRINT    1    0.00
 IPRINT    2    2.00
 IPLFIT    1    0.00
 IPLFIT    2    0.00
 LINEPG    0   50.
 NONNEG    1    1.00
 IWT       0    5.00
 NQPROG    1    5.00
 NQPROG    2    5.00
 GMNMX     1    8.947E-06
 GMNMX     2    8.947E-03
 RUSER    10    -1.00
 NG        0    200.00
 NLINF     0    0.00
 IUSER    10    4.00
 RUSER    21    1.0
 RUSER    22   -1.0
 RUSER    23    0.0
 RUSER    18         292.21700
 RUSER    17         121.99900
 RUSER    19         1.02498
 RUSER    15         1.33200
 RUSER    16         632.80000
 RUSER    25         1
 RUSER    26         0
 END       0    0.00
 NY      131
  3.75000E-07  5.00000E-07  6.25000E-07  7.50000E-07  8.75000E-07  1.00000E-06
  1.12500E-06  1.25000E-06  1.37500E-06  1.50000E-06  1.62500E-06  1.75000E-06
  1.87500E-06  2.00000E-06  2.25000E-06  2.50000E-06  2.75000E-06  3.00000E-06
  3.25000E-06  3.50000E-06  3.75000E-06  4.00000E-06  4.50000E-06  5.00000E-06
  5.50000E-06  6.00000E-06  6.50000E-06  7.00000E-06  7.50000E-06  8.00000E-06
  9.00000E-06  1.00000E-05  1.10000E-05  1.20000E-05  1.30000E-05  1.40000E-05
  1.50000E-05  1.60000E-05  1.80000E-05  2.00000E-05  2.20000E-05  2.40000E-05
  2.60000E-05  2.80000E-05  3.00000E-05  3.20000E-05  3.60000E-05  4.00000E-05
  4.40000E-05  4.80000E-05  5.20000E-05  5.60000E-05  6.00000E-05  6.40000E-05
  7.20000E-05  8.00000E-05  8.80000E-05  9.60000E-05  1.04000E-04  1.12000E-04
  1.20000E-04  1.28000E-04  1.44000E-04  1.60000E-04  1.76000E-04  1.92000E-04
  2.08000E-04  2.24000E-04  2.40000E-04  2.56000E-04  2.88000E-04  3.20000E-04
  3.52000E-04  3.84000E-04  4.16000E-04  4.48000E-04  4.80000E-04  5.12000E-04
  5.76000E-04  6.40000E-04  7.04000E-04  7.68000E-04  8.32000E-04  8.96000E-04
  9.60000E-04  1.02400E-03  1.15200E-03  1.28000E-03  1.40800E-03  1.53600E-03
  1.66400E-03  1.79200E-03  1.92000E-03  2.01600E-03  2.27200E-03  2.52800E-03
  2.78400E-03  3.04000E-03  3.29600E-03  3.55200E-03  3.80800E-03  4.06400E-03
  4.57600E-03  5.08800E-03  5.60000E-03  6.11200E-03  6.62400E-03  7.13600E-03
  7.64800E-03  8.16000E-03  9.18400E-03  1.02080E-02  1.12320E-02  1.22560E-02
  1.32800E-02  1.43040E-02  1.53280E-02  1.63520E-02  1.84000E-02  2.04480E-02
  2.24960E-02  2.45440E-02  2.65920E-02  2.86400E-02  3.06880E-02  3.27360E-02
  3.68320E-02  4.09280E-02  4.50240E-02  4.91200E-02  5.32160E-02
  1.64607E+00  1.64076E+00  1.63457E+00  1.63869E+00  1.63622E+00  1.63350E+00
  1.63926E+00  1.62985E+00  1.63141E+00  1.62499E+00  1.63115E+00  1.63130E+00
  1.63504E+00  1.63460E+00  1.62954E+00  1.63065E+00  1.63099E+00  1.63061E+00
  1.63008E+00  1.62775E+00  1.62742E+00  1.62782E+00  1.62460E+00  1.62715E+00
  1.62539E+00  1.62314E+00  1.62100E+00  1.62470E+00  1.62109E+00  1.62106E+00
  1.62061E+00  1.61896E+00  1.61778E+00  1.61569E+00  1.61524E+00  1.61406E+00
  1.61280E+00  1.61121E+00  1.60800E+00  1.60784E+00  1.60428E+00  1.60038E+00
  1.59823E+00  1.59522E+00  1.59393E+00  1.59083E+00  1.58532E+00  1.58049E+00
  1.57464E+00  1.57069E+00  1.56538E+00  1.56032E+00  1.55492E+00  1.54918E+00
  1.53947E+00  1.52961E+00  1.51948E+00  1.50972E+00  1.49920E+00  1.48974E+00
  1.47962E+00  1.46983E+00  1.45067E+00  1.43133E+00  1.41315E+00  1.39440E+00
  1.37643E+00  1.35867E+00  1.34069E+00  1.32335E+00  1.28941E+00  1.25569E+00
  1.22358E+00  1.19208E+00  1.16120E+00  1.13126E+00  1.10187E+00  1.07387E+00
  1.01945E+00  9.67286E-01  9.18087E-01  8.70886E-01  8.26555E-01  7.84351E-01
  7.44414E-01  7.06881E-01  6.35805E-01  5.71550E-01  5.13814E-01  4.61751E-01
  4.14997E-01  3.72648E-01  3.34681E-01  3.09721E-01  2.51873E-01  2.04831E-01
  1.67385E-01  1.37727E-01  1.14372E-01  9.76043E-02  8.33968E-02  7.11253E-02
  5.52051E-02  4.60294E-02  4.04391E-02  3.57152E-02  3.21497E-02  2.50719E-02
  1.64698E-02  1.08507E-02  1.04163E-03 -4.49714E-03 -2.19896E-03  1.53143E-03
  7.77246E-03  1.42528E-02  6.58802E-03  3.61177E-04  5.65100E-03  1.86172E-02
  1.10613E-02  7.09072E-03  2.13428E-02  1.72786E-02  9.76952E-03 -2.33485E-03
 -7.09486E-03 -1.24088E-03  6.99875E-03  9.48450E-03  9.06463E-03
