AutoSaveFileName0106.ASC
 IFORMY    0    .00
 (6E13.7)
 IFORMT    0    .00
 (6E13.7)
 IFORMW    0    .00
 (6E13.7)
 NINTT     0   -1.00
 DOUSNQ    0    1.00
 IQUAD          1.00
 PRWT      0    1.00
 PRY       0    1.00
 IPLRES    1    3.00
 IPLRES    2    3.00
 IPRINT    1    0.00
 IPRINT    2    2.00
 IPLFIT    1    0.00
 IPLFIT    2    0.00
 LINEPG    0   50.
 NONNEG    1    1.00
 IWT       0    5.00
 NQPROG    1    5.00
 NQPROG    2    5.00
 GMNMX     1    2.372E-05
 GMNMX     2    2.372E-02
 RUSER    10    -1.00
 NG        0    200.00
 NLINF     0    0.00
 IUSER    10    4.00
 RUSER    21    1.0
 RUSER    22   -1.0
 RUSER    23    0.0
 RUSER    18         292.19785
 RUSER    17         64.99800
 RUSER    19         1.02547
 RUSER    15         1.33200
 RUSER    16         632.80000
 RUSER    25         1
 RUSER    26         0
 END       0    0.00
 NY      188
  5.00000E-07  6.25000E-07  7.50000E-07  8.75000E-07  1.00000E-06  1.12500E-06
  1.25000E-06  1.37500E-06  1.50000E-06  1.62500E-06  1.75000E-06  1.87500E-06
  2.00000E-06  2.25000E-06  2.50000E-06  2.75000E-06  3.00000E-06  3.25000E-06
  3.50000E-06  3.75000E-06  4.00000E-06  4.50000E-06  5.00000E-06  5.50000E-06
  6.00000E-06  6.50000E-06  7.00000E-06  7.50000E-06  8.00000E-06  9.00000E-06
  1.00000E-05  1.10000E-05  1.20000E-05  1.30000E-05  1.40000E-05  1.50000E-05
  1.60000E-05  1.80000E-05  2.00000E-05  2.20000E-05  2.40000E-05  2.60000E-05
  2.80000E-05  3.00000E-05  3.20000E-05  3.60000E-05  4.00000E-05  4.40000E-05
  4.80000E-05  5.20000E-05  5.60000E-05  6.00000E-05  6.40000E-05  7.20000E-05
  8.00000E-05  8.80000E-05  9.60000E-05  1.04000E-04  1.12000E-04  1.20000E-04
  1.28000E-04  1.44000E-04  1.60000E-04  1.76000E-04  1.92000E-04  2.08000E-04
  2.24000E-04  2.40000E-04  2.56000E-04  2.88000E-04  3.20000E-04  3.52000E-04
  3.84000E-04  4.16000E-04  4.48000E-04  4.80000E-04  5.12000E-04  5.76000E-04
  6.40000E-04  7.04000E-04  7.68000E-04  8.32000E-04  8.96000E-04  9.60000E-04
  1.02400E-03  1.15200E-03  1.28000E-03  1.40800E-03  1.53600E-03  1.66400E-03
  1.79200E-03  1.92000E-03  2.01600E-03  2.27200E-03  2.52800E-03  2.78400E-03
  3.04000E-03  3.29600E-03  3.55200E-03  3.80800E-03  4.06400E-03  4.57600E-03
  5.08800E-03  5.60000E-03  6.11200E-03  6.62400E-03  7.13600E-03  7.64800E-03
  8.16000E-03  9.18400E-03  1.02080E-02  1.12320E-02  1.22560E-02  1.32800E-02
  1.43040E-02  1.53280E-02  1.63520E-02  1.84000E-02  2.04480E-02  2.24960E-02
  2.45440E-02  2.65920E-02  2.86400E-02  3.06880E-02  3.27360E-02  3.68320E-02
  4.09280E-02  4.50240E-02  4.91200E-02  5.32160E-02  5.73120E-02  6.14080E-02
  6.55040E-02  7.36960E-02  8.18880E-02  9.00800E-02  9.82720E-02  1.06464E-01
  1.14656E-01  1.22848E-01  1.31040E-01  1.47424E-01  1.63808E-01  1.80192E-01
  1.96576E-01  2.12960E-01  2.29344E-01  2.45728E-01  2.62112E-01  2.94880E-01
  3.27648E-01  3.60416E-01  3.93184E-01  4.25952E-01  4.58720E-01  4.91488E-01
  5.24256E-01  5.89792E-01  6.55328E-01  7.20864E-01  7.86400E-01  8.51936E-01
  9.17472E-01  9.83008E-01  1.04854E+00  1.17962E+00  1.31069E+00  1.44176E+00
  1.57283E+00  1.70390E+00  1.83498E+00  1.96605E+00  2.09712E+00  2.35926E+00
  2.62141E+00  2.88355E+00  3.14570E+00  3.40784E+00  3.66998E+00  3.93213E+00
  4.19427E+00  4.71856E+00  5.24285E+00  5.76714E+00  6.29142E+00  6.81571E+00
  7.34000E+00  7.86429E+00
  9.97291E-01  9.95098E-01  9.94752E-01  9.93313E-01  9.92970E-01  9.91231E-01
  9.91350E-01  9.92986E-01  9.93165E-01  9.91872E-01  9.92346E-01  9.90054E-01
  9.90737E-01  9.92267E-01  9.91816E-01  9.91349E-01  9.91496E-01  9.91514E-01
  9.90973E-01  9.90950E-01  9.91177E-01  9.91877E-01  9.90618E-01  9.90477E-01
  9.92196E-01  9.91037E-01  9.91094E-01  9.91320E-01  9.91394E-01  9.90441E-01
  9.89931E-01  9.90497E-01  9.91040E-01  9.90331E-01  9.89866E-01  9.90010E-01
  9.90122E-01  9.89408E-01  9.89931E-01  9.88999E-01  9.89213E-01  9.88503E-01
  9.88937E-01  9.88407E-01  9.87783E-01  9.87118E-01  9.86699E-01  9.86210E-01
  9.85664E-01  9.85386E-01  9.84614E-01  9.84189E-01  9.83476E-01  9.82524E-01
  9.81527E-01  9.80504E-01  9.79555E-01  9.77965E-01  9.77288E-01  9.76120E-01
  9.75135E-01  9.72817E-01  9.70673E-01  9.68543E-01  9.66487E-01  9.64276E-01
  9.62224E-01  9.60121E-01  9.57888E-01  9.53769E-01  9.49514E-01  9.45341E-01
  9.41175E-01  9.37135E-01  9.33055E-01  9.28895E-01  9.24833E-01  9.16598E-01
  9.08706E-01  9.00821E-01  8.92900E-01  8.85169E-01  8.77412E-01  8.69759E-01
  8.45365E-01  8.30762E-01  8.16430E-01  8.02314E-01  7.88463E-01  7.74695E-01
  7.61381E-01  7.48210E-01  7.52686E-01  7.27228E-01  7.02789E-01  6.79395E-01
  6.56604E-01  6.34641E-01  6.13657E-01  5.93343E-01  5.73854E-01  5.36236E-01
  5.01181E-01  4.68729E-01  4.38356E-01  4.10174E-01  3.83917E-01  3.59438E-01
  3.36667E-01  2.94452E-01  2.57406E-01  2.25771E-01  1.98558E-01  1.74716E-01
  1.53677E-01  1.34848E-01  1.18437E-01  8.92689E-02  6.47076E-02  4.69896E-02
  3.50099E-02  2.48533E-02  1.89789E-02  1.48430E-02  1.26111E-02  1.16204E-02
  1.10585E-02  8.96965E-03  4.48724E-03 -1.51083E-03 -4.79682E-03 -6.38533E-03
 -6.91271E-03 -4.84849E-03 -1.45928E-03 -2.15166E-04 -3.40822E-03 -8.80442E-04
  5.21676E-03  7.13602E-03  5.83542E-03  6.76836E-03  3.35199E-03  1.95501E-03
 -1.50965E-04 -3.44092E-03 -3.59267E-03 -9.94373E-03  8.16792E-04  4.52975E-03
 -4.37332E-03  5.59646E-05  7.29957E-04 -4.98476E-03  1.32460E-03  1.06639E-03
  1.86514E-03 -3.00294E-03 -6.12685E-03  3.85427E-03  1.57808E-03 -1.18145E-03
 -1.37206E-03 -3.29860E-04  5.04768E-03 -4.52510E-04 -1.85415E-03  6.21320E-04
 -3.48355E-03  5.46534E-04 -1.66285E-03  5.57222E-03  2.93839E-03 -4.13343E-03
 -2.58472E-03 -6.44404E-03 -4.24040E-03  2.16288E-03 -4.15489E-03 -8.37964E-04
 -4.74278E-03 -1.34753E-03  1.31278E-03 -5.08311E-04 -1.92252E-03  4.02899E-04
  9.33530E-04  2.68236E-03
