AutoSaveFileName0337.ASC
 IFORMY    0    .00
 (6E13.7)
 IFORMT    0    .00
 (6E13.7)
 IFORMW    0    .00
 (6E13.7)
 NINTT     0   -1.00
 DOUSNQ    0    1.00
 IQUAD          1.00
 PRWT      0    1.00
 PRY       0    1.00
 IPLRES    1    3.00
 IPLRES    2    3.00
 IPRINT    1    0.00
 IPRINT    2    2.00
 IPLFIT    1    0.00
 IPLFIT    2    0.00
 LINEPG    0   50.
 NONNEG    1    1.00
 IWT       0    5.00
 NQPROG    1    5.00
 NQPROG    2    5.00
 GMNMX     1    8.539E-06
 GMNMX     2    8.539E-03
 RUSER    10    -1.00
 NG        0    200.00
 NLINF     0    0.00
 IUSER    10    4.00
 RUSER    21    1.0
 RUSER    22   -1.0
 RUSER    23    0.0
 RUSER    18         292.24476
 RUSER    17         126.99900
 RUSER    19         1.02428
 RUSER    15         1.33200
 RUSER    16         632.80000
 RUSER    25         1
 RUSER    26         0
 END       0    0.00
 NY      131
  3.75000E-07  5.00000E-07  6.25000E-07  7.50000E-07  8.75000E-07  1.00000E-06
  1.12500E-06  1.25000E-06  1.37500E-06  1.50000E-06  1.62500E-06  1.75000E-06
  1.87500E-06  2.00000E-06  2.25000E-06  2.50000E-06  2.75000E-06  3.00000E-06
  3.25000E-06  3.50000E-06  3.75000E-06  4.00000E-06  4.50000E-06  5.00000E-06
  5.50000E-06  6.00000E-06  6.50000E-06  7.00000E-06  7.50000E-06  8.00000E-06
  9.00000E-06  1.00000E-05  1.10000E-05  1.20000E-05  1.30000E-05  1.40000E-05
  1.50000E-05  1.60000E-05  1.80000E-05  2.00000E-05  2.20000E-05  2.40000E-05
  2.60000E-05  2.80000E-05  3.00000E-05  3.20000E-05  3.60000E-05  4.00000E-05
  4.40000E-05  4.80000E-05  5.20000E-05  5.60000E-05  6.00000E-05  6.40000E-05
  7.20000E-05  8.00000E-05  8.80000E-05  9.60000E-05  1.04000E-04  1.12000E-04
  1.20000E-04  1.28000E-04  1.44000E-04  1.60000E-04  1.76000E-04  1.92000E-04
  2.08000E-04  2.24000E-04  2.40000E-04  2.56000E-04  2.88000E-04  3.20000E-04
  3.52000E-04  3.84000E-04  4.16000E-04  4.48000E-04  4.80000E-04  5.12000E-04
  5.76000E-04  6.40000E-04  7.04000E-04  7.68000E-04  8.32000E-04  8.96000E-04
  9.60000E-04  1.02400E-03  1.15200E-03  1.28000E-03  1.40800E-03  1.53600E-03
  1.66400E-03  1.79200E-03  1.92000E-03  2.01600E-03  2.27200E-03  2.52800E-03
  2.78400E-03  3.04000E-03  3.29600E-03  3.55200E-03  3.80800E-03  4.06400E-03
  4.57600E-03  5.08800E-03  5.60000E-03  6.11200E-03  6.62400E-03  7.13600E-03
  7.64800E-03  8.16000E-03  9.18400E-03  1.02080E-02  1.12320E-02  1.22560E-02
  1.32800E-02  1.43040E-02  1.53280E-02  1.63520E-02  1.84000E-02  2.04480E-02
  2.24960E-02  2.45440E-02  2.65920E-02  2.86400E-02  3.06880E-02  3.27360E-02
  3.68320E-02  4.09280E-02  4.50240E-02  4.91200E-02  5.32160E-02
  1.63844E+00  1.63418E+00  1.62987E+00  1.63123E+00  1.62465E+00  1.62815E+00
  1.63304E+00  1.62618E+00  1.62847E+00  1.62843E+00  1.62498E+00  1.62609E+00
  1.62065E+00  1.62417E+00  1.62842E+00  1.62732E+00  1.62052E+00  1.62154E+00
  1.62068E+00  1.62605E+00  1.62077E+00  1.62383E+00  1.62217E+00  1.62252E+00
  1.62320E+00  1.62044E+00  1.61741E+00  1.61941E+00  1.61962E+00  1.61710E+00
  1.61642E+00  1.61542E+00  1.61468E+00  1.61113E+00  1.60921E+00  1.61131E+00
  1.60859E+00  1.60719E+00  1.60387E+00  1.60166E+00  1.59685E+00  1.59623E+00
  1.59301E+00  1.59059E+00  1.58921E+00  1.58492E+00  1.58035E+00  1.57442E+00
  1.56883E+00  1.56423E+00  1.55954E+00  1.55212E+00  1.54662E+00  1.54201E+00
  1.53202E+00  1.52097E+00  1.51207E+00  1.50088E+00  1.49006E+00  1.48048E+00
  1.47006E+00  1.46040E+00  1.44009E+00  1.42025E+00  1.40091E+00  1.38181E+00
  1.36238E+00  1.34432E+00  1.32565E+00  1.30835E+00  1.27330E+00  1.23868E+00
  1.20559E+00  1.17291E+00  1.14077E+00  1.10955E+00  1.07976E+00  1.05096E+00
  9.95674E-01  9.44296E-01  8.94681E-01  8.48692E-01  8.04896E-01  7.62281E-01
  7.22598E-01  6.85522E-01  6.15735E-01  5.53423E-01  4.98821E-01  4.50877E-01
  4.08225E-01  3.70108E-01  3.35729E-01  3.11251E-01  2.57146E-01  2.12991E-01
  1.73754E-01  1.40121E-01  1.13550E-01  9.05198E-02  7.32393E-02  6.01991E-02
  3.93916E-02  2.47946E-02  1.24523E-02  5.17023E-03  2.50857E-03  3.72190E-03
  6.72364E-03  1.94468E-03 -4.33857E-04  3.15860E-03  6.95600E-03  4.49673E-03
 -2.19487E-03  1.95036E-03  8.28843E-03  1.43584E-03 -2.21990E-04  1.15552E-02
  2.03091E-04 -7.98769E-03 -4.75245E-03 -6.61972E-03  4.44138E-03 -1.32634E-03
 -2.83454E-03 -5.15674E-03 -6.60333E-03  4.64358E-03  8.21711E-03
