AutoSaveFileName0196.ASC
 IFORMY    0    .00
 (6E13.7)
 IFORMT    0    .00
 (6E13.7)
 IFORMW    0    .00
 (6E13.7)
 NINTT     0   -1.00
 DOUSNQ    0    1.00
 IQUAD          1.00
 PRWT      0    1.00
 PRY       0    1.00
 IPLRES    1    3.00
 IPLRES    2    3.00
 IPRINT    1    0.00
 IPRINT    2    2.00
 IPLFIT    1    0.00
 IPLFIT    2    0.00
 LINEPG    0   50.
 NONNEG    1    1.00
 IWT       0    5.00
 NQPROG    1    5.00
 NQPROG    2    5.00
 GMNMX     1    1.020E-05
 GMNMX     2    1.020E-02
 RUSER    10    -1.00
 NG        0    200.00
 NLINF     0    0.00
 IUSER    10    4.00
 RUSER    21    1.0
 RUSER    22   -1.0
 RUSER    23    0.0
 RUSER    18         292.23242
 RUSER    17         109.99900
 RUSER    19         1.02459
 RUSER    15         1.33200
 RUSER    16         632.80000
 RUSER    25         1
 RUSER    26         0
 END       0    0.00
 NY      188
  5.00000E-07  6.25000E-07  7.50000E-07  8.75000E-07  1.00000E-06  1.12500E-06
  1.25000E-06  1.37500E-06  1.50000E-06  1.62500E-06  1.75000E-06  1.87500E-06
  2.00000E-06  2.25000E-06  2.50000E-06  2.75000E-06  3.00000E-06  3.25000E-06
  3.50000E-06  3.75000E-06  4.00000E-06  4.50000E-06  5.00000E-06  5.50000E-06
  6.00000E-06  6.50000E-06  7.00000E-06  7.50000E-06  8.00000E-06  9.00000E-06
  1.00000E-05  1.10000E-05  1.20000E-05  1.30000E-05  1.40000E-05  1.50000E-05
  1.60000E-05  1.80000E-05  2.00000E-05  2.20000E-05  2.40000E-05  2.60000E-05
  2.80000E-05  3.00000E-05  3.20000E-05  3.60000E-05  4.00000E-05  4.40000E-05
  4.80000E-05  5.20000E-05  5.60000E-05  6.00000E-05  6.40000E-05  7.20000E-05
  8.00000E-05  8.80000E-05  9.60000E-05  1.04000E-04  1.12000E-04  1.20000E-04
  1.28000E-04  1.44000E-04  1.60000E-04  1.76000E-04  1.92000E-04  2.08000E-04
  2.24000E-04  2.40000E-04  2.56000E-04  2.88000E-04  3.20000E-04  3.52000E-04
  3.84000E-04  4.16000E-04  4.48000E-04  4.80000E-04  5.12000E-04  5.76000E-04
  6.40000E-04  7.04000E-04  7.68000E-04  8.32000E-04  8.96000E-04  9.60000E-04
  1.02400E-03  1.15200E-03  1.28000E-03  1.40800E-03  1.53600E-03  1.66400E-03
  1.79200E-03  1.92000E-03  2.01600E-03  2.27200E-03  2.52800E-03  2.78400E-03
  3.04000E-03  3.29600E-03  3.55200E-03  3.80800E-03  4.06400E-03  4.57600E-03
  5.08800E-03  5.60000E-03  6.11200E-03  6.62400E-03  7.13600E-03  7.64800E-03
  8.16000E-03  9.18400E-03  1.02080E-02  1.12320E-02  1.22560E-02  1.32800E-02
  1.43040E-02  1.53280E-02  1.63520E-02  1.84000E-02  2.04480E-02  2.24960E-02
  2.45440E-02  2.65920E-02  2.86400E-02  3.06880E-02  3.27360E-02  3.68320E-02
  4.09280E-02  4.50240E-02  4.91200E-02  5.32160E-02  5.73120E-02  6.14080E-02
  6.55040E-02  7.36960E-02  8.18880E-02  9.00800E-02  9.82720E-02  1.06464E-01
  1.14656E-01  1.22848E-01  1.31040E-01  1.47424E-01  1.63808E-01  1.80192E-01
  1.96576E-01  2.12960E-01  2.29344E-01  2.45728E-01  2.62112E-01  2.94880E-01
  3.27648E-01  3.60416E-01  3.93184E-01  4.25952E-01  4.58720E-01  4.91488E-01
  5.24256E-01  5.89792E-01  6.55328E-01  7.20864E-01  7.86400E-01  8.51936E-01
  9.17472E-01  9.83008E-01  1.04854E+00  1.17962E+00  1.31069E+00  1.44176E+00
  1.57283E+00  1.70390E+00  1.83498E+00  1.96605E+00  2.09712E+00  2.35926E+00
  2.62141E+00  2.88355E+00  3.14570E+00  3.40784E+00  3.66998E+00  3.93213E+00
  4.19427E+00  4.71856E+00  5.24285E+00  5.76714E+00  6.29142E+00  6.81571E+00
  7.34000E+00  7.86429E+00
  9.91849E-01  9.89551E-01  9.89116E-01  9.93033E-01  9.90775E-01  9.90414E-01
  9.89112E-01  9.88109E-01  9.86337E-01  9.86264E-01  9.87781E-01  9.87781E-01
  9.86816E-01  9.88190E-01  9.84804E-01  9.87319E-01  9.87957E-01  9.87770E-01
  9.85353E-01  9.84608E-01  9.86007E-01  9.86144E-01  9.85734E-01  9.86603E-01
  9.86675E-01  9.85040E-01  9.84991E-01  9.85145E-01  9.84656E-01  9.85081E-01
  9.85048E-01  9.84102E-01  9.84797E-01  9.82810E-01  9.83349E-01  9.81750E-01
  9.82316E-01  9.82279E-01  9.80683E-01  9.80036E-01  9.78852E-01  9.78174E-01
  9.78050E-01  9.77366E-01  9.76918E-01  9.75237E-01  9.73280E-01  9.72430E-01
  9.70705E-01  9.69478E-01  9.67989E-01  9.66473E-01  9.65117E-01  9.62378E-01
  9.59398E-01  9.56504E-01  9.53823E-01  9.50789E-01  9.48281E-01  9.45440E-01
  9.42535E-01  9.36915E-01  9.31202E-01  9.25454E-01  9.20102E-01  9.14452E-01
  9.08754E-01  9.03418E-01  8.97868E-01  8.86852E-01  8.76277E-01  8.65669E-01
  8.55265E-01  8.44985E-01  8.34897E-01  8.24806E-01  8.14631E-01  7.95187E-01
  7.75942E-01  7.57288E-01  7.39033E-01  7.21253E-01  7.03961E-01  6.86675E-01
  6.45239E-01  6.14311E-01  5.84579E-01  5.56451E-01  5.29742E-01  5.04316E-01
  4.80127E-01  4.57219E-01  4.58642E-01  4.16328E-01  3.78126E-01  3.43442E-01
  3.12366E-01  2.84221E-01  2.58657E-01  2.35820E-01  2.15853E-01  1.80782E-01
  1.52524E-01  1.28671E-01  1.08777E-01  9.22651E-02  7.91261E-02  6.81111E-02
  5.89837E-02  4.39140E-02  3.20589E-02  2.35122E-02  1.81532E-02  1.46029E-02
  1.36592E-02  1.15966E-02  8.97953E-03  5.96131E-03  3.15861E-03  2.44997E-03
  7.55353E-04  1.86043E-03  3.07573E-03  2.35298E-03 -7.00084E-04 -4.18689E-03
 -6.12983E-03 -3.28034E-03 -3.69269E-05  1.21178E-03  1.11529E-03  2.78817E-03
 -4.01396E-03 -8.83953E-03 -1.01609E-02 -6.71636E-03 -3.68627E-03 -5.86379E-04
 -7.00998E-03 -4.42780E-03 -3.26510E-03 -7.68109E-03  2.14227E-03  3.57121E-03
 -1.88573E-03 -3.54491E-04 -1.28143E-03 -1.58158E-03 -3.31672E-04  6.92821E-04
  3.61762E-04  6.24211E-04  1.30125E-04 -9.11419E-04 -6.24599E-03 -1.47872E-04
 -3.21478E-04  1.60608E-03 -2.64131E-03  1.17167E-03 -3.37306E-03 -1.40164E-03
  2.92662E-03 -3.70580E-03 -6.47977E-05 -5.45137E-04 -1.35759E-03 -9.59174E-05
 -3.43096E-04  3.55507E-04 -2.88019E-03  2.04672E-03  1.05608E-03 -1.02579E-03
  5.05401E-04  1.56792E-03 -1.40057E-04 -1.01950E-03 -1.12943E-03 -8.00516E-04
  9.90484E-04 -1.16326E-03 -4.71919E-04  2.19840E-04  1.38543E-03 -5.74917E-04
 -3.98645E-04 -6.08657E-04
