AutoSaveFileName0205.ASC
 IFORMY    0    .00
 (6E13.7)
 IFORMT    0    .00
 (6E13.7)
 IFORMW    0    .00
 (6E13.7)
 NINTT     0   -1.00
 DOUSNQ    0    1.00
 IQUAD          1.00
 PRWT      0    1.00
 PRY       0    1.00
 IPLRES    1    3.00
 IPLRES    2    3.00
 IPRINT    1    0.00
 IPRINT    2    2.00
 IPLFIT    1    0.00
 IPLFIT    2    0.00
 LINEPG    0   50.
 NONNEG    1    1.00
 IWT       0    5.00
 NQPROG    1    5.00
 NQPROG    2    5.00
 GMNMX     1    1.567E-05
 GMNMX     2    1.567E-02
 RUSER    10    -1.00
 NG        0    200.00
 NLINF     0    0.00
 IUSER    10    4.00
 RUSER    21    1.0
 RUSER    22   -1.0
 RUSER    23    0.0
 RUSER    18         292.03505
 RUSER    17         82.99900
 RUSER    19         1.02960
 RUSER    15         1.33200
 RUSER    16         632.80000
 RUSER    25         1
 RUSER    26         0
 END       0    0.00
 NY      131
  3.75000E-07  5.00000E-07  6.25000E-07  7.50000E-07  8.75000E-07  1.00000E-06
  1.12500E-06  1.25000E-06  1.37500E-06  1.50000E-06  1.62500E-06  1.75000E-06
  1.87500E-06  2.00000E-06  2.25000E-06  2.50000E-06  2.75000E-06  3.00000E-06
  3.25000E-06  3.50000E-06  3.75000E-06  4.00000E-06  4.50000E-06  5.00000E-06
  5.50000E-06  6.00000E-06  6.50000E-06  7.00000E-06  7.50000E-06  8.00000E-06
  9.00000E-06  1.00000E-05  1.10000E-05  1.20000E-05  1.30000E-05  1.40000E-05
  1.50000E-05  1.60000E-05  1.80000E-05  2.00000E-05  2.20000E-05  2.40000E-05
  2.60000E-05  2.80000E-05  3.00000E-05  3.20000E-05  3.60000E-05  4.00000E-05
  4.40000E-05  4.80000E-05  5.20000E-05  5.60000E-05  6.00000E-05  6.40000E-05
  7.20000E-05  8.00000E-05  8.80000E-05  9.60000E-05  1.04000E-04  1.12000E-04
  1.20000E-04  1.28000E-04  1.44000E-04  1.60000E-04  1.76000E-04  1.92000E-04
  2.08000E-04  2.24000E-04  2.40000E-04  2.56000E-04  2.88000E-04  3.20000E-04
  3.52000E-04  3.84000E-04  4.16000E-04  4.48000E-04  4.80000E-04  5.12000E-04
  5.76000E-04  6.40000E-04  7.04000E-04  7.68000E-04  8.32000E-04  8.96000E-04
  9.60000E-04  1.02400E-03  1.15200E-03  1.28000E-03  1.40800E-03  1.53600E-03
  1.66400E-03  1.79200E-03  1.92000E-03  2.01600E-03  2.27200E-03  2.52800E-03
  2.78400E-03  3.04000E-03  3.29600E-03  3.55200E-03  3.80800E-03  4.06400E-03
  4.57600E-03  5.08800E-03  5.60000E-03  6.11200E-03  6.62400E-03  7.13600E-03
  7.64800E-03  8.16000E-03  9.18400E-03  1.02080E-02  1.12320E-02  1.22560E-02
  1.32800E-02  1.43040E-02  1.53280E-02  1.63520E-02  1.84000E-02  2.04480E-02
  2.24960E-02  2.45440E-02  2.65920E-02  2.86400E-02  3.06880E-02  3.27360E-02
  3.68320E-02  4.09280E-02  4.50240E-02  4.91200E-02  5.32160E-02
  1.52430E+00  1.52894E+00  1.52270E+00  1.52062E+00  1.51864E+00  1.51459E+00
  1.51535E+00  1.51987E+00  1.51423E+00  1.51504E+00  1.52076E+00  1.51848E+00
  1.51444E+00  1.51443E+00  1.51850E+00  1.51841E+00  1.51807E+00  1.51750E+00
  1.51865E+00  1.51292E+00  1.51891E+00  1.51583E+00  1.51825E+00  1.51454E+00
  1.51632E+00  1.51649E+00  1.51485E+00  1.51499E+00  1.51356E+00  1.51376E+00
  1.51115E+00  1.51170E+00  1.51131E+00  1.51084E+00  1.50839E+00  1.50804E+00
  1.50823E+00  1.50813E+00  1.50717E+00  1.50486E+00  1.50251E+00  1.50226E+00
  1.50122E+00  1.50040E+00  1.49867E+00  1.49756E+00  1.49478E+00  1.49162E+00
  1.48912E+00  1.48754E+00  1.48446E+00  1.48219E+00  1.47948E+00  1.47678E+00
  1.47198E+00  1.46636E+00  1.46149E+00  1.45626E+00  1.45158E+00  1.44640E+00
  1.44077E+00  1.43591E+00  1.42613E+00  1.41667E+00  1.40657E+00  1.39670E+00
  1.38671E+00  1.37730E+00  1.36809E+00  1.35868E+00  1.33962E+00  1.32169E+00
  1.30344E+00  1.28548E+00  1.26727E+00  1.25015E+00  1.23242E+00  1.21604E+00
  1.18295E+00  1.15057E+00  1.11916E+00  1.08863E+00  1.05947E+00  1.03058E+00
  1.00306E+00  9.76505E-01  9.24266E-01  8.75171E-01  8.29462E-01  7.86752E-01
  7.46241E-01  7.08250E-01  6.72202E-01  6.47379E-01  5.84318E-01  5.27755E-01
  4.78010E-01  4.34417E-01  3.95598E-01  3.61389E-01  3.30312E-01  3.02580E-01
  2.52000E-01  2.09994E-01  1.74569E-01  1.42618E-01  1.15985E-01  9.47667E-02
  7.92064E-02  6.88550E-02  5.18947E-02  3.68042E-02  2.84492E-02  1.99916E-02
  1.43385E-02  1.73420E-03 -9.11456E-03 -1.09273E-02 -1.20870E-02 -1.48090E-02
 -1.54002E-02 -1.76370E-02 -1.74353E-02 -1.28494E-02  1.15754E-03  7.85040E-03
  6.26358E-03  1.21814E-03  5.64075E-03  1.72192E-02  7.06367E-03
