AutoSaveFileName0279.ASC
 IFORMY    0    .00
 (6E13.7)
 IFORMT    0    .00
 (6E13.7)
 IFORMW    0    .00
 (6E13.7)
 NINTT     0   -1.00
 DOUSNQ    0    1.00
 IQUAD     0    1.00
 PRWT      0    1.00
 PRY       0    1.00
 IPLRES    1    3.00
 IPLRES    2    3.00
 IPRINT    1    0.00
 IPRINT    2    2.00
 IPLFIT    1    0.00
 IPLFIT    2    0.00
 LINEPG    0   50.
 NONNEG    1    1.00
 IWT       0    5.00
 NQPROG    1    5.00
 NQPROG    2    5.00
 GMNMX     1    2.86580E-03
 GMNMX     2    1.02875E-03
 RUSER    10    -1.00
 NG        0    500.00
 NLINF     0    1.00
 IUSER    10    4.00
 RUSER    21    1.0
 RUSER    22   -1.0
 RUSER    23    0.0
 RUSER    18         292.15646
 RUSER    17         149.99900
 RUSER    19         1.02651
 RUSER    15         1.33200
 RUSER    16         632.80000
 RUSER    25         1
 RUSER    26         0
 END       0    0.00
 NY      162
  7.50000E-07  8.75000E-07  1.00000E-06  1.12500E-06  1.25000E-06  1.37500E-06
  1.50000E-06  1.62500E-06  1.75000E-06  1.87500E-06  2.00000E-06  2.25000E-06
  2.50000E-06  2.75000E-06  3.00000E-06  3.25000E-06  3.50000E-06  3.75000E-06
  4.00000E-06  4.50000E-06  5.00000E-06  5.50000E-06  6.00000E-06  6.50000E-06
  7.00000E-06  7.50000E-06  8.00000E-06  9.00000E-06  1.00000E-05  1.10000E-05
  1.20000E-05  1.30000E-05  1.40000E-05  1.50000E-05  1.60000E-05  1.80000E-05
  2.00000E-05  2.20000E-05  2.40000E-05  2.60000E-05  2.80000E-05  3.00000E-05
  3.20000E-05  3.60000E-05  4.00000E-05  4.40000E-05  4.80000E-05  5.20000E-05
  5.60000E-05  6.00000E-05  6.40000E-05  7.20000E-05  8.00000E-05  8.80000E-05
  9.60000E-05  1.04000E-04  1.12000E-04  1.20000E-04  1.28000E-04  1.44000E-04
  1.60000E-04  1.76000E-04  1.92000E-04  2.08000E-04  2.24000E-04  2.40000E-04
  2.56000E-04  2.88000E-04  3.20000E-04  3.52000E-04  3.84000E-04  4.16000E-04
  4.48000E-04  4.80000E-04  5.12000E-04  5.76000E-04  6.40000E-04  7.04000E-04
  7.68000E-04  8.32000E-04  8.96000E-04  9.60000E-04  1.02400E-03  1.15200E-03
  1.28000E-03  1.40800E-03  1.53600E-03  1.66400E-03  1.79200E-03  1.92000E-03
  2.01600E-03  2.27200E-03  2.52800E-03  2.78400E-03  3.04000E-03  3.29600E-03
  3.55200E-03  3.80800E-03  4.06400E-03  4.57600E-03  5.08800E-03  5.60000E-03
  6.11200E-03  6.62400E-03  7.13600E-03  7.64800E-03  8.16000E-03  9.18400E-03
  1.02080E-02  1.12320E-02  1.22560E-02  1.32800E-02  1.43040E-02  1.53280E-02
  1.63520E-02  1.84000E-02  2.04480E-02  2.24960E-02  2.45440E-02  2.65920E-02
  2.86400E-02  3.06880E-02  3.27360E-02  3.68320E-02  4.09280E-02  4.50240E-02
  4.91200E-02  5.32160E-02  5.73120E-02  6.14080E-02  6.55040E-02  7.36960E-02
  8.18880E-02  9.00800E-02  9.82720E-02  1.06464E-01  1.14656E-01  1.22848E-01
  1.31040E-01  1.47424E-01  1.63808E-01  1.80192E-01  1.96576E-01  2.12960E-01
  2.29344E-01  2.45728E-01  2.62112E-01  2.94880E-01  3.27648E-01  3.60416E-01
  3.93184E-01  4.25952E-01  4.58720E-01  4.91488E-01  5.24256E-01  5.89792E-01
  6.55328E-01  7.20864E-01  7.86400E-01  8.51936E-01  9.17472E-01  9.83008E-01
  1.00000E+00  9.99727E-01  9.96909E-01  9.97036E-01  9.95100E-01  9.93671E-01
  9.93062E-01  9.93862E-01  9.90824E-01  9.91249E-01  9.89375E-01  9.87225E-01
  9.85743E-01  9.84069E-01  9.82921E-01  9.81723E-01  9.79957E-01  9.78558E-01
  9.77438E-01  9.74192E-01  9.71364E-01  9.67852E-01  9.65030E-01  9.60760E-01
  9.58301E-01  9.55552E-01  9.52049E-01  9.46389E-01  9.40244E-01  9.34967E-01
  9.28697E-01  9.22610E-01  9.17007E-01  9.11565E-01  9.05461E-01  8.93674E-01
  8.82676E-01  8.71878E-01  8.60416E-01  8.49821E-01  8.39260E-01  8.28292E-01
  8.17898E-01  7.97381E-01  7.77066E-01  7.57848E-01  7.38847E-01  7.20441E-01
  7.02048E-01  6.84819E-01  6.67700E-01  6.34825E-01  6.03343E-01  5.73661E-01
  5.45273E-01  5.18371E-01  4.92797E-01  4.68596E-01  4.45939E-01  4.03005E-01
  3.64461E-01  3.29668E-01  2.98058E-01  2.69937E-01  2.44375E-01  2.21204E-01
  2.01006E-01  1.65283E-01  1.35738E-01  1.11759E-01  9.22940E-02  7.62236E-02
  6.30521E-02  5.23236E-02  4.37539E-02  3.02570E-02  2.10097E-02  1.44801E-02
  1.04513E-02  7.49649E-03  5.28685E-03  3.67254E-03  2.36840E-03  1.05395E-03
  5.43127E-04  5.96501E-04  1.35454E-03  1.27074E-03  7.00354E-04  4.14003E-06
 -7.57584E-05 -6.36536E-04 -4.19663E-04 -2.54755E-04  1.28929E-03  1.04057E-03
  2.77141E-04 -2.98725E-04 -4.83617E-04  4.43708E-04  4.76130E-05 -1.44151E-03
 -5.27622E-04 -2.68818E-04 -7.15433E-04 -1.01582E-03 -2.57692E-04 -2.07220E-04
 -4.33470E-04 -6.16765E-05 -4.08421E-04 -7.96186E-04 -1.50823E-03 -6.70411E-04
 -3.07364E-04  3.77291E-04  1.41474E-04  2.39240E-04 -7.79397E-04  1.26028E-04
 -1.04150E-03  5.35369E-04 -1.16935E-04 -2.78045E-04  1.91459E-04  3.09891E-04
 -3.13722E-04  1.35210E-04 -2.61359E-04  2.95910E-04  9.09554E-05 -1.99380E-04
 -2.78082E-04  3.36242E-04 -5.63155E-05 -3.89278E-04  1.87034E-05 -7.14486E-05
  3.17709E-04  1.39217E-04 -8.30564E-05 -8.56554E-05 -1.10411E-04  7.44998E-06
 -1.23469E-04 -1.88639E-04 -8.82654E-05 -9.68209E-05 -2.12027E-04  6.93306E-05
  5.76459E-05 -1.56079E-04 -2.08036E-04  1.69259E-04  5.07494E-05  2.69034E-05
  4.43189E-05  5.85908E-05  1.77615E-05 -1.42536E-05  4.39538E-05 -1.16224E-04
