AutoSaveFileName0112.ASC
 IFORMY    0    .00
 (6E13.7)
 IFORMT    0    .00
 (6E13.7)
 IFORMW    0    .00
 (6E13.7)
 NINTT     0   -1.00
 DOUSNQ    0    1.00
 IQUAD          1.00
 PRWT      0    1.00
 PRY       0    1.00
 IPLRES    1    3.00
 IPLRES    2    3.00
 IPRINT    1    0.00
 IPRINT    2    2.00
 IPLFIT    1    0.00
 IPLFIT    2    0.00
 LINEPG    0   50.
 NONNEG    1    1.00
 IWT       0    5.00
 NQPROG    1    5.00
 NQPROG    2    5.00
 GMNMX     1    3.593E-05
 GMNMX     2    3.593E-02
 RUSER    10    -1.00
 NG        0    200.00
 NLINF     0    0.00
 IUSER    10    4.00
 RUSER    21    1.0
 RUSER    22   -1.0
 RUSER    23    0.0
 RUSER    18         291.90788
 RUSER    17         51.99900
 RUSER    19         1.03285
 RUSER    15         1.33200
 RUSER    16         632.80000
 RUSER    25         1
 RUSER    26         0
 END       0    0.00
 NY      131
  3.75000E-07  5.00000E-07  6.25000E-07  7.50000E-07  8.75000E-07  1.00000E-06
  1.12500E-06  1.25000E-06  1.37500E-06  1.50000E-06  1.62500E-06  1.75000E-06
  1.87500E-06  2.00000E-06  2.25000E-06  2.50000E-06  2.75000E-06  3.00000E-06
  3.25000E-06  3.50000E-06  3.75000E-06  4.00000E-06  4.50000E-06  5.00000E-06
  5.50000E-06  6.00000E-06  6.50000E-06  7.00000E-06  7.50000E-06  8.00000E-06
  9.00000E-06  1.00000E-05  1.10000E-05  1.20000E-05  1.30000E-05  1.40000E-05
  1.50000E-05  1.60000E-05  1.80000E-05  2.00000E-05  2.20000E-05  2.40000E-05
  2.60000E-05  2.80000E-05  3.00000E-05  3.20000E-05  3.60000E-05  4.00000E-05
  4.40000E-05  4.80000E-05  5.20000E-05  5.60000E-05  6.00000E-05  6.40000E-05
  7.20000E-05  8.00000E-05  8.80000E-05  9.60000E-05  1.04000E-04  1.12000E-04
  1.20000E-04  1.28000E-04  1.44000E-04  1.60000E-04  1.76000E-04  1.92000E-04
  2.08000E-04  2.24000E-04  2.40000E-04  2.56000E-04  2.88000E-04  3.20000E-04
  3.52000E-04  3.84000E-04  4.16000E-04  4.48000E-04  4.80000E-04  5.12000E-04
  5.76000E-04  6.40000E-04  7.04000E-04  7.68000E-04  8.32000E-04  8.96000E-04
  9.60000E-04  1.02400E-03  1.15200E-03  1.28000E-03  1.40800E-03  1.53600E-03
  1.66400E-03  1.79200E-03  1.92000E-03  2.01600E-03  2.27200E-03  2.52800E-03
  2.78400E-03  3.04000E-03  3.29600E-03  3.55200E-03  3.80800E-03  4.06400E-03
  4.57600E-03  5.08800E-03  5.60000E-03  6.11200E-03  6.62400E-03  7.13600E-03
  7.64800E-03  8.16000E-03  9.18400E-03  1.02080E-02  1.12320E-02  1.22560E-02
  1.32800E-02  1.43040E-02  1.53280E-02  1.63520E-02  1.84000E-02  2.04480E-02
  2.24960E-02  2.45440E-02  2.65920E-02  2.86400E-02  3.06880E-02  3.27360E-02
  3.68320E-02  4.09280E-02  4.50240E-02  4.91200E-02  5.32160E-02
  1.56295E+00  1.55773E+00  1.55901E+00  1.55790E+00  1.55461E+00  1.55605E+00
  1.55607E+00  1.55352E+00  1.55785E+00  1.55735E+00  1.55433E+00  1.55390E+00
  1.55379E+00  1.55425E+00  1.55476E+00  1.55409E+00  1.55394E+00  1.55419E+00
  1.55626E+00  1.55419E+00  1.55206E+00  1.55277E+00  1.55238E+00  1.55340E+00
  1.55299E+00  1.55337E+00  1.55351E+00  1.55386E+00  1.55389E+00  1.55245E+00
  1.55157E+00  1.55216E+00  1.55248E+00  1.55038E+00  1.55181E+00  1.55041E+00
  1.55134E+00  1.55028E+00  1.54933E+00  1.54914E+00  1.54790E+00  1.54746E+00
  1.54718E+00  1.54655E+00  1.54571E+00  1.54544E+00  1.54434E+00  1.54291E+00
  1.54180E+00  1.54115E+00  1.53968E+00  1.53817E+00  1.53693E+00  1.53555E+00
  1.53317E+00  1.53109E+00  1.52850E+00  1.52616E+00  1.52405E+00  1.52167E+00
  1.51921E+00  1.51691E+00  1.51195E+00  1.50729E+00  1.50243E+00  1.49784E+00
  1.49318E+00  1.48847E+00  1.48382E+00  1.47945E+00  1.47016E+00  1.46112E+00
  1.45214E+00  1.44310E+00  1.43392E+00  1.42516E+00  1.41633E+00  1.40685E+00
  1.38911E+00  1.37173E+00  1.35448E+00  1.33767E+00  1.32126E+00  1.30469E+00
  1.28846E+00  1.27275E+00  1.24118E+00  1.21017E+00  1.17993E+00  1.15024E+00
  1.12122E+00  1.09304E+00  1.06522E+00  1.04728E+00  9.95332E-01  9.46177E-01
  8.99433E-01  8.54951E-01  8.12523E-01  7.72538E-01  7.34610E-01  6.99167E-01
  6.31227E-01  5.69892E-01  5.15880E-01  4.67640E-01  4.24296E-01  3.85470E-01
  3.51515E-01  3.21675E-01  2.70052E-01  2.26453E-01  1.90696E-01  1.61694E-01
  1.36919E-01  1.11781E-01  8.75509E-02  6.93059E-02  3.85715E-02  1.59841E-02
  5.62233E-03 -3.09281E-06 -8.67995E-03 -1.19339E-02 -7.73650E-03 -5.94457E-03
 -7.69569E-03 -4.63745E-03  3.30633E-03 -1.06358E-02 -2.18420E-02
