AutoSaveFileName0203.ASC
 IFORMY    0    .00
 (6E13.7)
 IFORMT    0    .00
 (6E13.7)
 IFORMW    0    .00
 (6E13.7)
 NINTT     0   -1.00
 DOUSNQ    0    1.00
 IQUAD          1.00
 PRWT      0    1.00
 PRY       0    1.00
 IPLRES    1    3.00
 IPLRES    2    3.00
 IPRINT    1    0.00
 IPRINT    2    2.00
 IPLFIT    1    0.00
 IPLFIT    2    0.00
 LINEPG    0   50.
 NONNEG    1    1.00
 IWT       0    5.00
 NQPROG    1    5.00
 NQPROG    2    5.00
 GMNMX     1    9.618E-06
 GMNMX     2    9.618E-03
 RUSER    10    -1.00
 NG        0    200.00
 NLINF     0    0.00
 IUSER    10    4.00
 RUSER    21    1.0
 RUSER    22   -1.0
 RUSER    23    0.0
 RUSER    18         292.23440
 RUSER    17         114.99900
 RUSER    19         1.02454
 RUSER    15         1.33200
 RUSER    16         632.80000
 RUSER    25         1
 RUSER    26         0
 END       0    0.00
 NY      188
  5.00000E-07  6.25000E-07  7.50000E-07  8.75000E-07  1.00000E-06  1.12500E-06
  1.25000E-06  1.37500E-06  1.50000E-06  1.62500E-06  1.75000E-06  1.87500E-06
  2.00000E-06  2.25000E-06  2.50000E-06  2.75000E-06  3.00000E-06  3.25000E-06
  3.50000E-06  3.75000E-06  4.00000E-06  4.50000E-06  5.00000E-06  5.50000E-06
  6.00000E-06  6.50000E-06  7.00000E-06  7.50000E-06  8.00000E-06  9.00000E-06
  1.00000E-05  1.10000E-05  1.20000E-05  1.30000E-05  1.40000E-05  1.50000E-05
  1.60000E-05  1.80000E-05  2.00000E-05  2.20000E-05  2.40000E-05  2.60000E-05
  2.80000E-05  3.00000E-05  3.20000E-05  3.60000E-05  4.00000E-05  4.40000E-05
  4.80000E-05  5.20000E-05  5.60000E-05  6.00000E-05  6.40000E-05  7.20000E-05
  8.00000E-05  8.80000E-05  9.60000E-05  1.04000E-04  1.12000E-04  1.20000E-04
  1.28000E-04  1.44000E-04  1.60000E-04  1.76000E-04  1.92000E-04  2.08000E-04
  2.24000E-04  2.40000E-04  2.56000E-04  2.88000E-04  3.20000E-04  3.52000E-04
  3.84000E-04  4.16000E-04  4.48000E-04  4.80000E-04  5.12000E-04  5.76000E-04
  6.40000E-04  7.04000E-04  7.68000E-04  8.32000E-04  8.96000E-04  9.60000E-04
  1.02400E-03  1.15200E-03  1.28000E-03  1.40800E-03  1.53600E-03  1.66400E-03
  1.79200E-03  1.92000E-03  2.01600E-03  2.27200E-03  2.52800E-03  2.78400E-03
  3.04000E-03  3.29600E-03  3.55200E-03  3.80800E-03  4.06400E-03  4.57600E-03
  5.08800E-03  5.60000E-03  6.11200E-03  6.62400E-03  7.13600E-03  7.64800E-03
  8.16000E-03  9.18400E-03  1.02080E-02  1.12320E-02  1.22560E-02  1.32800E-02
  1.43040E-02  1.53280E-02  1.63520E-02  1.84000E-02  2.04480E-02  2.24960E-02
  2.45440E-02  2.65920E-02  2.86400E-02  3.06880E-02  3.27360E-02  3.68320E-02
  4.09280E-02  4.50240E-02  4.91200E-02  5.32160E-02  5.73120E-02  6.14080E-02
  6.55040E-02  7.36960E-02  8.18880E-02  9.00800E-02  9.82720E-02  1.06464E-01
  1.14656E-01  1.22848E-01  1.31040E-01  1.47424E-01  1.63808E-01  1.80192E-01
  1.96576E-01  2.12960E-01  2.29344E-01  2.45728E-01  2.62112E-01  2.94880E-01
  3.27648E-01  3.60416E-01  3.93184E-01  4.25952E-01  4.58720E-01  4.91488E-01
  5.24256E-01  5.89792E-01  6.55328E-01  7.20864E-01  7.86400E-01  8.51936E-01
  9.17472E-01  9.83008E-01  1.04854E+00  1.17962E+00  1.31069E+00  1.44176E+00
  1.57283E+00  1.70390E+00  1.83498E+00  1.96605E+00  2.09712E+00  2.35926E+00
  2.62141E+00  2.88355E+00  3.14570E+00  3.40784E+00  3.66998E+00  3.93213E+00
  4.19427E+00  4.71856E+00  5.24285E+00  5.76714E+00  6.29142E+00  6.81571E+00
  7.34000E+00  7.86429E+00
  9.98441E-01  9.94067E-01  9.92888E-01  9.94523E-01  9.92767E-01  9.91663E-01
  9.92216E-01  9.93045E-01  9.91817E-01  9.92537E-01  9.92102E-01  9.92151E-01
  9.91784E-01  9.91479E-01  9.92721E-01  9.91299E-01  9.92026E-01  9.92272E-01
  9.90146E-01  9.90817E-01  9.91482E-01  9.91060E-01  9.90971E-01  9.91178E-01
  9.91145E-01  9.90165E-01  9.89995E-01  9.90061E-01  9.89494E-01  9.89101E-01
  9.89340E-01  9.89009E-01  9.87915E-01  9.88066E-01  9.87561E-01  9.86955E-01
  9.86772E-01  9.85520E-01  9.85559E-01  9.84455E-01  9.84069E-01  9.83365E-01
  9.82162E-01  9.81471E-01  9.80668E-01  9.79279E-01  9.77582E-01  9.76023E-01
  9.74804E-01  9.73301E-01  9.71705E-01  9.70267E-01  9.68639E-01  9.65612E-01
  9.62451E-01  9.59466E-01  9.56298E-01  9.53245E-01  9.50293E-01  9.47342E-01
  9.44115E-01  9.38182E-01  9.32279E-01  9.26434E-01  9.20334E-01  9.14611E-01
  9.08767E-01  9.02913E-01  8.97068E-01  8.85583E-01  8.74117E-01  8.62900E-01
  8.51837E-01  8.40885E-01  8.30127E-01  8.19391E-01  8.08951E-01  7.88364E-01
  7.68269E-01  7.48623E-01  7.29645E-01  7.11093E-01  6.92987E-01  6.75451E-01
  6.58547E-01  6.25538E-01  5.94278E-01  5.64709E-01  5.36686E-01  5.10082E-01
  4.84945E-01  4.60978E-01  4.43884E-01  4.01355E-01  3.63124E-01  3.28847E-01
  2.98602E-01  2.71109E-01  2.46166E-01  2.23363E-01  2.03248E-01  1.67306E-01
  1.37839E-01  1.13586E-01  9.34883E-02  7.77586E-02  6.46029E-02  5.38164E-02
  4.58485E-02  3.22448E-02  2.18027E-02  1.53131E-02  1.03474E-02  7.35781E-03
  5.76965E-03  5.61069E-03  4.92162E-03  4.01191E-03  7.50468E-04 -2.81612E-03
 -5.52889E-03 -3.78833E-03 -4.73974E-03 -3.81018E-03 -4.87949E-03 -2.23205E-03
 -5.42704E-03 -3.13500E-03 -8.88583E-04 -4.48641E-03 -2.33472E-03 -3.33103E-03
 -3.52025E-03  2.89092E-03  3.95920E-03 -6.72967E-04 -2.47374E-03 -6.43713E-04
  5.51369E-05 -7.44702E-03  5.94036E-04  4.34344E-04 -2.04699E-03 -1.29461E-03
  1.33708E-03  2.16979E-03  6.42727E-03  8.02985E-03  4.95071E-04  3.40566E-04
  2.93742E-03 -2.51025E-03  1.13797E-03  1.03179E-03  1.61110E-03  4.74508E-03
  3.08837E-03 -3.24087E-03  7.86720E-04 -2.05052E-03  1.28665E-03 -1.81679E-03
  2.71735E-03  2.66573E-03 -2.41608E-04 -2.49777E-03 -1.25545E-03 -6.86674E-04
 -2.90943E-03  3.45149E-03  2.41924E-03  2.07691E-03 -1.26325E-03 -1.70656E-03
 -1.69592E-03 -2.70195E-03 -7.75988E-04 -5.80945E-04  3.43802E-03 -2.18011E-04
 -2.20919E-03 -2.53015E-04 -1.38449E-03  1.53487E-03 -1.77427E-03  3.69057E-05
  2.11338E-03  4.37637E-04
