AutoSaveFileName0226.ASC
 IFORMY    0    .00
 (6E13.7)
 IFORMT    0    .00
 (6E13.7)
 IFORMW    0    .00
 (6E13.7)
 NINTT     0   -1.00
 DOUSNQ    0    1.00
 IQUAD     0    1.00
 PRWT      0    1.00
 PRY       0    1.00
 IPLRES    1    3.00
 IPLRES    2    3.00
 IPRINT    1    0.00
 IPRINT    2    2.00
 IPLFIT    1    0.00
 IPLFIT    2    0.00
 LINEPG    0   50.
 NONNEG    1    1.00
 IWT       0    5.00
 NQPROG    1    5.00
 NQPROG    2    5.00
 GMNMX     1    3.40362E-03
 GMNMX     2    1.22181E-03
 RUSER    10    -1.00
 NG        0    500.00
 NLINF     0    1.00
 IUSER    10    4.00
 RUSER    21    1.0
 RUSER    22   -1.0
 RUSER    23    0.0
 RUSER    18         292.10235
 RUSER    17         124.99900
 RUSER    19         1.02789
 RUSER    15         1.33200
 RUSER    16         632.80000
 RUSER    25         1
 RUSER    26         0
 END       0    0.00
 NY      162
  7.50000E-07  8.75000E-07  1.00000E-06  1.12500E-06  1.25000E-06  1.37500E-06
  1.50000E-06  1.62500E-06  1.75000E-06  1.87500E-06  2.00000E-06  2.25000E-06
  2.50000E-06  2.75000E-06  3.00000E-06  3.25000E-06  3.50000E-06  3.75000E-06
  4.00000E-06  4.50000E-06  5.00000E-06  5.50000E-06  6.00000E-06  6.50000E-06
  7.00000E-06  7.50000E-06  8.00000E-06  9.00000E-06  1.00000E-05  1.10000E-05
  1.20000E-05  1.30000E-05  1.40000E-05  1.50000E-05  1.60000E-05  1.80000E-05
  2.00000E-05  2.20000E-05  2.40000E-05  2.60000E-05  2.80000E-05  3.00000E-05
  3.20000E-05  3.60000E-05  4.00000E-05  4.40000E-05  4.80000E-05  5.20000E-05
  5.60000E-05  6.00000E-05  6.40000E-05  7.20000E-05  8.00000E-05  8.80000E-05
  9.60000E-05  1.04000E-04  1.12000E-04  1.20000E-04  1.28000E-04  1.44000E-04
  1.60000E-04  1.76000E-04  1.92000E-04  2.08000E-04  2.24000E-04  2.40000E-04
  2.56000E-04  2.88000E-04  3.20000E-04  3.52000E-04  3.84000E-04  4.16000E-04
  4.48000E-04  4.80000E-04  5.12000E-04  5.76000E-04  6.40000E-04  7.04000E-04
  7.68000E-04  8.32000E-04  8.96000E-04  9.60000E-04  1.02400E-03  1.15200E-03
  1.28000E-03  1.40800E-03  1.53600E-03  1.66400E-03  1.79200E-03  1.92000E-03
  2.01600E-03  2.27200E-03  2.52800E-03  2.78400E-03  3.04000E-03  3.29600E-03
  3.55200E-03  3.80800E-03  4.06400E-03  4.57600E-03  5.08800E-03  5.60000E-03
  6.11200E-03  6.62400E-03  7.13600E-03  7.64800E-03  8.16000E-03  9.18400E-03
  1.02080E-02  1.12320E-02  1.22560E-02  1.32800E-02  1.43040E-02  1.53280E-02
  1.63520E-02  1.84000E-02  2.04480E-02  2.24960E-02  2.45440E-02  2.65920E-02
  2.86400E-02  3.06880E-02  3.27360E-02  3.68320E-02  4.09280E-02  4.50240E-02
  4.91200E-02  5.32160E-02  5.73120E-02  6.14080E-02  6.55040E-02  7.36960E-02
  8.18880E-02  9.00800E-02  9.82720E-02  1.06464E-01  1.14656E-01  1.22848E-01
  1.31040E-01  1.47424E-01  1.63808E-01  1.80192E-01  1.96576E-01  2.12960E-01
  2.29344E-01  2.45728E-01  2.62112E-01  2.94880E-01  3.27648E-01  3.60416E-01
  3.93184E-01  4.25952E-01  4.58720E-01  4.91488E-01  5.24256E-01  5.89792E-01
  6.55328E-01  7.20864E-01  7.86400E-01  8.51936E-01  9.17472E-01  9.83008E-01
  1.00000E+00  9.96232E-01  9.94975E-01  9.95341E-01  9.95178E-01  9.93219E-01
  9.88433E-01  9.92229E-01  9.91266E-01  9.88549E-01  9.86590E-01  9.87969E-01
  9.84413E-01  9.83680E-01  9.82923E-01  9.82235E-01  9.79327E-01  9.79993E-01
  9.78012E-01  9.75438E-01  9.72279E-01  9.70293E-01  9.67374E-01  9.64378E-01
  9.61508E-01  9.58179E-01  9.56317E-01  9.53166E-01  9.47027E-01  9.42037E-01
  9.37505E-01  9.32572E-01  9.27600E-01  9.21902E-01  9.17748E-01  9.07887E-01
  8.97754E-01  8.89039E-01  8.78810E-01  8.70229E-01  8.61369E-01  8.51634E-01
  8.42700E-01  8.24775E-01  8.07798E-01  7.90583E-01  7.74348E-01  7.58324E-01
  7.41864E-01  7.26480E-01  7.11612E-01  6.81828E-01  6.53591E-01  6.26557E-01
  6.00204E-01  5.75357E-01  5.51499E-01  5.28622E-01  5.07019E-01  4.65746E-01
  4.27870E-01  3.93180E-01  3.61285E-01  3.31663E-01  3.04965E-01  2.80143E-01
  2.57971E-01  2.18115E-01  1.84020E-01  1.55167E-01  1.30951E-01  1.10301E-01
  9.30219E-02  7.83277E-02  6.67498E-02  4.81197E-02  3.51041E-02  2.55039E-02
  1.88981E-02  1.41114E-02  1.07661E-02  8.60394E-03  6.53038E-03  3.63444E-03
  2.26064E-03  2.36547E-03  2.88887E-03  1.98220E-03  8.72472E-05 -6.85634E-04
 -1.08423E-03 -8.61152E-04 -6.01312E-04  2.98639E-04  4.84145E-04  4.52809E-04
  5.34920E-04  3.00592E-04 -4.98525E-04 -2.18315E-04  1.12056E-04  1.75559E-03
 -5.13909E-04 -1.69727E-03 -1.13932E-03 -9.48021E-04 -1.76898E-03 -1.23354E-03
 -2.51957E-04  1.22503E-03  7.28415E-05  1.47884E-04  9.45625E-04  1.44090E-03
  8.54603E-04 -3.58036E-04 -1.28878E-04  3.52013E-04 -2.37774E-04 -1.71652E-04
 -5.54556E-04 -7.51530E-04  2.75539E-05  3.93993E-04 -8.05032E-04 -3.02221E-05
 -1.07062E-04  1.87098E-04 -1.41360E-04 -3.74709E-04  3.62741E-04 -1.71385E-04
  1.78207E-04 -4.05031E-06  2.33704E-04  1.30832E-04 -3.47257E-05 -7.52636E-04
  1.00123E-04  8.88981E-05 -1.65589E-04 -4.59152E-05 -2.03492E-04  4.34267E-04
 -3.83904E-04  5.78400E-04  3.05609E-04  3.07104E-04  5.53207E-05  2.62983E-05
 -1.12628E-05 -2.11547E-04  4.58126E-05 -1.74361E-04 -9.88180E-05  6.37593E-06
 -6.25180E-05 -1.71487E-05  7.72252E-05 -1.24623E-04 -4.14974E-05  3.12861E-04
