AutoSaveFileName0037.ASC
 IFORMY    0    .00
 (6E13.7)
 IFORMT    0    .00
 (6E13.7)
 IFORMW    0    .00
 (6E13.7)
 NINTT     0   -1.00
 DOUSNQ    0    1.00
 IQUAD     0    1.00
 PRWT      0    1.00
 PRY       0    1.00
 IPLRES    1    3.00
 IPLRES    2    3.00
 IPRINT    1    0.00
 IPRINT    2    2.00
 IPLFIT    1    0.00
 IPLFIT    2    0.00
 LINEPG    0   50.
 NONNEG    1    1.00
 IWT       0    5.00
 NQPROG    1    5.00
 NQPROG    2    5.00
 GMNMX     1    4.01910E-02
 GMNMX     2    1.44275E-02
 RUSER    10    -1.00
 NG        0    500.00
 NLINF     0    1.00
 IUSER    10    4.00
 RUSER    21    1.0
 RUSER    22   -1.0
 RUSER    23    0.0
 RUSER    18         291.91722
 RUSER    17         29.99800
 RUSER    19         1.03262
 RUSER    15         1.33200
 RUSER    16         632.80000
 RUSER    25         1
 RUSER    26         0
 END       0    0.00
 NY      162
  7.50000E-07  8.75000E-07  1.00000E-06  1.12500E-06  1.25000E-06  1.37500E-06
  1.50000E-06  1.62500E-06  1.75000E-06  1.87500E-06  2.00000E-06  2.25000E-06
  2.50000E-06  2.75000E-06  3.00000E-06  3.25000E-06  3.50000E-06  3.75000E-06
  4.00000E-06  4.50000E-06  5.00000E-06  5.50000E-06  6.00000E-06  6.50000E-06
  7.00000E-06  7.50000E-06  8.00000E-06  9.00000E-06  1.00000E-05  1.10000E-05
  1.20000E-05  1.30000E-05  1.40000E-05  1.50000E-05  1.60000E-05  1.80000E-05
  2.00000E-05  2.20000E-05  2.40000E-05  2.60000E-05  2.80000E-05  3.00000E-05
  3.20000E-05  3.60000E-05  4.00000E-05  4.40000E-05  4.80000E-05  5.20000E-05
  5.60000E-05  6.00000E-05  6.40000E-05  7.20000E-05  8.00000E-05  8.80000E-05
  9.60000E-05  1.04000E-04  1.12000E-04  1.20000E-04  1.28000E-04  1.44000E-04
  1.60000E-04  1.76000E-04  1.92000E-04  2.08000E-04  2.24000E-04  2.40000E-04
  2.56000E-04  2.88000E-04  3.20000E-04  3.52000E-04  3.84000E-04  4.16000E-04
  4.48000E-04  4.80000E-04  5.12000E-04  5.76000E-04  6.40000E-04  7.04000E-04
  7.68000E-04  8.32000E-04  8.96000E-04  9.60000E-04  1.02400E-03  1.15200E-03
  1.28000E-03  1.40800E-03  1.53600E-03  1.66400E-03  1.79200E-03  1.92000E-03
  2.01600E-03  2.27200E-03  2.52800E-03  2.78400E-03  3.04000E-03  3.29600E-03
  3.55200E-03  3.80800E-03  4.06400E-03  4.57600E-03  5.08800E-03  5.60000E-03
  6.11200E-03  6.62400E-03  7.13600E-03  7.64800E-03  8.16000E-03  9.18400E-03
  1.02080E-02  1.12320E-02  1.22560E-02  1.32800E-02  1.43040E-02  1.53280E-02
  1.63520E-02  1.84000E-02  2.04480E-02  2.24960E-02  2.45440E-02  2.65920E-02
  2.86400E-02  3.06880E-02  3.27360E-02  3.68320E-02  4.09280E-02  4.50240E-02
  4.91200E-02  5.32160E-02  5.73120E-02  6.14080E-02  6.55040E-02  7.36960E-02
  8.18880E-02  9.00800E-02  9.82720E-02  1.06464E-01  1.14656E-01  1.22848E-01
  1.31040E-01  1.47424E-01  1.63808E-01  1.80192E-01  1.96576E-01  2.12960E-01
  2.29344E-01  2.45728E-01  2.62112E-01  2.94880E-01  3.27648E-01  3.60416E-01
  3.93184E-01  4.25952E-01  4.58720E-01  4.91488E-01  5.24256E-01  5.89792E-01
  6.55328E-01  7.20864E-01  7.86400E-01  8.51936E-01  9.17472E-01  9.83008E-01
  9.99077E-01  9.97130E-01  9.98284E-01  1.00000E+00  9.96443E-01  9.96506E-01
  9.95730E-01  9.96354E-01  9.95458E-01  9.93801E-01  9.95629E-01  9.94659E-01
  9.93620E-01  9.94254E-01  9.96187E-01  9.94372E-01  9.95002E-01  9.94465E-01
  9.94834E-01  9.95207E-01  9.94374E-01  9.94788E-01  9.94390E-01  9.93226E-01
  9.93657E-01  9.91704E-01  9.91708E-01  9.92642E-01  9.92118E-01  9.90738E-01
  9.91034E-01  9.90920E-01  9.90267E-01  9.90036E-01  9.89118E-01  9.88405E-01
  9.87756E-01  9.87002E-01  9.86081E-01  9.85543E-01  9.84440E-01  9.83103E-01
  9.82758E-01  9.81428E-01  9.79759E-01  9.77962E-01  9.76314E-01  9.75192E-01
  9.73572E-01  9.71910E-01  9.70003E-01  9.66887E-01  9.64141E-01  9.60462E-01
  9.57551E-01  9.54448E-01  9.51267E-01  9.48248E-01  9.45289E-01  9.39095E-01
  9.33185E-01  9.27163E-01  9.21247E-01  9.15513E-01  9.09698E-01  9.04097E-01
  8.98406E-01  8.87387E-01  8.76428E-01  8.65926E-01  8.55300E-01  8.44798E-01
  8.34511E-01  8.24520E-01  8.14611E-01  7.95416E-01  7.76561E-01  7.58252E-01
  7.40585E-01  7.23208E-01  7.06338E-01  6.89922E-01  6.57061E-01  6.27059E-01
  5.98514E-01  5.71331E-01  5.45509E-01  5.21001E-01  4.97767E-01  4.75677E-01
  4.73393E-01  4.33219E-01  3.96753E-01  3.63752E-01  3.33763E-01  3.06528E-01
  2.82267E-01  2.60086E-01  2.40314E-01  2.05652E-01  1.77476E-01  1.53720E-01
  1.34047E-01  1.17849E-01  1.04217E-01  9.23191E-02  8.25053E-02  6.59920E-02
  5.37281E-02  4.42637E-02  3.76419E-02  3.36785E-02  3.05097E-02  2.78135E-02
  2.55905E-02  2.30628E-02  2.01228E-02  1.67201E-02  1.55664E-02  1.34841E-02
  8.69323E-03  6.05006E-03  5.62490E-03  6.48165E-03  1.36877E-03  5.01855E-03
  1.76405E-03  2.04364E-03  2.59506E-04 -2.47266E-03 -3.27641E-03 -6.64485E-03
 -2.01040E-03  4.07246E-03 -4.79870E-03 -2.67453E-03 -5.56115E-03 -6.59401E-03
 -3.70344E-03  6.42576E-04  5.35487E-03  4.79471E-03 -9.92522E-04  3.61002E-04
 -1.67600E-03  1.86501E-03 -3.16470E-04  3.36763E-03  2.76975E-03  1.43678E-03
 -8.38289E-04  4.14617E-03  1.45544E-03 -2.34010E-03  5.36815E-04 -2.67211E-03
 -1.38056E-03 -2.64861E-03  2.22405E-03 -2.59596E-04  2.66927E-04  1.42064E-03
