AutoSaveFileName0154.ASC
 IFORMY    0    .00
 (6E13.7)
 IFORMT    0    .00
 (6E13.7)
 IFORMW    0    .00
 (6E13.7)
 NINTT     0   -1.00
 DOUSNQ    0    1.00
 IQUAD          1.00
 PRWT      0    1.00
 PRY       0    1.00
 IPLRES    1    3.00
 IPLRES    2    3.00
 IPRINT    1    0.00
 IPRINT    2    2.00
 IPLFIT    1    0.00
 IPLFIT    2    0.00
 LINEPG    0   50.
 NONNEG    1    1.00
 IWT       0    5.00
 NQPROG    1    5.00
 NQPROG    2    5.00
 GMNMX     1    2.324E-05
 GMNMX     2    2.324E-02
 RUSER    10    -1.00
 NG        0    200.00
 NLINF     0    0.00
 IUSER    10    4.00
 RUSER    21    1.0
 RUSER    22   -1.0
 RUSER    23    0.0
 RUSER    18         291.96113
 RUSER    17         65.99900
 RUSER    19         1.03149
 RUSER    15         1.33200
 RUSER    16         632.80000
 RUSER    25         1
 RUSER    26         0
 END       0    0.00
 NY      131
  3.75000E-07  5.00000E-07  6.25000E-07  7.50000E-07  8.75000E-07  1.00000E-06
  1.12500E-06  1.25000E-06  1.37500E-06  1.50000E-06  1.62500E-06  1.75000E-06
  1.87500E-06  2.00000E-06  2.25000E-06  2.50000E-06  2.75000E-06  3.00000E-06
  3.25000E-06  3.50000E-06  3.75000E-06  4.00000E-06  4.50000E-06  5.00000E-06
  5.50000E-06  6.00000E-06  6.50000E-06  7.00000E-06  7.50000E-06  8.00000E-06
  9.00000E-06  1.00000E-05  1.10000E-05  1.20000E-05  1.30000E-05  1.40000E-05
  1.50000E-05  1.60000E-05  1.80000E-05  2.00000E-05  2.20000E-05  2.40000E-05
  2.60000E-05  2.80000E-05  3.00000E-05  3.20000E-05  3.60000E-05  4.00000E-05
  4.40000E-05  4.80000E-05  5.20000E-05  5.60000E-05  6.00000E-05  6.40000E-05
  7.20000E-05  8.00000E-05  8.80000E-05  9.60000E-05  1.04000E-04  1.12000E-04
  1.20000E-04  1.28000E-04  1.44000E-04  1.60000E-04  1.76000E-04  1.92000E-04
  2.08000E-04  2.24000E-04  2.40000E-04  2.56000E-04  2.88000E-04  3.20000E-04
  3.52000E-04  3.84000E-04  4.16000E-04  4.48000E-04  4.80000E-04  5.12000E-04
  5.76000E-04  6.40000E-04  7.04000E-04  7.68000E-04  8.32000E-04  8.96000E-04
  9.60000E-04  1.02400E-03  1.15200E-03  1.28000E-03  1.40800E-03  1.53600E-03
  1.66400E-03  1.79200E-03  1.92000E-03  2.01600E-03  2.27200E-03  2.52800E-03
  2.78400E-03  3.04000E-03  3.29600E-03  3.55200E-03  3.80800E-03  4.06400E-03
  4.57600E-03  5.08800E-03  5.60000E-03  6.11200E-03  6.62400E-03  7.13600E-03
  7.64800E-03  8.16000E-03  9.18400E-03  1.02080E-02  1.12320E-02  1.22560E-02
  1.32800E-02  1.43040E-02  1.53280E-02  1.63520E-02  1.84000E-02  2.04480E-02
  2.24960E-02  2.45440E-02  2.65920E-02  2.86400E-02  3.06880E-02  3.27360E-02
  3.68320E-02  4.09280E-02  4.50240E-02  4.91200E-02  5.32160E-02
  1.65498E+00  1.65141E+00  1.64365E+00  1.64375E+00  1.64761E+00  1.64073E+00
  1.63807E+00  1.63763E+00  1.64594E+00  1.63583E+00  1.63045E+00  1.64130E+00
  1.63289E+00  1.63806E+00  1.63706E+00  1.63217E+00  1.63392E+00  1.63128E+00
  1.63970E+00  1.63824E+00  1.63667E+00  1.63682E+00  1.63616E+00  1.63580E+00
  1.63153E+00  1.63303E+00  1.63799E+00  1.63694E+00  1.63574E+00  1.63624E+00
  1.63543E+00  1.63026E+00  1.62888E+00  1.63425E+00  1.62971E+00  1.62858E+00
  1.63071E+00  1.62912E+00  1.62903E+00  1.62825E+00  1.62580E+00  1.62671E+00
  1.62552E+00  1.62564E+00  1.62526E+00  1.62402E+00  1.62152E+00  1.61890E+00
  1.61587E+00  1.61528E+00  1.61331E+00  1.61215E+00  1.60937E+00  1.60797E+00
  1.60407E+00  1.59990E+00  1.59629E+00  1.59284E+00  1.58848E+00  1.58462E+00
  1.58134E+00  1.57791E+00  1.56968E+00  1.56255E+00  1.55539E+00  1.54738E+00
  1.54025E+00  1.53322E+00  1.52539E+00  1.51823E+00  1.50382E+00  1.48948E+00
  1.47569E+00  1.46210E+00  1.44865E+00  1.43510E+00  1.42096E+00  1.40775E+00
  1.38166E+00  1.35651E+00  1.33125E+00  1.30706E+00  1.28318E+00  1.25910E+00
  1.23638E+00  1.21262E+00  1.16849E+00  1.12615E+00  1.08595E+00  1.04674E+00
  1.00974E+00  9.73387E-01  9.38593E-01  9.14922E-01  8.51904E-01  7.94190E-01
  7.40104E-01  6.89160E-01  6.41862E-01  5.98062E-01  5.57733E-01  5.21859E-01
  4.56431E-01  3.97732E-01  3.46839E-01  3.04276E-01  2.67078E-01  2.33633E-01
  2.05470E-01  1.81325E-01  1.40253E-01  1.10253E-01  8.95527E-02  7.30321E-02
  6.38366E-02  5.89789E-02  4.96174E-02  4.03813E-02  2.22036E-02  9.95988E-03
 -1.00794E-03 -9.90579E-03  1.26356E-03  2.46684E-02  3.71280E-02  3.95177E-02
  3.15879E-02  1.94001E-03 -3.10753E-04 -1.61060E-03 -1.22502E-02
