AutoSaveFileName0108.ASC
 IFORMY    0    .00
 (6E13.7)
 IFORMT    0    .00
 (6E13.7)
 IFORMW    0    .00
 (6E13.7)
 NINTT     0   -1.00
 DOUSNQ    0    1.00
 IQUAD     0    1.00
 PRWT      0    1.00
 PRY       0    1.00
 IPLRES    1    3.00
 IPLRES    2    3.00
 IPRINT    1    0.00
 IPRINT    2    2.00
 IPLFIT    1    0.00
 IPLFIT    2    0.00
 LINEPG    0   50.
 NONNEG    1    1.00
 IWT       0    5.00
 NQPROG    1    5.00
 NQPROG    2    5.00
 GMNMX     1    9.31071E-03
 GMNMX     2    3.34231E-03
 RUSER    10    -1.00
 NG        0    500.00
 NLINF     0    1.00
 IUSER    10    4.00
 RUSER    21    1.0
 RUSER    22   -1.0
 RUSER    23    0.0
 RUSER    18         291.97082
 RUSER    17         64.99900
 RUSER    19         1.03124
 RUSER    15         1.33200
 RUSER    16         632.80000
 RUSER    25         1
 RUSER    26         0
 END       0    0.00
 NY      162
  7.50000E-07  8.75000E-07  1.00000E-06  1.12500E-06  1.25000E-06  1.37500E-06
  1.50000E-06  1.62500E-06  1.75000E-06  1.87500E-06  2.00000E-06  2.25000E-06
  2.50000E-06  2.75000E-06  3.00000E-06  3.25000E-06  3.50000E-06  3.75000E-06
  4.00000E-06  4.50000E-06  5.00000E-06  5.50000E-06  6.00000E-06  6.50000E-06
  7.00000E-06  7.50000E-06  8.00000E-06  9.00000E-06  1.00000E-05  1.10000E-05
  1.20000E-05  1.30000E-05  1.40000E-05  1.50000E-05  1.60000E-05  1.80000E-05
  2.00000E-05  2.20000E-05  2.40000E-05  2.60000E-05  2.80000E-05  3.00000E-05
  3.20000E-05  3.60000E-05  4.00000E-05  4.40000E-05  4.80000E-05  5.20000E-05
  5.60000E-05  6.00000E-05  6.40000E-05  7.20000E-05  8.00000E-05  8.80000E-05
  9.60000E-05  1.04000E-04  1.12000E-04  1.20000E-04  1.28000E-04  1.44000E-04
  1.60000E-04  1.76000E-04  1.92000E-04  2.08000E-04  2.24000E-04  2.40000E-04
  2.56000E-04  2.88000E-04  3.20000E-04  3.52000E-04  3.84000E-04  4.16000E-04
  4.48000E-04  4.80000E-04  5.12000E-04  5.76000E-04  6.40000E-04  7.04000E-04
  7.68000E-04  8.32000E-04  8.96000E-04  9.60000E-04  1.02400E-03  1.15200E-03
  1.28000E-03  1.40800E-03  1.53600E-03  1.66400E-03  1.79200E-03  1.92000E-03
  2.01600E-03  2.27200E-03  2.52800E-03  2.78400E-03  3.04000E-03  3.29600E-03
  3.55200E-03  3.80800E-03  4.06400E-03  4.57600E-03  5.08800E-03  5.60000E-03
  6.11200E-03  6.62400E-03  7.13600E-03  7.64800E-03  8.16000E-03  9.18400E-03
  1.02080E-02  1.12320E-02  1.22560E-02  1.32800E-02  1.43040E-02  1.53280E-02
  1.63520E-02  1.84000E-02  2.04480E-02  2.24960E-02  2.45440E-02  2.65920E-02
  2.86400E-02  3.06880E-02  3.27360E-02  3.68320E-02  4.09280E-02  4.50240E-02
  4.91200E-02  5.32160E-02  5.73120E-02  6.14080E-02  6.55040E-02  7.36960E-02
  8.18880E-02  9.00800E-02  9.82720E-02  1.06464E-01  1.14656E-01  1.22848E-01
  1.31040E-01  1.47424E-01  1.63808E-01  1.80192E-01  1.96576E-01  2.12960E-01
  2.29344E-01  2.45728E-01  2.62112E-01  2.94880E-01  3.27648E-01  3.60416E-01
  3.93184E-01  4.25952E-01  4.58720E-01  4.91488E-01  5.24256E-01  5.89792E-01
  6.55328E-01  7.20864E-01  7.86400E-01  8.51936E-01  9.17472E-01  9.83008E-01
  1.00000E+00  9.98900E-01  9.98841E-01  9.95355E-01  9.96843E-01  9.95238E-01
  9.96409E-01  9.92217E-01  9.95914E-01  9.93685E-01  9.93709E-01  9.95280E-01
  9.94862E-01  9.93582E-01  9.93286E-01  9.93061E-01  9.92515E-01  9.90262E-01
  9.90830E-01  9.90124E-01  9.88966E-01  9.88395E-01  9.87057E-01  9.85510E-01
  9.84410E-01  9.83757E-01  9.83058E-01  9.81805E-01  9.79815E-01  9.77941E-01
  9.75019E-01  9.73909E-01  9.71850E-01  9.70389E-01  9.68156E-01  9.64483E-01
  9.61193E-01  9.57303E-01  9.53866E-01  9.49969E-01  9.46553E-01  9.42520E-01
  9.39332E-01  9.32258E-01  9.25686E-01  9.17827E-01  9.11006E-01  9.04139E-01
  8.97460E-01  8.90417E-01  8.83905E-01  8.70595E-01  8.57756E-01  8.44657E-01
  8.32085E-01  8.19400E-01  8.07193E-01  7.95632E-01  7.83729E-01  7.60292E-01
  7.37750E-01  7.15925E-01  6.94703E-01  6.74165E-01  6.54131E-01  6.35140E-01
  6.16602E-01  5.81105E-01  5.47467E-01  5.16101E-01  4.86709E-01  4.58644E-01
  4.32621E-01  4.07917E-01  3.85143E-01  3.42652E-01  3.05207E-01  2.71981E-01
  2.42328E-01  2.15925E-01  1.92427E-01  1.71592E-01  1.53464E-01  1.22074E-01
  9.77603E-02  7.83405E-02  6.26559E-02  4.97745E-02  3.92101E-02  3.08450E-02
  2.64573E-02  1.74719E-02  1.23831E-02  7.75927E-03  3.81022E-03  1.44555E-03
  3.52555E-04  2.72280E-04  8.61423E-04  1.79025E-03  3.67494E-03  4.96909E-03
  3.22281E-03  3.16616E-04 -4.28519E-04  1.03374E-03  1.97594E-03  5.60193E-04
 -1.61753E-03  5.97423E-04  1.57105E-03 -6.26236E-04  1.41944E-03  2.44374E-03
  8.45419E-04  2.16180E-03  2.35706E-03 -2.79005E-04 -1.18678E-04  1.07632E-03
  2.12789E-03  1.06499E-03  1.16466E-03  1.88587E-03  3.47201E-04  1.62332E-03
 -1.11033E-03  9.50342E-06  1.90958E-03  1.17717E-04  1.15308E-04 -4.75080E-04
  5.36776E-04 -3.85833E-04 -8.66087E-04 -8.90334E-04  1.04808E-04  3.82625E-04
  5.59067E-05 -7.36365E-04 -5.30882E-04 -4.40308E-04  3.99240E-04  2.96120E-04
 -2.39344E-05 -1.76059E-04  3.22239E-04  7.00320E-04 -7.65627E-04 -3.11109E-05
 -4.20186E-04 -1.89461E-04 -8.11034E-04 -2.78836E-04 -2.74402E-04  2.63833E-05
 -2.90532E-04 -2.87161E-04  1.57740E-04  5.07673E-04 -1.78971E-04  1.02971E-04
