AutoSaveFileName0012.ASC
 IFORMY    0    .00
 (6E13.7)
 IFORMT    0    .00
 (6E13.7)
 IFORMW    0    .00
 (6E13.7)
 NINTT     0   -1.00
 DOUSNQ    0    1.00
 IQUAD          1.00
 PRWT      0    1.00
 PRY       0    1.00
 IPLRES    1    3.00
 IPLRES    2    3.00
 IPRINT    1    0.00
 IPRINT    2    2.00
 IPLFIT    1    0.00
 IPLFIT    2    0.00
 LINEPG    0   50.
 NONNEG    1    1.00
 IWT       0    5.00
 NQPROG    1    5.00
 NQPROG    2    5.00
 GMNMX     1    2.542E-04
 GMNMX     2    2.542E-01
 RUSER    10    -1.00
 NG        0    200.00
 NLINF     0    0.00
 IUSER    10    4.00
 RUSER    21    1.0
 RUSER    22   -1.0
 RUSER    23    0.0
 RUSER    18         291.80198
 RUSER    17         18.99900
 RUSER    19         1.03557
 RUSER    15         1.33200
 RUSER    16         632.80000
 RUSER    25         1
 RUSER    26         0
 END       0    0.00
 NY      131
  3.75000E-07  5.00000E-07  6.25000E-07  7.50000E-07  8.75000E-07  1.00000E-06
  1.12500E-06  1.25000E-06  1.37500E-06  1.50000E-06  1.62500E-06  1.75000E-06
  1.87500E-06  2.00000E-06  2.25000E-06  2.50000E-06  2.75000E-06  3.00000E-06
  3.25000E-06  3.50000E-06  3.75000E-06  4.00000E-06  4.50000E-06  5.00000E-06
  5.50000E-06  6.00000E-06  6.50000E-06  7.00000E-06  7.50000E-06  8.00000E-06
  9.00000E-06  1.00000E-05  1.10000E-05  1.20000E-05  1.30000E-05  1.40000E-05
  1.50000E-05  1.60000E-05  1.80000E-05  2.00000E-05  2.20000E-05  2.40000E-05
  2.60000E-05  2.80000E-05  3.00000E-05  3.20000E-05  3.60000E-05  4.00000E-05
  4.40000E-05  4.80000E-05  5.20000E-05  5.60000E-05  6.00000E-05  6.40000E-05
  7.20000E-05  8.00000E-05  8.80000E-05  9.60000E-05  1.04000E-04  1.12000E-04
  1.20000E-04  1.28000E-04  1.44000E-04  1.60000E-04  1.76000E-04  1.92000E-04
  2.08000E-04  2.24000E-04  2.40000E-04  2.56000E-04  2.88000E-04  3.20000E-04
  3.52000E-04  3.84000E-04  4.16000E-04  4.48000E-04  4.80000E-04  5.12000E-04
  5.76000E-04  6.40000E-04  7.04000E-04  7.68000E-04  8.32000E-04  8.96000E-04
  9.60000E-04  1.02400E-03  1.15200E-03  1.28000E-03  1.40800E-03  1.53600E-03
  1.66400E-03  1.79200E-03  1.92000E-03  2.01600E-03  2.27200E-03  2.52800E-03
  2.78400E-03  3.04000E-03  3.29600E-03  3.55200E-03  3.80800E-03  4.06400E-03
  4.57600E-03  5.08800E-03  5.60000E-03  6.11200E-03  6.62400E-03  7.13600E-03
  7.64800E-03  8.16000E-03  9.18400E-03  1.02080E-02  1.12320E-02  1.22560E-02
  1.32800E-02  1.43040E-02  1.53280E-02  1.63520E-02  1.84000E-02  2.04480E-02
  2.24960E-02  2.45440E-02  2.65920E-02  2.86400E-02  3.06880E-02  3.27360E-02
  3.68320E-02  4.09280E-02  4.50240E-02  4.91200E-02  5.32160E-02
  7.14903E-01  7.14427E-01  7.15765E-01  7.14629E-01  7.13869E-01  7.13720E-01
  7.14517E-01  7.14852E-01  7.14460E-01  7.13168E-01  7.14623E-01  7.14501E-01
  7.13317E-01  7.13112E-01  7.13822E-01  7.14200E-01  7.13861E-01  7.13688E-01
  7.13921E-01  7.14061E-01  7.14196E-01  7.14078E-01  7.14000E-01  7.12986E-01
  7.14096E-01  7.13652E-01  7.13934E-01  7.13864E-01  7.13443E-01  7.13752E-01
  7.13874E-01  7.14031E-01  7.13718E-01  7.14010E-01  7.13970E-01  7.13564E-01
  7.13799E-01  7.13487E-01  7.13896E-01  7.13573E-01  7.13652E-01  7.13551E-01
  7.13291E-01  7.13344E-01  7.13438E-01  7.13481E-01  7.13217E-01  7.13444E-01
  7.13048E-01  7.13093E-01  7.13097E-01  7.12996E-01  7.12968E-01  7.12961E-01
  7.12740E-01  7.12685E-01  7.12508E-01  7.12353E-01  7.12158E-01  7.12126E-01
  7.11732E-01  7.11735E-01  7.11445E-01  7.11245E-01  7.10994E-01  7.10557E-01
  7.10236E-01  7.10028E-01  7.09658E-01  7.09454E-01  7.08889E-01  7.08237E-01
  7.07589E-01  7.07062E-01  7.06470E-01  7.05864E-01  7.05325E-01  6.92803E-01
  6.91604E-01  6.90481E-01  6.89339E-01  6.88187E-01  6.87074E-01  6.85951E-01
  6.84779E-01  4.88710E-01  4.86906E-01  4.85074E-01  4.83220E-01  4.81449E-01
  4.79615E-01  4.77841E-01  4.76047E-01  6.73633E-01  6.69205E-01  6.64836E-01
  6.60510E-01  6.56294E-01  6.52041E-01  6.47817E-01  6.43591E-01  6.39445E-01
  6.30932E-01  6.22692E-01  6.14771E-01  6.07010E-01  5.99381E-01  5.91924E-01
  5.84569E-01  5.77770E-01  5.63421E-01  5.49222E-01  5.35086E-01  5.21238E-01
  5.07643E-01  4.94326E-01  4.81359E-01  4.69889E-01  4.45540E-01  4.22578E-01
  4.00683E-01  3.79565E-01  3.59573E-01  3.41088E-01  3.23631E-01  3.08676E-01
  2.77418E-01  2.48836E-01  2.23580E-01  1.98834E-01  1.75221E-01
