AutoSaveFileName0045.ASC
 IFORMY    0    .00
 (6E13.7)
 IFORMT    0    .00
 (6E13.7)
 IFORMW    0    .00
 (6E13.7)
 NINTT     0   -1.00
 DOUSNQ    0    1.00
 IQUAD     0    1.00
 PRWT      0    1.00
 PRY       0    1.00
 IPLRES    1    3.00
 IPLRES    2    3.00
 IPRINT    1    0.00
 IPRINT    2    2.00
 IPLFIT    1    0.00
 IPLFIT    2    0.00
 LINEPG    0   50.
 NONNEG    1    1.00
 IWT       0    5.00
 NQPROG    1    5.00
 NQPROG    2    5.00
 GMNMX     1    2.97686E-02
 GMNMX     2    1.06861E-02
 RUSER    10    -1.00
 NG        0    500.00
 NLINF     0    1.00
 IUSER    10    4.00
 RUSER    21    1.0
 RUSER    22   -1.0
 RUSER    23    0.0
 RUSER    18         291.92271
 RUSER    17         34.99800
 RUSER    19         1.03247
 RUSER    15         1.33200
 RUSER    16         632.80000
 RUSER    25         1
 RUSER    26         0
 END       0    0.00
 NY      162
  7.50000E-07  8.75000E-07  1.00000E-06  1.12500E-06  1.25000E-06  1.37500E-06
  1.50000E-06  1.62500E-06  1.75000E-06  1.87500E-06  2.00000E-06  2.25000E-06
  2.50000E-06  2.75000E-06  3.00000E-06  3.25000E-06  3.50000E-06  3.75000E-06
  4.00000E-06  4.50000E-06  5.00000E-06  5.50000E-06  6.00000E-06  6.50000E-06
  7.00000E-06  7.50000E-06  8.00000E-06  9.00000E-06  1.00000E-05  1.10000E-05
  1.20000E-05  1.30000E-05  1.40000E-05  1.50000E-05  1.60000E-05  1.80000E-05
  2.00000E-05  2.20000E-05  2.40000E-05  2.60000E-05  2.80000E-05  3.00000E-05
  3.20000E-05  3.60000E-05  4.00000E-05  4.40000E-05  4.80000E-05  5.20000E-05
  5.60000E-05  6.00000E-05  6.40000E-05  7.20000E-05  8.00000E-05  8.80000E-05
  9.60000E-05  1.04000E-04  1.12000E-04  1.20000E-04  1.28000E-04  1.44000E-04
  1.60000E-04  1.76000E-04  1.92000E-04  2.08000E-04  2.24000E-04  2.40000E-04
  2.56000E-04  2.88000E-04  3.20000E-04  3.52000E-04  3.84000E-04  4.16000E-04
  4.48000E-04  4.80000E-04  5.12000E-04  5.76000E-04  6.40000E-04  7.04000E-04
  7.68000E-04  8.32000E-04  8.96000E-04  9.60000E-04  1.02400E-03  1.15200E-03
  1.28000E-03  1.40800E-03  1.53600E-03  1.66400E-03  1.79200E-03  1.92000E-03
  2.01600E-03  2.27200E-03  2.52800E-03  2.78400E-03  3.04000E-03  3.29600E-03
  3.55200E-03  3.80800E-03  4.06400E-03  4.57600E-03  5.08800E-03  5.60000E-03
  6.11200E-03  6.62400E-03  7.13600E-03  7.64800E-03  8.16000E-03  9.18400E-03
  1.02080E-02  1.12320E-02  1.22560E-02  1.32800E-02  1.43040E-02  1.53280E-02
  1.63520E-02  1.84000E-02  2.04480E-02  2.24960E-02  2.45440E-02  2.65920E-02
  2.86400E-02  3.06880E-02  3.27360E-02  3.68320E-02  4.09280E-02  4.50240E-02
  4.91200E-02  5.32160E-02  5.73120E-02  6.14080E-02  6.55040E-02  7.36960E-02
  8.18880E-02  9.00800E-02  9.82720E-02  1.06464E-01  1.14656E-01  1.22848E-01
  1.31040E-01  1.47424E-01  1.63808E-01  1.80192E-01  1.96576E-01  2.12960E-01
  2.29344E-01  2.45728E-01  2.62112E-01  2.94880E-01  3.27648E-01  3.60416E-01
  3.93184E-01  4.25952E-01  4.58720E-01  4.91488E-01  5.24256E-01  5.89792E-01
  6.55328E-01  7.20864E-01  7.86400E-01  8.51936E-01  9.17472E-01  9.83008E-01
  1.00000E+00  9.98385E-01  9.95831E-01  9.95265E-01  9.96965E-01  9.97071E-01
  9.95612E-01  9.96072E-01  9.96413E-01  9.93328E-01  9.93336E-01  9.94904E-01
  9.95817E-01  9.93236E-01  9.94815E-01  9.92749E-01  9.93711E-01  9.95630E-01
  9.95137E-01  9.93234E-01  9.93307E-01  9.94360E-01  9.92613E-01  9.93855E-01
  9.91504E-01  9.91473E-01  9.91786E-01  9.90295E-01  9.91502E-01  9.90573E-01
  9.89621E-01  9.88881E-01  9.88000E-01  9.88653E-01  9.87996E-01  9.86053E-01
  9.85718E-01  9.83717E-01  9.83379E-01  9.81934E-01  9.81453E-01  9.79388E-01
  9.78751E-01  9.76639E-01  9.74144E-01  9.72036E-01  9.69508E-01  9.67709E-01
  9.65203E-01  9.62972E-01  9.61081E-01  9.57151E-01  9.52842E-01  9.48708E-01
  9.44147E-01  9.39514E-01  9.36026E-01  9.31727E-01  9.27491E-01  9.19464E-01
  9.11505E-01  9.03260E-01  8.95498E-01  8.87777E-01  8.79991E-01  8.71982E-01
  8.64481E-01  8.49716E-01  8.35077E-01  8.20996E-01  8.06969E-01  7.93425E-01
  7.79863E-01  7.66918E-01  7.54184E-01  7.29326E-01  7.05087E-01  6.81888E-01
  6.59471E-01  6.37834E-01  6.16839E-01  5.96609E-01  5.77579E-01  5.40575E-01
  5.05913E-01  4.73524E-01  4.43341E-01  4.15393E-01  3.89156E-01  3.64809E-01
  3.47350E-01  3.06120E-01  2.69893E-01  2.37941E-01  2.10506E-01  1.86192E-01
  1.64909E-01  1.46499E-01  1.30952E-01  1.04944E-01  8.57584E-02  7.07683E-02
  5.84006E-02  4.85149E-02  4.04468E-02  3.44936E-02  2.96035E-02  2.19964E-02
  1.70381E-02  1.46863E-02  1.04162E-02  7.64599E-03  5.34887E-03  1.93611E-03
 -5.80411E-04 -3.32952E-04 -3.38803E-04 -7.32265E-04 -3.26279E-05  1.64783E-03
  1.05198E-04 -3.21084E-03  2.35023E-04  6.12766E-03  1.18182E-02  7.95856E-03
  1.40016E-03  1.31208E-04 -2.37083E-04 -3.73851E-04  5.85978E-04  3.01217E-03
  1.54476E-03  1.80108E-03  1.50560E-04 -1.77365E-03 -5.14129E-03 -6.69775E-05
  4.55578E-03  3.16002E-03  1.20973E-03 -4.18136E-03 -1.64928E-05 -1.09187E-03
  2.05390E-03 -1.90924E-06  1.05269E-03 -2.17217E-03 -1.57281E-03  1.80066E-03
 -5.03714E-04  3.28111E-03 -7.29985E-04  1.35970E-03  1.50619E-03  1.40750E-03
 -4.84757E-05  8.00506E-04 -1.55096E-03 -2.03093E-03  1.27642E-03 -3.47689E-03
