AutoSaveFileName0173.ASC
 IFORMY    0    .00
 (6E13.7)
 IFORMT    0    .00
 (6E13.7)
 IFORMW    0    .00
 (6E13.7)
 NINTT     0   -1.00
 DOUSNQ    0    1.00
 IQUAD     0    1.00
 PRWT      0    1.00
 PRY       0    1.00
 IPLRES    1    3.00
 IPLRES    2    3.00
 IPRINT    1    0.00
 IPRINT    2    2.00
 IPLFIT    1    0.00
 IPLFIT    2    0.00
 LINEPG    0   50.
 NONNEG    1    1.00
 IWT       0    5.00
 NQPROG    1    5.00
 NQPROG    2    5.00
 GMNMX     1    4.57240E-03
 GMNMX     2    1.64137E-03
 RUSER    10    -1.00
 NG        0    500.00
 NLINF     0    1.00
 IUSER    10    4.00
 RUSER    21    1.0
 RUSER    22   -1.0
 RUSER    23    0.0
 RUSER    18         292.03302
 RUSER    17         99.99900
 RUSER    19         1.02966
 RUSER    15         1.33200
 RUSER    16         632.80000
 RUSER    25         1
 RUSER    26         0
 END       0    0.00
 NY      162
  7.50000E-07  8.75000E-07  1.00000E-06  1.12500E-06  1.25000E-06  1.37500E-06
  1.50000E-06  1.62500E-06  1.75000E-06  1.87500E-06  2.00000E-06  2.25000E-06
  2.50000E-06  2.75000E-06  3.00000E-06  3.25000E-06  3.50000E-06  3.75000E-06
  4.00000E-06  4.50000E-06  5.00000E-06  5.50000E-06  6.00000E-06  6.50000E-06
  7.00000E-06  7.50000E-06  8.00000E-06  9.00000E-06  1.00000E-05  1.10000E-05
  1.20000E-05  1.30000E-05  1.40000E-05  1.50000E-05  1.60000E-05  1.80000E-05
  2.00000E-05  2.20000E-05  2.40000E-05  2.60000E-05  2.80000E-05  3.00000E-05
  3.20000E-05  3.60000E-05  4.00000E-05  4.40000E-05  4.80000E-05  5.20000E-05
  5.60000E-05  6.00000E-05  6.40000E-05  7.20000E-05  8.00000E-05  8.80000E-05
  9.60000E-05  1.04000E-04  1.12000E-04  1.20000E-04  1.28000E-04  1.44000E-04
  1.60000E-04  1.76000E-04  1.92000E-04  2.08000E-04  2.24000E-04  2.40000E-04
  2.56000E-04  2.88000E-04  3.20000E-04  3.52000E-04  3.84000E-04  4.16000E-04
  4.48000E-04  4.80000E-04  5.12000E-04  5.76000E-04  6.40000E-04  7.04000E-04
  7.68000E-04  8.32000E-04  8.96000E-04  9.60000E-04  1.02400E-03  1.15200E-03
  1.28000E-03  1.40800E-03  1.53600E-03  1.66400E-03  1.79200E-03  1.92000E-03
  2.01600E-03  2.27200E-03  2.52800E-03  2.78400E-03  3.04000E-03  3.29600E-03
  3.55200E-03  3.80800E-03  4.06400E-03  4.57600E-03  5.08800E-03  5.60000E-03
  6.11200E-03  6.62400E-03  7.13600E-03  7.64800E-03  8.16000E-03  9.18400E-03
  1.02080E-02  1.12320E-02  1.22560E-02  1.32800E-02  1.43040E-02  1.53280E-02
  1.63520E-02  1.84000E-02  2.04480E-02  2.24960E-02  2.45440E-02  2.65920E-02
  2.86400E-02  3.06880E-02  3.27360E-02  3.68320E-02  4.09280E-02  4.50240E-02
  4.91200E-02  5.32160E-02  5.73120E-02  6.14080E-02  6.55040E-02  7.36960E-02
  8.18880E-02  9.00800E-02  9.82720E-02  1.06464E-01  1.14656E-01  1.22848E-01
  1.31040E-01  1.47424E-01  1.63808E-01  1.80192E-01  1.96576E-01  2.12960E-01
  2.29344E-01  2.45728E-01  2.62112E-01  2.94880E-01  3.27648E-01  3.60416E-01
  3.93184E-01  4.25952E-01  4.58720E-01  4.91488E-01  5.24256E-01  5.89792E-01
  6.55328E-01  7.20864E-01  7.86400E-01  8.51936E-01  9.17472E-01  9.83008E-01
  1.00000E+00  9.96709E-01  9.89841E-01  9.93546E-01  9.90310E-01  9.94721E-01
  9.91657E-01  9.91322E-01  9.88990E-01  9.92398E-01  9.90025E-01  9.87859E-01
  9.85982E-01  9.86996E-01  9.85110E-01  9.84999E-01  9.85728E-01  9.81851E-01
  9.79746E-01  9.81612E-01  9.77449E-01  9.76406E-01  9.74496E-01  9.72039E-01
  9.71467E-01  9.68771E-01  9.66538E-01  9.63037E-01  9.59274E-01  9.56111E-01
  9.51788E-01  9.48631E-01  9.43343E-01  9.40973E-01  9.37087E-01  9.29590E-01
  9.23107E-01  9.15026E-01  9.07348E-01  9.01588E-01  8.93685E-01  8.85814E-01
  8.80244E-01  8.66974E-01  8.53233E-01  8.39451E-01  8.26706E-01  8.13845E-01
  8.01051E-01  7.88854E-01  7.76806E-01  7.52987E-01  7.29413E-01  7.07909E-01
  6.86020E-01  6.65011E-01  6.44655E-01  6.24678E-01  6.05862E-01  5.69756E-01
  5.35463E-01  5.03214E-01  4.72874E-01  4.44575E-01  4.17482E-01  3.92623E-01
  3.69334E-01  3.26774E-01  2.88674E-01  2.55849E-01  2.26233E-01  2.00624E-01
  1.77798E-01  1.57115E-01  1.39333E-01  1.08466E-01  8.49111E-02  6.68675E-02
  5.30793E-02  4.20345E-02  3.32097E-02  2.64111E-02  2.10172E-02  1.26638E-02
  7.49160E-03  3.83598E-03  2.68188E-03  1.97310E-03  1.19782E-03  1.08939E-03
  4.71539E-04  3.08086E-04 -3.74179E-04 -6.29121E-04 -1.64063E-03 -2.08810E-03
 -1.54068E-03  8.25097E-04  1.04590E-03 -4.40896E-04 -1.51094E-03 -2.02100E-03
 -2.66793E-03 -1.01360E-03 -1.40380E-04 -1.67335E-03 -3.30410E-05 -5.59332E-04
 -5.07968E-04  8.88263E-04  5.10064E-04  7.09200E-04 -1.84966E-04 -1.86834E-03
 -7.73617E-04  3.27940E-04 -5.54321E-04 -1.97813E-03 -3.87297E-04 -1.33389E-03
 -6.98365E-04  4.79101E-04  1.21213E-04  1.25187E-03  2.04645E-03  8.30233E-04
  9.06899E-04 -4.51938E-04  9.69488E-04 -9.72884E-05 -8.40593E-04 -2.22535E-04
 -5.77976E-04 -2.99816E-05  5.69012E-04  1.43421E-04 -2.28888E-04  1.06309E-03
  7.57730E-04 -1.82205E-04 -7.19347E-05  5.87179E-04  1.76088E-04  5.60795E-04
 -1.21485E-03  1.08371E-04 -2.66253E-04  3.74876E-04 -4.26752E-04  3.03317E-05
  5.52414E-04  1.10156E-04  2.48811E-04 -3.43650E-04 -1.44985E-04  5.08371E-05
 -1.09997E-04  1.50398E-04 -2.61489E-04  2.62376E-04 -2.50880E-04  5.95295E-05
