AutoSaveFileName0277.ASC
 IFORMY    0    .00
 (6E13.7)
 IFORMT    0    .00
 (6E13.7)
 IFORMW    0    .00
 (6E13.7)
 NINTT     0   -1.00
 DOUSNQ    0    1.00
 IQUAD          1.00
 PRWT      0    1.00
 PRY       0    1.00
 IPLRES    1    3.00
 IPLRES    2    3.00
 IPRINT    1    0.00
 IPRINT    2    2.00
 IPLFIT    1    0.00
 IPLFIT    2    0.00
 LINEPG    0   50.
 NONNEG    1    1.00
 IWT       0    5.00
 NQPROG    1    5.00
 NQPROG    2    5.00
 GMNMX     1    1.062E-05
 GMNMX     2    1.062E-02
 RUSER    10    -1.00
 NG        0    200.00
 NLINF     0    0.00
 IUSER    10    4.00
 RUSER    21    1.0
 RUSER    22   -1.0
 RUSER    23    0.0
 RUSER    18         292.13891
 RUSER    17         106.99900
 RUSER    19         1.02696
 RUSER    15         1.33200
 RUSER    16         632.80000
 RUSER    25         1
 RUSER    26         0
 END       0    0.00
 NY      131
  3.75000E-07  5.00000E-07  6.25000E-07  7.50000E-07  8.75000E-07  1.00000E-06
  1.12500E-06  1.25000E-06  1.37500E-06  1.50000E-06  1.62500E-06  1.75000E-06
  1.87500E-06  2.00000E-06  2.25000E-06  2.50000E-06  2.75000E-06  3.00000E-06
  3.25000E-06  3.50000E-06  3.75000E-06  4.00000E-06  4.50000E-06  5.00000E-06
  5.50000E-06  6.00000E-06  6.50000E-06  7.00000E-06  7.50000E-06  8.00000E-06
  9.00000E-06  1.00000E-05  1.10000E-05  1.20000E-05  1.30000E-05  1.40000E-05
  1.50000E-05  1.60000E-05  1.80000E-05  2.00000E-05  2.20000E-05  2.40000E-05
  2.60000E-05  2.80000E-05  3.00000E-05  3.20000E-05  3.60000E-05  4.00000E-05
  4.40000E-05  4.80000E-05  5.20000E-05  5.60000E-05  6.00000E-05  6.40000E-05
  7.20000E-05  8.00000E-05  8.80000E-05  9.60000E-05  1.04000E-04  1.12000E-04
  1.20000E-04  1.28000E-04  1.44000E-04  1.60000E-04  1.76000E-04  1.92000E-04
  2.08000E-04  2.24000E-04  2.40000E-04  2.56000E-04  2.88000E-04  3.20000E-04
  3.52000E-04  3.84000E-04  4.16000E-04  4.48000E-04  4.80000E-04  5.12000E-04
  5.76000E-04  6.40000E-04  7.04000E-04  7.68000E-04  8.32000E-04  8.96000E-04
  9.60000E-04  1.02400E-03  1.15200E-03  1.28000E-03  1.40800E-03  1.53600E-03
  1.66400E-03  1.79200E-03  1.92000E-03  2.01600E-03  2.27200E-03  2.52800E-03
  2.78400E-03  3.04000E-03  3.29600E-03  3.55200E-03  3.80800E-03  4.06400E-03
  4.57600E-03  5.08800E-03  5.60000E-03  6.11200E-03  6.62400E-03  7.13600E-03
  7.64800E-03  8.16000E-03  9.18400E-03  1.02080E-02  1.12320E-02  1.22560E-02
  1.32800E-02  1.43040E-02  1.53280E-02  1.63520E-02  1.84000E-02  2.04480E-02
  2.24960E-02  2.45440E-02  2.65920E-02  2.86400E-02  3.06880E-02  3.27360E-02
  3.68320E-02  4.09280E-02  4.50240E-02  4.91200E-02  5.32160E-02
  1.62410E+00  1.61748E+00  1.61694E+00  1.61141E+00  1.61406E+00  1.61392E+00
  1.60937E+00  1.61309E+00  1.61275E+00  1.61281E+00  1.61057E+00  1.61013E+00
  1.61760E+00  1.61257E+00  1.60827E+00  1.61059E+00  1.61122E+00  1.60910E+00
  1.60915E+00  1.61057E+00  1.60558E+00  1.60882E+00  1.61059E+00  1.60685E+00
  1.60703E+00  1.60498E+00  1.60505E+00  1.60393E+00  1.60369E+00  1.60377E+00
  1.60243E+00  1.60029E+00  1.59964E+00  1.59853E+00  1.59925E+00  1.59793E+00
  1.59600E+00  1.59491E+00  1.59215E+00  1.59089E+00  1.58866E+00  1.58582E+00
  1.58347E+00  1.58115E+00  1.57950E+00  1.57654E+00  1.57344E+00  1.56786E+00
  1.56360E+00  1.55909E+00  1.55391E+00  1.55086E+00  1.54576E+00  1.54151E+00
  1.53340E+00  1.52477E+00  1.51636E+00  1.50723E+00  1.49972E+00  1.49146E+00
  1.48282E+00  1.47439E+00  1.45717E+00  1.44156E+00  1.42573E+00  1.40926E+00
  1.39365E+00  1.37854E+00  1.36247E+00  1.34749E+00  1.31741E+00  1.28770E+00
  1.25906E+00  1.23054E+00  1.20240E+00  1.17534E+00  1.14890E+00  1.12310E+00
  1.07301E+00  1.02498E+00  9.79319E-01  9.35286E-01  8.93360E-01  8.53068E-01
  8.15017E-01  7.78514E-01  7.10182E-01  6.48169E-01  5.91793E-01  5.39713E-01
  4.91991E-01  4.48587E-01  4.09140E-01  3.86667E-01  3.21898E-01  2.69368E-01
  2.24894E-01  1.87055E-01  1.56311E-01  1.31060E-01  1.10067E-01  9.14357E-02
  6.01484E-02  3.74564E-02  2.20431E-02  1.37278E-02  7.46360E-03  5.47761E-04
 -7.12991E-03 -9.50027E-03 -9.32044E-03 -2.55072E-03  1.88686E-04  2.73807E-04
 -4.86471E-04  5.58934E-03  9.53618E-03  1.36692E-02  3.56232E-03  1.81215E-03
  2.76176E-03  4.66971E-03 -3.95006E-03 -1.48644E-02  8.53981E-04  7.35028E-03
 -3.88212E-03  1.05485E-03  5.46299E-03  1.53151E-03 -2.13338E-03
