AutoSaveFileName0019.ASC
 IFORMY    0    .00
 (6E13.7)
 IFORMT    0    .00
 (6E13.7)
 IFORMW    0    .00
 (6E13.7)
 NINTT     0   -1.00
 DOUSNQ    0    1.00
 IQUAD     0    1.00
 PRWT      0    1.00
 PRY       0    1.00
 IPLRES    1    3.00
 IPLRES    2    3.00
 IPRINT    1    0.00
 IPRINT    2    2.00
 IPLFIT    1    0.00
 IPLFIT    2    0.00
 LINEPG    0   50.
 NONNEG    1    1.00
 IWT       0    5.00
 NQPROG    1    5.00
 NQPROG    2    5.00
 GMNMX     1    8.93260E-02
 GMNMX     2    3.20658E-02
 RUSER    10    -1.00
 NG        0    500.00
 NLINF     0    1.00
 IUSER    10    4.00
 RUSER    21    1.0
 RUSER    22   -1.0
 RUSER    23    0.0
 RUSER    18         291.90325
 RUSER    17         19.99800
 RUSER    19         1.03297
 RUSER    15         1.33200
 RUSER    16         632.80000
 RUSER    25         1
 RUSER    26         0
 END       0    0.00
 NY      162
  7.50000E-07  8.75000E-07  1.00000E-06  1.12500E-06  1.25000E-06  1.37500E-06
  1.50000E-06  1.62500E-06  1.75000E-06  1.87500E-06  2.00000E-06  2.25000E-06
  2.50000E-06  2.75000E-06  3.00000E-06  3.25000E-06  3.50000E-06  3.75000E-06
  4.00000E-06  4.50000E-06  5.00000E-06  5.50000E-06  6.00000E-06  6.50000E-06
  7.00000E-06  7.50000E-06  8.00000E-06  9.00000E-06  1.00000E-05  1.10000E-05
  1.20000E-05  1.30000E-05  1.40000E-05  1.50000E-05  1.60000E-05  1.80000E-05
  2.00000E-05  2.20000E-05  2.40000E-05  2.60000E-05  2.80000E-05  3.00000E-05
  3.20000E-05  3.60000E-05  4.00000E-05  4.40000E-05  4.80000E-05  5.20000E-05
  5.60000E-05  6.00000E-05  6.40000E-05  7.20000E-05  8.00000E-05  8.80000E-05
  9.60000E-05  1.04000E-04  1.12000E-04  1.20000E-04  1.28000E-04  1.44000E-04
  1.60000E-04  1.76000E-04  1.92000E-04  2.08000E-04  2.24000E-04  2.40000E-04
  2.56000E-04  2.88000E-04  3.20000E-04  3.52000E-04  3.84000E-04  4.16000E-04
  4.48000E-04  4.80000E-04  5.12000E-04  5.76000E-04  6.40000E-04  7.04000E-04
  7.68000E-04  8.32000E-04  8.96000E-04  9.60000E-04  1.02400E-03  1.15200E-03
  1.28000E-03  1.40800E-03  1.53600E-03  1.66400E-03  1.79200E-03  1.92000E-03
  2.01600E-03  2.27200E-03  2.52800E-03  2.78400E-03  3.04000E-03  3.29600E-03
  3.55200E-03  3.80800E-03  4.06400E-03  4.57600E-03  5.08800E-03  5.60000E-03
  6.11200E-03  6.62400E-03  7.13600E-03  7.64800E-03  8.16000E-03  9.18400E-03
  1.02080E-02  1.12320E-02  1.22560E-02  1.32800E-02  1.43040E-02  1.53280E-02
  1.63520E-02  1.84000E-02  2.04480E-02  2.24960E-02  2.45440E-02  2.65920E-02
  2.86400E-02  3.06880E-02  3.27360E-02  3.68320E-02  4.09280E-02  4.50240E-02
  4.91200E-02  5.32160E-02  5.73120E-02  6.14080E-02  6.55040E-02  7.36960E-02
  8.18880E-02  9.00800E-02  9.82720E-02  1.06464E-01  1.14656E-01  1.22848E-01
  1.31040E-01  1.47424E-01  1.63808E-01  1.80192E-01  1.96576E-01  2.12960E-01
  2.29344E-01  2.45728E-01  2.62112E-01  2.94880E-01  3.27648E-01  3.60416E-01
  3.93184E-01  4.25952E-01  4.58720E-01  4.91488E-01  5.24256E-01  5.89792E-01
  6.55328E-01  7.20864E-01  7.86400E-01  8.51936E-01  9.17472E-01  9.83008E-01
  9.97418E-01  1.00000E+00  9.98935E-01  9.94616E-01  9.95021E-01  9.97122E-01
  9.93027E-01  9.96777E-01  9.94756E-01  9.94379E-01  9.94350E-01  9.94521E-01
  9.94715E-01  9.95222E-01  9.94920E-01  9.96883E-01  9.92815E-01  9.94401E-01
  9.94116E-01  9.94581E-01  9.94742E-01  9.93272E-01  9.94361E-01  9.93947E-01
  9.93788E-01  9.95190E-01  9.94306E-01  9.92929E-01  9.93536E-01  9.93823E-01
  9.93078E-01  9.92414E-01  9.93191E-01  9.92969E-01  9.92123E-01  9.91946E-01
  9.91480E-01  9.90011E-01  9.90239E-01  9.90423E-01  9.90475E-01  9.89565E-01
  9.89647E-01  9.88314E-01  9.88384E-01  9.87248E-01  9.86715E-01  9.86153E-01
  9.85733E-01  9.84570E-01  9.83935E-01  9.82253E-01  9.80776E-01  9.79716E-01
  9.78465E-01  9.77130E-01  9.75841E-01  9.75142E-01  9.73289E-01  9.70882E-01
  9.68387E-01  9.65588E-01  9.63730E-01  9.60939E-01  9.58832E-01  9.56207E-01
  9.53886E-01  9.49335E-01  9.44685E-01  9.40015E-01  9.35707E-01  9.31205E-01
  9.26446E-01  9.22602E-01  9.18030E-01  9.09438E-01  9.01136E-01  8.93039E-01
  8.85041E-01  8.77149E-01  8.69353E-01  8.61547E-01  8.33625E-01  8.19177E-01
  8.04868E-01  7.90784E-01  7.77078E-01  7.63498E-01  7.50194E-01  7.37457E-01
  7.45977E-01  7.20964E-01  6.96994E-01  6.73949E-01  6.51761E-01  6.30184E-01
  6.09633E-01  5.89965E-01  5.70877E-01  5.34715E-01  5.01352E-01  4.70462E-01
  4.42037E-01  4.15717E-01  3.91191E-01  3.68424E-01  3.47373E-01  3.09803E-01
  2.77494E-01  2.49728E-01  2.25681E-01  2.04573E-01  1.85282E-01  1.68297E-01
  1.53982E-01  1.28038E-01  1.08068E-01  9.39946E-02  8.38247E-02  7.62791E-02
  7.01040E-02  6.54119E-02  5.87116E-02  4.94555E-02  4.41780E-02  4.45703E-02
  4.38060E-02  4.10652E-02  4.08248E-02  3.94215E-02  3.44331E-02  2.87832E-02
  2.80613E-02  2.47487E-02  1.88715E-02  1.44930E-02  6.52723E-03  6.65381E-03
  1.09589E-02  1.32898E-02  1.15770E-02  5.80314E-03  6.22206E-03 -6.33335E-04
  4.22920E-03  5.53921E-03  5.02188E-03  3.94862E-03  5.66571E-03  3.82083E-03
 -1.79574E-03  2.48074E-03 -2.68157E-03 -4.39211E-03 -7.75973E-03 -1.07397E-02
  7.25332E-03  4.12888E-03 -2.31958E-05 -9.08395E-04  2.06242E-03  3.27345E-03
