AutoSaveFileName0226.ASC
 IFORMY    0    .00
 (6E13.7)
 IFORMT    0    .00
 (6E13.7)
 IFORMW    0    .00
 (6E13.7)
 NINTT     0   -1.00
 DOUSNQ    0    1.00
 IQUAD     0    1.00
 PRWT      0    1.00
 PRY       0    1.00
 IPLRES    1    3.00
 IPLRES    2    3.00
 IPRINT    1    0.00
 IPRINT    2    2.00
 IPLFIT    1    0.00
 IPLFIT    2    0.00
 LINEPG    0   50.
 NONNEG    1    1.00
 IWT       0    5.00
 NQPROG    1    5.00
 NQPROG    2    5.00
 GMNMX     1    5.51842E+07
 GMNMX     2    7.96114E-18
 RUSER    10    -1.00
 NG        0    200.00
 NLINF     0    0.00
 IUSER    10    4.00
 RUSER    21    1.0
 RUSER    22   -1.0
 RUSER    23    0.0
 RUSER    18         292.06444
 RUSER    17         89.99900
 RUSER    19         1.02885
 RUSER    15         1.33200
 RUSER    16         632.80000
 RUSER    25         1
 RUSER    26         0
 END       0    0.00
 NY      182
  7.50000E-07  8.75000E-07  1.00000E-06  1.12500E-06  1.25000E-06  1.37500E-06
  1.50000E-06  1.62500E-06  1.75000E-06  1.87500E-06  2.00000E-06  2.25000E-06
  2.50000E-06  2.75000E-06  3.00000E-06  3.25000E-06  3.50000E-06  3.75000E-06
  4.00000E-06  4.50000E-06  5.00000E-06  5.50000E-06  6.00000E-06  6.50000E-06
  7.00000E-06  7.50000E-06  8.00000E-06  9.00000E-06  1.00000E-05  1.10000E-05
  1.20000E-05  1.30000E-05  1.40000E-05  1.50000E-05  1.60000E-05  1.80000E-05
  2.00000E-05  2.20000E-05  2.40000E-05  2.60000E-05  2.80000E-05  3.00000E-05
  3.20000E-05  3.60000E-05  4.00000E-05  4.40000E-05  4.80000E-05  5.20000E-05
  5.60000E-05  6.00000E-05  6.40000E-05  7.20000E-05  8.00000E-05  8.80000E-05
  9.60000E-05  1.04000E-04  1.12000E-04  1.20000E-04  1.28000E-04  1.44000E-04
  1.60000E-04  1.76000E-04  1.92000E-04  2.08000E-04  2.24000E-04  2.40000E-04
  2.56000E-04  2.88000E-04  3.20000E-04  3.52000E-04  3.84000E-04  4.16000E-04
  4.48000E-04  4.80000E-04  5.12000E-04  5.76000E-04  6.40000E-04  7.04000E-04
  7.68000E-04  8.32000E-04  8.96000E-04  9.60000E-04  1.02400E-03  1.15200E-03
  1.28000E-03  1.40800E-03  1.53600E-03  1.66400E-03  1.79200E-03  1.92000E-03
  2.01600E-03  2.27200E-03  2.52800E-03  2.78400E-03  3.04000E-03  3.29600E-03
  3.55200E-03  3.80800E-03  4.06400E-03  4.57600E-03  5.08800E-03  5.60000E-03
  6.11200E-03  6.62400E-03  7.13600E-03  7.64800E-03  8.16000E-03  9.18400E-03
  1.02080E-02  1.12320E-02  1.22560E-02  1.32800E-02  1.43040E-02  1.53280E-02
  1.63520E-02  1.84000E-02  2.04480E-02  2.24960E-02  2.45440E-02  2.65920E-02
  2.86400E-02  3.06880E-02  3.27360E-02  3.68320E-02  4.09280E-02  4.50240E-02
  4.91200E-02  5.32160E-02  5.73120E-02  6.14080E-02  6.55040E-02  7.36960E-02
  8.18880E-02  9.00800E-02  9.82720E-02  1.06464E-01  1.14656E-01  1.22848E-01
  1.31040E-01  1.47424E-01  1.63808E-01  1.80192E-01  1.96576E-01  2.12960E-01
  2.29344E-01  2.45728E-01  2.62112E-01  2.94880E-01  3.27648E-01  3.60416E-01
  3.93184E-01  4.25952E-01  4.58720E-01  4.91488E-01  5.24256E-01  5.89792E-01
  6.55328E-01  7.20864E-01  7.86400E-01  8.51936E-01  9.17472E-01  9.83008E-01
  1.04854E+00  1.17962E+00  1.31069E+00  1.44176E+00  1.57283E+00  1.70390E+00
  1.83498E+00  1.96605E+00  2.09712E+00  2.35926E+00  2.62141E+00  2.88355E+00
  3.14570E+00  3.40784E+00  3.66998E+00  3.93213E+00  4.19427E+00  4.71856E+00
  5.24285E+00  5.76714E+00
  9.95494E-01  9.98530E-01  9.94938E-01  9.97750E-01  1.00000E+00  9.98839E-01
  9.98403E-01  9.96565E-01  9.94012E-01  9.94315E-01  9.97206E-01  9.96734E-01
  9.95530E-01  9.95512E-01  9.98579E-01  9.94442E-01  9.94484E-01  9.93619E-01
  9.94811E-01  9.94944E-01  9.96528E-01  9.95367E-01  9.94720E-01  9.93952E-01
  9.92597E-01  9.96317E-01  9.93377E-01  9.92059E-01  9.91007E-01  9.91744E-01
  9.91521E-01  9.90819E-01  9.90178E-01  9.88950E-01  9.89180E-01  9.87976E-01
  9.87511E-01  9.85315E-01  9.84813E-01  9.83640E-01  9.82442E-01  9.81959E-01
  9.81438E-01  9.78886E-01  9.76993E-01  9.75360E-01  9.72651E-01  9.70371E-01
  9.68520E-01  9.66101E-01  9.64498E-01  9.60210E-01  9.56708E-01  9.52498E-01
  9.48114E-01  9.44194E-01  9.40148E-01  9.36271E-01  9.32564E-01  9.24689E-01
  9.16676E-01  9.08958E-01  9.01156E-01  8.93669E-01  8.86079E-01  8.79160E-01
  8.71757E-01  8.56975E-01  8.42913E-01  8.28749E-01  8.15213E-01  8.01823E-01
  7.88239E-01  7.75338E-01  7.62813E-01  7.37756E-01  7.13594E-01  6.90484E-01
  6.68318E-01  6.46708E-01  6.26108E-01  6.05775E-01  5.78763E-01  5.41985E-01
  5.07430E-01  4.75468E-01  4.45504E-01  4.17634E-01  3.90940E-01  3.65963E-01
  3.54687E-01  3.11087E-01  2.73059E-01  2.40069E-01  2.11148E-01  1.85927E-01
  1.63311E-01  1.44533E-01  1.28453E-01  1.00377E-01  7.88142E-02  6.06089E-02
  4.58248E-02  3.62546E-02  2.91475E-02  2.35725E-02  1.93265E-02  1.59205E-02
  1.64665E-02  1.66485E-02  1.40758E-02  1.06974E-02  7.59390E-03  4.57520E-03
 -2.20989E-03 -8.48877E-03 -5.39312E-03 -5.60047E-04  3.96865E-03  8.38154E-03
  7.14410E-03 -9.62490E-05 -1.22086E-03  1.04096E-02  1.45387E-02  1.51976E-03
 -8.70196E-05  7.58422E-03 -5.04505E-03  1.22831E-03  3.84524E-03  1.42633E-04
 -1.13389E-03 -2.84142E-03 -2.44145E-03 -2.57279E-03 -1.53850E-03 -2.69579E-03
 -1.45172E-03 -6.44228E-03  7.27347E-03 -1.96868E-03 -3.82765E-03  6.86420E-03
  6.64477E-03 -4.18996E-03 -3.70043E-03 -4.89823E-04  2.01973E-03  7.79487E-04
 -3.85303E-03 -1.18206E-03 -2.75278E-03 -7.03766E-03 -7.85802E-03 -1.08319E-03
 -4.25340E-03  5.51703E-05  3.72832E-03 -1.70747E-03  3.64896E-03 -1.74916E-03
  3.12169E-04  7.26131E-05  3.42741E-04  2.61442E-04  1.31966E-03 -4.73829E-03
 -2.09091E-03  3.06695E-03  1.72141E-03  7.26537E-04  1.16059E-03  1.23745E-03
 -2.98434E-03  6.34697E-04  1.21140E-03 -1.06932E-03 -7.94323E-04  6.18845E-04
 -1.20696E-04  5.75712E-04
