AutoSaveFileName0182.ASC
 IFORMY    0    .00
 (6E13.7)
 IFORMT    0    .00
 (6E13.7)
 IFORMW    0    .00
 (6E13.7)
 NINTT     0   -1.00
 DOUSNQ    0    1.00
 IQUAD          1.00
 PRWT      0    1.00
 PRY       0    1.00
 IPLRES    1    3.00
 IPLRES    2    3.00
 IPRINT    1    0.00
 IPRINT    2    2.00
 IPLFIT    1    0.00
 IPLFIT    2    0.00
 LINEPG    0   50.
 NONNEG    1    1.00
 IWT       0    5.00
 NQPROG    1    5.00
 NQPROG    2    5.00
 GMNMX     1    1.087E-05
 GMNMX     2    1.087E-02
 RUSER    10    -1.00
 NG        0    200.00
 NLINF     0    0.00
 IUSER    10    4.00
 RUSER    21    1.0
 RUSER    22   -1.0
 RUSER    23    0.0
 RUSER    18         292.22728
 RUSER    17         104.99900
 RUSER    19         1.02472
 RUSER    15         1.33200
 RUSER    16         632.80000
 RUSER    25         1
 RUSER    26         0
 END       0    0.00
 NY      188
  5.00000E-07  6.25000E-07  7.50000E-07  8.75000E-07  1.00000E-06  1.12500E-06
  1.25000E-06  1.37500E-06  1.50000E-06  1.62500E-06  1.75000E-06  1.87500E-06
  2.00000E-06  2.25000E-06  2.50000E-06  2.75000E-06  3.00000E-06  3.25000E-06
  3.50000E-06  3.75000E-06  4.00000E-06  4.50000E-06  5.00000E-06  5.50000E-06
  6.00000E-06  6.50000E-06  7.00000E-06  7.50000E-06  8.00000E-06  9.00000E-06
  1.00000E-05  1.10000E-05  1.20000E-05  1.30000E-05  1.40000E-05  1.50000E-05
  1.60000E-05  1.80000E-05  2.00000E-05  2.20000E-05  2.40000E-05  2.60000E-05
  2.80000E-05  3.00000E-05  3.20000E-05  3.60000E-05  4.00000E-05  4.40000E-05
  4.80000E-05  5.20000E-05  5.60000E-05  6.00000E-05  6.40000E-05  7.20000E-05
  8.00000E-05  8.80000E-05  9.60000E-05  1.04000E-04  1.12000E-04  1.20000E-04
  1.28000E-04  1.44000E-04  1.60000E-04  1.76000E-04  1.92000E-04  2.08000E-04
  2.24000E-04  2.40000E-04  2.56000E-04  2.88000E-04  3.20000E-04  3.52000E-04
  3.84000E-04  4.16000E-04  4.48000E-04  4.80000E-04  5.12000E-04  5.76000E-04
  6.40000E-04  7.04000E-04  7.68000E-04  8.32000E-04  8.96000E-04  9.60000E-04
  1.02400E-03  1.15200E-03  1.28000E-03  1.40800E-03  1.53600E-03  1.66400E-03
  1.79200E-03  1.92000E-03  2.01600E-03  2.27200E-03  2.52800E-03  2.78400E-03
  3.04000E-03  3.29600E-03  3.55200E-03  3.80800E-03  4.06400E-03  4.57600E-03
  5.08800E-03  5.60000E-03  6.11200E-03  6.62400E-03  7.13600E-03  7.64800E-03
  8.16000E-03  9.18400E-03  1.02080E-02  1.12320E-02  1.22560E-02  1.32800E-02
  1.43040E-02  1.53280E-02  1.63520E-02  1.84000E-02  2.04480E-02  2.24960E-02
  2.45440E-02  2.65920E-02  2.86400E-02  3.06880E-02  3.27360E-02  3.68320E-02
  4.09280E-02  4.50240E-02  4.91200E-02  5.32160E-02  5.73120E-02  6.14080E-02
  6.55040E-02  7.36960E-02  8.18880E-02  9.00800E-02  9.82720E-02  1.06464E-01
  1.14656E-01  1.22848E-01  1.31040E-01  1.47424E-01  1.63808E-01  1.80192E-01
  1.96576E-01  2.12960E-01  2.29344E-01  2.45728E-01  2.62112E-01  2.94880E-01
  3.27648E-01  3.60416E-01  3.93184E-01  4.25952E-01  4.58720E-01  4.91488E-01
  5.24256E-01  5.89792E-01  6.55328E-01  7.20864E-01  7.86400E-01  8.51936E-01
  9.17472E-01  9.83008E-01  1.04854E+00  1.17962E+00  1.31069E+00  1.44176E+00
  1.57283E+00  1.70390E+00  1.83498E+00  1.96605E+00  2.09712E+00  2.35926E+00
  2.62141E+00  2.88355E+00  3.14570E+00  3.40784E+00  3.66998E+00  3.93213E+00
  4.19427E+00  4.71856E+00  5.24285E+00  5.76714E+00  6.29142E+00  6.81571E+00
  7.34000E+00  7.86429E+00
  9.98851E-01  9.97686E-01  9.95714E-01  9.96725E-01  9.94951E-01  9.95020E-01
  9.94004E-01  9.93147E-01  9.94865E-01  9.92817E-01  9.94119E-01  9.95345E-01
  9.94840E-01  9.94784E-01  9.93541E-01  9.93935E-01  9.94141E-01  9.92851E-01
  9.93455E-01  9.93721E-01  9.93177E-01  9.92589E-01  9.93352E-01  9.92731E-01
  9.92474E-01  9.92199E-01  9.91141E-01  9.93198E-01  9.90943E-01  9.91162E-01
  9.90356E-01  9.91098E-01  9.90421E-01  9.89388E-01  9.88856E-01  9.89876E-01
  9.89366E-01  9.88110E-01  9.87725E-01  9.87043E-01  9.86627E-01  9.85924E-01
  9.85479E-01  9.84360E-01  9.83734E-01  9.82607E-01  9.80987E-01  9.79894E-01
  9.78642E-01  9.77284E-01  9.75711E-01  9.74695E-01  9.73396E-01  9.71017E-01
  9.68514E-01  9.65690E-01  9.63208E-01  9.60448E-01  9.57778E-01  9.55223E-01
  9.52664E-01  9.47577E-01  9.42455E-01  9.37072E-01  9.32241E-01  9.27184E-01
  9.22238E-01  9.17124E-01  9.12161E-01  9.02462E-01  8.92719E-01  8.83063E-01
  8.73582E-01  8.64272E-01  8.55002E-01  8.45731E-01  8.36627E-01  8.19119E-01
  8.01768E-01  7.84573E-01  7.67900E-01  7.51433E-01  7.35548E-01  7.19981E-01
  6.64961E-01  6.36591E-01  6.09499E-01  5.83941E-01  5.59527E-01  5.36412E-01
  5.14416E-01  4.93483E-01  5.09753E-01  4.70300E-01  4.34562E-01  4.01990E-01
  3.72184E-01  3.45066E-01  3.20284E-01  2.97328E-01  2.76163E-01  2.37094E-01
  2.03686E-01  1.73761E-01  1.48379E-01  1.26839E-01  1.08849E-01  9.37376E-02
  8.13255E-02  5.91339E-02  4.31382E-02  3.13055E-02  2.05737E-02  1.25180E-02
  7.43803E-03  3.22077E-03 -5.03585E-04 -1.09339E-02 -1.49561E-02 -1.24999E-02
 -8.93478E-03 -2.68749E-03  1.85455E-03  5.18244E-03  1.04883E-02  1.27960E-02
  7.39376E-03 -2.90903E-03  2.11739E-03  4.07457E-03  3.65745E-03 -2.95185E-03
 -9.15663E-03 -1.33418E-02 -3.77694E-03  4.88113E-03  9.07309E-03  6.49929E-04
  7.16651E-03  7.22034E-03  3.34761E-03 -2.62237E-03  1.18860E-02 -1.50772E-03
 -3.36805E-03  9.72355E-04  3.04576E-04 -8.50141E-04  4.91284E-03  4.18845E-04
 -5.90413E-03  2.41082E-03  9.38079E-04 -1.45063E-03  2.42596E-03  1.35730E-03
  1.43394E-03 -2.86405E-03  2.71865E-03  6.64125E-06 -2.67043E-03 -2.32878E-03
  3.12387E-03 -1.04150E-03  1.31087E-03 -1.32157E-03  6.12838E-04 -3.01594E-03
 -3.03312E-03  7.14988E-04 -3.77877E-04 -2.99096E-03 -1.41254E-03 -3.29618E-03
  2.62266E-03 -5.25603E-04 -2.19199E-04  9.95645E-04 -1.61432E-05 -2.10535E-03
  5.02835E-04  1.56741E-03 -2.60624E-03 -2.87289E-03 -1.33280E-03 -2.15616E-04
  1.69846E-03  1.25342E-03
