AutoSaveFileName0140.ASC
 IFORMY    0    .00
 (6E13.7)
 IFORMT    0    .00
 (6E13.7)
 IFORMW    0    .00
 (6E13.7)
 NINTT     0   -1.00
 DOUSNQ    0    1.00
 IQUAD     0    1.00
 PRWT      0    1.00
 PRY       0    1.00
 IPLRES    1    3.00
 IPLRES    2    3.00
 IPRINT    1    0.00
 IPRINT    2    2.00
 IPLFIT    1    0.00
 IPLFIT    2    0.00
 LINEPG    0   50.
 NONNEG    1    1.00
 IWT       0    5.00
 NQPROG    1    5.00
 NQPROG    2    5.00
 GMNMX     1    5.88456E-03
 GMNMX     2    2.11241E-03
 RUSER    10    -1.00
 NG        0    500.00
 NLINF     0    1.00
 IUSER    10    4.00
 RUSER    21    1.0
 RUSER    22   -1.0
 RUSER    23    0.0
 RUSER    18         291.99811
 RUSER    17         84.99900
 RUSER    19         1.03055
 RUSER    15         1.33200
 RUSER    16         632.80000
 RUSER    25         1
 RUSER    26         0
 END       0    0.00
 NY      162
  7.50000E-07  8.75000E-07  1.00000E-06  1.12500E-06  1.25000E-06  1.37500E-06
  1.50000E-06  1.62500E-06  1.75000E-06  1.87500E-06  2.00000E-06  2.25000E-06
  2.50000E-06  2.75000E-06  3.00000E-06  3.25000E-06  3.50000E-06  3.75000E-06
  4.00000E-06  4.50000E-06  5.00000E-06  5.50000E-06  6.00000E-06  6.50000E-06
  7.00000E-06  7.50000E-06  8.00000E-06  9.00000E-06  1.00000E-05  1.10000E-05
  1.20000E-05  1.30000E-05  1.40000E-05  1.50000E-05  1.60000E-05  1.80000E-05
  2.00000E-05  2.20000E-05  2.40000E-05  2.60000E-05  2.80000E-05  3.00000E-05
  3.20000E-05  3.60000E-05  4.00000E-05  4.40000E-05  4.80000E-05  5.20000E-05
  5.60000E-05  6.00000E-05  6.40000E-05  7.20000E-05  8.00000E-05  8.80000E-05
  9.60000E-05  1.04000E-04  1.12000E-04  1.20000E-04  1.28000E-04  1.44000E-04
  1.60000E-04  1.76000E-04  1.92000E-04  2.08000E-04  2.24000E-04  2.40000E-04
  2.56000E-04  2.88000E-04  3.20000E-04  3.52000E-04  3.84000E-04  4.16000E-04
  4.48000E-04  4.80000E-04  5.12000E-04  5.76000E-04  6.40000E-04  7.04000E-04
  7.68000E-04  8.32000E-04  8.96000E-04  9.60000E-04  1.02400E-03  1.15200E-03
  1.28000E-03  1.40800E-03  1.53600E-03  1.66400E-03  1.79200E-03  1.92000E-03
  2.01600E-03  2.27200E-03  2.52800E-03  2.78400E-03  3.04000E-03  3.29600E-03
  3.55200E-03  3.80800E-03  4.06400E-03  4.57600E-03  5.08800E-03  5.60000E-03
  6.11200E-03  6.62400E-03  7.13600E-03  7.64800E-03  8.16000E-03  9.18400E-03
  1.02080E-02  1.12320E-02  1.22560E-02  1.32800E-02  1.43040E-02  1.53280E-02
  1.63520E-02  1.84000E-02  2.04480E-02  2.24960E-02  2.45440E-02  2.65920E-02
  2.86400E-02  3.06880E-02  3.27360E-02  3.68320E-02  4.09280E-02  4.50240E-02
  4.91200E-02  5.32160E-02  5.73120E-02  6.14080E-02  6.55040E-02  7.36960E-02
  8.18880E-02  9.00800E-02  9.82720E-02  1.06464E-01  1.14656E-01  1.22848E-01
  1.31040E-01  1.47424E-01  1.63808E-01  1.80192E-01  1.96576E-01  2.12960E-01
  2.29344E-01  2.45728E-01  2.62112E-01  2.94880E-01  3.27648E-01  3.60416E-01
  3.93184E-01  4.25952E-01  4.58720E-01  4.91488E-01  5.24256E-01  5.89792E-01
  6.55328E-01  7.20864E-01  7.86400E-01  8.51936E-01  9.17472E-01  9.83008E-01
  9.88821E-01  1.00000E+00  9.85661E-01  9.88811E-01  9.92138E-01  9.87854E-01
  9.85172E-01  9.84266E-01  9.87636E-01  9.75616E-01  9.82291E-01  9.80824E-01
  9.84692E-01  9.83580E-01  9.83424E-01  9.83471E-01  9.81376E-01  9.82051E-01
  9.79401E-01  9.74257E-01  9.76162E-01  9.76032E-01  9.74717E-01  9.67266E-01
  9.67327E-01  9.68453E-01  9.66642E-01  9.63635E-01  9.58450E-01  9.57147E-01
  9.56512E-01  9.51945E-01  9.48487E-01  9.46015E-01  9.44348E-01  9.37456E-01
  9.30537E-01  9.26088E-01  9.19442E-01  9.14787E-01  9.10373E-01  9.04192E-01
  8.99255E-01  8.88654E-01  8.75779E-01  8.65592E-01  8.55173E-01  8.45868E-01
  8.35142E-01  8.26434E-01  8.15286E-01  7.96048E-01  7.77284E-01  7.60126E-01
  7.41802E-01  7.23862E-01  7.06927E-01  6.90163E-01  6.74239E-01  6.43364E-01
  6.13482E-01  5.84372E-01  5.57408E-01  5.31670E-01  5.06187E-01  4.81583E-01
  4.59740E-01  4.17422E-01  3.79899E-01  3.45949E-01  3.14304E-01  2.86226E-01
  2.59965E-01  2.35961E-01  2.14784E-01  1.76812E-01  1.45760E-01  1.20412E-01
  9.96396E-02  8.27960E-02  6.90106E-02  5.72789E-02  4.74701E-02  3.30873E-02
  2.56204E-02  1.98577E-02  1.59512E-02  1.28727E-02  8.96294E-03  6.26790E-03
  6.46039E-03  4.57194E-03 -6.85005E-05  4.28697E-04  3.08786E-04  2.58835E-03
  4.46235E-03  4.14637E-03  3.16453E-03  1.60953E-03 -1.26358E-04  2.33001E-04
  7.67524E-04 -9.74727E-04 -4.56991E-03  1.22071E-03  2.78526E-03  6.72478E-04
 -1.84135E-03 -1.64335E-03 -2.38569E-03 -8.47510E-04  2.27979E-04  2.68557E-03
  1.99313E-03 -2.47206E-03  1.06693E-03 -3.65821E-05  3.91668E-03 -3.58902E-03
 -3.25842E-03 -3.74138E-03 -2.69669E-03 -1.07406E-03 -3.43204E-03 -1.54374E-03
  1.87046E-03 -6.54515E-05 -1.52795E-03  5.60992E-04  2.12951E-03 -1.97454E-03
 -1.95032E-03 -8.15098E-04 -5.56038E-04  4.47638E-04 -2.13953E-03 -2.11721E-03
 -1.49639E-03  3.37677E-04  1.00430E-03 -1.42824E-03 -8.74944E-04  1.62741E-03
  1.38209E-03 -1.22038E-03  1.44873E-04  1.12513E-03 -2.05606E-03  1.46352E-04
 -7.30033E-04  6.00306E-04  2.00654E-04  1.10014E-03  3.00750E-04  5.32038E-04
  7.00896E-05 -1.63670E-04 -5.35104E-04 -6.12851E-04  3.60735E-04 -3.89513E-04
