AutoSaveFileName0280.ASC
 IFORMY    0    .00
 (6E13.7)
 IFORMT    0    .00
 (6E13.7)
 IFORMW    0    .00
 (6E13.7)
 NINTT     0   -1.00
 DOUSNQ    0    1.00
 IQUAD          1.00
 PRWT      0    1.00
 PRY       0    1.00
 IPLRES    1    3.00
 IPLRES    2    3.00
 IPRINT    1    0.00
 IPRINT    2    2.00
 IPLFIT    1    0.00
 IPLFIT    2    0.00
 LINEPG    0   50.
 NONNEG    1    1.00
 IWT       0    5.00
 NQPROG    1    5.00
 NQPROG    2    5.00
 GMNMX     1    7.173E-06
 GMNMX     2    7.173E-03
 RUSER    10    -1.00
 NG        0    200.00
 NLINF     0    0.00
 IUSER    10    4.00
 RUSER    21    1.0
 RUSER    22   -1.0
 RUSER    23    0.0
 RUSER    18         292.25488
 RUSER    17         154.99900
 RUSER    19         1.02402
 RUSER    15         1.33200
 RUSER    16         632.80000
 RUSER    25         1
 RUSER    26         0
 END       0    0.00
 NY      188
  5.00000E-07  6.25000E-07  7.50000E-07  8.75000E-07  1.00000E-06  1.12500E-06
  1.25000E-06  1.37500E-06  1.50000E-06  1.62500E-06  1.75000E-06  1.87500E-06
  2.00000E-06  2.25000E-06  2.50000E-06  2.75000E-06  3.00000E-06  3.25000E-06
  3.50000E-06  3.75000E-06  4.00000E-06  4.50000E-06  5.00000E-06  5.50000E-06
  6.00000E-06  6.50000E-06  7.00000E-06  7.50000E-06  8.00000E-06  9.00000E-06
  1.00000E-05  1.10000E-05  1.20000E-05  1.30000E-05  1.40000E-05  1.50000E-05
  1.60000E-05  1.80000E-05  2.00000E-05  2.20000E-05  2.40000E-05  2.60000E-05
  2.80000E-05  3.00000E-05  3.20000E-05  3.60000E-05  4.00000E-05  4.40000E-05
  4.80000E-05  5.20000E-05  5.60000E-05  6.00000E-05  6.40000E-05  7.20000E-05
  8.00000E-05  8.80000E-05  9.60000E-05  1.04000E-04  1.12000E-04  1.20000E-04
  1.28000E-04  1.44000E-04  1.60000E-04  1.76000E-04  1.92000E-04  2.08000E-04
  2.24000E-04  2.40000E-04  2.56000E-04  2.88000E-04  3.20000E-04  3.52000E-04
  3.84000E-04  4.16000E-04  4.48000E-04  4.80000E-04  5.12000E-04  5.76000E-04
  6.40000E-04  7.04000E-04  7.68000E-04  8.32000E-04  8.96000E-04  9.60000E-04
  1.02400E-03  1.15200E-03  1.28000E-03  1.40800E-03  1.53600E-03  1.66400E-03
  1.79200E-03  1.92000E-03  2.01600E-03  2.27200E-03  2.52800E-03  2.78400E-03
  3.04000E-03  3.29600E-03  3.55200E-03  3.80800E-03  4.06400E-03  4.57600E-03
  5.08800E-03  5.60000E-03  6.11200E-03  6.62400E-03  7.13600E-03  7.64800E-03
  8.16000E-03  9.18400E-03  1.02080E-02  1.12320E-02  1.22560E-02  1.32800E-02
  1.43040E-02  1.53280E-02  1.63520E-02  1.84000E-02  2.04480E-02  2.24960E-02
  2.45440E-02  2.65920E-02  2.86400E-02  3.06880E-02  3.27360E-02  3.68320E-02
  4.09280E-02  4.50240E-02  4.91200E-02  5.32160E-02  5.73120E-02  6.14080E-02
  6.55040E-02  7.36960E-02  8.18880E-02  9.00800E-02  9.82720E-02  1.06464E-01
  1.14656E-01  1.22848E-01  1.31040E-01  1.47424E-01  1.63808E-01  1.80192E-01
  1.96576E-01  2.12960E-01  2.29344E-01  2.45728E-01  2.62112E-01  2.94880E-01
  3.27648E-01  3.60416E-01  3.93184E-01  4.25952E-01  4.58720E-01  4.91488E-01
  5.24256E-01  5.89792E-01  6.55328E-01  7.20864E-01  7.86400E-01  8.51936E-01
  9.17472E-01  9.83008E-01  1.04854E+00  1.17962E+00  1.31069E+00  1.44176E+00
  1.57283E+00  1.70390E+00  1.83498E+00  1.96605E+00  2.09712E+00  2.35926E+00
  2.62141E+00  2.88355E+00  3.14570E+00  3.40784E+00  3.66998E+00  3.93213E+00
  4.19427E+00  4.71856E+00  5.24285E+00  5.76714E+00  6.29142E+00  6.81571E+00
  7.34000E+00  7.86429E+00
  9.89974E-01  9.85991E-01  9.87260E-01  9.88275E-01  9.86526E-01  9.92350E-01
  9.86474E-01  9.86371E-01  9.84293E-01  9.83123E-01  9.87002E-01  9.82026E-01
  9.85596E-01  9.87501E-01  9.84826E-01  9.84341E-01  9.87208E-01  9.82445E-01
  9.79648E-01  9.83788E-01  9.83424E-01  9.85918E-01  9.85602E-01  9.84832E-01
  9.81971E-01  9.82445E-01  9.83053E-01  9.82300E-01  9.79914E-01  9.82661E-01
  9.83111E-01  9.79318E-01  9.79446E-01  9.80784E-01  9.80154E-01  9.78830E-01
  9.79107E-01  9.77556E-01  9.77929E-01  9.75964E-01  9.76322E-01  9.76021E-01
  9.75231E-01  9.72442E-01  9.72396E-01  9.70260E-01  9.69115E-01  9.68663E-01
  9.65465E-01  9.63829E-01  9.63074E-01  9.59788E-01  9.59034E-01  9.56336E-01
  9.52459E-01  9.48874E-01  9.45866E-01  9.41503E-01  9.39714E-01  9.35663E-01
  9.32572E-01  9.25863E-01  9.19085E-01  9.12561E-01  9.06343E-01  8.99674E-01
  8.93406E-01  8.87574E-01  8.81034E-01  8.68834E-01  8.56309E-01  8.44207E-01
  8.32430E-01  8.21124E-01  8.09607E-01  7.98418E-01  7.87831E-01  7.66042E-01
  7.45008E-01  7.24188E-01  7.04184E-01  6.84561E-01  6.65697E-01  6.47513E-01
  6.29238E-01  5.95544E-01  5.64165E-01  5.34134E-01  5.06307E-01  4.80143E-01
  4.55639E-01  4.32789E-01  4.17577E-01  3.77953E-01  3.42538E-01  3.11129E-01
  2.83481E-01  2.58858E-01  2.36661E-01  2.16386E-01  1.99139E-01  1.70036E-01
  1.48561E-01  1.32839E-01  1.19889E-01  1.07215E-01  9.48997E-02  8.61953E-02
  7.90074E-02  6.78817E-02  5.62814E-02  4.57399E-02  4.02189E-02  3.96658E-02
  3.77819E-02  3.50742E-02  2.93137E-02  1.58146E-02  1.37862E-02  1.78769E-02
  2.73432E-02  3.03494E-02  2.39564E-02  1.56595E-02  1.79051E-02  2.03492E-02
  5.21893E-03 -3.84820E-03 -5.06800E-03  1.07546E-02  1.13921E-02  1.00934E-02
  3.87918E-03 -8.01352E-03  6.77730E-04  3.22549E-04 -8.34770E-03 -5.00881E-03
 -1.95991E-03  1.12099E-03  5.74381E-03  3.29848E-03 -4.76988E-03 -1.21618E-02
  1.61958E-03  3.62210E-03  2.91067E-03 -1.76829E-03  3.88882E-03 -8.34739E-03
 -1.94591E-03 -5.80689E-03 -5.13264E-03 -1.03316E-02  6.71386E-03  2.23901E-03
 -5.35446E-03 -2.74156E-03 -6.34076E-03 -6.28220E-03 -4.91597E-03  1.03168E-02
  2.09984E-03  1.93241E-03  5.30590E-03 -3.16119E-04 -8.51280E-04 -3.50310E-03
 -1.03581E-02  6.90046E-03 -2.43652E-03  1.54542E-03 -2.52916E-03 -5.02317E-03
  2.39125E-03 -4.34115E-04 -2.13049E-03  5.18067E-04 -1.14026E-03 -7.06759E-04
  1.12774E-03  1.30470E-04  4.50848E-03 -3.97862E-03  3.94827E-03 -1.95231E-03
 -2.49070E-03 -3.01162E-03
