AutoSaveFileName0232.ASC
 IFORMY    0    .00
 (6E13.7)
 IFORMT    0    .00
 (6E13.7)
 IFORMW    0    .00
 (6E13.7)
 NINTT     0   -1.00
 DOUSNQ    0    1.00
 IQUAD     0    1.00
 PRWT      0    1.00
 PRY       0    1.00
 IPLRES    1    3.00
 IPLRES    2    3.00
 IPRINT    1    0.00
 IPRINT    2    2.00
 IPLFIT    1    0.00
 IPLFIT    2    0.00
 LINEPG    0   50.
 NONNEG    1    1.00
 IWT       0    5.00
 NQPROG    1    5.00
 NQPROG    2    5.00
 GMNMX     1    3.25954E-03
 GMNMX     2    1.17009E-03
 RUSER    10    -1.00
 NG        0    500.00
 NLINF     0    1.00
 IUSER    10    4.00
 RUSER    21    1.0
 RUSER    22   -1.0
 RUSER    23    0.0
 RUSER    18         292.10979
 RUSER    17         129.99900
 RUSER    19         1.02770
 RUSER    15         1.33200
 RUSER    16         632.80000
 RUSER    25         1
 RUSER    26         0
 END       0    0.00
 NY      162
  7.50000E-07  8.75000E-07  1.00000E-06  1.12500E-06  1.25000E-06  1.37500E-06
  1.50000E-06  1.62500E-06  1.75000E-06  1.87500E-06  2.00000E-06  2.25000E-06
  2.50000E-06  2.75000E-06  3.00000E-06  3.25000E-06  3.50000E-06  3.75000E-06
  4.00000E-06  4.50000E-06  5.00000E-06  5.50000E-06  6.00000E-06  6.50000E-06
  7.00000E-06  7.50000E-06  8.00000E-06  9.00000E-06  1.00000E-05  1.10000E-05
  1.20000E-05  1.30000E-05  1.40000E-05  1.50000E-05  1.60000E-05  1.80000E-05
  2.00000E-05  2.20000E-05  2.40000E-05  2.60000E-05  2.80000E-05  3.00000E-05
  3.20000E-05  3.60000E-05  4.00000E-05  4.40000E-05  4.80000E-05  5.20000E-05
  5.60000E-05  6.00000E-05  6.40000E-05  7.20000E-05  8.00000E-05  8.80000E-05
  9.60000E-05  1.04000E-04  1.12000E-04  1.20000E-04  1.28000E-04  1.44000E-04
  1.60000E-04  1.76000E-04  1.92000E-04  2.08000E-04  2.24000E-04  2.40000E-04
  2.56000E-04  2.88000E-04  3.20000E-04  3.52000E-04  3.84000E-04  4.16000E-04
  4.48000E-04  4.80000E-04  5.12000E-04  5.76000E-04  6.40000E-04  7.04000E-04
  7.68000E-04  8.32000E-04  8.96000E-04  9.60000E-04  1.02400E-03  1.15200E-03
  1.28000E-03  1.40800E-03  1.53600E-03  1.66400E-03  1.79200E-03  1.92000E-03
  2.01600E-03  2.27200E-03  2.52800E-03  2.78400E-03  3.04000E-03  3.29600E-03
  3.55200E-03  3.80800E-03  4.06400E-03  4.57600E-03  5.08800E-03  5.60000E-03
  6.11200E-03  6.62400E-03  7.13600E-03  7.64800E-03  8.16000E-03  9.18400E-03
  1.02080E-02  1.12320E-02  1.22560E-02  1.32800E-02  1.43040E-02  1.53280E-02
  1.63520E-02  1.84000E-02  2.04480E-02  2.24960E-02  2.45440E-02  2.65920E-02
  2.86400E-02  3.06880E-02  3.27360E-02  3.68320E-02  4.09280E-02  4.50240E-02
  4.91200E-02  5.32160E-02  5.73120E-02  6.14080E-02  6.55040E-02  7.36960E-02
  8.18880E-02  9.00800E-02  9.82720E-02  1.06464E-01  1.14656E-01  1.22848E-01
  1.31040E-01  1.47424E-01  1.63808E-01  1.80192E-01  1.96576E-01  2.12960E-01
  2.29344E-01  2.45728E-01  2.62112E-01  2.94880E-01  3.27648E-01  3.60416E-01
  3.93184E-01  4.25952E-01  4.58720E-01  4.91488E-01  5.24256E-01  5.89792E-01
  6.55328E-01  7.20864E-01  7.86400E-01  8.51936E-01  9.17472E-01  9.83008E-01
  9.98699E-01  9.95788E-01  1.00000E+00  9.95769E-01  9.94222E-01  9.92739E-01
  9.89857E-01  9.90288E-01  9.87602E-01  9.86602E-01  9.83747E-01  9.85257E-01
  9.82533E-01  9.84435E-01  9.84071E-01  9.79183E-01  9.81402E-01  9.78728E-01
  9.76787E-01  9.73378E-01  9.71547E-01  9.69170E-01  9.66445E-01  9.62744E-01
  9.59671E-01  9.57362E-01  9.54847E-01  9.48678E-01  9.43343E-01  9.39531E-01
  9.33045E-01  9.27224E-01  9.23890E-01  9.19374E-01  9.13676E-01  9.01784E-01
  8.93187E-01  8.83506E-01  8.75138E-01  8.64244E-01  8.53950E-01  8.43723E-01
  8.34928E-01  8.15998E-01  7.98301E-01  7.80660E-01  7.63477E-01  7.46326E-01
  7.30785E-01  7.14425E-01  6.98634E-01  6.68034E-01  6.38651E-01  6.11029E-01
  5.83817E-01  5.58844E-01  5.34073E-01  5.10820E-01  4.88563E-01  4.46870E-01
  4.09037E-01  3.74104E-01  3.41984E-01  3.13255E-01  2.86774E-01  2.62604E-01
  2.40822E-01  2.01937E-01  1.69759E-01  1.42425E-01  1.19291E-01  1.00055E-01
  8.35656E-02  7.00536E-02  5.93367E-02  4.16408E-02  2.95867E-02  2.16497E-02
  1.59233E-02  1.21293E-02  9.24487E-03  7.55125E-03  5.98485E-03  3.20385E-03
  1.29463E-03 -3.22878E-04 -6.09593E-04 -9.18500E-04 -1.60062E-03 -7.76678E-04
  1.31474E-04 -1.43699E-04 -3.72594E-04  6.27859E-04  1.47792E-03 -5.74631E-04
 -1.23492E-04  1.16923E-03  7.01501E-04  2.36509E-03  1.52620E-03 -2.05699E-04
  2.11376E-03  4.34247E-03  1.07104E-03 -2.58493E-04 -1.23084E-03 -1.19013E-04
 -2.62959E-04 -4.65212E-04 -1.09258E-03  1.12170E-03  2.70534E-04  6.45789E-04
  3.63659E-04 -2.00058E-04  1.47109E-03 -1.09125E-03  5.80622E-05  2.56696E-04
 -1.42493E-03  4.87005E-04  6.95992E-04  1.20115E-04  5.15569E-05 -4.20865E-05
 -4.12157E-04  1.85423E-03  1.74024E-03 -3.82129E-04 -3.26178E-04  1.86360E-04
 -6.17815E-04 -3.38655E-04 -2.51548E-04 -1.01894E-04  4.71258E-04 -4.86827E-04
  3.11094E-04 -3.44341E-05 -5.62494E-04 -3.07630E-04 -4.36549E-04 -1.86283E-04
 -3.98862E-04 -6.48696E-05 -2.13267E-05  9.77886E-05  4.43770E-04  2.39176E-04
  4.38807E-04 -6.36346E-05 -2.40325E-06 -3.22862E-04 -1.37596E-04 -1.05329E-04
  3.14401E-04 -8.96525E-05  1.21276E-04 -3.02731E-04  1.12753E-04  6.97226E-05
