AutoSaveFileName0214.ASC
 IFORMY    0    .00
 (6E13.7)
 IFORMT    0    .00
 (6E13.7)
 IFORMW    0    .00
 (6E13.7)
 NINTT     0   -1.00
 DOUSNQ    0    1.00
 IQUAD          1.00
 PRWT      0    1.00
 PRY       0    1.00
 IPLRES    1    3.00
 IPLRES    2    3.00
 IPRINT    1    0.00
 IPRINT    2    2.00
 IPLFIT    1    0.00
 IPLFIT    2    0.00
 LINEPG    0   50.
 NONNEG    1    1.00
 IWT       0    5.00
 NQPROG    1    5.00
 NQPROG    2    5.00
 GMNMX     1    9.121E-06
 GMNMX     2    9.121E-03
 RUSER    10    -1.00
 NG        0    200.00
 NLINF     0    0.00
 IUSER    10    4.00
 RUSER    21    1.0
 RUSER    22   -1.0
 RUSER    23    0.0
 RUSER    18         292.23740
 RUSER    17         119.99900
 RUSER    19         1.02446
 RUSER    15         1.33200
 RUSER    16         632.80000
 RUSER    25         1
 RUSER    26         0
 END       0    0.00
 NY      188
  5.00000E-07  6.25000E-07  7.50000E-07  8.75000E-07  1.00000E-06  1.12500E-06
  1.25000E-06  1.37500E-06  1.50000E-06  1.62500E-06  1.75000E-06  1.87500E-06
  2.00000E-06  2.25000E-06  2.50000E-06  2.75000E-06  3.00000E-06  3.25000E-06
  3.50000E-06  3.75000E-06  4.00000E-06  4.50000E-06  5.00000E-06  5.50000E-06
  6.00000E-06  6.50000E-06  7.00000E-06  7.50000E-06  8.00000E-06  9.00000E-06
  1.00000E-05  1.10000E-05  1.20000E-05  1.30000E-05  1.40000E-05  1.50000E-05
  1.60000E-05  1.80000E-05  2.00000E-05  2.20000E-05  2.40000E-05  2.60000E-05
  2.80000E-05  3.00000E-05  3.20000E-05  3.60000E-05  4.00000E-05  4.40000E-05
  4.80000E-05  5.20000E-05  5.60000E-05  6.00000E-05  6.40000E-05  7.20000E-05
  8.00000E-05  8.80000E-05  9.60000E-05  1.04000E-04  1.12000E-04  1.20000E-04
  1.28000E-04  1.44000E-04  1.60000E-04  1.76000E-04  1.92000E-04  2.08000E-04
  2.24000E-04  2.40000E-04  2.56000E-04  2.88000E-04  3.20000E-04  3.52000E-04
  3.84000E-04  4.16000E-04  4.48000E-04  4.80000E-04  5.12000E-04  5.76000E-04
  6.40000E-04  7.04000E-04  7.68000E-04  8.32000E-04  8.96000E-04  9.60000E-04
  1.02400E-03  1.15200E-03  1.28000E-03  1.40800E-03  1.53600E-03  1.66400E-03
  1.79200E-03  1.92000E-03  2.01600E-03  2.27200E-03  2.52800E-03  2.78400E-03
  3.04000E-03  3.29600E-03  3.55200E-03  3.80800E-03  4.06400E-03  4.57600E-03
  5.08800E-03  5.60000E-03  6.11200E-03  6.62400E-03  7.13600E-03  7.64800E-03
  8.16000E-03  9.18400E-03  1.02080E-02  1.12320E-02  1.22560E-02  1.32800E-02
  1.43040E-02  1.53280E-02  1.63520E-02  1.84000E-02  2.04480E-02  2.24960E-02
  2.45440E-02  2.65920E-02  2.86400E-02  3.06880E-02  3.27360E-02  3.68320E-02
  4.09280E-02  4.50240E-02  4.91200E-02  5.32160E-02  5.73120E-02  6.14080E-02
  6.55040E-02  7.36960E-02  8.18880E-02  9.00800E-02  9.82720E-02  1.06464E-01
  1.14656E-01  1.22848E-01  1.31040E-01  1.47424E-01  1.63808E-01  1.80192E-01
  1.96576E-01  2.12960E-01  2.29344E-01  2.45728E-01  2.62112E-01  2.94880E-01
  3.27648E-01  3.60416E-01  3.93184E-01  4.25952E-01  4.58720E-01  4.91488E-01
  5.24256E-01  5.89792E-01  6.55328E-01  7.20864E-01  7.86400E-01  8.51936E-01
  9.17472E-01  9.83008E-01  1.04854E+00  1.17962E+00  1.31069E+00  1.44176E+00
  1.57283E+00  1.70390E+00  1.83498E+00  1.96605E+00  2.09712E+00  2.35926E+00
  2.62141E+00  2.88355E+00  3.14570E+00  3.40784E+00  3.66998E+00  3.93213E+00
  4.19427E+00  4.71856E+00  5.24285E+00  5.76714E+00  6.29142E+00  6.81571E+00
  7.34000E+00  7.86429E+00
  9.95324E-01  9.95797E-01  9.93092E-01  9.92937E-01  9.91195E-01  9.89670E-01
  9.90001E-01  9.92534E-01  9.92036E-01  9.90750E-01  9.91558E-01  9.89035E-01
  9.90822E-01  9.91013E-01  9.90844E-01  9.91703E-01  9.91982E-01  9.90177E-01
  9.89854E-01  9.90481E-01  9.90232E-01  9.90648E-01  9.89779E-01  9.89164E-01
  9.90521E-01  9.88430E-01  9.90045E-01  9.88657E-01  9.88435E-01  9.89334E-01
  9.88644E-01  9.87407E-01  9.86574E-01  9.87178E-01  9.87134E-01  9.86146E-01
  9.85255E-01  9.84466E-01  9.84366E-01  9.83662E-01  9.82425E-01  9.81898E-01
  9.81445E-01  9.80101E-01  9.79469E-01  9.77968E-01  9.76437E-01  9.75178E-01
  9.73603E-01  9.71906E-01  9.70577E-01  9.68643E-01  9.67205E-01  9.64606E-01
  9.61077E-01  9.58099E-01  9.55035E-01  9.51922E-01  9.48739E-01  9.45765E-01
  9.42711E-01  9.36599E-01  9.30659E-01  9.24798E-01  9.18663E-01  9.12564E-01
  9.06693E-01  9.01026E-01  8.95163E-01  8.83653E-01  8.72240E-01  8.61141E-01
  8.49840E-01  8.38969E-01  8.28435E-01  8.17532E-01  8.07232E-01  7.86720E-01
  7.66769E-01  7.47253E-01  7.28326E-01  7.09821E-01  6.91853E-01  6.74288E-01
  6.57096E-01  6.24219E-01  5.93180E-01  5.63583E-01  5.35513E-01  5.09076E-01
  4.83923E-01  4.60117E-01  4.43244E-01  4.01131E-01  3.63022E-01  3.28288E-01
  2.96697E-01  2.68297E-01  2.42127E-01  2.18670E-01  1.98227E-01  1.62336E-01
  1.33563E-01  1.10553E-01  9.22683E-02  7.74712E-02  6.48767E-02  5.39428E-02
  4.53286E-02  3.24871E-02  2.31138E-02  1.71590E-02  1.29984E-02  9.23944E-03
  5.49616E-03  3.68569E-03  1.83044E-03 -5.53852E-04 -1.85613E-03 -1.49620E-03
  3.96134E-03  5.28923E-03  1.65212E-03 -3.22644E-03 -3.27880E-03 -8.39420E-03
 -1.01970E-02 -9.31097E-03 -5.13257E-03 -3.45315E-03 -8.57510E-03 -4.68979E-03
 -1.86074E-03  1.94988E-03  2.82109E-03 -1.42521E-03 -4.45526E-03 -1.83824E-03
 -1.83531E-03 -1.97034E-03  3.87127E-03  3.01020E-04 -1.01355E-03 -2.26773E-03
 -9.80929E-04  1.66505E-03 -8.09240E-04 -6.34320E-03 -1.08482E-03  1.15100E-03
 -1.73931E-03 -3.48140E-03 -1.43162E-03  2.40369E-03  1.42931E-03 -3.45845E-03
 -3.50223E-04 -2.24920E-03  4.82759E-05 -2.53223E-04  1.73495E-03 -7.01456E-04
 -3.64192E-03 -2.01330E-03  1.26061E-03  9.80347E-04 -1.33680E-03 -3.06117E-04
 -3.24154E-04 -2.72323E-03 -2.68715E-03  2.04634E-03  6.51736E-04 -8.02202E-04
  1.45853E-04  1.37649E-05  1.16024E-03 -3.01672E-04  1.82296E-04  1.36561E-03
  4.48774E-04 -2.06740E-03 -3.95748E-04  1.59851E-03  7.45227E-04 -5.51819E-04
  2.62568E-03 -7.70136E-04
