AutoSaveFileName0255.ASC
 IFORMY    0    .00
 (6E13.7)
 IFORMT    0    .00
 (6E13.7)
 IFORMW    0    .00
 (6E13.7)
 NINTT     0   -1.00
 DOUSNQ    0    1.00
 IQUAD          1.00
 PRWT      0    1.00
 PRY       0    1.00
 IPLRES    1    3.00
 IPLRES    2    3.00
 IPRINT    1    0.00
 IPRINT    2    2.00
 IPLFIT    1    0.00
 IPLFIT    2    0.00
 LINEPG    0   50.
 NONNEG    1    1.00
 IWT       0    5.00
 NQPROG    1    5.00
 NQPROG    2    5.00
 GMNMX     1    1.170E-05
 GMNMX     2    1.170E-02
 RUSER    10    -1.00
 NG        0    200.00
 NLINF     0    0.00
 IUSER    10    4.00
 RUSER    21    1.0
 RUSER    22   -1.0
 RUSER    23    0.0
 RUSER    18         292.10531
 RUSER    17         99.99900
 RUSER    19         1.02781
 RUSER    15         1.33200
 RUSER    16         632.80000
 RUSER    25         1
 RUSER    26         0
 END       0    0.00
 NY      131
  3.75000E-07  5.00000E-07  6.25000E-07  7.50000E-07  8.75000E-07  1.00000E-06
  1.12500E-06  1.25000E-06  1.37500E-06  1.50000E-06  1.62500E-06  1.75000E-06
  1.87500E-06  2.00000E-06  2.25000E-06  2.50000E-06  2.75000E-06  3.00000E-06
  3.25000E-06  3.50000E-06  3.75000E-06  4.00000E-06  4.50000E-06  5.00000E-06
  5.50000E-06  6.00000E-06  6.50000E-06  7.00000E-06  7.50000E-06  8.00000E-06
  9.00000E-06  1.00000E-05  1.10000E-05  1.20000E-05  1.30000E-05  1.40000E-05
  1.50000E-05  1.60000E-05  1.80000E-05  2.00000E-05  2.20000E-05  2.40000E-05
  2.60000E-05  2.80000E-05  3.00000E-05  3.20000E-05  3.60000E-05  4.00000E-05
  4.40000E-05  4.80000E-05  5.20000E-05  5.60000E-05  6.00000E-05  6.40000E-05
  7.20000E-05  8.00000E-05  8.80000E-05  9.60000E-05  1.04000E-04  1.12000E-04
  1.20000E-04  1.28000E-04  1.44000E-04  1.60000E-04  1.76000E-04  1.92000E-04
  2.08000E-04  2.24000E-04  2.40000E-04  2.56000E-04  2.88000E-04  3.20000E-04
  3.52000E-04  3.84000E-04  4.16000E-04  4.48000E-04  4.80000E-04  5.12000E-04
  5.76000E-04  6.40000E-04  7.04000E-04  7.68000E-04  8.32000E-04  8.96000E-04
  9.60000E-04  1.02400E-03  1.15200E-03  1.28000E-03  1.40800E-03  1.53600E-03
  1.66400E-03  1.79200E-03  1.92000E-03  2.01600E-03  2.27200E-03  2.52800E-03
  2.78400E-03  3.04000E-03  3.29600E-03  3.55200E-03  3.80800E-03  4.06400E-03
  4.57600E-03  5.08800E-03  5.60000E-03  6.11200E-03  6.62400E-03  7.13600E-03
  7.64800E-03  8.16000E-03  9.18400E-03  1.02080E-02  1.12320E-02  1.22560E-02
  1.32800E-02  1.43040E-02  1.53280E-02  1.63520E-02  1.84000E-02  2.04480E-02
  2.24960E-02  2.45440E-02  2.65920E-02  2.86400E-02  3.06880E-02  3.27360E-02
  3.68320E-02  4.09280E-02  4.50240E-02  4.91200E-02  5.32160E-02
  8.17886E-01  8.14124E-01  8.15397E-01  8.13389E-01  8.13760E-01  8.09725E-01
  8.06746E-01  8.12773E-01  8.07482E-01  8.14498E-01  8.14037E-01  8.11221E-01
  8.13845E-01  8.10962E-01  8.11578E-01  8.08675E-01  8.09054E-01  8.10570E-01
  8.08081E-01  8.09703E-01  8.08814E-01  8.08849E-01  8.10669E-01  8.09816E-01
  8.09453E-01  8.08048E-01  8.07706E-01  8.07683E-01  8.06480E-01  8.07103E-01
  8.07309E-01  8.06157E-01  8.05915E-01  8.05606E-01  8.04862E-01  8.04367E-01
  8.03402E-01  8.03761E-01  8.03541E-01  8.01204E-01  8.00555E-01  7.99484E-01
  7.98520E-01  7.98073E-01  7.96120E-01  7.95684E-01  7.94268E-01  7.92209E-01
  7.90230E-01  7.88242E-01  7.86493E-01  7.84297E-01  7.82696E-01  7.80439E-01
  7.76749E-01  7.72810E-01  7.69430E-01  7.65671E-01  7.62285E-01  7.58150E-01
  7.54858E-01  7.50903E-01  7.43835E-01  7.36380E-01  7.29176E-01  7.22079E-01
  7.15201E-01  7.07975E-01  7.01206E-01  6.94328E-01  6.80937E-01  6.67626E-01
  6.54697E-01  6.42392E-01  6.29705E-01  6.17632E-01  6.05868E-01  5.94019E-01
  5.71446E-01  5.49380E-01  5.28547E-01  5.08256E-01  4.88768E-01  4.69784E-01
  4.51522E-01  4.33648E-01  4.00639E-01  3.69343E-01  3.40217E-01  3.13517E-01
  2.89008E-01  2.66251E-01  2.45576E-01  2.31088E-01  1.95715E-01  1.66410E-01
  1.41793E-01  1.21538E-01  1.03991E-01  8.91668E-02  7.72530E-02  6.81266E-02
  5.27643E-02  4.08525E-02  3.01807E-02  1.96367E-02  1.10957E-02  7.43522E-03
  6.04826E-03  3.11074E-03  3.11391E-03  5.08474E-03  7.89996E-04 -1.45832E-03
 -1.73792E-05  4.94580E-03  1.01107E-02  9.96760E-03  1.87903E-03  6.11538E-03
  2.29359E-03  4.40440E-03  1.41803E-03 -5.28888E-03 -4.29367E-03  1.62141E-03
 -7.09628E-04 -8.82354E-03 -3.50372E-03  3.61412E-03 -5.07572E-03
