AutoSaveFileName0377.ASC
 IFORMY    0    .00
 (6E13.7)
 IFORMT    0    .00
 (6E13.7)
 IFORMW    0    .00
 (6E13.7)
 NINTT     0   -1.00
 DOUSNQ    0    1.00
 IQUAD          1.00
 PRWT      0    1.00
 PRY       0    1.00
 IPLRES    1    3.00
 IPLRES    2    3.00
 IPRINT    1    0.00
 IPRINT    2    2.00
 IPLFIT    1    0.00
 IPLFIT    2    0.00
 LINEPG    0   50.
 NONNEG    1    1.00
 IWT       0    5.00
 NQPROG    1    5.00
 NQPROG    2    5.00
 GMNMX     1    7.731E-06
 GMNMX     2    7.731E-03
 RUSER    10    -1.00
 NG        0    200.00
 NLINF     0    0.00
 IUSER    10    4.00
 RUSER    21    1.0
 RUSER    22   -1.0
 RUSER    23    0.0
 RUSER    18         292.30884
 RUSER    17         139.99900
 RUSER    19         1.02266
 RUSER    15         1.33200
 RUSER    16         632.80000
 RUSER    25         1
 RUSER    26         0
 END       0    0.00
 NY      131
  3.75000E-07  5.00000E-07  6.25000E-07  7.50000E-07  8.75000E-07  1.00000E-06
  1.12500E-06  1.25000E-06  1.37500E-06  1.50000E-06  1.62500E-06  1.75000E-06
  1.87500E-06  2.00000E-06  2.25000E-06  2.50000E-06  2.75000E-06  3.00000E-06
  3.25000E-06  3.50000E-06  3.75000E-06  4.00000E-06  4.50000E-06  5.00000E-06
  5.50000E-06  6.00000E-06  6.50000E-06  7.00000E-06  7.50000E-06  8.00000E-06
  9.00000E-06  1.00000E-05  1.10000E-05  1.20000E-05  1.30000E-05  1.40000E-05
  1.50000E-05  1.60000E-05  1.80000E-05  2.00000E-05  2.20000E-05  2.40000E-05
  2.60000E-05  2.80000E-05  3.00000E-05  3.20000E-05  3.60000E-05  4.00000E-05
  4.40000E-05  4.80000E-05  5.20000E-05  5.60000E-05  6.00000E-05  6.40000E-05
  7.20000E-05  8.00000E-05  8.80000E-05  9.60000E-05  1.04000E-04  1.12000E-04
  1.20000E-04  1.28000E-04  1.44000E-04  1.60000E-04  1.76000E-04  1.92000E-04
  2.08000E-04  2.24000E-04  2.40000E-04  2.56000E-04  2.88000E-04  3.20000E-04
  3.52000E-04  3.84000E-04  4.16000E-04  4.48000E-04  4.80000E-04  5.12000E-04
  5.76000E-04  6.40000E-04  7.04000E-04  7.68000E-04  8.32000E-04  8.96000E-04
  9.60000E-04  1.02400E-03  1.15200E-03  1.28000E-03  1.40800E-03  1.53600E-03
  1.66400E-03  1.79200E-03  1.92000E-03  2.01600E-03  2.27200E-03  2.52800E-03
  2.78400E-03  3.04000E-03  3.29600E-03  3.55200E-03  3.80800E-03  4.06400E-03
  4.57600E-03  5.08800E-03  5.60000E-03  6.11200E-03  6.62400E-03  7.13600E-03
  7.64800E-03  8.16000E-03  9.18400E-03  1.02080E-02  1.12320E-02  1.22560E-02
  1.32800E-02  1.43040E-02  1.53280E-02  1.63520E-02  1.84000E-02  2.04480E-02
  2.24960E-02  2.45440E-02  2.65920E-02  2.86400E-02  3.06880E-02  3.27360E-02
  3.68320E-02  4.09280E-02  4.50240E-02  4.91200E-02  5.32160E-02
  2.44516E+00  2.44252E+00  2.44793E+00  2.45039E+00  2.43564E+00  2.44568E+00
  2.44175E+00  2.44323E+00  2.43918E+00  2.45235E+00  2.43795E+00  2.43218E+00
  2.43330E+00  2.43176E+00  2.43262E+00  2.42161E+00  2.43599E+00  2.42342E+00
  2.43136E+00  2.42017E+00  2.42810E+00  2.43218E+00  2.43061E+00  2.43146E+00
  2.42495E+00  2.42729E+00  2.42303E+00  2.42464E+00  2.42717E+00  2.42336E+00
  2.42188E+00  2.41660E+00  2.42007E+00  2.41676E+00  2.41346E+00  2.41214E+00
  2.40560E+00  2.40534E+00  2.40581E+00  2.40056E+00  2.39493E+00  2.39240E+00
  2.38597E+00  2.38655E+00  2.38559E+00  2.38121E+00  2.37386E+00  2.36708E+00
  2.35902E+00  2.35170E+00  2.34499E+00  2.33863E+00  2.33060E+00  2.32509E+00
  2.31093E+00  2.29747E+00  2.28284E+00  2.26960E+00  2.25556E+00  2.24359E+00
  2.23000E+00  2.21635E+00  2.19035E+00  2.16402E+00  2.13798E+00  2.11374E+00
  2.09073E+00  2.06567E+00  2.04016E+00  2.01735E+00  1.97083E+00  1.92571E+00
  1.88117E+00  1.83805E+00  1.79530E+00  1.75501E+00  1.71521E+00  1.67687E+00
  1.60235E+00  1.53148E+00  1.46453E+00  1.40146E+00  1.34162E+00  1.28406E+00
  1.22988E+00  1.17855E+00  1.08197E+00  9.95637E-01  9.17902E-01  8.46399E-01
  7.81379E-01  7.22115E-01  6.67501E-01  6.32686E-01  5.47453E-01  4.75424E-01
  4.14225E-01  3.62792E-01  3.19278E-01  2.82842E-01  2.52469E-01  2.27886E-01
  1.91346E-01  1.65759E-01  1.44036E-01  1.27645E-01  1.12603E-01  9.73385E-02
  8.39709E-02  7.69069E-02  7.02767E-02  6.94482E-02  6.24319E-02  5.75036E-02
  4.96797E-02  3.91590E-02  1.73826E-02  1.50337E-02  1.21373E-02  3.29777E-03
  1.19091E-02 -1.39989E-03 -1.29034E-03 -3.50886E-03  3.56965E-03 -8.01734E-03
 -2.01536E-02 -7.95089E-04 -7.15739E-03 -3.99557E-03 -3.74923E-04
