AutoSaveFileName0099.ASC
 IFORMY    0    .00
 (6E13.7)
 IFORMT    0    .00
 (6E13.7)
 IFORMW    0    .00
 (6E13.7)
 NINTT     0   -1.00
 DOUSNQ    0    1.00
 IQUAD          1.00
 PRWT      0    1.00
 PRY       0    1.00
 IPLRES    1    3.00
 IPLRES    2    3.00
 IPRINT    1    0.00
 IPRINT    2    2.00
 IPLFIT    1    0.00
 IPLFIT    2    0.00
 LINEPG    0   50.
 NONNEG    1    1.00
 IWT       0    5.00
 NQPROG    1    5.00
 NQPROG    2    5.00
 GMNMX     1    2.757E-05
 GMNMX     2    8.272E-03
 RUSER    10    -1.00
 NG        0    200.00
 NLINF     0    0.00
 IUSER    10    4.00
 RUSER    21    1.0
 RUSER    22   -1.0
 RUSER    23    0.0
 RUSER    18         291.96432
 RUSER    17         59.99900
 RUSER    19         0.00103
 RUSER    15         1.33200
 RUSER    16         0.00000
 RUSER    25         1
 RUSER    26         0
 END       0    0.00
 NY      131
  3.75000E-07  5.00000E-07  6.25000E-07  7.50000E-07  8.75000E-07  1.00000E-06
  1.12500E-06  1.25000E-06  1.37500E-06  1.50000E-06  1.62500E-06  1.75000E-06
  1.87500E-06  2.00000E-06  2.25000E-06  2.50000E-06  2.75000E-06  3.00000E-06
  3.25000E-06  3.50000E-06  3.75000E-06  4.00000E-06  4.50000E-06  5.00000E-06
  5.50000E-06  6.00000E-06  6.50000E-06  7.00000E-06  7.50000E-06  8.00000E-06
  9.00000E-06  1.00000E-05  1.10000E-05  1.20000E-05  1.30000E-05  1.40000E-05
  1.50000E-05  1.60000E-05  1.80000E-05  2.00000E-05  2.20000E-05  2.40000E-05
  2.60000E-05  2.80000E-05  3.00000E-05  3.20000E-05  3.60000E-05  4.00000E-05
  4.40000E-05  4.80000E-05  5.20000E-05  5.60000E-05  6.00000E-05  6.40000E-05
  7.20000E-05  8.00000E-05  8.80000E-05  9.60000E-05  1.04000E-04  1.12000E-04
  1.20000E-04  1.28000E-04  1.44000E-04  1.60000E-04  1.76000E-04  1.92000E-04
  2.08000E-04  2.24000E-04  2.40000E-04  2.56000E-04  2.88000E-04  3.20000E-04
  3.52000E-04  3.84000E-04  4.16000E-04  4.48000E-04  4.80000E-04  5.12000E-04
  5.76000E-04  6.40000E-04  7.04000E-04  7.68000E-04  8.32000E-04  8.96000E-04
  9.60000E-04  1.02400E-03  1.15200E-03  1.28000E-03  1.40800E-03  1.53600E-03
  1.66400E-03  1.79200E-03  1.92000E-03  2.01600E-03  2.27200E-03  2.52800E-03
  2.78400E-03  3.04000E-03  3.29600E-03  3.55200E-03  3.80800E-03  4.06400E-03
  4.57600E-03  5.08800E-03  5.60000E-03  6.11200E-03  6.62400E-03  7.13600E-03
  7.64800E-03  8.16000E-03  9.18400E-03  1.02080E-02  1.12320E-02  1.22560E-02
  1.32800E-02  1.43040E-02  1.53280E-02  1.63520E-02  1.84000E-02  2.04480E-02
  2.24960E-02  2.45440E-02  2.65920E-02  2.86400E-02  3.06880E-02  3.27360E-02
  3.68320E-02  4.09280E-02  4.50240E-02  4.91200E-02  5.32160E-02
  9.44907E+00  9.43571E+00  9.41369E+00  9.41097E+00  9.38894E+00  9.36715E+00
  9.37309E+00  9.38844E+00  9.36761E+00  9.36218E+00  9.35356E+00  9.37522E+00
  9.37481E+00  9.36858E+00  9.35282E+00  9.34850E+00  9.35354E+00  9.34277E+00
  9.34520E+00  9.34524E+00  9.33142E+00  9.32344E+00  9.32258E+00  9.30621E+00
  9.30676E+00  9.30640E+00  9.29248E+00  9.29410E+00  9.28501E+00  9.27266E+00
  9.26624E+00  9.25247E+00  9.23747E+00  9.22375E+00  9.21123E+00  9.19291E+00
  9.18317E+00  9.17097E+00  9.14496E+00  9.11459E+00  9.08900E+00  9.06359E+00
  9.03446E+00  9.01321E+00  8.98725E+00  8.96013E+00  8.91101E+00  8.85735E+00
  8.80592E+00  8.75585E+00  8.70726E+00  8.65652E+00  8.60416E+00  8.55686E+00
  8.45938E+00  8.36264E+00  8.26731E+00  8.17374E+00  8.08559E+00  7.99228E+00
  7.90210E+00  7.81479E+00  7.64219E+00  7.47365E+00  7.30910E+00  7.14973E+00
  6.99382E+00  6.84333E+00  6.69532E+00  6.55419E+00  6.27803E+00  6.01613E+00
  5.76870E+00  5.53404E+00  5.31127E+00  5.10178E+00  4.90149E+00  4.71619E+00
  4.36612E+00  4.04854E+00  3.76306E+00  3.50456E+00  3.26882E+00  3.05824E+00
  2.86837E+00  2.70211E+00  2.40641E+00  2.16375E+00  1.96573E+00  1.80461E+00
  1.67375E+00  1.56292E+00  1.46722E+00  1.41103E+00  1.28589E+00  1.19892E+00
  1.13811E+00  1.09517E+00  1.06943E+00  1.05716E+00  1.04976E+00  1.04484E+00
  1.03521E+00  1.02555E+00  1.00803E+00  9.83985E-01  9.85431E-01  9.97190E-01
  1.01068E+00  9.95534E-01  9.88824E-01  1.00423E+00  1.01149E+00  1.02300E+00
  1.02621E+00  1.00630E+00  1.00220E+00  1.00812E+00  9.96374E-01  9.82943E-01
  1.00233E+00  1.00700E+00  9.97117E-01  9.86255E-01  9.82251E-01  9.87814E-01
  9.94100E-01  9.88648E-01  9.72275E-01  9.96669E-01  1.00684E+00
