AutoSaveFileName0395.ASC
 IFORMY    0    .00
 (6E13.7)
 IFORMT    0    .00
 (6E13.7)
 IFORMW    0    .00
 (6E13.7)
 NINTT     0   -1.00
 DOUSNQ    0    1.00
 IQUAD          1.00
 PRWT      0    1.00
 PRY       0    1.00
 IPLRES    1    3.00
 IPLRES    2    3.00
 IPRINT    1    0.00
 IPRINT    2    2.00
 IPLFIT    1    0.00
 IPLFIT    2    0.00
 LINEPG    0   50.
 NONNEG    1    1.00
 IWT       0    5.00
 NQPROG    1    5.00
 NQPROG    2    5.00
 GMNMX     1    7.460E-06
 GMNMX     2    7.460E-03
 RUSER    10    -1.00
 NG        0    200.00
 NLINF     0    0.00
 IUSER    10    4.00
 RUSER    21    1.0
 RUSER    22   -1.0
 RUSER    23    0.0
 RUSER    18         292.33216
 RUSER    17         145.99900
 RUSER    19         1.02207
 RUSER    15         1.33200
 RUSER    16         632.80000
 RUSER    25         1
 RUSER    26         0
 END       0    0.00
 NY      131
  3.75000E-07  5.00000E-07  6.25000E-07  7.50000E-07  8.75000E-07  1.00000E-06
  1.12500E-06  1.25000E-06  1.37500E-06  1.50000E-06  1.62500E-06  1.75000E-06
  1.87500E-06  2.00000E-06  2.25000E-06  2.50000E-06  2.75000E-06  3.00000E-06
  3.25000E-06  3.50000E-06  3.75000E-06  4.00000E-06  4.50000E-06  5.00000E-06
  5.50000E-06  6.00000E-06  6.50000E-06  7.00000E-06  7.50000E-06  8.00000E-06
  9.00000E-06  1.00000E-05  1.10000E-05  1.20000E-05  1.30000E-05  1.40000E-05
  1.50000E-05  1.60000E-05  1.80000E-05  2.00000E-05  2.20000E-05  2.40000E-05
  2.60000E-05  2.80000E-05  3.00000E-05  3.20000E-05  3.60000E-05  4.00000E-05
  4.40000E-05  4.80000E-05  5.20000E-05  5.60000E-05  6.00000E-05  6.40000E-05
  7.20000E-05  8.00000E-05  8.80000E-05  9.60000E-05  1.04000E-04  1.12000E-04
  1.20000E-04  1.28000E-04  1.44000E-04  1.60000E-04  1.76000E-04  1.92000E-04
  2.08000E-04  2.24000E-04  2.40000E-04  2.56000E-04  2.88000E-04  3.20000E-04
  3.52000E-04  3.84000E-04  4.16000E-04  4.48000E-04  4.80000E-04  5.12000E-04
  5.76000E-04  6.40000E-04  7.04000E-04  7.68000E-04  8.32000E-04  8.96000E-04
  9.60000E-04  1.02400E-03  1.15200E-03  1.28000E-03  1.40800E-03  1.53600E-03
  1.66400E-03  1.79200E-03  1.92000E-03  2.01600E-03  2.27200E-03  2.52800E-03
  2.78400E-03  3.04000E-03  3.29600E-03  3.55200E-03  3.80800E-03  4.06400E-03
  4.57600E-03  5.08800E-03  5.60000E-03  6.11200E-03  6.62400E-03  7.13600E-03
  7.64800E-03  8.16000E-03  9.18400E-03  1.02080E-02  1.12320E-02  1.22560E-02
  1.32800E-02  1.43040E-02  1.53280E-02  1.63520E-02  1.84000E-02  2.04480E-02
  2.24960E-02  2.45440E-02  2.65920E-02  2.86400E-02  3.06880E-02  3.27360E-02
  3.68320E-02  4.09280E-02  4.50240E-02  4.91200E-02  5.32160E-02
  2.40993E+00  2.41270E+00  2.41177E+00  2.40874E+00  2.40048E+00  2.39264E+00
  2.39932E+00  2.39396E+00  2.39798E+00  2.39766E+00  2.39987E+00  2.40243E+00
  2.39616E+00  2.39693E+00  2.40005E+00  2.39550E+00  2.39835E+00  2.40088E+00
  2.38992E+00  2.40163E+00  2.39028E+00  2.39487E+00  2.38667E+00  2.39101E+00
  2.39082E+00  2.38665E+00  2.38751E+00  2.38919E+00  2.38875E+00  2.38443E+00
  2.38180E+00  2.38046E+00  2.38159E+00  2.37725E+00  2.37720E+00  2.37612E+00
  2.37560E+00  2.37091E+00  2.36750E+00  2.36649E+00  2.36341E+00  2.36448E+00
  2.35833E+00  2.35489E+00  2.35586E+00  2.34981E+00  2.34259E+00  2.33980E+00
  2.33147E+00  2.32700E+00  2.31860E+00  2.31400E+00  2.30957E+00  2.30092E+00
  2.28830E+00  2.27817E+00  2.26634E+00  2.25417E+00  2.24269E+00  2.23170E+00
  2.22031E+00  2.20866E+00  2.18603E+00  2.16410E+00  2.14358E+00  2.12086E+00
  2.10088E+00  2.07883E+00  2.05830E+00  2.03642E+00  1.99615E+00  1.95685E+00
  1.91827E+00  1.88104E+00  1.84453E+00  1.80968E+00  1.77514E+00  1.74072E+00
  1.67535E+00  1.61387E+00  1.55539E+00  1.49983E+00  1.44660E+00  1.39515E+00
  1.34660E+00  1.29978E+00  1.21452E+00  1.13662E+00  1.06658E+00  1.00253E+00
  9.43957E-01  8.90947E-01  8.42542E-01  8.10832E-01  7.29853E-01  6.59571E-01
  6.00009E-01  5.49731E-01  5.06030E-01  4.65387E-01  4.29327E-01  3.98400E-01
  3.50430E-01  3.11975E-01  2.84168E-01  2.62597E-01  2.46872E-01  2.34431E-01
  2.15639E-01  1.97132E-01  1.69085E-01  1.46096E-01  1.23652E-01  1.06506E-01
  1.00145E-01  9.23133E-02  8.85218E-02  8.82156E-02  7.93281E-02  5.45619E-02
  4.08838E-02  3.69694E-02  3.55724E-02  2.52609E-02  1.19503E-02  4.06926E-03
 -7.43438E-03 -1.98717E-02 -1.75480E-02 -2.59051E-03  7.11343E-04
