AutoSaveFileName0026.ASC
 IFORMY    0    .00
 (6E13.7)
 IFORMT    0    .00
 (6E13.7)
 IFORMW    0    .00
 (6E13.7)
 NINTT     0   -1.00
 DOUSNQ    0    1.00
 IQUAD     0    1.00
 PRWT      0    1.00
 PRY       0    1.00
 IPLRES    1    3.00
 IPLRES    2    3.00
 IPRINT    1    0.00
 IPRINT    2    2.00
 IPLFIT    1    0.00
 IPLFIT    2    0.00
 LINEPG    0   50.
 NONNEG    1    1.00
 IWT       0    5.00
 NQPROG    1    5.00
 NQPROG    2    5.00
 GMNMX     1    5.74852E-02
 GMNMX     2    2.06357E-02
 RUSER    10    -1.00
 NG        0    500.00
 NLINF     0    1.00
 IUSER    10    4.00
 RUSER    21    1.0
 RUSER    22   -1.0
 RUSER    23    0.0
 RUSER    18         291.90905
 RUSER    17         24.99800
 RUSER    19         1.03282
 RUSER    15         1.33200
 RUSER    16         632.80000
 RUSER    25         1
 RUSER    26         0
 END       0    0.00
 NY      162
  7.50000E-07  8.75000E-07  1.00000E-06  1.12500E-06  1.25000E-06  1.37500E-06
  1.50000E-06  1.62500E-06  1.75000E-06  1.87500E-06  2.00000E-06  2.25000E-06
  2.50000E-06  2.75000E-06  3.00000E-06  3.25000E-06  3.50000E-06  3.75000E-06
  4.00000E-06  4.50000E-06  5.00000E-06  5.50000E-06  6.00000E-06  6.50000E-06
  7.00000E-06  7.50000E-06  8.00000E-06  9.00000E-06  1.00000E-05  1.10000E-05
  1.20000E-05  1.30000E-05  1.40000E-05  1.50000E-05  1.60000E-05  1.80000E-05
  2.00000E-05  2.20000E-05  2.40000E-05  2.60000E-05  2.80000E-05  3.00000E-05
  3.20000E-05  3.60000E-05  4.00000E-05  4.40000E-05  4.80000E-05  5.20000E-05
  5.60000E-05  6.00000E-05  6.40000E-05  7.20000E-05  8.00000E-05  8.80000E-05
  9.60000E-05  1.04000E-04  1.12000E-04  1.20000E-04  1.28000E-04  1.44000E-04
  1.60000E-04  1.76000E-04  1.92000E-04  2.08000E-04  2.24000E-04  2.40000E-04
  2.56000E-04  2.88000E-04  3.20000E-04  3.52000E-04  3.84000E-04  4.16000E-04
  4.48000E-04  4.80000E-04  5.12000E-04  5.76000E-04  6.40000E-04  7.04000E-04
  7.68000E-04  8.32000E-04  8.96000E-04  9.60000E-04  1.02400E-03  1.15200E-03
  1.28000E-03  1.40800E-03  1.53600E-03  1.66400E-03  1.79200E-03  1.92000E-03
  2.01600E-03  2.27200E-03  2.52800E-03  2.78400E-03  3.04000E-03  3.29600E-03
  3.55200E-03  3.80800E-03  4.06400E-03  4.57600E-03  5.08800E-03  5.60000E-03
  6.11200E-03  6.62400E-03  7.13600E-03  7.64800E-03  8.16000E-03  9.18400E-03
  1.02080E-02  1.12320E-02  1.22560E-02  1.32800E-02  1.43040E-02  1.53280E-02
  1.63520E-02  1.84000E-02  2.04480E-02  2.24960E-02  2.45440E-02  2.65920E-02
  2.86400E-02  3.06880E-02  3.27360E-02  3.68320E-02  4.09280E-02  4.50240E-02
  4.91200E-02  5.32160E-02  5.73120E-02  6.14080E-02  6.55040E-02  7.36960E-02
  8.18880E-02  9.00800E-02  9.82720E-02  1.06464E-01  1.14656E-01  1.22848E-01
  1.31040E-01  1.47424E-01  1.63808E-01  1.80192E-01  1.96576E-01  2.12960E-01
  2.29344E-01  2.45728E-01  2.62112E-01  2.94880E-01  3.27648E-01  3.60416E-01
  3.93184E-01  4.25952E-01  4.58720E-01  4.91488E-01  5.24256E-01  5.89792E-01
  6.55328E-01  7.20864E-01  7.86400E-01  8.51936E-01  9.17472E-01  9.83008E-01
  9.99558E-01  1.00000E+00  9.99468E-01  9.97610E-01  9.97456E-01  9.95229E-01
  9.98297E-01  9.95909E-01  9.97033E-01  9.93535E-01  9.95323E-01  9.94425E-01
  9.95673E-01  9.94505E-01  9.93043E-01  9.95101E-01  9.95559E-01  9.95713E-01
  9.95096E-01  9.95290E-01  9.94864E-01  9.95273E-01  9.94179E-01  9.94976E-01
  9.95127E-01  9.93718E-01  9.93445E-01  9.93628E-01  9.92452E-01  9.93746E-01
  9.92944E-01  9.92580E-01  9.92367E-01  9.91923E-01  9.91058E-01  9.91461E-01
  9.90407E-01  9.90421E-01  9.89490E-01  9.88859E-01  9.88250E-01  9.87595E-01
  9.86908E-01  9.85860E-01  9.85215E-01  9.83633E-01  9.82795E-01  9.81476E-01
  9.80443E-01  9.79677E-01  9.78317E-01  9.76289E-01  9.74148E-01  9.71893E-01
  9.69758E-01  9.67568E-01  9.65277E-01  9.63113E-01  9.61162E-01  9.57055E-01
  9.52806E-01  9.49063E-01  9.44715E-01  9.40853E-01  9.36981E-01  9.32817E-01
  9.28979E-01  9.21297E-01  9.13494E-01  9.06173E-01  8.98741E-01  8.91435E-01
  8.84346E-01  8.77241E-01  8.70429E-01  8.56535E-01  8.42988E-01  8.29697E-01
  8.16643E-01  8.03820E-01  7.91529E-01  7.79325E-01  7.64053E-01  7.40708E-01
  7.18375E-01  6.96607E-01  6.75643E-01  6.55431E-01  6.36021E-01  6.17232E-01
  6.06251E-01  5.70684E-01  5.37495E-01  5.06558E-01  4.77748E-01  4.50812E-01
  4.25700E-01  4.02349E-01  3.80503E-01  3.39956E-01  3.03826E-01  2.72056E-01
  2.44010E-01  2.19213E-01  1.97384E-01  1.78219E-01  1.61361E-01  1.31714E-01
  1.08917E-01  9.04639E-02  7.40947E-02  6.08876E-02  5.12581E-02  4.54037E-02
  4.11095E-02  3.56020E-02  3.15476E-02  2.69297E-02  2.23616E-02  1.85126E-02
  1.56156E-02  1.54957E-02  1.47933E-02  1.40995E-02  1.36376E-02  8.11644E-03
  5.31398E-03  1.20153E-02  1.93856E-02  1.69764E-02  1.28307E-02  6.00288E-03
 -4.10281E-04  4.45203E-04 -4.98450E-03 -7.51012E-03  4.57579E-05 -2.95697E-03
 -2.00754E-03  2.08104E-03  3.10103E-03 -5.01087E-03 -4.85152E-03  2.31194E-03
  3.88513E-04  4.26200E-03 -6.70879E-04  1.83015E-03 -1.25753E-04 -7.45390E-03
 -5.06671E-03  5.04629E-03  2.38009E-03 -1.52731E-03 -2.66941E-03  4.16252E-03
 -4.92272E-04 -4.63973E-04 -3.75048E-04  3.51391E-04  1.03504E-03 -1.42975E-03
