AutoSaveFileName0128.ASC
 IFORMY    0    .00
 (6E13.7)
 IFORMT    0    .00
 (6E13.7)
 IFORMW    0    .00
 (6E13.7)
 NINTT     0   -1.00
 DOUSNQ    0    1.00
 IQUAD          1.00
 PRWT      0    1.00
 PRY       0    1.00
 IPLRES    1    3.00
 IPLRES    2    3.00
 IPRINT    1    0.00
 IPRINT    2    2.00
 IPLFIT    1    0.00
 IPLFIT    2    0.00
 LINEPG    0   50.
 NONNEG    1    1.00
 IWT       0    5.00
 NQPROG    1    5.00
 NQPROG    2    5.00
 GMNMX     1    3.031E-05
 GMNMX     2    3.031E-02
 RUSER    10    -1.00
 NG        0    200.00
 NLINF     0    0.00
 IUSER    10    4.00
 RUSER    21    1.0
 RUSER    22   -1.0
 RUSER    23    0.0
 RUSER    18         291.92758
 RUSER    17         56.99900
 RUSER    19         1.03235
 RUSER    15         1.33200
 RUSER    16         632.80000
 RUSER    25         1
 RUSER    26         0
 END       0    0.00
 NY      131
  3.75000E-07  5.00000E-07  6.25000E-07  7.50000E-07  8.75000E-07  1.00000E-06
  1.12500E-06  1.25000E-06  1.37500E-06  1.50000E-06  1.62500E-06  1.75000E-06
  1.87500E-06  2.00000E-06  2.25000E-06  2.50000E-06  2.75000E-06  3.00000E-06
  3.25000E-06  3.50000E-06  3.75000E-06  4.00000E-06  4.50000E-06  5.00000E-06
  5.50000E-06  6.00000E-06  6.50000E-06  7.00000E-06  7.50000E-06  8.00000E-06
  9.00000E-06  1.00000E-05  1.10000E-05  1.20000E-05  1.30000E-05  1.40000E-05
  1.50000E-05  1.60000E-05  1.80000E-05  2.00000E-05  2.20000E-05  2.40000E-05
  2.60000E-05  2.80000E-05  3.00000E-05  3.20000E-05  3.60000E-05  4.00000E-05
  4.40000E-05  4.80000E-05  5.20000E-05  5.60000E-05  6.00000E-05  6.40000E-05
  7.20000E-05  8.00000E-05  8.80000E-05  9.60000E-05  1.04000E-04  1.12000E-04
  1.20000E-04  1.28000E-04  1.44000E-04  1.60000E-04  1.76000E-04  1.92000E-04
  2.08000E-04  2.24000E-04  2.40000E-04  2.56000E-04  2.88000E-04  3.20000E-04
  3.52000E-04  3.84000E-04  4.16000E-04  4.48000E-04  4.80000E-04  5.12000E-04
  5.76000E-04  6.40000E-04  7.04000E-04  7.68000E-04  8.32000E-04  8.96000E-04
  9.60000E-04  1.02400E-03  1.15200E-03  1.28000E-03  1.40800E-03  1.53600E-03
  1.66400E-03  1.79200E-03  1.92000E-03  2.01600E-03  2.27200E-03  2.52800E-03
  2.78400E-03  3.04000E-03  3.29600E-03  3.55200E-03  3.80800E-03  4.06400E-03
  4.57600E-03  5.08800E-03  5.60000E-03  6.11200E-03  6.62400E-03  7.13600E-03
  7.64800E-03  8.16000E-03  9.18400E-03  1.02080E-02  1.12320E-02  1.22560E-02
  1.32800E-02  1.43040E-02  1.53280E-02  1.63520E-02  1.84000E-02  2.04480E-02
  2.24960E-02  2.45440E-02  2.65920E-02  2.86400E-02  3.06880E-02  3.27360E-02
  3.68320E-02  4.09280E-02  4.50240E-02  4.91200E-02  5.32160E-02
  2.50363E+00  2.50565E+00  2.50336E+00  2.49763E+00  2.49938E+00  2.49626E+00
  2.49523E+00  2.49488E+00  2.49107E+00  2.49199E+00  2.49423E+00  2.49229E+00
  2.49272E+00  2.49293E+00  2.49505E+00  2.49266E+00  2.48990E+00  2.49459E+00
  2.48476E+00  2.49169E+00  2.49206E+00  2.48874E+00  2.49229E+00  2.48843E+00
  2.49036E+00  2.48776E+00  2.48885E+00  2.49164E+00  2.49345E+00  2.48838E+00
  2.48636E+00  2.48691E+00  2.48421E+00  2.48664E+00  2.48647E+00  2.48649E+00
  2.48583E+00  2.48420E+00  2.48222E+00  2.48199E+00  2.48162E+00  2.47791E+00
  2.47823E+00  2.47531E+00  2.47594E+00  2.47407E+00  2.47277E+00  2.47095E+00
  2.46808E+00  2.46590E+00  2.46461E+00  2.46061E+00  2.45923E+00  2.45717E+00
  2.45238E+00  2.44809E+00  2.44295E+00  2.43820E+00  2.43458E+00  2.43010E+00
  2.42561E+00  2.42104E+00  2.41263E+00  2.40398E+00  2.39488E+00  2.38599E+00
  2.37746E+00  2.36906E+00  2.36070E+00  2.35149E+00  2.33486E+00  2.31726E+00
  2.30035E+00  2.28324E+00  2.26655E+00  2.24993E+00  2.23379E+00  2.21740E+00
  2.18470E+00  2.15291E+00  2.12166E+00  2.09083E+00  2.06011E+00  2.02964E+00
  1.99975E+00  1.94315E+00  1.88576E+00  1.83040E+00  1.77695E+00  1.72465E+00
  1.67388E+00  1.62474E+00  1.57741E+00  1.56431E+00  1.47510E+00  1.39109E+00
  1.31186E+00  1.23727E+00  1.16665E+00  1.09998E+00  1.03701E+00  9.78086E-01
  8.68517E-01  7.70499E-01  6.82611E-01  6.07528E-01  5.43663E-01  4.85901E-01
  4.33329E-01  3.88816E-01  3.13032E-01  2.51891E-01  2.03566E-01  1.68094E-01
  1.39603E-01  1.15658E-01  9.52001E-02  8.02978E-02  6.02837E-02  5.21320E-02
  4.43301E-02  4.06901E-02  3.45833E-02  2.50283E-02  2.66372E-02  1.83234E-02
 -2.36371E-04 -1.12835E-02  7.02560E-04  1.18258E-02  2.70605E-02
