AutoSaveFileName0039.ASC
 IFORMY    0    .00
 (6E13.7)
 IFORMT    0    .00
 (6E13.7)
 IFORMW    0    .00
 (6E13.7)
 NINTT     0   -1.00
 DOUSNQ    0    1.00
 IQUAD          1.00
 PRWT      0    1.00
 PRY       0    1.00
 IPLRES    1    3.00
 IPLRES    2    3.00
 IPRINT    1    0.00
 IPRINT    2    2.00
 IPLFIT    1    0.00
 IPLFIT    2    0.00
 LINEPG    0   50.
 NONNEG    1    1.00
 IWT       0    5.00
 NQPROG    1    5.00
 NQPROG    2    5.00
 GMNMX     1    1.030E-04
 GMNMX     2    3.091E-02
 RUSER    10    -1.00
 NG        0    200.00
 NLINF     0    0.00
 IUSER    10    4.00
 RUSER    21    1.0
 RUSER    22   -1.0
 RUSER    23    0.0
 RUSER    18         291.91878
 RUSER    17         29.99800
 RUSER    19         0.00103
 RUSER    15         1.33200
 RUSER    16         0.00000
 RUSER    25         1
 RUSER    26         0
 END       0    0.00
 NY      131
  3.75000E-07  5.00000E-07  6.25000E-07  7.50000E-07  8.75000E-07  1.00000E-06
  1.12500E-06  1.25000E-06  1.37500E-06  1.50000E-06  1.62500E-06  1.75000E-06
  1.87500E-06  2.00000E-06  2.25000E-06  2.50000E-06  2.75000E-06  3.00000E-06
  3.25000E-06  3.50000E-06  3.75000E-06  4.00000E-06  4.50000E-06  5.00000E-06
  5.50000E-06  6.00000E-06  6.50000E-06  7.00000E-06  7.50000E-06  8.00000E-06
  9.00000E-06  1.00000E-05  1.10000E-05  1.20000E-05  1.30000E-05  1.40000E-05
  1.50000E-05  1.60000E-05  1.80000E-05  2.00000E-05  2.20000E-05  2.40000E-05
  2.60000E-05  2.80000E-05  3.00000E-05  3.20000E-05  3.60000E-05  4.00000E-05
  4.40000E-05  4.80000E-05  5.20000E-05  5.60000E-05  6.00000E-05  6.40000E-05
  7.20000E-05  8.00000E-05  8.80000E-05  9.60000E-05  1.04000E-04  1.12000E-04
  1.20000E-04  1.28000E-04  1.44000E-04  1.60000E-04  1.76000E-04  1.92000E-04
  2.08000E-04  2.24000E-04  2.40000E-04  2.56000E-04  2.88000E-04  3.20000E-04
  3.52000E-04  3.84000E-04  4.16000E-04  4.48000E-04  4.80000E-04  5.12000E-04
  5.76000E-04  6.40000E-04  7.04000E-04  7.68000E-04  8.32000E-04  8.96000E-04
  9.60000E-04  1.02400E-03  1.15200E-03  1.28000E-03  1.40800E-03  1.53600E-03
  1.66400E-03  1.79200E-03  1.92000E-03  2.01600E-03  2.27200E-03  2.52800E-03
  2.78400E-03  3.04000E-03  3.29600E-03  3.55200E-03  3.80800E-03  4.06400E-03
  4.57600E-03  5.08800E-03  5.60000E-03  6.11200E-03  6.62400E-03  7.13600E-03
  7.64800E-03  8.16000E-03  9.18400E-03  1.02080E-02  1.12320E-02  1.22560E-02
  1.32800E-02  1.43040E-02  1.53280E-02  1.63520E-02  1.84000E-02  2.04480E-02
  2.24960E-02  2.45440E-02  2.65920E-02  2.86400E-02  3.06880E-02  3.27360E-02
  3.68320E-02  4.09280E-02  4.50240E-02  4.91200E-02  5.32160E-02
  9.30520E+00  9.27644E+00  9.28354E+00  9.28301E+00  9.26838E+00  9.26784E+00
  9.27710E+00  9.25850E+00  9.25801E+00  9.25338E+00  9.25655E+00  9.24073E+00
  9.23790E+00  9.25242E+00  9.23826E+00  9.23962E+00  9.24294E+00  9.25665E+00
  9.23640E+00  9.24152E+00  9.24273E+00  9.24475E+00  9.24434E+00  9.24095E+00
  9.24353E+00  9.24124E+00  9.22927E+00  9.22981E+00  9.22204E+00  9.22157E+00
  9.22747E+00  9.21975E+00  9.21257E+00  9.21120E+00  9.21159E+00  9.20666E+00
  9.20522E+00  9.19573E+00  9.19313E+00  9.18598E+00  9.17980E+00  9.17220E+00
  9.16701E+00  9.16081E+00  9.14777E+00  9.14579E+00  9.13435E+00  9.12227E+00
  9.10558E+00  9.09278E+00  9.08230E+00  9.06898E+00  9.05605E+00  9.04053E+00
  9.01585E+00  8.99196E+00  8.96336E+00  8.93959E+00  8.91296E+00  8.88808E+00
  8.86385E+00  8.83935E+00  8.78814E+00  8.74075E+00  8.69157E+00  8.64295E+00
  8.59694E+00  8.54906E+00  8.50260E+00  8.45682E+00  8.36595E+00  8.27715E+00
  8.19072E+00  8.10392E+00  8.01799E+00  7.93428E+00  7.85318E+00  7.77239E+00
  7.61470E+00  7.46106E+00  7.31160E+00  7.16725E+00  7.02487E+00  6.88608E+00
  6.75205E+00  6.50877E+00  6.26159E+00  6.02649E+00  5.80284E+00  5.59061E+00
  5.38858E+00  5.19696E+00  5.01465E+00  4.97402E+00  4.64314E+00  4.34178E+00
  4.06699E+00  3.81690E+00  3.58866E+00  3.38437E+00  3.19751E+00  3.03081E+00
  2.73941E+00  2.50314E+00  2.30388E+00  2.13848E+00  2.00023E+00  1.88220E+00
  1.78006E+00  1.69593E+00  1.55087E+00  1.43965E+00  1.35192E+00  1.29298E+00
  1.26039E+00  1.23604E+00  1.22114E+00  1.20478E+00  1.18209E+00  1.15536E+00
  1.13457E+00  1.13564E+00  1.13448E+00  1.10488E+00  1.09385E+00  1.09067E+00
  1.08770E+00  1.04400E+00  1.06171E+00  1.03071E+00  1.02681E+00
