AutoSaveFileName0051.ASC
 IFORMY    0    .00
 (6E13.7)
 IFORMT    0    .00
 (6E13.7)
 IFORMW    0    .00
 (6E13.7)
 NINTT     0   -1.00
 DOUSNQ    0    1.00
 IQUAD     0    1.00
 PRWT      0    1.00
 PRY       0    1.00
 IPLRES    1    3.00
 IPLRES    2    3.00
 IPRINT    1    0.00
 IPRINT    2    2.00
 IPLFIT    1    0.00
 IPLFIT    2    0.00
 LINEPG    0   50.
 NONNEG    1    1.00
 IWT       0    5.00
 NQPROG    1    5.00
 NQPROG    2    5.00
 GMNMX     1    2.30077E-02
 GMNMX     2    8.25919E-03
 RUSER    10    -1.00
 NG        0    500.00
 NLINF     0    1.00
 IUSER    10    4.00
 RUSER    21    1.0
 RUSER    22   -1.0
 RUSER    23    0.0
 RUSER    18         291.92758
 RUSER    17         39.99800
 RUSER    19         1.03235
 RUSER    15         1.33200
 RUSER    16         632.80000
 RUSER    25         1
 RUSER    26         0
 END       0    0.00
 NY      162
  7.50000E-07  8.75000E-07  1.00000E-06  1.12500E-06  1.25000E-06  1.37500E-06
  1.50000E-06  1.62500E-06  1.75000E-06  1.87500E-06  2.00000E-06  2.25000E-06
  2.50000E-06  2.75000E-06  3.00000E-06  3.25000E-06  3.50000E-06  3.75000E-06
  4.00000E-06  4.50000E-06  5.00000E-06  5.50000E-06  6.00000E-06  6.50000E-06
  7.00000E-06  7.50000E-06  8.00000E-06  9.00000E-06  1.00000E-05  1.10000E-05
  1.20000E-05  1.30000E-05  1.40000E-05  1.50000E-05  1.60000E-05  1.80000E-05
  2.00000E-05  2.20000E-05  2.40000E-05  2.60000E-05  2.80000E-05  3.00000E-05
  3.20000E-05  3.60000E-05  4.00000E-05  4.40000E-05  4.80000E-05  5.20000E-05
  5.60000E-05  6.00000E-05  6.40000E-05  7.20000E-05  8.00000E-05  8.80000E-05
  9.60000E-05  1.04000E-04  1.12000E-04  1.20000E-04  1.28000E-04  1.44000E-04
  1.60000E-04  1.76000E-04  1.92000E-04  2.08000E-04  2.24000E-04  2.40000E-04
  2.56000E-04  2.88000E-04  3.20000E-04  3.52000E-04  3.84000E-04  4.16000E-04
  4.48000E-04  4.80000E-04  5.12000E-04  5.76000E-04  6.40000E-04  7.04000E-04
  7.68000E-04  8.32000E-04  8.96000E-04  9.60000E-04  1.02400E-03  1.15200E-03
  1.28000E-03  1.40800E-03  1.53600E-03  1.66400E-03  1.79200E-03  1.92000E-03
  2.01600E-03  2.27200E-03  2.52800E-03  2.78400E-03  3.04000E-03  3.29600E-03
  3.55200E-03  3.80800E-03  4.06400E-03  4.57600E-03  5.08800E-03  5.60000E-03
  6.11200E-03  6.62400E-03  7.13600E-03  7.64800E-03  8.16000E-03  9.18400E-03
  1.02080E-02  1.12320E-02  1.22560E-02  1.32800E-02  1.43040E-02  1.53280E-02
  1.63520E-02  1.84000E-02  2.04480E-02  2.24960E-02  2.45440E-02  2.65920E-02
  2.86400E-02  3.06880E-02  3.27360E-02  3.68320E-02  4.09280E-02  4.50240E-02
  4.91200E-02  5.32160E-02  5.73120E-02  6.14080E-02  6.55040E-02  7.36960E-02
  8.18880E-02  9.00800E-02  9.82720E-02  1.06464E-01  1.14656E-01  1.22848E-01
  1.31040E-01  1.47424E-01  1.63808E-01  1.80192E-01  1.96576E-01  2.12960E-01
  2.29344E-01  2.45728E-01  2.62112E-01  2.94880E-01  3.27648E-01  3.60416E-01
  3.93184E-01  4.25952E-01  4.58720E-01  4.91488E-01  5.24256E-01  5.89792E-01
  6.55328E-01  7.20864E-01  7.86400E-01  8.51936E-01  9.17472E-01  9.83008E-01
  1.00000E+00  9.98660E-01  9.96836E-01  9.96886E-01  9.96011E-01  9.94529E-01
  9.91285E-01  9.96979E-01  9.95155E-01  9.90590E-01  9.91024E-01  9.92910E-01
  9.93084E-01  9.92637E-01  9.93834E-01  9.92873E-01  9.91130E-01  9.91043E-01
  9.91514E-01  9.91651E-01  9.91551E-01  9.91341E-01  9.90677E-01  9.89995E-01
  9.91595E-01  9.87451E-01  9.88345E-01  9.87178E-01  9.88549E-01  9.87482E-01
  9.86304E-01  9.85435E-01  9.84629E-01  9.83047E-01  9.83140E-01  9.80833E-01
  9.80343E-01  9.78928E-01  9.77539E-01  9.75641E-01  9.74382E-01  9.71609E-01
  9.71423E-01  9.68241E-01  9.65313E-01  9.62925E-01  9.59680E-01  9.56852E-01
  9.54302E-01  9.50612E-01  9.47932E-01  9.42231E-01  9.36711E-01  9.31370E-01
  9.25998E-01  9.20006E-01  9.13840E-01  9.09157E-01  9.03432E-01  8.92694E-01
  8.81969E-01  8.71362E-01  8.61381E-01  8.51103E-01  8.41172E-01  8.31018E-01
  8.21211E-01  8.02043E-01  7.83143E-01  7.64782E-01  7.47165E-01  7.29890E-01
  7.13334E-01  6.97138E-01  6.81016E-01  6.50361E-01  6.21095E-01  5.93494E-01
  5.66797E-01  5.41547E-01  5.17558E-01  4.94603E-01  4.73135E-01  4.32179E-01
  3.94810E-01  3.61103E-01  3.30678E-01  3.03544E-01  2.78356E-01  2.55140E-01
  2.40025E-01  2.01171E-01  1.67934E-01  1.40068E-01  1.17082E-01  9.72136E-02
  8.00381E-02  6.62649E-02  5.55180E-02  3.88033E-02  2.90942E-02  2.35566E-02
  1.86997E-02  1.52234E-02  1.20384E-02  1.03387E-02  9.00194E-03  5.16001E-03
  3.30988E-03  2.21187E-03  3.21610E-03  7.06864E-03  6.12719E-03  1.42811E-03
  6.01806E-04  2.93476E-03  5.80141E-03  7.91957E-03  6.44127E-03  2.59235E-03
  9.14882E-04 -1.50097E-03 -1.32122E-03  2.82985E-03  7.78410E-03  8.91212E-03
  3.55469E-03  3.39405E-03  3.81828E-03  7.03713E-04 -1.92400E-03 -2.03644E-03
 -2.59178E-03 -4.08950E-03  1.39699E-03  4.65565E-03 -3.74024E-04 -2.73013E-03
 -7.95518E-03 -2.12480E-03  1.83515E-03 -6.84961E-04 -1.91732E-03  5.08111E-03
  6.83814E-04 -2.68396E-03 -1.34261E-03  1.82617E-03  2.56240E-03  1.62923E-05
  4.00054E-03 -9.46406E-04 -5.75402E-04  1.44146E-03  2.37995E-03  2.66773E-03
  1.02899E-03 -6.26529E-04 -3.49284E-04  4.05993E-03  4.00749E-03  1.76365E-03
