AutoSaveFileName0064.ASC
 IFORMY    0    .00
 (6E13.7)
 IFORMT    0    .00
 (6E13.7)
 IFORMW    0    .00
 (6E13.7)
 NINTT     0   -1.00
 DOUSNQ    0    1.00
 IQUAD     0    1.00
 PRWT      0    1.00
 PRY       0    1.00
 IPLRES    1    3.00
 IPLRES    2    3.00
 IPRINT    1    0.00
 IPRINT    2    2.00
 IPLFIT    1    0.00
 IPLFIT    2    0.00
 LINEPG    0   50.
 NONNEG    1    1.00
 IWT       0    5.00
 NQPROG    1    5.00
 NQPROG    2    5.00
 GMNMX     1    1.83727E-02
 GMNMX     2    6.59533E-03
 RUSER    10    -1.00
 NG        0    500.00
 NLINF     0    1.00
 IUSER    10    4.00
 RUSER    21    1.0
 RUSER    22   -1.0
 RUSER    23    0.0
 RUSER    18         291.93731
 RUSER    17         44.99800
 RUSER    19         1.03210
 RUSER    15         1.33200
 RUSER    16         632.80000
 RUSER    25         1
 RUSER    26         0
 END       0    0.00
 NY      162
  7.50000E-07  8.75000E-07  1.00000E-06  1.12500E-06  1.25000E-06  1.37500E-06
  1.50000E-06  1.62500E-06  1.75000E-06  1.87500E-06  2.00000E-06  2.25000E-06
  2.50000E-06  2.75000E-06  3.00000E-06  3.25000E-06  3.50000E-06  3.75000E-06
  4.00000E-06  4.50000E-06  5.00000E-06  5.50000E-06  6.00000E-06  6.50000E-06
  7.00000E-06  7.50000E-06  8.00000E-06  9.00000E-06  1.00000E-05  1.10000E-05
  1.20000E-05  1.30000E-05  1.40000E-05  1.50000E-05  1.60000E-05  1.80000E-05
  2.00000E-05  2.20000E-05  2.40000E-05  2.60000E-05  2.80000E-05  3.00000E-05
  3.20000E-05  3.60000E-05  4.00000E-05  4.40000E-05  4.80000E-05  5.20000E-05
  5.60000E-05  6.00000E-05  6.40000E-05  7.20000E-05  8.00000E-05  8.80000E-05
  9.60000E-05  1.04000E-04  1.12000E-04  1.20000E-04  1.28000E-04  1.44000E-04
  1.60000E-04  1.76000E-04  1.92000E-04  2.08000E-04  2.24000E-04  2.40000E-04
  2.56000E-04  2.88000E-04  3.20000E-04  3.52000E-04  3.84000E-04  4.16000E-04
  4.48000E-04  4.80000E-04  5.12000E-04  5.76000E-04  6.40000E-04  7.04000E-04
  7.68000E-04  8.32000E-04  8.96000E-04  9.60000E-04  1.02400E-03  1.15200E-03
  1.28000E-03  1.40800E-03  1.53600E-03  1.66400E-03  1.79200E-03  1.92000E-03
  2.01600E-03  2.27200E-03  2.52800E-03  2.78400E-03  3.04000E-03  3.29600E-03
  3.55200E-03  3.80800E-03  4.06400E-03  4.57600E-03  5.08800E-03  5.60000E-03
  6.11200E-03  6.62400E-03  7.13600E-03  7.64800E-03  8.16000E-03  9.18400E-03
  1.02080E-02  1.12320E-02  1.22560E-02  1.32800E-02  1.43040E-02  1.53280E-02
  1.63520E-02  1.84000E-02  2.04480E-02  2.24960E-02  2.45440E-02  2.65920E-02
  2.86400E-02  3.06880E-02  3.27360E-02  3.68320E-02  4.09280E-02  4.50240E-02
  4.91200E-02  5.32160E-02  5.73120E-02  6.14080E-02  6.55040E-02  7.36960E-02
  8.18880E-02  9.00800E-02  9.82720E-02  1.06464E-01  1.14656E-01  1.22848E-01
  1.31040E-01  1.47424E-01  1.63808E-01  1.80192E-01  1.96576E-01  2.12960E-01
  2.29344E-01  2.45728E-01  2.62112E-01  2.94880E-01  3.27648E-01  3.60416E-01
  3.93184E-01  4.25952E-01  4.58720E-01  4.91488E-01  5.24256E-01  5.89792E-01
  6.55328E-01  7.20864E-01  7.86400E-01  8.51936E-01  9.17472E-01  9.83008E-01
  9.99646E-01  1.00000E+00  9.97957E-01  9.96444E-01  9.99632E-01  9.97534E-01
  9.96131E-01  9.98301E-01  9.95879E-01  9.95080E-01  9.95195E-01  9.94601E-01
  9.95015E-01  9.94601E-01  9.95337E-01  9.95210E-01  9.93699E-01  9.94669E-01
  9.95037E-01  9.93338E-01  9.91996E-01  9.91705E-01  9.91649E-01  9.91125E-01
  9.91084E-01  9.90612E-01  9.89768E-01  9.89051E-01  9.87598E-01  9.87018E-01
  9.86563E-01  9.85791E-01  9.84287E-01  9.83426E-01  9.82362E-01  9.80676E-01
  9.78872E-01  9.76853E-01  9.75089E-01  9.73232E-01  9.71839E-01  9.70076E-01
  9.68007E-01  9.64523E-01  9.60909E-01  9.57471E-01  9.53610E-01  9.50116E-01
  9.47143E-01  9.43192E-01  9.39855E-01  9.32967E-01  9.26041E-01  9.19362E-01
  9.12589E-01  9.05981E-01  8.99254E-01  8.92914E-01  8.86512E-01  8.73465E-01
  8.61277E-01  8.48668E-01  8.36525E-01  8.24428E-01  8.12505E-01  8.00853E-01
  7.89601E-01  7.67204E-01  7.45446E-01  7.24553E-01  7.04214E-01  6.84553E-01
  6.65323E-01  6.46853E-01  6.29011E-01  5.94590E-01  5.62262E-01  5.31758E-01
  5.03301E-01  4.76466E-01  4.51088E-01  4.27037E-01  4.04782E-01  3.63815E-01
  3.27448E-01  2.95346E-01  2.66817E-01  2.41389E-01  2.18737E-01  1.98471E-01
  1.85093E-01  1.52854E-01  1.26904E-01  1.06347E-01  8.99906E-02  7.68535E-02
  6.64810E-02  5.81249E-02  5.08101E-02  3.80567E-02  2.86011E-02  2.31490E-02
  1.96260E-02  1.74144E-02  1.50155E-02  1.24608E-02  1.02661E-02  7.70501E-03
  9.41804E-03  9.70511E-03  8.54148E-03  6.39320E-03  5.18973E-03  4.79966E-03
  6.60544E-03  4.77924E-03  4.60216E-03  5.45851E-03  4.75770E-03  7.57891E-03
  4.06823E-03 -9.54907E-04  4.49039E-04  3.11846E-03  1.70930E-03  1.35338E-03
  3.70953E-03  1.52525E-03 -1.79218E-03  3.78873E-03  1.55135E-03  1.54839E-03
 -1.45198E-03  2.44527E-03 -1.18190E-03 -9.09034E-04 -1.86184E-04 -1.62676E-03
  1.71206E-03  1.69706E-03  2.27760E-03 -2.81914E-03 -3.75849E-04 -1.17021E-03
  1.84201E-04  6.10353E-04  9.54798E-04 -5.33139E-04 -4.71406E-05 -1.06369E-04
 -5.25625E-04 -2.93474E-04  3.47847E-03  2.71761E-04 -9.37680E-05 -5.37912E-04
  1.01764E-05 -8.20163E-04 -7.78262E-04 -6.92367E-04  1.31474E-03  4.37611E-04
