AutoSaveFileName0228.ASC
 IFORMY    0    .00
 (6E13.7)
 IFORMT    0    .00
 (6E13.7)
 IFORMW    0    .00
 (6E13.7)
 NINTT     0   -1.00
 DOUSNQ    0    1.00
 IQUAD          1.00
 PRWT      0    1.00
 PRY       0    1.00
 IPLRES    1    3.00
 IPLRES    2    3.00
 IPRINT    1    0.00
 IPRINT    2    2.00
 IPLFIT    1    0.00
 IPLFIT    2    0.00
 LINEPG    0   50.
 NONNEG    1    1.00
 IWT       0    5.00
 NQPROG    1    5.00
 NQPROG    2    5.00
 GMNMX     1    1.351E-05
 GMNMX     2    1.351E-02
 RUSER    10    -1.00
 NG        0    200.00
 NLINF     0    0.00
 IUSER    10    4.00
 RUSER    21    1.0
 RUSER    22   -1.0
 RUSER    23    0.0
 RUSER    18         292.06779
 RUSER    17         90.99900
 RUSER    19         1.02877
 RUSER    15         1.33200
 RUSER    16         632.80000
 RUSER    25         1
 RUSER    26         0
 END       0    0.00
 NY      131
  3.75000E-07  5.00000E-07  6.25000E-07  7.50000E-07  8.75000E-07  1.00000E-06
  1.12500E-06  1.25000E-06  1.37500E-06  1.50000E-06  1.62500E-06  1.75000E-06
  1.87500E-06  2.00000E-06  2.25000E-06  2.50000E-06  2.75000E-06  3.00000E-06
  3.25000E-06  3.50000E-06  3.75000E-06  4.00000E-06  4.50000E-06  5.00000E-06
  5.50000E-06  6.00000E-06  6.50000E-06  7.00000E-06  7.50000E-06  8.00000E-06
  9.00000E-06  1.00000E-05  1.10000E-05  1.20000E-05  1.30000E-05  1.40000E-05
  1.50000E-05  1.60000E-05  1.80000E-05  2.00000E-05  2.20000E-05  2.40000E-05
  2.60000E-05  2.80000E-05  3.00000E-05  3.20000E-05  3.60000E-05  4.00000E-05
  4.40000E-05  4.80000E-05  5.20000E-05  5.60000E-05  6.00000E-05  6.40000E-05
  7.20000E-05  8.00000E-05  8.80000E-05  9.60000E-05  1.04000E-04  1.12000E-04
  1.20000E-04  1.28000E-04  1.44000E-04  1.60000E-04  1.76000E-04  1.92000E-04
  2.08000E-04  2.24000E-04  2.40000E-04  2.56000E-04  2.88000E-04  3.20000E-04
  3.52000E-04  3.84000E-04  4.16000E-04  4.48000E-04  4.80000E-04  5.12000E-04
  5.76000E-04  6.40000E-04  7.04000E-04  7.68000E-04  8.32000E-04  8.96000E-04
  9.60000E-04  1.02400E-03  1.15200E-03  1.28000E-03  1.40800E-03  1.53600E-03
  1.66400E-03  1.79200E-03  1.92000E-03  2.01600E-03  2.27200E-03  2.52800E-03
  2.78400E-03  3.04000E-03  3.29600E-03  3.55200E-03  3.80800E-03  4.06400E-03
  4.57600E-03  5.08800E-03  5.60000E-03  6.11200E-03  6.62400E-03  7.13600E-03
  7.64800E-03  8.16000E-03  9.18400E-03  1.02080E-02  1.12320E-02  1.22560E-02
  1.32800E-02  1.43040E-02  1.53280E-02  1.63520E-02  1.84000E-02  2.04480E-02
  2.24960E-02  2.45440E-02  2.65920E-02  2.86400E-02  3.06880E-02  3.27360E-02
  3.68320E-02  4.09280E-02  4.50240E-02  4.91200E-02  5.32160E-02
  8.19167E-01  8.15582E-01  8.14545E-01  8.14804E-01  8.18157E-01  8.15467E-01
  8.11721E-01  8.09799E-01  8.14196E-01  8.11237E-01  8.13091E-01  8.13839E-01
  8.11930E-01  8.15096E-01  8.15340E-01  8.10875E-01  8.13897E-01  8.10705E-01
  8.10755E-01  8.12137E-01  8.08978E-01  8.09330E-01  8.10452E-01  8.11552E-01
  8.11844E-01  8.10961E-01  8.09790E-01  8.08069E-01  8.08673E-01  8.09011E-01
  8.09640E-01  8.09658E-01  8.07613E-01  8.08721E-01  8.08076E-01  8.07097E-01
  8.07434E-01  8.06191E-01  8.06182E-01  8.03698E-01  8.03665E-01  8.03570E-01
  8.01948E-01  8.01388E-01  8.00270E-01  7.98994E-01  7.97570E-01  7.95586E-01
  7.93389E-01  7.91500E-01  7.90315E-01  7.88803E-01  7.86507E-01  7.84841E-01
  7.81425E-01  7.77526E-01  7.74206E-01  7.70689E-01  7.67206E-01  7.63886E-01
  7.60424E-01  7.57051E-01  7.50473E-01  7.43471E-01  7.36947E-01  7.30092E-01
  7.23931E-01  7.17519E-01  7.11383E-01  7.05477E-01  6.92689E-01  6.80492E-01
  6.68496E-01  6.56249E-01  6.44678E-01  6.33084E-01  6.21963E-01  6.10720E-01
  5.89223E-01  5.68036E-01  5.47686E-01  5.28639E-01  5.10446E-01  4.92786E-01
  4.75697E-01  4.59038E-01  4.27611E-01  3.98171E-01  3.70571E-01  3.45314E-01
  3.22567E-01  3.01365E-01  2.80822E-01  2.66395E-01  2.32216E-01  2.02085E-01
  1.75457E-01  1.51326E-01  1.30204E-01  1.12611E-01  9.65780E-02  8.32405E-02
  6.19590E-02  4.55022E-02  3.34603E-02  2.68057E-02  2.35612E-02  2.14460E-02
  1.84675E-02  1.52541E-02  7.34809E-03  2.86838E-03  5.53904E-03  6.41025E-03
  5.73847E-03  3.55190E-03  1.37095E-03  1.55590E-03  1.67429E-04 -1.20524E-04
 -3.23060E-03  5.41316E-05 -2.75992E-03 -8.95751E-04  9.50036E-04  2.36457E-03
  2.15396E-03  7.88394E-04 -1.48126E-02 -6.11543E-03 -8.35365E-03
