AutoSaveFileName0284.ASC
 IFORMY    0    .00
 (6E13.7)
 IFORMT    0    .00
 (6E13.7)
 IFORMW    0    .00
 (6E13.7)
 NINTT     0   -1.00
 DOUSNQ    0    1.00
 IQUAD     0    1.00
 PRWT      0    1.00
 PRY       0    1.00
 IPLRES    1    3.00
 IPLRES    2    3.00
 IPRINT    1    0.00
 IPRINT    2    2.00
 IPLFIT    1    0.00
 IPLFIT    2    0.00
 LINEPG    0   50.
 NONNEG    1    1.00
 IWT       0    5.00
 NQPROG    1    5.00
 NQPROG    2    5.00
 GMNMX     1    2.80493E-03
 GMNMX     2    1.00690E-03
 RUSER    10    -1.00
 NG        0    500.00
 NLINF     0    1.00
 IUSER    10    4.00
 RUSER    21    1.0
 RUSER    22   -1.0
 RUSER    23    0.0
 RUSER    18         292.16067
 RUSER    17         154.99900
 RUSER    19         1.02641
 RUSER    15         1.33200
 RUSER    16         632.80000
 RUSER    25         1
 RUSER    26         0
 END       0    0.00
 NY      162
  7.50000E-07  8.75000E-07  1.00000E-06  1.12500E-06  1.25000E-06  1.37500E-06
  1.50000E-06  1.62500E-06  1.75000E-06  1.87500E-06  2.00000E-06  2.25000E-06
  2.50000E-06  2.75000E-06  3.00000E-06  3.25000E-06  3.50000E-06  3.75000E-06
  4.00000E-06  4.50000E-06  5.00000E-06  5.50000E-06  6.00000E-06  6.50000E-06
  7.00000E-06  7.50000E-06  8.00000E-06  9.00000E-06  1.00000E-05  1.10000E-05
  1.20000E-05  1.30000E-05  1.40000E-05  1.50000E-05  1.60000E-05  1.80000E-05
  2.00000E-05  2.20000E-05  2.40000E-05  2.60000E-05  2.80000E-05  3.00000E-05
  3.20000E-05  3.60000E-05  4.00000E-05  4.40000E-05  4.80000E-05  5.20000E-05
  5.60000E-05  6.00000E-05  6.40000E-05  7.20000E-05  8.00000E-05  8.80000E-05
  9.60000E-05  1.04000E-04  1.12000E-04  1.20000E-04  1.28000E-04  1.44000E-04
  1.60000E-04  1.76000E-04  1.92000E-04  2.08000E-04  2.24000E-04  2.40000E-04
  2.56000E-04  2.88000E-04  3.20000E-04  3.52000E-04  3.84000E-04  4.16000E-04
  4.48000E-04  4.80000E-04  5.12000E-04  5.76000E-04  6.40000E-04  7.04000E-04
  7.68000E-04  8.32000E-04  8.96000E-04  9.60000E-04  1.02400E-03  1.15200E-03
  1.28000E-03  1.40800E-03  1.53600E-03  1.66400E-03  1.79200E-03  1.92000E-03
  2.01600E-03  2.27200E-03  2.52800E-03  2.78400E-03  3.04000E-03  3.29600E-03
  3.55200E-03  3.80800E-03  4.06400E-03  4.57600E-03  5.08800E-03  5.60000E-03
  6.11200E-03  6.62400E-03  7.13600E-03  7.64800E-03  8.16000E-03  9.18400E-03
  1.02080E-02  1.12320E-02  1.22560E-02  1.32800E-02  1.43040E-02  1.53280E-02
  1.63520E-02  1.84000E-02  2.04480E-02  2.24960E-02  2.45440E-02  2.65920E-02
  2.86400E-02  3.06880E-02  3.27360E-02  3.68320E-02  4.09280E-02  4.50240E-02
  4.91200E-02  5.32160E-02  5.73120E-02  6.14080E-02  6.55040E-02  7.36960E-02
  8.18880E-02  9.00800E-02  9.82720E-02  1.06464E-01  1.14656E-01  1.22848E-01
  1.31040E-01  1.47424E-01  1.63808E-01  1.80192E-01  1.96576E-01  2.12960E-01
  2.29344E-01  2.45728E-01  2.62112E-01  2.94880E-01  3.27648E-01  3.60416E-01
  3.93184E-01  4.25952E-01  4.58720E-01  4.91488E-01  5.24256E-01  5.89792E-01
  6.55328E-01  7.20864E-01  7.86400E-01  8.51936E-01  9.17472E-01  9.83008E-01
  1.00000E+00  9.98224E-01  9.98936E-01  9.97803E-01  9.96311E-01  9.95367E-01
  9.94535E-01  9.94639E-01  9.93324E-01  9.92136E-01  9.91242E-01  9.89070E-01
  9.88913E-01  9.86711E-01  9.84651E-01  9.83166E-01  9.79392E-01  9.79552E-01
  9.78842E-01  9.75644E-01  9.72410E-01  9.68731E-01  9.66313E-01  9.62838E-01
  9.58242E-01  9.56660E-01  9.53820E-01  9.47045E-01  9.41087E-01  9.34899E-01
  9.29554E-01  9.23162E-01  9.16838E-01  9.10949E-01  9.05337E-01  8.93335E-01
  8.81795E-01  8.70683E-01  8.59045E-01  8.48451E-01  8.37387E-01  8.26596E-01
  8.16039E-01  7.94659E-01  7.74964E-01  7.54959E-01  7.35831E-01  7.17144E-01
  6.99085E-01  6.81237E-01  6.63977E-01  6.30880E-01  5.99180E-01  5.69050E-01
  5.40731E-01  5.13515E-01  4.88122E-01  4.63549E-01  4.40697E-01  3.97574E-01
  3.59101E-01  3.24106E-01  2.92795E-01  2.64164E-01  2.38527E-01  2.15226E-01
  1.94891E-01  1.58785E-01  1.29748E-01  1.06370E-01  8.77423E-02  7.22714E-02
  5.97464E-02  4.94486E-02  4.11603E-02  2.81344E-02  1.88400E-02  1.22830E-02
  7.60608E-03  4.77573E-03  3.26617E-03  2.83534E-03  2.77593E-03  3.05935E-03
  1.96371E-03  1.37282E-03  1.76535E-03  1.01526E-03  5.52500E-04  8.42259E-04
  1.24433E-03 -1.41606E-04 -8.14467E-04 -2.21871E-03 -2.14349E-03 -2.23444E-03
 -1.49013E-03 -1.20061E-03 -1.13630E-03 -1.80226E-03  2.80320E-04  3.29240E-05
 -6.66025E-04 -8.01457E-04  1.35030E-04 -1.12101E-03  6.59396E-04 -1.37235E-04
 -6.80158E-04  5.38073E-04  8.25871E-04 -2.06679E-03 -8.65606E-04  1.03185E-04
  8.00055E-04 -4.78245E-04  7.20566E-04 -1.23228E-04 -6.63890E-04 -1.39741E-03
 -5.04632E-04 -2.01979E-03 -4.81548E-04  2.26110E-04 -8.50043E-05 -2.36307E-04
  3.13614E-04  2.24518E-05  8.57062E-04  6.18231E-04 -1.29868E-04 -4.48753E-04
  3.69531E-04  3.89996E-05 -2.47469E-04  2.07404E-04 -5.02233E-04 -5.32284E-04
 -6.25572E-05  7.22502E-05  6.15852E-05  1.05807E-04 -9.27504E-05  3.08553E-04
 -2.60408E-04  1.78667E-04  3.86285E-04 -1.87350E-04 -1.11261E-04  4.56275E-04
  1.13747E-04 -2.81292E-05  1.33576E-04  6.96003E-05 -7.07863E-05 -1.74774E-05
 -9.20661E-05  1.09782E-04  4.34173E-05  3.99106E-04 -1.51743E-04  3.11773E-04
