AutoSaveFileName0131.ASC
 IFORMY    0    .00
 (6E13.7)
 IFORMT    0    .00
 (6E13.7)
 IFORMW    0    .00
 (6E13.7)
 NINTT     0   -1.00
 DOUSNQ    0    1.00
 IQUAD          1.00
 PRWT      0    1.00
 PRY       0    1.00
 IPLRES    1    3.00
 IPLRES    2    3.00
 IPRINT    1    0.00
 IPRINT    2    2.00
 IPLFIT    1    0.00
 IPLFIT    2    0.00
 LINEPG    0   50.
 NONNEG    1    1.00
 IWT       0    5.00
 NQPROG    1    5.00
 NQPROG    2    5.00
 GMNMX     1    1.657E-05
 GMNMX     2    1.657E-02
 RUSER    10    -1.00
 NG        0    200.00
 NLINF     0    0.00
 IUSER    10    4.00
 RUSER    21    1.0
 RUSER    22   -1.0
 RUSER    23    0.0
 RUSER    18         292.20797
 RUSER    17         79.99800
 RUSER    19         1.02521
 RUSER    15         1.33200
 RUSER    16         632.80000
 RUSER    25         1
 RUSER    26         0
 END       0    0.00
 NY      188
  5.00000E-07  6.25000E-07  7.50000E-07  8.75000E-07  1.00000E-06  1.12500E-06
  1.25000E-06  1.37500E-06  1.50000E-06  1.62500E-06  1.75000E-06  1.87500E-06
  2.00000E-06  2.25000E-06  2.50000E-06  2.75000E-06  3.00000E-06  3.25000E-06
  3.50000E-06  3.75000E-06  4.00000E-06  4.50000E-06  5.00000E-06  5.50000E-06
  6.00000E-06  6.50000E-06  7.00000E-06  7.50000E-06  8.00000E-06  9.00000E-06
  1.00000E-05  1.10000E-05  1.20000E-05  1.30000E-05  1.40000E-05  1.50000E-05
  1.60000E-05  1.80000E-05  2.00000E-05  2.20000E-05  2.40000E-05  2.60000E-05
  2.80000E-05  3.00000E-05  3.20000E-05  3.60000E-05  4.00000E-05  4.40000E-05
  4.80000E-05  5.20000E-05  5.60000E-05  6.00000E-05  6.40000E-05  7.20000E-05
  8.00000E-05  8.80000E-05  9.60000E-05  1.04000E-04  1.12000E-04  1.20000E-04
  1.28000E-04  1.44000E-04  1.60000E-04  1.76000E-04  1.92000E-04  2.08000E-04
  2.24000E-04  2.40000E-04  2.56000E-04  2.88000E-04  3.20000E-04  3.52000E-04
  3.84000E-04  4.16000E-04  4.48000E-04  4.80000E-04  5.12000E-04  5.76000E-04
  6.40000E-04  7.04000E-04  7.68000E-04  8.32000E-04  8.96000E-04  9.60000E-04
  1.02400E-03  1.15200E-03  1.28000E-03  1.40800E-03  1.53600E-03  1.66400E-03
  1.79200E-03  1.92000E-03  2.01600E-03  2.27200E-03  2.52800E-03  2.78400E-03
  3.04000E-03  3.29600E-03  3.55200E-03  3.80800E-03  4.06400E-03  4.57600E-03
  5.08800E-03  5.60000E-03  6.11200E-03  6.62400E-03  7.13600E-03  7.64800E-03
  8.16000E-03  9.18400E-03  1.02080E-02  1.12320E-02  1.22560E-02  1.32800E-02
  1.43040E-02  1.53280E-02  1.63520E-02  1.84000E-02  2.04480E-02  2.24960E-02
  2.45440E-02  2.65920E-02  2.86400E-02  3.06880E-02  3.27360E-02  3.68320E-02
  4.09280E-02  4.50240E-02  4.91200E-02  5.32160E-02  5.73120E-02  6.14080E-02
  6.55040E-02  7.36960E-02  8.18880E-02  9.00800E-02  9.82720E-02  1.06464E-01
  1.14656E-01  1.22848E-01  1.31040E-01  1.47424E-01  1.63808E-01  1.80192E-01
  1.96576E-01  2.12960E-01  2.29344E-01  2.45728E-01  2.62112E-01  2.94880E-01
  3.27648E-01  3.60416E-01  3.93184E-01  4.25952E-01  4.58720E-01  4.91488E-01
  5.24256E-01  5.89792E-01  6.55328E-01  7.20864E-01  7.86400E-01  8.51936E-01
  9.17472E-01  9.83008E-01  1.04854E+00  1.17962E+00  1.31069E+00  1.44176E+00
  1.57283E+00  1.70390E+00  1.83498E+00  1.96605E+00  2.09712E+00  2.35926E+00
  2.62141E+00  2.88355E+00  3.14570E+00  3.40784E+00  3.66998E+00  3.93213E+00
  4.19427E+00  4.71856E+00  5.24285E+00  5.76714E+00  6.29142E+00  6.81571E+00
  7.34000E+00  7.86429E+00
  9.88918E-01  9.88912E-01  9.86795E-01  9.86739E-01  9.86385E-01  9.83728E-01
  9.83827E-01  9.87956E-01  9.80785E-01  9.83244E-01  9.85876E-01  9.85056E-01
  9.84460E-01  9.80953E-01  9.85174E-01  9.84156E-01  9.81654E-01  9.85317E-01
  9.82275E-01  9.84522E-01  9.84038E-01  9.82747E-01  9.81362E-01  9.83852E-01
  9.83405E-01  9.82337E-01  9.84485E-01  9.84231E-01  9.84678E-01  9.83039E-01
  9.81617E-01  9.80624E-01  9.82697E-01  9.82058E-01  9.82325E-01  9.81300E-01
  9.80704E-01  9.80648E-01  9.80617E-01  9.79382E-01  9.80009E-01  9.79699E-01
  9.79258E-01  9.78550E-01  9.78389E-01  9.77296E-01  9.76303E-01  9.75526E-01
  9.74341E-01  9.73242E-01  9.72348E-01  9.71566E-01  9.70373E-01  9.68809E-01
  9.66686E-01  9.65562E-01  9.63327E-01  9.61986E-01  9.60272E-01  9.58528E-01
  9.56864E-01  9.53605E-01  9.49911E-01  9.46248E-01  9.42610E-01  9.39331E-01
  9.35706E-01  9.32316E-01  9.28939E-01  9.22103E-01  9.15187E-01  9.08792E-01
  9.02156E-01  8.95606E-01  8.89112E-01  8.82494E-01  8.76589E-01  8.63943E-01
  8.51476E-01  8.38966E-01  8.27245E-01  8.15151E-01  8.03442E-01  7.92012E-01
  7.79571E-01  7.57400E-01  7.35727E-01  7.14531E-01  6.93752E-01  6.73649E-01
  6.54335E-01  6.35244E-01  6.21368E-01  5.85514E-01  5.52062E-01  5.20436E-01
  4.90679E-01  4.62407E-01  4.35944E-01  4.11119E-01  3.87543E-01  3.43944E-01
  3.05855E-01  2.72794E-01  2.44341E-01  2.19145E-01  1.96102E-01  1.73605E-01
  1.53423E-01  1.18140E-01  9.07253E-02  6.97775E-02  5.32254E-02  3.95723E-02
  2.71645E-02  1.63603E-02  1.04767E-02 -8.96332E-04 -7.74697E-03 -1.12043E-02
 -1.36319E-02 -1.11891E-02 -1.01082E-02 -7.45201E-03 -7.23726E-03 -7.10521E-03
  3.14199E-04 -6.47754E-03 -8.05224E-03 -5.40299E-03 -1.33700E-02 -8.21893E-03
 -1.14818E-03 -3.58429E-03 -1.52065E-02 -1.43192E-02 -2.08902E-02 -6.66634E-03
  7.42382E-04  1.40869E-02 -5.40674E-03 -3.04520E-03 -5.03140E-03  1.87176E-05
 -1.20708E-03  1.64997E-03  9.10729E-03  3.85963E-03 -3.82417E-03  3.90304E-04
 -1.28217E-02 -4.27041E-04 -1.92559E-03  7.45865E-03  8.22347E-04 -1.34210E-03
 -3.30179E-04  2.64111E-03 -7.51310E-03  2.61543E-03  2.00803E-03 -2.95442E-03
  1.59921E-03  2.17228E-03 -2.67316E-03 -5.67690E-03 -3.25644E-03  4.45541E-03
 -7.14966E-03 -6.70955E-04  2.09210E-03 -3.19771E-03 -3.37128E-03  3.07353E-03
  2.14392E-04 -6.02081E-04  2.85614E-04  2.04074E-03  2.28884E-03 -4.04794E-03
 -3.65381E-03  8.60919E-04 -1.38340E-03  2.12381E-03  9.46738E-04 -1.10062E-03
  2.04502E-03  1.27150E-03
