AutoSaveFileName0036.ASC
 IFORMY    0    .00
 (6E13.7)
 IFORMT    0    .00
 (6E13.7)
 IFORMW    0    .00
 (6E13.7)
 NINTT     0   -1.00
 DOUSNQ    0    1.00
 IQUAD          1.00
 PRWT      0    1.00
 PRY       0    1.00
 IPLRES    1    3.00
 IPLRES    2    3.00
 IPRINT    1    0.00
 IPRINT    2    2.00
 IPLFIT    1    0.00
 IPLFIT    2    0.00
 LINEPG    0   50.
 NONNEG    1    1.00
 IWT       0    5.00
 NQPROG    1    5.00
 NQPROG    2    5.00
 GMNMX     1    1.270E-04
 GMNMX     2    1.270E-01
 RUSER    10    -1.00
 NG        0    200.00
 NLINF     0    0.00
 IUSER    10    4.00
 RUSER    21    1.0
 RUSER    22   -1.0
 RUSER    23    0.0
 RUSER    18         291.82665
 RUSER    17         26.99900
 RUSER    19         1.03494
 RUSER    15         1.33200
 RUSER    16         632.80000
 RUSER    25         1
 RUSER    26         0
 END       0    0.00
 NY      131
  3.75000E-07  5.00000E-07  6.25000E-07  7.50000E-07  8.75000E-07  1.00000E-06
  1.12500E-06  1.25000E-06  1.37500E-06  1.50000E-06  1.62500E-06  1.75000E-06
  1.87500E-06  2.00000E-06  2.25000E-06  2.50000E-06  2.75000E-06  3.00000E-06
  3.25000E-06  3.50000E-06  3.75000E-06  4.00000E-06  4.50000E-06  5.00000E-06
  5.50000E-06  6.00000E-06  6.50000E-06  7.00000E-06  7.50000E-06  8.00000E-06
  9.00000E-06  1.00000E-05  1.10000E-05  1.20000E-05  1.30000E-05  1.40000E-05
  1.50000E-05  1.60000E-05  1.80000E-05  2.00000E-05  2.20000E-05  2.40000E-05
  2.60000E-05  2.80000E-05  3.00000E-05  3.20000E-05  3.60000E-05  4.00000E-05
  4.40000E-05  4.80000E-05  5.20000E-05  5.60000E-05  6.00000E-05  6.40000E-05
  7.20000E-05  8.00000E-05  8.80000E-05  9.60000E-05  1.04000E-04  1.12000E-04
  1.20000E-04  1.28000E-04  1.44000E-04  1.60000E-04  1.76000E-04  1.92000E-04
  2.08000E-04  2.24000E-04  2.40000E-04  2.56000E-04  2.88000E-04  3.20000E-04
  3.52000E-04  3.84000E-04  4.16000E-04  4.48000E-04  4.80000E-04  5.12000E-04
  5.76000E-04  6.40000E-04  7.04000E-04  7.68000E-04  8.32000E-04  8.96000E-04
  9.60000E-04  1.02400E-03  1.15200E-03  1.28000E-03  1.40800E-03  1.53600E-03
  1.66400E-03  1.79200E-03  1.92000E-03  2.01600E-03  2.27200E-03  2.52800E-03
  2.78400E-03  3.04000E-03  3.29600E-03  3.55200E-03  3.80800E-03  4.06400E-03
  4.57600E-03  5.08800E-03  5.60000E-03  6.11200E-03  6.62400E-03  7.13600E-03
  7.64800E-03  8.16000E-03  9.18400E-03  1.02080E-02  1.12320E-02  1.22560E-02
  1.32800E-02  1.43040E-02  1.53280E-02  1.63520E-02  1.84000E-02  2.04480E-02
  2.24960E-02  2.45440E-02  2.65920E-02  2.86400E-02  3.06880E-02  3.27360E-02
  3.68320E-02  4.09280E-02  4.50240E-02  4.91200E-02  5.32160E-02
  7.96200E-01  7.98108E-01  7.92140E-01  7.97962E-01  7.90453E-01  7.91050E-01
  7.95085E-01  7.93209E-01  7.94646E-01  7.92424E-01  7.90275E-01  7.93566E-01
  7.93563E-01  7.90929E-01  7.91068E-01  7.91986E-01  7.90604E-01  7.91989E-01
  7.91584E-01  7.92349E-01  7.91915E-01  7.92397E-01  7.91152E-01  7.91713E-01
  7.90941E-01  7.91632E-01  7.90126E-01  7.90434E-01  7.89988E-01  7.91115E-01
  7.92194E-01  7.91128E-01  7.90479E-01  7.90899E-01  7.91403E-01  7.90998E-01
  7.91681E-01  7.91554E-01  7.90798E-01  7.91097E-01  7.91219E-01  7.89921E-01
  7.90285E-01  7.91177E-01  7.90289E-01  7.90304E-01  7.90536E-01  7.89589E-01
  7.90246E-01  7.89603E-01  7.89868E-01  7.89299E-01  7.89173E-01  7.88852E-01
  7.88911E-01  7.88413E-01  7.87798E-01  7.87391E-01  7.87233E-01  7.86974E-01
  7.85973E-01  7.85941E-01  7.85117E-01  7.84613E-01  7.83652E-01  7.82993E-01
  7.81870E-01  7.81640E-01  7.80429E-01  7.79892E-01  7.78295E-01  7.76814E-01
  7.75298E-01  7.73696E-01  7.72236E-01  7.70718E-01  7.69155E-01  7.67797E-01
  7.64750E-01  7.61747E-01  7.58760E-01  7.55927E-01  7.52717E-01  7.50049E-01
  7.47149E-01  7.44231E-01  7.38429E-01  7.32537E-01  7.26811E-01  7.21173E-01
  7.15407E-01  7.09762E-01  7.04132E-01  6.96418E-01  6.85519E-01  6.74722E-01
  6.64239E-01  6.53690E-01  6.43304E-01  6.33242E-01  6.23158E-01  6.13526E-01
  5.94067E-01  5.74869E-01  5.56366E-01  5.38509E-01  5.21719E-01  5.05525E-01
  4.89825E-01  4.75307E-01  4.47513E-01  4.21775E-01  3.99001E-01  3.77768E-01
  3.58178E-01  3.40544E-01  3.24010E-01  3.08174E-01  2.75765E-01  2.48005E-01
  2.23159E-01  2.00696E-01  1.81702E-01  1.63601E-01  1.44882E-01  1.27421E-01
  9.92299E-02  7.81987E-02  6.46532E-02  5.28770E-02  3.69580E-02
