AutoSaveFileName0190.ASC
 IFORMY    0    .00
 (6E13.7)
 IFORMT    0    .00
 (6E13.7)
 IFORMW    0    .00
 (6E13.7)
 NINTT     0   -1.00
 DOUSNQ    0    1.00
 IQUAD          1.00
 PRWT      0    1.00
 PRY       0    1.00
 IPLRES    1    3.00
 IPLRES    2    3.00
 IPRINT    1    0.00
 IPRINT    2    2.00
 IPLFIT    1    0.00
 IPLFIT    2    0.00
 LINEPG    0   50.
 NONNEG    1    1.00
 IWT       0    5.00
 NQPROG    1    5.00
 NQPROG    2    5.00
 GMNMX     1    1.738E-05
 GMNMX     2    1.738E-02
 RUSER    10    -1.00
 NG        0    200.00
 NLINF     0    0.00
 IUSER    10    4.00
 RUSER    21    1.0
 RUSER    22   -1.0
 RUSER    23    0.0
 RUSER    18         292.01391
 RUSER    17         77.99900
 RUSER    19         1.03014
 RUSER    15         1.33200
 RUSER    16         632.80000
 RUSER    25         1
 RUSER    26         0
 END       0    0.00
 NY      131
  3.75000E-07  5.00000E-07  6.25000E-07  7.50000E-07  8.75000E-07  1.00000E-06
  1.12500E-06  1.25000E-06  1.37500E-06  1.50000E-06  1.62500E-06  1.75000E-06
  1.87500E-06  2.00000E-06  2.25000E-06  2.50000E-06  2.75000E-06  3.00000E-06
  3.25000E-06  3.50000E-06  3.75000E-06  4.00000E-06  4.50000E-06  5.00000E-06
  5.50000E-06  6.00000E-06  6.50000E-06  7.00000E-06  7.50000E-06  8.00000E-06
  9.00000E-06  1.00000E-05  1.10000E-05  1.20000E-05  1.30000E-05  1.40000E-05
  1.50000E-05  1.60000E-05  1.80000E-05  2.00000E-05  2.20000E-05  2.40000E-05
  2.60000E-05  2.80000E-05  3.00000E-05  3.20000E-05  3.60000E-05  4.00000E-05
  4.40000E-05  4.80000E-05  5.20000E-05  5.60000E-05  6.00000E-05  6.40000E-05
  7.20000E-05  8.00000E-05  8.80000E-05  9.60000E-05  1.04000E-04  1.12000E-04
  1.20000E-04  1.28000E-04  1.44000E-04  1.60000E-04  1.76000E-04  1.92000E-04
  2.08000E-04  2.24000E-04  2.40000E-04  2.56000E-04  2.88000E-04  3.20000E-04
  3.52000E-04  3.84000E-04  4.16000E-04  4.48000E-04  4.80000E-04  5.12000E-04
  5.76000E-04  6.40000E-04  7.04000E-04  7.68000E-04  8.32000E-04  8.96000E-04
  9.60000E-04  1.02400E-03  1.15200E-03  1.28000E-03  1.40800E-03  1.53600E-03
  1.66400E-03  1.79200E-03  1.92000E-03  2.01600E-03  2.27200E-03  2.52800E-03
  2.78400E-03  3.04000E-03  3.29600E-03  3.55200E-03  3.80800E-03  4.06400E-03
  4.57600E-03  5.08800E-03  5.60000E-03  6.11200E-03  6.62400E-03  7.13600E-03
  7.64800E-03  8.16000E-03  9.18400E-03  1.02080E-02  1.12320E-02  1.22560E-02
  1.32800E-02  1.43040E-02  1.53280E-02  1.63520E-02  1.84000E-02  2.04480E-02
  2.24960E-02  2.45440E-02  2.65920E-02  2.86400E-02  3.06880E-02  3.27360E-02
  3.68320E-02  4.09280E-02  4.50240E-02  4.91200E-02  5.32160E-02
  1.37974E+00  1.37783E+00  1.37844E+00  1.37750E+00  1.37687E+00  1.37591E+00
  1.37691E+00  1.37507E+00  1.37367E+00  1.37504E+00  1.37512E+00  1.37611E+00
  1.37490E+00  1.37543E+00  1.37532E+00  1.37461E+00  1.37381E+00  1.37412E+00
  1.37450E+00  1.37451E+00  1.37329E+00  1.37412E+00  1.37480E+00  1.37499E+00
  1.37270E+00  1.37226E+00  1.37372E+00  1.37284E+00  1.37312E+00  1.37219E+00
  1.37235E+00  1.37176E+00  1.37114E+00  1.37027E+00  1.37030E+00  1.36900E+00
  1.36896E+00  1.36819E+00  1.36729E+00  1.36657E+00  1.36543E+00  1.36481E+00
  1.36319E+00  1.36260E+00  1.36142E+00  1.36053E+00  1.35830E+00  1.35638E+00
  1.35447E+00  1.35248E+00  1.35056E+00  1.34846E+00  1.34668E+00  1.34465E+00
  1.34085E+00  1.33671E+00  1.33273E+00  1.32902E+00  1.32516E+00  1.32120E+00
  1.31733E+00  1.31352E+00  1.30587E+00  1.29837E+00  1.29102E+00  1.28364E+00
  1.27609E+00  1.26887E+00  1.26168E+00  1.25440E+00  1.24003E+00  1.22595E+00
  1.21208E+00  1.19827E+00  1.18474E+00  1.17132E+00  1.15824E+00  1.14554E+00
  1.11998E+00  1.09530E+00  1.07117E+00  1.04753E+00  1.02442E+00  1.00183E+00
  9.79944E-01  9.58563E-01  9.17042E-01  8.78006E-01  8.40987E-01  8.06003E-01
  7.72535E-01  7.40445E-01  7.10054E-01  6.88284E-01  6.33385E-01  5.82338E-01
  5.35505E-01  4.92033E-01  4.52302E-01  4.15595E-01  3.82248E-01  3.52813E-01
  2.97747E-01  2.50105E-01  2.11071E-01  1.78660E-01  1.51035E-01  1.27133E-01
  1.07307E-01  9.15318E-02  6.82113E-02  5.27503E-02  3.85712E-02  2.06688E-02
  7.62100E-03 -1.45847E-03 -9.43006E-03 -1.25573E-02 -1.57072E-02 -2.10326E-02
 -2.60690E-02 -3.27646E-02 -3.83746E-02 -2.99354E-02 -1.77597E-02 -9.22125E-03
 -3.49893E-03  1.34748E-03  4.22310E-03  7.79404E-03  1.67503E-03
