AutoSaveFileName0047.ASC
 IFORMY    0    .00
 (6E13.7)
 IFORMT    0    .00
 (6E13.7)
 IFORMW    0    .00
 (6E13.7)
 NINTT     0   -1.00
 DOUSNQ    0    1.00
 IQUAD          1.00
 PRWT      0    1.00
 PRY       0    1.00
 IPLRES    1    3.00
 IPLRES    2    3.00
 IPRINT    1    0.00
 IPRINT    2    2.00
 IPLFIT    1    0.00
 IPLFIT    2    0.00
 LINEPG    0   50.
 NONNEG    1    1.00
 IWT       0    5.00
 NQPROG    1    5.00
 NQPROG    2    5.00
 GMNMX     1    1.033E-04
 GMNMX     2    1.033E-01
 RUSER    10    -1.00
 NG        0    200.00
 NLINF     0    0.00
 IUSER    10    4.00
 RUSER    21    1.0
 RUSER    22   -1.0
 RUSER    23    0.0
 RUSER    18         291.83790
 RUSER    17         29.99900
 RUSER    19         1.03465
 RUSER    15         1.33200
 RUSER    16         632.80000
 RUSER    25         1
 RUSER    26         0
 END       0    0.00
 NY      131
  3.75000E-07  5.00000E-07  6.25000E-07  7.50000E-07  8.75000E-07  1.00000E-06
  1.12500E-06  1.25000E-06  1.37500E-06  1.50000E-06  1.62500E-06  1.75000E-06
  1.87500E-06  2.00000E-06  2.25000E-06  2.50000E-06  2.75000E-06  3.00000E-06
  3.25000E-06  3.50000E-06  3.75000E-06  4.00000E-06  4.50000E-06  5.00000E-06
  5.50000E-06  6.00000E-06  6.50000E-06  7.00000E-06  7.50000E-06  8.00000E-06
  9.00000E-06  1.00000E-05  1.10000E-05  1.20000E-05  1.30000E-05  1.40000E-05
  1.50000E-05  1.60000E-05  1.80000E-05  2.00000E-05  2.20000E-05  2.40000E-05
  2.60000E-05  2.80000E-05  3.00000E-05  3.20000E-05  3.60000E-05  4.00000E-05
  4.40000E-05  4.80000E-05  5.20000E-05  5.60000E-05  6.00000E-05  6.40000E-05
  7.20000E-05  8.00000E-05  8.80000E-05  9.60000E-05  1.04000E-04  1.12000E-04
  1.20000E-04  1.28000E-04  1.44000E-04  1.60000E-04  1.76000E-04  1.92000E-04
  2.08000E-04  2.24000E-04  2.40000E-04  2.56000E-04  2.88000E-04  3.20000E-04
  3.52000E-04  3.84000E-04  4.16000E-04  4.48000E-04  4.80000E-04  5.12000E-04
  5.76000E-04  6.40000E-04  7.04000E-04  7.68000E-04  8.32000E-04  8.96000E-04
  9.60000E-04  1.02400E-03  1.15200E-03  1.28000E-03  1.40800E-03  1.53600E-03
  1.66400E-03  1.79200E-03  1.92000E-03  2.01600E-03  2.27200E-03  2.52800E-03
  2.78400E-03  3.04000E-03  3.29600E-03  3.55200E-03  3.80800E-03  4.06400E-03
  4.57600E-03  5.08800E-03  5.60000E-03  6.11200E-03  6.62400E-03  7.13600E-03
  7.64800E-03  8.16000E-03  9.18400E-03  1.02080E-02  1.12320E-02  1.22560E-02
  1.32800E-02  1.43040E-02  1.53280E-02  1.63520E-02  1.84000E-02  2.04480E-02
  2.24960E-02  2.45440E-02  2.65920E-02  2.86400E-02  3.06880E-02  3.27360E-02
  3.68320E-02  4.09280E-02  4.50240E-02  4.91200E-02  5.32160E-02
  2.43484E+00  2.43366E+00  2.43118E+00  2.42611E+00  2.42945E+00  2.42453E+00
  2.42537E+00  2.42608E+00  2.42842E+00  2.42409E+00  2.42523E+00  2.42180E+00
  2.42324E+00  2.42511E+00  2.42289E+00  2.42262E+00  2.42390E+00  2.41723E+00
  2.41935E+00  2.42220E+00  2.42253E+00  2.42331E+00  2.42336E+00  2.42176E+00
  2.42387E+00  2.42375E+00  2.42011E+00  2.42392E+00  2.42016E+00  2.42116E+00
  2.42413E+00  2.42258E+00  2.42125E+00  2.42027E+00  2.42158E+00  2.42183E+00
  2.42001E+00  2.42126E+00  2.42002E+00  2.42118E+00  2.42155E+00  2.41838E+00
  2.41963E+00  2.41941E+00  2.41829E+00  2.41868E+00  2.41788E+00  2.41729E+00
  2.41560E+00  2.41541E+00  2.41440E+00  2.41469E+00  2.41360E+00  2.41286E+00
  2.41148E+00  2.41012E+00  2.40799E+00  2.40683E+00  2.40533E+00  2.40420E+00
  2.40281E+00  2.40177E+00  2.39811E+00  2.39542E+00  2.39252E+00  2.38950E+00
  2.38717E+00  2.38416E+00  2.38107E+00  2.37894E+00  2.37327E+00  2.36771E+00
  2.36222E+00  2.35633E+00  2.35066E+00  2.34559E+00  2.33988E+00  2.33538E+00
  2.32391E+00  2.31319E+00  2.30216E+00  2.29086E+00  2.27990E+00  2.26910E+00
  2.25784E+00  2.20711E+00  2.18595E+00  2.16508E+00  2.14422E+00  2.12356E+00
  2.10306E+00  2.08270E+00  2.06264E+00  2.09193E+00  2.05163E+00  2.01204E+00
  1.97364E+00  1.93627E+00  1.89953E+00  1.86364E+00  1.82807E+00  1.79420E+00
  1.72663E+00  1.66192E+00  1.59948E+00  1.53869E+00  1.48072E+00  1.42462E+00
  1.37078E+00  1.32088E+00  1.22522E+00  1.13608E+00  1.05300E+00  9.77735E-01
  9.08195E-01  8.44014E-01  7.83149E-01  7.28290E-01  6.27793E-01  5.40918E-01
  4.65506E-01  4.03701E-01  3.51297E-01  3.03493E-01  2.62016E-01  2.28847E-01
  1.79181E-01  1.44158E-01  1.17961E-01  8.93302E-02  7.07111E-02
