AutoSaveFileName0004.ASC
 IFORMY    0    .00
 (6E13.7)
 IFORMT    0    .00
 (6E13.7)
 IFORMW    0    .00
 (6E13.7)
 NINTT     0   -1.00
 DOUSNQ    0    1.00
 IQUAD     0    1.00
 PRWT      0    1.00
 PRY       0    1.00
 IPLRES    1    3.00
 IPLRES    2    3.00
 IPRINT    1    0.00
 IPRINT    2    2.00
 IPLFIT    1    0.00
 IPLFIT    2    0.00
 LINEPG    0   50.
 NONNEG    1    1.00
 IWT       0    5.00
 NQPROG    1    5.00
 NQPROG    2    5.00
 GMNMX     1    1.58025E-01
 GMNMX     2    5.67270E-02
 RUSER    10    -1.00
 NG        0    500.00
 NLINF     0    1.00
 IUSER    10    4.00
 RUSER    21    1.0
 RUSER    22   -1.0
 RUSER    23    0.0
 RUSER    18         291.89835
 RUSER    17         15.00300
 RUSER    19         1.03310
 RUSER    15         1.33200
 RUSER    16         632.80000
 RUSER    25         1
 RUSER    26         0
 END       0    0.00
 NY      162
  7.50000E-07  8.75000E-07  1.00000E-06  1.12500E-06  1.25000E-06  1.37500E-06
  1.50000E-06  1.62500E-06  1.75000E-06  1.87500E-06  2.00000E-06  2.25000E-06
  2.50000E-06  2.75000E-06  3.00000E-06  3.25000E-06  3.50000E-06  3.75000E-06
  4.00000E-06  4.50000E-06  5.00000E-06  5.50000E-06  6.00000E-06  6.50000E-06
  7.00000E-06  7.50000E-06  8.00000E-06  9.00000E-06  1.00000E-05  1.10000E-05
  1.20000E-05  1.30000E-05  1.40000E-05  1.50000E-05  1.60000E-05  1.80000E-05
  2.00000E-05  2.20000E-05  2.40000E-05  2.60000E-05  2.80000E-05  3.00000E-05
  3.20000E-05  3.60000E-05  4.00000E-05  4.40000E-05  4.80000E-05  5.20000E-05
  5.60000E-05  6.00000E-05  6.40000E-05  7.20000E-05  8.00000E-05  8.80000E-05
  9.60000E-05  1.04000E-04  1.12000E-04  1.20000E-04  1.28000E-04  1.44000E-04
  1.60000E-04  1.76000E-04  1.92000E-04  2.08000E-04  2.24000E-04  2.40000E-04
  2.56000E-04  2.88000E-04  3.20000E-04  3.52000E-04  3.84000E-04  4.16000E-04
  4.48000E-04  4.80000E-04  5.12000E-04  5.76000E-04  6.40000E-04  7.04000E-04
  7.68000E-04  8.32000E-04  8.96000E-04  9.60000E-04  1.02400E-03  1.15200E-03
  1.28000E-03  1.40800E-03  1.53600E-03  1.66400E-03  1.79200E-03  1.92000E-03
  2.01600E-03  2.27200E-03  2.52800E-03  2.78400E-03  3.04000E-03  3.29600E-03
  3.55200E-03  3.80800E-03  4.06400E-03  4.57600E-03  5.08800E-03  5.60000E-03
  6.11200E-03  6.62400E-03  7.13600E-03  7.64800E-03  8.16000E-03  9.18400E-03
  1.02080E-02  1.12320E-02  1.22560E-02  1.32800E-02  1.43040E-02  1.53280E-02
  1.63520E-02  1.84000E-02  2.04480E-02  2.24960E-02  2.45440E-02  2.65920E-02
  2.86400E-02  3.06880E-02  3.27360E-02  3.68320E-02  4.09280E-02  4.50240E-02
  4.91200E-02  5.32160E-02  5.73120E-02  6.14080E-02  6.55040E-02  7.36960E-02
  8.18880E-02  9.00800E-02  9.82720E-02  1.06464E-01  1.14656E-01  1.22848E-01
  1.31040E-01  1.47424E-01  1.63808E-01  1.80192E-01  1.96576E-01  2.12960E-01
  2.29344E-01  2.45728E-01  2.62112E-01  2.94880E-01  3.27648E-01  3.60416E-01
  3.93184E-01  4.25952E-01  4.58720E-01  4.91488E-01  5.24256E-01  5.89792E-01
  6.55328E-01  7.20864E-01  7.86400E-01  8.51936E-01  9.17472E-01  9.83008E-01
  9.97905E-01  9.94774E-01  9.95559E-01  9.90760E-01  1.00000E+00  9.96359E-01
  9.91785E-01  9.95264E-01  9.96727E-01  9.93061E-01  9.94101E-01  9.95579E-01
  9.91432E-01  9.94146E-01  9.93164E-01  9.96766E-01  9.93297E-01  9.93517E-01
  9.93581E-01  9.92462E-01  9.93184E-01  9.93311E-01  9.92723E-01  9.94317E-01
  9.93454E-01  9.93223E-01  9.93542E-01  9.93252E-01  9.93679E-01  9.93375E-01
  9.93081E-01  9.95176E-01  9.92938E-01  9.94258E-01  9.94519E-01  9.92973E-01
  9.92821E-01  9.93621E-01  9.93797E-01  9.94342E-01  9.93041E-01  9.91824E-01
  9.92070E-01  9.93017E-01  9.92507E-01  9.92511E-01  9.92261E-01  9.91820E-01
  9.91996E-01  9.92649E-01  9.92070E-01  9.91540E-01  9.91334E-01  9.91221E-01
  9.90652E-01  9.90107E-01  9.89474E-01  9.89464E-01  9.89322E-01  9.88865E-01
  9.87840E-01  9.87339E-01  9.86716E-01  9.86083E-01  9.85327E-01  9.84920E-01
  9.84125E-01  9.82913E-01  9.81823E-01  9.80670E-01  9.79782E-01  9.78727E-01
  9.77608E-01  9.75734E-01  9.74988E-01  9.72735E-01  9.70610E-01  9.68559E-01
  9.66478E-01  9.64584E-01  9.62194E-01  9.60060E-01  9.58322E-01  9.54353E-01
  9.50466E-01  9.46476E-01  9.42560E-01  9.38968E-01  9.35072E-01  9.31382E-01
  9.29345E-01  9.22117E-01  9.14751E-01  9.07832E-01  9.00750E-01  8.93959E-01
  8.87118E-01  8.80473E-01  8.74011E-01  8.61227E-01  8.48689E-01  8.36573E-01
  8.24776E-01  8.13416E-01  8.02340E-01  7.91411E-01  7.80684E-01  7.60196E-01
  7.41215E-01  7.23450E-01  7.06427E-01  6.90223E-01  6.74844E-01  6.59994E-01
  6.46028E-01  6.19774E-01  5.95233E-01  5.73563E-01  5.54223E-01  5.36115E-01
  5.19313E-01  5.03477E-01  4.89361E-01  4.64001E-01  4.41177E-01  4.20097E-01
  4.00007E-01  3.82345E-01  3.67396E-01  3.53342E-01  3.40738E-01  3.15759E-01
  2.95776E-01  2.80126E-01  2.70935E-01  2.63838E-01  2.57211E-01  2.51473E-01
  2.43868E-01  2.21646E-01  2.05531E-01  1.87870E-01  1.69162E-01  1.48056E-01
  1.24676E-01  1.12782E-01  1.03056E-01  8.14210E-02  6.51137E-02  5.01740E-02
  4.77701E-02  4.88033E-02  4.06870E-02  2.29099E-02  2.68347E-02  1.49811E-02
 -1.05246E-04 -9.99180E-03 -6.53070E-03 -1.58025E-02 -2.31646E-02 -1.15222E-02
