AutoSaveFileName0241.ASC
 IFORMY    0    .00
 (6E13.7)
 IFORMT    0    .00
 (6E13.7)
 IFORMW    0    .00
 (6E13.7)
 NINTT     0   -1.00
 DOUSNQ    0    1.00
 IQUAD     0    1.00
 PRWT      0    1.00
 PRY       0    1.00
 IPLRES    1    3.00
 IPLRES    2    3.00
 IPRINT    1    0.00
 IPRINT    2    2.00
 IPLFIT    1    0.00
 IPLFIT    2    0.00
 LINEPG    0   50.
 NONNEG    1    1.00
 IWT       0    5.00
 NQPROG    1    5.00
 NQPROG    2    5.00
 GMNMX     1    3.13579E-03
 GMNMX     2    1.12567E-03
 RUSER    10    -1.00
 NG        0    500.00
 NLINF     0    1.00
 IUSER    10    4.00
 RUSER    21    1.0
 RUSER    22   -1.0
 RUSER    23    0.0
 RUSER    18         292.12030
 RUSER    17         134.99900
 RUSER    19         1.02743
 RUSER    15         1.33200
 RUSER    16         632.80000
 RUSER    25         1
 RUSER    26         0
 END       0    0.00
 NY      162
  7.50000E-07  8.75000E-07  1.00000E-06  1.12500E-06  1.25000E-06  1.37500E-06
  1.50000E-06  1.62500E-06  1.75000E-06  1.87500E-06  2.00000E-06  2.25000E-06
  2.50000E-06  2.75000E-06  3.00000E-06  3.25000E-06  3.50000E-06  3.75000E-06
  4.00000E-06  4.50000E-06  5.00000E-06  5.50000E-06  6.00000E-06  6.50000E-06
  7.00000E-06  7.50000E-06  8.00000E-06  9.00000E-06  1.00000E-05  1.10000E-05
  1.20000E-05  1.30000E-05  1.40000E-05  1.50000E-05  1.60000E-05  1.80000E-05
  2.00000E-05  2.20000E-05  2.40000E-05  2.60000E-05  2.80000E-05  3.00000E-05
  3.20000E-05  3.60000E-05  4.00000E-05  4.40000E-05  4.80000E-05  5.20000E-05
  5.60000E-05  6.00000E-05  6.40000E-05  7.20000E-05  8.00000E-05  8.80000E-05
  9.60000E-05  1.04000E-04  1.12000E-04  1.20000E-04  1.28000E-04  1.44000E-04
  1.60000E-04  1.76000E-04  1.92000E-04  2.08000E-04  2.24000E-04  2.40000E-04
  2.56000E-04  2.88000E-04  3.20000E-04  3.52000E-04  3.84000E-04  4.16000E-04
  4.48000E-04  4.80000E-04  5.12000E-04  5.76000E-04  6.40000E-04  7.04000E-04
  7.68000E-04  8.32000E-04  8.96000E-04  9.60000E-04  1.02400E-03  1.15200E-03
  1.28000E-03  1.40800E-03  1.53600E-03  1.66400E-03  1.79200E-03  1.92000E-03
  2.01600E-03  2.27200E-03  2.52800E-03  2.78400E-03  3.04000E-03  3.29600E-03
  3.55200E-03  3.80800E-03  4.06400E-03  4.57600E-03  5.08800E-03  5.60000E-03
  6.11200E-03  6.62400E-03  7.13600E-03  7.64800E-03  8.16000E-03  9.18400E-03
  1.02080E-02  1.12320E-02  1.22560E-02  1.32800E-02  1.43040E-02  1.53280E-02
  1.63520E-02  1.84000E-02  2.04480E-02  2.24960E-02  2.45440E-02  2.65920E-02
  2.86400E-02  3.06880E-02  3.27360E-02  3.68320E-02  4.09280E-02  4.50240E-02
  4.91200E-02  5.32160E-02  5.73120E-02  6.14080E-02  6.55040E-02  7.36960E-02
  8.18880E-02  9.00800E-02  9.82720E-02  1.06464E-01  1.14656E-01  1.22848E-01
  1.31040E-01  1.47424E-01  1.63808E-01  1.80192E-01  1.96576E-01  2.12960E-01
  2.29344E-01  2.45728E-01  2.62112E-01  2.94880E-01  3.27648E-01  3.60416E-01
  3.93184E-01  4.25952E-01  4.58720E-01  4.91488E-01  5.24256E-01  5.89792E-01
  6.55328E-01  7.20864E-01  7.86400E-01  8.51936E-01  9.17472E-01  9.83008E-01
  9.99469E-01  1.00000E+00  9.96301E-01  9.99027E-01  9.94528E-01  9.96116E-01
  9.96235E-01  9.96867E-01  9.92136E-01  9.92213E-01  9.91676E-01  9.89665E-01
  9.88042E-01  9.83126E-01  9.83854E-01  9.84182E-01  9.79080E-01  9.79611E-01
  9.78460E-01  9.74086E-01  9.73442E-01  9.70679E-01  9.67576E-01  9.63704E-01
  9.60911E-01  9.58387E-01  9.54801E-01  9.49813E-01  9.44121E-01  9.40039E-01
  9.33589E-01  9.28511E-01  9.22891E-01  9.19054E-01  9.13111E-01  9.01846E-01
  8.91917E-01  8.81302E-01  8.70126E-01  8.59678E-01  8.50036E-01  8.40811E-01
  8.31741E-01  8.11185E-01  7.92670E-01  7.73696E-01  7.56219E-01  7.38408E-01
  7.21933E-01  7.05859E-01  6.89241E-01  6.58554E-01  6.27932E-01  5.99363E-01
  5.72070E-01  5.45530E-01  5.20374E-01  4.97824E-01  4.74976E-01  4.32217E-01
  3.94530E-01  3.59462E-01  3.27597E-01  2.97944E-01  2.71905E-01  2.48229E-01
  2.26522E-01  1.87531E-01  1.55824E-01  1.29135E-01  1.05686E-01  8.69481E-02
  7.14994E-02  5.94769E-02  5.02439E-02  3.50501E-02  2.49506E-02  1.76626E-02
  1.30689E-02  9.14448E-03  7.11420E-03  6.09888E-03  4.68130E-03  2.67759E-03
  2.47640E-03  1.53946E-03  8.23316E-04  1.28982E-03  8.54481E-04  1.23449E-03
  9.98998E-04  1.72548E-03  9.84331E-04  4.72832E-04  1.34062E-03 -3.02483E-03
 -4.15563E-03 -2.07808E-03 -7.03496E-04 -3.50297E-03 -1.96567E-03 -2.48285E-03
 -3.23541E-04 -1.39503E-03 -3.52222E-04  5.06691E-04  1.14693E-03  2.08304E-03
  1.22340E-03  3.08053E-04 -6.37735E-04  1.95390E-03  6.49454E-04 -8.53359E-04
 -1.47940E-03 -1.91976E-03 -1.58001E-03  5.55806E-04 -2.29148E-04  6.28165E-04
 -1.00638E-04 -3.00574E-04 -7.55551E-04  4.52596E-04 -1.36201E-03 -3.18523E-04
  1.67622E-03  8.16347E-04 -2.60838E-04  1.56603E-04 -7.11402E-04  1.98470E-04
 -1.06790E-04  9.03600E-04 -1.38330E-03 -1.06021E-04  2.20528E-04 -6.35390E-04
 -3.20635E-05 -3.39712E-04  3.40927E-04 -3.33278E-05  5.14233E-05  1.90805E-04
  3.99913E-04  2.56013E-04 -2.35894E-04  7.80265E-05  3.46339E-04  2.27927E-04
  3.27673E-04 -3.15591E-04 -4.99913E-04  2.71378E-04 -2.26427E-05 -1.88050E-04
  4.81885E-05  2.71754E-04  1.32485E-04 -1.94422E-04  1.14996E-04 -9.09531E-05
