AutoSaveFileName0225.ASC
 IFORMY    0    .00
 (6E13.7)
 IFORMT    0    .00
 (6E13.7)
 IFORMW    0    .00
 (6E13.7)
 NINTT     0   -1.00
 DOUSNQ    0    1.00
 IQUAD          1.00
 PRWT      0    1.00
 PRY       0    1.00
 IPLRES    1    3.00
 IPLRES    2    3.00
 IPRINT    1    0.00
 IPRINT    2    2.00
 IPLFIT    1    0.00
 IPLFIT    2    0.00
 LINEPG    0   50.
 NONNEG    1    1.00
 IWT       0    5.00
 NQPROG    1    5.00
 NQPROG    2    5.00
 GMNMX     1    1.375E-05
 GMNMX     2    1.375E-02
 RUSER    10    -1.00
 NG        0    200.00
 NLINF     0    0.00
 IUSER    10    4.00
 RUSER    21    1.0
 RUSER    22   -1.0
 RUSER    23    0.0
 RUSER    18         292.06280
 RUSER    17         89.99900
 RUSER    19         1.02890
 RUSER    15         1.33200
 RUSER    16         632.80000
 RUSER    25         1
 RUSER    26         0
 END       0    0.00
 NY      131
  3.75000E-07  5.00000E-07  6.25000E-07  7.50000E-07  8.75000E-07  1.00000E-06
  1.12500E-06  1.25000E-06  1.37500E-06  1.50000E-06  1.62500E-06  1.75000E-06
  1.87500E-06  2.00000E-06  2.25000E-06  2.50000E-06  2.75000E-06  3.00000E-06
  3.25000E-06  3.50000E-06  3.75000E-06  4.00000E-06  4.50000E-06  5.00000E-06
  5.50000E-06  6.00000E-06  6.50000E-06  7.00000E-06  7.50000E-06  8.00000E-06
  9.00000E-06  1.00000E-05  1.10000E-05  1.20000E-05  1.30000E-05  1.40000E-05
  1.50000E-05  1.60000E-05  1.80000E-05  2.00000E-05  2.20000E-05  2.40000E-05
  2.60000E-05  2.80000E-05  3.00000E-05  3.20000E-05  3.60000E-05  4.00000E-05
  4.40000E-05  4.80000E-05  5.20000E-05  5.60000E-05  6.00000E-05  6.40000E-05
  7.20000E-05  8.00000E-05  8.80000E-05  9.60000E-05  1.04000E-04  1.12000E-04
  1.20000E-04  1.28000E-04  1.44000E-04  1.60000E-04  1.76000E-04  1.92000E-04
  2.08000E-04  2.24000E-04  2.40000E-04  2.56000E-04  2.88000E-04  3.20000E-04
  3.52000E-04  3.84000E-04  4.16000E-04  4.48000E-04  4.80000E-04  5.12000E-04
  5.76000E-04  6.40000E-04  7.04000E-04  7.68000E-04  8.32000E-04  8.96000E-04
  9.60000E-04  1.02400E-03  1.15200E-03  1.28000E-03  1.40800E-03  1.53600E-03
  1.66400E-03  1.79200E-03  1.92000E-03  2.01600E-03  2.27200E-03  2.52800E-03
  2.78400E-03  3.04000E-03  3.29600E-03  3.55200E-03  3.80800E-03  4.06400E-03
  4.57600E-03  5.08800E-03  5.60000E-03  6.11200E-03  6.62400E-03  7.13600E-03
  7.64800E-03  8.16000E-03  9.18400E-03  1.02080E-02  1.12320E-02  1.22560E-02
  1.32800E-02  1.43040E-02  1.53280E-02  1.63520E-02  1.84000E-02  2.04480E-02
  2.24960E-02  2.45440E-02  2.65920E-02  2.86400E-02  3.06880E-02  3.27360E-02
  3.68320E-02  4.09280E-02  4.50240E-02  4.91200E-02  5.32160E-02
  8.19264E-01  8.12662E-01  8.14349E-01  8.09909E-01  8.12911E-01  8.08356E-01
  8.11641E-01  8.13313E-01  8.13838E-01  8.13516E-01  8.08541E-01  8.05984E-01
  8.11123E-01  8.11206E-01  8.09719E-01  8.07989E-01  8.11897E-01  8.11026E-01
  8.08012E-01  8.08411E-01  8.07664E-01  8.08525E-01  8.08804E-01  8.09704E-01
  8.10047E-01  8.08755E-01  8.06806E-01  8.07727E-01  8.09034E-01  8.07764E-01
  8.06446E-01  8.06054E-01  8.06802E-01  8.06805E-01  8.05869E-01  8.03772E-01
  8.03987E-01  8.03737E-01  8.03013E-01  8.02770E-01  8.00389E-01  8.00185E-01
  7.98441E-01  7.97821E-01  7.97604E-01  7.97492E-01  7.95184E-01  7.94179E-01
  7.92480E-01  7.90093E-01  7.88132E-01  7.86816E-01  7.84888E-01  7.83580E-01
  7.79552E-01  7.76822E-01  7.73555E-01  7.69971E-01  7.66687E-01  7.63347E-01
  7.60370E-01  7.57337E-01  7.50846E-01  7.44134E-01  7.37986E-01  7.31607E-01
  7.25024E-01  7.19260E-01  7.13510E-01  7.07373E-01  6.95032E-01  6.83483E-01
  6.71632E-01  6.60559E-01  6.49319E-01  6.38191E-01  6.27555E-01  6.17311E-01
  5.96673E-01  5.77060E-01  5.58637E-01  5.40873E-01  5.23798E-01  5.07033E-01
  4.90302E-01  4.70115E-01  4.40095E-01  4.11538E-01  3.85291E-01  3.60982E-01
  3.38150E-01  3.16292E-01  2.95744E-01  2.84455E-01  2.48438E-01  2.17501E-01
  1.91060E-01  1.67656E-01  1.47135E-01  1.27986E-01  1.11978E-01  9.86247E-02
  7.37263E-02  5.46732E-02  3.90777E-02  2.69362E-02  1.94257E-02  1.39503E-02
  9.77265E-03  5.02337E-03  8.83802E-05 -4.93897E-05  2.20587E-03  1.52952E-03
  1.69474E-03  7.45078E-04 -1.46571E-03 -7.26158E-03 -1.27925E-02 -4.78977E-03
  5.50605E-04  1.24872E-03  3.89675E-03  5.20647E-03 -2.70136E-03 -1.43361E-03
  1.42537E-02  2.00605E-02  5.96112E-03  8.00853E-04  2.76672E-03
