AutoSaveFileName0030.ASC
 IFORMY    0    .00
 (6E13.7)
 IFORMT    0    .00
 (6E13.7)
 IFORMW    0    .00
 (6E13.7)
 NINTT     0   -1.00
 DOUSNQ    0    1.00
 IQUAD     0    1.00
 PRWT      0    1.00
 PRY       0    1.00
 IPLRES    1    3.00
 IPLRES    2    3.00
 IPRINT    1    0.00
 IPRINT    2    2.00
 IPLFIT    1    0.00
 IPLFIT    2    0.00
 LINEPG    0   50.
 NONNEG    1    1.00
 IWT       0    5.00
 NQPROG    1    5.00
 NQPROG    2    5.00
 GMNMX     1    4.01963E-02
 GMNMX     2    1.44294E-02
 RUSER    10    -1.00
 NG        0    500.00
 NLINF     0    1.00
 IUSER    10    4.00
 RUSER    21    1.0
 RUSER    22   -1.0
 RUSER    23    0.0
 RUSER    18         291.91240
 RUSER    17         29.99800
 RUSER    19         1.03274
 RUSER    15         1.33200
 RUSER    16         632.80000
 RUSER    25         1
 RUSER    26         0
 END       0    0.00
 NY      162
  7.50000E-07  8.75000E-07  1.00000E-06  1.12500E-06  1.25000E-06  1.37500E-06
  1.50000E-06  1.62500E-06  1.75000E-06  1.87500E-06  2.00000E-06  2.25000E-06
  2.50000E-06  2.75000E-06  3.00000E-06  3.25000E-06  3.50000E-06  3.75000E-06
  4.00000E-06  4.50000E-06  5.00000E-06  5.50000E-06  6.00000E-06  6.50000E-06
  7.00000E-06  7.50000E-06  8.00000E-06  9.00000E-06  1.00000E-05  1.10000E-05
  1.20000E-05  1.30000E-05  1.40000E-05  1.50000E-05  1.60000E-05  1.80000E-05
  2.00000E-05  2.20000E-05  2.40000E-05  2.60000E-05  2.80000E-05  3.00000E-05
  3.20000E-05  3.60000E-05  4.00000E-05  4.40000E-05  4.80000E-05  5.20000E-05
  5.60000E-05  6.00000E-05  6.40000E-05  7.20000E-05  8.00000E-05  8.80000E-05
  9.60000E-05  1.04000E-04  1.12000E-04  1.20000E-04  1.28000E-04  1.44000E-04
  1.60000E-04  1.76000E-04  1.92000E-04  2.08000E-04  2.24000E-04  2.40000E-04
  2.56000E-04  2.88000E-04  3.20000E-04  3.52000E-04  3.84000E-04  4.16000E-04
  4.48000E-04  4.80000E-04  5.12000E-04  5.76000E-04  6.40000E-04  7.04000E-04
  7.68000E-04  8.32000E-04  8.96000E-04  9.60000E-04  1.02400E-03  1.15200E-03
  1.28000E-03  1.40800E-03  1.53600E-03  1.66400E-03  1.79200E-03  1.92000E-03
  2.01600E-03  2.27200E-03  2.52800E-03  2.78400E-03  3.04000E-03  3.29600E-03
  3.55200E-03  3.80800E-03  4.06400E-03  4.57600E-03  5.08800E-03  5.60000E-03
  6.11200E-03  6.62400E-03  7.13600E-03  7.64800E-03  8.16000E-03  9.18400E-03
  1.02080E-02  1.12320E-02  1.22560E-02  1.32800E-02  1.43040E-02  1.53280E-02
  1.63520E-02  1.84000E-02  2.04480E-02  2.24960E-02  2.45440E-02  2.65920E-02
  2.86400E-02  3.06880E-02  3.27360E-02  3.68320E-02  4.09280E-02  4.50240E-02
  4.91200E-02  5.32160E-02  5.73120E-02  6.14080E-02  6.55040E-02  7.36960E-02
  8.18880E-02  9.00800E-02  9.82720E-02  1.06464E-01  1.14656E-01  1.22848E-01
  1.31040E-01  1.47424E-01  1.63808E-01  1.80192E-01  1.96576E-01  2.12960E-01
  2.29344E-01  2.45728E-01  2.62112E-01  2.94880E-01  3.27648E-01  3.60416E-01
  3.93184E-01  4.25952E-01  4.58720E-01  4.91488E-01  5.24256E-01  5.89792E-01
  6.55328E-01  7.20864E-01  7.86400E-01  8.51936E-01  9.17472E-01  9.83008E-01
  9.98230E-01  9.96603E-01  9.99479E-01  1.00000E+00  9.98499E-01  9.98413E-01
  9.97590E-01  9.99842E-01  9.99628E-01  9.88720E-01  9.88638E-01  9.93149E-01
  9.97350E-01  9.94771E-01  9.94902E-01  9.95688E-01  9.94622E-01  9.95770E-01
  9.94748E-01  9.94563E-01  9.94511E-01  9.94931E-01  9.91786E-01  9.92899E-01
  9.92715E-01  9.89419E-01  9.92233E-01  9.92190E-01  9.91131E-01  9.89020E-01
  9.92872E-01  9.91685E-01  9.90489E-01  9.88272E-01  9.87446E-01  9.87657E-01
  9.86455E-01  9.87705E-01  9.86020E-01  9.84782E-01  9.82961E-01  9.84102E-01
  9.82624E-01  9.81582E-01  9.78894E-01  9.77131E-01  9.74981E-01  9.75730E-01
  9.73064E-01  9.71260E-01  9.69833E-01  9.66955E-01  9.64009E-01  9.60090E-01
  9.56968E-01  9.54015E-01  9.51440E-01  9.48052E-01  9.45145E-01  9.39277E-01
  9.33451E-01  9.27306E-01  9.22325E-01  9.16131E-01  9.10006E-01  9.04475E-01
  8.99065E-01  8.88670E-01  8.77790E-01  8.67705E-01  8.56441E-01  8.47219E-01
  8.36804E-01  8.27032E-01  8.17377E-01  7.98422E-01  7.79569E-01  7.61201E-01
  7.43546E-01  7.25924E-01  7.08920E-01  6.92973E-01  6.75954E-01  6.44944E-01
  6.15243E-01  5.86569E-01  5.59070E-01  5.33275E-01  5.08432E-01  4.85243E-01
  4.70242E-01  4.30376E-01  3.94371E-01  3.63171E-01  3.36161E-01  3.11641E-01
  2.89894E-01  2.70180E-01  2.52439E-01  2.20345E-01  1.92569E-01  1.67250E-01
  1.45959E-01  1.27406E-01  1.09847E-01  9.12239E-02  7.57019E-02  5.17866E-02
  3.59009E-02  2.86224E-02  2.65022E-02  2.55651E-02  2.34623E-02  2.14659E-02
  1.11071E-02  2.59767E-03 -1.94020E-03 -5.15552E-03 -1.28360E-02 -1.49473E-02
 -1.56356E-02 -8.73320E-03 -7.40465E-03  4.27837E-03  8.20272E-03  1.24831E-02
  9.41299E-03  9.44900E-03  4.95214E-03 -6.18396E-03 -3.00689E-03 -8.67287E-03
 -1.82322E-02 -2.42136E-02 -1.32672E-02  7.01170E-03  1.16964E-02 -1.27150E-03
 -3.38517E-03  2.75462E-03  4.14456E-03 -1.57072E-03 -7.14893E-03  4.45654E-03
  5.51659E-03  2.08027E-03  3.08563E-03  3.68032E-03  1.21965E-02  3.32778E-04
  4.81238E-03  1.27574E-02  9.93298E-04 -3.21436E-03 -3.28881E-03  2.70894E-03
  2.53386E-03  1.47375E-03  2.42696E-03 -3.29340E-03  4.95354E-03 -3.88403E-03
