AutoSaveFileName0259.ASC
 IFORMY    0    .00
 (6E13.7)
 IFORMT    0    .00
 (6E13.7)
 IFORMW    0    .00
 (6E13.7)
 NINTT     0   -1.00
 DOUSNQ    0    1.00
 IQUAD          1.00
 PRWT      0    1.00
 PRY       0    1.00
 IPLRES    1    3.00
 IPLRES    2    3.00
 IPRINT    1    0.00
 IPRINT    2    2.00
 IPLFIT    1    0.00
 IPLFIT    2    0.00
 LINEPG    0   50.
 NONNEG    1    1.00
 IWT       0    5.00
 NQPROG    1    5.00
 NQPROG    2    5.00
 GMNMX     1    7.744E-06
 GMNMX     2    7.744E-03
 RUSER    10    -1.00
 NG        0    200.00
 NLINF     0    0.00
 IUSER    10    4.00
 RUSER    21    1.0
 RUSER    22   -1.0
 RUSER    23    0.0
 RUSER    18         292.24990
 RUSER    17         139.99900
 RUSER    19         1.02415
 RUSER    15         1.33200
 RUSER    16         632.80000
 RUSER    25         1
 RUSER    26         0
 END       0    0.00
 NY      188
  5.00000E-07  6.25000E-07  7.50000E-07  8.75000E-07  1.00000E-06  1.12500E-06
  1.25000E-06  1.37500E-06  1.50000E-06  1.62500E-06  1.75000E-06  1.87500E-06
  2.00000E-06  2.25000E-06  2.50000E-06  2.75000E-06  3.00000E-06  3.25000E-06
  3.50000E-06  3.75000E-06  4.00000E-06  4.50000E-06  5.00000E-06  5.50000E-06
  6.00000E-06  6.50000E-06  7.00000E-06  7.50000E-06  8.00000E-06  9.00000E-06
  1.00000E-05  1.10000E-05  1.20000E-05  1.30000E-05  1.40000E-05  1.50000E-05
  1.60000E-05  1.80000E-05  2.00000E-05  2.20000E-05  2.40000E-05  2.60000E-05
  2.80000E-05  3.00000E-05  3.20000E-05  3.60000E-05  4.00000E-05  4.40000E-05
  4.80000E-05  5.20000E-05  5.60000E-05  6.00000E-05  6.40000E-05  7.20000E-05
  8.00000E-05  8.80000E-05  9.60000E-05  1.04000E-04  1.12000E-04  1.20000E-04
  1.28000E-04  1.44000E-04  1.60000E-04  1.76000E-04  1.92000E-04  2.08000E-04
  2.24000E-04  2.40000E-04  2.56000E-04  2.88000E-04  3.20000E-04  3.52000E-04
  3.84000E-04  4.16000E-04  4.48000E-04  4.80000E-04  5.12000E-04  5.76000E-04
  6.40000E-04  7.04000E-04  7.68000E-04  8.32000E-04  8.96000E-04  9.60000E-04
  1.02400E-03  1.15200E-03  1.28000E-03  1.40800E-03  1.53600E-03  1.66400E-03
  1.79200E-03  1.92000E-03  2.01600E-03  2.27200E-03  2.52800E-03  2.78400E-03
  3.04000E-03  3.29600E-03  3.55200E-03  3.80800E-03  4.06400E-03  4.57600E-03
  5.08800E-03  5.60000E-03  6.11200E-03  6.62400E-03  7.13600E-03  7.64800E-03
  8.16000E-03  9.18400E-03  1.02080E-02  1.12320E-02  1.22560E-02  1.32800E-02
  1.43040E-02  1.53280E-02  1.63520E-02  1.84000E-02  2.04480E-02  2.24960E-02
  2.45440E-02  2.65920E-02  2.86400E-02  3.06880E-02  3.27360E-02  3.68320E-02
  4.09280E-02  4.50240E-02  4.91200E-02  5.32160E-02  5.73120E-02  6.14080E-02
  6.55040E-02  7.36960E-02  8.18880E-02  9.00800E-02  9.82720E-02  1.06464E-01
  1.14656E-01  1.22848E-01  1.31040E-01  1.47424E-01  1.63808E-01  1.80192E-01
  1.96576E-01  2.12960E-01  2.29344E-01  2.45728E-01  2.62112E-01  2.94880E-01
  3.27648E-01  3.60416E-01  3.93184E-01  4.25952E-01  4.58720E-01  4.91488E-01
  5.24256E-01  5.89792E-01  6.55328E-01  7.20864E-01  7.86400E-01  8.51936E-01
  9.17472E-01  9.83008E-01  1.04854E+00  1.17962E+00  1.31069E+00  1.44176E+00
  1.57283E+00  1.70390E+00  1.83498E+00  1.96605E+00  2.09712E+00  2.35926E+00
  2.62141E+00  2.88355E+00  3.14570E+00  3.40784E+00  3.66998E+00  3.93213E+00
  4.19427E+00  4.71856E+00  5.24285E+00  5.76714E+00  6.29142E+00  6.81571E+00
  7.34000E+00  7.86429E+00
  9.94173E-01  9.93809E-01  9.92457E-01  9.91933E-01  9.91291E-01  9.89773E-01
  9.91361E-01  9.89742E-01  9.88747E-01  9.89208E-01  9.89731E-01  9.88916E-01
  9.89680E-01  9.88923E-01  9.88719E-01  9.89189E-01  9.88891E-01  9.88741E-01
  9.88015E-01  9.87603E-01  9.88147E-01  9.88984E-01  9.87763E-01  9.88128E-01
  9.87328E-01  9.87396E-01  9.86923E-01  9.86850E-01  9.86653E-01  9.86280E-01
  9.85973E-01  9.85219E-01  9.85080E-01  9.84771E-01  9.84188E-01  9.83712E-01
  9.83034E-01  9.82262E-01  9.81477E-01  9.80510E-01  9.79663E-01  9.78743E-01
  9.77941E-01  9.76911E-01  9.76309E-01  9.74360E-01  9.72774E-01  9.70787E-01
  9.69124E-01  9.67183E-01  9.65655E-01  9.64087E-01  9.62160E-01  9.58581E-01
  9.54951E-01  9.51592E-01  9.47940E-01  9.44245E-01  9.40929E-01  9.37536E-01
  9.33756E-01  9.27081E-01  9.20065E-01  9.13077E-01  9.06469E-01  8.99636E-01
  8.93004E-01  8.86437E-01  8.79751E-01  8.66717E-01  8.54035E-01  8.41500E-01
  8.29094E-01  8.16800E-01  8.04704E-01  7.93005E-01  7.81425E-01  7.58703E-01
  7.36594E-01  7.15241E-01  6.94294E-01  6.74195E-01  6.54694E-01  6.35732E-01
  6.17469E-01  5.82350E-01  5.49402E-01  5.18396E-01  4.89194E-01  4.61681E-01
  4.35952E-01  4.11927E-01  3.95043E-01  3.53446E-01  3.16477E-01  2.83429E-01
  2.54088E-01  2.28237E-01  2.04805E-01  1.84039E-01  1.66290E-01  1.35440E-01
  1.10726E-01  9.07617E-02  7.40937E-02  6.09597E-02  5.08681E-02  4.28570E-02
  3.70260E-02  2.83777E-02  2.29628E-02  1.91470E-02  1.59045E-02  1.27801E-02
  1.11356E-02  9.12745E-03  7.30460E-03  3.53116E-03  1.52807E-03  1.76750E-03
  1.41388E-03 -2.66504E-04 -2.01229E-03 -4.20945E-03 -1.98716E-03  6.57731E-04
  4.04514E-04  6.48550E-04  9.22602E-04 -2.61609E-03 -4.42955E-03 -2.13522E-03
 -1.29035E-03  2.11363E-03 -1.42751E-03 -3.12825E-04  2.34740E-03  1.58710E-03
 -1.76805E-03 -4.02497E-03 -1.98352E-04 -4.55720E-04  6.52749E-04  3.15232E-04
 -2.82118E-04  6.40513E-04 -3.11967E-03  2.49711E-03  1.00172E-03  2.36928E-04
 -3.11886E-03 -3.08848E-03 -2.59551E-03 -9.15253E-04 -4.75631E-04  1.48321E-03
 -2.63023E-04  1.31253E-03  4.74447E-04  1.17800E-03 -1.12529E-04 -4.07649E-04
  5.77125E-04 -7.70088E-04 -1.01032E-03 -5.99677E-04 -3.88372E-04  9.05306E-04
 -1.54097E-03  1.90300E-04 -1.99606E-03 -2.47877E-04 -8.40540E-04 -1.37901E-03
 -1.04445E-03  3.33487E-04  4.61795E-04  2.65046E-04  2.08163E-04  1.02523E-04
 -2.52507E-04 -1.15288E-04 -2.66055E-04 -1.30393E-03  5.27163E-04  9.48546E-04
 -6.87334E-04 -2.84707E-06
