AutoSaveFileName0029.ASC
 IFORMY    0    .00
 (6E13.7)
 IFORMT    0    .00
 (6E13.7)
 IFORMW    0    .00
 (6E13.7)
 NINTT     0   -1.00
 DOUSNQ    0    1.00
 IQUAD          1.00
 PRWT      0    1.00
 PRY       0    1.00
 IPLRES    1    3.00
 IPLRES    2    3.00
 IPRINT    1    0.00
 IPRINT    2    2.00
 IPLFIT    1    0.00
 IPLFIT    2    0.00
 LINEPG    0   50.
 NONNEG    1    1.00
 IWT       0    5.00
 NQPROG    1    5.00
 NQPROG    2    5.00
 GMNMX     1    1.601E-04
 GMNMX     2    1.601E-01
 RUSER    10    -1.00
 NG        0    200.00
 NLINF     0    0.00
 IUSER    10    4.00
 RUSER    21    1.0
 RUSER    22   -1.0
 RUSER    23    0.0
 RUSER    18         291.81969
 RUSER    17         23.99900
 RUSER    19         1.03512
 RUSER    15         1.33200
 RUSER    16         632.80000
 RUSER    25         1
 RUSER    26         0
 END       0    0.00
 NY      131
  3.75000E-07  5.00000E-07  6.25000E-07  7.50000E-07  8.75000E-07  1.00000E-06
  1.12500E-06  1.25000E-06  1.37500E-06  1.50000E-06  1.62500E-06  1.75000E-06
  1.87500E-06  2.00000E-06  2.25000E-06  2.50000E-06  2.75000E-06  3.00000E-06
  3.25000E-06  3.50000E-06  3.75000E-06  4.00000E-06  4.50000E-06  5.00000E-06
  5.50000E-06  6.00000E-06  6.50000E-06  7.00000E-06  7.50000E-06  8.00000E-06
  9.00000E-06  1.00000E-05  1.10000E-05  1.20000E-05  1.30000E-05  1.40000E-05
  1.50000E-05  1.60000E-05  1.80000E-05  2.00000E-05  2.20000E-05  2.40000E-05
  2.60000E-05  2.80000E-05  3.00000E-05  3.20000E-05  3.60000E-05  4.00000E-05
  4.40000E-05  4.80000E-05  5.20000E-05  5.60000E-05  6.00000E-05  6.40000E-05
  7.20000E-05  8.00000E-05  8.80000E-05  9.60000E-05  1.04000E-04  1.12000E-04
  1.20000E-04  1.28000E-04  1.44000E-04  1.60000E-04  1.76000E-04  1.92000E-04
  2.08000E-04  2.24000E-04  2.40000E-04  2.56000E-04  2.88000E-04  3.20000E-04
  3.52000E-04  3.84000E-04  4.16000E-04  4.48000E-04  4.80000E-04  5.12000E-04
  5.76000E-04  6.40000E-04  7.04000E-04  7.68000E-04  8.32000E-04  8.96000E-04
  9.60000E-04  1.02400E-03  1.15200E-03  1.28000E-03  1.40800E-03  1.53600E-03
  1.66400E-03  1.79200E-03  1.92000E-03  2.01600E-03  2.27200E-03  2.52800E-03
  2.78400E-03  3.04000E-03  3.29600E-03  3.55200E-03  3.80800E-03  4.06400E-03
  4.57600E-03  5.08800E-03  5.60000E-03  6.11200E-03  6.62400E-03  7.13600E-03
  7.64800E-03  8.16000E-03  9.18400E-03  1.02080E-02  1.12320E-02  1.22560E-02
  1.32800E-02  1.43040E-02  1.53280E-02  1.63520E-02  1.84000E-02  2.04480E-02
  2.24960E-02  2.45440E-02  2.65920E-02  2.86400E-02  3.06880E-02  3.27360E-02
  3.68320E-02  4.09280E-02  4.50240E-02  4.91200E-02  5.32160E-02
  2.27060E+00  2.26937E+00  2.26244E+00  2.26216E+00  2.26315E+00  2.26364E+00
  2.26326E+00  2.26237E+00  2.26218E+00  2.26217E+00  2.25831E+00  2.25975E+00
  2.25958E+00  2.25966E+00  2.26126E+00  2.25761E+00  2.25944E+00  2.25915E+00
  2.26083E+00  2.25866E+00  2.26034E+00  2.25971E+00  2.25957E+00  2.25951E+00
  2.25880E+00  2.25850E+00  2.26055E+00  2.26006E+00  2.25891E+00  2.25955E+00
  2.25877E+00  2.25950E+00  2.25986E+00  2.25812E+00  2.25840E+00  2.25930E+00
  2.25835E+00  2.25919E+00  2.25767E+00  2.25914E+00  2.25789E+00  2.25865E+00
  2.25835E+00  2.25823E+00  2.25690E+00  2.25749E+00  2.25672E+00  2.25599E+00
  2.25548E+00  2.25519E+00  2.25465E+00  2.25452E+00  2.25488E+00  2.25403E+00
  2.25274E+00  2.25192E+00  2.25157E+00  2.25040E+00  2.24966E+00  2.24869E+00
  2.24793E+00  2.24722E+00  2.24560E+00  2.24378E+00  2.24223E+00  2.24083E+00
  2.23876E+00  2.23699E+00  2.23528E+00  2.23398E+00  2.23049E+00  2.22724E+00
  2.22385E+00  2.22059E+00  2.21700E+00  2.21365E+00  2.21059E+00  2.20115E+00
  2.19463E+00  2.18814E+00  2.18151E+00  2.17508E+00  2.16871E+00  2.16248E+00
  2.15600E+00  2.14982E+00  2.13707E+00  2.12443E+00  2.11167E+00  2.09930E+00
  2.08692E+00  2.07452E+00  2.06212E+00  2.05827E+00  2.03398E+00  2.01025E+00
  1.98692E+00  1.96390E+00  1.94074E+00  1.91814E+00  1.89560E+00  1.87311E+00
  1.82863E+00  1.78497E+00  1.74228E+00  1.70062E+00  1.66008E+00  1.62086E+00
  1.58269E+00  1.54628E+00  1.47596E+00  1.40948E+00  1.34518E+00  1.28239E+00
  1.22266E+00  1.16590E+00  1.11279E+00  1.06310E+00  9.68166E-01  8.77701E-01
  7.92332E-01  7.11153E-01  6.37497E-01  5.70736E-01  5.11515E-01  4.58937E-01
  3.61773E-01  2.80245E-01  2.07442E-01  1.49876E-01  1.12655E-01
