AutoSaveFileName0175.ASC
 IFORMY    0    .00
 (6E13.7)
 IFORMT    0    .00
 (6E13.7)
 IFORMW    0    .00
 (6E13.7)
 NINTT     0   -1.00
 DOUSNQ    0    1.00
 IQUAD          1.00
 PRWT      0    1.00
 PRY       0    1.00
 IPLRES    1    3.00
 IPLRES    2    3.00
 IPRINT    1    0.00
 IPRINT    2    2.00
 IPLFIT    1    0.00
 IPLFIT    2    0.00
 LINEPG    0   50.
 NONNEG    1    1.00
 IWT       0    5.00
 NQPROG    1    5.00
 NQPROG    2    5.00
 GMNMX     1    1.947E-05
 GMNMX     2    1.947E-02
 RUSER    10    -1.00
 NG        0    200.00
 NLINF     0    0.00
 IUSER    10    4.00
 RUSER    21    1.0
 RUSER    22   -1.0
 RUSER    23    0.0
 RUSER    18         291.99204
 RUSER    17         72.99900
 RUSER    19         1.03070
 RUSER    15         1.33200
 RUSER    16         632.80000
 RUSER    25         1
 RUSER    26         0
 END       0    0.00
 NY      131
  3.75000E-07  5.00000E-07  6.25000E-07  7.50000E-07  8.75000E-07  1.00000E-06
  1.12500E-06  1.25000E-06  1.37500E-06  1.50000E-06  1.62500E-06  1.75000E-06
  1.87500E-06  2.00000E-06  2.25000E-06  2.50000E-06  2.75000E-06  3.00000E-06
  3.25000E-06  3.50000E-06  3.75000E-06  4.00000E-06  4.50000E-06  5.00000E-06
  5.50000E-06  6.00000E-06  6.50000E-06  7.00000E-06  7.50000E-06  8.00000E-06
  9.00000E-06  1.00000E-05  1.10000E-05  1.20000E-05  1.30000E-05  1.40000E-05
  1.50000E-05  1.60000E-05  1.80000E-05  2.00000E-05  2.20000E-05  2.40000E-05
  2.60000E-05  2.80000E-05  3.00000E-05  3.20000E-05  3.60000E-05  4.00000E-05
  4.40000E-05  4.80000E-05  5.20000E-05  5.60000E-05  6.00000E-05  6.40000E-05
  7.20000E-05  8.00000E-05  8.80000E-05  9.60000E-05  1.04000E-04  1.12000E-04
  1.20000E-04  1.28000E-04  1.44000E-04  1.60000E-04  1.76000E-04  1.92000E-04
  2.08000E-04  2.24000E-04  2.40000E-04  2.56000E-04  2.88000E-04  3.20000E-04
  3.52000E-04  3.84000E-04  4.16000E-04  4.48000E-04  4.80000E-04  5.12000E-04
  5.76000E-04  6.40000E-04  7.04000E-04  7.68000E-04  8.32000E-04  8.96000E-04
  9.60000E-04  1.02400E-03  1.15200E-03  1.28000E-03  1.40800E-03  1.53600E-03
  1.66400E-03  1.79200E-03  1.92000E-03  2.01600E-03  2.27200E-03  2.52800E-03
  2.78400E-03  3.04000E-03  3.29600E-03  3.55200E-03  3.80800E-03  4.06400E-03
  4.57600E-03  5.08800E-03  5.60000E-03  6.11200E-03  6.62400E-03  7.13600E-03
  7.64800E-03  8.16000E-03  9.18400E-03  1.02080E-02  1.12320E-02  1.22560E-02
  1.32800E-02  1.43040E-02  1.53280E-02  1.63520E-02  1.84000E-02  2.04480E-02
  2.24960E-02  2.45440E-02  2.65920E-02  2.86400E-02  3.06880E-02  3.27360E-02
  3.68320E-02  4.09280E-02  4.50240E-02  4.91200E-02  5.32160E-02
  1.68264E+00  1.68151E+00  1.67862E+00  1.66768E+00  1.68398E+00  1.68158E+00
  1.67562E+00  1.66764E+00  1.67540E+00  1.66717E+00  1.66954E+00  1.67812E+00
  1.67752E+00  1.67218E+00  1.67404E+00  1.67502E+00  1.67118E+00  1.67131E+00
  1.66616E+00  1.67723E+00  1.66611E+00  1.66782E+00  1.66520E+00  1.67104E+00
  1.67035E+00  1.66684E+00  1.67359E+00  1.66388E+00  1.67012E+00  1.66844E+00
  1.66427E+00  1.66685E+00  1.66620E+00  1.66796E+00  1.66431E+00  1.66480E+00
  1.66426E+00  1.66393E+00  1.66304E+00  1.65989E+00  1.65881E+00  1.66035E+00
  1.65685E+00  1.65752E+00  1.65648E+00  1.65709E+00  1.65488E+00  1.65287E+00
  1.64845E+00  1.64642E+00  1.64582E+00  1.64287E+00  1.64100E+00  1.63933E+00
  1.63663E+00  1.63037E+00  1.62661E+00  1.62282E+00  1.61815E+00  1.61339E+00
  1.61062E+00  1.60668E+00  1.59740E+00  1.58978E+00  1.58155E+00  1.57386E+00
  1.56577E+00  1.55912E+00  1.55016E+00  1.54192E+00  1.52629E+00  1.51159E+00
  1.49645E+00  1.48151E+00  1.46672E+00  1.45241E+00  1.43781E+00  1.42365E+00
  1.39493E+00  1.36728E+00  1.34064E+00  1.31451E+00  1.28880E+00  1.26350E+00
  1.23947E+00  1.21478E+00  1.16732E+00  1.12201E+00  1.07951E+00  1.03807E+00
  9.98487E-01  9.59950E-01  9.23926E-01  8.96935E-01  8.30974E-01  7.69725E-01
  7.13330E-01  6.61357E-01  6.13855E-01  5.69722E-01  5.28348E-01  4.91234E-01
  4.22034E-01  3.61142E-01  3.09526E-01  2.67167E-01  2.32494E-01  2.04542E-01
  1.81850E-01  1.62095E-01  1.26624E-01  9.88200E-02  7.66395E-02  6.19803E-02
  5.02161E-02  4.16608E-02  3.42293E-02  2.64685E-02  1.57020E-02  7.18347E-03
  2.99638E-03 -5.59464E-03 -2.47424E-03 -1.50517E-05  5.88322E-03  8.41173E-03
  1.19691E-02 -2.72953E-03  8.93213E-03  2.78579E-02  2.90360E-02
