AutoSaveFileName0270.ASC
 IFORMY    0    .00
 (6E13.7)
 IFORMT    0    .00
 (6E13.7)
 IFORMW    0    .00
 (6E13.7)
 NINTT     0   -1.00
 DOUSNQ    0    1.00
 IQUAD          1.00
 PRWT      0    1.00
 PRY       0    1.00
 IPLRES    1    3.00
 IPLRES    2    3.00
 IPRINT    1    0.00
 IPRINT    2    2.00
 IPLFIT    1    0.00
 IPLFIT    2    0.00
 LINEPG    0   50.
 NONNEG    1    1.00
 IWT       0    5.00
 NQPROG    1    5.00
 NQPROG    2    5.00
 GMNMX     1    1.090E-05
 GMNMX     2    1.090E-02
 RUSER    10    -1.00
 NG        0    200.00
 NLINF     0    0.00
 IUSER    10    4.00
 RUSER    21    1.0
 RUSER    22   -1.0
 RUSER    23    0.0
 RUSER    18         292.12734
 RUSER    17         104.99900
 RUSER    19         1.02725
 RUSER    15         1.33200
 RUSER    16         632.80000
 RUSER    25         1
 RUSER    26         0
 END       0    0.00
 NY      131
  3.75000E-07  5.00000E-07  6.25000E-07  7.50000E-07  8.75000E-07  1.00000E-06
  1.12500E-06  1.25000E-06  1.37500E-06  1.50000E-06  1.62500E-06  1.75000E-06
  1.87500E-06  2.00000E-06  2.25000E-06  2.50000E-06  2.75000E-06  3.00000E-06
  3.25000E-06  3.50000E-06  3.75000E-06  4.00000E-06  4.50000E-06  5.00000E-06
  5.50000E-06  6.00000E-06  6.50000E-06  7.00000E-06  7.50000E-06  8.00000E-06
  9.00000E-06  1.00000E-05  1.10000E-05  1.20000E-05  1.30000E-05  1.40000E-05
  1.50000E-05  1.60000E-05  1.80000E-05  2.00000E-05  2.20000E-05  2.40000E-05
  2.60000E-05  2.80000E-05  3.00000E-05  3.20000E-05  3.60000E-05  4.00000E-05
  4.40000E-05  4.80000E-05  5.20000E-05  5.60000E-05  6.00000E-05  6.40000E-05
  7.20000E-05  8.00000E-05  8.80000E-05  9.60000E-05  1.04000E-04  1.12000E-04
  1.20000E-04  1.28000E-04  1.44000E-04  1.60000E-04  1.76000E-04  1.92000E-04
  2.08000E-04  2.24000E-04  2.40000E-04  2.56000E-04  2.88000E-04  3.20000E-04
  3.52000E-04  3.84000E-04  4.16000E-04  4.48000E-04  4.80000E-04  5.12000E-04
  5.76000E-04  6.40000E-04  7.04000E-04  7.68000E-04  8.32000E-04  8.96000E-04
  9.60000E-04  1.02400E-03  1.15200E-03  1.28000E-03  1.40800E-03  1.53600E-03
  1.66400E-03  1.79200E-03  1.92000E-03  2.01600E-03  2.27200E-03  2.52800E-03
  2.78400E-03  3.04000E-03  3.29600E-03  3.55200E-03  3.80800E-03  4.06400E-03
  4.57600E-03  5.08800E-03  5.60000E-03  6.11200E-03  6.62400E-03  7.13600E-03
  7.64800E-03  8.16000E-03  9.18400E-03  1.02080E-02  1.12320E-02  1.22560E-02
  1.32800E-02  1.43040E-02  1.53280E-02  1.63520E-02  1.84000E-02  2.04480E-02
  2.24960E-02  2.45440E-02  2.65920E-02  2.86400E-02  3.06880E-02  3.27360E-02
  3.68320E-02  4.09280E-02  4.50240E-02  4.91200E-02  5.32160E-02
  7.89320E-01  7.83919E-01  7.85749E-01  7.82654E-01  7.81577E-01  7.81570E-01
  7.80576E-01  7.79661E-01  7.77911E-01  7.83007E-01  7.78019E-01  7.81263E-01
  7.80517E-01  7.79758E-01  7.80695E-01  7.78124E-01  7.79822E-01  7.77605E-01
  7.79502E-01  7.79612E-01  7.79813E-01  7.79410E-01  7.77847E-01  7.77402E-01
  7.76956E-01  7.76718E-01  7.79258E-01  7.78757E-01  7.76954E-01  7.76260E-01
  7.74890E-01  7.75472E-01  7.75100E-01  7.75070E-01  7.73541E-01  7.73585E-01
  7.72879E-01  7.72067E-01  7.70689E-01  7.69677E-01  7.68367E-01  7.67256E-01
  7.66989E-01  7.65685E-01  7.64495E-01  7.63520E-01  7.60995E-01  7.59301E-01
  7.57056E-01  7.55264E-01  7.52574E-01  7.50513E-01  7.48392E-01  7.46353E-01
  7.41938E-01  7.37839E-01  7.33683E-01  7.29917E-01  7.25333E-01  7.21530E-01
  7.17498E-01  7.13403E-01  7.05122E-01  6.97305E-01  6.89574E-01  6.81386E-01
  6.73490E-01  6.65914E-01  6.57874E-01  6.50798E-01  6.36238E-01  6.22185E-01
  6.08266E-01  5.94551E-01  5.81392E-01  5.68395E-01  5.55511E-01  5.43402E-01
  5.19431E-01  4.96305E-01  4.74481E-01  4.53775E-01  4.34100E-01  4.15094E-01
  3.97404E-01  3.80566E-01  3.47879E-01  3.17382E-01  2.89595E-01  2.64310E-01
  2.41750E-01  2.21234E-01  2.02802E-01  1.90875E-01  1.59852E-01  1.33723E-01
  1.11599E-01  9.36610E-02  7.85697E-02  6.61863E-02  5.67256E-02  4.88787E-02
  3.49790E-02  2.58019E-02  2.01436E-02  1.52008E-02  1.19515E-02  8.53388E-03
  6.00256E-03  5.13975E-03  2.68285E-03  4.31425E-03  2.54825E-03  2.22535E-03
 -2.47453E-03 -5.00294E-03 -5.49442E-03 -7.49203E-03 -8.35960E-03  2.23459E-03
  1.22448E-02  1.18640E-02  1.77468E-03 -3.05927E-03 -8.92519E-03 -5.65588E-03
  8.85492E-04 -4.46474E-03 -6.61171E-03 -1.89863E-03  1.16205E-03
