AutoSaveFileName0285.ASC
 IFORMY    0    .00
 (6E13.7)
 IFORMT    0    .00
 (6E13.7)
 IFORMW    0    .00
 (6E13.7)
 NINTT     0   -1.00
 DOUSNQ    0    1.00
 IQUAD          1.00
 PRWT      0    1.00
 PRY       0    1.00
 IPLRES    1    3.00
 IPLRES    2    3.00
 IPRINT    1    0.00
 IPRINT    2    2.00
 IPLFIT    1    0.00
 IPLFIT    2    0.00
 LINEPG    0   50.
 NONNEG    1    1.00
 IWT       0    5.00
 NQPROG    1    5.00
 NQPROG    2    5.00
 GMNMX     1    7.173E-06
 GMNMX     2    7.173E-03
 RUSER    10    -1.00
 NG        0    200.00
 NLINF     0    0.00
 IUSER    10    4.00
 RUSER    21    1.0
 RUSER    22   -1.0
 RUSER    23    0.0
 RUSER    18         292.25702
 RUSER    17         154.99900
 RUSER    19         1.02397
 RUSER    15         1.33200
 RUSER    16         632.80000
 RUSER    25         1
 RUSER    26         0
 END       0    0.00
 NY      188
  5.00000E-07  6.25000E-07  7.50000E-07  8.75000E-07  1.00000E-06  1.12500E-06
  1.25000E-06  1.37500E-06  1.50000E-06  1.62500E-06  1.75000E-06  1.87500E-06
  2.00000E-06  2.25000E-06  2.50000E-06  2.75000E-06  3.00000E-06  3.25000E-06
  3.50000E-06  3.75000E-06  4.00000E-06  4.50000E-06  5.00000E-06  5.50000E-06
  6.00000E-06  6.50000E-06  7.00000E-06  7.50000E-06  8.00000E-06  9.00000E-06
  1.00000E-05  1.10000E-05  1.20000E-05  1.30000E-05  1.40000E-05  1.50000E-05
  1.60000E-05  1.80000E-05  2.00000E-05  2.20000E-05  2.40000E-05  2.60000E-05
  2.80000E-05  3.00000E-05  3.20000E-05  3.60000E-05  4.00000E-05  4.40000E-05
  4.80000E-05  5.20000E-05  5.60000E-05  6.00000E-05  6.40000E-05  7.20000E-05
  8.00000E-05  8.80000E-05  9.60000E-05  1.04000E-04  1.12000E-04  1.20000E-04
  1.28000E-04  1.44000E-04  1.60000E-04  1.76000E-04  1.92000E-04  2.08000E-04
  2.24000E-04  2.40000E-04  2.56000E-04  2.88000E-04  3.20000E-04  3.52000E-04
  3.84000E-04  4.16000E-04  4.48000E-04  4.80000E-04  5.12000E-04  5.76000E-04
  6.40000E-04  7.04000E-04  7.68000E-04  8.32000E-04  8.96000E-04  9.60000E-04
  1.02400E-03  1.15200E-03  1.28000E-03  1.40800E-03  1.53600E-03  1.66400E-03
  1.79200E-03  1.92000E-03  2.01600E-03  2.27200E-03  2.52800E-03  2.78400E-03
  3.04000E-03  3.29600E-03  3.55200E-03  3.80800E-03  4.06400E-03  4.57600E-03
  5.08800E-03  5.60000E-03  6.11200E-03  6.62400E-03  7.13600E-03  7.64800E-03
  8.16000E-03  9.18400E-03  1.02080E-02  1.12320E-02  1.22560E-02  1.32800E-02
  1.43040E-02  1.53280E-02  1.63520E-02  1.84000E-02  2.04480E-02  2.24960E-02
  2.45440E-02  2.65920E-02  2.86400E-02  3.06880E-02  3.27360E-02  3.68320E-02
  4.09280E-02  4.50240E-02  4.91200E-02  5.32160E-02  5.73120E-02  6.14080E-02
  6.55040E-02  7.36960E-02  8.18880E-02  9.00800E-02  9.82720E-02  1.06464E-01
  1.14656E-01  1.22848E-01  1.31040E-01  1.47424E-01  1.63808E-01  1.80192E-01
  1.96576E-01  2.12960E-01  2.29344E-01  2.45728E-01  2.62112E-01  2.94880E-01
  3.27648E-01  3.60416E-01  3.93184E-01  4.25952E-01  4.58720E-01  4.91488E-01
  5.24256E-01  5.89792E-01  6.55328E-01  7.20864E-01  7.86400E-01  8.51936E-01
  9.17472E-01  9.83008E-01  1.04854E+00  1.17962E+00  1.31069E+00  1.44176E+00
  1.57283E+00  1.70390E+00  1.83498E+00  1.96605E+00  2.09712E+00  2.35926E+00
  2.62141E+00  2.88355E+00  3.14570E+00  3.40784E+00  3.66998E+00  3.93213E+00
  4.19427E+00  4.71856E+00  5.24285E+00  5.76714E+00  6.29142E+00  6.81571E+00
  7.34000E+00  7.86429E+00
  9.95153E-01  9.93535E-01  9.95513E-01  9.91464E-01  9.91532E-01  9.89756E-01
  9.91069E-01  9.90865E-01  9.86533E-01  9.88695E-01  9.92875E-01  9.86634E-01
  9.87589E-01  9.89558E-01  9.89115E-01  9.91150E-01  9.89724E-01  9.87088E-01
  9.87623E-01  9.87770E-01  9.87949E-01  9.88701E-01  9.88017E-01  9.87827E-01
  9.87011E-01  9.87198E-01  9.86783E-01  9.85854E-01  9.85397E-01  9.86286E-01
  9.85225E-01  9.84871E-01  9.84619E-01  9.83867E-01  9.83897E-01  9.83488E-01
  9.83669E-01  9.82379E-01  9.81166E-01  9.80975E-01  9.80608E-01  9.79444E-01
  9.78489E-01  9.77720E-01  9.76718E-01  9.74284E-01  9.72673E-01  9.70906E-01
  9.69275E-01  9.67630E-01  9.66364E-01  9.64238E-01  9.62994E-01  9.59545E-01
  9.55915E-01  9.52918E-01  9.49791E-01  9.45803E-01  9.42525E-01  9.39190E-01
  9.35986E-01  9.29600E-01  9.23001E-01  9.16703E-01  9.10261E-01  9.03703E-01
  8.97560E-01  8.91313E-01  8.84865E-01  8.72460E-01  8.60281E-01  8.48255E-01
  8.36436E-01  8.24863E-01  8.13453E-01  8.02357E-01  7.91426E-01  7.69788E-01
  7.48797E-01  7.28365E-01  7.08694E-01  6.89511E-01  6.71052E-01  6.53310E-01
  6.35937E-01  6.02976E-01  5.72172E-01  5.42967E-01  5.15454E-01  4.89640E-01
  4.65469E-01  4.42761E-01  4.27080E-01  3.87443E-01  3.51876E-01  3.20279E-01
  2.92289E-01  2.67363E-01  2.45284E-01  2.25210E-01  2.07492E-01  1.76719E-01
  1.52435E-01  1.33182E-01  1.17020E-01  1.03755E-01  9.26857E-02  8.40437E-02
  7.63562E-02  6.28602E-02  5.11479E-02  4.36872E-02  4.00302E-02  3.74546E-02
  3.47924E-02  3.20108E-02  3.05591E-02  2.70804E-02  2.40776E-02  2.09502E-02
  2.04026E-02  2.18781E-02  2.28622E-02  2.07577E-02  1.89188E-02  1.21646E-02
  9.45011E-03  9.49909E-03  4.25494E-03  1.59302E-03  5.88094E-03  3.37908E-03
  1.71090E-03 -7.84827E-03  3.08846E-03  3.52221E-03 -3.26143E-04 -2.45267E-03
  3.02247E-03  3.09564E-04  1.18588E-03  1.95851E-03  2.20011E-03  2.36366E-03
  1.36032E-03  3.29593E-03  5.75508E-03  1.53646E-03  4.86959E-04 -6.44682E-03
 -1.70766E-03  5.20732E-04 -2.13770E-04 -5.90243E-03  7.55799E-05  4.32909E-03
 -2.03955E-03 -4.38332E-04 -2.38951E-04 -1.21256E-03  1.64535E-03  4.64054E-03
  3.10613E-03  1.67033E-03  2.02109E-03  7.98055E-04 -7.36646E-04 -3.70626E-03
 -4.84105E-03 -1.96702E-04 -2.04077E-03 -1.65741E-03 -1.04171E-03 -2.16181E-03
 -7.49818E-04 -3.21018E-04 -6.93550E-04 -1.34842E-03  1.59960E-04 -1.86124E-04
 -2.65481E-04  2.88601E-04 -1.83316E-04  8.94327E-04  5.21904E-04 -5.40008E-05
  7.04779E-06 -7.08553E-04
