AutoSaveFileName0161.ASC
 IFORMY    0    .00
 (6E13.7)
 IFORMT    0    .00
 (6E13.7)
 IFORMW    0    .00
 (6E13.7)
 NINTT     0   -1.00
 DOUSNQ    0    1.00
 IQUAD          1.00
 PRWT      0    1.00
 PRY       0    1.00
 IPLRES    1    3.00
 IPLRES    2    3.00
 IPRINT    1    0.00
 IPRINT    2    2.00
 IPLFIT    1    0.00
 IPLFIT    2    0.00
 LINEPG    0   50.
 NONNEG    1    1.00
 IWT       0    5.00
 NQPROG    1    5.00
 NQPROG    2    5.00
 GMNMX     1    2.204E-05
 GMNMX     2    2.204E-02
 RUSER    10    -1.00
 NG        0    200.00
 NLINF     0    0.00
 IUSER    10    4.00
 RUSER    21    1.0
 RUSER    22   -1.0
 RUSER    23    0.0
 RUSER    18         291.97222
 RUSER    17         67.99900
 RUSER    19         1.03121
 RUSER    15         1.33200
 RUSER    16         632.80000
 RUSER    25         1
 RUSER    26         0
 END       0    0.00
 NY      131
  3.75000E-07  5.00000E-07  6.25000E-07  7.50000E-07  8.75000E-07  1.00000E-06
  1.12500E-06  1.25000E-06  1.37500E-06  1.50000E-06  1.62500E-06  1.75000E-06
  1.87500E-06  2.00000E-06  2.25000E-06  2.50000E-06  2.75000E-06  3.00000E-06
  3.25000E-06  3.50000E-06  3.75000E-06  4.00000E-06  4.50000E-06  5.00000E-06
  5.50000E-06  6.00000E-06  6.50000E-06  7.00000E-06  7.50000E-06  8.00000E-06
  9.00000E-06  1.00000E-05  1.10000E-05  1.20000E-05  1.30000E-05  1.40000E-05
  1.50000E-05  1.60000E-05  1.80000E-05  2.00000E-05  2.20000E-05  2.40000E-05
  2.60000E-05  2.80000E-05  3.00000E-05  3.20000E-05  3.60000E-05  4.00000E-05
  4.40000E-05  4.80000E-05  5.20000E-05  5.60000E-05  6.00000E-05  6.40000E-05
  7.20000E-05  8.00000E-05  8.80000E-05  9.60000E-05  1.04000E-04  1.12000E-04
  1.20000E-04  1.28000E-04  1.44000E-04  1.60000E-04  1.76000E-04  1.92000E-04
  2.08000E-04  2.24000E-04  2.40000E-04  2.56000E-04  2.88000E-04  3.20000E-04
  3.52000E-04  3.84000E-04  4.16000E-04  4.48000E-04  4.80000E-04  5.12000E-04
  5.76000E-04  6.40000E-04  7.04000E-04  7.68000E-04  8.32000E-04  8.96000E-04
  9.60000E-04  1.02400E-03  1.15200E-03  1.28000E-03  1.40800E-03  1.53600E-03
  1.66400E-03  1.79200E-03  1.92000E-03  2.01600E-03  2.27200E-03  2.52800E-03
  2.78400E-03  3.04000E-03  3.29600E-03  3.55200E-03  3.80800E-03  4.06400E-03
  4.57600E-03  5.08800E-03  5.60000E-03  6.11200E-03  6.62400E-03  7.13600E-03
  7.64800E-03  8.16000E-03  9.18400E-03  1.02080E-02  1.12320E-02  1.22560E-02
  1.32800E-02  1.43040E-02  1.53280E-02  1.63520E-02  1.84000E-02  2.04480E-02
  2.24960E-02  2.45440E-02  2.65920E-02  2.86400E-02  3.06880E-02  3.27360E-02
  3.68320E-02  4.09280E-02  4.50240E-02  4.91200E-02  5.32160E-02
  2.30108E+00  2.29189E+00  2.28988E+00  2.29253E+00  2.28786E+00  2.28645E+00
  2.28673E+00  2.28284E+00  2.28552E+00  2.28776E+00  2.28571E+00  2.28020E+00
  2.28736E+00  2.28577E+00  2.28784E+00  2.28387E+00  2.28398E+00  2.28161E+00
  2.28381E+00  2.28493E+00  2.28478E+00  2.28164E+00  2.28226E+00  2.28205E+00
  2.28356E+00  2.28159E+00  2.28196E+00  2.27995E+00  2.28053E+00  2.28042E+00
  2.28027E+00  2.28058E+00  2.27966E+00  2.27750E+00  2.27849E+00  2.27636E+00
  2.27506E+00  2.27475E+00  2.27371E+00  2.27208E+00  2.27127E+00  2.27090E+00
  2.26864E+00  2.26812E+00  2.26505E+00  2.26477E+00  2.26096E+00  2.25880E+00
  2.25598E+00  2.25276E+00  2.25135E+00  2.24819E+00  2.24479E+00  2.24230E+00
  2.23667E+00  2.23207E+00  2.22675E+00  2.22083E+00  2.21604E+00  2.21072E+00
  2.20472E+00  2.19988E+00  2.18954E+00  2.17899E+00  2.16868E+00  2.15864E+00
  2.14798E+00  2.13775E+00  2.12740E+00  2.11709E+00  2.09732E+00  2.07781E+00
  2.05756E+00  2.03816E+00  2.01871E+00  1.99988E+00  1.98057E+00  1.96228E+00
  1.92502E+00  1.88854E+00  1.85309E+00  1.81822E+00  1.78430E+00  1.75102E+00
  1.71821E+00  1.68700E+00  1.62528E+00  1.56589E+00  1.50958E+00  1.45579E+00
  1.40393E+00  1.35442E+00  1.30700E+00  1.27198E+00  1.18359E+00  1.10142E+00
  1.02391E+00  9.52339E-01  8.86022E-01  8.24501E-01  7.66164E-01  7.12989E-01
  6.14912E-01  5.28067E-01  4.52444E-01  3.91050E-01  3.39393E-01  2.96493E-01
  2.59970E-01  2.29512E-01  1.83045E-01  1.52464E-01  1.31583E-01  1.10843E-01
  9.30171E-02  7.34510E-02  5.52159E-02  4.66519E-02  3.46045E-02  4.04222E-02
  4.21837E-02  3.86529E-02  3.31744E-02  2.34785E-02  1.70126E-02  6.28308E-03
 -2.03277E-03 -1.16719E-02  1.23248E-02  2.96496E-02  2.70054E-02
