AutoSaveFileName0056.ASC
 IFORMY    0    .00
 (6E13.7)
 IFORMT    0    .00
 (6E13.7)
 IFORMW    0    .00
 (6E13.7)
 NINTT     0   -1.00
 DOUSNQ    0    1.00
 IQUAD          1.00
 PRWT      0    1.00
 PRY       0    1.00
 IPLRES    1    3.00
 IPLRES    2    3.00
 IPRINT    1    0.00
 IPRINT    2    2.00
 IPLFIT    1    0.00
 IPLFIT    2    0.00
 LINEPG    0   50.
 NONNEG    1    1.00
 IWT       0    5.00
 NQPROG    1    5.00
 NQPROG    2    5.00
 GMNMX     1    8.574E-05
 GMNMX     2    8.574E-02
 RUSER    10    -1.00
 NG        0    200.00
 NLINF     0    0.00
 IUSER    10    4.00
 RUSER    21    1.0
 RUSER    22   -1.0
 RUSER    23    0.0
 RUSER    18         291.84744
 RUSER    17         32.99900
 RUSER    19         1.03441
 RUSER    15         1.33200
 RUSER    16         632.80000
 RUSER    25         1
 RUSER    26         0
 END       0    0.00
 NY      131
  3.75000E-07  5.00000E-07  6.25000E-07  7.50000E-07  8.75000E-07  1.00000E-06
  1.12500E-06  1.25000E-06  1.37500E-06  1.50000E-06  1.62500E-06  1.75000E-06
  1.87500E-06  2.00000E-06  2.25000E-06  2.50000E-06  2.75000E-06  3.00000E-06
  3.25000E-06  3.50000E-06  3.75000E-06  4.00000E-06  4.50000E-06  5.00000E-06
  5.50000E-06  6.00000E-06  6.50000E-06  7.00000E-06  7.50000E-06  8.00000E-06
  9.00000E-06  1.00000E-05  1.10000E-05  1.20000E-05  1.30000E-05  1.40000E-05
  1.50000E-05  1.60000E-05  1.80000E-05  2.00000E-05  2.20000E-05  2.40000E-05
  2.60000E-05  2.80000E-05  3.00000E-05  3.20000E-05  3.60000E-05  4.00000E-05
  4.40000E-05  4.80000E-05  5.20000E-05  5.60000E-05  6.00000E-05  6.40000E-05
  7.20000E-05  8.00000E-05  8.80000E-05  9.60000E-05  1.04000E-04  1.12000E-04
  1.20000E-04  1.28000E-04  1.44000E-04  1.60000E-04  1.76000E-04  1.92000E-04
  2.08000E-04  2.24000E-04  2.40000E-04  2.56000E-04  2.88000E-04  3.20000E-04
  3.52000E-04  3.84000E-04  4.16000E-04  4.48000E-04  4.80000E-04  5.12000E-04
  5.76000E-04  6.40000E-04  7.04000E-04  7.68000E-04  8.32000E-04  8.96000E-04
  9.60000E-04  1.02400E-03  1.15200E-03  1.28000E-03  1.40800E-03  1.53600E-03
  1.66400E-03  1.79200E-03  1.92000E-03  2.01600E-03  2.27200E-03  2.52800E-03
  2.78400E-03  3.04000E-03  3.29600E-03  3.55200E-03  3.80800E-03  4.06400E-03
  4.57600E-03  5.08800E-03  5.60000E-03  6.11200E-03  6.62400E-03  7.13600E-03
  7.64800E-03  8.16000E-03  9.18400E-03  1.02080E-02  1.12320E-02  1.22560E-02
  1.32800E-02  1.43040E-02  1.53280E-02  1.63520E-02  1.84000E-02  2.04480E-02
  2.24960E-02  2.45440E-02  2.65920E-02  2.86400E-02  3.06880E-02  3.27360E-02
  3.68320E-02  4.09280E-02  4.50240E-02  4.91200E-02  5.32160E-02
  2.43271E+00  2.42857E+00  2.42034E+00  2.42782E+00  2.42275E+00  2.42116E+00
  2.41905E+00  2.42203E+00  2.42298E+00  2.41929E+00  2.41421E+00  2.42278E+00
  2.42046E+00  2.42227E+00  2.41784E+00  2.42050E+00  2.41806E+00  2.42056E+00
  2.41323E+00  2.41231E+00  2.41252E+00  2.41724E+00  2.42022E+00  2.41629E+00
  2.42053E+00  2.41752E+00  2.41641E+00  2.41805E+00  2.41782E+00  2.41690E+00
  2.41916E+00  2.41609E+00  2.41434E+00  2.41709E+00  2.41637E+00  2.41849E+00
  2.41719E+00  2.41772E+00  2.41639E+00  2.41379E+00  2.41586E+00  2.41264E+00
  2.41285E+00  2.41471E+00  2.41210E+00  2.41345E+00  2.41238E+00  2.41160E+00
  2.41059E+00  2.41054E+00  2.40848E+00  2.40831E+00  2.40484E+00  2.40539E+00
  2.40435E+00  2.40315E+00  2.40097E+00  2.39965E+00  2.39725E+00  2.39592E+00
  2.39459E+00  2.39259E+00  2.38906E+00  2.38652E+00  2.38246E+00  2.37956E+00
  2.37612E+00  2.37307E+00  2.36891E+00  2.36615E+00  2.35957E+00  2.35282E+00
  2.34618E+00  2.33951E+00  2.33356E+00  2.32673E+00  2.32027E+00  2.31444E+00
  2.30147E+00  2.28909E+00  2.27582E+00  2.26281E+00  2.25044E+00  2.23755E+00
  2.22511E+00  2.21324E+00  2.18867E+00  2.16437E+00  2.14079E+00  2.11688E+00
  2.09354E+00  2.07052E+00  2.04740E+00  2.02757E+00  1.98173E+00  1.93686E+00
  1.89295E+00  1.84980E+00  1.80810E+00  1.76752E+00  1.72790E+00  1.68978E+00
  1.61422E+00  1.54285E+00  1.47444E+00  1.40871E+00  1.34624E+00  1.28711E+00
  1.23054E+00  1.17742E+00  1.07613E+00  9.84430E-01  9.01097E-01  8.24460E-01
  7.53629E-01  6.88952E-01  6.29490E-01  5.74835E-01  4.80647E-01  4.05771E-01
  3.50292E-01  3.12974E-01  2.81141E-01  2.48711E-01  2.15339E-01  1.82869E-01
  1.25233E-01  8.73908E-02  6.91910E-02  5.43581E-02  4.34180E-02
