AutoSaveFileName0286.ASC
 IFORMY    0    .00
 (6E13.7)
 IFORMT    0    .00
 (6E13.7)
 IFORMW    0    .00
 (6E13.7)
 NINTT     0   -1.00
 DOUSNQ    0    1.00
 IQUAD          1.00
 PRWT      0    1.00
 PRY       0    1.00
 IPLRES    1    3.00
 IPLRES    2    3.00
 IPRINT    1    0.00
 IPRINT    2    2.00
 IPLFIT    1    0.00
 IPLFIT    2    0.00
 LINEPG    0   50.
 NONNEG    1    1.00
 IWT       0    5.00
 NQPROG    1    5.00
 NQPROG    2    5.00
 GMNMX     1    7.173E-06
 GMNMX     2    7.173E-03
 RUSER    10    -1.00
 NG        0    200.00
 NLINF     0    0.00
 IUSER    10    4.00
 RUSER    21    1.0
 RUSER    22   -1.0
 RUSER    23    0.0
 RUSER    18         292.25597
 RUSER    17         154.99900
 RUSER    19         1.02399
 RUSER    15         1.33200
 RUSER    16         632.80000
 RUSER    25         1
 RUSER    26         0
 END       0    0.00
 NY      188
  5.00000E-07  6.25000E-07  7.50000E-07  8.75000E-07  1.00000E-06  1.12500E-06
  1.25000E-06  1.37500E-06  1.50000E-06  1.62500E-06  1.75000E-06  1.87500E-06
  2.00000E-06  2.25000E-06  2.50000E-06  2.75000E-06  3.00000E-06  3.25000E-06
  3.50000E-06  3.75000E-06  4.00000E-06  4.50000E-06  5.00000E-06  5.50000E-06
  6.00000E-06  6.50000E-06  7.00000E-06  7.50000E-06  8.00000E-06  9.00000E-06
  1.00000E-05  1.10000E-05  1.20000E-05  1.30000E-05  1.40000E-05  1.50000E-05
  1.60000E-05  1.80000E-05  2.00000E-05  2.20000E-05  2.40000E-05  2.60000E-05
  2.80000E-05  3.00000E-05  3.20000E-05  3.60000E-05  4.00000E-05  4.40000E-05
  4.80000E-05  5.20000E-05  5.60000E-05  6.00000E-05  6.40000E-05  7.20000E-05
  8.00000E-05  8.80000E-05  9.60000E-05  1.04000E-04  1.12000E-04  1.20000E-04
  1.28000E-04  1.44000E-04  1.60000E-04  1.76000E-04  1.92000E-04  2.08000E-04
  2.24000E-04  2.40000E-04  2.56000E-04  2.88000E-04  3.20000E-04  3.52000E-04
  3.84000E-04  4.16000E-04  4.48000E-04  4.80000E-04  5.12000E-04  5.76000E-04
  6.40000E-04  7.04000E-04  7.68000E-04  8.32000E-04  8.96000E-04  9.60000E-04
  1.02400E-03  1.15200E-03  1.28000E-03  1.40800E-03  1.53600E-03  1.66400E-03
  1.79200E-03  1.92000E-03  2.01600E-03  2.27200E-03  2.52800E-03  2.78400E-03
  3.04000E-03  3.29600E-03  3.55200E-03  3.80800E-03  4.06400E-03  4.57600E-03
  5.08800E-03  5.60000E-03  6.11200E-03  6.62400E-03  7.13600E-03  7.64800E-03
  8.16000E-03  9.18400E-03  1.02080E-02  1.12320E-02  1.22560E-02  1.32800E-02
  1.43040E-02  1.53280E-02  1.63520E-02  1.84000E-02  2.04480E-02  2.24960E-02
  2.45440E-02  2.65920E-02  2.86400E-02  3.06880E-02  3.27360E-02  3.68320E-02
  4.09280E-02  4.50240E-02  4.91200E-02  5.32160E-02  5.73120E-02  6.14080E-02
  6.55040E-02  7.36960E-02  8.18880E-02  9.00800E-02  9.82720E-02  1.06464E-01
  1.14656E-01  1.22848E-01  1.31040E-01  1.47424E-01  1.63808E-01  1.80192E-01
  1.96576E-01  2.12960E-01  2.29344E-01  2.45728E-01  2.62112E-01  2.94880E-01
  3.27648E-01  3.60416E-01  3.93184E-01  4.25952E-01  4.58720E-01  4.91488E-01
  5.24256E-01  5.89792E-01  6.55328E-01  7.20864E-01  7.86400E-01  8.51936E-01
  9.17472E-01  9.83008E-01  1.04854E+00  1.17962E+00  1.31069E+00  1.44176E+00
  1.57283E+00  1.70390E+00  1.83498E+00  1.96605E+00  2.09712E+00  2.35926E+00
  2.62141E+00  2.88355E+00  3.14570E+00  3.40784E+00  3.66998E+00  3.93213E+00
  4.19427E+00  4.71856E+00  5.24285E+00  5.76714E+00  6.29142E+00  6.81571E+00
  7.34000E+00  7.86429E+00
  9.95124E-01  9.93672E-01  9.95217E-01  9.90574E-01  9.90852E-01  9.88044E-01
  9.90782E-01  9.90739E-01  9.86176E-01  9.88550E-01  9.92173E-01  9.86967E-01
  9.87931E-01  9.89486E-01  9.88948E-01  9.90191E-01  9.88964E-01  9.86585E-01
  9.87213E-01  9.87095E-01  9.87250E-01  9.88093E-01  9.87808E-01  9.88217E-01
  9.86936E-01  9.86782E-01  9.86481E-01  9.85709E-01  9.85216E-01  9.85871E-01
  9.84783E-01  9.84637E-01  9.84186E-01  9.83374E-01  9.83858E-01  9.83305E-01
  9.83294E-01  9.82030E-01  9.80920E-01  9.80509E-01  9.80099E-01  9.78989E-01
  9.78090E-01  9.77132E-01  9.76473E-01  9.73965E-01  9.72416E-01  9.70644E-01
  9.68922E-01  9.67458E-01  9.66134E-01  9.64013E-01  9.62699E-01  9.59224E-01
  9.55662E-01  9.52544E-01  9.49508E-01  9.45486E-01  9.42240E-01  9.38868E-01
  9.35716E-01  9.29194E-01  9.22691E-01  9.16271E-01  9.09841E-01  9.03289E-01
  8.97216E-01  8.90872E-01  8.84415E-01  8.72059E-01  8.59769E-01  8.47707E-01
  8.35913E-01  8.24320E-01  8.12919E-01  8.01805E-01  7.90864E-01  7.69248E-01
  7.48286E-01  7.27844E-01  7.08215E-01  6.89070E-01  6.70713E-01  6.52973E-01
  6.35679E-01  6.02841E-01  5.72240E-01  5.43106E-01  5.15723E-01  4.89859E-01
  4.65620E-01  4.42840E-01  4.27019E-01  3.87122E-01  3.51460E-01  3.19878E-01
  2.91889E-01  2.66889E-01  2.44680E-01  2.24570E-01  2.06872E-01  1.76270E-01
  1.52268E-01  1.33209E-01  1.17613E-01  1.04871E-01  9.40891E-02  8.56508E-02
  7.82563E-02  6.52281E-02  5.35937E-02  4.58833E-02  4.18289E-02  3.90386E-02
  3.60761E-02  3.26295E-02  3.05395E-02  2.74859E-02  2.55183E-02  2.31427E-02
  2.26909E-02  2.36687E-02  2.44391E-02  2.08724E-02  1.89085E-02  1.31789E-02
  9.59670E-03  1.13226E-02  7.62382E-03  5.36099E-03  6.64707E-03  1.20644E-03
  2.11555E-04 -5.78874E-03  2.04187E-03  2.25549E-03  7.33654E-04 -3.34779E-03
  1.75342E-03  1.55254E-04  9.12110E-04  1.12302E-03  1.01701E-03  1.47821E-03
 -5.09376E-04  2.39865E-03  6.00351E-03  4.01844E-04 -2.73271E-04 -5.06064E-03
 -1.28523E-03 -6.63286E-04 -1.72841E-03 -6.47589E-03 -5.66606E-04  2.76212E-03
 -2.37547E-03 -1.80580E-03 -2.07583E-04 -1.45832E-03  2.45726E-03  4.74665E-03
  2.66974E-03  1.03579E-03  1.32060E-03  8.48088E-04 -1.54942E-03 -3.15341E-03
 -3.95799E-03 -1.27531E-04 -1.94268E-03 -1.58903E-03 -9.20194E-04 -2.31451E-03
 -1.17661E-04 -4.20748E-04 -1.24110E-03 -1.09830E-03 -1.00256E-05 -3.48022E-04
 -1.38733E-04  5.90491E-04 -5.22069E-04  6.91103E-04  3.95014E-04  3.25397E-04
 -3.03544E-04 -7.47105E-04
