AutoSaveFileName0069.ASC
 IFORMY    0    .00
 (6E13.7)
 IFORMT    0    .00
 (6E13.7)
 IFORMW    0    .00
 (6E13.7)
 NINTT     0   -1.00
 DOUSNQ    0    1.00
 IQUAD     0    1.00
 PRWT      0    1.00
 PRY       0    1.00
 IPLRES    1    3.00
 IPLRES    2    3.00
 IPRINT    1    0.00
 IPRINT    2    2.00
 IPLFIT    1    0.00
 IPLFIT    2    0.00
 LINEPG    0   50.
 NONNEG    1    1.00
 IWT       0    5.00
 NQPROG    1    5.00
 NQPROG    2    5.00
 GMNMX     1    1.83709E-02
 GMNMX     2    6.59468E-03
 RUSER    10    -1.00
 NG        0    500.00
 NLINF     0    1.00
 IUSER    10    4.00
 RUSER    21    1.0
 RUSER    22   -1.0
 RUSER    23    0.0
 RUSER    18         291.94085
 RUSER    17         44.99800
 RUSER    19         1.03201
 RUSER    15         1.33200
 RUSER    16         632.80000
 RUSER    25         1
 RUSER    26         0
 END       0    0.00
 NY      162
  7.50000E-07  8.75000E-07  1.00000E-06  1.12500E-06  1.25000E-06  1.37500E-06
  1.50000E-06  1.62500E-06  1.75000E-06  1.87500E-06  2.00000E-06  2.25000E-06
  2.50000E-06  2.75000E-06  3.00000E-06  3.25000E-06  3.50000E-06  3.75000E-06
  4.00000E-06  4.50000E-06  5.00000E-06  5.50000E-06  6.00000E-06  6.50000E-06
  7.00000E-06  7.50000E-06  8.00000E-06  9.00000E-06  1.00000E-05  1.10000E-05
  1.20000E-05  1.30000E-05  1.40000E-05  1.50000E-05  1.60000E-05  1.80000E-05
  2.00000E-05  2.20000E-05  2.40000E-05  2.60000E-05  2.80000E-05  3.00000E-05
  3.20000E-05  3.60000E-05  4.00000E-05  4.40000E-05  4.80000E-05  5.20000E-05
  5.60000E-05  6.00000E-05  6.40000E-05  7.20000E-05  8.00000E-05  8.80000E-05
  9.60000E-05  1.04000E-04  1.12000E-04  1.20000E-04  1.28000E-04  1.44000E-04
  1.60000E-04  1.76000E-04  1.92000E-04  2.08000E-04  2.24000E-04  2.40000E-04
  2.56000E-04  2.88000E-04  3.20000E-04  3.52000E-04  3.84000E-04  4.16000E-04
  4.48000E-04  4.80000E-04  5.12000E-04  5.76000E-04  6.40000E-04  7.04000E-04
  7.68000E-04  8.32000E-04  8.96000E-04  9.60000E-04  1.02400E-03  1.15200E-03
  1.28000E-03  1.40800E-03  1.53600E-03  1.66400E-03  1.79200E-03  1.92000E-03
  2.01600E-03  2.27200E-03  2.52800E-03  2.78400E-03  3.04000E-03  3.29600E-03
  3.55200E-03  3.80800E-03  4.06400E-03  4.57600E-03  5.08800E-03  5.60000E-03
  6.11200E-03  6.62400E-03  7.13600E-03  7.64800E-03  8.16000E-03  9.18400E-03
  1.02080E-02  1.12320E-02  1.22560E-02  1.32800E-02  1.43040E-02  1.53280E-02
  1.63520E-02  1.84000E-02  2.04480E-02  2.24960E-02  2.45440E-02  2.65920E-02
  2.86400E-02  3.06880E-02  3.27360E-02  3.68320E-02  4.09280E-02  4.50240E-02
  4.91200E-02  5.32160E-02  5.73120E-02  6.14080E-02  6.55040E-02  7.36960E-02
  8.18880E-02  9.00800E-02  9.82720E-02  1.06464E-01  1.14656E-01  1.22848E-01
  1.31040E-01  1.47424E-01  1.63808E-01  1.80192E-01  1.96576E-01  2.12960E-01
  2.29344E-01  2.45728E-01  2.62112E-01  2.94880E-01  3.27648E-01  3.60416E-01
  3.93184E-01  4.25952E-01  4.58720E-01  4.91488E-01  5.24256E-01  5.89792E-01
  6.55328E-01  7.20864E-01  7.86400E-01  8.51936E-01  9.17472E-01  9.83008E-01
  9.99797E-01  1.00000E+00  9.98722E-01  9.98592E-01  9.98706E-01  9.98327E-01
  9.98181E-01  9.98408E-01  9.96521E-01  9.96522E-01  9.96048E-01  9.96456E-01
  9.95924E-01  9.96300E-01  9.95924E-01  9.95908E-01  9.95168E-01  9.94562E-01
  9.94672E-01  9.93452E-01  9.93535E-01  9.92927E-01  9.92892E-01  9.92376E-01
  9.92285E-01  9.91813E-01  9.90966E-01  9.90100E-01  9.88567E-01  9.87989E-01
  9.87300E-01  9.86125E-01  9.85273E-01  9.84372E-01  9.83454E-01  9.81830E-01
  9.79980E-01  9.78146E-01  9.76243E-01  9.74367E-01  9.72750E-01  9.71279E-01
  9.69325E-01  9.65824E-01  9.62058E-01  9.58739E-01  9.55118E-01  9.51425E-01
  9.48390E-01  9.44447E-01  9.41110E-01  9.34372E-01  9.27554E-01  9.20752E-01
  9.14066E-01  9.07427E-01  9.00965E-01  8.94500E-01  8.88076E-01  8.75171E-01
  8.62847E-01  8.50324E-01  8.38220E-01  8.26159E-01  8.14372E-01  8.02779E-01
  7.91521E-01  7.69269E-01  7.47785E-01  7.26977E-01  7.06717E-01  6.87177E-01
  6.68154E-01  6.49673E-01  6.31999E-01  5.97853E-01  5.65724E-01  5.35346E-01
  5.06968E-01  4.80185E-01  4.54849E-01  4.30928E-01  4.08686E-01  3.67509E-01
  3.30834E-01  2.98318E-01  2.69409E-01  2.43643E-01  2.20811E-01  2.00349E-01
  1.87259E-01  1.54803E-01  1.28762E-01  1.07940E-01  9.14872E-02  7.81997E-02
  6.73706E-02  5.84348E-02  5.11060E-02  3.91714E-02  3.04068E-02  2.46741E-02
  2.10753E-02  1.95236E-02  1.81507E-02  1.67431E-02  1.50281E-02  1.24998E-02
  1.16296E-02  9.75975E-03  8.17060E-03  8.34708E-03  8.46041E-03  6.94953E-03
  7.26131E-03  4.34954E-03  3.66873E-03  3.90265E-03  5.25199E-03  1.03274E-02
  5.64928E-03  1.85801E-03  3.40687E-03  5.52502E-03  4.16866E-03  5.01876E-03
  3.13984E-03  3.44698E-03 -7.92269E-04  1.39449E-03  1.47661E-03  1.98352E-03
  5.28049E-04  2.86616E-03 -1.09150E-05  1.92249E-03  1.18905E-03  6.01422E-04
  1.82288E-03  1.06039E-03  3.09880E-03  1.29260E-03  3.22899E-03  1.91203E-03
  2.00087E-03  1.35746E-03  1.93139E-03 -1.42081E-04  1.97507E-04  1.93267E-03
  1.72381E-03  6.05671E-05  3.16680E-03  1.17897E-03  1.91213E-03 -7.42440E-05
  7.15958E-04  2.86046E-04 -5.07559E-05  6.00681E-04  8.93226E-04 -5.12715E-04
