AutoSaveFileName0261.ASC
 IFORMY    0    .00
 (6E13.7)
 IFORMT    0    .00
 (6E13.7)
 IFORMW    0    .00
 (6E13.7)
 NINTT     0   -1.00
 DOUSNQ    0    1.00
 IQUAD          1.00
 PRWT      0    1.00
 PRY       0    1.00
 IPLRES    1    3.00
 IPLRES    2    3.00
 IPRINT    1    0.00
 IPRINT    2    2.00
 IPLFIT    1    0.00
 IPLFIT    2    0.00
 LINEPG    0   50.
 NONNEG    1    1.00
 IWT       0    5.00
 NQPROG    1    5.00
 NQPROG    2    5.00
 GMNMX     1    7.518E-06
 GMNMX     2    7.518E-03
 RUSER    10    -1.00
 NG        0    200.00
 NLINF     0    0.00
 IUSER    10    4.00
 RUSER    21    1.0
 RUSER    22   -1.0
 RUSER    23    0.0
 RUSER    18         292.24982
 RUSER    17         144.99900
 RUSER    19         1.02415
 RUSER    15         1.33200
 RUSER    16         632.80000
 RUSER    25         1
 RUSER    26         0
 END       0    0.00
 NY      188
  5.00000E-07  6.25000E-07  7.50000E-07  8.75000E-07  1.00000E-06  1.12500E-06
  1.25000E-06  1.37500E-06  1.50000E-06  1.62500E-06  1.75000E-06  1.87500E-06
  2.00000E-06  2.25000E-06  2.50000E-06  2.75000E-06  3.00000E-06  3.25000E-06
  3.50000E-06  3.75000E-06  4.00000E-06  4.50000E-06  5.00000E-06  5.50000E-06
  6.00000E-06  6.50000E-06  7.00000E-06  7.50000E-06  8.00000E-06  9.00000E-06
  1.00000E-05  1.10000E-05  1.20000E-05  1.30000E-05  1.40000E-05  1.50000E-05
  1.60000E-05  1.80000E-05  2.00000E-05  2.20000E-05  2.40000E-05  2.60000E-05
  2.80000E-05  3.00000E-05  3.20000E-05  3.60000E-05  4.00000E-05  4.40000E-05
  4.80000E-05  5.20000E-05  5.60000E-05  6.00000E-05  6.40000E-05  7.20000E-05
  8.00000E-05  8.80000E-05  9.60000E-05  1.04000E-04  1.12000E-04  1.20000E-04
  1.28000E-04  1.44000E-04  1.60000E-04  1.76000E-04  1.92000E-04  2.08000E-04
  2.24000E-04  2.40000E-04  2.56000E-04  2.88000E-04  3.20000E-04  3.52000E-04
  3.84000E-04  4.16000E-04  4.48000E-04  4.80000E-04  5.12000E-04  5.76000E-04
  6.40000E-04  7.04000E-04  7.68000E-04  8.32000E-04  8.96000E-04  9.60000E-04
  1.02400E-03  1.15200E-03  1.28000E-03  1.40800E-03  1.53600E-03  1.66400E-03
  1.79200E-03  1.92000E-03  2.01600E-03  2.27200E-03  2.52800E-03  2.78400E-03
  3.04000E-03  3.29600E-03  3.55200E-03  3.80800E-03  4.06400E-03  4.57600E-03
  5.08800E-03  5.60000E-03  6.11200E-03  6.62400E-03  7.13600E-03  7.64800E-03
  8.16000E-03  9.18400E-03  1.02080E-02  1.12320E-02  1.22560E-02  1.32800E-02
  1.43040E-02  1.53280E-02  1.63520E-02  1.84000E-02  2.04480E-02  2.24960E-02
  2.45440E-02  2.65920E-02  2.86400E-02  3.06880E-02  3.27360E-02  3.68320E-02
  4.09280E-02  4.50240E-02  4.91200E-02  5.32160E-02  5.73120E-02  6.14080E-02
  6.55040E-02  7.36960E-02  8.18880E-02  9.00800E-02  9.82720E-02  1.06464E-01
  1.14656E-01  1.22848E-01  1.31040E-01  1.47424E-01  1.63808E-01  1.80192E-01
  1.96576E-01  2.12960E-01  2.29344E-01  2.45728E-01  2.62112E-01  2.94880E-01
  3.27648E-01  3.60416E-01  3.93184E-01  4.25952E-01  4.58720E-01  4.91488E-01
  5.24256E-01  5.89792E-01  6.55328E-01  7.20864E-01  7.86400E-01  8.51936E-01
  9.17472E-01  9.83008E-01  1.04854E+00  1.17962E+00  1.31069E+00  1.44176E+00
  1.57283E+00  1.70390E+00  1.83498E+00  1.96605E+00  2.09712E+00  2.35926E+00
  2.62141E+00  2.88355E+00  3.14570E+00  3.40784E+00  3.66998E+00  3.93213E+00
  4.19427E+00  4.71856E+00  5.24285E+00  5.76714E+00  6.29142E+00  6.81571E+00
  7.34000E+00  7.86429E+00
  9.95920E-01  9.95065E-01  9.95829E-01  9.92277E-01  9.93374E-01  9.94262E-01
  9.92630E-01  9.93302E-01  9.93589E-01  9.90841E-01  9.91083E-01  9.94027E-01
  9.91912E-01  9.91827E-01  9.90130E-01  9.91677E-01  9.91918E-01  9.91951E-01
  9.91755E-01  9.92336E-01  9.91494E-01  9.92127E-01  9.90743E-01  9.88889E-01
  9.89927E-01  9.89855E-01  9.89327E-01  9.89744E-01  9.88994E-01  9.89072E-01
  9.87917E-01  9.87669E-01  9.87251E-01  9.86565E-01  9.86533E-01  9.86259E-01
  9.85273E-01  9.84385E-01  9.84333E-01  9.82505E-01  9.81767E-01  9.81604E-01
  9.80592E-01  9.79515E-01  9.78582E-01  9.77093E-01  9.74743E-01  9.72915E-01
  9.70950E-01  9.68874E-01  9.67445E-01  9.66139E-01  9.64011E-01  9.59996E-01
  9.56602E-01  9.52966E-01  9.49375E-01  9.45818E-01  9.42083E-01  9.38774E-01
  9.34988E-01  9.28087E-01  9.20809E-01  9.14020E-01  9.06897E-01  9.00330E-01
  8.93247E-01  8.86556E-01  8.79787E-01  8.66372E-01  8.53250E-01  8.40279E-01
  8.27582E-01  8.15088E-01  8.02776E-01  7.90555E-01  7.78230E-01  7.54912E-01
  7.32482E-01  7.10887E-01  6.89919E-01  6.69421E-01  6.49842E-01  6.30833E-01
  6.12472E-01  5.77531E-01  5.45019E-01  5.14290E-01  4.85254E-01  4.57904E-01
  4.32367E-01  4.08276E-01  3.91310E-01  3.49468E-01  3.11938E-01  2.78569E-01
  2.49843E-01  2.25068E-01  2.03197E-01  1.83878E-01  1.67828E-01  1.40801E-01
  1.19212E-01  1.01919E-01  8.75295E-02  7.48613E-02  6.40514E-02  5.49815E-02
  4.74045E-02  3.40797E-02  2.48123E-02  2.19747E-02  2.01677E-02  1.75357E-02
  1.51953E-02  1.24431E-02  8.76797E-03  3.66970E-03  5.56967E-04  1.38870E-03
  2.10378E-03  8.96002E-03  1.31604E-02  1.58631E-02  1.25692E-02  8.70399E-03
 -1.87783E-03 -1.26213E-02 -9.27800E-03 -1.68859E-03  2.49184E-03 -1.70233E-03
  2.23977E-03 -3.10211E-03 -1.59723E-03 -1.39792E-03  5.66665E-04  4.73500E-03
  9.18537E-04 -8.07763E-03 -2.16779E-03  7.80587E-03 -1.37029E-03 -7.05410E-04
  3.53803E-03 -2.65494E-03 -3.88642E-03  6.10442E-03  4.29069E-03 -4.69416E-03
 -1.04190E-03 -5.21458E-03 -7.53639E-03 -5.85362E-03 -2.44760E-03  4.30941E-03
  2.61688E-03  1.15039E-04 -2.73736E-03 -3.59423E-04  7.13427E-04  5.59662E-05
 -4.36319E-03  3.14460E-03  6.95605E-04  1.19200E-04 -2.83326E-03 -3.32899E-04
 -1.27942E-03  3.55634E-03 -2.78092E-03 -1.79677E-03 -6.23391E-05 -4.51288E-04
  1.48514E-03  1.25157E-03 -2.34607E-03 -1.11320E-03 -5.90687E-04  3.38107E-03
  5.75793E-04 -1.37161E-04  1.53803E-03 -7.09503E-05 -3.18095E-03  2.63844E-03
 -1.19277E-03  2.31248E-03
