AutoSaveFileName0085.ASC
 IFORMY    0    .00
 (6E13.7)
 IFORMT    0    .00
 (6E13.7)
 IFORMW    0    .00
 (6E13.7)
 NINTT     0   -1.00
 DOUSNQ    0    1.00
 IQUAD          1.00
 PRWT      0    1.00
 PRY       0    1.00
 IPLRES    1    3.00
 IPLRES    2    3.00
 IPRINT    1    0.00
 IPRINT    2    2.00
 IPLFIT    1    0.00
 IPLFIT    2    0.00
 LINEPG    0   50.
 NONNEG    1    1.00
 IWT       0    5.00
 NQPROG    1    5.00
 NQPROG    2    5.00
 GMNMX     1    3.213E-05
 GMNMX     2    3.213E-02
 RUSER    10    -1.00
 NG        0    200.00
 NLINF     0    0.00
 IUSER    10    4.00
 RUSER    21    1.0
 RUSER    22   -1.0
 RUSER    23    0.0
 RUSER    18         292.18870
 RUSER    17         54.99800
 RUSER    19         1.02570
 RUSER    15         1.33200
 RUSER    16         632.80000
 RUSER    25         1
 RUSER    26         0
 END       0    0.00
 NY      188
  5.00000E-07  6.25000E-07  7.50000E-07  8.75000E-07  1.00000E-06  1.12500E-06
  1.25000E-06  1.37500E-06  1.50000E-06  1.62500E-06  1.75000E-06  1.87500E-06
  2.00000E-06  2.25000E-06  2.50000E-06  2.75000E-06  3.00000E-06  3.25000E-06
  3.50000E-06  3.75000E-06  4.00000E-06  4.50000E-06  5.00000E-06  5.50000E-06
  6.00000E-06  6.50000E-06  7.00000E-06  7.50000E-06  8.00000E-06  9.00000E-06
  1.00000E-05  1.10000E-05  1.20000E-05  1.30000E-05  1.40000E-05  1.50000E-05
  1.60000E-05  1.80000E-05  2.00000E-05  2.20000E-05  2.40000E-05  2.60000E-05
  2.80000E-05  3.00000E-05  3.20000E-05  3.60000E-05  4.00000E-05  4.40000E-05
  4.80000E-05  5.20000E-05  5.60000E-05  6.00000E-05  6.40000E-05  7.20000E-05
  8.00000E-05  8.80000E-05  9.60000E-05  1.04000E-04  1.12000E-04  1.20000E-04
  1.28000E-04  1.44000E-04  1.60000E-04  1.76000E-04  1.92000E-04  2.08000E-04
  2.24000E-04  2.40000E-04  2.56000E-04  2.88000E-04  3.20000E-04  3.52000E-04
  3.84000E-04  4.16000E-04  4.48000E-04  4.80000E-04  5.12000E-04  5.76000E-04
  6.40000E-04  7.04000E-04  7.68000E-04  8.32000E-04  8.96000E-04  9.60000E-04
  1.02400E-03  1.15200E-03  1.28000E-03  1.40800E-03  1.53600E-03  1.66400E-03
  1.79200E-03  1.92000E-03  2.01600E-03  2.27200E-03  2.52800E-03  2.78400E-03
  3.04000E-03  3.29600E-03  3.55200E-03  3.80800E-03  4.06400E-03  4.57600E-03
  5.08800E-03  5.60000E-03  6.11200E-03  6.62400E-03  7.13600E-03  7.64800E-03
  8.16000E-03  9.18400E-03  1.02080E-02  1.12320E-02  1.22560E-02  1.32800E-02
  1.43040E-02  1.53280E-02  1.63520E-02  1.84000E-02  2.04480E-02  2.24960E-02
  2.45440E-02  2.65920E-02  2.86400E-02  3.06880E-02  3.27360E-02  3.68320E-02
  4.09280E-02  4.50240E-02  4.91200E-02  5.32160E-02  5.73120E-02  6.14080E-02
  6.55040E-02  7.36960E-02  8.18880E-02  9.00800E-02  9.82720E-02  1.06464E-01
  1.14656E-01  1.22848E-01  1.31040E-01  1.47424E-01  1.63808E-01  1.80192E-01
  1.96576E-01  2.12960E-01  2.29344E-01  2.45728E-01  2.62112E-01  2.94880E-01
  3.27648E-01  3.60416E-01  3.93184E-01  4.25952E-01  4.58720E-01  4.91488E-01
  5.24256E-01  5.89792E-01  6.55328E-01  7.20864E-01  7.86400E-01  8.51936E-01
  9.17472E-01  9.83008E-01  1.04854E+00  1.17962E+00  1.31069E+00  1.44176E+00
  1.57283E+00  1.70390E+00  1.83498E+00  1.96605E+00  2.09712E+00  2.35926E+00
  2.62141E+00  2.88355E+00  3.14570E+00  3.40784E+00  3.66998E+00  3.93213E+00
  4.19427E+00  4.71856E+00  5.24285E+00  5.76714E+00  6.29142E+00  6.81571E+00
  7.34000E+00  7.86429E+00
  9.96971E-01  9.97205E-01  9.93849E-01  9.94967E-01  9.93809E-01  9.93440E-01
  9.94371E-01  9.92431E-01  9.93406E-01  9.91740E-01  9.92168E-01  9.94578E-01
  9.93855E-01  9.93088E-01  9.91845E-01  9.92492E-01  9.92915E-01  9.92920E-01
  9.92374E-01  9.92018E-01  9.91854E-01  9.92298E-01  9.92336E-01  9.92210E-01
  9.92562E-01  9.91890E-01  9.92029E-01  9.92576E-01  9.91801E-01  9.91989E-01
  9.91725E-01  9.91371E-01  9.92071E-01  9.91453E-01  9.91426E-01  9.91550E-01
  9.91184E-01  9.90794E-01  9.91045E-01  9.90558E-01  9.90348E-01  9.90489E-01
  9.89941E-01  9.89892E-01  9.89793E-01  9.89250E-01  9.88629E-01  9.88355E-01
  9.88093E-01  9.87651E-01  9.87223E-01  9.86971E-01  9.86480E-01  9.85721E-01
  9.84809E-01  9.84200E-01  9.83172E-01  9.82235E-01  9.81409E-01  9.80659E-01
  9.79865E-01  9.78114E-01  9.76387E-01  9.74874E-01  9.73056E-01  9.71529E-01
  9.69758E-01  9.68123E-01  9.66551E-01  9.63252E-01  9.60084E-01  9.56676E-01
  9.53486E-01  9.50240E-01  9.47027E-01  9.43794E-01  9.40682E-01  9.34297E-01
  9.27933E-01  9.21611E-01  9.15323E-01  9.09184E-01  9.03037E-01  8.96922E-01
  8.40047E-01  8.28545E-01  8.17309E-01  8.06087E-01  7.95046E-01  7.84275E-01
  7.73643E-01  7.63148E-01  8.03913E-01  7.82672E-01  7.62208E-01  7.42301E-01
  7.23036E-01  7.04338E-01  6.86170E-01  6.68553E-01  6.51755E-01  6.19309E-01
  5.88575E-01  5.59327E-01  5.31588E-01  5.05145E-01  4.80355E-01  4.56986E-01
  4.35476E-01  3.94216E-01  3.56678E-01  3.22349E-01  2.91076E-01  2.62020E-01
  2.35361E-01  2.10817E-01  1.89543E-01  1.50404E-01  1.18324E-01  9.16840E-02
  7.05353E-02  5.36241E-02  3.94704E-02  2.83246E-02  1.88098E-02  2.35932E-03
 -8.84002E-03 -1.18613E-02 -1.16684E-02 -8.50117E-03 -2.29728E-03  1.32590E-03
  2.01746E-03  9.03463E-04 -1.05148E-02 -4.93900E-03  5.09049E-03  1.14633E-02
  8.23527E-03  1.22526E-02  1.39190E-02  3.30219E-03 -5.54739E-03 -8.77497E-03
 -1.14258E-02 -2.67984E-04  1.00554E-03  3.58387E-03 -9.65753E-03 -2.60865E-03
 -2.01200E-03 -4.12779E-03 -1.68083E-02 -1.99747E-03 -6.58898E-03  4.95937E-03
 -4.23580E-03 -1.14693E-02  1.28951E-02 -2.30526E-03  4.70473E-03 -7.25370E-04
  1.92572E-03 -4.80386E-03 -9.91091E-03  4.67694E-04  2.70474E-03  4.81181E-03
 -1.41249E-03 -3.03611E-03 -6.95696E-03  3.64129E-03  1.11445E-03 -5.98805E-03
 -4.37119E-03 -3.91896E-03  2.21350E-03 -3.24569E-03 -6.82873E-03 -4.66668E-03
  1.08280E-03 -1.43669E-03 -1.89498E-03  4.59506E-04  2.54996E-03  2.96878E-03
 -2.74131E-03  2.49365E-03
