AutoSaveFileName0202.ASC
 IFORMY    0    .00
 (6E13.7)
 IFORMT    0    .00
 (6E13.7)
 IFORMW    0    .00
 (6E13.7)
 NINTT     0   -1.00
 DOUSNQ    0    1.00
 IQUAD          1.00
 PRWT      0    1.00
 PRY       0    1.00
 IPLRES    1    3.00
 IPLRES    2    3.00
 IPRINT    1    0.00
 IPRINT    2    2.00
 IPLFIT    1    0.00
 IPLFIT    2    0.00
 LINEPG    0   50.
 NONNEG    1    1.00
 IWT       0    5.00
 NQPROG    1    5.00
 NQPROG    2    5.00
 GMNMX     1    9.618E-06
 GMNMX     2    9.618E-03
 RUSER    10    -1.00
 NG        0    200.00
 NLINF     0    0.00
 IUSER    10    4.00
 RUSER    21    1.0
 RUSER    22   -1.0
 RUSER    23    0.0
 RUSER    18         292.23382
 RUSER    17         114.99900
 RUSER    19         1.02455
 RUSER    15         1.33200
 RUSER    16         632.80000
 RUSER    25         1
 RUSER    26         0
 END       0    0.00
 NY      188
  5.00000E-07  6.25000E-07  7.50000E-07  8.75000E-07  1.00000E-06  1.12500E-06
  1.25000E-06  1.37500E-06  1.50000E-06  1.62500E-06  1.75000E-06  1.87500E-06
  2.00000E-06  2.25000E-06  2.50000E-06  2.75000E-06  3.00000E-06  3.25000E-06
  3.50000E-06  3.75000E-06  4.00000E-06  4.50000E-06  5.00000E-06  5.50000E-06
  6.00000E-06  6.50000E-06  7.00000E-06  7.50000E-06  8.00000E-06  9.00000E-06
  1.00000E-05  1.10000E-05  1.20000E-05  1.30000E-05  1.40000E-05  1.50000E-05
  1.60000E-05  1.80000E-05  2.00000E-05  2.20000E-05  2.40000E-05  2.60000E-05
  2.80000E-05  3.00000E-05  3.20000E-05  3.60000E-05  4.00000E-05  4.40000E-05
  4.80000E-05  5.20000E-05  5.60000E-05  6.00000E-05  6.40000E-05  7.20000E-05
  8.00000E-05  8.80000E-05  9.60000E-05  1.04000E-04  1.12000E-04  1.20000E-04
  1.28000E-04  1.44000E-04  1.60000E-04  1.76000E-04  1.92000E-04  2.08000E-04
  2.24000E-04  2.40000E-04  2.56000E-04  2.88000E-04  3.20000E-04  3.52000E-04
  3.84000E-04  4.16000E-04  4.48000E-04  4.80000E-04  5.12000E-04  5.76000E-04
  6.40000E-04  7.04000E-04  7.68000E-04  8.32000E-04  8.96000E-04  9.60000E-04
  1.02400E-03  1.15200E-03  1.28000E-03  1.40800E-03  1.53600E-03  1.66400E-03
  1.79200E-03  1.92000E-03  2.01600E-03  2.27200E-03  2.52800E-03  2.78400E-03
  3.04000E-03  3.29600E-03  3.55200E-03  3.80800E-03  4.06400E-03  4.57600E-03
  5.08800E-03  5.60000E-03  6.11200E-03  6.62400E-03  7.13600E-03  7.64800E-03
  8.16000E-03  9.18400E-03  1.02080E-02  1.12320E-02  1.22560E-02  1.32800E-02
  1.43040E-02  1.53280E-02  1.63520E-02  1.84000E-02  2.04480E-02  2.24960E-02
  2.45440E-02  2.65920E-02  2.86400E-02  3.06880E-02  3.27360E-02  3.68320E-02
  4.09280E-02  4.50240E-02  4.91200E-02  5.32160E-02  5.73120E-02  6.14080E-02
  6.55040E-02  7.36960E-02  8.18880E-02  9.00800E-02  9.82720E-02  1.06464E-01
  1.14656E-01  1.22848E-01  1.31040E-01  1.47424E-01  1.63808E-01  1.80192E-01
  1.96576E-01  2.12960E-01  2.29344E-01  2.45728E-01  2.62112E-01  2.94880E-01
  3.27648E-01  3.60416E-01  3.93184E-01  4.25952E-01  4.58720E-01  4.91488E-01
  5.24256E-01  5.89792E-01  6.55328E-01  7.20864E-01  7.86400E-01  8.51936E-01
  9.17472E-01  9.83008E-01  1.04854E+00  1.17962E+00  1.31069E+00  1.44176E+00
  1.57283E+00  1.70390E+00  1.83498E+00  1.96605E+00  2.09712E+00  2.35926E+00
  2.62141E+00  2.88355E+00  3.14570E+00  3.40784E+00  3.66998E+00  3.93213E+00
  4.19427E+00  4.71856E+00  5.24285E+00  5.76714E+00  6.29142E+00  6.81571E+00
  7.34000E+00  7.86429E+00
  9.98736E-01  9.93936E-01  9.94028E-01  9.94905E-01  9.92664E-01  9.92286E-01
  9.92516E-01  9.93367E-01  9.91908E-01  9.92764E-01  9.92733E-01  9.92794E-01
  9.91930E-01  9.91109E-01  9.92924E-01  9.92147E-01  9.92147E-01  9.92260E-01
  9.90601E-01  9.91704E-01  9.92056E-01  9.91448E-01  9.91256E-01  9.91517E-01
  9.91465E-01  9.90722E-01  9.90405E-01  9.90631E-01  9.89749E-01  9.89645E-01
  9.89150E-01  9.89467E-01  9.88151E-01  9.88286E-01  9.87825E-01  9.87239E-01
  9.87100E-01  9.86053E-01  9.85966E-01  9.84945E-01  9.84502E-01  9.83829E-01
  9.82543E-01  9.81922E-01  9.80919E-01  9.79737E-01  9.77970E-01  9.76462E-01
  9.75281E-01  9.73804E-01  9.72258E-01  9.70759E-01  9.69187E-01  9.65986E-01
  9.62954E-01  9.59957E-01  9.56830E-01  9.53781E-01  9.50923E-01  9.48017E-01
  9.44759E-01  9.38891E-01  9.33114E-01  9.27255E-01  9.21174E-01  9.15393E-01
  9.09789E-01  9.03921E-01  8.98110E-01  8.86730E-01  8.75371E-01  8.64209E-01
  8.53198E-01  8.42378E-01  8.31632E-01  8.21012E-01  8.10588E-01  7.90169E-01
  7.70215E-01  7.50634E-01  7.31788E-01  7.13232E-01  6.95228E-01  6.77733E-01
  6.60901E-01  6.28025E-01  5.96878E-01  5.67364E-01  5.39396E-01  5.12722E-01
  4.87573E-01  4.63445E-01  4.46110E-01  4.03148E-01  3.64544E-01  3.30157E-01
  2.99516E-01  2.71519E-01  2.46165E-01  2.23094E-01  2.02493E-01  1.65623E-01
  1.35760E-01  1.11448E-01  9.13143E-02  7.56064E-02  6.27343E-02  5.21909E-02
  4.46879E-02  3.29478E-02  2.41317E-02  1.80766E-02  1.23818E-02  8.27236E-03
  5.59055E-03  5.49620E-03  4.63519E-03  3.57900E-03 -5.92704E-05 -1.16065E-03
 -3.08271E-03 -2.73781E-04  1.13164E-03  3.62153E-03  2.18209E-03  1.21306E-03
 -4.68101E-03 -8.01614E-04 -2.83411E-04 -5.97959E-03 -5.16088E-03 -1.08149E-02
 -7.80283E-03 -2.11720E-03  7.00249E-04 -9.37254E-04 -1.88825E-03 -2.07500E-03
  1.35725E-03 -6.40066E-03  1.37421E-03  9.19475E-04 -1.93430E-03 -1.49052E-03
 -2.32444E-03  2.57552E-04  7.27666E-03  1.33068E-02  1.71827E-03 -3.32478E-04
  7.47476E-04 -1.31137E-03  5.88017E-04 -1.57290E-03 -2.71325E-03  5.13734E-03
  7.17159E-04 -2.82244E-03  3.32084E-03  2.35321E-04  3.44713E-03 -1.52672E-03
  3.18011E-03  3.39469E-03  3.25838E-04 -7.59478E-04 -1.14079E-03 -1.40247E-03
 -4.83312E-03  2.60400E-03  2.01329E-03  4.85788E-04 -1.83721E-03 -5.93347E-04
 -4.34587E-04 -1.99175E-03 -1.27425E-03 -2.21533E-03  3.59083E-03 -1.28815E-04
 -1.74186E-03  1.01679E-03 -2.46679E-03  3.17565E-03 -1.08236E-03  3.46368E-04
  1.56280E-03  6.15360E-04
