AutoSaveFileName0098.ASC
 IFORMY    0    .00
 (6E13.7)
 IFORMT    0    .00
 (6E13.7)
 IFORMW    0    .00
 (6E13.7)
 NINTT     0   -1.00
 DOUSNQ    0    1.00
 IQUAD     0    1.00
 PRWT      0    1.00
 PRY       0    1.00
 IPLRES    1    3.00
 IPLRES    2    3.00
 IPRINT    1    0.00
 IPRINT    2    2.00
 IPLFIT    1    0.00
 IPLFIT    2    0.00
 LINEPG    0   50.
 NONNEG    1    1.00
 IWT       0    5.00
 NQPROG    1    5.00
 NQPROG    2    5.00
 GMNMX     1    1.07541E-02
 GMNMX     2    3.86044E-03
 RUSER    10    -1.00
 NG        0    500.00
 NLINF     0    1.00
 IUSER    10    4.00
 RUSER    21    1.0
 RUSER    22   -1.0
 RUSER    23    0.0
 RUSER    18         291.96312
 RUSER    17         59.99900
 RUSER    19         1.03144
 RUSER    15         1.33200
 RUSER    16         632.80000
 RUSER    25         1
 RUSER    26         0
 END       0    0.00
 NY      162
  7.50000E-07  8.75000E-07  1.00000E-06  1.12500E-06  1.25000E-06  1.37500E-06
  1.50000E-06  1.62500E-06  1.75000E-06  1.87500E-06  2.00000E-06  2.25000E-06
  2.50000E-06  2.75000E-06  3.00000E-06  3.25000E-06  3.50000E-06  3.75000E-06
  4.00000E-06  4.50000E-06  5.00000E-06  5.50000E-06  6.00000E-06  6.50000E-06
  7.00000E-06  7.50000E-06  8.00000E-06  9.00000E-06  1.00000E-05  1.10000E-05
  1.20000E-05  1.30000E-05  1.40000E-05  1.50000E-05  1.60000E-05  1.80000E-05
  2.00000E-05  2.20000E-05  2.40000E-05  2.60000E-05  2.80000E-05  3.00000E-05
  3.20000E-05  3.60000E-05  4.00000E-05  4.40000E-05  4.80000E-05  5.20000E-05
  5.60000E-05  6.00000E-05  6.40000E-05  7.20000E-05  8.00000E-05  8.80000E-05
  9.60000E-05  1.04000E-04  1.12000E-04  1.20000E-04  1.28000E-04  1.44000E-04
  1.60000E-04  1.76000E-04  1.92000E-04  2.08000E-04  2.24000E-04  2.40000E-04
  2.56000E-04  2.88000E-04  3.20000E-04  3.52000E-04  3.84000E-04  4.16000E-04
  4.48000E-04  4.80000E-04  5.12000E-04  5.76000E-04  6.40000E-04  7.04000E-04
  7.68000E-04  8.32000E-04  8.96000E-04  9.60000E-04  1.02400E-03  1.15200E-03
  1.28000E-03  1.40800E-03  1.53600E-03  1.66400E-03  1.79200E-03  1.92000E-03
  2.01600E-03  2.27200E-03  2.52800E-03  2.78400E-03  3.04000E-03  3.29600E-03
  3.55200E-03  3.80800E-03  4.06400E-03  4.57600E-03  5.08800E-03  5.60000E-03
  6.11200E-03  6.62400E-03  7.13600E-03  7.64800E-03  8.16000E-03  9.18400E-03
  1.02080E-02  1.12320E-02  1.22560E-02  1.32800E-02  1.43040E-02  1.53280E-02
  1.63520E-02  1.84000E-02  2.04480E-02  2.24960E-02  2.45440E-02  2.65920E-02
  2.86400E-02  3.06880E-02  3.27360E-02  3.68320E-02  4.09280E-02  4.50240E-02
  4.91200E-02  5.32160E-02  5.73120E-02  6.14080E-02  6.55040E-02  7.36960E-02
  8.18880E-02  9.00800E-02  9.82720E-02  1.06464E-01  1.14656E-01  1.22848E-01
  1.31040E-01  1.47424E-01  1.63808E-01  1.80192E-01  1.96576E-01  2.12960E-01
  2.29344E-01  2.45728E-01  2.62112E-01  2.94880E-01  3.27648E-01  3.60416E-01
  3.93184E-01  4.25952E-01  4.58720E-01  4.91488E-01  5.24256E-01  5.89792E-01
  6.55328E-01  7.20864E-01  7.86400E-01  8.51936E-01  9.17472E-01  9.83008E-01
  1.00000E+00  9.97718E-01  9.94261E-01  9.95218E-01  9.96757E-01  9.94953E-01
  9.94257E-01  9.92992E-01  9.95614E-01  9.95693E-01  9.94529E-01  9.92751E-01
  9.92513E-01  9.93146E-01  9.92134E-01  9.92002E-01  9.91653E-01  9.90385E-01
  9.89671E-01  9.89419E-01  9.87335E-01  9.87298E-01  9.87379E-01  9.86103E-01
  9.86265E-01  9.84920E-01  9.83434E-01  9.82577E-01  9.80945E-01  9.79472E-01
  9.77533E-01  9.76217E-01  9.74014E-01  9.72730E-01  9.71365E-01  9.67926E-01
  9.64582E-01  9.61356E-01  9.58495E-01  9.55084E-01  9.52495E-01  9.49500E-01
  9.46201E-01  9.40266E-01  9.33846E-01  9.27721E-01  9.21696E-01  9.15955E-01
  9.09947E-01  9.03743E-01  8.98110E-01  8.86511E-01  8.75044E-01  8.63647E-01
  8.52512E-01  8.41996E-01  8.30812E-01  8.20106E-01  8.09608E-01  7.89047E-01
  7.69008E-01  7.49325E-01  7.30278E-01  7.11773E-01  6.93821E-01  6.76120E-01
  6.59262E-01  6.26365E-01  5.95154E-01  5.65702E-01  5.37732E-01  5.11203E-01
  4.86177E-01  4.62428E-01  4.40326E-01  3.98655E-01  3.60872E-01  3.26942E-01
  2.96205E-01  2.68177E-01  2.43167E-01  2.20594E-01  2.00791E-01  1.65609E-01
  1.36721E-01  1.13300E-01  9.43732E-02  7.90129E-02  6.60916E-02  5.51334E-02
  4.86548E-02  3.41570E-02  2.37944E-02  1.63637E-02  1.11214E-02  8.18032E-03
  6.80781E-03  5.70841E-03  4.84851E-03  3.55476E-03  2.76895E-03  5.15292E-04
 -2.09280E-03 -1.56489E-03 -1.68999E-04  1.72985E-03 -1.59893E-04 -7.90931E-04
  1.12527E-03  1.50708E-03  2.53740E-03  2.79938E-03  5.43134E-04 -1.12647E-04
  1.18119E-03  5.19606E-06 -2.17252E-03  5.55299E-04  1.08582E-03 -3.37583E-04
 -2.04657E-03 -2.61852E-03 -1.37617E-03 -3.67420E-04 -5.75257E-04 -3.41215E-03
 -7.59315E-04  7.04365E-04  1.58098E-03 -4.12511E-04 -7.88149E-04 -5.60789E-05
  1.09259E-03  2.18221E-03 -8.18174E-04  1.43822E-03 -9.08812E-04  3.00121E-04
  1.38273E-04  7.15674E-04  3.53392E-04 -1.45066E-04  4.50071E-04 -3.25791E-04
 -2.01058E-03 -4.07249E-04 -3.00580E-04 -4.94738E-04 -2.84203E-04  6.97376E-04
 -1.03511E-04 -9.99529E-05 -4.20579E-04  1.65783E-04  2.08811E-06  4.14545E-05
 -1.91782E-04  1.62593E-04 -3.20907E-05 -2.66670E-04 -6.19836E-04 -8.99576E-04
