AutoSaveFileName0007.ASC
 IFORMY    0    .00
 (6E13.7)
 IFORMT    0    .00
 (6E13.7)
 IFORMW    0    .00
 (6E13.7)
 NINTT     0   -1.00
 DOUSNQ    0    1.00
 IQUAD          1.00
 PRWT      0    1.00
 PRY       0    1.00
 IPLRES    1    3.00
 IPLRES    2    3.00
 IPRINT    1    0.00
 IPRINT    2    2.00
 IPLFIT    1    0.00
 IPLFIT    2    0.00
 LINEPG    0   50.
 NONNEG    1    1.00
 IWT       0    5.00
 NQPROG    1    5.00
 NQPROG    2    5.00
 GMNMX     1    3.171E-04
 GMNMX     2    3.171E-01
 RUSER    10    -1.00
 NG        0    200.00
 NLINF     0    0.00
 IUSER    10    4.00
 RUSER    21    1.0
 RUSER    22   -1.0
 RUSER    23    0.0
 RUSER    18         291.79528
 RUSER    17         16.99900
 RUSER    19         1.03575
 RUSER    15         1.33200
 RUSER    16         632.80000
 RUSER    25         1
 RUSER    26         0
 END       0    0.00
 NY      131
  3.75000E-07  5.00000E-07  6.25000E-07  7.50000E-07  8.75000E-07  1.00000E-06
  1.12500E-06  1.25000E-06  1.37500E-06  1.50000E-06  1.62500E-06  1.75000E-06
  1.87500E-06  2.00000E-06  2.25000E-06  2.50000E-06  2.75000E-06  3.00000E-06
  3.25000E-06  3.50000E-06  3.75000E-06  4.00000E-06  4.50000E-06  5.00000E-06
  5.50000E-06  6.00000E-06  6.50000E-06  7.00000E-06  7.50000E-06  8.00000E-06
  9.00000E-06  1.00000E-05  1.10000E-05  1.20000E-05  1.30000E-05  1.40000E-05
  1.50000E-05  1.60000E-05  1.80000E-05  2.00000E-05  2.20000E-05  2.40000E-05
  2.60000E-05  2.80000E-05  3.00000E-05  3.20000E-05  3.60000E-05  4.00000E-05
  4.40000E-05  4.80000E-05  5.20000E-05  5.60000E-05  6.00000E-05  6.40000E-05
  7.20000E-05  8.00000E-05  8.80000E-05  9.60000E-05  1.04000E-04  1.12000E-04
  1.20000E-04  1.28000E-04  1.44000E-04  1.60000E-04  1.76000E-04  1.92000E-04
  2.08000E-04  2.24000E-04  2.40000E-04  2.56000E-04  2.88000E-04  3.20000E-04
  3.52000E-04  3.84000E-04  4.16000E-04  4.48000E-04  4.80000E-04  5.12000E-04
  5.76000E-04  6.40000E-04  7.04000E-04  7.68000E-04  8.32000E-04  8.96000E-04
  9.60000E-04  1.02400E-03  1.15200E-03  1.28000E-03  1.40800E-03  1.53600E-03
  1.66400E-03  1.79200E-03  1.92000E-03  2.01600E-03  2.27200E-03  2.52800E-03
  2.78400E-03  3.04000E-03  3.29600E-03  3.55200E-03  3.80800E-03  4.06400E-03
  4.57600E-03  5.08800E-03  5.60000E-03  6.11200E-03  6.62400E-03  7.13600E-03
  7.64800E-03  8.16000E-03  9.18400E-03  1.02080E-02  1.12320E-02  1.22560E-02
  1.32800E-02  1.43040E-02  1.53280E-02  1.63520E-02  1.84000E-02  2.04480E-02
  2.24960E-02  2.45440E-02  2.65920E-02  2.86400E-02  3.06880E-02  3.27360E-02
  3.68320E-02  4.09280E-02  4.50240E-02  4.91200E-02  5.32160E-02
  1.35146E+00  1.34915E+00  1.34948E+00  1.34827E+00  1.34847E+00  1.34617E+00
  1.34624E+00  1.34707E+00  1.34719E+00  1.34773E+00  1.34801E+00  1.34834E+00
  1.34752E+00  1.34651E+00  1.34718E+00  1.34593E+00  1.34639E+00  1.34704E+00
  1.34683E+00  1.34780E+00  1.34727E+00  1.34676E+00  1.34619E+00  1.34695E+00
  1.34773E+00  1.34765E+00  1.34704E+00  1.34700E+00  1.34670E+00  1.34687E+00
  1.34705E+00  1.34719E+00  1.34683E+00  1.34671E+00  1.34659E+00  1.34693E+00
  1.34669E+00  1.34674E+00  1.34667E+00  1.34679E+00  1.34676E+00  1.34682E+00
  1.34616E+00  1.34633E+00  1.34677E+00  1.34624E+00  1.34629E+00  1.34624E+00
  1.34606E+00  1.34565E+00  1.34570E+00  1.34561E+00  1.34534E+00  1.34539E+00
  1.34512E+00  1.34496E+00  1.34457E+00  1.34450E+00  1.34417E+00  1.34390E+00
  1.34334E+00  1.34321E+00  1.34271E+00  1.34201E+00  1.34150E+00  1.34132E+00
  1.34055E+00  1.34000E+00  1.33960E+00  1.33894E+00  1.33782E+00  1.33677E+00
  1.33578E+00  1.33463E+00  1.33360E+00  1.33265E+00  1.33151E+00  1.32999E+00
  1.32797E+00  1.32591E+00  1.32375E+00  1.32179E+00  1.31967E+00  1.31758E+00
  1.31549E+00  1.31266E+00  1.30860E+00  1.30457E+00  1.30049E+00  1.29658E+00
  1.29257E+00  1.28854E+00  1.28458E+00  1.28311E+00  1.27516E+00  1.26729E+00
  1.25935E+00  1.25156E+00  1.24383E+00  1.23616E+00  1.22851E+00  1.22072E+00
  1.20564E+00  1.19067E+00  1.17605E+00  1.16184E+00  1.14773E+00  1.13379E+00
  1.11994E+00  1.10575E+00  1.07872E+00  1.05231E+00  1.02652E+00  1.00142E+00
  9.76837E-01  9.52739E-01  9.29424E-01  9.06024E-01  8.63034E-01  8.21992E-01
  7.82396E-01  7.44539E-01  7.09546E-01  6.76794E-01  6.44630E-01  6.14497E-01
  5.60495E-01  5.12819E-01  4.69307E-01  4.28201E-01  3.91010E-01
