AutoSaveFileName0158.ASC
 IFORMY    0    .00
 (6E13.7)
 IFORMT    0    .00
 (6E13.7)
 IFORMW    0    .00
 (6E13.7)
 NINTT     0   -1.00
 DOUSNQ    0    1.00
 IQUAD          1.00
 PRWT      0    1.00
 PRY       0    1.00
 IPLRES    1    3.00
 IPLRES    2    3.00
 IPRINT    1    0.00
 IPRINT    2    2.00
 IPLFIT    1    0.00
 IPLFIT    2    0.00
 LINEPG    0   50.
 NONNEG    1    1.00
 IWT       0    5.00
 NQPROG    1    5.00
 NQPROG    2    5.00
 GMNMX     1    2.263E-05
 GMNMX     2    2.263E-02
 RUSER    10    -1.00
 NG        0    200.00
 NLINF     0    0.00
 IUSER    10    4.00
 RUSER    21    1.0
 RUSER    22   -1.0
 RUSER    23    0.0
 RUSER    18         291.96759
 RUSER    17         66.99900
 RUSER    19         1.03133
 RUSER    15         1.33200
 RUSER    16         632.80000
 RUSER    25         1
 RUSER    26         0
 END       0    0.00
 NY      131
  3.75000E-07  5.00000E-07  6.25000E-07  7.50000E-07  8.75000E-07  1.00000E-06
  1.12500E-06  1.25000E-06  1.37500E-06  1.50000E-06  1.62500E-06  1.75000E-06
  1.87500E-06  2.00000E-06  2.25000E-06  2.50000E-06  2.75000E-06  3.00000E-06
  3.25000E-06  3.50000E-06  3.75000E-06  4.00000E-06  4.50000E-06  5.00000E-06
  5.50000E-06  6.00000E-06  6.50000E-06  7.00000E-06  7.50000E-06  8.00000E-06
  9.00000E-06  1.00000E-05  1.10000E-05  1.20000E-05  1.30000E-05  1.40000E-05
  1.50000E-05  1.60000E-05  1.80000E-05  2.00000E-05  2.20000E-05  2.40000E-05
  2.60000E-05  2.80000E-05  3.00000E-05  3.20000E-05  3.60000E-05  4.00000E-05
  4.40000E-05  4.80000E-05  5.20000E-05  5.60000E-05  6.00000E-05  6.40000E-05
  7.20000E-05  8.00000E-05  8.80000E-05  9.60000E-05  1.04000E-04  1.12000E-04
  1.20000E-04  1.28000E-04  1.44000E-04  1.60000E-04  1.76000E-04  1.92000E-04
  2.08000E-04  2.24000E-04  2.40000E-04  2.56000E-04  2.88000E-04  3.20000E-04
  3.52000E-04  3.84000E-04  4.16000E-04  4.48000E-04  4.80000E-04  5.12000E-04
  5.76000E-04  6.40000E-04  7.04000E-04  7.68000E-04  8.32000E-04  8.96000E-04
  9.60000E-04  1.02400E-03  1.15200E-03  1.28000E-03  1.40800E-03  1.53600E-03
  1.66400E-03  1.79200E-03  1.92000E-03  2.01600E-03  2.27200E-03  2.52800E-03
  2.78400E-03  3.04000E-03  3.29600E-03  3.55200E-03  3.80800E-03  4.06400E-03
  4.57600E-03  5.08800E-03  5.60000E-03  6.11200E-03  6.62400E-03  7.13600E-03
  7.64800E-03  8.16000E-03  9.18400E-03  1.02080E-02  1.12320E-02  1.22560E-02
  1.32800E-02  1.43040E-02  1.53280E-02  1.63520E-02  1.84000E-02  2.04480E-02
  2.24960E-02  2.45440E-02  2.65920E-02  2.86400E-02  3.06880E-02  3.27360E-02
  3.68320E-02  4.09280E-02  4.50240E-02  4.91200E-02  5.32160E-02
  2.51760E+00  2.52369E+00  2.52393E+00  2.51605E+00  2.50780E+00  2.49155E+00
  2.50702E+00  2.51048E+00  2.51070E+00  2.50835E+00  2.49839E+00  2.49362E+00
  2.49195E+00  2.49953E+00  2.50140E+00  2.51010E+00  2.50288E+00  2.49995E+00
  2.50008E+00  2.49336E+00  2.49547E+00  2.50029E+00  2.49978E+00  2.48821E+00
  2.49845E+00  2.48409E+00  2.49164E+00  2.49333E+00  2.49256E+00  2.49198E+00
  2.49307E+00  2.49357E+00  2.49235E+00  2.48966E+00  2.49092E+00  2.48934E+00
  2.49143E+00  2.48935E+00  2.48689E+00  2.48398E+00  2.48351E+00  2.48249E+00
  2.48121E+00  2.48483E+00  2.47784E+00  2.47650E+00  2.47274E+00  2.47232E+00
  2.46662E+00  2.46488E+00  2.46240E+00  2.46046E+00  2.45651E+00  2.45229E+00
  2.44681E+00  2.44198E+00  2.43460E+00  2.43080E+00  2.42474E+00  2.41816E+00
  2.41007E+00  2.40811E+00  2.39421E+00  2.38172E+00  2.37109E+00  2.35850E+00
  2.34888E+00  2.33678E+00  2.32634E+00  2.31430E+00  2.29252E+00  2.26970E+00
  2.24743E+00  2.22661E+00  2.20543E+00  2.18446E+00  2.16390E+00  2.14425E+00
  2.10389E+00  2.06450E+00  2.02563E+00  1.98818E+00  1.95068E+00  1.91373E+00
  1.87760E+00  1.84063E+00  1.77263E+00  1.70703E+00  1.64459E+00  1.58426E+00
  1.52664E+00  1.47095E+00  1.41788E+00  1.38619E+00  1.28990E+00  1.20033E+00
  1.11709E+00  1.04101E+00  9.70595E-01  9.04790E-01  8.44225E-01  7.89643E-01
  6.89221E-01  6.00498E-01  5.22129E-01  4.53903E-01  3.92059E-01  3.40067E-01
  2.96919E-01  2.62556E-01  2.02979E-01  1.52247E-01  1.13511E-01  8.40962E-02
  6.61379E-02  5.80169E-02  5.19483E-02  4.69579E-02  2.73221E-02  1.66970E-02
  9.43735E-03  1.19162E-02  1.25589E-02  1.14943E-02  1.19227E-02  7.58669E-03
  6.87574E-04 -4.93838E-03  1.97117E-02  2.61733E-02  3.33241E-02
