AutoSaveFileName0022.ASC
 IFORMY    0    .00
 (6E13.7)
 IFORMT    0    .00
 (6E13.7)
 IFORMW    0    .00
 (6E13.7)
 NINTT     0   -1.00
 DOUSNQ    0    1.00
 IQUAD          1.00
 PRWT      0    1.00
 PRY       0    1.00
 IPLRES    1    3.00
 IPLRES    2    3.00
 IPRINT    1    0.00
 IPRINT    2    2.00
 IPLFIT    1    0.00
 IPLFIT    2    0.00
 LINEPG    0   50.
 NONNEG    1    1.00
 IWT       0    5.00
 NQPROG    1    5.00
 NQPROG    2    5.00
 GMNMX     1    1.902E-04
 GMNMX     2    1.902E-01
 RUSER    10    -1.00
 NG        0    200.00
 NLINF     0    0.00
 IUSER    10    4.00
 RUSER    21    1.0
 RUSER    22   -1.0
 RUSER    23    0.0
 RUSER    18         291.81326
 RUSER    17         21.99900
 RUSER    19         1.03528
 RUSER    15         1.33200
 RUSER    16         632.80000
 RUSER    25         1
 RUSER    26         0
 END       0    0.00
 NY      131
  3.75000E-07  5.00000E-07  6.25000E-07  7.50000E-07  8.75000E-07  1.00000E-06
  1.12500E-06  1.25000E-06  1.37500E-06  1.50000E-06  1.62500E-06  1.75000E-06
  1.87500E-06  2.00000E-06  2.25000E-06  2.50000E-06  2.75000E-06  3.00000E-06
  3.25000E-06  3.50000E-06  3.75000E-06  4.00000E-06  4.50000E-06  5.00000E-06
  5.50000E-06  6.00000E-06  6.50000E-06  7.00000E-06  7.50000E-06  8.00000E-06
  9.00000E-06  1.00000E-05  1.10000E-05  1.20000E-05  1.30000E-05  1.40000E-05
  1.50000E-05  1.60000E-05  1.80000E-05  2.00000E-05  2.20000E-05  2.40000E-05
  2.60000E-05  2.80000E-05  3.00000E-05  3.20000E-05  3.60000E-05  4.00000E-05
  4.40000E-05  4.80000E-05  5.20000E-05  5.60000E-05  6.00000E-05  6.40000E-05
  7.20000E-05  8.00000E-05  8.80000E-05  9.60000E-05  1.04000E-04  1.12000E-04
  1.20000E-04  1.28000E-04  1.44000E-04  1.60000E-04  1.76000E-04  1.92000E-04
  2.08000E-04  2.24000E-04  2.40000E-04  2.56000E-04  2.88000E-04  3.20000E-04
  3.52000E-04  3.84000E-04  4.16000E-04  4.48000E-04  4.80000E-04  5.12000E-04
  5.76000E-04  6.40000E-04  7.04000E-04  7.68000E-04  8.32000E-04  8.96000E-04
  9.60000E-04  1.02400E-03  1.15200E-03  1.28000E-03  1.40800E-03  1.53600E-03
  1.66400E-03  1.79200E-03  1.92000E-03  2.01600E-03  2.27200E-03  2.52800E-03
  2.78400E-03  3.04000E-03  3.29600E-03  3.55200E-03  3.80800E-03  4.06400E-03
  4.57600E-03  5.08800E-03  5.60000E-03  6.11200E-03  6.62400E-03  7.13600E-03
  7.64800E-03  8.16000E-03  9.18400E-03  1.02080E-02  1.12320E-02  1.22560E-02
  1.32800E-02  1.43040E-02  1.53280E-02  1.63520E-02  1.84000E-02  2.04480E-02
  2.24960E-02  2.45440E-02  2.65920E-02  2.86400E-02  3.06880E-02  3.27360E-02
  3.68320E-02  4.09280E-02  4.50240E-02  4.91200E-02  5.32160E-02
  1.45924E+00  1.45639E+00  1.45334E+00  1.45364E+00  1.45641E+00  1.45412E+00
  1.45475E+00  1.45298E+00  1.45448E+00  1.45333E+00  1.45519E+00  1.45511E+00
  1.45166E+00  1.45289E+00  1.45229E+00  1.45222E+00  1.45439E+00  1.45199E+00
  1.45419E+00  1.45255E+00  1.45278E+00  1.45292E+00  1.45222E+00  1.45282E+00
  1.45296E+00  1.45299E+00  1.45295E+00  1.45242E+00  1.45319E+00  1.45224E+00
  1.45269E+00  1.45229E+00  1.45200E+00  1.45216E+00  1.45231E+00  1.45266E+00
  1.45206E+00  1.45256E+00  1.45221E+00  1.45247E+00  1.45129E+00  1.45164E+00
  1.45146E+00  1.45164E+00  1.45160E+00  1.45135E+00  1.45140E+00  1.45113E+00
  1.45082E+00  1.45038E+00  1.45070E+00  1.45007E+00  1.44933E+00  1.44967E+00
  1.44905E+00  1.44856E+00  1.44834E+00  1.44780E+00  1.44756E+00  1.44699E+00
  1.44645E+00  1.44608E+00  1.44529E+00  1.44422E+00  1.44354E+00  1.44247E+00
  1.44159E+00  1.44080E+00  1.43973E+00  1.43903E+00  1.43722E+00  1.43545E+00
  1.43382E+00  1.43186E+00  1.43010E+00  1.42848E+00  1.42662E+00  1.42007E+00
  1.41661E+00  1.41305E+00  1.40950E+00  1.40601E+00  1.40254E+00  1.39920E+00
  1.39575E+00  1.39276E+00  1.38593E+00  1.37919E+00  1.37245E+00  1.36579E+00
  1.35911E+00  1.35251E+00  1.34596E+00  1.34146E+00  1.32843E+00  1.31568E+00
  1.30299E+00  1.29022E+00  1.27761E+00  1.26504E+00  1.25266E+00  1.24065E+00
  1.21685E+00  1.19360E+00  1.17090E+00  1.14880E+00  1.12719E+00  1.10608E+00
  1.08544E+00  1.06560E+00  1.02639E+00  9.89077E-01  9.53604E-01  9.19284E-01
  8.86825E-01  8.56148E-01  8.26211E-01  7.98034E-01  7.42005E-01  6.90911E-01
  6.44547E-01  6.02309E-01  5.63829E-01  5.28336E-01  4.95062E-01  4.65677E-01
  4.11677E-01  3.65430E-01  3.24067E-01  2.87990E-01  2.50522E-01
