AutoSaveFileName0360.ASC
 IFORMY    0    .00
 (6E13.7)
 IFORMT    0    .00
 (6E13.7)
 IFORMW    0    .00
 (6E13.7)
 NINTT     0   -1.00
 DOUSNQ    0    1.00
 IQUAD          1.00
 PRWT      0    1.00
 PRY       0    1.00
 IPLRES    1    3.00
 IPLRES    2    3.00
 IPRINT    1    0.00
 IPRINT    2    2.00
 IPLFIT    1    0.00
 IPLFIT    2    0.00
 LINEPG    0   50.
 NONNEG    1    1.00
 IWT       0    5.00
 NQPROG    1    5.00
 NQPROG    2    5.00
 GMNMX     1    8.004E-06
 GMNMX     2    8.004E-03
 RUSER    10    -1.00
 NG        0    200.00
 NLINF     0    0.00
 IUSER    10    4.00
 RUSER    21    1.0
 RUSER    22   -1.0
 RUSER    23    0.0
 RUSER    18         292.28357
 RUSER    17         134.99900
 RUSER    19         1.02330
 RUSER    15         1.33200
 RUSER    16         632.80000
 RUSER    25         1
 RUSER    26         0
 END       0    0.00
 NY      131
  3.75000E-07  5.00000E-07  6.25000E-07  7.50000E-07  8.75000E-07  1.00000E-06
  1.12500E-06  1.25000E-06  1.37500E-06  1.50000E-06  1.62500E-06  1.75000E-06
  1.87500E-06  2.00000E-06  2.25000E-06  2.50000E-06  2.75000E-06  3.00000E-06
  3.25000E-06  3.50000E-06  3.75000E-06  4.00000E-06  4.50000E-06  5.00000E-06
  5.50000E-06  6.00000E-06  6.50000E-06  7.00000E-06  7.50000E-06  8.00000E-06
  9.00000E-06  1.00000E-05  1.10000E-05  1.20000E-05  1.30000E-05  1.40000E-05
  1.50000E-05  1.60000E-05  1.80000E-05  2.00000E-05  2.20000E-05  2.40000E-05
  2.60000E-05  2.80000E-05  3.00000E-05  3.20000E-05  3.60000E-05  4.00000E-05
  4.40000E-05  4.80000E-05  5.20000E-05  5.60000E-05  6.00000E-05  6.40000E-05
  7.20000E-05  8.00000E-05  8.80000E-05  9.60000E-05  1.04000E-04  1.12000E-04
  1.20000E-04  1.28000E-04  1.44000E-04  1.60000E-04  1.76000E-04  1.92000E-04
  2.08000E-04  2.24000E-04  2.40000E-04  2.56000E-04  2.88000E-04  3.20000E-04
  3.52000E-04  3.84000E-04  4.16000E-04  4.48000E-04  4.80000E-04  5.12000E-04
  5.76000E-04  6.40000E-04  7.04000E-04  7.68000E-04  8.32000E-04  8.96000E-04
  9.60000E-04  1.02400E-03  1.15200E-03  1.28000E-03  1.40800E-03  1.53600E-03
  1.66400E-03  1.79200E-03  1.92000E-03  2.01600E-03  2.27200E-03  2.52800E-03
  2.78400E-03  3.04000E-03  3.29600E-03  3.55200E-03  3.80800E-03  4.06400E-03
  4.57600E-03  5.08800E-03  5.60000E-03  6.11200E-03  6.62400E-03  7.13600E-03
  7.64800E-03  8.16000E-03  9.18400E-03  1.02080E-02  1.12320E-02  1.22560E-02
  1.32800E-02  1.43040E-02  1.53280E-02  1.63520E-02  1.84000E-02  2.04480E-02
  2.24960E-02  2.45440E-02  2.65920E-02  2.86400E-02  3.06880E-02  3.27360E-02
  3.68320E-02  4.09280E-02  4.50240E-02  4.91200E-02  5.32160E-02
  8.34989E-01  8.36374E-01  8.37156E-01  8.28529E-01  8.32624E-01  8.28416E-01
  8.30556E-01  8.27495E-01  8.29072E-01  8.27528E-01  8.31782E-01  8.35533E-01
  8.34492E-01  8.33531E-01  8.33590E-01  8.30711E-01  8.30403E-01  8.30264E-01
  8.27843E-01  8.29827E-01  8.29894E-01  8.29235E-01  8.28381E-01  8.31695E-01
  8.28616E-01  8.29776E-01  8.30489E-01  8.29827E-01  8.27186E-01  8.27536E-01
  8.27416E-01  8.24617E-01  8.26384E-01  8.23310E-01  8.23714E-01  8.26096E-01
  8.24817E-01  8.23082E-01  8.18923E-01  8.19629E-01  8.17009E-01  8.15000E-01
  8.15341E-01  8.13036E-01  8.11723E-01  8.11060E-01  8.08611E-01  8.05708E-01
  8.03347E-01  7.99784E-01  7.97188E-01  7.94867E-01  7.91815E-01  7.89838E-01
  7.84723E-01  7.79817E-01  7.74932E-01  7.69390E-01  7.64693E-01  7.59396E-01
  7.54353E-01  7.49497E-01  7.40066E-01  7.30694E-01  7.20809E-01  7.11545E-01
  7.02867E-01  6.94093E-01  6.85447E-01  6.76895E-01  6.60516E-01  6.43742E-01
  6.27856E-01  6.12482E-01  5.97077E-01  5.82235E-01  5.67636E-01  5.53777E-01
  5.27237E-01  5.01828E-01  4.78169E-01  4.55272E-01  4.33667E-01  4.12901E-01
  3.93258E-01  3.74166E-01  3.39324E-01  3.07765E-01  2.79454E-01  2.54070E-01
  2.30351E-01  2.09305E-01  1.89874E-01  1.77495E-01  1.47344E-01  1.23167E-01
  1.05511E-01  9.29020E-02  8.21451E-02  7.29445E-02  6.56980E-02  5.96951E-02
  5.01659E-02  4.17274E-02  3.43902E-02  2.60318E-02  1.59786E-02  9.53820E-03
  4.63200E-03  1.49733E-03 -3.07211E-03 -5.39576E-03 -4.97076E-03  2.43261E-04
  3.70766E-03  2.39525E-03  3.39296E-03  2.48988E-03  2.12279E-03  1.01755E-02
  9.09319E-04 -1.09888E-03  7.71441E-03  1.11519E-03 -5.08356E-03 -1.70933E-03
  4.98988E-03  2.39307E-03  8.94033E-03  8.96015E-03 -9.80830E-04
