AutoSaveFileName0414.ASC
 IFORMY    0    .00
 (6E13.7)
 IFORMT    0    .00
 (6E13.7)
 IFORMW    0    .00
 (6E13.7)
 NINTT     0   -1.00
 DOUSNQ    0    1.00
 IQUAD          1.00
 PRWT      0    1.00
 PRY       0    1.00
 IPLRES    1    3.00
 IPLRES    2    3.00
 IPRINT    1    0.00
 IPRINT    2    2.00
 IPLFIT    1    0.00
 IPLFIT    2    0.00
 LINEPG    0   50.
 NONNEG    1    1.00
 IWT       0    5.00
 NQPROG    1    5.00
 NQPROG    2    5.00
 GMNMX     1    7.211E-06
 GMNMX     2    7.211E-03
 RUSER    10    -1.00
 NG        0    200.00
 NLINF     0    0.00
 IUSER    10    4.00
 RUSER    21    1.0
 RUSER    22   -1.0
 RUSER    23    0.0
 RUSER    18         292.35264
 RUSER    17         152.99900
 RUSER    19         1.02155
 RUSER    15         1.33200
 RUSER    16         632.80000
 RUSER    25         1
 RUSER    26         0
 END       0    0.00
 NY      131
  3.75000E-07  5.00000E-07  6.25000E-07  7.50000E-07  8.75000E-07  1.00000E-06
  1.12500E-06  1.25000E-06  1.37500E-06  1.50000E-06  1.62500E-06  1.75000E-06
  1.87500E-06  2.00000E-06  2.25000E-06  2.50000E-06  2.75000E-06  3.00000E-06
  3.25000E-06  3.50000E-06  3.75000E-06  4.00000E-06  4.50000E-06  5.00000E-06
  5.50000E-06  6.00000E-06  6.50000E-06  7.00000E-06  7.50000E-06  8.00000E-06
  9.00000E-06  1.00000E-05  1.10000E-05  1.20000E-05  1.30000E-05  1.40000E-05
  1.50000E-05  1.60000E-05  1.80000E-05  2.00000E-05  2.20000E-05  2.40000E-05
  2.60000E-05  2.80000E-05  3.00000E-05  3.20000E-05  3.60000E-05  4.00000E-05
  4.40000E-05  4.80000E-05  5.20000E-05  5.60000E-05  6.00000E-05  6.40000E-05
  7.20000E-05  8.00000E-05  8.80000E-05  9.60000E-05  1.04000E-04  1.12000E-04
  1.20000E-04  1.28000E-04  1.44000E-04  1.60000E-04  1.76000E-04  1.92000E-04
  2.08000E-04  2.24000E-04  2.40000E-04  2.56000E-04  2.88000E-04  3.20000E-04
  3.52000E-04  3.84000E-04  4.16000E-04  4.48000E-04  4.80000E-04  5.12000E-04
  5.76000E-04  6.40000E-04  7.04000E-04  7.68000E-04  8.32000E-04  8.96000E-04
  9.60000E-04  1.02400E-03  1.15200E-03  1.28000E-03  1.40800E-03  1.53600E-03
  1.66400E-03  1.79200E-03  1.92000E-03  2.01600E-03  2.27200E-03  2.52800E-03
  2.78400E-03  3.04000E-03  3.29600E-03  3.55200E-03  3.80800E-03  4.06400E-03
  4.57600E-03  5.08800E-03  5.60000E-03  6.11200E-03  6.62400E-03  7.13600E-03
  7.64800E-03  8.16000E-03  9.18400E-03  1.02080E-02  1.12320E-02  1.22560E-02
  1.32800E-02  1.43040E-02  1.53280E-02  1.63520E-02  1.84000E-02  2.04480E-02
  2.24960E-02  2.45440E-02  2.65920E-02  2.86400E-02  3.06880E-02  3.27360E-02
  3.68320E-02  4.09280E-02  4.50240E-02  4.91200E-02  5.32160E-02
  8.06802E-01  8.02213E-01  8.00870E-01  8.02644E-01  7.99466E-01  7.97406E-01
  8.00797E-01  7.98458E-01  8.00372E-01  7.99645E-01  8.00221E-01  8.01161E-01
  7.94972E-01  7.96393E-01  7.92948E-01  7.96356E-01  7.99650E-01  7.95441E-01
  7.94585E-01  7.94342E-01  7.94820E-01  7.95764E-01  7.95811E-01  7.94858E-01
  7.94112E-01  7.92853E-01  7.96922E-01  7.95830E-01  7.92683E-01  7.93775E-01
  7.94606E-01  7.92195E-01  7.92624E-01  7.92235E-01  7.92654E-01  7.94638E-01
  7.89277E-01  7.90484E-01  7.90217E-01  7.88426E-01  7.88860E-01  7.87904E-01
  7.87259E-01  7.85640E-01  7.85652E-01  7.85410E-01  7.83909E-01  7.82653E-01
  7.80473E-01  7.79373E-01  7.79183E-01  7.77090E-01  7.75725E-01  7.73789E-01
  7.70608E-01  7.68202E-01  7.64891E-01  7.62509E-01  7.58544E-01  7.56386E-01
  7.54233E-01  7.50957E-01  7.45620E-01  7.40401E-01  7.34643E-01  7.29759E-01
  7.24644E-01  7.19248E-01  7.14306E-01  7.08905E-01  6.98565E-01  6.88873E-01
  6.79470E-01  6.69727E-01  6.60507E-01  6.51685E-01  6.43554E-01  6.34817E-01
  6.17995E-01  6.02300E-01  5.86992E-01  5.72949E-01  5.59389E-01  5.45780E-01
  5.33247E-01  5.21087E-01  4.97597E-01  4.76377E-01  4.56741E-01  4.38176E-01
  4.21057E-01  4.05401E-01  3.90649E-01  3.82201E-01  3.57653E-01  3.36785E-01
  3.18468E-01  3.02336E-01  2.87229E-01  2.72875E-01  2.60870E-01  2.49841E-01
  2.30991E-01  2.14950E-01  2.01365E-01  1.89377E-01  1.80550E-01  1.72210E-01
  1.64661E-01  1.57297E-01  1.44670E-01  1.33190E-01  1.21088E-01  1.11121E-01
  1.01732E-01  9.47043E-02  8.71678E-02  8.00774E-02  6.56015E-02  5.54135E-02
  4.82171E-02  4.39037E-02  3.67370E-02  2.85932E-02  3.01055E-02  2.75851E-02
  7.76659E-03  1.27106E-03 -1.02121E-02 -1.07195E-02 -6.79133E-03
