AutoSaveFileName0289.ASC
 IFORMY    0    .00
 (6E13.7)
 IFORMT    0    .00
 (6E13.7)
 IFORMW    0    .00
 (6E13.7)
 NINTT     0   -1.00
 DOUSNQ    0    1.00
 IQUAD          1.00
 PRWT      0    1.00
 PRY       0    1.00
 IPLRES    1    3.00
 IPLRES    2    3.00
 IPRINT    1    0.00
 IPRINT    2    2.00
 IPLFIT    1    0.00
 IPLFIT    2    0.00
 LINEPG    0   50.
 NONNEG    1    1.00
 IWT       0    5.00
 NQPROG    1    5.00
 NQPROG    2    5.00
 GMNMX     1    1.009E-05
 GMNMX     2    1.009E-02
 RUSER    10    -1.00
 NG        0    200.00
 NLINF     0    0.00
 IUSER    10    4.00
 RUSER    21    1.0
 RUSER    22   -1.0
 RUSER    23    0.0
 RUSER    18         292.15779
 RUSER    17         110.99900
 RUSER    19         1.02648
 RUSER    15         1.33200
 RUSER    16         632.80000
 RUSER    25         1
 RUSER    26         0
 END       0    0.00
 NY      131
  3.75000E-07  5.00000E-07  6.25000E-07  7.50000E-07  8.75000E-07  1.00000E-06
  1.12500E-06  1.25000E-06  1.37500E-06  1.50000E-06  1.62500E-06  1.75000E-06
  1.87500E-06  2.00000E-06  2.25000E-06  2.50000E-06  2.75000E-06  3.00000E-06
  3.25000E-06  3.50000E-06  3.75000E-06  4.00000E-06  4.50000E-06  5.00000E-06
  5.50000E-06  6.00000E-06  6.50000E-06  7.00000E-06  7.50000E-06  8.00000E-06
  9.00000E-06  1.00000E-05  1.10000E-05  1.20000E-05  1.30000E-05  1.40000E-05
  1.50000E-05  1.60000E-05  1.80000E-05  2.00000E-05  2.20000E-05  2.40000E-05
  2.60000E-05  2.80000E-05  3.00000E-05  3.20000E-05  3.60000E-05  4.00000E-05
  4.40000E-05  4.80000E-05  5.20000E-05  5.60000E-05  6.00000E-05  6.40000E-05
  7.20000E-05  8.00000E-05  8.80000E-05  9.60000E-05  1.04000E-04  1.12000E-04
  1.20000E-04  1.28000E-04  1.44000E-04  1.60000E-04  1.76000E-04  1.92000E-04
  2.08000E-04  2.24000E-04  2.40000E-04  2.56000E-04  2.88000E-04  3.20000E-04
  3.52000E-04  3.84000E-04  4.16000E-04  4.48000E-04  4.80000E-04  5.12000E-04
  5.76000E-04  6.40000E-04  7.04000E-04  7.68000E-04  8.32000E-04  8.96000E-04
  9.60000E-04  1.02400E-03  1.15200E-03  1.28000E-03  1.40800E-03  1.53600E-03
  1.66400E-03  1.79200E-03  1.92000E-03  2.01600E-03  2.27200E-03  2.52800E-03
  2.78400E-03  3.04000E-03  3.29600E-03  3.55200E-03  3.80800E-03  4.06400E-03
  4.57600E-03  5.08800E-03  5.60000E-03  6.11200E-03  6.62400E-03  7.13600E-03
  7.64800E-03  8.16000E-03  9.18400E-03  1.02080E-02  1.12320E-02  1.22560E-02
  1.32800E-02  1.43040E-02  1.53280E-02  1.63520E-02  1.84000E-02  2.04480E-02
  2.24960E-02  2.45440E-02  2.65920E-02  2.86400E-02  3.06880E-02  3.27360E-02
  3.68320E-02  4.09280E-02  4.50240E-02  4.91200E-02  5.32160E-02
  1.58291E+00  1.58664E+00  1.58022E+00  1.58387E+00  1.58094E+00  1.57598E+00
  1.57338E+00  1.57656E+00  1.57583E+00  1.57475E+00  1.57449E+00  1.57725E+00
  1.57703E+00  1.57754E+00  1.57319E+00  1.57540E+00  1.57380E+00  1.57447E+00
  1.57345E+00  1.57216E+00  1.57297E+00  1.57277E+00  1.57162E+00  1.56893E+00
  1.56942E+00  1.56837E+00  1.56693E+00  1.56910E+00  1.57037E+00  1.56701E+00
  1.56680E+00  1.56468E+00  1.56293E+00  1.56223E+00  1.56106E+00  1.55973E+00
  1.55901E+00  1.55803E+00  1.55536E+00  1.55323E+00  1.55128E+00  1.54900E+00
  1.54689E+00  1.54371E+00  1.54238E+00  1.53994E+00  1.53486E+00  1.52930E+00
  1.52538E+00  1.52111E+00  1.51672E+00  1.51219E+00  1.50793E+00  1.50288E+00
  1.49445E+00  1.48491E+00  1.47648E+00  1.46731E+00  1.45928E+00  1.44954E+00
  1.44191E+00  1.43306E+00  1.41608E+00  1.39907E+00  1.38266E+00  1.36590E+00
  1.34915E+00  1.33347E+00  1.31788E+00  1.30225E+00  1.27166E+00  1.24194E+00
  1.21285E+00  1.18485E+00  1.15736E+00  1.13075E+00  1.10447E+00  1.07892E+00
  1.02949E+00  9.82519E-01  9.37498E-01  8.94462E-01  8.53233E-01  8.13543E-01
  7.75878E-01  7.39954E-01  6.73046E-01  6.12101E-01  5.56955E-01  5.07500E-01
  4.62208E-01  4.21656E-01  3.85585E-01  3.62634E-01  3.02684E-01  2.52103E-01
  2.10218E-01  1.74666E-01  1.44787E-01  1.19836E-01  9.90024E-02  8.33023E-02
  5.82111E-02  3.98537E-02  2.35844E-02  1.15029E-02  4.47035E-03  1.96933E-04
 -1.77055E-03 -3.53970E-03 -1.27772E-02 -9.92262E-03 -3.57372E-03  2.02713E-03
  4.84285E-03  4.60588E-03  5.16665E-03  2.04435E-03 -1.81330E-03 -1.62541E-03
 -6.11211E-03  4.75782E-04  5.43180E-03  1.98294E-03  1.19539E-03  4.20219E-03
  3.10497E-03 -9.47761E-04  5.47607E-03 -7.25665E-03  1.51466E-03
