AutoSaveFileName0120.ASC
 IFORMY    0    .00
 (6E13.7)
 IFORMT    0    .00
 (6E13.7)
 IFORMW    0    .00
 (6E13.7)
 NINTT     0   -1.00
 DOUSNQ    0    1.00
 IQUAD          1.00
 PRWT      0    1.00
 PRY       0    1.00
 IPLRES    1    3.00
 IPLRES    2    3.00
 IPRINT    1    0.00
 IPRINT    2    2.00
 IPLFIT    1    0.00
 IPLFIT    2    0.00
 LINEPG    0   50.
 NONNEG    1    1.00
 IWT       0    5.00
 NQPROG    1    5.00
 NQPROG    2    5.00
 GMNMX     1    1.848E-05
 GMNMX     2    1.848E-02
 RUSER    10    -1.00
 NG        0    200.00
 NLINF     0    0.00
 IUSER    10    4.00
 RUSER    21    1.0
 RUSER    22   -1.0
 RUSER    23    0.0
 RUSER    18         292.20372
 RUSER    17         74.99800
 RUSER    19         1.02532
 RUSER    15         1.33200
 RUSER    16         632.80000
 RUSER    25         1
 RUSER    26         0
 END       0    0.00
 NY      188
  5.00000E-07  6.25000E-07  7.50000E-07  8.75000E-07  1.00000E-06  1.12500E-06
  1.25000E-06  1.37500E-06  1.50000E-06  1.62500E-06  1.75000E-06  1.87500E-06
  2.00000E-06  2.25000E-06  2.50000E-06  2.75000E-06  3.00000E-06  3.25000E-06
  3.50000E-06  3.75000E-06  4.00000E-06  4.50000E-06  5.00000E-06  5.50000E-06
  6.00000E-06  6.50000E-06  7.00000E-06  7.50000E-06  8.00000E-06  9.00000E-06
  1.00000E-05  1.10000E-05  1.20000E-05  1.30000E-05  1.40000E-05  1.50000E-05
  1.60000E-05  1.80000E-05  2.00000E-05  2.20000E-05  2.40000E-05  2.60000E-05
  2.80000E-05  3.00000E-05  3.20000E-05  3.60000E-05  4.00000E-05  4.40000E-05
  4.80000E-05  5.20000E-05  5.60000E-05  6.00000E-05  6.40000E-05  7.20000E-05
  8.00000E-05  8.80000E-05  9.60000E-05  1.04000E-04  1.12000E-04  1.20000E-04
  1.28000E-04  1.44000E-04  1.60000E-04  1.76000E-04  1.92000E-04  2.08000E-04
  2.24000E-04  2.40000E-04  2.56000E-04  2.88000E-04  3.20000E-04  3.52000E-04
  3.84000E-04  4.16000E-04  4.48000E-04  4.80000E-04  5.12000E-04  5.76000E-04
  6.40000E-04  7.04000E-04  7.68000E-04  8.32000E-04  8.96000E-04  9.60000E-04
  1.02400E-03  1.15200E-03  1.28000E-03  1.40800E-03  1.53600E-03  1.66400E-03
  1.79200E-03  1.92000E-03  2.01600E-03  2.27200E-03  2.52800E-03  2.78400E-03
  3.04000E-03  3.29600E-03  3.55200E-03  3.80800E-03  4.06400E-03  4.57600E-03
  5.08800E-03  5.60000E-03  6.11200E-03  6.62400E-03  7.13600E-03  7.64800E-03
  8.16000E-03  9.18400E-03  1.02080E-02  1.12320E-02  1.22560E-02  1.32800E-02
  1.43040E-02  1.53280E-02  1.63520E-02  1.84000E-02  2.04480E-02  2.24960E-02
  2.45440E-02  2.65920E-02  2.86400E-02  3.06880E-02  3.27360E-02  3.68320E-02
  4.09280E-02  4.50240E-02  4.91200E-02  5.32160E-02  5.73120E-02  6.14080E-02
  6.55040E-02  7.36960E-02  8.18880E-02  9.00800E-02  9.82720E-02  1.06464E-01
  1.14656E-01  1.22848E-01  1.31040E-01  1.47424E-01  1.63808E-01  1.80192E-01
  1.96576E-01  2.12960E-01  2.29344E-01  2.45728E-01  2.62112E-01  2.94880E-01
  3.27648E-01  3.60416E-01  3.93184E-01  4.25952E-01  4.58720E-01  4.91488E-01
  5.24256E-01  5.89792E-01  6.55328E-01  7.20864E-01  7.86400E-01  8.51936E-01
  9.17472E-01  9.83008E-01  1.04854E+00  1.17962E+00  1.31069E+00  1.44176E+00
  1.57283E+00  1.70390E+00  1.83498E+00  1.96605E+00  2.09712E+00  2.35926E+00
  2.62141E+00  2.88355E+00  3.14570E+00  3.40784E+00  3.66998E+00  3.93213E+00
  4.19427E+00  4.71856E+00  5.24285E+00  5.76714E+00  6.29142E+00  6.81571E+00
  7.34000E+00  7.86429E+00
  9.93474E-01  9.91735E-01  9.91390E-01  9.87918E-01  9.83556E-01  9.83726E-01
  9.89891E-01  9.84434E-01  9.86253E-01  9.88719E-01  9.84544E-01  9.85662E-01
  9.87518E-01  9.85493E-01  9.85113E-01  9.88336E-01  9.84654E-01  9.86722E-01
  9.86462E-01  9.85113E-01  9.85023E-01  9.88057E-01  9.85966E-01  9.85292E-01
  9.84730E-01  9.85657E-01  9.87794E-01  9.85509E-01  9.84115E-01  9.87554E-01
  9.86132E-01  9.85060E-01  9.85863E-01  9.84068E-01  9.84721E-01  9.83468E-01
  9.84713E-01  9.84191E-01  9.83503E-01  9.83597E-01  9.83568E-01  9.82719E-01
  9.83193E-01  9.83106E-01  9.82138E-01  9.81152E-01  9.81417E-01  9.79801E-01
  9.78708E-01  9.77697E-01  9.77403E-01  9.77405E-01  9.75720E-01  9.75154E-01
  9.73953E-01  9.72499E-01  9.70873E-01  9.69592E-01  9.67973E-01  9.67013E-01
  9.65524E-01  9.62695E-01  9.59651E-01  9.56807E-01  9.53956E-01  9.51786E-01
  9.48834E-01  9.46190E-01  9.43300E-01  9.37989E-01  9.32835E-01  9.27758E-01
  9.22430E-01  9.16757E-01  9.11852E-01  9.06607E-01  9.01145E-01  8.91021E-01
  8.80857E-01  8.70761E-01  8.60547E-01  8.50861E-01  8.41145E-01  8.31263E-01
  8.21016E-01  8.02021E-01  7.83496E-01  7.65897E-01  7.48606E-01  7.31959E-01
  7.15576E-01  6.99842E-01  6.88482E-01  6.58726E-01  6.30288E-01  6.03689E-01
  5.78372E-01  5.54608E-01  5.31184E-01  5.08608E-01  4.86913E-01  4.46258E-01
  4.08886E-01  3.74162E-01  3.42222E-01  3.13120E-01  2.86881E-01  2.63220E-01
  2.41516E-01  2.02583E-01  1.70229E-01  1.44763E-01  1.25307E-01  1.10680E-01
  9.64783E-02  8.37229E-02  7.56891E-02  5.78624E-02  4.33055E-02  3.45348E-02
  2.88064E-02  2.49432E-02  2.45992E-02  2.46247E-02  1.94324E-02  1.44653E-02
  1.77179E-02  2.27295E-02  7.21776E-03 -5.09432E-03 -4.34844E-03  1.48773E-03
  3.56149E-03  7.12005E-03  1.19688E-02  6.21100E-04 -1.13283E-02 -1.42855E-02
 -6.39933E-03  9.57082E-04  5.10116E-03 -5.99662E-03  2.76529E-03 -1.89504E-02
 -9.99438E-03  1.81111E-03 -1.58032E-02 -3.33828E-03 -6.47794E-03 -2.42858E-03
 -2.63608E-03 -2.26142E-03  2.19924E-02 -1.21183E-02 -3.30657E-02 -1.72703E-02
 -8.63225E-03 -2.41978E-03  8.56999E-03 -1.30570E-02  5.45821E-03  1.42057E-03
  1.04234E-02  1.69665E-02  3.94547E-04 -1.30085E-02 -5.91407E-03  1.76709E-03
 -5.29833E-03  5.77036E-03  1.12638E-02  8.86081E-03  9.89975E-03 -9.08560E-03
  8.57403E-04 -2.87007E-03 -2.25743E-03  5.21844E-03  7.68491E-04 -1.43036E-03
 -5.84180E-04 -6.75549E-03  1.26856E-03 -3.71872E-03  4.73422E-03 -1.63014E-03
  4.33363E-04 -5.57080E-03
