AutoSaveFileName0025.ASC
 IFORMY    0    .00
 (6E13.7)
 IFORMT    0    .00
 (6E13.7)
 IFORMW    0    .00
 (6E13.7)
 NINTT     0   -1.00
 DOUSNQ    0    1.00
 IQUAD          1.00
 PRWT      0    1.00
 PRY       0    1.00
 IPLRES    1    3.00
 IPLRES    2    3.00
 IPRINT    1    0.00
 IPRINT    2    2.00
 IPLFIT    1    0.00
 IPLFIT    2    0.00
 LINEPG    0   50.
 NONNEG    1    1.00
 IWT       0    5.00
 NQPROG    1    5.00
 NQPROG    2    5.00
 GMNMX     1    1.464E-04
 GMNMX     2    1.464E-01
 RUSER    10    -1.00
 NG        0    200.00
 NLINF     0    0.00
 IUSER    10    4.00
 RUSER    21    1.0
 RUSER    22   -1.0
 RUSER    23    0.0
 RUSER    18         292.16172
 RUSER    17         24.99800
 RUSER    19         1.02638
 RUSER    15         1.33200
 RUSER    16         632.80000
 RUSER    25         1
 RUSER    26         0
 END       0    0.00
 NY      188
  5.00000E-07  6.25000E-07  7.50000E-07  8.75000E-07  1.00000E-06  1.12500E-06
  1.25000E-06  1.37500E-06  1.50000E-06  1.62500E-06  1.75000E-06  1.87500E-06
  2.00000E-06  2.25000E-06  2.50000E-06  2.75000E-06  3.00000E-06  3.25000E-06
  3.50000E-06  3.75000E-06  4.00000E-06  4.50000E-06  5.00000E-06  5.50000E-06
  6.00000E-06  6.50000E-06  7.00000E-06  7.50000E-06  8.00000E-06  9.00000E-06
  1.00000E-05  1.10000E-05  1.20000E-05  1.30000E-05  1.40000E-05  1.50000E-05
  1.60000E-05  1.80000E-05  2.00000E-05  2.20000E-05  2.40000E-05  2.60000E-05
  2.80000E-05  3.00000E-05  3.20000E-05  3.60000E-05  4.00000E-05  4.40000E-05
  4.80000E-05  5.20000E-05  5.60000E-05  6.00000E-05  6.40000E-05  7.20000E-05
  8.00000E-05  8.80000E-05  9.60000E-05  1.04000E-04  1.12000E-04  1.20000E-04
  1.28000E-04  1.44000E-04  1.60000E-04  1.76000E-04  1.92000E-04  2.08000E-04
  2.24000E-04  2.40000E-04  2.56000E-04  2.88000E-04  3.20000E-04  3.52000E-04
  3.84000E-04  4.16000E-04  4.48000E-04  4.80000E-04  5.12000E-04  5.76000E-04
  6.40000E-04  7.04000E-04  7.68000E-04  8.32000E-04  8.96000E-04  9.60000E-04
  1.02400E-03  1.15200E-03  1.28000E-03  1.40800E-03  1.53600E-03  1.66400E-03
  1.79200E-03  1.92000E-03  2.01600E-03  2.27200E-03  2.52800E-03  2.78400E-03
  3.04000E-03  3.29600E-03  3.55200E-03  3.80800E-03  4.06400E-03  4.57600E-03
  5.08800E-03  5.60000E-03  6.11200E-03  6.62400E-03  7.13600E-03  7.64800E-03
  8.16000E-03  9.18400E-03  1.02080E-02  1.12320E-02  1.22560E-02  1.32800E-02
  1.43040E-02  1.53280E-02  1.63520E-02  1.84000E-02  2.04480E-02  2.24960E-02
  2.45440E-02  2.65920E-02  2.86400E-02  3.06880E-02  3.27360E-02  3.68320E-02
  4.09280E-02  4.50240E-02  4.91200E-02  5.32160E-02  5.73120E-02  6.14080E-02
  6.55040E-02  7.36960E-02  8.18880E-02  9.00800E-02  9.82720E-02  1.06464E-01
  1.14656E-01  1.22848E-01  1.31040E-01  1.47424E-01  1.63808E-01  1.80192E-01
  1.96576E-01  2.12960E-01  2.29344E-01  2.45728E-01  2.62112E-01  2.94880E-01
  3.27648E-01  3.60416E-01  3.93184E-01  4.25952E-01  4.58720E-01  4.91488E-01
  5.24256E-01  5.89792E-01  6.55328E-01  7.20864E-01  7.86400E-01  8.51936E-01
  9.17472E-01  9.83008E-01  1.04854E+00  1.17962E+00  1.31069E+00  1.44176E+00
  1.57283E+00  1.70390E+00  1.83498E+00  1.96605E+00  2.09712E+00  2.35926E+00
  2.62141E+00  2.88355E+00  3.14570E+00  3.40784E+00  3.66998E+00  3.93213E+00
  4.19427E+00  4.71856E+00  5.24285E+00  5.76714E+00  6.29142E+00  6.81571E+00
  7.34000E+00  7.86429E+00
  9.97669E-01  9.96858E-01  9.97844E-01  9.96385E-01  9.96174E-01  9.95910E-01
  9.95982E-01  9.96478E-01  9.96327E-01  9.96049E-01  9.95089E-01  9.96020E-01
  9.96154E-01  9.96006E-01  9.96085E-01  9.96279E-01  9.96344E-01  9.95782E-01
  9.95132E-01  9.95475E-01  9.95746E-01  9.95854E-01  9.95864E-01  9.95943E-01
  9.95557E-01  9.95590E-01  9.95742E-01  9.95528E-01  9.95679E-01  9.95576E-01
  9.95648E-01  9.95869E-01  9.95811E-01  9.95420E-01  9.95610E-01  9.95770E-01
  9.95638E-01  9.95475E-01  9.95545E-01  9.95441E-01  9.95480E-01  9.95264E-01
  9.95254E-01  9.95283E-01  9.95233E-01  9.95089E-01  9.94990E-01  9.95041E-01
  9.94904E-01  9.94649E-01  9.94652E-01  9.94582E-01  9.94529E-01  9.94299E-01
  9.94013E-01  9.93845E-01  9.93576E-01  9.93447E-01  9.93214E-01  9.93063E-01
  9.92813E-01  9.92347E-01  9.91942E-01  9.91514E-01  9.91121E-01  9.90689E-01
  9.90244E-01  9.89848E-01  9.89395E-01  9.88607E-01  9.87729E-01  9.86901E-01
  9.86113E-01  9.85271E-01  9.84466E-01  9.83573E-01  9.82676E-01  9.81017E-01
  9.79363E-01  9.77683E-01  9.76041E-01  9.74411E-01  9.72728E-01  9.71125E-01
  9.69219E-01  9.65935E-01  9.62675E-01  9.59432E-01  9.56181E-01  9.53015E-01
  9.49832E-01  9.46652E-01  9.44789E-01  9.38509E-01  9.32297E-01  9.26079E-01
  9.19889E-01  9.13770E-01  9.07694E-01  9.01683E-01  8.95730E-01  8.83980E-01
  8.72424E-01  8.61069E-01  8.49910E-01  8.38932E-01  8.28031E-01  8.17184E-01
  8.06554E-01  7.85500E-01  7.65163E-01  7.45354E-01  7.26121E-01  7.07313E-01
  6.88712E-01  6.70583E-01  6.53175E-01  6.19736E-01  5.88283E-01  5.58637E-01
  5.30832E-01  5.04626E-01  4.80398E-01  4.57931E-01  4.36020E-01  3.96503E-01
  3.61096E-01  3.27513E-01  2.95992E-01  2.66980E-01  2.40562E-01  2.16232E-01
  1.92486E-01  1.52868E-01  1.21712E-01  9.86197E-02  7.76843E-02  5.71621E-02
  3.98887E-02  2.76018E-02  2.05313E-02  1.10265E-02  4.99522E-03 -1.63751E-03
 -5.27694E-03 -2.43388E-03 -6.88265E-03 -9.01426E-03 -2.55369E-03 -2.74875E-03
  3.50022E-04  1.11537E-03  1.15702E-02  7.74193E-03  5.50324E-03  1.17964E-02
  1.58745E-02  1.65079E-02  3.70417E-04 -9.09631E-03 -1.80210E-02 -3.87722E-02
 -3.76252E-02 -1.14565E-02 -1.82245E-02  6.40573E-03  3.38222E-02 -3.23845E-03
 -1.05612E-02 -1.35490E-02  3.60954E-02 -1.12224E-02 -9.85741E-03 -5.34406E-03
 -1.13249E-02 -1.11655E-02  4.36572E-03 -1.53980E-04 -2.60306E-02 -4.00968E-03
 -6.85546E-03 -3.15849E-02 -7.30444E-03  6.94293E-03  1.08020E-02  7.04334E-03
 -1.63021E-02  1.98203E-02
