AutoSaveFileName0282.ASC
 IFORMY    0    .00
 (6E13.7)
 IFORMT    0    .00
 (6E13.7)
 IFORMW    0    .00
 (6E13.7)
 NINTT     0   -1.00
 DOUSNQ    0    1.00
 IQUAD     0    1.00
 PRWT      0    1.00
 PRY       0    1.00
 IPLRES    1    3.00
 IPLRES    2    3.00
 IPRINT    1    0.00
 IPRINT    2    2.00
 IPLFIT    1    0.00
 IPLFIT    2    0.00
 LINEPG    0   50.
 NONNEG    1    1.00
 IWT       0    5.00
 NQPROG    1    5.00
 NQPROG    2    5.00
 GMNMX     1    2.80502E-03
 GMNMX     2    1.00693E-03
 RUSER    10    -1.00
 NG        0    500.00
 NLINF     0    1.00
 IUSER    10    4.00
 RUSER    21    1.0
 RUSER    22   -1.0
 RUSER    23    0.0
 RUSER    18         292.15934
 RUSER    17         154.99900
 RUSER    19         1.02644
 RUSER    15         1.33200
 RUSER    16         632.80000
 RUSER    25         1
 RUSER    26         0
 END       0    0.00
 NY      162
  7.50000E-07  8.75000E-07  1.00000E-06  1.12500E-06  1.25000E-06  1.37500E-06
  1.50000E-06  1.62500E-06  1.75000E-06  1.87500E-06  2.00000E-06  2.25000E-06
  2.50000E-06  2.75000E-06  3.00000E-06  3.25000E-06  3.50000E-06  3.75000E-06
  4.00000E-06  4.50000E-06  5.00000E-06  5.50000E-06  6.00000E-06  6.50000E-06
  7.00000E-06  7.50000E-06  8.00000E-06  9.00000E-06  1.00000E-05  1.10000E-05
  1.20000E-05  1.30000E-05  1.40000E-05  1.50000E-05  1.60000E-05  1.80000E-05
  2.00000E-05  2.20000E-05  2.40000E-05  2.60000E-05  2.80000E-05  3.00000E-05
  3.20000E-05  3.60000E-05  4.00000E-05  4.40000E-05  4.80000E-05  5.20000E-05
  5.60000E-05  6.00000E-05  6.40000E-05  7.20000E-05  8.00000E-05  8.80000E-05
  9.60000E-05  1.04000E-04  1.12000E-04  1.20000E-04  1.28000E-04  1.44000E-04
  1.60000E-04  1.76000E-04  1.92000E-04  2.08000E-04  2.24000E-04  2.40000E-04
  2.56000E-04  2.88000E-04  3.20000E-04  3.52000E-04  3.84000E-04  4.16000E-04
  4.48000E-04  4.80000E-04  5.12000E-04  5.76000E-04  6.40000E-04  7.04000E-04
  7.68000E-04  8.32000E-04  8.96000E-04  9.60000E-04  1.02400E-03  1.15200E-03
  1.28000E-03  1.40800E-03  1.53600E-03  1.66400E-03  1.79200E-03  1.92000E-03
  2.01600E-03  2.27200E-03  2.52800E-03  2.78400E-03  3.04000E-03  3.29600E-03
  3.55200E-03  3.80800E-03  4.06400E-03  4.57600E-03  5.08800E-03  5.60000E-03
  6.11200E-03  6.62400E-03  7.13600E-03  7.64800E-03  8.16000E-03  9.18400E-03
  1.02080E-02  1.12320E-02  1.22560E-02  1.32800E-02  1.43040E-02  1.53280E-02
  1.63520E-02  1.84000E-02  2.04480E-02  2.24960E-02  2.45440E-02  2.65920E-02
  2.86400E-02  3.06880E-02  3.27360E-02  3.68320E-02  4.09280E-02  4.50240E-02
  4.91200E-02  5.32160E-02  5.73120E-02  6.14080E-02  6.55040E-02  7.36960E-02
  8.18880E-02  9.00800E-02  9.82720E-02  1.06464E-01  1.14656E-01  1.22848E-01
  1.31040E-01  1.47424E-01  1.63808E-01  1.80192E-01  1.96576E-01  2.12960E-01
  2.29344E-01  2.45728E-01  2.62112E-01  2.94880E-01  3.27648E-01  3.60416E-01
  3.93184E-01  4.25952E-01  4.58720E-01  4.91488E-01  5.24256E-01  5.89792E-01
  6.55328E-01  7.20864E-01  7.86400E-01  8.51936E-01  9.17472E-01  9.83008E-01
  9.99113E-01  9.98455E-01  1.00000E+00  9.99076E-01  9.96445E-01  9.96132E-01
  9.96066E-01  9.94426E-01  9.94184E-01  9.92119E-01  9.90920E-01  9.89859E-01
  9.88223E-01  9.86557E-01  9.84467E-01  9.83060E-01  9.80925E-01  9.80258E-01
  9.79251E-01  9.75883E-01  9.72436E-01  9.69322E-01  9.66245E-01  9.63469E-01
  9.58556E-01  9.57037E-01  9.54039E-01  9.47586E-01  9.41475E-01  9.35526E-01
  9.29822E-01  9.23403E-01  9.17653E-01  9.11355E-01  9.05572E-01  8.93799E-01
  8.82458E-01  8.70860E-01  8.59261E-01  8.48745E-01  8.37492E-01  8.26876E-01
  8.16265E-01  7.94829E-01  7.75120E-01  7.55029E-01  7.35841E-01  7.17161E-01
  6.98898E-01  6.81129E-01  6.63852E-01  6.30577E-01  5.98833E-01  5.68463E-01
  5.40049E-01  5.12989E-01  4.87402E-01  4.62994E-01  4.40155E-01  3.96758E-01
  3.58354E-01  3.23352E-01  2.92061E-01  2.63483E-01  2.37942E-01  2.14634E-01
  1.94247E-01  1.58066E-01  1.29455E-01  1.06280E-01  8.78129E-02  7.23652E-02
  5.97105E-02  4.93106E-02  4.10827E-02  2.79649E-02  1.87200E-02  1.20215E-02
  7.22736E-03  4.42978E-03  2.76153E-03  1.96265E-03  2.06492E-03  3.17154E-03
  2.02102E-03  7.29505E-04  1.05696E-03  9.73801E-04  3.63165E-04  7.50258E-04
  9.99488E-04 -5.87700E-04  4.55067E-04 -1.20287E-04 -4.53306E-04 -2.06845E-03
 -2.12071E-03 -1.00187E-03 -9.36629E-04 -2.97593E-03 -7.45733E-05  4.55375E-05
 -1.65283E-04  9.35463E-04 -5.60998E-04 -3.39799E-04  3.50080E-04  3.15446E-04
  1.58494E-04  1.04491E-03  1.55334E-03 -1.92061E-03 -2.18919E-03  1.00251E-04
  5.41011E-04 -1.85134E-04  2.97769E-04 -3.24593E-04 -9.32095E-04 -1.52905E-03
 -9.76499E-07 -2.07213E-03 -6.52795E-04  6.87374E-04  6.77233E-05  1.15116E-04
 -2.71151E-04 -2.35275E-04  1.04092E-03  1.02879E-03  1.38926E-07 -8.97958E-05
  4.18873E-04 -1.85557E-04 -9.39722E-04 -6.42296E-05 -9.95254E-04 -1.31209E-04
  1.63159E-04 -4.21975E-05  1.03252E-04 -1.24467E-04 -8.99277E-05  3.46347E-04
 -4.71978E-04  5.25766E-05  3.35191E-04 -2.21781E-04  3.70707E-05  4.57141E-04
  1.17944E-04 -2.75432E-05  1.94263E-04 -1.28541E-04 -2.28751E-04  1.32594E-04
 -2.22937E-04  1.45038E-04 -5.68792E-05  4.57665E-04 -1.52716E-04  5.46356E-04
