AutoSaveFileName0042.ASC
 IFORMY    0    .00
 (6E13.7)
 IFORMT    0    .00
 (6E13.7)
 IFORMW    0    .00
 (6E13.7)
 NINTT     0   -1.00
 DOUSNQ    0    1.00
 IQUAD          1.00
 PRWT      0    1.00
 PRY       0    1.00
 IPLRES    1    3.00
 IPLRES    2    3.00
 IPRINT    1    0.00
 IPRINT    2    2.00
 IPLFIT    1    0.00
 IPLFIT    2    0.00
 LINEPG    0   50.
 NONNEG    1    1.00
 IWT       0    5.00
 NQPROG    1    5.00
 NQPROG    2    5.00
 GMNMX     1    1.104E-04
 GMNMX     2    1.104E-01
 RUSER    10    -1.00
 NG        0    200.00
 NLINF     0    0.00
 IUSER    10    4.00
 RUSER    21    1.0
 RUSER    22   -1.0
 RUSER    23    0.0
 RUSER    18         291.83296
 RUSER    17         28.99900
 RUSER    19         1.03478
 RUSER    15         1.33200
 RUSER    16         632.80000
 RUSER    25         1
 RUSER    26         0
 END       0    0.00
 NY      131
  3.75000E-07  5.00000E-07  6.25000E-07  7.50000E-07  8.75000E-07  1.00000E-06
  1.12500E-06  1.25000E-06  1.37500E-06  1.50000E-06  1.62500E-06  1.75000E-06
  1.87500E-06  2.00000E-06  2.25000E-06  2.50000E-06  2.75000E-06  3.00000E-06
  3.25000E-06  3.50000E-06  3.75000E-06  4.00000E-06  4.50000E-06  5.00000E-06
  5.50000E-06  6.00000E-06  6.50000E-06  7.00000E-06  7.50000E-06  8.00000E-06
  9.00000E-06  1.00000E-05  1.10000E-05  1.20000E-05  1.30000E-05  1.40000E-05
  1.50000E-05  1.60000E-05  1.80000E-05  2.00000E-05  2.20000E-05  2.40000E-05
  2.60000E-05  2.80000E-05  3.00000E-05  3.20000E-05  3.60000E-05  4.00000E-05
  4.40000E-05  4.80000E-05  5.20000E-05  5.60000E-05  6.00000E-05  6.40000E-05
  7.20000E-05  8.00000E-05  8.80000E-05  9.60000E-05  1.04000E-04  1.12000E-04
  1.20000E-04  1.28000E-04  1.44000E-04  1.60000E-04  1.76000E-04  1.92000E-04
  2.08000E-04  2.24000E-04  2.40000E-04  2.56000E-04  2.88000E-04  3.20000E-04
  3.52000E-04  3.84000E-04  4.16000E-04  4.48000E-04  4.80000E-04  5.12000E-04
  5.76000E-04  6.40000E-04  7.04000E-04  7.68000E-04  8.32000E-04  8.96000E-04
  9.60000E-04  1.02400E-03  1.15200E-03  1.28000E-03  1.40800E-03  1.53600E-03
  1.66400E-03  1.79200E-03  1.92000E-03  2.01600E-03  2.27200E-03  2.52800E-03
  2.78400E-03  3.04000E-03  3.29600E-03  3.55200E-03  3.80800E-03  4.06400E-03
  4.57600E-03  5.08800E-03  5.60000E-03  6.11200E-03  6.62400E-03  7.13600E-03
  7.64800E-03  8.16000E-03  9.18400E-03  1.02080E-02  1.12320E-02  1.22560E-02
  1.32800E-02  1.43040E-02  1.53280E-02  1.63520E-02  1.84000E-02  2.04480E-02
  2.24960E-02  2.45440E-02  2.65920E-02  2.86400E-02  3.06880E-02  3.27360E-02
  3.68320E-02  4.09280E-02  4.50240E-02  4.91200E-02  5.32160E-02
  8.59496E-01  8.56028E-01  8.54626E-01  8.56050E-01  8.57140E-01  8.56561E-01
  8.56001E-01  8.56287E-01  8.57702E-01  8.54640E-01  8.57312E-01  8.51497E-01
  8.53529E-01  8.54985E-01  8.55276E-01  8.54083E-01  8.54758E-01  8.53930E-01
  8.54083E-01  8.52835E-01  8.55702E-01  8.55374E-01  8.53748E-01  8.55238E-01
  8.54786E-01  8.55886E-01  8.54013E-01  8.53726E-01  8.55352E-01  8.54920E-01
  8.54945E-01  8.53702E-01  8.55200E-01  8.53307E-01  8.55575E-01  8.53572E-01
  8.54600E-01  8.53864E-01  8.54446E-01  8.53842E-01  8.53608E-01  8.53303E-01
  8.52978E-01  8.53909E-01  8.53100E-01  8.52526E-01  8.52640E-01  8.52654E-01
  8.52595E-01  8.52387E-01  8.52432E-01  8.51854E-01  8.51677E-01  8.51418E-01
  8.51836E-01  8.50573E-01  8.50543E-01  8.49950E-01  8.49854E-01  8.49807E-01
  8.49096E-01  8.48422E-01  8.47423E-01  8.46560E-01  8.46188E-01  8.45114E-01
  8.44144E-01  8.43529E-01  8.42989E-01  8.41669E-01  8.40154E-01  8.38762E-01
  8.37078E-01  8.35396E-01  8.33869E-01  8.32391E-01  8.30819E-01  8.28637E-01
  8.25360E-01  8.22339E-01  8.19166E-01  8.16017E-01  8.12882E-01  8.09764E-01
  8.06857E-01  7.43796E-01  7.38014E-01  7.32355E-01  7.26668E-01  7.21045E-01
  7.15447E-01  7.09768E-01  7.04214E-01  7.54089E-01  7.42466E-01  7.30915E-01
  7.19799E-01  7.08687E-01  6.97819E-01  6.86834E-01  6.76118E-01  6.65850E-01
  6.45888E-01  6.26926E-01  6.08562E-01  5.91016E-01  5.74178E-01  5.57878E-01
  5.42067E-01  5.26725E-01  4.97755E-01  4.71092E-01  4.45579E-01  4.21168E-01
  3.98345E-01  3.77613E-01  3.58472E-01  3.41035E-01  3.06421E-01  2.76231E-01
  2.49266E-01  2.24141E-01  1.98535E-01  1.71042E-01  1.47575E-01  1.30452E-01
  9.94957E-02  7.75382E-02  6.29241E-02  5.50517E-02  5.00574E-02
