AutoSaveFileName0023.ASC
 IFORMY    0    .00
 (6E13.7)
 IFORMT    0    .00
 (6E13.7)
 IFORMW    0    .00
 (6E13.7)
 NINTT     0   -1.00
 DOUSNQ    0    1.00
 IQUAD          1.00
 PRWT      0    1.00
 PRY       0    1.00
 IPLRES    1    3.00
 IPLRES    2    3.00
 IPRINT    1    0.00
 IPRINT    2    2.00
 IPLFIT    1    0.00
 IPLFIT    2    0.00
 LINEPG    0   50.
 NONNEG    1    1.00
 IWT       0    5.00
 NQPROG    1    5.00
 NQPROG    2    5.00
 GMNMX     1    1.902E-04
 GMNMX     2    1.902E-01
 RUSER    10    -1.00
 NG        0    200.00
 NLINF     0    0.00
 IUSER    10    4.00
 RUSER    21    1.0
 RUSER    22   -1.0
 RUSER    23    0.0
 RUSER    18         291.81326
 RUSER    17         21.99900
 RUSER    19         1.03528
 RUSER    15         1.33200
 RUSER    16         632.80000
 RUSER    25         1
 RUSER    26         0
 END       0    0.00
 NY      131
  3.75000E-07  5.00000E-07  6.25000E-07  7.50000E-07  8.75000E-07  1.00000E-06
  1.12500E-06  1.25000E-06  1.37500E-06  1.50000E-06  1.62500E-06  1.75000E-06
  1.87500E-06  2.00000E-06  2.25000E-06  2.50000E-06  2.75000E-06  3.00000E-06
  3.25000E-06  3.50000E-06  3.75000E-06  4.00000E-06  4.50000E-06  5.00000E-06
  5.50000E-06  6.00000E-06  6.50000E-06  7.00000E-06  7.50000E-06  8.00000E-06
  9.00000E-06  1.00000E-05  1.10000E-05  1.20000E-05  1.30000E-05  1.40000E-05
  1.50000E-05  1.60000E-05  1.80000E-05  2.00000E-05  2.20000E-05  2.40000E-05
  2.60000E-05  2.80000E-05  3.00000E-05  3.20000E-05  3.60000E-05  4.00000E-05
  4.40000E-05  4.80000E-05  5.20000E-05  5.60000E-05  6.00000E-05  6.40000E-05
  7.20000E-05  8.00000E-05  8.80000E-05  9.60000E-05  1.04000E-04  1.12000E-04
  1.20000E-04  1.28000E-04  1.44000E-04  1.60000E-04  1.76000E-04  1.92000E-04
  2.08000E-04  2.24000E-04  2.40000E-04  2.56000E-04  2.88000E-04  3.20000E-04
  3.52000E-04  3.84000E-04  4.16000E-04  4.48000E-04  4.80000E-04  5.12000E-04
  5.76000E-04  6.40000E-04  7.04000E-04  7.68000E-04  8.32000E-04  8.96000E-04
  9.60000E-04  1.02400E-03  1.15200E-03  1.28000E-03  1.40800E-03  1.53600E-03
  1.66400E-03  1.79200E-03  1.92000E-03  2.01600E-03  2.27200E-03  2.52800E-03
  2.78400E-03  3.04000E-03  3.29600E-03  3.55200E-03  3.80800E-03  4.06400E-03
  4.57600E-03  5.08800E-03  5.60000E-03  6.11200E-03  6.62400E-03  7.13600E-03
  7.64800E-03  8.16000E-03  9.18400E-03  1.02080E-02  1.12320E-02  1.22560E-02
  1.32800E-02  1.43040E-02  1.53280E-02  1.63520E-02  1.84000E-02  2.04480E-02
  2.24960E-02  2.45440E-02  2.65920E-02  2.86400E-02  3.06880E-02  3.27360E-02
  3.68320E-02  4.09280E-02  4.50240E-02  4.91200E-02  5.32160E-02
  2.21344E+00  2.20846E+00  2.20498E+00  2.20386E+00  2.20593E+00  2.20428E+00
  2.20439E+00  2.20305E+00  2.20482E+00  2.20409E+00  2.20482E+00  2.20529E+00
  2.20221E+00  2.20303E+00  2.20362E+00  2.20167E+00  2.20324E+00  2.20236E+00
  2.20375E+00  2.20297E+00  2.20294E+00  2.20316E+00  2.20191E+00  2.20208E+00
  2.20274E+00  2.20294E+00  2.20242E+00  2.20196E+00  2.20210E+00  2.20201E+00
  2.20238E+00  2.20238E+00  2.20167E+00  2.20134E+00  2.20223E+00  2.20236E+00
  2.20131E+00  2.20199E+00  2.20138E+00  2.20161E+00  2.20053E+00  2.20128E+00
  2.20039E+00  2.20090E+00  2.20117E+00  2.20054E+00  2.20058E+00  2.20019E+00
  2.19967E+00  2.19888E+00  2.19897E+00  2.19838E+00  2.19778E+00  2.19788E+00
  2.19712E+00  2.19616E+00  2.19599E+00  2.19508E+00  2.19465E+00  2.19410E+00
  2.19305E+00  2.19258E+00  2.19120E+00  2.18962E+00  2.18854E+00  2.18717E+00
  2.18575E+00  2.18448E+00  2.18281E+00  2.18159E+00  2.17882E+00  2.17619E+00
  2.17363E+00  2.17076E+00  2.16824E+00  2.16562E+00  2.16296E+00  2.15355E+00
  2.14838E+00  2.14300E+00  2.13780E+00  2.13255E+00  2.12731E+00  2.12234E+00
  2.11726E+00  2.11173E+00  2.10153E+00  2.09144E+00  2.08138E+00  2.07137E+00
  2.06129E+00  2.05139E+00  2.04147E+00  2.03445E+00  2.01471E+00  1.99529E+00
  1.97594E+00  1.95658E+00  1.93753E+00  1.91856E+00  1.89988E+00  1.88147E+00
  1.84538E+00  1.81005E+00  1.77556E+00  1.74195E+00  1.70920E+00  1.67720E+00
  1.64616E+00  1.61594E+00  1.55688E+00  1.50071E+00  1.44723E+00  1.39556E+00
  1.34640E+00  1.30010E+00  1.25554E+00  1.21371E+00  1.12905E+00  1.05341E+00
  9.85140E-01  9.21233E-01  8.60985E-01  8.04607E-01  7.52019E-01  7.05282E-01
  6.18551E-01  5.42785E-01  4.73804E-01  4.13399E-01  3.59273E-01
