AutoSaveFileName0277.ASC
 IFORMY    0    .00
 (6E13.7)
 IFORMT    0    .00
 (6E13.7)
 IFORMW    0    .00
 (6E13.7)
 NINTT     0   -1.00
 DOUSNQ    0    1.00
 IQUAD          1.00
 PRWT      0    1.00
 PRY       0    1.00
 IPLRES    1    3.00
 IPLRES    2    3.00
 IPRINT    1    0.00
 IPRINT    2    2.00
 IPLFIT    1    0.00
 IPLFIT    2    0.00
 LINEPG    0   50.
 NONNEG    1    1.00
 IWT       0    5.00
 NQPROG    1    5.00
 NQPROG    2    5.00
 GMNMX     1    7.328E-06
 GMNMX     2    7.328E-03
 RUSER    10    -1.00
 NG        0    200.00
 NLINF     0    0.00
 IUSER    10    4.00
 RUSER    21    1.0
 RUSER    22   -1.0
 RUSER    23    0.0
 RUSER    18         292.25355
 RUSER    17         149.99900
 RUSER    19         1.02405
 RUSER    15         1.33200
 RUSER    16         632.80000
 RUSER    25         1
 RUSER    26         0
 END       0    0.00
 NY      188
  5.00000E-07  6.25000E-07  7.50000E-07  8.75000E-07  1.00000E-06  1.12500E-06
  1.25000E-06  1.37500E-06  1.50000E-06  1.62500E-06  1.75000E-06  1.87500E-06
  2.00000E-06  2.25000E-06  2.50000E-06  2.75000E-06  3.00000E-06  3.25000E-06
  3.50000E-06  3.75000E-06  4.00000E-06  4.50000E-06  5.00000E-06  5.50000E-06
  6.00000E-06  6.50000E-06  7.00000E-06  7.50000E-06  8.00000E-06  9.00000E-06
  1.00000E-05  1.10000E-05  1.20000E-05  1.30000E-05  1.40000E-05  1.50000E-05
  1.60000E-05  1.80000E-05  2.00000E-05  2.20000E-05  2.40000E-05  2.60000E-05
  2.80000E-05  3.00000E-05  3.20000E-05  3.60000E-05  4.00000E-05  4.40000E-05
  4.80000E-05  5.20000E-05  5.60000E-05  6.00000E-05  6.40000E-05  7.20000E-05
  8.00000E-05  8.80000E-05  9.60000E-05  1.04000E-04  1.12000E-04  1.20000E-04
  1.28000E-04  1.44000E-04  1.60000E-04  1.76000E-04  1.92000E-04  2.08000E-04
  2.24000E-04  2.40000E-04  2.56000E-04  2.88000E-04  3.20000E-04  3.52000E-04
  3.84000E-04  4.16000E-04  4.48000E-04  4.80000E-04  5.12000E-04  5.76000E-04
  6.40000E-04  7.04000E-04  7.68000E-04  8.32000E-04  8.96000E-04  9.60000E-04
  1.02400E-03  1.15200E-03  1.28000E-03  1.40800E-03  1.53600E-03  1.66400E-03
  1.79200E-03  1.92000E-03  2.01600E-03  2.27200E-03  2.52800E-03  2.78400E-03
  3.04000E-03  3.29600E-03  3.55200E-03  3.80800E-03  4.06400E-03  4.57600E-03
  5.08800E-03  5.60000E-03  6.11200E-03  6.62400E-03  7.13600E-03  7.64800E-03
  8.16000E-03  9.18400E-03  1.02080E-02  1.12320E-02  1.22560E-02  1.32800E-02
  1.43040E-02  1.53280E-02  1.63520E-02  1.84000E-02  2.04480E-02  2.24960E-02
  2.45440E-02  2.65920E-02  2.86400E-02  3.06880E-02  3.27360E-02  3.68320E-02
  4.09280E-02  4.50240E-02  4.91200E-02  5.32160E-02  5.73120E-02  6.14080E-02
  6.55040E-02  7.36960E-02  8.18880E-02  9.00800E-02  9.82720E-02  1.06464E-01
  1.14656E-01  1.22848E-01  1.31040E-01  1.47424E-01  1.63808E-01  1.80192E-01
  1.96576E-01  2.12960E-01  2.29344E-01  2.45728E-01  2.62112E-01  2.94880E-01
  3.27648E-01  3.60416E-01  3.93184E-01  4.25952E-01  4.58720E-01  4.91488E-01
  5.24256E-01  5.89792E-01  6.55328E-01  7.20864E-01  7.86400E-01  8.51936E-01
  9.17472E-01  9.83008E-01  1.04854E+00  1.17962E+00  1.31069E+00  1.44176E+00
  1.57283E+00  1.70390E+00  1.83498E+00  1.96605E+00  2.09712E+00  2.35926E+00
  2.62141E+00  2.88355E+00  3.14570E+00  3.40784E+00  3.66998E+00  3.93213E+00
  4.19427E+00  4.71856E+00  5.24285E+00  5.76714E+00  6.29142E+00  6.81571E+00
  7.34000E+00  7.86429E+00
  9.96859E-01  9.93566E-01  9.92475E-01  9.90603E-01  9.91007E-01  9.90315E-01
  9.93241E-01  9.87279E-01  9.89624E-01  9.88128E-01  9.90250E-01  9.89788E-01
  9.87998E-01  9.89031E-01  9.88544E-01  9.87803E-01  9.88074E-01  9.87863E-01
  9.88400E-01  9.89514E-01  9.89180E-01  9.87572E-01  9.87996E-01  9.88026E-01
  9.88590E-01  9.86117E-01  9.86884E-01  9.86763E-01  9.86859E-01  9.85977E-01
  9.85255E-01  9.84121E-01  9.84084E-01  9.84528E-01  9.82865E-01  9.82746E-01
  9.82453E-01  9.80963E-01  9.80691E-01  9.80215E-01  9.78743E-01  9.78536E-01
  9.78154E-01  9.76921E-01  9.75758E-01  9.74271E-01  9.72377E-01  9.70909E-01
  9.68437E-01  9.66464E-01  9.65160E-01  9.63103E-01  9.61763E-01  9.58375E-01
  9.54820E-01  9.51070E-01  9.47527E-01  9.43716E-01  9.40681E-01  9.37152E-01
  9.33742E-01  9.26990E-01  9.19834E-01  9.13091E-01  9.06435E-01  8.99819E-01
  8.93256E-01  8.86568E-01  8.79948E-01  8.67278E-01  8.54545E-01  8.41711E-01
  8.29469E-01  8.17241E-01  8.05206E-01  7.93489E-01  7.81728E-01  7.58954E-01
  7.36842E-01  7.15604E-01  6.94940E-01  6.75024E-01  6.55712E-01  6.36974E-01
  6.18380E-01  5.84039E-01  5.51816E-01  5.21822E-01  4.93902E-01  4.67613E-01
  4.42798E-01  4.19255E-01  4.03180E-01  3.62168E-01  3.26023E-01  2.93928E-01
  2.65299E-01  2.39966E-01  2.17340E-01  1.97526E-01  1.80491E-01  1.49955E-01
  1.25117E-01  1.06120E-01  9.12552E-02  7.87084E-02  6.80759E-02  5.97487E-02
  5.34759E-02  4.29797E-02  3.48890E-02  2.77733E-02  2.23584E-02  1.94114E-02
  1.89860E-02  1.92966E-02  2.04684E-02  1.79598E-02  1.23466E-02  7.66326E-03
  6.48027E-03  9.16968E-03  8.33417E-03  5.77521E-03  6.68340E-03  1.17592E-02
  7.56056E-03  5.83341E-03  1.80438E-03 -2.43761E-03 -2.28351E-03  1.82966E-03
  1.06175E-04 -2.08190E-03  1.91169E-03  1.73279E-03  7.79327E-04  2.46869E-03
 -3.59801E-04 -2.80296E-03 -4.49245E-03 -3.04757E-03 -6.89324E-04  3.12045E-04
  1.79557E-03 -2.48288E-03  2.11376E-03 -1.66950E-03 -4.37807E-04  3.94948E-03
 -1.63297E-03  2.19503E-03 -2.56350E-03  1.01474E-03  4.65574E-04  1.18719E-03
  3.48212E-04 -5.41688E-04  3.64184E-03  3.03532E-04 -3.91645E-03 -9.95479E-04
 -2.04984E-03 -2.32520E-03 -1.10443E-03 -3.60445E-04 -4.77711E-05 -2.32796E-03
 -9.87822E-04 -3.67733E-05 -9.71786E-04 -1.56029E-03 -1.21615E-03  1.53940E-03
  3.11348E-04  1.18685E-03  2.33753E-03 -6.52686E-04 -6.48932E-04 -1.85717E-03
 -2.25251E-04 -2.86596E-04 -2.64885E-04  1.15440E-04 -9.84130E-04 -8.51382E-04
  1.98505E-04  3.16236E-04
