AutoSaveFileName0232.ASC
 IFORMY    0    .00
 (6E13.7)
 IFORMT    0    .00
 (6E13.7)
 IFORMW    0    .00
 (6E13.7)
 NINTT     0   -1.00
 DOUSNQ    0    1.00
 IQUAD          1.00
 PRWT      0    1.00
 PRY       0    1.00
 IPLRES    1    3.00
 IPLRES    2    3.00
 IPRINT    1    0.00
 IPRINT    2    2.00
 IPLFIT    1    0.00
 IPLFIT    2    0.00
 LINEPG    0   50.
 NONNEG    1    1.00
 IWT       0    5.00
 NQPROG    1    5.00
 NQPROG    2    5.00
 GMNMX     1    8.327E-06
 GMNMX     2    8.327E-03
 RUSER    10    -1.00
 NG        0    200.00
 NLINF     0    0.00
 IUSER    10    4.00
 RUSER    21    1.0
 RUSER    22   -1.0
 RUSER    23    0.0
 RUSER    18         292.24207
 RUSER    17         129.99900
 RUSER    19         1.02435
 RUSER    15         1.33200
 RUSER    16         632.80000
 RUSER    25         1
 RUSER    26         0
 END       0    0.00
 NY      188
  5.00000E-07  6.25000E-07  7.50000E-07  8.75000E-07  1.00000E-06  1.12500E-06
  1.25000E-06  1.37500E-06  1.50000E-06  1.62500E-06  1.75000E-06  1.87500E-06
  2.00000E-06  2.25000E-06  2.50000E-06  2.75000E-06  3.00000E-06  3.25000E-06
  3.50000E-06  3.75000E-06  4.00000E-06  4.50000E-06  5.00000E-06  5.50000E-06
  6.00000E-06  6.50000E-06  7.00000E-06  7.50000E-06  8.00000E-06  9.00000E-06
  1.00000E-05  1.10000E-05  1.20000E-05  1.30000E-05  1.40000E-05  1.50000E-05
  1.60000E-05  1.80000E-05  2.00000E-05  2.20000E-05  2.40000E-05  2.60000E-05
  2.80000E-05  3.00000E-05  3.20000E-05  3.60000E-05  4.00000E-05  4.40000E-05
  4.80000E-05  5.20000E-05  5.60000E-05  6.00000E-05  6.40000E-05  7.20000E-05
  8.00000E-05  8.80000E-05  9.60000E-05  1.04000E-04  1.12000E-04  1.20000E-04
  1.28000E-04  1.44000E-04  1.60000E-04  1.76000E-04  1.92000E-04  2.08000E-04
  2.24000E-04  2.40000E-04  2.56000E-04  2.88000E-04  3.20000E-04  3.52000E-04
  3.84000E-04  4.16000E-04  4.48000E-04  4.80000E-04  5.12000E-04  5.76000E-04
  6.40000E-04  7.04000E-04  7.68000E-04  8.32000E-04  8.96000E-04  9.60000E-04
  1.02400E-03  1.15200E-03  1.28000E-03  1.40800E-03  1.53600E-03  1.66400E-03
  1.79200E-03  1.92000E-03  2.01600E-03  2.27200E-03  2.52800E-03  2.78400E-03
  3.04000E-03  3.29600E-03  3.55200E-03  3.80800E-03  4.06400E-03  4.57600E-03
  5.08800E-03  5.60000E-03  6.11200E-03  6.62400E-03  7.13600E-03  7.64800E-03
  8.16000E-03  9.18400E-03  1.02080E-02  1.12320E-02  1.22560E-02  1.32800E-02
  1.43040E-02  1.53280E-02  1.63520E-02  1.84000E-02  2.04480E-02  2.24960E-02
  2.45440E-02  2.65920E-02  2.86400E-02  3.06880E-02  3.27360E-02  3.68320E-02
  4.09280E-02  4.50240E-02  4.91200E-02  5.32160E-02  5.73120E-02  6.14080E-02
  6.55040E-02  7.36960E-02  8.18880E-02  9.00800E-02  9.82720E-02  1.06464E-01
  1.14656E-01  1.22848E-01  1.31040E-01  1.47424E-01  1.63808E-01  1.80192E-01
  1.96576E-01  2.12960E-01  2.29344E-01  2.45728E-01  2.62112E-01  2.94880E-01
  3.27648E-01  3.60416E-01  3.93184E-01  4.25952E-01  4.58720E-01  4.91488E-01
  5.24256E-01  5.89792E-01  6.55328E-01  7.20864E-01  7.86400E-01  8.51936E-01
  9.17472E-01  9.83008E-01  1.04854E+00  1.17962E+00  1.31069E+00  1.44176E+00
  1.57283E+00  1.70390E+00  1.83498E+00  1.96605E+00  2.09712E+00  2.35926E+00
  2.62141E+00  2.88355E+00  3.14570E+00  3.40784E+00  3.66998E+00  3.93213E+00
  4.19427E+00  4.71856E+00  5.24285E+00  5.76714E+00  6.29142E+00  6.81571E+00
  7.34000E+00  7.86429E+00
  9.94175E-01  9.94520E-01  9.92325E-01  9.93762E-01  9.93842E-01  9.90464E-01
  9.92153E-01  9.93240E-01  9.92372E-01  9.90076E-01  9.90952E-01  9.91626E-01
  9.91778E-01  9.92102E-01  9.89419E-01  9.92014E-01  9.88598E-01  9.90868E-01
  9.88345E-01  9.90270E-01  9.90982E-01  9.88758E-01  9.88404E-01  9.87418E-01
  9.88884E-01  9.89604E-01  9.88623E-01  9.88316E-01  9.88884E-01  9.88307E-01
  9.87423E-01  9.86942E-01  9.86407E-01  9.86972E-01  9.85704E-01  9.85847E-01
  9.85519E-01  9.84402E-01  9.83703E-01  9.83219E-01  9.82018E-01  9.81058E-01
  9.80919E-01  9.79259E-01  9.78767E-01  9.77764E-01  9.75843E-01  9.74399E-01
  9.72427E-01  9.71484E-01  9.69563E-01  9.68346E-01  9.66674E-01  9.63291E-01
  9.60490E-01  9.57158E-01  9.54100E-01  9.51405E-01  9.47980E-01  9.44598E-01
  9.41797E-01  9.35689E-01  9.29274E-01  9.23470E-01  9.17404E-01  9.11473E-01
  9.05656E-01  8.99781E-01  8.94001E-01  8.82557E-01  8.71121E-01  8.59807E-01
  8.48856E-01  8.37925E-01  8.27146E-01  8.16919E-01  8.06381E-01  7.85964E-01
  7.66298E-01  7.46926E-01  7.28325E-01  7.10112E-01  6.92396E-01  6.75568E-01
  6.58985E-01  6.26964E-01  5.96843E-01  5.68251E-01  5.41142E-01  5.15566E-01
  4.91342E-01  4.68146E-01  4.51950E-01  4.11128E-01  3.74114E-01  3.40808E-01
  3.11285E-01  2.84601E-01  2.60395E-01  2.38457E-01  2.18921E-01  1.85156E-01
  1.58220E-01  1.36539E-01  1.18439E-01  1.04301E-01  9.31178E-02  8.22753E-02
  7.31573E-02  5.61398E-02  4.13367E-02  3.09179E-02  2.43571E-02  1.98468E-02
  1.48875E-02  7.68016E-03  4.01046E-03  2.70894E-03  3.38744E-03  2.03320E-03
 -1.88194E-03 -6.66318E-03 -1.42880E-02 -1.73018E-02 -1.60462E-02 -9.19641E-03
 -1.63723E-03  5.77455E-03  1.99863E-04  1.49245E-03 -2.37089E-03 -3.97524E-03
 -5.17967E-03 -5.08582E-03  9.98092E-04  2.17911E-03  6.50211E-03 -1.86002E-03
 -3.99888E-03 -5.89801E-03  7.53657E-04  6.02799E-03  1.26843E-02  6.10318E-03
 -1.77889E-03  1.32225E-04  2.48812E-03  3.69565E-03  1.82767E-03 -5.42738E-03
  3.84286E-03 -3.80444E-03 -4.42473E-03 -9.85194E-04  7.29509E-04  7.62865E-04
  2.03162E-04 -3.60875E-03 -2.77948E-03  5.29053E-04 -1.84816E-03 -3.32450E-03
 -3.62472E-04 -1.13863E-03  7.20175E-04  1.53814E-04  9.94377E-04 -3.30745E-03
 -1.70914E-03 -5.45729E-04 -2.04964E-03  5.07483E-04  1.04556E-03  1.38063E-04
 -2.04004E-03  9.17665E-05 -3.56323E-04 -1.34199E-03 -4.07686E-03 -1.85609E-03
  2.19732E-03 -9.61467E-04  9.38018E-04 -1.80643E-03 -1.14406E-03  1.46934E-03
 -1.25017E-04  1.70231E-03
