AutoSaveFileName0169.ASC
 IFORMY    0    .00
 (6E13.7)
 IFORMT    0    .00
 (6E13.7)
 IFORMW    0    .00
 (6E13.7)
 NINTT     0   -1.00
 DOUSNQ    0    1.00
 IQUAD          1.00
 PRWT      0    1.00
 PRY       0    1.00
 IPLRES    1    3.00
 IPLRES    2    3.00
 IPRINT    1    0.00
 IPRINT    2    2.00
 IPLFIT    1    0.00
 IPLFIT    2    0.00
 LINEPG    0   50.
 NONNEG    1    1.00
 IWT       0    5.00
 NQPROG    1    5.00
 NQPROG    2    5.00
 GMNMX     1    1.266E-05
 GMNMX     2    3.798E-03
 RUSER    10    -1.00
 NG        0    200.00
 NLINF     0    0.00
 IUSER    10    4.00
 RUSER    21    1.0
 RUSER    22   -1.0
 RUSER    23    0.0
 RUSER    18         292.02859
 RUSER    17         94.99900
 RUSER    19         0.00103
 RUSER    15         1.33200
 RUSER    16         0.00000
 RUSER    25         1
 RUSER    26         0
 END       0    0.00
 NY      131
  3.75000E-07  5.00000E-07  6.25000E-07  7.50000E-07  8.75000E-07  1.00000E-06
  1.12500E-06  1.25000E-06  1.37500E-06  1.50000E-06  1.62500E-06  1.75000E-06
  1.87500E-06  2.00000E-06  2.25000E-06  2.50000E-06  2.75000E-06  3.00000E-06
  3.25000E-06  3.50000E-06  3.75000E-06  4.00000E-06  4.50000E-06  5.00000E-06
  5.50000E-06  6.00000E-06  6.50000E-06  7.00000E-06  7.50000E-06  8.00000E-06
  9.00000E-06  1.00000E-05  1.10000E-05  1.20000E-05  1.30000E-05  1.40000E-05
  1.50000E-05  1.60000E-05  1.80000E-05  2.00000E-05  2.20000E-05  2.40000E-05
  2.60000E-05  2.80000E-05  3.00000E-05  3.20000E-05  3.60000E-05  4.00000E-05
  4.40000E-05  4.80000E-05  5.20000E-05  5.60000E-05  6.00000E-05  6.40000E-05
  7.20000E-05  8.00000E-05  8.80000E-05  9.60000E-05  1.04000E-04  1.12000E-04
  1.20000E-04  1.28000E-04  1.44000E-04  1.60000E-04  1.76000E-04  1.92000E-04
  2.08000E-04  2.24000E-04  2.40000E-04  2.56000E-04  2.88000E-04  3.20000E-04
  3.52000E-04  3.84000E-04  4.16000E-04  4.48000E-04  4.80000E-04  5.12000E-04
  5.76000E-04  6.40000E-04  7.04000E-04  7.68000E-04  8.32000E-04  8.96000E-04
  9.60000E-04  1.02400E-03  1.15200E-03  1.28000E-03  1.40800E-03  1.53600E-03
  1.66400E-03  1.79200E-03  1.92000E-03  2.01600E-03  2.27200E-03  2.52800E-03
  2.78400E-03  3.04000E-03  3.29600E-03  3.55200E-03  3.80800E-03  4.06400E-03
  4.57600E-03  5.08800E-03  5.60000E-03  6.11200E-03  6.62400E-03  7.13600E-03
  7.64800E-03  8.16000E-03  9.18400E-03  1.02080E-02  1.12320E-02  1.22560E-02
  1.32800E-02  1.43040E-02  1.53280E-02  1.63520E-02  1.84000E-02  2.04480E-02
  2.24960E-02  2.45440E-02  2.65920E-02  2.86400E-02  3.06880E-02  3.27360E-02
  3.68320E-02  4.09280E-02  4.50240E-02  4.91200E-02  5.32160E-02
  9.56027E+00  9.52763E+00  9.50423E+00  9.48379E+00  9.46593E+00  9.47938E+00
  9.45198E+00  9.44953E+00  9.42935E+00  9.43008E+00  9.44246E+00  9.42554E+00
  9.40505E+00  9.41666E+00  9.40171E+00  9.41061E+00  9.38387E+00  9.39246E+00
  9.37680E+00  9.36576E+00  9.35360E+00  9.35693E+00  9.34024E+00  9.32331E+00
  9.31402E+00  9.28524E+00  9.27704E+00  9.26970E+00  9.26114E+00  9.23510E+00
  9.20666E+00  9.17469E+00  9.14214E+00  9.11737E+00  9.08947E+00  9.05904E+00
  9.03044E+00  9.00386E+00  8.94483E+00  8.89018E+00  8.82963E+00  8.76897E+00
  8.71541E+00  8.66046E+00  8.60387E+00  8.55223E+00  8.43859E+00  8.33378E+00
  8.23075E+00  8.12092E+00  8.02365E+00  7.91820E+00  7.81528E+00  7.71950E+00
  7.52838E+00  7.34185E+00  7.16338E+00  6.98429E+00  6.81471E+00  6.64847E+00
  6.48802E+00  6.33310E+00  6.02933E+00  5.74895E+00  5.48230E+00  5.23008E+00
  4.99520E+00  4.77138E+00  4.56451E+00  4.36812E+00  4.00124E+00  3.67621E+00
  3.38647E+00  3.12827E+00  2.89798E+00  2.69411E+00  2.50998E+00  2.35258E+00
  2.07683E+00  1.85595E+00  1.68387E+00  1.54629E+00  1.44002E+00  1.35587E+00
  1.29015E+00  1.23731E+00  1.15355E+00  1.09675E+00  1.05793E+00  1.03389E+00
  1.02119E+00  1.01219E+00  1.00517E+00  1.00205E+00  9.96810E-01  9.95477E-01
  9.89858E-01  9.93837E-01  1.00154E+00  1.00323E+00  9.99394E-01  1.00349E+00
  1.01079E+00  9.99893E-01  1.00293E+00  1.00652E+00  1.00557E+00  1.00332E+00
  1.00009E+00  1.00174E+00  1.00335E+00  9.99205E-01  9.94785E-01  1.00401E+00
  1.00264E+00  9.95235E-01  9.99353E-01  9.97523E-01  1.00042E+00  1.00042E+00
  9.89538E-01  1.00385E+00  1.00392E+00  9.90465E-01  9.98251E-01  1.00101E+00
  1.00470E+00  1.00407E+00  1.00616E+00  1.00076E+00  9.94765E-01
