AutoSaveFileName0145.ASC
 IFORMY    0    .00
 (6E13.7)
 IFORMT    0    .00
 (6E13.7)
 IFORMW    0    .00
 (6E13.7)
 NINTT     0   -1.00
 DOUSNQ    0    1.00
 IQUAD          1.00
 PRWT      0    1.00
 PRY       0    1.00
 IPLRES    1    3.00
 IPLRES    2    3.00
 IPRINT    1    0.00
 IPRINT    2    2.00
 IPLFIT    1    0.00
 IPLFIT    2    0.00
 LINEPG    0   50.
 NONNEG    1    1.00
 IWT       0    5.00
 NQPROG    1    5.00
 NQPROG    2    5.00
 GMNMX     1    1.500E-05
 GMNMX     2    1.500E-02
 RUSER    10    -1.00
 NG        0    200.00
 NLINF     0    0.00
 IUSER    10    4.00
 RUSER    21    1.0
 RUSER    22   -1.0
 RUSER    23    0.0
 RUSER    18         292.21314
 RUSER    17         84.99800
 RUSER    19         1.02508
 RUSER    15         1.33200
 RUSER    16         632.80000
 RUSER    25         1
 RUSER    26         0
 END       0    0.00
 NY      188
  5.00000E-07  6.25000E-07  7.50000E-07  8.75000E-07  1.00000E-06  1.12500E-06
  1.25000E-06  1.37500E-06  1.50000E-06  1.62500E-06  1.75000E-06  1.87500E-06
  2.00000E-06  2.25000E-06  2.50000E-06  2.75000E-06  3.00000E-06  3.25000E-06
  3.50000E-06  3.75000E-06  4.00000E-06  4.50000E-06  5.00000E-06  5.50000E-06
  6.00000E-06  6.50000E-06  7.00000E-06  7.50000E-06  8.00000E-06  9.00000E-06
  1.00000E-05  1.10000E-05  1.20000E-05  1.30000E-05  1.40000E-05  1.50000E-05
  1.60000E-05  1.80000E-05  2.00000E-05  2.20000E-05  2.40000E-05  2.60000E-05
  2.80000E-05  3.00000E-05  3.20000E-05  3.60000E-05  4.00000E-05  4.40000E-05
  4.80000E-05  5.20000E-05  5.60000E-05  6.00000E-05  6.40000E-05  7.20000E-05
  8.00000E-05  8.80000E-05  9.60000E-05  1.04000E-04  1.12000E-04  1.20000E-04
  1.28000E-04  1.44000E-04  1.60000E-04  1.76000E-04  1.92000E-04  2.08000E-04
  2.24000E-04  2.40000E-04  2.56000E-04  2.88000E-04  3.20000E-04  3.52000E-04
  3.84000E-04  4.16000E-04  4.48000E-04  4.80000E-04  5.12000E-04  5.76000E-04
  6.40000E-04  7.04000E-04  7.68000E-04  8.32000E-04  8.96000E-04  9.60000E-04
  1.02400E-03  1.15200E-03  1.28000E-03  1.40800E-03  1.53600E-03  1.66400E-03
  1.79200E-03  1.92000E-03  2.01600E-03  2.27200E-03  2.52800E-03  2.78400E-03
  3.04000E-03  3.29600E-03  3.55200E-03  3.80800E-03  4.06400E-03  4.57600E-03
  5.08800E-03  5.60000E-03  6.11200E-03  6.62400E-03  7.13600E-03  7.64800E-03
  8.16000E-03  9.18400E-03  1.02080E-02  1.12320E-02  1.22560E-02  1.32800E-02
  1.43040E-02  1.53280E-02  1.63520E-02  1.84000E-02  2.04480E-02  2.24960E-02
  2.45440E-02  2.65920E-02  2.86400E-02  3.06880E-02  3.27360E-02  3.68320E-02
  4.09280E-02  4.50240E-02  4.91200E-02  5.32160E-02  5.73120E-02  6.14080E-02
  6.55040E-02  7.36960E-02  8.18880E-02  9.00800E-02  9.82720E-02  1.06464E-01
  1.14656E-01  1.22848E-01  1.31040E-01  1.47424E-01  1.63808E-01  1.80192E-01
  1.96576E-01  2.12960E-01  2.29344E-01  2.45728E-01  2.62112E-01  2.94880E-01
  3.27648E-01  3.60416E-01  3.93184E-01  4.25952E-01  4.58720E-01  4.91488E-01
  5.24256E-01  5.89792E-01  6.55328E-01  7.20864E-01  7.86400E-01  8.51936E-01
  9.17472E-01  9.83008E-01  1.04854E+00  1.17962E+00  1.31069E+00  1.44176E+00
  1.57283E+00  1.70390E+00  1.83498E+00  1.96605E+00  2.09712E+00  2.35926E+00
  2.62141E+00  2.88355E+00  3.14570E+00  3.40784E+00  3.66998E+00  3.93213E+00
  4.19427E+00  4.71856E+00  5.24285E+00  5.76714E+00  6.29142E+00  6.81571E+00
  7.34000E+00  7.86429E+00
  9.95868E-01  9.94271E-01  9.89849E-01  9.92597E-01  9.88360E-01  9.90798E-01
  9.90554E-01  9.88862E-01  9.87964E-01  9.87621E-01  9.85915E-01  9.85049E-01
  9.87307E-01  9.88058E-01  9.88642E-01  9.88137E-01  9.91511E-01  9.88215E-01
  9.88665E-01  9.87992E-01  9.88095E-01  9.87528E-01  9.87931E-01  9.87069E-01
  9.87714E-01  9.87744E-01  9.87367E-01  9.86640E-01  9.86481E-01  9.87418E-01
  9.87043E-01  9.86515E-01  9.86139E-01  9.86165E-01  9.86503E-01  9.86036E-01
  9.85482E-01  9.84652E-01  9.83663E-01  9.83117E-01  9.83429E-01  9.84201E-01
  9.83097E-01  9.81799E-01  9.81366E-01  9.80720E-01  9.79739E-01  9.78876E-01
  9.77553E-01  9.76604E-01  9.76391E-01  9.74920E-01  9.74114E-01  9.71937E-01
  9.70303E-01  9.68270E-01  9.66415E-01  9.64263E-01  9.62749E-01  9.60555E-01
  9.58851E-01  9.55136E-01  9.51367E-01  9.47648E-01  9.43994E-01  9.40310E-01
  9.36524E-01  9.32610E-01  9.29067E-01  9.21885E-01  9.14700E-01  9.07456E-01
  9.00177E-01  8.93357E-01  8.86374E-01  8.79453E-01  8.72062E-01  8.58537E-01
  8.45227E-01  8.32129E-01  8.19186E-01  8.06505E-01  7.94106E-01  7.81838E-01
  7.49953E-01  7.26809E-01  7.04487E-01  6.83051E-01  6.62296E-01  6.42292E-01
  6.22780E-01  6.03967E-01  6.06451E-01  5.70394E-01  5.36668E-01  5.05285E-01
  4.76120E-01  4.48610E-01  4.23101E-01  3.99234E-01  3.77308E-01  3.35665E-01
  2.98293E-01  2.65310E-01  2.36234E-01  2.10662E-01  1.88301E-01  1.68483E-01
  1.51174E-01  1.20106E-01  9.53680E-02  7.58938E-02  6.05442E-02  4.83889E-02
  3.87729E-02  3.12370E-02  2.43391E-02  1.40293E-02  5.54708E-03 -3.07179E-04
 -4.35981E-03 -5.64822E-03 -5.91081E-03 -4.36040E-03 -2.42700E-03 -5.00946E-05
  3.00934E-04 -1.69141E-03  2.35464E-03  5.78722E-03  6.05476E-04 -3.97791E-03
 -4.99884E-03  2.43713E-03  3.83793E-03 -2.65153E-03 -3.85612E-03  1.32594E-04
 -4.27221E-04  2.69398E-03  5.94894E-03  6.31028E-03 -1.23986E-03  7.66087E-04
  1.91882E-03  3.01393E-04  6.86480E-03  2.99514E-03  1.62937E-04 -1.06345E-03
 -3.45202E-04  1.04572E-03  9.78059E-03  6.67423E-04 -2.65987E-03  6.49816E-03
  2.65611E-03 -3.75423E-03 -2.18363E-03 -5.18131E-03 -4.56436E-04 -5.60392E-05
  1.15492E-03 -7.61834E-03 -1.42227E-03  2.34268E-03 -1.08573E-03 -9.76775E-04
  1.07315E-03 -4.87983E-03 -2.54426E-03  1.32628E-03 -7.12897E-04 -2.41363E-03
 -2.35857E-03  1.23967E-03 -1.42625E-03  3.53238E-03 -7.99295E-04 -1.48228E-03
 -6.80106E-04  3.06260E-03  1.73895E-03 -2.52033E-03 -1.70511E-03  1.75499E-04
  6.85811E-04  2.59817E-03
