AutoSaveFileName0221.ASC
 IFORMY    0    .00
 (6E13.7)
 IFORMT    0    .00
 (6E13.7)
 IFORMW    0    .00
 (6E13.7)
 NINTT     0   -1.00
 DOUSNQ    0    1.00
 IQUAD     0    1.00
 PRWT      0    1.00
 PRY       0    1.00
 IPLRES    1    3.00
 IPLRES    2    3.00
 IPRINT    1    0.00
 IPRINT    2    2.00
 IPLFIT    1    0.00
 IPLFIT    2    0.00
 LINEPG    0   50.
 NONNEG    1    1.00
 IWT       0    5.00
 NQPROG    1    5.00
 NQPROG    2    5.00
 GMNMX     1    3.40430E-03
 GMNMX     2    1.22206E-03
 RUSER    10    -1.00
 NG        0    500.00
 NLINF     0    1.00
 IUSER    10    4.00
 RUSER    21    1.0
 RUSER    22   -1.0
 RUSER    23    0.0
 RUSER    18         292.09511
 RUSER    17         124.99900
 RUSER    19         1.02807
 RUSER    15         1.33200
 RUSER    16         632.80000
 RUSER    25         1
 RUSER    26         0
 END       0    0.00
 NY      162
  7.50000E-07  8.75000E-07  1.00000E-06  1.12500E-06  1.25000E-06  1.37500E-06
  1.50000E-06  1.62500E-06  1.75000E-06  1.87500E-06  2.00000E-06  2.25000E-06
  2.50000E-06  2.75000E-06  3.00000E-06  3.25000E-06  3.50000E-06  3.75000E-06
  4.00000E-06  4.50000E-06  5.00000E-06  5.50000E-06  6.00000E-06  6.50000E-06
  7.00000E-06  7.50000E-06  8.00000E-06  9.00000E-06  1.00000E-05  1.10000E-05
  1.20000E-05  1.30000E-05  1.40000E-05  1.50000E-05  1.60000E-05  1.80000E-05
  2.00000E-05  2.20000E-05  2.40000E-05  2.60000E-05  2.80000E-05  3.00000E-05
  3.20000E-05  3.60000E-05  4.00000E-05  4.40000E-05  4.80000E-05  5.20000E-05
  5.60000E-05  6.00000E-05  6.40000E-05  7.20000E-05  8.00000E-05  8.80000E-05
  9.60000E-05  1.04000E-04  1.12000E-04  1.20000E-04  1.28000E-04  1.44000E-04
  1.60000E-04  1.76000E-04  1.92000E-04  2.08000E-04  2.24000E-04  2.40000E-04
  2.56000E-04  2.88000E-04  3.20000E-04  3.52000E-04  3.84000E-04  4.16000E-04
  4.48000E-04  4.80000E-04  5.12000E-04  5.76000E-04  6.40000E-04  7.04000E-04
  7.68000E-04  8.32000E-04  8.96000E-04  9.60000E-04  1.02400E-03  1.15200E-03
  1.28000E-03  1.40800E-03  1.53600E-03  1.66400E-03  1.79200E-03  1.92000E-03
  2.01600E-03  2.27200E-03  2.52800E-03  2.78400E-03  3.04000E-03  3.29600E-03
  3.55200E-03  3.80800E-03  4.06400E-03  4.57600E-03  5.08800E-03  5.60000E-03
  6.11200E-03  6.62400E-03  7.13600E-03  7.64800E-03  8.16000E-03  9.18400E-03
  1.02080E-02  1.12320E-02  1.22560E-02  1.32800E-02  1.43040E-02  1.53280E-02
  1.63520E-02  1.84000E-02  2.04480E-02  2.24960E-02  2.45440E-02  2.65920E-02
  2.86400E-02  3.06880E-02  3.27360E-02  3.68320E-02  4.09280E-02  4.50240E-02
  4.91200E-02  5.32160E-02  5.73120E-02  6.14080E-02  6.55040E-02  7.36960E-02
  8.18880E-02  9.00800E-02  9.82720E-02  1.06464E-01  1.14656E-01  1.22848E-01
  1.31040E-01  1.47424E-01  1.63808E-01  1.80192E-01  1.96576E-01  2.12960E-01
  2.29344E-01  2.45728E-01  2.62112E-01  2.94880E-01  3.27648E-01  3.60416E-01
  3.93184E-01  4.25952E-01  4.58720E-01  4.91488E-01  5.24256E-01  5.89792E-01
  6.55328E-01  7.20864E-01  7.86400E-01  8.51936E-01  9.17472E-01  9.83008E-01
  1.00000E+00  9.90528E-01  9.94969E-01  9.94433E-01  9.91688E-01  9.95305E-01
  9.86493E-01  9.88937E-01  9.87842E-01  9.87258E-01  9.83683E-01  9.86210E-01
  9.81998E-01  9.81297E-01  9.80584E-01  9.82022E-01  9.76938E-01  9.76844E-01
  9.76031E-01  9.72072E-01  9.71525E-01  9.65310E-01  9.63713E-01  9.61728E-01
  9.59637E-01  9.55296E-01  9.55007E-01  9.48775E-01  9.45447E-01  9.39721E-01
  9.32970E-01  9.29424E-01  9.24705E-01  9.20629E-01  9.15693E-01  9.05048E-01
  8.95688E-01  8.86345E-01  8.76667E-01  8.67719E-01  8.59773E-01  8.50118E-01
  8.40716E-01  8.23268E-01  8.06085E-01  7.88425E-01  7.72815E-01  7.57104E-01
  7.40563E-01  7.25212E-01  7.10803E-01  6.80796E-01  6.52904E-01  6.25748E-01
  5.99411E-01  5.75477E-01  5.51731E-01  5.29428E-01  5.07489E-01  4.66568E-01
  4.29403E-01  3.94382E-01  3.63365E-01  3.33524E-01  3.07135E-01  2.82914E-01
  2.60715E-01  2.20543E-01  1.86555E-01  1.57235E-01  1.32194E-01  1.11011E-01
  9.23951E-02  7.71424E-02  6.52480E-02  4.56725E-02  3.12345E-02  2.08250E-02
  1.34892E-02  9.64244E-03  7.23521E-03  6.26396E-03  4.23331E-03  2.01843E-03
  7.09625E-04 -2.66467E-04  5.94333E-05 -1.79903E-04 -1.94079E-03 -1.95319E-03
 -1.76924E-03 -1.60782E-03 -2.17005E-03 -1.55440E-03 -3.00738E-04  2.54644E-03
  1.74805E-03 -1.95832E-03 -3.52248E-03 -3.26897E-03 -1.40083E-03  3.53762E-03
  2.08213E-03 -1.29452E-03 -2.42592E-04  2.10785E-03 -2.19873E-04 -1.53129E-03
  1.21348E-03  1.92943E-05 -9.71707E-04  3.40332E-05  3.37315E-04  1.24655E-03
  1.43370E-03 -1.24469E-03 -1.94324E-03  7.67672E-04  6.98262E-04 -1.72836E-04
 -3.06090E-04 -4.97840E-04  1.78473E-04 -7.66193E-04  4.24707E-04  5.35346E-04
 -2.25441E-04  2.14728E-04 -1.26801E-03 -9.89750E-04  3.03791E-04  3.45621E-04
  2.85160E-04  5.15064E-04  7.43732E-04  2.46942E-04 -4.12750E-04 -1.00786E-03
 -7.66947E-05  2.90149E-04  2.51552E-04  3.26553E-04 -2.52037E-04  9.75619E-05
 -7.81132E-04  6.42696E-04  3.39135E-04 -5.42784E-05 -2.86988E-04  3.42111E-04
  4.00348E-04  5.93061E-04  2.53578E-04 -4.88481E-04 -4.90722E-05  7.98957E-05
 -2.38561E-04 -2.19208E-05 -6.35385E-05  2.60014E-04  4.11594E-05  2.21404E-04
