AutoSaveFileName0222.ASC
 IFORMY    0    .00
 (6E13.7)
 IFORMT    0    .00
 (6E13.7)
 IFORMW    0    .00
 (6E13.7)
 NINTT     0   -1.00
 DOUSNQ    0    1.00
 IQUAD          1.00
 PRWT      0    1.00
 PRY       0    1.00
 IPLRES    1    3.00
 IPLRES    2    3.00
 IPRINT    1    0.00
 IPRINT    2    2.00
 IPLFIT    1    0.00
 IPLFIT    2    0.00
 LINEPG    0   50.
 NONNEG    1    1.00
 IWT       0    5.00
 NQPROG    1    5.00
 NQPROG    2    5.00
 GMNMX     1    8.694E-06
 GMNMX     2    8.694E-03
 RUSER    10    -1.00
 NG        0    200.00
 NLINF     0    0.00
 IUSER    10    4.00
 RUSER    21    1.0
 RUSER    22   -1.0
 RUSER    23    0.0
 RUSER    18         292.23903
 RUSER    17         124.99900
 RUSER    19         1.02442
 RUSER    15         1.33200
 RUSER    16         632.80000
 RUSER    25         1
 RUSER    26         0
 END       0    0.00
 NY      188
  5.00000E-07  6.25000E-07  7.50000E-07  8.75000E-07  1.00000E-06  1.12500E-06
  1.25000E-06  1.37500E-06  1.50000E-06  1.62500E-06  1.75000E-06  1.87500E-06
  2.00000E-06  2.25000E-06  2.50000E-06  2.75000E-06  3.00000E-06  3.25000E-06
  3.50000E-06  3.75000E-06  4.00000E-06  4.50000E-06  5.00000E-06  5.50000E-06
  6.00000E-06  6.50000E-06  7.00000E-06  7.50000E-06  8.00000E-06  9.00000E-06
  1.00000E-05  1.10000E-05  1.20000E-05  1.30000E-05  1.40000E-05  1.50000E-05
  1.60000E-05  1.80000E-05  2.00000E-05  2.20000E-05  2.40000E-05  2.60000E-05
  2.80000E-05  3.00000E-05  3.20000E-05  3.60000E-05  4.00000E-05  4.40000E-05
  4.80000E-05  5.20000E-05  5.60000E-05  6.00000E-05  6.40000E-05  7.20000E-05
  8.00000E-05  8.80000E-05  9.60000E-05  1.04000E-04  1.12000E-04  1.20000E-04
  1.28000E-04  1.44000E-04  1.60000E-04  1.76000E-04  1.92000E-04  2.08000E-04
  2.24000E-04  2.40000E-04  2.56000E-04  2.88000E-04  3.20000E-04  3.52000E-04
  3.84000E-04  4.16000E-04  4.48000E-04  4.80000E-04  5.12000E-04  5.76000E-04
  6.40000E-04  7.04000E-04  7.68000E-04  8.32000E-04  8.96000E-04  9.60000E-04
  1.02400E-03  1.15200E-03  1.28000E-03  1.40800E-03  1.53600E-03  1.66400E-03
  1.79200E-03  1.92000E-03  2.01600E-03  2.27200E-03  2.52800E-03  2.78400E-03
  3.04000E-03  3.29600E-03  3.55200E-03  3.80800E-03  4.06400E-03  4.57600E-03
  5.08800E-03  5.60000E-03  6.11200E-03  6.62400E-03  7.13600E-03  7.64800E-03
  8.16000E-03  9.18400E-03  1.02080E-02  1.12320E-02  1.22560E-02  1.32800E-02
  1.43040E-02  1.53280E-02  1.63520E-02  1.84000E-02  2.04480E-02  2.24960E-02
  2.45440E-02  2.65920E-02  2.86400E-02  3.06880E-02  3.27360E-02  3.68320E-02
  4.09280E-02  4.50240E-02  4.91200E-02  5.32160E-02  5.73120E-02  6.14080E-02
  6.55040E-02  7.36960E-02  8.18880E-02  9.00800E-02  9.82720E-02  1.06464E-01
  1.14656E-01  1.22848E-01  1.31040E-01  1.47424E-01  1.63808E-01  1.80192E-01
  1.96576E-01  2.12960E-01  2.29344E-01  2.45728E-01  2.62112E-01  2.94880E-01
  3.27648E-01  3.60416E-01  3.93184E-01  4.25952E-01  4.58720E-01  4.91488E-01
  5.24256E-01  5.89792E-01  6.55328E-01  7.20864E-01  7.86400E-01  8.51936E-01
  9.17472E-01  9.83008E-01  1.04854E+00  1.17962E+00  1.31069E+00  1.44176E+00
  1.57283E+00  1.70390E+00  1.83498E+00  1.96605E+00  2.09712E+00  2.35926E+00
  2.62141E+00  2.88355E+00  3.14570E+00  3.40784E+00  3.66998E+00  3.93213E+00
  4.19427E+00  4.71856E+00  5.24285E+00  5.76714E+00  6.29142E+00  6.81571E+00
  7.34000E+00  7.86429E+00
  9.92239E-01  9.92626E-01  9.88084E-01  9.91440E-01  9.93097E-01  9.91003E-01
  9.88750E-01  9.88309E-01  9.87909E-01  9.88933E-01  9.89508E-01  9.89454E-01
  9.87913E-01  9.88142E-01  9.88946E-01  9.88350E-01  9.88442E-01  9.87801E-01
  9.88829E-01  9.88659E-01  9.88246E-01  9.87497E-01  9.88634E-01  9.87847E-01
  9.87526E-01  9.87064E-01  9.86689E-01  9.86731E-01  9.86019E-01  9.86223E-01
  9.85082E-01  9.85736E-01  9.84424E-01  9.84066E-01  9.84433E-01  9.83954E-01
  9.83895E-01  9.82821E-01  9.82347E-01  9.81068E-01  9.80673E-01  9.79607E-01
  9.78766E-01  9.78229E-01  9.77330E-01  9.75860E-01  9.73907E-01  9.72292E-01
  9.71259E-01  9.69423E-01  9.67679E-01  9.65909E-01  9.64331E-01  9.61608E-01
  9.58714E-01  9.55138E-01  9.52165E-01  9.49080E-01  9.45787E-01  9.42814E-01
  9.39770E-01  9.33762E-01  9.27513E-01  9.21314E-01  9.15322E-01  9.09268E-01
  9.03181E-01  8.97148E-01  8.91561E-01  8.79945E-01  8.68274E-01  8.56750E-01
  8.45392E-01  8.34221E-01  8.23417E-01  8.12583E-01  8.02541E-01  7.81685E-01
  7.61526E-01  7.41653E-01  7.22318E-01  7.03694E-01  6.85287E-01  6.67617E-01
  6.50468E-01  6.17314E-01  5.86071E-01  5.56530E-01  5.28535E-01  5.01863E-01
  4.76428E-01  4.52467E-01  4.34918E-01  3.92510E-01  3.54488E-01  3.20142E-01
  2.88742E-01  2.60443E-01  2.34851E-01  2.11640E-01  1.91219E-01  1.55111E-01
  1.25610E-01  1.01207E-01  8.26414E-02  6.74691E-02  5.56863E-02  4.75600E-02
  4.15976E-02  3.42872E-02  2.91327E-02  2.24753E-02  1.41477E-02  5.15449E-03
  1.50539E-03 -8.50937E-04 -2.03363E-03 -1.87098E-03 -4.64995E-04  1.78662E-03
  1.36286E-03 -1.10751E-03 -3.72679E-03  1.27627E-03  2.29435E-03  2.15146E-04
 -2.44463E-03 -1.65437E-03 -1.74182E-04 -4.56106E-03 -5.88444E-03 -1.54520E-03
  4.43974E-03  1.83131E-02  9.24474E-03  6.04944E-05 -8.04572E-03  4.71095E-03
  6.49731E-03 -1.93917E-03 -6.17951E-03  3.74529E-04 -6.53278E-03 -2.65546E-03
 -1.90019E-03 -1.98452E-03  4.77007E-03  2.77531E-03 -9.29074E-04  1.12676E-03
 -4.62618E-03 -2.11442E-03 -3.66441E-03  3.15435E-04  2.74586E-03 -7.43498E-05
 -4.86454E-03 -1.74827E-03 -3.19997E-03 -7.51267E-04  6.08583E-04 -1.45152E-03
  3.52608E-03  1.80270E-03 -8.68570E-04 -4.27040E-04  9.43472E-04  1.78544E-03
 -7.86777E-05 -2.21612E-03 -2.05014E-03 -2.08312E-03 -5.15424E-04 -1.70374E-03
  6.56542E-04 -1.21256E-03  2.16330E-04  1.57790E-03 -1.84871E-03 -3.12103E-03
  6.78559E-04  1.68130E-03 -8.44780E-04  6.75761E-04 -2.47406E-04  6.94435E-05
  2.35540E-04 -1.49530E-03
