AutoSaveFileName0109.ASC
 IFORMY    0    .00
 (6E13.7)
 IFORMT    0    .00
 (6E13.7)
 IFORMW    0    .00
 (6E13.7)
 NINTT     0   -1.00
 DOUSNQ    0    1.00
 IQUAD          1.00
 PRWT      0    1.00
 PRY       0    1.00
 IPLRES    1    3.00
 IPLRES    2    3.00
 IPRINT    1    0.00
 IPRINT    2    2.00
 IPLFIT    1    0.00
 IPLFIT    2    0.00
 LINEPG    0   50.
 NONNEG    1    1.00
 IWT       0    5.00
 NQPROG    1    5.00
 NQPROG    2    5.00
 GMNMX     1    2.387E-05
 GMNMX     2    7.162E-03
 RUSER    10    -1.00
 NG        0    200.00
 NLINF     0    0.00
 IUSER    10    4.00
 RUSER    21    1.0
 RUSER    22   -1.0
 RUSER    23    0.0
 RUSER    18         291.97180
 RUSER    17         64.99900
 RUSER    19         0.00103
 RUSER    15         1.33200
 RUSER    16         0.00000
 RUSER    25         1
 RUSER    26         0
 END       0    0.00
 NY      131
  3.75000E-07  5.00000E-07  6.25000E-07  7.50000E-07  8.75000E-07  1.00000E-06
  1.12500E-06  1.25000E-06  1.37500E-06  1.50000E-06  1.62500E-06  1.75000E-06
  1.87500E-06  2.00000E-06  2.25000E-06  2.50000E-06  2.75000E-06  3.00000E-06
  3.25000E-06  3.50000E-06  3.75000E-06  4.00000E-06  4.50000E-06  5.00000E-06
  5.50000E-06  6.00000E-06  6.50000E-06  7.00000E-06  7.50000E-06  8.00000E-06
  9.00000E-06  1.00000E-05  1.10000E-05  1.20000E-05  1.30000E-05  1.40000E-05
  1.50000E-05  1.60000E-05  1.80000E-05  2.00000E-05  2.20000E-05  2.40000E-05
  2.60000E-05  2.80000E-05  3.00000E-05  3.20000E-05  3.60000E-05  4.00000E-05
  4.40000E-05  4.80000E-05  5.20000E-05  5.60000E-05  6.00000E-05  6.40000E-05
  7.20000E-05  8.00000E-05  8.80000E-05  9.60000E-05  1.04000E-04  1.12000E-04
  1.20000E-04  1.28000E-04  1.44000E-04  1.60000E-04  1.76000E-04  1.92000E-04
  2.08000E-04  2.24000E-04  2.40000E-04  2.56000E-04  2.88000E-04  3.20000E-04
  3.52000E-04  3.84000E-04  4.16000E-04  4.48000E-04  4.80000E-04  5.12000E-04
  5.76000E-04  6.40000E-04  7.04000E-04  7.68000E-04  8.32000E-04  8.96000E-04
  9.60000E-04  1.02400E-03  1.15200E-03  1.28000E-03  1.40800E-03  1.53600E-03
  1.66400E-03  1.79200E-03  1.92000E-03  2.01600E-03  2.27200E-03  2.52800E-03
  2.78400E-03  3.04000E-03  3.29600E-03  3.55200E-03  3.80800E-03  4.06400E-03
  4.57600E-03  5.08800E-03  5.60000E-03  6.11200E-03  6.62400E-03  7.13600E-03
  7.64800E-03  8.16000E-03  9.18400E-03  1.02080E-02  1.12320E-02  1.22560E-02
  1.32800E-02  1.43040E-02  1.53280E-02  1.63520E-02  1.84000E-02  2.04480E-02
  2.24960E-02  2.45440E-02  2.65920E-02  2.86400E-02  3.06880E-02  3.27360E-02
  3.68320E-02  4.09280E-02  4.50240E-02  4.91200E-02  5.32160E-02
  9.48690E+00  9.44896E+00  9.45974E+00  9.43225E+00  9.42436E+00  9.42767E+00
  9.39571E+00  9.40728E+00  9.39236E+00  9.39811E+00  9.37109E+00  9.40435E+00
  9.38153E+00  9.37836E+00  9.39413E+00  9.38566E+00  9.37939E+00  9.37970E+00
  9.37597E+00  9.36885E+00  9.35207E+00  9.35373E+00  9.34921E+00  9.34432E+00
  9.34011E+00  9.32484E+00  9.31418E+00  9.30346E+00  9.29753E+00  9.29342E+00
  9.28041E+00  9.26398E+00  9.24926E+00  9.22600E+00  9.21463E+00  9.19679E+00
  9.18640E+00  9.16781E+00  9.13686E+00  9.10739E+00  9.07539E+00  9.04576E+00
  9.01372E+00  8.98496E+00  8.95012E+00  8.92249E+00  8.86331E+00  8.80835E+00
  8.74323E+00  8.68404E+00  8.62687E+00  8.57151E+00  8.51025E+00  8.45552E+00
  8.34371E+00  8.23547E+00  8.12501E+00  8.01946E+00  7.91175E+00  7.80953E+00
  7.71165E+00  7.61166E+00  7.41350E+00  7.22345E+00  7.03949E+00  6.86040E+00
  6.68749E+00  6.51841E+00  6.35817E+00  6.20203E+00  5.90202E+00  5.61870E+00
  5.35385E+00  5.10552E+00  4.86930E+00  4.64972E+00  4.44195E+00  4.24991E+00
  3.89150E+00  3.57494E+00  3.29434E+00  3.04400E+00  2.82179E+00  2.62371E+00
  2.44786E+00  2.29518E+00  2.02979E+00  1.82366E+00  1.65917E+00  1.52678E+00
  1.41819E+00  1.32853E+00  1.25703E+00  1.21868E+00  1.13892E+00  1.09271E+00
  1.05641E+00  1.02791E+00  1.01383E+00  1.00892E+00  1.00917E+00  1.01269E+00
  1.01872E+00  1.03024E+00  1.03848E+00  1.02303E+00  1.00339E+00  1.00212E+00
  1.01349E+00  1.02096E+00  1.01451E+00  9.97670E-01  1.01091E+00  1.01768E+00
  9.97904E-01  1.01404E+00  1.02873E+00  1.01392E+00  1.02284E+00  1.01495E+00
  9.97095E-01  9.98206E-01  1.00443E+00  1.01537E+00  1.00541E+00  1.00781E+00
  1.01056E+00  1.00229E+00  1.01433E+00  9.96494E-01  9.99136E-01
