AutoSaveFileName0032.ASC
 IFORMY    0    .00
 (6E13.7)
 IFORMT    0    .00
 (6E13.7)
 IFORMW    0    .00
 (6E13.7)
 NINTT     0   -1.00
 DOUSNQ    0    1.00
 IQUAD     0    1.00
 PRWT      0    1.00
 PRY       0    1.00
 IPLRES    1    3.00
 IPLRES    2    3.00
 IPRINT    1    0.00
 IPRINT    2    2.00
 IPLFIT    1    0.00
 IPLFIT    2    0.00
 LINEPG    0   50.
 NONNEG    1    1.00
 IWT       0    5.00
 NQPROG    1    5.00
 NQPROG    2    5.00
 GMNMX     1    4.01955E-02
 GMNMX     2    1.44291E-02
 RUSER    10    -1.00
 NG        0    500.00
 NLINF     0    1.00
 IUSER    10    4.00
 RUSER    21    1.0
 RUSER    22   -1.0
 RUSER    23    0.0
 RUSER    18         291.91302
 RUSER    17         29.99800
 RUSER    19         1.03272
 RUSER    15         1.33200
 RUSER    16         632.80000
 RUSER    25         1
 RUSER    26         0
 END       0    0.00
 NY      162
  7.50000E-07  8.75000E-07  1.00000E-06  1.12500E-06  1.25000E-06  1.37500E-06
  1.50000E-06  1.62500E-06  1.75000E-06  1.87500E-06  2.00000E-06  2.25000E-06
  2.50000E-06  2.75000E-06  3.00000E-06  3.25000E-06  3.50000E-06  3.75000E-06
  4.00000E-06  4.50000E-06  5.00000E-06  5.50000E-06  6.00000E-06  6.50000E-06
  7.00000E-06  7.50000E-06  8.00000E-06  9.00000E-06  1.00000E-05  1.10000E-05
  1.20000E-05  1.30000E-05  1.40000E-05  1.50000E-05  1.60000E-05  1.80000E-05
  2.00000E-05  2.20000E-05  2.40000E-05  2.60000E-05  2.80000E-05  3.00000E-05
  3.20000E-05  3.60000E-05  4.00000E-05  4.40000E-05  4.80000E-05  5.20000E-05
  5.60000E-05  6.00000E-05  6.40000E-05  7.20000E-05  8.00000E-05  8.80000E-05
  9.60000E-05  1.04000E-04  1.12000E-04  1.20000E-04  1.28000E-04  1.44000E-04
  1.60000E-04  1.76000E-04  1.92000E-04  2.08000E-04  2.24000E-04  2.40000E-04
  2.56000E-04  2.88000E-04  3.20000E-04  3.52000E-04  3.84000E-04  4.16000E-04
  4.48000E-04  4.80000E-04  5.12000E-04  5.76000E-04  6.40000E-04  7.04000E-04
  7.68000E-04  8.32000E-04  8.96000E-04  9.60000E-04  1.02400E-03  1.15200E-03
  1.28000E-03  1.40800E-03  1.53600E-03  1.66400E-03  1.79200E-03  1.92000E-03
  2.01600E-03  2.27200E-03  2.52800E-03  2.78400E-03  3.04000E-03  3.29600E-03
  3.55200E-03  3.80800E-03  4.06400E-03  4.57600E-03  5.08800E-03  5.60000E-03
  6.11200E-03  6.62400E-03  7.13600E-03  7.64800E-03  8.16000E-03  9.18400E-03
  1.02080E-02  1.12320E-02  1.22560E-02  1.32800E-02  1.43040E-02  1.53280E-02
  1.63520E-02  1.84000E-02  2.04480E-02  2.24960E-02  2.45440E-02  2.65920E-02
  2.86400E-02  3.06880E-02  3.27360E-02  3.68320E-02  4.09280E-02  4.50240E-02
  4.91200E-02  5.32160E-02  5.73120E-02  6.14080E-02  6.55040E-02  7.36960E-02
  8.18880E-02  9.00800E-02  9.82720E-02  1.06464E-01  1.14656E-01  1.22848E-01
  1.31040E-01  1.47424E-01  1.63808E-01  1.80192E-01  1.96576E-01  2.12960E-01
  2.29344E-01  2.45728E-01  2.62112E-01  2.94880E-01  3.27648E-01  3.60416E-01
  3.93184E-01  4.25952E-01  4.58720E-01  4.91488E-01  5.24256E-01  5.89792E-01
  6.55328E-01  7.20864E-01  7.86400E-01  8.51936E-01  9.17472E-01  9.83008E-01
  9.97615E-01  9.95739E-01  9.98430E-01  1.00000E+00  9.96566E-01  9.95932E-01
  9.95647E-01  9.96406E-01  9.93406E-01  9.89932E-01  9.92763E-01  9.91659E-01
  9.92787E-01  9.91996E-01  9.92864E-01  9.92201E-01  9.93322E-01  9.92141E-01
  9.91490E-01  9.92739E-01  9.91667E-01  9.91446E-01  9.90535E-01  9.90912E-01
  9.91024E-01  9.88225E-01  9.89695E-01  9.89888E-01  9.89687E-01  9.87430E-01
  9.88956E-01  9.88928E-01  9.87342E-01  9.87037E-01  9.85989E-01  9.85603E-01
  9.85101E-01  9.85302E-01  9.83266E-01  9.82957E-01  9.81651E-01  9.79929E-01
  9.79764E-01  9.78684E-01  9.76455E-01  9.74993E-01  9.73314E-01  9.72419E-01
  9.70800E-01  9.68933E-01  9.66877E-01  9.63700E-01  9.60724E-01  9.56801E-01
  9.53918E-01  9.50677E-01  9.47356E-01  9.44548E-01  9.41464E-01  9.34721E-01
  9.28569E-01  9.22875E-01  9.16750E-01  9.10642E-01  9.04811E-01  8.98884E-01
  8.93077E-01  8.81920E-01  8.70692E-01  8.59986E-01  8.49030E-01  8.38665E-01
  8.27963E-01  8.17923E-01  8.07570E-01  7.87852E-01  7.68660E-01  7.49765E-01
  7.31585E-01  7.13738E-01  6.96518E-01  6.79611E-01  6.62921E-01  6.31734E-01
  6.02301E-01  5.74053E-01  5.47247E-01  5.21762E-01  4.97643E-01  4.74824E-01
  4.59588E-01  4.19212E-01  3.82425E-01  3.49049E-01  3.18984E-01  2.91680E-01
  2.67518E-01  2.45687E-01  2.25742E-01  1.91162E-01  1.62738E-01  1.38526E-01
  1.18879E-01  1.03036E-01  8.92486E-02  7.68877E-02  6.65435E-02  4.97799E-02
  3.86319E-02  3.05119E-02  2.58344E-02  2.38957E-02  2.26741E-02  2.30548E-02
  2.11015E-02  1.63469E-02  1.08643E-02  8.12449E-03  3.21733E-03  1.60979E-04
 -4.93382E-03 -6.66612E-03 -3.87381E-03  1.99060E-03 -3.31695E-03  6.08795E-04
 -1.37427E-03 -4.01567E-03 -6.49131E-03 -6.25445E-03 -1.28184E-03 -2.18232E-03
 -1.40688E-03  4.10269E-04 -1.06265E-03  9.53532E-04  2.21673E-03 -2.02418E-03
 -1.76950E-03  3.51102E-04  1.59343E-03  3.99948E-03 -2.95155E-03  1.59549E-03
 -2.62195E-03  3.03733E-03  4.29842E-03  3.31569E-03  1.96507E-03  3.83248E-04
 -4.40613E-04  1.27782E-02  7.73326E-04 -2.90120E-03 -1.87894E-03 -1.11810E-03
 -1.23819E-03  7.93864E-04  5.47504E-03 -1.24728E-03 -6.84105E-04  4.23304E-03
