AutoSaveFileName0017.ASC
 IFORMY    0    .00
 (6E13.7)
 IFORMT    0    .00
 (6E13.7)
 IFORMW    0    .00
 (6E13.7)
 NINTT     0   -1.00
 DOUSNQ    0    1.00
 IQUAD     0    1.00
 PRWT      0    1.00
 PRY       0    1.00
 IPLRES    1    3.00
 IPLRES    2    3.00
 IPRINT    1    0.00
 IPRINT    2    2.00
 IPLFIT    1    0.00
 IPLFIT    2    0.00
 LINEPG    0   50.
 NONNEG    1    1.00
 IWT       0    5.00
 NQPROG    1    5.00
 NQPROG    2    5.00
 GMNMX     1    8.93299E-02
 GMNMX     2    3.20671E-02
 RUSER    10    -1.00
 NG        0    500.00
 NLINF     0    1.00
 IUSER    10    4.00
 RUSER    21    1.0
 RUSER    22   -1.0
 RUSER    23    0.0
 RUSER    18         291.90201
 RUSER    17         19.99800
 RUSER    19         1.03301
 RUSER    15         1.33200
 RUSER    16         632.80000
 RUSER    25         1
 RUSER    26         0
 END       0    0.00
 NY      162
  7.50000E-07  8.75000E-07  1.00000E-06  1.12500E-06  1.25000E-06  1.37500E-06
  1.50000E-06  1.62500E-06  1.75000E-06  1.87500E-06  2.00000E-06  2.25000E-06
  2.50000E-06  2.75000E-06  3.00000E-06  3.25000E-06  3.50000E-06  3.75000E-06
  4.00000E-06  4.50000E-06  5.00000E-06  5.50000E-06  6.00000E-06  6.50000E-06
  7.00000E-06  7.50000E-06  8.00000E-06  9.00000E-06  1.00000E-05  1.10000E-05
  1.20000E-05  1.30000E-05  1.40000E-05  1.50000E-05  1.60000E-05  1.80000E-05
  2.00000E-05  2.20000E-05  2.40000E-05  2.60000E-05  2.80000E-05  3.00000E-05
  3.20000E-05  3.60000E-05  4.00000E-05  4.40000E-05  4.80000E-05  5.20000E-05
  5.60000E-05  6.00000E-05  6.40000E-05  7.20000E-05  8.00000E-05  8.80000E-05
  9.60000E-05  1.04000E-04  1.12000E-04  1.20000E-04  1.28000E-04  1.44000E-04
  1.60000E-04  1.76000E-04  1.92000E-04  2.08000E-04  2.24000E-04  2.40000E-04
  2.56000E-04  2.88000E-04  3.20000E-04  3.52000E-04  3.84000E-04  4.16000E-04
  4.48000E-04  4.80000E-04  5.12000E-04  5.76000E-04  6.40000E-04  7.04000E-04
  7.68000E-04  8.32000E-04  8.96000E-04  9.60000E-04  1.02400E-03  1.15200E-03
  1.28000E-03  1.40800E-03  1.53600E-03  1.66400E-03  1.79200E-03  1.92000E-03
  2.01600E-03  2.27200E-03  2.52800E-03  2.78400E-03  3.04000E-03  3.29600E-03
  3.55200E-03  3.80800E-03  4.06400E-03  4.57600E-03  5.08800E-03  5.60000E-03
  6.11200E-03  6.62400E-03  7.13600E-03  7.64800E-03  8.16000E-03  9.18400E-03
  1.02080E-02  1.12320E-02  1.22560E-02  1.32800E-02  1.43040E-02  1.53280E-02
  1.63520E-02  1.84000E-02  2.04480E-02  2.24960E-02  2.45440E-02  2.65920E-02
  2.86400E-02  3.06880E-02  3.27360E-02  3.68320E-02  4.09280E-02  4.50240E-02
  4.91200E-02  5.32160E-02  5.73120E-02  6.14080E-02  6.55040E-02  7.36960E-02
  8.18880E-02  9.00800E-02  9.82720E-02  1.06464E-01  1.14656E-01  1.22848E-01
  1.31040E-01  1.47424E-01  1.63808E-01  1.80192E-01  1.96576E-01  2.12960E-01
  2.29344E-01  2.45728E-01  2.62112E-01  2.94880E-01  3.27648E-01  3.60416E-01
  3.93184E-01  4.25952E-01  4.58720E-01  4.91488E-01  5.24256E-01  5.89792E-01
  6.55328E-01  7.20864E-01  7.86400E-01  8.51936E-01  9.17472E-01  9.83008E-01
  9.97075E-01  9.98803E-01  9.97870E-01  9.94817E-01  9.96123E-01  1.00000E+00
  9.95397E-01  9.96325E-01  9.96445E-01  9.93970E-01  9.93325E-01  9.93583E-01
  9.96180E-01  9.95875E-01  9.93871E-01  9.96633E-01  9.92993E-01  9.95069E-01
  9.95662E-01  9.94099E-01  9.95108E-01  9.93471E-01  9.94491E-01  9.92916E-01
  9.93904E-01  9.94528E-01  9.93761E-01  9.92568E-01  9.92963E-01  9.93628E-01
  9.93067E-01  9.92682E-01  9.92996E-01  9.92359E-01  9.91920E-01  9.91658E-01
  9.91691E-01  9.90560E-01  9.89823E-01  9.90593E-01  9.90631E-01  9.89917E-01
  9.89343E-01  9.88330E-01  9.88177E-01  9.87292E-01  9.86611E-01  9.86092E-01
  9.84904E-01  9.84540E-01  9.83985E-01  9.82423E-01  9.80749E-01  9.79672E-01
  9.78321E-01  9.77104E-01  9.75605E-01  9.75138E-01  9.73240E-01  9.70529E-01
  9.68168E-01  9.65399E-01  9.63435E-01  9.60550E-01  9.58352E-01  9.55689E-01
  9.53328E-01  9.48897E-01  9.44010E-01  9.39313E-01  9.34927E-01  9.30448E-01
  9.25595E-01  9.21433E-01  9.16863E-01  9.08365E-01  8.99869E-01  8.91532E-01
  8.83494E-01  8.75415E-01  8.67488E-01  8.59630E-01  8.30190E-01  8.15457E-01
  8.00983E-01  7.86756E-01  7.72799E-01  7.58986E-01  7.45383E-01  7.32474E-01
  7.42008E-01  7.16549E-01  6.92142E-01  6.68798E-01  6.46233E-01  6.24241E-01
  6.03154E-01  5.83189E-01  5.63666E-01  5.26519E-01  4.92214E-01  4.60608E-01
  4.31418E-01  4.04600E-01  3.79653E-01  3.56368E-01  3.34966E-01  2.96872E-01
  2.64226E-01  2.36242E-01  2.12140E-01  1.91384E-01  1.72627E-01  1.56323E-01
  1.42591E-01  1.16586E-01  9.63404E-02  8.22742E-02  7.27556E-02  6.58844E-02
  6.02307E-02  5.56640E-02  4.91011E-02  3.95899E-02  3.36849E-02  3.28600E-02
  3.12764E-02  2.96878E-02  3.26290E-02  3.31418E-02  2.76879E-02  2.12132E-02
  2.32991E-02  2.11615E-02  1.82772E-02  1.51869E-02  6.06193E-03  7.18108E-03
  1.22652E-02  1.75666E-02  1.37255E-02  5.92187E-03  9.23188E-03  4.49401E-03
  6.68927E-03  1.97350E-03 -1.20657E-03  3.42442E-03  7.79582E-03  4.53664E-03
 -7.50735E-04  6.74398E-03  1.00255E-03 -1.02962E-03 -1.63299E-03 -5.37210E-03
  1.32738E-02  1.72575E-03 -3.28716E-03 -5.76530E-03 -8.13138E-04  4.61973E-03
