AutoSaveFileName0261.ASC
 IFORMY    0    .00
 (6E13.7)
 IFORMT    0    .00
 (6E13.7)
 IFORMW    0    .00
 (6E13.7)
 NINTT     0   -1.00
 DOUSNQ    0    1.00
 IQUAD     0    1.00
 PRWT      0    1.00
 PRY       0    1.00
 IPLRES    1    3.00
 IPLRES    2    3.00
 IPRINT    1    0.00
 IPRINT    2    2.00
 IPLFIT    1    0.00
 IPLFIT    2    0.00
 LINEPG    0   50.
 NONNEG    1    1.00
 IWT       0    5.00
 NQPROG    1    5.00
 NQPROG    2    5.00
 GMNMX     1    2.94095E-03
 GMNMX     2    1.05572E-03
 RUSER    10    -1.00
 NG        0    500.00
 NLINF     0    1.00
 IUSER    10    4.00
 RUSER    21    1.0
 RUSER    22   -1.0
 RUSER    23    0.0
 RUSER    18         292.14089
 RUSER    17         144.99900
 RUSER    19         1.02691
 RUSER    15         1.33200
 RUSER    16         632.80000
 RUSER    25         1
 RUSER    26         0
 END       0    0.00
 NY      162
  7.50000E-07  8.75000E-07  1.00000E-06  1.12500E-06  1.25000E-06  1.37500E-06
  1.50000E-06  1.62500E-06  1.75000E-06  1.87500E-06  2.00000E-06  2.25000E-06
  2.50000E-06  2.75000E-06  3.00000E-06  3.25000E-06  3.50000E-06  3.75000E-06
  4.00000E-06  4.50000E-06  5.00000E-06  5.50000E-06  6.00000E-06  6.50000E-06
  7.00000E-06  7.50000E-06  8.00000E-06  9.00000E-06  1.00000E-05  1.10000E-05
  1.20000E-05  1.30000E-05  1.40000E-05  1.50000E-05  1.60000E-05  1.80000E-05
  2.00000E-05  2.20000E-05  2.40000E-05  2.60000E-05  2.80000E-05  3.00000E-05
  3.20000E-05  3.60000E-05  4.00000E-05  4.40000E-05  4.80000E-05  5.20000E-05
  5.60000E-05  6.00000E-05  6.40000E-05  7.20000E-05  8.00000E-05  8.80000E-05
  9.60000E-05  1.04000E-04  1.12000E-04  1.20000E-04  1.28000E-04  1.44000E-04
  1.60000E-04  1.76000E-04  1.92000E-04  2.08000E-04  2.24000E-04  2.40000E-04
  2.56000E-04  2.88000E-04  3.20000E-04  3.52000E-04  3.84000E-04  4.16000E-04
  4.48000E-04  4.80000E-04  5.12000E-04  5.76000E-04  6.40000E-04  7.04000E-04
  7.68000E-04  8.32000E-04  8.96000E-04  9.60000E-04  1.02400E-03  1.15200E-03
  1.28000E-03  1.40800E-03  1.53600E-03  1.66400E-03  1.79200E-03  1.92000E-03
  2.01600E-03  2.27200E-03  2.52800E-03  2.78400E-03  3.04000E-03  3.29600E-03
  3.55200E-03  3.80800E-03  4.06400E-03  4.57600E-03  5.08800E-03  5.60000E-03
  6.11200E-03  6.62400E-03  7.13600E-03  7.64800E-03  8.16000E-03  9.18400E-03
  1.02080E-02  1.12320E-02  1.22560E-02  1.32800E-02  1.43040E-02  1.53280E-02
  1.63520E-02  1.84000E-02  2.04480E-02  2.24960E-02  2.45440E-02  2.65920E-02
  2.86400E-02  3.06880E-02  3.27360E-02  3.68320E-02  4.09280E-02  4.50240E-02
  4.91200E-02  5.32160E-02  5.73120E-02  6.14080E-02  6.55040E-02  7.36960E-02
  8.18880E-02  9.00800E-02  9.82720E-02  1.06464E-01  1.14656E-01  1.22848E-01
  1.31040E-01  1.47424E-01  1.63808E-01  1.80192E-01  1.96576E-01  2.12960E-01
  2.29344E-01  2.45728E-01  2.62112E-01  2.94880E-01  3.27648E-01  3.60416E-01
  3.93184E-01  4.25952E-01  4.58720E-01  4.91488E-01  5.24256E-01  5.89792E-01
  6.55328E-01  7.20864E-01  7.86400E-01  8.51936E-01  9.17472E-01  9.83008E-01
  9.95522E-01  1.00000E+00  9.94247E-01  9.91430E-01  9.95123E-01  9.91557E-01
  9.89134E-01  9.92355E-01  9.93014E-01  9.87925E-01  9.87816E-01  9.85411E-01
  9.85175E-01  9.82637E-01  9.78503E-01  9.81579E-01  9.77724E-01  9.77893E-01
  9.75306E-01  9.73155E-01  9.72460E-01  9.67129E-01  9.65238E-01  9.62929E-01
  9.57822E-01  9.53954E-01  9.51307E-01  9.46412E-01  9.39685E-01  9.33817E-01
  9.28384E-01  9.21948E-01  9.18068E-01  9.13318E-01  9.06186E-01  8.95501E-01
  8.84073E-01  8.73920E-01  8.62213E-01  8.51547E-01  8.41442E-01  8.31071E-01
  8.20743E-01  8.00328E-01  7.81284E-01  7.61153E-01  7.43301E-01  7.24814E-01
  7.06629E-01  6.89870E-01  6.72724E-01  6.40410E-01  6.08735E-01  5.80046E-01
  5.51727E-01  5.24964E-01  4.99347E-01  4.74994E-01  4.52530E-01  4.10110E-01
  3.71391E-01  3.36673E-01  3.05023E-01  2.76211E-01  2.50348E-01  2.26922E-01
  2.05783E-01  1.68771E-01  1.38015E-01  1.12865E-01  9.27393E-02  7.67348E-02
  6.32916E-02  5.24636E-02  4.35792E-02  2.94916E-02  1.93145E-02  1.05610E-02
  4.42284E-03  2.56002E-03  1.82476E-03  8.35374E-04  3.81038E-04 -2.67754E-05
 -1.75547E-03 -1.55640E-03 -2.19816E-03 -5.73277E-04  1.99691E-04  3.35097E-03
  2.54368E-03  1.76369E-03  1.81202E-03  6.27887E-05 -8.09695E-04 -9.98918E-04
 -9.14756E-05 -2.35386E-05 -5.01276E-05  1.75235E-04 -1.04570E-03  1.21515E-03
  1.53020E-03 -1.19318E-03 -1.18637E-03  3.97965E-03  1.70366E-03 -1.68271E-03
  1.19813E-03 -2.27505E-03 -9.22014E-04  2.82644E-04  8.61083E-04  8.31416E-04
 -3.57950E-04 -1.67078E-04 -1.11965E-04  1.93336E-03  3.97409E-05  1.08139E-03
 -2.32618E-05 -1.23227E-03  1.65015E-04  2.37203E-04  9.98278E-04 -8.53499E-04
 -6.98990E-05 -2.31443E-03  1.03601E-03  4.17955E-04  7.79054E-04  9.68102E-04
 -5.56117E-04 -4.32456E-04  2.76291E-04  4.46692E-05 -3.66443E-04 -3.13560E-04
 -9.13765E-05 -2.89064E-04  2.62291E-04 -1.22316E-04 -3.46605E-04 -1.90623E-04
  1.45744E-04  3.34480E-04  4.30137E-05  3.62328E-04  2.99967E-04 -1.10452E-04
  7.32048E-04 -7.86711E-05 -2.20448E-05  1.72287E-04 -1.47005E-07  3.78002E-04
  3.77528E-05 -2.65943E-04  1.41715E-04 -2.65081E-04 -6.69020E-05  1.73178E-04
