AutoSaveFileName0139.ASC
 IFORMY    0    .00
 (6E13.7)
 IFORMT    0    .00
 (6E13.7)
 IFORMW    0    .00
 (6E13.7)
 NINTT     0   -1.00
 DOUSNQ    0    1.00
 IQUAD     0    1.00
 PRWT      0    1.00
 PRY       0    1.00
 IPLRES    1    3.00
 IPLRES    2    3.00
 IPRINT    1    0.00
 IPRINT    2    2.00
 IPLFIT    1    0.00
 IPLFIT    2    0.00
 LINEPG    0   50.
 NONNEG    1    1.00
 IWT       0    5.00
 NQPROG    1    5.00
 NQPROG    2    5.00
 GMNMX     1    6.50072E-03
 GMNMX     2    2.33359E-03
 RUSER    10    -1.00
 NG        0    500.00
 NLINF     0    1.00
 IUSER    10    4.00
 RUSER    21    1.0
 RUSER    22   -1.0
 RUSER    23    0.0
 RUSER    18         291.99698
 RUSER    17         79.99900
 RUSER    19         1.03058
 RUSER    15         1.33200
 RUSER    16         632.80000
 RUSER    25         1
 RUSER    26         0
 END       0    0.00
 NY      162
  7.50000E-07  8.75000E-07  1.00000E-06  1.12500E-06  1.25000E-06  1.37500E-06
  1.50000E-06  1.62500E-06  1.75000E-06  1.87500E-06  2.00000E-06  2.25000E-06
  2.50000E-06  2.75000E-06  3.00000E-06  3.25000E-06  3.50000E-06  3.75000E-06
  4.00000E-06  4.50000E-06  5.00000E-06  5.50000E-06  6.00000E-06  6.50000E-06
  7.00000E-06  7.50000E-06  8.00000E-06  9.00000E-06  1.00000E-05  1.10000E-05
  1.20000E-05  1.30000E-05  1.40000E-05  1.50000E-05  1.60000E-05  1.80000E-05
  2.00000E-05  2.20000E-05  2.40000E-05  2.60000E-05  2.80000E-05  3.00000E-05
  3.20000E-05  3.60000E-05  4.00000E-05  4.40000E-05  4.80000E-05  5.20000E-05
  5.60000E-05  6.00000E-05  6.40000E-05  7.20000E-05  8.00000E-05  8.80000E-05
  9.60000E-05  1.04000E-04  1.12000E-04  1.20000E-04  1.28000E-04  1.44000E-04
  1.60000E-04  1.76000E-04  1.92000E-04  2.08000E-04  2.24000E-04  2.40000E-04
  2.56000E-04  2.88000E-04  3.20000E-04  3.52000E-04  3.84000E-04  4.16000E-04
  4.48000E-04  4.80000E-04  5.12000E-04  5.76000E-04  6.40000E-04  7.04000E-04
  7.68000E-04  8.32000E-04  8.96000E-04  9.60000E-04  1.02400E-03  1.15200E-03
  1.28000E-03  1.40800E-03  1.53600E-03  1.66400E-03  1.79200E-03  1.92000E-03
  2.01600E-03  2.27200E-03  2.52800E-03  2.78400E-03  3.04000E-03  3.29600E-03
  3.55200E-03  3.80800E-03  4.06400E-03  4.57600E-03  5.08800E-03  5.60000E-03
  6.11200E-03  6.62400E-03  7.13600E-03  7.64800E-03  8.16000E-03  9.18400E-03
  1.02080E-02  1.12320E-02  1.22560E-02  1.32800E-02  1.43040E-02  1.53280E-02
  1.63520E-02  1.84000E-02  2.04480E-02  2.24960E-02  2.45440E-02  2.65920E-02
  2.86400E-02  3.06880E-02  3.27360E-02  3.68320E-02  4.09280E-02  4.50240E-02
  4.91200E-02  5.32160E-02  5.73120E-02  6.14080E-02  6.55040E-02  7.36960E-02
  8.18880E-02  9.00800E-02  9.82720E-02  1.06464E-01  1.14656E-01  1.22848E-01
  1.31040E-01  1.47424E-01  1.63808E-01  1.80192E-01  1.96576E-01  2.12960E-01
  2.29344E-01  2.45728E-01  2.62112E-01  2.94880E-01  3.27648E-01  3.60416E-01
  3.93184E-01  4.25952E-01  4.58720E-01  4.91488E-01  5.24256E-01  5.89792E-01
  6.55328E-01  7.20864E-01  7.86400E-01  8.51936E-01  9.17472E-01  9.83008E-01
  1.00000E+00  9.96996E-01  9.99076E-01  9.97856E-01  9.95177E-01  9.93721E-01
  9.95550E-01  9.92764E-01  9.94651E-01  9.90345E-01  9.92249E-01  9.91584E-01
  9.89049E-01  9.91302E-01  9.89836E-01  9.89093E-01  9.87989E-01  9.88026E-01
  9.87507E-01  9.85350E-01  9.83601E-01  9.83028E-01  9.81546E-01  9.79747E-01
  9.77898E-01  9.76997E-01  9.75365E-01  9.73594E-01  9.70553E-01  9.67497E-01
  9.64934E-01  9.63157E-01  9.59990E-01  9.57940E-01  9.54848E-01  9.50382E-01
  9.44178E-01  9.39599E-01  9.33687E-01  9.29093E-01  9.23952E-01  9.19824E-01
  9.13876E-01  9.03958E-01  8.94042E-01  8.84135E-01  8.74196E-01  8.65033E-01
  8.55515E-01  8.46156E-01  8.36875E-01  8.18744E-01  8.00795E-01  7.83610E-01
  7.66712E-01  7.50075E-01  7.33797E-01  7.18276E-01  7.02717E-01  6.72859E-01
  6.43846E-01  6.16616E-01  5.90419E-01  5.65274E-01  5.41388E-01  5.18179E-01
  4.96343E-01  4.55176E-01  4.17428E-01  3.82727E-01  3.50766E-01  3.21791E-01
  2.94934E-01  2.70395E-01  2.48436E-01  2.09116E-01  1.76254E-01  1.49075E-01
  1.26189E-01  1.07054E-01  9.10067E-02  7.75315E-02  6.64761E-02  4.79743E-02
  3.46148E-02  2.51938E-02  1.80277E-02  1.31137E-02  9.93995E-03  7.75300E-03
  6.83136E-03  4.53929E-03  3.11604E-03  1.82285E-03  6.93995E-04  5.24357E-05
  2.66053E-04  1.23709E-03  1.12441E-03 -2.00050E-04 -5.54171E-04 -4.58569E-05
 -3.18240E-04 -4.77295E-04 -1.59151E-03  2.05731E-04  3.10817E-04 -5.44342E-04
 -3.22656E-04  4.59359E-04  9.03938E-04 -9.41509E-04 -8.15202E-04 -3.76825E-04
  4.41270E-04 -2.62080E-04  8.24316E-04  3.20252E-04 -1.76502E-03 -1.40798E-03
  2.24732E-04 -2.45519E-04  9.46962E-04  5.14529E-04  8.81316E-04  6.30193E-04
  8.45398E-05  9.29311E-04  4.24803E-04  1.14783E-03  2.49157E-05 -7.64487E-04
 -9.13316E-04  5.06946E-04  2.14640E-04 -1.33345E-03 -6.52276E-04 -4.00818E-04
 -2.89625E-05  3.30758E-04  1.49533E-04 -9.14047E-04 -9.75650E-04  5.08389E-04
 -1.51721E-04 -2.14805E-04 -2.81401E-05  2.15676E-04 -4.08834E-04 -4.36472E-04
  6.87599E-04 -5.53264E-05  2.03437E-04 -6.91340E-05 -8.38189E-05  4.02510E-04
  2.79537E-05  1.33420E-04 -1.65233E-04  1.37546E-04 -1.94698E-04 -1.43049E-04
