AutoSaveFileName0295.ASC
 IFORMY    0    .00
 (6E13.7)
 IFORMT    0    .00
 (6E13.7)
 IFORMW    0    .00
 (6E13.7)
 NINTT     0   -1.00
 DOUSNQ    0    1.00
 IQUAD          1.00
 PRWT      0    1.00
 PRY       0    1.00
 IPLRES    1    3.00
 IPLRES    2    3.00
 IPRINT    1    0.00
 IPRINT    2    2.00
 IPLFIT    1    0.00
 IPLFIT    2    0.00
 LINEPG    0   50.
 NONNEG    1    1.00
 IWT       0    5.00
 NQPROG    1    5.00
 NQPROG    2    5.00
 GMNMX     1    9.856E-06
 GMNMX     2    9.856E-03
 RUSER    10    -1.00
 NG        0    200.00
 NLINF     0    0.00
 IUSER    10    4.00
 RUSER    21    1.0
 RUSER    22   -1.0
 RUSER    23    0.0
 RUSER    18         292.16919
 RUSER    17         112.99900
 RUSER    19         1.02619
 RUSER    15         1.33200
 RUSER    16         632.80000
 RUSER    25         1
 RUSER    26         0
 END       0    0.00
 NY      131
  3.75000E-07  5.00000E-07  6.25000E-07  7.50000E-07  8.75000E-07  1.00000E-06
  1.12500E-06  1.25000E-06  1.37500E-06  1.50000E-06  1.62500E-06  1.75000E-06
  1.87500E-06  2.00000E-06  2.25000E-06  2.50000E-06  2.75000E-06  3.00000E-06
  3.25000E-06  3.50000E-06  3.75000E-06  4.00000E-06  4.50000E-06  5.00000E-06
  5.50000E-06  6.00000E-06  6.50000E-06  7.00000E-06  7.50000E-06  8.00000E-06
  9.00000E-06  1.00000E-05  1.10000E-05  1.20000E-05  1.30000E-05  1.40000E-05
  1.50000E-05  1.60000E-05  1.80000E-05  2.00000E-05  2.20000E-05  2.40000E-05
  2.60000E-05  2.80000E-05  3.00000E-05  3.20000E-05  3.60000E-05  4.00000E-05
  4.40000E-05  4.80000E-05  5.20000E-05  5.60000E-05  6.00000E-05  6.40000E-05
  7.20000E-05  8.00000E-05  8.80000E-05  9.60000E-05  1.04000E-04  1.12000E-04
  1.20000E-04  1.28000E-04  1.44000E-04  1.60000E-04  1.76000E-04  1.92000E-04
  2.08000E-04  2.24000E-04  2.40000E-04  2.56000E-04  2.88000E-04  3.20000E-04
  3.52000E-04  3.84000E-04  4.16000E-04  4.48000E-04  4.80000E-04  5.12000E-04
  5.76000E-04  6.40000E-04  7.04000E-04  7.68000E-04  8.32000E-04  8.96000E-04
  9.60000E-04  1.02400E-03  1.15200E-03  1.28000E-03  1.40800E-03  1.53600E-03
  1.66400E-03  1.79200E-03  1.92000E-03  2.01600E-03  2.27200E-03  2.52800E-03
  2.78400E-03  3.04000E-03  3.29600E-03  3.55200E-03  3.80800E-03  4.06400E-03
  4.57600E-03  5.08800E-03  5.60000E-03  6.11200E-03  6.62400E-03  7.13600E-03
  7.64800E-03  8.16000E-03  9.18400E-03  1.02080E-02  1.12320E-02  1.22560E-02
  1.32800E-02  1.43040E-02  1.53280E-02  1.63520E-02  1.84000E-02  2.04480E-02
  2.24960E-02  2.45440E-02  2.65920E-02  2.86400E-02  3.06880E-02  3.27360E-02
  3.68320E-02  4.09280E-02  4.50240E-02  4.91200E-02  5.32160E-02
  1.63205E+00  1.63044E+00  1.62528E+00  1.62486E+00  1.62670E+00  1.62485E+00
  1.62106E+00  1.62046E+00  1.62290E+00  1.62415E+00  1.62240E+00  1.62126E+00
  1.61836E+00  1.61712E+00  1.62392E+00  1.62103E+00  1.61714E+00  1.62118E+00
  1.61870E+00  1.62341E+00  1.61959E+00  1.61926E+00  1.62027E+00  1.61805E+00
  1.61780E+00  1.61741E+00  1.61496E+00  1.61553E+00  1.61595E+00  1.61429E+00
  1.61348E+00  1.61458E+00  1.61233E+00  1.60977E+00  1.60920E+00  1.60751E+00
  1.60672E+00  1.60559E+00  1.60317E+00  1.59992E+00  1.59804E+00  1.59644E+00
  1.59420E+00  1.59141E+00  1.58950E+00  1.58628E+00  1.58160E+00  1.57694E+00
  1.57325E+00  1.56816E+00  1.56327E+00  1.55898E+00  1.55313E+00  1.54926E+00
  1.53960E+00  1.53030E+00  1.52145E+00  1.51291E+00  1.50265E+00  1.49444E+00
  1.48536E+00  1.47689E+00  1.45897E+00  1.44135E+00  1.42439E+00  1.40769E+00
  1.39081E+00  1.37361E+00  1.35704E+00  1.34083E+00  1.30883E+00  1.27781E+00
  1.24754E+00  1.21823E+00  1.18950E+00  1.16164E+00  1.13492E+00  1.10907E+00
  1.05810E+00  1.01000E+00  9.64575E-01  9.21086E-01  8.79624E-01  8.39942E-01
  8.02649E-01  7.67704E-01  7.01119E-01  6.39882E-01  5.84519E-01  5.33790E-01
  4.87208E-01  4.45204E-01  4.07472E-01  3.83049E-01  3.22264E-01  2.71774E-01
  2.30147E-01  1.95770E-01  1.66523E-01  1.39284E-01  1.15496E-01  9.63087E-02
  6.47222E-02  4.79596E-02  3.62487E-02  2.56796E-02  1.59723E-02  9.93586E-03
  9.58187E-03  9.54586E-03  8.81468E-03  6.49924E-03  9.01601E-03  6.18598E-03
  1.27296E-03  3.01810E-03  1.34468E-03 -5.29418E-03 -1.56154E-02 -1.11333E-02
 -9.54817E-03 -1.46011E-02 -4.93146E-03 -4.77530E-03  4.49314E-03 -6.29678E-04
  7.73656E-03  2.31894E-03  3.85031E-04  1.33600E-02  1.38216E-02
