AutoSaveFileName0093.ASC
 IFORMY    0    .00
 (6E13.7)
 IFORMT    0    .00
 (6E13.7)
 IFORMW    0    .00
 (6E13.7)
 NINTT     0   -1.00
 DOUSNQ    0    1.00
 IQUAD          1.00
 PRWT      0    1.00
 PRY       0    1.00
 IPLRES    1    3.00
 IPLRES    2    3.00
 IPRINT    1    0.00
 IPRINT    2    2.00
 IPLFIT    1    0.00
 IPLFIT    2    0.00
 LINEPG    0   50.
 NONNEG    1    1.00
 IWT       0    5.00
 NQPROG    1    5.00
 NQPROG    2    5.00
 GMNMX     1    4.525E-05
 GMNMX     2    4.525E-02
 RUSER    10    -1.00
 NG        0    200.00
 NLINF     0    0.00
 IUSER    10    4.00
 RUSER    21    1.0
 RUSER    22   -1.0
 RUSER    23    0.0
 RUSER    18         291.88620
 RUSER    17         45.99900
 RUSER    19         1.03341
 RUSER    15         1.33200
 RUSER    16         632.80000
 RUSER    25         1
 RUSER    26         0
 END       0    0.00
 NY      131
  3.75000E-07  5.00000E-07  6.25000E-07  7.50000E-07  8.75000E-07  1.00000E-06
  1.12500E-06  1.25000E-06  1.37500E-06  1.50000E-06  1.62500E-06  1.75000E-06
  1.87500E-06  2.00000E-06  2.25000E-06  2.50000E-06  2.75000E-06  3.00000E-06
  3.25000E-06  3.50000E-06  3.75000E-06  4.00000E-06  4.50000E-06  5.00000E-06
  5.50000E-06  6.00000E-06  6.50000E-06  7.00000E-06  7.50000E-06  8.00000E-06
  9.00000E-06  1.00000E-05  1.10000E-05  1.20000E-05  1.30000E-05  1.40000E-05
  1.50000E-05  1.60000E-05  1.80000E-05  2.00000E-05  2.20000E-05  2.40000E-05
  2.60000E-05  2.80000E-05  3.00000E-05  3.20000E-05  3.60000E-05  4.00000E-05
  4.40000E-05  4.80000E-05  5.20000E-05  5.60000E-05  6.00000E-05  6.40000E-05
  7.20000E-05  8.00000E-05  8.80000E-05  9.60000E-05  1.04000E-04  1.12000E-04
  1.20000E-04  1.28000E-04  1.44000E-04  1.60000E-04  1.76000E-04  1.92000E-04
  2.08000E-04  2.24000E-04  2.40000E-04  2.56000E-04  2.88000E-04  3.20000E-04
  3.52000E-04  3.84000E-04  4.16000E-04  4.48000E-04  4.80000E-04  5.12000E-04
  5.76000E-04  6.40000E-04  7.04000E-04  7.68000E-04  8.32000E-04  8.96000E-04
  9.60000E-04  1.02400E-03  1.15200E-03  1.28000E-03  1.40800E-03  1.53600E-03
  1.66400E-03  1.79200E-03  1.92000E-03  2.01600E-03  2.27200E-03  2.52800E-03
  2.78400E-03  3.04000E-03  3.29600E-03  3.55200E-03  3.80800E-03  4.06400E-03
  4.57600E-03  5.08800E-03  5.60000E-03  6.11200E-03  6.62400E-03  7.13600E-03
  7.64800E-03  8.16000E-03  9.18400E-03  1.02080E-02  1.12320E-02  1.22560E-02
  1.32800E-02  1.43040E-02  1.53280E-02  1.63520E-02  1.84000E-02  2.04480E-02
  2.24960E-02  2.45440E-02  2.65920E-02  2.86400E-02  3.06880E-02  3.27360E-02
  3.68320E-02  4.09280E-02  4.50240E-02  4.91200E-02  5.32160E-02
  8.31203E-01  8.44446E-01  8.34311E-01  8.37621E-01  8.27757E-01  8.29548E-01
  8.34524E-01  8.32094E-01  8.29519E-01  8.28203E-01  8.38831E-01  8.27961E-01
  8.31629E-01  8.27657E-01  8.31064E-01  8.30193E-01  8.31306E-01  8.27033E-01
  8.31476E-01  8.31597E-01  8.29854E-01  8.31936E-01  8.30334E-01  8.30460E-01
  8.28059E-01  8.29864E-01  8.32066E-01  8.28763E-01  8.27260E-01  8.27218E-01
  8.29690E-01  8.30112E-01  8.29914E-01  8.27327E-01  8.29057E-01  8.26986E-01
  8.30345E-01  8.29489E-01  8.28185E-01  8.27461E-01  8.29385E-01  8.26634E-01
  8.26952E-01  8.26468E-01  8.27587E-01  8.27047E-01  8.25715E-01  8.26748E-01
  8.25424E-01  8.25184E-01  8.23596E-01  8.23846E-01  8.22705E-01  8.22403E-01
  8.21883E-01  8.21248E-01  8.20040E-01  8.18474E-01  8.17551E-01  8.16456E-01
  8.15399E-01  8.13867E-01  8.12365E-01  8.10241E-01  8.07495E-01  8.05885E-01
  8.03428E-01  8.01925E-01  7.99574E-01  7.97052E-01  7.93221E-01  7.89049E-01
  7.84748E-01  7.80736E-01  7.76223E-01  7.72470E-01  7.68423E-01  7.64475E-01
  7.56303E-01  7.48457E-01  7.40822E-01  7.32901E-01  7.24856E-01  7.17572E-01
  7.09697E-01  7.02022E-01  6.87435E-01  6.72359E-01  6.57885E-01  6.43908E-01
  6.30511E-01  6.17344E-01  6.04305E-01  5.93309E-01  5.68969E-01  5.44994E-01
  5.22136E-01  5.00331E-01  4.79403E-01  4.59394E-01  4.40383E-01  4.22776E-01
  3.89006E-01  3.56869E-01  3.28311E-01  3.01827E-01  2.77562E-01  2.55132E-01
  2.34260E-01  2.16068E-01  1.84852E-01  1.57815E-01  1.33871E-01  1.14004E-01
  9.81303E-02  8.40021E-02  7.13391E-02  6.10939E-02  4.54261E-02  3.21519E-02
  2.00349E-02  1.06762E-02  5.55347E-03  9.10089E-03  1.07796E-02  9.69355E-03
 -4.97666E-03 -2.26995E-02 -3.25942E-02 -3.76534E-02 -3.25993E-02
