AutoSaveFileName0234.ASC
 IFORMY    0    .00
 (6E13.7)
 IFORMT    0    .00
 (6E13.7)
 IFORMW    0    .00
 (6E13.7)
 NINTT     0   -1.00
 DOUSNQ    0    1.00
 IQUAD     0    1.00
 PRWT      0    1.00
 PRY       0    1.00
 IPLRES    1    3.00
 IPLRES    2    3.00
 IPRINT    1    0.00
 IPRINT    2    2.00
 IPLFIT    1    0.00
 IPLFIT    2    0.00
 LINEPG    0   50.
 NONNEG    1    1.00
 IWT       0    5.00
 NQPROG    1    5.00
 NQPROG    2    5.00
 GMNMX     1    3.25936E-03
 GMNMX     2    1.17003E-03
 RUSER    10    -1.00
 NG        0    500.00
 NLINF     0    1.00
 IUSER    10    4.00
 RUSER    21    1.0
 RUSER    22   -1.0
 RUSER    23    0.0
 RUSER    18         292.11189
 RUSER    17         129.99900
 RUSER    19         1.02765
 RUSER    15         1.33200
 RUSER    16         632.80000
 RUSER    25         1
 RUSER    26         0
 END       0    0.00
 NY      162
  7.50000E-07  8.75000E-07  1.00000E-06  1.12500E-06  1.25000E-06  1.37500E-06
  1.50000E-06  1.62500E-06  1.75000E-06  1.87500E-06  2.00000E-06  2.25000E-06
  2.50000E-06  2.75000E-06  3.00000E-06  3.25000E-06  3.50000E-06  3.75000E-06
  4.00000E-06  4.50000E-06  5.00000E-06  5.50000E-06  6.00000E-06  6.50000E-06
  7.00000E-06  7.50000E-06  8.00000E-06  9.00000E-06  1.00000E-05  1.10000E-05
  1.20000E-05  1.30000E-05  1.40000E-05  1.50000E-05  1.60000E-05  1.80000E-05
  2.00000E-05  2.20000E-05  2.40000E-05  2.60000E-05  2.80000E-05  3.00000E-05
  3.20000E-05  3.60000E-05  4.00000E-05  4.40000E-05  4.80000E-05  5.20000E-05
  5.60000E-05  6.00000E-05  6.40000E-05  7.20000E-05  8.00000E-05  8.80000E-05
  9.60000E-05  1.04000E-04  1.12000E-04  1.20000E-04  1.28000E-04  1.44000E-04
  1.60000E-04  1.76000E-04  1.92000E-04  2.08000E-04  2.24000E-04  2.40000E-04
  2.56000E-04  2.88000E-04  3.20000E-04  3.52000E-04  3.84000E-04  4.16000E-04
  4.48000E-04  4.80000E-04  5.12000E-04  5.76000E-04  6.40000E-04  7.04000E-04
  7.68000E-04  8.32000E-04  8.96000E-04  9.60000E-04  1.02400E-03  1.15200E-03
  1.28000E-03  1.40800E-03  1.53600E-03  1.66400E-03  1.79200E-03  1.92000E-03
  2.01600E-03  2.27200E-03  2.52800E-03  2.78400E-03  3.04000E-03  3.29600E-03
  3.55200E-03  3.80800E-03  4.06400E-03  4.57600E-03  5.08800E-03  5.60000E-03
  6.11200E-03  6.62400E-03  7.13600E-03  7.64800E-03  8.16000E-03  9.18400E-03
  1.02080E-02  1.12320E-02  1.22560E-02  1.32800E-02  1.43040E-02  1.53280E-02
  1.63520E-02  1.84000E-02  2.04480E-02  2.24960E-02  2.45440E-02  2.65920E-02
  2.86400E-02  3.06880E-02  3.27360E-02  3.68320E-02  4.09280E-02  4.50240E-02
  4.91200E-02  5.32160E-02  5.73120E-02  6.14080E-02  6.55040E-02  7.36960E-02
  8.18880E-02  9.00800E-02  9.82720E-02  1.06464E-01  1.14656E-01  1.22848E-01
  1.31040E-01  1.47424E-01  1.63808E-01  1.80192E-01  1.96576E-01  2.12960E-01
  2.29344E-01  2.45728E-01  2.62112E-01  2.94880E-01  3.27648E-01  3.60416E-01
  3.93184E-01  4.25952E-01  4.58720E-01  4.91488E-01  5.24256E-01  5.89792E-01
  6.55328E-01  7.20864E-01  7.86400E-01  8.51936E-01  9.17472E-01  9.83008E-01
  1.00000E+00  9.96526E-01  9.99395E-01  9.97504E-01  9.94726E-01  9.92502E-01
  9.91044E-01  9.91471E-01  9.91628E-01  9.90676E-01  9.87525E-01  9.86188E-01
  9.84920E-01  9.84751E-01  9.85639E-01  9.80983E-01  9.81959E-01  9.79711E-01
  9.77956E-01  9.74807E-01  9.72262E-01  9.69346E-01  9.67487E-01  9.63676E-01
  9.62494E-01  9.59124E-01  9.56085E-01  9.49684E-01  9.45481E-01  9.40782E-01
  9.34421E-01  9.28715E-01  9.25624E-01  9.20853E-01  9.15195E-01  9.03641E-01
  8.94725E-01  8.84712E-01  8.75889E-01  8.65503E-01  8.55291E-01  8.45660E-01
  8.36796E-01  8.17780E-01  7.99527E-01  7.82842E-01  7.65369E-01  7.48169E-01
  7.32061E-01  7.15879E-01  7.00023E-01  6.69430E-01  6.40216E-01  6.12568E-01
  5.85694E-01  5.60487E-01  5.35729E-01  5.12443E-01  4.90299E-01  4.48225E-01
  4.10322E-01  3.75230E-01  3.43242E-01  3.14393E-01  2.87991E-01  2.63770E-01
  2.41840E-01  2.02810E-01  1.70389E-01  1.43136E-01  1.19748E-01  1.00293E-01
  8.35840E-02  6.97831E-02  5.88648E-02  4.11110E-02  2.89965E-02  2.07332E-02
  1.47418E-02  1.05607E-02  7.36923E-03  5.64483E-03  4.43723E-03  3.46362E-03
  2.26195E-03  6.68685E-04 -1.97336E-04 -6.31414E-04 -1.28502E-03 -3.68537E-04
  4.91415E-04  1.51756E-03  1.76237E-03  1.33508E-03  1.37309E-03 -1.23474E-03
 -9.17876E-04  6.12076E-04  4.00679E-04  1.08024E-03 -9.15549E-04 -1.32709E-03
  1.67837E-03  2.69302E-03 -2.77826E-04 -2.03121E-04 -2.17616E-04  1.31503E-04
  2.71078E-04 -1.45362E-03 -1.14114E-03 -6.22255E-05  3.07986E-04  4.72496E-04
 -1.57483E-04 -4.97394E-04  8.72995E-04 -4.91574E-04  8.73315E-04  1.11160E-03
 -2.73111E-04 -1.07683E-04  6.78883E-04  9.49012E-05 -1.29322E-04  1.84618E-04
 -3.35458E-04  9.77426E-04  1.39035E-03 -3.30840E-04 -5.41670E-04 -1.46529E-04
 -3.81743E-04 -2.08215E-05 -1.43015E-04 -3.50607E-04  2.57584E-04 -8.57454E-04
  2.14275E-04 -6.47757E-05 -2.32999E-04  4.84214E-05 -8.40764E-04  5.88662E-05
 -4.84482E-04 -4.59247E-04  1.13557E-05 -3.29055E-05  2.43433E-04  4.21721E-04
  3.80428E-04 -9.64379E-06  1.45590E-05 -1.70384E-06 -8.32698E-05 -1.14973E-04
  2.62789E-05 -1.66420E-04  3.22083E-06 -1.60767E-04  1.08006E-04 -6.22709E-05
