AutoSaveFileName0265.ASC
 IFORMY    0    .00
 (6E13.7)
 IFORMT    0    .00
 (6E13.7)
 IFORMW    0    .00
 (6E13.7)
 NINTT     0   -1.00
 DOUSNQ    0    1.00
 IQUAD          1.00
 PRWT      0    1.00
 PRY       0    1.00
 IPLRES    1    3.00
 IPLRES    2    3.00
 IPRINT    1    0.00
 IPRINT    2    2.00
 IPLFIT    1    0.00
 IPLFIT    2    0.00
 LINEPG    0   50.
 NONNEG    1    1.00
 IWT       0    5.00
 NQPROG    1    5.00
 NQPROG    2    5.00
 GMNMX     1    1.121E-05
 GMNMX     2    1.121E-02
 RUSER    10    -1.00
 NG        0    200.00
 NLINF     0    0.00
 IUSER    10    4.00
 RUSER    21    1.0
 RUSER    22   -1.0
 RUSER    23    0.0
 RUSER    18         292.11960
 RUSER    17         102.99900
 RUSER    19         1.02745
 RUSER    15         1.33200
 RUSER    16         632.80000
 RUSER    25         1
 RUSER    26         0
 END       0    0.00
 NY      131
  3.75000E-07  5.00000E-07  6.25000E-07  7.50000E-07  8.75000E-07  1.00000E-06
  1.12500E-06  1.25000E-06  1.37500E-06  1.50000E-06  1.62500E-06  1.75000E-06
  1.87500E-06  2.00000E-06  2.25000E-06  2.50000E-06  2.75000E-06  3.00000E-06
  3.25000E-06  3.50000E-06  3.75000E-06  4.00000E-06  4.50000E-06  5.00000E-06
  5.50000E-06  6.00000E-06  6.50000E-06  7.00000E-06  7.50000E-06  8.00000E-06
  9.00000E-06  1.00000E-05  1.10000E-05  1.20000E-05  1.30000E-05  1.40000E-05
  1.50000E-05  1.60000E-05  1.80000E-05  2.00000E-05  2.20000E-05  2.40000E-05
  2.60000E-05  2.80000E-05  3.00000E-05  3.20000E-05  3.60000E-05  4.00000E-05
  4.40000E-05  4.80000E-05  5.20000E-05  5.60000E-05  6.00000E-05  6.40000E-05
  7.20000E-05  8.00000E-05  8.80000E-05  9.60000E-05  1.04000E-04  1.12000E-04
  1.20000E-04  1.28000E-04  1.44000E-04  1.60000E-04  1.76000E-04  1.92000E-04
  2.08000E-04  2.24000E-04  2.40000E-04  2.56000E-04  2.88000E-04  3.20000E-04
  3.52000E-04  3.84000E-04  4.16000E-04  4.48000E-04  4.80000E-04  5.12000E-04
  5.76000E-04  6.40000E-04  7.04000E-04  7.68000E-04  8.32000E-04  8.96000E-04
  9.60000E-04  1.02400E-03  1.15200E-03  1.28000E-03  1.40800E-03  1.53600E-03
  1.66400E-03  1.79200E-03  1.92000E-03  2.01600E-03  2.27200E-03  2.52800E-03
  2.78400E-03  3.04000E-03  3.29600E-03  3.55200E-03  3.80800E-03  4.06400E-03
  4.57600E-03  5.08800E-03  5.60000E-03  6.11200E-03  6.62400E-03  7.13600E-03
  7.64800E-03  8.16000E-03  9.18400E-03  1.02080E-02  1.12320E-02  1.22560E-02
  1.32800E-02  1.43040E-02  1.53280E-02  1.63520E-02  1.84000E-02  2.04480E-02
  2.24960E-02  2.45440E-02  2.65920E-02  2.86400E-02  3.06880E-02  3.27360E-02
  3.68320E-02  4.09280E-02  4.50240E-02  4.91200E-02  5.32160E-02
  1.61398E+00  1.61445E+00  1.61463E+00  1.61464E+00  1.60970E+00  1.60727E+00
  1.61226E+00  1.60958E+00  1.60347E+00  1.60996E+00  1.60337E+00  1.60833E+00
  1.60702E+00  1.60771E+00  1.60417E+00  1.60630E+00  1.60418E+00  1.60642E+00
  1.60440E+00  1.60208E+00  1.60275E+00  1.60350E+00  1.60185E+00  1.60254E+00
  1.60126E+00  1.60120E+00  1.60178E+00  1.60111E+00  1.59933E+00  1.59934E+00
  1.59815E+00  1.59836E+00  1.59665E+00  1.59671E+00  1.59492E+00  1.59299E+00
  1.59407E+00  1.59111E+00  1.58993E+00  1.58769E+00  1.58597E+00  1.58350E+00
  1.58160E+00  1.58005E+00  1.57708E+00  1.57539E+00  1.57072E+00  1.56696E+00
  1.56245E+00  1.55829E+00  1.55331E+00  1.55033E+00  1.54580E+00  1.54148E+00
  1.53416E+00  1.52552E+00  1.51741E+00  1.50909E+00  1.50085E+00  1.49292E+00
  1.48526E+00  1.47783E+00  1.46202E+00  1.44686E+00  1.43185E+00  1.41648E+00
  1.40212E+00  1.38763E+00  1.37300E+00  1.35826E+00  1.32993E+00  1.30232E+00
  1.27520E+00  1.24853E+00  1.22262E+00  1.19713E+00  1.17225E+00  1.14763E+00
  1.09988E+00  1.05479E+00  1.01190E+00  9.70669E-01  9.30977E-01  8.92803E-01
  8.56858E-01  7.89648E-01  7.26787E-01  6.69187E-01  6.15729E-01  5.66732E-01
  5.22234E-01  4.81073E-01  4.43603E-01  4.37243E-01  3.71951E-01  3.15697E-01
  2.66513E-01  2.24919E-01  1.89467E-01  1.60630E-01  1.37564E-01  1.18435E-01
  8.35126E-02  5.74758E-02  4.15895E-02  3.44886E-02  3.10608E-02  2.86808E-02
  2.51245E-02  2.03484E-02  1.16021E-02  4.73442E-03  6.04186E-03  1.11014E-02
  5.74800E-03  1.50136E-03 -3.50612E-03 -5.59032E-03 -5.97765E-03 -9.06982E-03
 -1.58535E-02 -1.17778E-02  8.56387E-03  7.54802E-03  6.31388E-03  2.62268E-03
  4.67868E-03  2.75248E-03 -7.64516E-03 -6.01896E-03 -7.72596E-03
