AutoSaveFileName0266.ASC
 IFORMY    0    .00
 (6E13.7)
 IFORMT    0    .00
 (6E13.7)
 IFORMW    0    .00
 (6E13.7)
 NINTT     0   -1.00
 DOUSNQ    0    1.00
 IQUAD          1.00
 PRWT      0    1.00
 PRY       0    1.00
 IPLRES    1    3.00
 IPLRES    2    3.00
 IPRINT    1    0.00
 IPRINT    2    2.00
 IPLFIT    1    0.00
 IPLFIT    2    0.00
 LINEPG    0   50.
 NONNEG    1    1.00
 IWT       0    5.00
 NQPROG    1    5.00
 NQPROG    2    5.00
 GMNMX     1    1.121E-05
 GMNMX     2    1.121E-02
 RUSER    10    -1.00
 NG        0    200.00
 NLINF     0    0.00
 IUSER    10    4.00
 RUSER    21    1.0
 RUSER    22   -1.0
 RUSER    23    0.0
 RUSER    18         292.12135
 RUSER    17         102.99900
 RUSER    19         1.02741
 RUSER    15         1.33200
 RUSER    16         632.80000
 RUSER    25         1
 RUSER    26         0
 END       0    0.00
 NY      131
  3.75000E-07  5.00000E-07  6.25000E-07  7.50000E-07  8.75000E-07  1.00000E-06
  1.12500E-06  1.25000E-06  1.37500E-06  1.50000E-06  1.62500E-06  1.75000E-06
  1.87500E-06  2.00000E-06  2.25000E-06  2.50000E-06  2.75000E-06  3.00000E-06
  3.25000E-06  3.50000E-06  3.75000E-06  4.00000E-06  4.50000E-06  5.00000E-06
  5.50000E-06  6.00000E-06  6.50000E-06  7.00000E-06  7.50000E-06  8.00000E-06
  9.00000E-06  1.00000E-05  1.10000E-05  1.20000E-05  1.30000E-05  1.40000E-05
  1.50000E-05  1.60000E-05  1.80000E-05  2.00000E-05  2.20000E-05  2.40000E-05
  2.60000E-05  2.80000E-05  3.00000E-05  3.20000E-05  3.60000E-05  4.00000E-05
  4.40000E-05  4.80000E-05  5.20000E-05  5.60000E-05  6.00000E-05  6.40000E-05
  7.20000E-05  8.00000E-05  8.80000E-05  9.60000E-05  1.04000E-04  1.12000E-04
  1.20000E-04  1.28000E-04  1.44000E-04  1.60000E-04  1.76000E-04  1.92000E-04
  2.08000E-04  2.24000E-04  2.40000E-04  2.56000E-04  2.88000E-04  3.20000E-04
  3.52000E-04  3.84000E-04  4.16000E-04  4.48000E-04  4.80000E-04  5.12000E-04
  5.76000E-04  6.40000E-04  7.04000E-04  7.68000E-04  8.32000E-04  8.96000E-04
  9.60000E-04  1.02400E-03  1.15200E-03  1.28000E-03  1.40800E-03  1.53600E-03
  1.66400E-03  1.79200E-03  1.92000E-03  2.01600E-03  2.27200E-03  2.52800E-03
  2.78400E-03  3.04000E-03  3.29600E-03  3.55200E-03  3.80800E-03  4.06400E-03
  4.57600E-03  5.08800E-03  5.60000E-03  6.11200E-03  6.62400E-03  7.13600E-03
  7.64800E-03  8.16000E-03  9.18400E-03  1.02080E-02  1.12320E-02  1.22560E-02
  1.32800E-02  1.43040E-02  1.53280E-02  1.63520E-02  1.84000E-02  2.04480E-02
  2.24960E-02  2.45440E-02  2.65920E-02  2.86400E-02  3.06880E-02  3.27360E-02
  3.68320E-02  4.09280E-02  4.50240E-02  4.91200E-02  5.32160E-02
  2.41973E+00  2.41597E+00  2.41794E+00  2.41329E+00  2.41049E+00  2.41345E+00
  2.41404E+00  2.41001E+00  2.40581E+00  2.41114E+00  2.40321E+00  2.40860E+00
  2.40734E+00  2.40735E+00  2.40499E+00  2.40482E+00  2.40179E+00  2.40530E+00
  2.40245E+00  2.39968E+00  2.39971E+00  2.39969E+00  2.40054E+00  2.39970E+00
  2.40036E+00  2.39751E+00  2.39982E+00  2.39838E+00  2.39580E+00  2.39496E+00
  2.39371E+00  2.39394E+00  2.39148E+00  2.39052E+00  2.38878E+00  2.38614E+00
  2.38689E+00  2.38370E+00  2.38114E+00  2.37822E+00  2.37510E+00  2.37219E+00
  2.36829E+00  2.36632E+00  2.36210E+00  2.35931E+00  2.35241E+00  2.34664E+00
  2.34074E+00  2.33370E+00  2.32741E+00  2.32190E+00  2.31591E+00  2.30890E+00
  2.29808E+00  2.28467E+00  2.27272E+00  2.26094E+00  2.24871E+00  2.23675E+00
  2.22529E+00  2.21400E+00  2.19076E+00  2.16781E+00  2.14539E+00  2.12252E+00
  2.10081E+00  2.07919E+00  2.05723E+00  2.03555E+00  1.99330E+00  1.95219E+00
  1.91161E+00  1.87192E+00  1.83299E+00  1.79477E+00  1.75785E+00  1.72133E+00
  1.65053E+00  1.58375E+00  1.51944E+00  1.45764E+00  1.39800E+00  1.34071E+00
  1.28630E+00  1.17882E+00  1.08444E+00  9.98193E-01  9.18632E-01  8.45806E-01
  7.79802E-01  7.18877E-01  6.62951E-01  6.57213E-01  5.59254E-01  4.74360E-01
  4.00945E-01  3.38847E-01  2.87093E-01  2.44873E-01  2.10843E-01  1.82540E-01
  1.31974E-01  9.45892E-02  7.01481E-02  5.71009E-02  4.99771E-02  4.35949E-02
  3.73662E-02  3.03848E-02  1.93365E-02  1.32674E-02  1.52457E-02  1.71853E-02
  1.07347E-02  5.67262E-03 -4.38048E-05 -4.83597E-03 -1.18397E-02 -1.47584E-02
 -1.71951E-02 -1.47131E-02  4.32510E-03  5.09519E-03  1.05108E-02  7.32223E-03
  4.66118E-04 -7.95343E-04 -1.55789E-02 -1.77097E-02 -1.20274E-02
