AutoSaveFileName0031.ASC
 IFORMY    0    .00
 (6E13.7)
 IFORMT    0    .00
 (6E13.7)
 IFORMW    0    .00
 (6E13.7)
 NINTT     0   -1.00
 DOUSNQ    0    1.00
 IQUAD          1.00
 PRWT      0    1.00
 PRY       0    1.00
 IPLRES    1    3.00
 IPLRES    2    3.00
 IPRINT    1    0.00
 IPRINT    2    2.00
 IPLFIT    1    0.00
 IPLFIT    2    0.00
 LINEPG    0   50.
 NONNEG    1    1.00
 IWT       0    5.00
 NQPROG    1    5.00
 NQPROG    2    5.00
 GMNMX     1    1.477E-04
 GMNMX     2    1.477E-01
 RUSER    10    -1.00
 NG        0    200.00
 NLINF     0    0.00
 IUSER    10    4.00
 RUSER    21    1.0
 RUSER    22   -1.0
 RUSER    23    0.0
 RUSER    18         291.82218
 RUSER    17         24.99900
 RUSER    19         1.03505
 RUSER    15         1.33200
 RUSER    16         632.80000
 RUSER    25         1
 RUSER    26         0
 END       0    0.00
 NY      131
  3.75000E-07  5.00000E-07  6.25000E-07  7.50000E-07  8.75000E-07  1.00000E-06
  1.12500E-06  1.25000E-06  1.37500E-06  1.50000E-06  1.62500E-06  1.75000E-06
  1.87500E-06  2.00000E-06  2.25000E-06  2.50000E-06  2.75000E-06  3.00000E-06
  3.25000E-06  3.50000E-06  3.75000E-06  4.00000E-06  4.50000E-06  5.00000E-06
  5.50000E-06  6.00000E-06  6.50000E-06  7.00000E-06  7.50000E-06  8.00000E-06
  9.00000E-06  1.00000E-05  1.10000E-05  1.20000E-05  1.30000E-05  1.40000E-05
  1.50000E-05  1.60000E-05  1.80000E-05  2.00000E-05  2.20000E-05  2.40000E-05
  2.60000E-05  2.80000E-05  3.00000E-05  3.20000E-05  3.60000E-05  4.00000E-05
  4.40000E-05  4.80000E-05  5.20000E-05  5.60000E-05  6.00000E-05  6.40000E-05
  7.20000E-05  8.00000E-05  8.80000E-05  9.60000E-05  1.04000E-04  1.12000E-04
  1.20000E-04  1.28000E-04  1.44000E-04  1.60000E-04  1.76000E-04  1.92000E-04
  2.08000E-04  2.24000E-04  2.40000E-04  2.56000E-04  2.88000E-04  3.20000E-04
  3.52000E-04  3.84000E-04  4.16000E-04  4.48000E-04  4.80000E-04  5.12000E-04
  5.76000E-04  6.40000E-04  7.04000E-04  7.68000E-04  8.32000E-04  8.96000E-04
  9.60000E-04  1.02400E-03  1.15200E-03  1.28000E-03  1.40800E-03  1.53600E-03
  1.66400E-03  1.79200E-03  1.92000E-03  2.01600E-03  2.27200E-03  2.52800E-03
  2.78400E-03  3.04000E-03  3.29600E-03  3.55200E-03  3.80800E-03  4.06400E-03
  4.57600E-03  5.08800E-03  5.60000E-03  6.11200E-03  6.62400E-03  7.13600E-03
  7.64800E-03  8.16000E-03  9.18400E-03  1.02080E-02  1.12320E-02  1.22560E-02
  1.32800E-02  1.43040E-02  1.53280E-02  1.63520E-02  1.84000E-02  2.04480E-02
  2.24960E-02  2.45440E-02  2.65920E-02  2.86400E-02  3.06880E-02  3.27360E-02
  3.68320E-02  4.09280E-02  4.50240E-02  4.91200E-02  5.32160E-02
  1.57298E+00  1.57086E+00  1.57057E+00  1.56855E+00  1.56959E+00  1.56911E+00
  1.56999E+00  1.56617E+00  1.56880E+00  1.56558E+00  1.56844E+00  1.56461E+00
  1.56586E+00  1.56674E+00  1.56719E+00  1.56711E+00  1.56619E+00  1.56555E+00
  1.56937E+00  1.56671E+00  1.56682E+00  1.56621E+00  1.56641E+00  1.56517E+00
  1.56589E+00  1.56487E+00  1.56795E+00  1.56698E+00  1.56703E+00  1.56654E+00
  1.56536E+00  1.56711E+00  1.56601E+00  1.56665E+00  1.56770E+00  1.56546E+00
  1.56640E+00  1.56659E+00  1.56618E+00  1.56564E+00  1.56539E+00  1.56572E+00
  1.56621E+00  1.56575E+00  1.56489E+00  1.56525E+00  1.56470E+00  1.56469E+00
  1.56389E+00  1.56325E+00  1.56345E+00  1.56309E+00  1.56363E+00  1.56301E+00
  1.56176E+00  1.56160E+00  1.56045E+00  1.56036E+00  1.55983E+00  1.55858E+00
  1.55846E+00  1.55780E+00  1.55642E+00  1.55529E+00  1.55407E+00  1.55299E+00
  1.55149E+00  1.55039E+00  1.54894E+00  1.54769E+00  1.54536E+00  1.54291E+00
  1.54027E+00  1.53800E+00  1.53538E+00  1.53296E+00  1.53081E+00  1.52769E+00
  1.52269E+00  1.51786E+00  1.51298E+00  1.50815E+00  1.50336E+00  1.49851E+00
  1.49374E+00  1.48823E+00  1.47888E+00  1.46950E+00  1.46028E+00  1.45093E+00
  1.44173E+00  1.43282E+00  1.42394E+00  1.41716E+00  1.39948E+00  1.38209E+00
  1.36485E+00  1.34803E+00  1.33125E+00  1.31461E+00  1.29814E+00  1.28183E+00
  1.24993E+00  1.21881E+00  1.18862E+00  1.15909E+00  1.12989E+00  1.10135E+00
  1.07377E+00  1.04689E+00  9.94786E-01  9.44332E-01  8.95211E-01  8.48923E-01
  8.05855E-01  7.65686E-01  7.28596E-01  6.93023E-01  6.28073E-01  5.72691E-01
  5.24843E-01  4.81213E-01  4.41869E-01  4.06775E-01  3.75658E-01  3.49165E-01
  2.98831E-01  2.50608E-01  2.10980E-01  1.76745E-01  1.44930E-01
