AutoSaveFileName0330.ASC
 IFORMY    0    .00
 (6E13.7)
 IFORMT    0    .00
 (6E13.7)
 IFORMW    0    .00
 (6E13.7)
 NINTT     0   -1.00
 DOUSNQ    0    1.00
 IQUAD          1.00
 PRWT      0    1.00
 PRY       0    1.00
 IPLRES    1    3.00
 IPLRES    2    3.00
 IPRINT    1    0.00
 IPRINT    2    2.00
 IPLFIT    1    0.00
 IPLFIT    2    0.00
 LINEPG    0   50.
 NONNEG    1    1.00
 IWT       0    5.00
 NQPROG    1    5.00
 NQPROG    2    5.00
 GMNMX     1    8.696E-06
 GMNMX     2    8.696E-03
 RUSER    10    -1.00
 NG        0    200.00
 NLINF     0    0.00
 IUSER    10    4.00
 RUSER    21    1.0
 RUSER    22   -1.0
 RUSER    23    0.0
 RUSER    18         292.23121
 RUSER    17         124.99900
 RUSER    19         1.02462
 RUSER    15         1.33200
 RUSER    16         632.80000
 RUSER    25         1
 RUSER    26         0
 END       0    0.00
 NY      131
  3.75000E-07  5.00000E-07  6.25000E-07  7.50000E-07  8.75000E-07  1.00000E-06
  1.12500E-06  1.25000E-06  1.37500E-06  1.50000E-06  1.62500E-06  1.75000E-06
  1.87500E-06  2.00000E-06  2.25000E-06  2.50000E-06  2.75000E-06  3.00000E-06
  3.25000E-06  3.50000E-06  3.75000E-06  4.00000E-06  4.50000E-06  5.00000E-06
  5.50000E-06  6.00000E-06  6.50000E-06  7.00000E-06  7.50000E-06  8.00000E-06
  9.00000E-06  1.00000E-05  1.10000E-05  1.20000E-05  1.30000E-05  1.40000E-05
  1.50000E-05  1.60000E-05  1.80000E-05  2.00000E-05  2.20000E-05  2.40000E-05
  2.60000E-05  2.80000E-05  3.00000E-05  3.20000E-05  3.60000E-05  4.00000E-05
  4.40000E-05  4.80000E-05  5.20000E-05  5.60000E-05  6.00000E-05  6.40000E-05
  7.20000E-05  8.00000E-05  8.80000E-05  9.60000E-05  1.04000E-04  1.12000E-04
  1.20000E-04  1.28000E-04  1.44000E-04  1.60000E-04  1.76000E-04  1.92000E-04
  2.08000E-04  2.24000E-04  2.40000E-04  2.56000E-04  2.88000E-04  3.20000E-04
  3.52000E-04  3.84000E-04  4.16000E-04  4.48000E-04  4.80000E-04  5.12000E-04
  5.76000E-04  6.40000E-04  7.04000E-04  7.68000E-04  8.32000E-04  8.96000E-04
  9.60000E-04  1.02400E-03  1.15200E-03  1.28000E-03  1.40800E-03  1.53600E-03
  1.66400E-03  1.79200E-03  1.92000E-03  2.01600E-03  2.27200E-03  2.52800E-03
  2.78400E-03  3.04000E-03  3.29600E-03  3.55200E-03  3.80800E-03  4.06400E-03
  4.57600E-03  5.08800E-03  5.60000E-03  6.11200E-03  6.62400E-03  7.13600E-03
  7.64800E-03  8.16000E-03  9.18400E-03  1.02080E-02  1.12320E-02  1.22560E-02
  1.32800E-02  1.43040E-02  1.53280E-02  1.63520E-02  1.84000E-02  2.04480E-02
  2.24960E-02  2.45440E-02  2.65920E-02  2.86400E-02  3.06880E-02  3.27360E-02
  3.68320E-02  4.09280E-02  4.50240E-02  4.91200E-02  5.32160E-02
  8.32884E-01  8.31229E-01  8.31904E-01  8.27387E-01  8.29750E-01  8.31940E-01
  8.29201E-01  8.30997E-01  8.29187E-01  8.26906E-01  8.25985E-01  8.27860E-01
  8.29638E-01  8.30259E-01  8.30532E-01  8.31625E-01  8.30421E-01  8.27436E-01
  8.25327E-01  8.26686E-01  8.27411E-01  8.26390E-01  8.27340E-01  8.27968E-01
  8.24596E-01  8.24291E-01  8.24902E-01  8.23469E-01  8.25090E-01  8.23892E-01
  8.22737E-01  8.22096E-01  8.22528E-01  8.20908E-01  8.20501E-01  8.20045E-01
  8.18546E-01  8.19699E-01  8.18321E-01  8.15909E-01  8.15272E-01  8.13205E-01
  8.12236E-01  8.10442E-01  8.10603E-01  8.08041E-01  8.06333E-01  8.03833E-01
  8.01187E-01  7.97997E-01  7.95217E-01  7.93072E-01  7.90243E-01  7.88307E-01
  7.83295E-01  7.78200E-01  7.72907E-01  7.68253E-01  7.62840E-01  7.58087E-01
  7.53743E-01  7.48671E-01  7.39006E-01  7.29549E-01  7.20172E-01  7.10736E-01
  7.01681E-01  6.93061E-01  6.83787E-01  6.75520E-01  6.58074E-01  6.41459E-01
  6.24968E-01  6.08959E-01  5.93860E-01  5.78541E-01  5.63870E-01  5.49963E-01
  5.23184E-01  4.97467E-01  4.73143E-01  4.49797E-01  4.27983E-01  4.07263E-01
  3.87394E-01  3.65725E-01  3.31807E-01  3.00281E-01  2.71719E-01  2.46082E-01
  2.23711E-01  2.04541E-01  1.87052E-01  1.76052E-01  1.47760E-01  1.23743E-01
  1.01830E-01  8.38675E-02  6.94587E-02  5.78043E-02  4.74725E-02  4.02618E-02
  2.93690E-02  2.16463E-02  1.71559E-02  1.59931E-02  1.63984E-02  1.82793E-02
  1.81296E-02  1.50486E-02  6.48584E-03 -9.03563E-05 -6.37111E-03 -1.02839E-02
 -1.24443E-02 -6.66942E-03  6.16631E-04  5.93380E-03  9.36272E-03  2.33846E-03
 -6.96984E-04 -1.13900E-03  5.14368E-03  1.35779E-02  4.65139E-03 -3.30032E-04
 -5.58056E-03 -3.83004E-03 -7.64037E-03 -4.56042E-03  2.97953E-03
