AutoSaveFileName0105.ASC
 IFORMY    0    .00
 (6E13.7)
 IFORMT    0    .00
 (6E13.7)
 IFORMW    0    .00
 (6E13.7)
 NINTT     0   -1.00
 DOUSNQ    0    1.00
 IQUAD          1.00
 PRWT      0    1.00
 PRY       0    1.00
 IPLRES    1    3.00
 IPLRES    2    3.00
 IPRINT    1    0.00
 IPRINT    2    2.00
 IPLFIT    1    0.00
 IPLFIT    2    0.00
 LINEPG    0   50.
 NONNEG    1    1.00
 IWT       0    5.00
 NQPROG    1    5.00
 NQPROG    2    5.00
 GMNMX     1    3.867E-05
 GMNMX     2    3.867E-02
 RUSER    10    -1.00
 NG        0    200.00
 NLINF     0    0.00
 IUSER    10    4.00
 RUSER    21    1.0
 RUSER    22   -1.0
 RUSER    23    0.0
 RUSER    18         291.89951
 RUSER    17         49.99900
 RUSER    19         1.03307
 RUSER    15         1.33200
 RUSER    16         632.80000
 RUSER    25         1
 RUSER    26         0
 END       0    0.00
 NY      131
  3.75000E-07  5.00000E-07  6.25000E-07  7.50000E-07  8.75000E-07  1.00000E-06
  1.12500E-06  1.25000E-06  1.37500E-06  1.50000E-06  1.62500E-06  1.75000E-06
  1.87500E-06  2.00000E-06  2.25000E-06  2.50000E-06  2.75000E-06  3.00000E-06
  3.25000E-06  3.50000E-06  3.75000E-06  4.00000E-06  4.50000E-06  5.00000E-06
  5.50000E-06  6.00000E-06  6.50000E-06  7.00000E-06  7.50000E-06  8.00000E-06
  9.00000E-06  1.00000E-05  1.10000E-05  1.20000E-05  1.30000E-05  1.40000E-05
  1.50000E-05  1.60000E-05  1.80000E-05  2.00000E-05  2.20000E-05  2.40000E-05
  2.60000E-05  2.80000E-05  3.00000E-05  3.20000E-05  3.60000E-05  4.00000E-05
  4.40000E-05  4.80000E-05  5.20000E-05  5.60000E-05  6.00000E-05  6.40000E-05
  7.20000E-05  8.00000E-05  8.80000E-05  9.60000E-05  1.04000E-04  1.12000E-04
  1.20000E-04  1.28000E-04  1.44000E-04  1.60000E-04  1.76000E-04  1.92000E-04
  2.08000E-04  2.24000E-04  2.40000E-04  2.56000E-04  2.88000E-04  3.20000E-04
  3.52000E-04  3.84000E-04  4.16000E-04  4.48000E-04  4.80000E-04  5.12000E-04
  5.76000E-04  6.40000E-04  7.04000E-04  7.68000E-04  8.32000E-04  8.96000E-04
  9.60000E-04  1.02400E-03  1.15200E-03  1.28000E-03  1.40800E-03  1.53600E-03
  1.66400E-03  1.79200E-03  1.92000E-03  2.01600E-03  2.27200E-03  2.52800E-03
  2.78400E-03  3.04000E-03  3.29600E-03  3.55200E-03  3.80800E-03  4.06400E-03
  4.57600E-03  5.08800E-03  5.60000E-03  6.11200E-03  6.62400E-03  7.13600E-03
  7.64800E-03  8.16000E-03  9.18400E-03  1.02080E-02  1.12320E-02  1.22560E-02
  1.32800E-02  1.43040E-02  1.53280E-02  1.63520E-02  1.84000E-02  2.04480E-02
  2.24960E-02  2.45440E-02  2.65920E-02  2.86400E-02  3.06880E-02  3.27360E-02
  3.68320E-02  4.09280E-02  4.50240E-02  4.91200E-02  5.32160E-02
  7.43766E-01  7.40262E-01  7.42863E-01  7.40973E-01  7.39625E-01  7.40370E-01
  7.40748E-01  7.40292E-01  7.40745E-01  7.39068E-01  7.40850E-01  7.40051E-01
  7.38417E-01  7.39444E-01  7.40465E-01  7.40430E-01  7.38700E-01  7.39210E-01
  7.39735E-01  7.40445E-01  7.39718E-01  7.39650E-01  7.39673E-01  7.38824E-01
  7.39907E-01  7.38747E-01  7.39137E-01  7.38429E-01  7.38688E-01  7.38704E-01
  7.38429E-01  7.38370E-01  7.38270E-01  7.38407E-01  7.37578E-01  7.37963E-01
  7.37943E-01  7.37646E-01  7.37126E-01  7.37074E-01  7.36938E-01  7.36725E-01
  7.36142E-01  7.36269E-01  7.35744E-01  7.35364E-01  7.35270E-01  7.34499E-01
  7.34062E-01  7.33658E-01  7.32861E-01  7.32532E-01  7.31743E-01  7.31260E-01
  7.30179E-01  7.28959E-01  7.28060E-01  7.26971E-01  7.25910E-01  7.24924E-01
  7.23597E-01  7.22664E-01  7.20550E-01  7.18359E-01  7.16248E-01  7.14246E-01
  7.12201E-01  7.09983E-01  7.08071E-01  7.06145E-01  7.01865E-01  6.97834E-01
  6.93847E-01  6.89812E-01  6.85627E-01  6.81737E-01  6.77767E-01  6.69672E-01
  6.61811E-01  6.54225E-01  6.46611E-01  6.39159E-01  6.31820E-01  6.24532E-01
  6.17495E-01  6.10813E-01  5.97172E-01  5.83919E-01  5.71062E-01  5.58513E-01
  5.46235E-01  5.34239E-01  5.22418E-01  5.15430E-01  4.93063E-01  4.71960E-01
  4.51764E-01  4.32360E-01  4.13940E-01  3.95955E-01  3.79017E-01  3.63332E-01
  3.33975E-01  3.07952E-01  2.84210E-01  2.61396E-01  2.39727E-01  2.19004E-01
  1.99594E-01  1.82177E-01  1.49834E-01  1.22552E-01  1.00681E-01  8.47110E-02
  7.08977E-02  5.99491E-02  5.05413E-02  4.25547E-02  2.88284E-02  1.43804E-02
  6.53200E-04 -7.58158E-03 -9.92501E-03 -1.07258E-02 -8.63403E-03 -5.09453E-03
  2.30640E-03  5.39438E-03  1.37878E-02  1.55244E-02  1.42307E-02
