AutoSaveFileName0083.ASC
 IFORMY    0    .00
 (6E13.7)
 IFORMT    0    .00
 (6E13.7)
 IFORMW    0    .00
 (6E13.7)
 NINTT     0   -1.00
 DOUSNQ    0    1.00
 IQUAD          1.00
 PRWT      0    1.00
 PRY       0    1.00
 IPLRES    1    3.00
 IPLRES    2    3.00
 IPRINT    1    0.00
 IPRINT    2    2.00
 IPLFIT    1    0.00
 IPLFIT    2    0.00
 LINEPG    0   50.
 NONNEG    1    1.00
 IWT       0    5.00
 NQPROG    1    5.00
 NQPROG    2    5.00
 GMNMX     1    3.213E-05
 GMNMX     2    3.213E-02
 RUSER    10    -1.00
 NG        0    200.00
 NLINF     0    0.00
 IUSER    10    4.00
 RUSER    21    1.0
 RUSER    22   -1.0
 RUSER    23    0.0
 RUSER    18         292.18893
 RUSER    17         54.99800
 RUSER    19         1.02569
 RUSER    15         1.33200
 RUSER    16         632.80000
 RUSER    25         1
 RUSER    26         0
 END       0    0.00
 NY      188
  5.00000E-07  6.25000E-07  7.50000E-07  8.75000E-07  1.00000E-06  1.12500E-06
  1.25000E-06  1.37500E-06  1.50000E-06  1.62500E-06  1.75000E-06  1.87500E-06
  2.00000E-06  2.25000E-06  2.50000E-06  2.75000E-06  3.00000E-06  3.25000E-06
  3.50000E-06  3.75000E-06  4.00000E-06  4.50000E-06  5.00000E-06  5.50000E-06
  6.00000E-06  6.50000E-06  7.00000E-06  7.50000E-06  8.00000E-06  9.00000E-06
  1.00000E-05  1.10000E-05  1.20000E-05  1.30000E-05  1.40000E-05  1.50000E-05
  1.60000E-05  1.80000E-05  2.00000E-05  2.20000E-05  2.40000E-05  2.60000E-05
  2.80000E-05  3.00000E-05  3.20000E-05  3.60000E-05  4.00000E-05  4.40000E-05
  4.80000E-05  5.20000E-05  5.60000E-05  6.00000E-05  6.40000E-05  7.20000E-05
  8.00000E-05  8.80000E-05  9.60000E-05  1.04000E-04  1.12000E-04  1.20000E-04
  1.28000E-04  1.44000E-04  1.60000E-04  1.76000E-04  1.92000E-04  2.08000E-04
  2.24000E-04  2.40000E-04  2.56000E-04  2.88000E-04  3.20000E-04  3.52000E-04
  3.84000E-04  4.16000E-04  4.48000E-04  4.80000E-04  5.12000E-04  5.76000E-04
  6.40000E-04  7.04000E-04  7.68000E-04  8.32000E-04  8.96000E-04  9.60000E-04
  1.02400E-03  1.15200E-03  1.28000E-03  1.40800E-03  1.53600E-03  1.66400E-03
  1.79200E-03  1.92000E-03  2.01600E-03  2.27200E-03  2.52800E-03  2.78400E-03
  3.04000E-03  3.29600E-03  3.55200E-03  3.80800E-03  4.06400E-03  4.57600E-03
  5.08800E-03  5.60000E-03  6.11200E-03  6.62400E-03  7.13600E-03  7.64800E-03
  8.16000E-03  9.18400E-03  1.02080E-02  1.12320E-02  1.22560E-02  1.32800E-02
  1.43040E-02  1.53280E-02  1.63520E-02  1.84000E-02  2.04480E-02  2.24960E-02
  2.45440E-02  2.65920E-02  2.86400E-02  3.06880E-02  3.27360E-02  3.68320E-02
  4.09280E-02  4.50240E-02  4.91200E-02  5.32160E-02  5.73120E-02  6.14080E-02
  6.55040E-02  7.36960E-02  8.18880E-02  9.00800E-02  9.82720E-02  1.06464E-01
  1.14656E-01  1.22848E-01  1.31040E-01  1.47424E-01  1.63808E-01  1.80192E-01
  1.96576E-01  2.12960E-01  2.29344E-01  2.45728E-01  2.62112E-01  2.94880E-01
  3.27648E-01  3.60416E-01  3.93184E-01  4.25952E-01  4.58720E-01  4.91488E-01
  5.24256E-01  5.89792E-01  6.55328E-01  7.20864E-01  7.86400E-01  8.51936E-01
  9.17472E-01  9.83008E-01  1.04854E+00  1.17962E+00  1.31069E+00  1.44176E+00
  1.57283E+00  1.70390E+00  1.83498E+00  1.96605E+00  2.09712E+00  2.35926E+00
  2.62141E+00  2.88355E+00  3.14570E+00  3.40784E+00  3.66998E+00  3.93213E+00
  4.19427E+00  4.71856E+00  5.24285E+00  5.76714E+00  6.29142E+00  6.81571E+00
  7.34000E+00  7.86429E+00
  9.97197E-01  9.97049E-01  9.93846E-01  9.94825E-01  9.93396E-01  9.94242E-01
  9.94906E-01  9.92877E-01  9.93928E-01  9.92141E-01  9.92238E-01  9.94891E-01
  9.93726E-01  9.93214E-01  9.91568E-01  9.92886E-01  9.93075E-01  9.92446E-01
  9.92496E-01  9.92135E-01  9.91804E-01  9.92254E-01  9.91858E-01  9.92333E-01
  9.92650E-01  9.92043E-01  9.92141E-01  9.92437E-01  9.91628E-01  9.91549E-01
  9.91480E-01  9.91515E-01  9.92037E-01  9.91546E-01  9.91559E-01  9.91603E-01
  9.91301E-01  9.90760E-01  9.91018E-01  9.90536E-01  9.90152E-01  9.90369E-01
  9.89898E-01  9.90011E-01  9.89850E-01  9.89385E-01  9.88815E-01  9.88457E-01
  9.88271E-01  9.87620E-01  9.87324E-01  9.87151E-01  9.86600E-01  9.85735E-01
  9.84791E-01  9.84228E-01  9.83215E-01  9.82432E-01  9.81516E-01  9.80682E-01
  9.79934E-01  9.78332E-01  9.76636E-01  9.75192E-01  9.73257E-01  9.71857E-01
  9.70067E-01  9.68371E-01  9.66823E-01  9.63602E-01  9.60424E-01  9.57136E-01
  9.54025E-01  9.50740E-01  9.47547E-01  9.44224E-01  9.41223E-01  9.34808E-01
  9.28528E-01  9.22264E-01  9.16069E-01  9.09934E-01  9.03761E-01  8.97698E-01
  8.39796E-01  8.28406E-01  8.17209E-01  8.06031E-01  7.95072E-01  7.84363E-01
  7.73754E-01  7.63201E-01  8.04709E-01  7.83595E-01  7.63220E-01  7.43465E-01
  7.24226E-01  7.05563E-01  6.87428E-01  6.69741E-01  6.52861E-01  6.20480E-01
  5.89921E-01  5.60674E-01  5.32821E-01  5.06384E-01  4.81510E-01  4.58023E-01
  4.36161E-01  3.94052E-01  3.55970E-01  3.21560E-01  2.90643E-01  2.61588E-01
  2.34635E-01  2.09794E-01  1.89054E-01  1.51547E-01  1.20272E-01  9.42771E-02
  7.33633E-02  5.62962E-02  4.21691E-02  3.14664E-02  2.11082E-02  2.44040E-03
 -1.16562E-02 -1.55785E-02 -1.73093E-02 -1.64003E-02 -1.40743E-02 -1.37869E-02
 -1.42222E-02 -1.68852E-02 -2.31687E-02 -1.04378E-02  3.35813E-03  1.24838E-02
  7.81415E-03  9.41692E-03  1.40413E-02  5.89651E-03 -5.06878E-03 -1.48167E-02
 -1.92759E-02  6.78131E-04  1.20109E-03  4.76378E-03 -9.33540E-03 -5.54778E-03
  8.29819E-04  7.01294E-03 -1.77220E-02  2.06691E-03 -6.24983E-03  4.87403E-03
 -1.31330E-02 -1.13570E-02  1.30249E-02 -5.14057E-03  4.03896E-03 -9.15801E-03
  5.07441E-04 -7.49773E-03 -8.09086E-03  2.74978E-03  4.72055E-03 -1.30718E-03
 -2.71659E-03 -8.21255E-04 -2.43304E-03  9.19394E-03 -2.71128E-03 -5.12648E-03
 -3.19641E-03 -6.11051E-03  2.62438E-03  1.37475E-03 -6.92635E-03 -6.13490E-03
  1.45984E-03 -1.64131E-04  4.70032E-04  6.07940E-04  2.35093E-03 -1.74908E-04
 -5.26186E-03  2.33084E-04
