AutoSaveFileName0270.ASC
 IFORMY    0    .00
 (6E13.7)
 IFORMT    0    .00
 (6E13.7)
 IFORMW    0    .00
 (6E13.7)
 NINTT     0   -1.00
 DOUSNQ    0    1.00
 IQUAD     0    1.00
 PRWT      0    1.00
 PRY       0    1.00
 IPLRES    1    3.00
 IPLRES    2    3.00
 IPRINT    1    0.00
 IPRINT    2    2.00
 IPLFIT    1    0.00
 IPLFIT    2    0.00
 LINEPG    0   50.
 NONNEG    1    1.00
 IWT       0    5.00
 NQPROG    1    5.00
 NQPROG    2    5.00
 GMNMX     1    2.86640E-03
 GMNMX     2    1.02896E-03
 RUSER    10    -1.00
 NG        0    500.00
 NLINF     0    1.00
 IUSER    10    4.00
 RUSER    21    1.0
 RUSER    22   -1.0
 RUSER    23    0.0
 RUSER    18         292.14934
 RUSER    17         149.99900
 RUSER    19         1.02670
 RUSER    15         1.33200
 RUSER    16         632.80000
 RUSER    25         1
 RUSER    26         0
 END       0    0.00
 NY      162
  7.50000E-07  8.75000E-07  1.00000E-06  1.12500E-06  1.25000E-06  1.37500E-06
  1.50000E-06  1.62500E-06  1.75000E-06  1.87500E-06  2.00000E-06  2.25000E-06
  2.50000E-06  2.75000E-06  3.00000E-06  3.25000E-06  3.50000E-06  3.75000E-06
  4.00000E-06  4.50000E-06  5.00000E-06  5.50000E-06  6.00000E-06  6.50000E-06
  7.00000E-06  7.50000E-06  8.00000E-06  9.00000E-06  1.00000E-05  1.10000E-05
  1.20000E-05  1.30000E-05  1.40000E-05  1.50000E-05  1.60000E-05  1.80000E-05
  2.00000E-05  2.20000E-05  2.40000E-05  2.60000E-05  2.80000E-05  3.00000E-05
  3.20000E-05  3.60000E-05  4.00000E-05  4.40000E-05  4.80000E-05  5.20000E-05
  5.60000E-05  6.00000E-05  6.40000E-05  7.20000E-05  8.00000E-05  8.80000E-05
  9.60000E-05  1.04000E-04  1.12000E-04  1.20000E-04  1.28000E-04  1.44000E-04
  1.60000E-04  1.76000E-04  1.92000E-04  2.08000E-04  2.24000E-04  2.40000E-04
  2.56000E-04  2.88000E-04  3.20000E-04  3.52000E-04  3.84000E-04  4.16000E-04
  4.48000E-04  4.80000E-04  5.12000E-04  5.76000E-04  6.40000E-04  7.04000E-04
  7.68000E-04  8.32000E-04  8.96000E-04  9.60000E-04  1.02400E-03  1.15200E-03
  1.28000E-03  1.40800E-03  1.53600E-03  1.66400E-03  1.79200E-03  1.92000E-03
  2.01600E-03  2.27200E-03  2.52800E-03  2.78400E-03  3.04000E-03  3.29600E-03
  3.55200E-03  3.80800E-03  4.06400E-03  4.57600E-03  5.08800E-03  5.60000E-03
  6.11200E-03  6.62400E-03  7.13600E-03  7.64800E-03  8.16000E-03  9.18400E-03
  1.02080E-02  1.12320E-02  1.22560E-02  1.32800E-02  1.43040E-02  1.53280E-02
  1.63520E-02  1.84000E-02  2.04480E-02  2.24960E-02  2.45440E-02  2.65920E-02
  2.86400E-02  3.06880E-02  3.27360E-02  3.68320E-02  4.09280E-02  4.50240E-02
  4.91200E-02  5.32160E-02  5.73120E-02  6.14080E-02  6.55040E-02  7.36960E-02
  8.18880E-02  9.00800E-02  9.82720E-02  1.06464E-01  1.14656E-01  1.22848E-01
  1.31040E-01  1.47424E-01  1.63808E-01  1.80192E-01  1.96576E-01  2.12960E-01
  2.29344E-01  2.45728E-01  2.62112E-01  2.94880E-01  3.27648E-01  3.60416E-01
  3.93184E-01  4.25952E-01  4.58720E-01  4.91488E-01  5.24256E-01  5.89792E-01
  6.55328E-01  7.20864E-01  7.86400E-01  8.51936E-01  9.17472E-01  9.83008E-01
  1.00000E+00  9.99198E-01  9.96204E-01  9.97590E-01  9.95384E-01  9.90884E-01
  9.94550E-01  9.96294E-01  9.89863E-01  9.88997E-01  9.91480E-01  9.83807E-01
  9.83237E-01  9.80546E-01  9.81493E-01  9.83422E-01  9.81518E-01  9.77416E-01
  9.78746E-01  9.72276E-01  9.70327E-01  9.68085E-01  9.64518E-01  9.60456E-01
  9.59988E-01  9.56377E-01  9.51853E-01  9.47064E-01  9.40520E-01  9.37060E-01
  9.30035E-01  9.22580E-01  9.16601E-01  9.10718E-01  9.05793E-01  8.94370E-01
  8.82711E-01  8.72085E-01  8.62810E-01  8.50729E-01  8.39356E-01  8.30099E-01
  8.19403E-01  7.99700E-01  7.78758E-01  7.59892E-01  7.40653E-01  7.22500E-01
  7.04293E-01  6.86664E-01  6.69619E-01  6.36824E-01  6.05871E-01  5.76462E-01
  5.48719E-01  5.21999E-01  4.96669E-01  4.72612E-01  4.50217E-01  4.07697E-01
  3.69969E-01  3.35836E-01  3.04138E-01  2.76625E-01  2.51867E-01  2.28587E-01
  2.08281E-01  1.72724E-01  1.43345E-01  1.19579E-01  9.97544E-02  8.31784E-02
  7.02111E-02  5.85402E-02  4.99751E-02  3.74862E-02  2.76568E-02  2.07755E-02
  1.49473E-02  1.04448E-02  7.10437E-03  4.80117E-03  2.30925E-03 -3.61552E-03
 -6.69506E-03 -6.73640E-03 -4.78805E-03 -1.83694E-03 -3.55989E-04  1.30979E-03
  1.19135E-03 -2.72638E-03 -3.41135E-03 -2.35010E-03 -3.35128E-04 -2.23573E-03
 -3.98516E-04 -6.10290E-05  2.51039E-04  8.94313E-04 -2.92663E-03 -7.60707E-03
 -2.03505E-03 -2.61736E-03 -2.11797E-03 -3.83187E-03 -1.47928E-03 -8.48890E-04
 -9.37945E-04 -2.14937E-03  3.51733E-03 -9.85821E-04  2.75205E-03 -4.39356E-04
 -2.02773E-04  1.68175E-03 -1.22232E-03  7.89114E-04 -6.29828E-04 -1.78921E-04
  4.42671E-04  2.52799E-03 -1.09468E-03 -1.18272E-03 -8.55307E-05 -1.14705E-04
 -4.41831E-04 -2.56916E-03  4.15464E-04 -7.71947E-05 -2.46596E-04 -3.47172E-04
 -1.15264E-03  7.25876E-04 -7.37608E-04 -3.26428E-04 -1.54679E-03  2.67308E-04
 -5.16577E-04  4.90882E-05  1.31640E-03  1.32323E-05 -1.79848E-04  7.03767E-04
 -1.60661E-04  3.45356E-04 -3.14700E-04 -3.28336E-04 -1.85223E-04  4.42866E-05
  7.05245E-04 -5.13651E-04 -5.15201E-04  4.27212E-04 -1.43002E-04 -1.84479E-04
  2.66050E-04 -1.49447E-05 -3.82727E-04  2.59711E-04  4.78477E-04 -7.09781E-05
