AutoSaveFileName0175.ASC
 IFORMY    0    .00
 (6E13.7)
 IFORMT    0    .00
 (6E13.7)
 IFORMW    0    .00
 (6E13.7)
 NINTT     0   -1.00
 DOUSNQ    0    1.00
 IQUAD     0    1.00
 PRWT      0    1.00
 PRY       0    1.00
 IPLRES    1    3.00
 IPLRES    2    3.00
 IPRINT    1    0.00
 IPRINT    2    2.00
 IPLFIT    1    0.00
 IPLFIT    2    0.00
 LINEPG    0   50.
 NONNEG    1    1.00
 IWT       0    5.00
 NQPROG    1    5.00
 NQPROG    2    5.00
 GMNMX     1    4.57210E-03
 GMNMX     2    1.64126E-03
 RUSER    10    -1.00
 NG        0    500.00
 NLINF     0    1.00
 IUSER    10    4.00
 RUSER    21    1.0
 RUSER    22   -1.0
 RUSER    23    0.0
 RUSER    18         292.03536
 RUSER    17         99.99900
 RUSER    19         1.02960
 RUSER    15         1.33200
 RUSER    16         632.80000
 RUSER    25         1
 RUSER    26         0
 END       0    0.00
 NY      162
  7.50000E-07  8.75000E-07  1.00000E-06  1.12500E-06  1.25000E-06  1.37500E-06
  1.50000E-06  1.62500E-06  1.75000E-06  1.87500E-06  2.00000E-06  2.25000E-06
  2.50000E-06  2.75000E-06  3.00000E-06  3.25000E-06  3.50000E-06  3.75000E-06
  4.00000E-06  4.50000E-06  5.00000E-06  5.50000E-06  6.00000E-06  6.50000E-06
  7.00000E-06  7.50000E-06  8.00000E-06  9.00000E-06  1.00000E-05  1.10000E-05
  1.20000E-05  1.30000E-05  1.40000E-05  1.50000E-05  1.60000E-05  1.80000E-05
  2.00000E-05  2.20000E-05  2.40000E-05  2.60000E-05  2.80000E-05  3.00000E-05
  3.20000E-05  3.60000E-05  4.00000E-05  4.40000E-05  4.80000E-05  5.20000E-05
  5.60000E-05  6.00000E-05  6.40000E-05  7.20000E-05  8.00000E-05  8.80000E-05
  9.60000E-05  1.04000E-04  1.12000E-04  1.20000E-04  1.28000E-04  1.44000E-04
  1.60000E-04  1.76000E-04  1.92000E-04  2.08000E-04  2.24000E-04  2.40000E-04
  2.56000E-04  2.88000E-04  3.20000E-04  3.52000E-04  3.84000E-04  4.16000E-04
  4.48000E-04  4.80000E-04  5.12000E-04  5.76000E-04  6.40000E-04  7.04000E-04
  7.68000E-04  8.32000E-04  8.96000E-04  9.60000E-04  1.02400E-03  1.15200E-03
  1.28000E-03  1.40800E-03  1.53600E-03  1.66400E-03  1.79200E-03  1.92000E-03
  2.01600E-03  2.27200E-03  2.52800E-03  2.78400E-03  3.04000E-03  3.29600E-03
  3.55200E-03  3.80800E-03  4.06400E-03  4.57600E-03  5.08800E-03  5.60000E-03
  6.11200E-03  6.62400E-03  7.13600E-03  7.64800E-03  8.16000E-03  9.18400E-03
  1.02080E-02  1.12320E-02  1.22560E-02  1.32800E-02  1.43040E-02  1.53280E-02
  1.63520E-02  1.84000E-02  2.04480E-02  2.24960E-02  2.45440E-02  2.65920E-02
  2.86400E-02  3.06880E-02  3.27360E-02  3.68320E-02  4.09280E-02  4.50240E-02
  4.91200E-02  5.32160E-02  5.73120E-02  6.14080E-02  6.55040E-02  7.36960E-02
  8.18880E-02  9.00800E-02  9.82720E-02  1.06464E-01  1.14656E-01  1.22848E-01
  1.31040E-01  1.47424E-01  1.63808E-01  1.80192E-01  1.96576E-01  2.12960E-01
  2.29344E-01  2.45728E-01  2.62112E-01  2.94880E-01  3.27648E-01  3.60416E-01
  3.93184E-01  4.25952E-01  4.58720E-01  4.91488E-01  5.24256E-01  5.89792E-01
  6.55328E-01  7.20864E-01  7.86400E-01  8.51936E-01  9.17472E-01  9.83008E-01
  1.00000E+00  9.98277E-01  9.90314E-01  9.97016E-01  9.92653E-01  9.93401E-01
  9.91597E-01  9.92216E-01  9.88529E-01  9.93119E-01  9.91842E-01  9.89476E-01
  9.86834E-01  9.88171E-01  9.86922E-01  9.85142E-01  9.86140E-01  9.83579E-01
  9.80253E-01  9.82683E-01  9.78694E-01  9.76759E-01  9.75026E-01  9.73336E-01
  9.71758E-01  9.69640E-01  9.67350E-01  9.64366E-01  9.59706E-01  9.56366E-01
  9.52928E-01  9.50685E-01  9.44139E-01  9.41216E-01  9.38075E-01  9.30125E-01
  9.23965E-01  9.16193E-01  9.08712E-01  9.02341E-01  8.94433E-01  8.87133E-01
  8.81394E-01  8.67586E-01  8.53974E-01  8.40558E-01  8.27751E-01  8.14756E-01
  8.02073E-01  7.89591E-01  7.77818E-01  7.53729E-01  7.30388E-01  7.08439E-01
  6.86893E-01  6.65986E-01  6.45481E-01  6.25536E-01  6.06504E-01  5.70229E-01
  5.36180E-01  5.03845E-01  4.73397E-01  4.45182E-01  4.18193E-01  3.93332E-01
  3.69929E-01  3.27425E-01  2.89527E-01  2.56625E-01  2.26945E-01  2.01039E-01
  1.78042E-01  1.57469E-01  1.39716E-01  1.08903E-01  8.52280E-02  6.73311E-02
  5.35901E-02  4.25098E-02  3.33470E-02  2.62867E-02  2.08581E-02  1.26392E-02
  7.21755E-03  4.08501E-03  3.07263E-03  2.71077E-03  2.15055E-03  1.51889E-03
  4.71269E-04 -2.00716E-04 -6.26123E-04 -5.75384E-05 -7.84185E-04 -8.03375E-04
 -7.08938E-04  1.28595E-03  1.35645E-03  8.20154E-04 -2.78882E-04 -7.18670E-04
 -1.98892E-03 -1.73507E-03 -5.04607E-04 -1.07097E-03 -6.13711E-04 -9.41181E-04
 -6.09311E-06  2.42833E-03  1.08846E-03  4.51494E-04 -1.18695E-03 -1.13932E-03
 -1.00074E-05 -4.89611E-04 -1.68803E-03 -1.13610E-03 -3.22487E-04 -1.06363E-03
 -5.06823E-04  2.92464E-04 -1.64939E-05  3.80458E-04  1.67818E-03  7.55709E-04
  3.05047E-04  1.64917E-05  3.78182E-04 -1.98888E-04 -6.45794E-04 -3.43657E-04
 -2.78428E-04 -2.29038E-04  6.29325E-04  7.85460E-06 -4.34604E-04  5.25108E-04
  4.78900E-04 -3.17399E-04  2.66665E-05  2.53899E-04  1.66370E-04  5.96643E-04
 -1.48690E-03  1.40745E-04 -1.91930E-04 -2.63241E-04 -3.24566E-04 -9.60568E-05
  5.32282E-04  2.37176E-04 -8.81074E-05 -2.29628E-04  2.46189E-05 -4.04707E-05
 -2.13584E-05  2.36332E-04 -2.33734E-04  1.09155E-04 -1.65338E-04 -2.08981E-05
