AutoSaveFileName0088.ASC
 IFORMY    0    .00
 (6E13.7)
 IFORMT    0    .00
 (6E13.7)
 IFORMW    0    .00
 (6E13.7)
 NINTT     0   -1.00
 DOUSNQ    0    1.00
 IQUAD          1.00
 PRWT      0    1.00
 PRY       0    1.00
 IPLRES    1    3.00
 IPLRES    2    3.00
 IPRINT    1    0.00
 IPRINT    2    2.00
 IPLFIT    1    0.00
 IPLFIT    2    0.00
 LINEPG    0   50.
 NONNEG    1    1.00
 IWT       0    5.00
 NQPROG    1    5.00
 NQPROG    2    5.00
 GMNMX     1    4.924E-05
 GMNMX     2    4.924E-02
 RUSER    10    -1.00
 NG        0    200.00
 NLINF     0    0.00
 IUSER    10    4.00
 RUSER    21    1.0
 RUSER    22   -1.0
 RUSER    23    0.0
 RUSER    18         291.87986
 RUSER    17         43.99900
 RUSER    19         1.03357
 RUSER    15         1.33200
 RUSER    16         632.80000
 RUSER    25         1
 RUSER    26         0
 END       0    0.00
 NY      131
  3.75000E-07  5.00000E-07  6.25000E-07  7.50000E-07  8.75000E-07  1.00000E-06
  1.12500E-06  1.25000E-06  1.37500E-06  1.50000E-06  1.62500E-06  1.75000E-06
  1.87500E-06  2.00000E-06  2.25000E-06  2.50000E-06  2.75000E-06  3.00000E-06
  3.25000E-06  3.50000E-06  3.75000E-06  4.00000E-06  4.50000E-06  5.00000E-06
  5.50000E-06  6.00000E-06  6.50000E-06  7.00000E-06  7.50000E-06  8.00000E-06
  9.00000E-06  1.00000E-05  1.10000E-05  1.20000E-05  1.30000E-05  1.40000E-05
  1.50000E-05  1.60000E-05  1.80000E-05  2.00000E-05  2.20000E-05  2.40000E-05
  2.60000E-05  2.80000E-05  3.00000E-05  3.20000E-05  3.60000E-05  4.00000E-05
  4.40000E-05  4.80000E-05  5.20000E-05  5.60000E-05  6.00000E-05  6.40000E-05
  7.20000E-05  8.00000E-05  8.80000E-05  9.60000E-05  1.04000E-04  1.12000E-04
  1.20000E-04  1.28000E-04  1.44000E-04  1.60000E-04  1.76000E-04  1.92000E-04
  2.08000E-04  2.24000E-04  2.40000E-04  2.56000E-04  2.88000E-04  3.20000E-04
  3.52000E-04  3.84000E-04  4.16000E-04  4.48000E-04  4.80000E-04  5.12000E-04
  5.76000E-04  6.40000E-04  7.04000E-04  7.68000E-04  8.32000E-04  8.96000E-04
  9.60000E-04  1.02400E-03  1.15200E-03  1.28000E-03  1.40800E-03  1.53600E-03
  1.66400E-03  1.79200E-03  1.92000E-03  2.01600E-03  2.27200E-03  2.52800E-03
  2.78400E-03  3.04000E-03  3.29600E-03  3.55200E-03  3.80800E-03  4.06400E-03
  4.57600E-03  5.08800E-03  5.60000E-03  6.11200E-03  6.62400E-03  7.13600E-03
  7.64800E-03  8.16000E-03  9.18400E-03  1.02080E-02  1.12320E-02  1.22560E-02
  1.32800E-02  1.43040E-02  1.53280E-02  1.63520E-02  1.84000E-02  2.04480E-02
  2.24960E-02  2.45440E-02  2.65920E-02  2.86400E-02  3.06880E-02  3.27360E-02
  3.68320E-02  4.09280E-02  4.50240E-02  4.91200E-02  5.32160E-02
  1.52864E+00  1.52220E+00  1.51809E+00  1.51585E+00  1.51920E+00  1.52388E+00
  1.51671E+00  1.51859E+00  1.51713E+00  1.51799E+00  1.51843E+00  1.51779E+00
  1.51162E+00  1.51226E+00  1.51584E+00  1.51882E+00  1.51490E+00  1.51422E+00
  1.51268E+00  1.51196E+00  1.51322E+00  1.51466E+00  1.51091E+00  1.51434E+00
  1.51196E+00  1.51443E+00  1.51312E+00  1.51409E+00  1.51340E+00  1.51358E+00
  1.51409E+00  1.51555E+00  1.51442E+00  1.51257E+00  1.51297E+00  1.51202E+00
  1.51185E+00  1.51150E+00  1.51096E+00  1.51207E+00  1.51034E+00  1.50964E+00
  1.50945E+00  1.51053E+00  1.50875E+00  1.50773E+00  1.50605E+00  1.50519E+00
  1.50533E+00  1.50433E+00  1.50390E+00  1.50243E+00  1.50095E+00  1.50043E+00
  1.49919E+00  1.49685E+00  1.49454E+00  1.49322E+00  1.49077E+00  1.49006E+00
  1.48763E+00  1.48598E+00  1.48251E+00  1.47852E+00  1.47459E+00  1.47087E+00
  1.46792E+00  1.46388E+00  1.46055E+00  1.45658E+00  1.44911E+00  1.44212E+00
  1.43495E+00  1.42790E+00  1.42085E+00  1.41443E+00  1.40722E+00  1.40059E+00
  1.38689E+00  1.37348E+00  1.35989E+00  1.34668E+00  1.33390E+00  1.32069E+00
  1.30764E+00  1.29546E+00  1.26983E+00  1.24486E+00  1.22041E+00  1.19662E+00
  1.17336E+00  1.15061E+00  1.12791E+00  1.11071E+00  1.06837E+00  1.02783E+00
  9.89178E-01  9.52259E-01  9.17163E-01  8.83314E-01  8.50584E-01  8.19167E-01
  7.59188E-01  7.03352E-01  6.52025E-01  6.04627E-01  5.61600E-01  5.22426E-01
  4.85830E-01  4.51128E-01  3.88191E-01  3.31494E-01  2.81632E-01  2.39399E-01
  2.04100E-01  1.73833E-01  1.46204E-01  1.25572E-01  9.28517E-02  6.96243E-02
  5.35818E-02  3.60742E-02  2.27180E-02  1.68310E-02  1.15581E-02  5.11770E-03
 -4.88087E-03  4.32114E-03  5.36615E-03  2.69998E-03 -2.42810E-03
