AutoSaveFileName0032.ASC
 IFORMY    0    .00
 (6E13.7)
 IFORMT    0    .00
 (6E13.7)
 IFORMW    0    .00
 (6E13.7)
 NINTT     0   -1.00
 DOUSNQ    0    1.00
 IQUAD          1.00
 PRWT      0    1.00
 PRY       0    1.00
 IPLRES    1    3.00
 IPLRES    2    3.00
 IPRINT    1    0.00
 IPRINT    2    2.00
 IPLFIT    1    0.00
 IPLFIT    2    0.00
 LINEPG    0   50.
 NONNEG    1    1.00
 IWT       0    5.00
 NQPROG    1    5.00
 NQPROG    2    5.00
 GMNMX     1    1.023E-04
 GMNMX     2    1.023E-01
 RUSER    10    -1.00
 NG        0    200.00
 NLINF     0    0.00
 IUSER    10    4.00
 RUSER    21    1.0
 RUSER    22   -1.0
 RUSER    23    0.0
 RUSER    18         292.16507
 RUSER    17         29.99800
 RUSER    19         1.02630
 RUSER    15         1.33200
 RUSER    16         632.80000
 RUSER    25         1
 RUSER    26         0
 END       0    0.00
 NY      188
  5.00000E-07  6.25000E-07  7.50000E-07  8.75000E-07  1.00000E-06  1.12500E-06
  1.25000E-06  1.37500E-06  1.50000E-06  1.62500E-06  1.75000E-06  1.87500E-06
  2.00000E-06  2.25000E-06  2.50000E-06  2.75000E-06  3.00000E-06  3.25000E-06
  3.50000E-06  3.75000E-06  4.00000E-06  4.50000E-06  5.00000E-06  5.50000E-06
  6.00000E-06  6.50000E-06  7.00000E-06  7.50000E-06  8.00000E-06  9.00000E-06
  1.00000E-05  1.10000E-05  1.20000E-05  1.30000E-05  1.40000E-05  1.50000E-05
  1.60000E-05  1.80000E-05  2.00000E-05  2.20000E-05  2.40000E-05  2.60000E-05
  2.80000E-05  3.00000E-05  3.20000E-05  3.60000E-05  4.00000E-05  4.40000E-05
  4.80000E-05  5.20000E-05  5.60000E-05  6.00000E-05  6.40000E-05  7.20000E-05
  8.00000E-05  8.80000E-05  9.60000E-05  1.04000E-04  1.12000E-04  1.20000E-04
  1.28000E-04  1.44000E-04  1.60000E-04  1.76000E-04  1.92000E-04  2.08000E-04
  2.24000E-04  2.40000E-04  2.56000E-04  2.88000E-04  3.20000E-04  3.52000E-04
  3.84000E-04  4.16000E-04  4.48000E-04  4.80000E-04  5.12000E-04  5.76000E-04
  6.40000E-04  7.04000E-04  7.68000E-04  8.32000E-04  8.96000E-04  9.60000E-04
  1.02400E-03  1.15200E-03  1.28000E-03  1.40800E-03  1.53600E-03  1.66400E-03
  1.79200E-03  1.92000E-03  2.01600E-03  2.27200E-03  2.52800E-03  2.78400E-03
  3.04000E-03  3.29600E-03  3.55200E-03  3.80800E-03  4.06400E-03  4.57600E-03
  5.08800E-03  5.60000E-03  6.11200E-03  6.62400E-03  7.13600E-03  7.64800E-03
  8.16000E-03  9.18400E-03  1.02080E-02  1.12320E-02  1.22560E-02  1.32800E-02
  1.43040E-02  1.53280E-02  1.63520E-02  1.84000E-02  2.04480E-02  2.24960E-02
  2.45440E-02  2.65920E-02  2.86400E-02  3.06880E-02  3.27360E-02  3.68320E-02
  4.09280E-02  4.50240E-02  4.91200E-02  5.32160E-02  5.73120E-02  6.14080E-02
  6.55040E-02  7.36960E-02  8.18880E-02  9.00800E-02  9.82720E-02  1.06464E-01
  1.14656E-01  1.22848E-01  1.31040E-01  1.47424E-01  1.63808E-01  1.80192E-01
  1.96576E-01  2.12960E-01  2.29344E-01  2.45728E-01  2.62112E-01  2.94880E-01
  3.27648E-01  3.60416E-01  3.93184E-01  4.25952E-01  4.58720E-01  4.91488E-01
  5.24256E-01  5.89792E-01  6.55328E-01  7.20864E-01  7.86400E-01  8.51936E-01
  9.17472E-01  9.83008E-01  1.04854E+00  1.17962E+00  1.31069E+00  1.44176E+00
  1.57283E+00  1.70390E+00  1.83498E+00  1.96605E+00  2.09712E+00  2.35926E+00
  2.62141E+00  2.88355E+00  3.14570E+00  3.40784E+00  3.66998E+00  3.93213E+00
  4.19427E+00  4.71856E+00  5.24285E+00  5.76714E+00  6.29142E+00  6.81571E+00
  7.34000E+00  7.86429E+00
  9.97545E-01  9.96650E-01  9.95561E-01  9.92078E-01  9.95124E-01  9.93363E-01
  9.90480E-01  9.92048E-01  9.91624E-01  9.93261E-01  9.92986E-01  9.92202E-01
  9.92626E-01  9.93552E-01  9.93329E-01  9.91106E-01  9.92914E-01  9.94297E-01
  9.92301E-01  9.91041E-01  9.92262E-01  9.91345E-01  9.91238E-01  9.91752E-01
  9.91273E-01  9.92751E-01  9.90351E-01  9.90617E-01  9.91517E-01  9.90724E-01
  9.91457E-01  9.92189E-01  9.92631E-01  9.91864E-01  9.91217E-01  9.91311E-01
  9.91757E-01  9.91517E-01  9.91380E-01  9.91011E-01  9.91016E-01  9.91118E-01
  9.91440E-01  9.90463E-01  9.91024E-01  9.90840E-01  9.90986E-01  9.90484E-01
  9.90339E-01  9.90142E-01  9.90351E-01  9.90047E-01  9.89816E-01  9.89585E-01
  9.89443E-01  9.89186E-01  9.88985E-01  9.88479E-01  9.88256E-01  9.88012E-01
  9.87841E-01  9.87074E-01  9.86864E-01  9.86093E-01  9.85411E-01  9.85004E-01
  9.84289E-01  9.83861E-01  9.83256E-01  9.82318E-01  9.81033E-01  9.80073E-01
  9.78861E-01  9.77969E-01  9.77031E-01  9.75806E-01  9.74923E-01  9.72798E-01
  9.70626E-01  9.68419E-01  9.66299E-01  9.64161E-01  9.61967E-01  9.59859E-01
  9.58090E-01  9.53895E-01  9.49688E-01  9.45438E-01  9.41226E-01  9.37057E-01
  9.32859E-01  9.28767E-01  9.27255E-01  9.19011E-01  9.10837E-01  9.02670E-01
  8.94727E-01  8.86707E-01  8.78879E-01  8.71236E-01  8.63789E-01  8.48884E-01
  8.34098E-01  8.19458E-01  8.05178E-01  7.91168E-01  7.77544E-01  7.64129E-01
  7.51194E-01  7.25333E-01  7.00329E-01  6.76238E-01  6.53179E-01  6.31179E-01
  6.09941E-01  5.89718E-01  5.70901E-01  5.34869E-01  5.02290E-01  4.72389E-01
  4.45371E-01  4.20199E-01  3.95694E-01  3.71921E-01  3.50849E-01  3.10753E-01
  2.76910E-01  2.45501E-01  2.17148E-01  1.91052E-01  1.70218E-01  1.52998E-01
  1.37779E-01  1.09616E-01  8.91788E-02  7.18187E-02  5.89975E-02  4.96857E-02
  3.94937E-02  3.06372E-02  2.00847E-02  1.05412E-02  6.60424E-03 -7.67034E-04
 -6.65484E-03 -1.62088E-02 -8.41275E-03  2.49621E-03  4.70041E-03  1.33934E-02
  1.32754E-02  6.54460E-03  2.62958E-03 -3.82345E-03 -1.54429E-02 -1.00528E-02
 -6.16680E-03  9.29834E-03 -2.35075E-02 -9.30999E-03 -1.64108E-02 -1.16423E-02
  9.97331E-03  2.13188E-02 -1.61954E-02  1.15535E-02 -6.98269E-03 -1.27045E-02
  1.55542E-02  3.59576E-02  4.29570E-02  8.96604E-03 -6.97433E-03 -1.03759E-02
 -2.31286E-02 -6.31586E-03 -3.60451E-03  2.88724E-02  3.02016E-03 -4.98216E-03
 -2.31830E-02  4.76892E-03  3.83139E-03 -1.01823E-02  5.35224E-03  2.12110E-02
  2.09039E-02 -1.20813E-02
