AutoSaveFileName0003.ASC
 IFORMY    0    .00
 (6E13.7)
 IFORMT    0    .00
 (6E13.7)
 IFORMW    0    .00
 (6E13.7)
 NINTT     0   -1.00
 DOUSNQ    0    1.00
 IQUAD          1.00
 PRWT      0    1.00
 PRY       0    1.00
 IPLRES    1    3.00
 IPLRES    2    3.00
 IPRINT    1    0.00
 IPRINT    2    2.00
 IPLFIT    1    0.00
 IPLFIT    2    0.00
 LINEPG    0   50.
 NONNEG    1    1.00
 IWT       0    5.00
 NQPROG    1    5.00
 NQPROG    2    5.00
 GMNMX     1    3.577E-04
 GMNMX     2    3.577E-01
 RUSER    10    -1.00
 NG        0    200.00
 NLINF     0    0.00
 IUSER    10    4.00
 RUSER    21    1.0
 RUSER    22   -1.0
 RUSER    23    0.0
 RUSER    18         291.79038
 RUSER    17         15.99900
 RUSER    19         1.03587
 RUSER    15         1.33200
 RUSER    16         632.80000
 RUSER    25         1
 RUSER    26         0
 END       0    0.00
 NY      131
  3.75000E-07  5.00000E-07  6.25000E-07  7.50000E-07  8.75000E-07  1.00000E-06
  1.12500E-06  1.25000E-06  1.37500E-06  1.50000E-06  1.62500E-06  1.75000E-06
  1.87500E-06  2.00000E-06  2.25000E-06  2.50000E-06  2.75000E-06  3.00000E-06
  3.25000E-06  3.50000E-06  3.75000E-06  4.00000E-06  4.50000E-06  5.00000E-06
  5.50000E-06  6.00000E-06  6.50000E-06  7.00000E-06  7.50000E-06  8.00000E-06
  9.00000E-06  1.00000E-05  1.10000E-05  1.20000E-05  1.30000E-05  1.40000E-05
  1.50000E-05  1.60000E-05  1.80000E-05  2.00000E-05  2.20000E-05  2.40000E-05
  2.60000E-05  2.80000E-05  3.00000E-05  3.20000E-05  3.60000E-05  4.00000E-05
  4.40000E-05  4.80000E-05  5.20000E-05  5.60000E-05  6.00000E-05  6.40000E-05
  7.20000E-05  8.00000E-05  8.80000E-05  9.60000E-05  1.04000E-04  1.12000E-04
  1.20000E-04  1.28000E-04  1.44000E-04  1.60000E-04  1.76000E-04  1.92000E-04
  2.08000E-04  2.24000E-04  2.40000E-04  2.56000E-04  2.88000E-04  3.20000E-04
  3.52000E-04  3.84000E-04  4.16000E-04  4.48000E-04  4.80000E-04  5.12000E-04
  5.76000E-04  6.40000E-04  7.04000E-04  7.68000E-04  8.32000E-04  8.96000E-04
  9.60000E-04  1.02400E-03  1.15200E-03  1.28000E-03  1.40800E-03  1.53600E-03
  1.66400E-03  1.79200E-03  1.92000E-03  2.01600E-03  2.27200E-03  2.52800E-03
  2.78400E-03  3.04000E-03  3.29600E-03  3.55200E-03  3.80800E-03  4.06400E-03
  4.57600E-03  5.08800E-03  5.60000E-03  6.11200E-03  6.62400E-03  7.13600E-03
  7.64800E-03  8.16000E-03  9.18400E-03  1.02080E-02  1.12320E-02  1.22560E-02
  1.32800E-02  1.43040E-02  1.53280E-02  1.63520E-02  1.84000E-02  2.04480E-02
  2.24960E-02  2.45440E-02  2.65920E-02  2.86400E-02  3.06880E-02  3.27360E-02
  3.68320E-02  4.09280E-02  4.50240E-02  4.91200E-02  5.32160E-02
  7.17654E-01  7.17607E-01  7.17279E-01  7.17256E-01  7.16884E-01  7.16456E-01
  7.17447E-01  7.16148E-01  7.17383E-01  7.17335E-01  7.17041E-01  7.16870E-01
  7.17004E-01  7.16388E-01  7.16426E-01  7.17535E-01  7.16252E-01  7.16085E-01
  7.16909E-01  7.16823E-01  7.16827E-01  7.16880E-01  7.16976E-01  7.16724E-01
  7.16398E-01  7.16577E-01  7.17325E-01  7.16427E-01  7.16590E-01  7.16693E-01
  7.16949E-01  7.16574E-01  7.16540E-01  7.16568E-01  7.16615E-01  7.16464E-01
  7.16342E-01  7.16607E-01  7.16550E-01  7.16840E-01  7.16565E-01  7.16549E-01
  7.16588E-01  7.16389E-01  7.16371E-01  7.16353E-01  7.16382E-01  7.16388E-01
  7.16401E-01  7.16317E-01  7.16321E-01  7.16151E-01  7.16173E-01  7.16098E-01
  7.16001E-01  7.15811E-01  7.15714E-01  7.15735E-01  7.15652E-01  7.15478E-01
  7.15453E-01  7.15165E-01  7.15064E-01  7.14940E-01  7.14499E-01  7.14411E-01
  7.14084E-01  7.13896E-01  7.13740E-01  7.13477E-01  7.13107E-01  7.12670E-01
  7.12272E-01  7.11875E-01  7.11414E-01  7.11012E-01  7.10590E-01  6.66435E-01
  6.65613E-01  6.64817E-01  6.64046E-01  6.63246E-01  6.62464E-01  6.61616E-01
  6.60789E-01  6.59692E-01  6.58066E-01  6.56421E-01  6.54857E-01  6.53264E-01
  6.51679E-01  6.50129E-01  6.48613E-01  6.86902E-01  6.83718E-01  6.80483E-01
  6.77314E-01  6.74253E-01  6.71211E-01  6.68247E-01  6.65242E-01  6.62468E-01
  6.56726E-01  6.50995E-01  6.45317E-01  6.39678E-01  6.34024E-01  6.28350E-01
  6.22766E-01  6.17597E-01  6.06793E-01  5.96354E-01  5.86178E-01  5.76252E-01
  5.66429E-01  5.57065E-01  5.47810E-01  5.39421E-01  5.22028E-01  5.04093E-01
  4.86045E-01  4.68331E-01  4.51290E-01  4.34978E-01  4.19301E-01  4.05174E-01
  3.76479E-01  3.49751E-01  3.25899E-01  3.03407E-01  2.79700E-01
