AutoSaveFileName0133.ASC
 IFORMY    0    .00
 (6E13.7)
 IFORMT    0    .00
 (6E13.7)
 IFORMW    0    .00
 (6E13.7)
 NINTT     0   -1.00
 DOUSNQ    0    1.00
 IQUAD     0    1.00
 PRWT      0    1.00
 PRY       0    1.00
 IPLRES    1    3.00
 IPLRES    2    3.00
 IPRINT    1    0.00
 IPRINT    2    2.00
 IPLFIT    1    0.00
 IPLFIT    2    0.00
 LINEPG    0   50.
 NONNEG    1    1.00
 IWT       0    5.00
 NQPROG    1    5.00
 NQPROG    2    5.00
 GMNMX     1    6.50165E-03
 GMNMX     2    2.33393E-03
 RUSER    10    -1.00
 NG        0    500.00
 NLINF     0    1.00
 IUSER    10    4.00
 RUSER    21    1.0
 RUSER    22   -1.0
 RUSER    23    0.0
 RUSER    18         291.99172
 RUSER    17         79.99900
 RUSER    19         1.03071
 RUSER    15         1.33200
 RUSER    16         632.80000
 RUSER    25         1
 RUSER    26         0
 END       0    0.00
 NY      162
  7.50000E-07  8.75000E-07  1.00000E-06  1.12500E-06  1.25000E-06  1.37500E-06
  1.50000E-06  1.62500E-06  1.75000E-06  1.87500E-06  2.00000E-06  2.25000E-06
  2.50000E-06  2.75000E-06  3.00000E-06  3.25000E-06  3.50000E-06  3.75000E-06
  4.00000E-06  4.50000E-06  5.00000E-06  5.50000E-06  6.00000E-06  6.50000E-06
  7.00000E-06  7.50000E-06  8.00000E-06  9.00000E-06  1.00000E-05  1.10000E-05
  1.20000E-05  1.30000E-05  1.40000E-05  1.50000E-05  1.60000E-05  1.80000E-05
  2.00000E-05  2.20000E-05  2.40000E-05  2.60000E-05  2.80000E-05  3.00000E-05
  3.20000E-05  3.60000E-05  4.00000E-05  4.40000E-05  4.80000E-05  5.20000E-05
  5.60000E-05  6.00000E-05  6.40000E-05  7.20000E-05  8.00000E-05  8.80000E-05
  9.60000E-05  1.04000E-04  1.12000E-04  1.20000E-04  1.28000E-04  1.44000E-04
  1.60000E-04  1.76000E-04  1.92000E-04  2.08000E-04  2.24000E-04  2.40000E-04
  2.56000E-04  2.88000E-04  3.20000E-04  3.52000E-04  3.84000E-04  4.16000E-04
  4.48000E-04  4.80000E-04  5.12000E-04  5.76000E-04  6.40000E-04  7.04000E-04
  7.68000E-04  8.32000E-04  8.96000E-04  9.60000E-04  1.02400E-03  1.15200E-03
  1.28000E-03  1.40800E-03  1.53600E-03  1.66400E-03  1.79200E-03  1.92000E-03
  2.01600E-03  2.27200E-03  2.52800E-03  2.78400E-03  3.04000E-03  3.29600E-03
  3.55200E-03  3.80800E-03  4.06400E-03  4.57600E-03  5.08800E-03  5.60000E-03
  6.11200E-03  6.62400E-03  7.13600E-03  7.64800E-03  8.16000E-03  9.18400E-03
  1.02080E-02  1.12320E-02  1.22560E-02  1.32800E-02  1.43040E-02  1.53280E-02
  1.63520E-02  1.84000E-02  2.04480E-02  2.24960E-02  2.45440E-02  2.65920E-02
  2.86400E-02  3.06880E-02  3.27360E-02  3.68320E-02  4.09280E-02  4.50240E-02
  4.91200E-02  5.32160E-02  5.73120E-02  6.14080E-02  6.55040E-02  7.36960E-02
  8.18880E-02  9.00800E-02  9.82720E-02  1.06464E-01  1.14656E-01  1.22848E-01
  1.31040E-01  1.47424E-01  1.63808E-01  1.80192E-01  1.96576E-01  2.12960E-01
  2.29344E-01  2.45728E-01  2.62112E-01  2.94880E-01  3.27648E-01  3.60416E-01
  3.93184E-01  4.25952E-01  4.58720E-01  4.91488E-01  5.24256E-01  5.89792E-01
  6.55328E-01  7.20864E-01  7.86400E-01  8.51936E-01  9.17472E-01  9.83008E-01
  1.00000E+00  9.96538E-01  9.97708E-01  9.98456E-01  9.95904E-01  9.92235E-01
  9.95129E-01  9.93319E-01  9.95509E-01  9.91381E-01  9.91787E-01  9.92588E-01
  9.90480E-01  9.93211E-01  9.88969E-01  9.89384E-01  9.87252E-01  9.90957E-01
  9.87384E-01  9.85156E-01  9.82686E-01  9.83928E-01  9.81423E-01  9.78572E-01
  9.78022E-01  9.76189E-01  9.74476E-01  9.74508E-01  9.71227E-01  9.67263E-01
  9.64555E-01  9.61696E-01  9.59725E-01  9.57574E-01  9.55518E-01  9.49396E-01
  9.43955E-01  9.39514E-01  9.33956E-01  9.29441E-01  9.24760E-01  9.19910E-01
  9.14328E-01  9.04467E-01  8.94391E-01  8.84895E-01  8.74218E-01  8.65429E-01
  8.56006E-01  8.46269E-01  8.37440E-01  8.19356E-01  8.01293E-01  7.84286E-01
  7.67474E-01  7.51163E-01  7.34758E-01  7.19271E-01  7.03480E-01  6.73517E-01
  6.44198E-01  6.16767E-01  5.90448E-01  5.64988E-01  5.41358E-01  5.17956E-01
  4.95967E-01  4.54911E-01  4.17227E-01  3.82578E-01  3.50543E-01  3.21203E-01
  2.94453E-01  2.69603E-01  2.47551E-01  2.08051E-01  1.75092E-01  1.48037E-01
  1.25159E-01  1.05940E-01  8.93672E-02  7.57285E-02  6.45060E-02  4.63548E-02
  3.38248E-02  2.49838E-02  1.77846E-02  1.29209E-02  9.69932E-03  7.73375E-03
  6.48996E-03  3.02347E-03  2.26779E-03  2.72254E-03  2.65209E-03  2.62070E-03
  2.75532E-03  3.57767E-03  3.00736E-03  1.23126E-03  9.83443E-04 -9.02271E-04
 -3.96615E-04 -3.83929E-04 -8.43106E-04 -1.28136E-04  1.63158E-03  6.47487E-04
  1.95280E-03  2.99532E-03  2.37548E-03 -6.93203E-04  9.90445E-04  2.21216E-03
  2.87129E-03  5.37250E-04  1.74399E-03 -7.67580E-04 -1.21319E-03 -2.99520E-03
 -1.42169E-03 -1.71434E-03  7.60343E-04 -8.25528E-05  5.46670E-04 -2.08143E-04
  2.93950E-04  2.86642E-03  7.57996E-04  2.34511E-03  1.04864E-03  1.76994E-04
 -9.86779E-04 -1.13645E-03 -2.23263E-04 -1.82998E-03 -1.09721E-03  6.51375E-04
 -6.49153E-05  4.50938E-04  3.08742E-05 -8.43202E-04 -1.12053E-03  7.09777E-04
  2.53478E-04 -7.48412E-04 -5.32098E-04 -9.65956E-05 -5.97789E-04 -4.36354E-04
  8.13140E-04  3.47028E-04  2.73586E-04  1.65837E-05 -3.29629E-04  1.55549E-04
  8.37776E-05  4.46886E-04 -3.12589E-04 -7.00804E-05 -1.58684E-04 -1.31973E-04
