AutoSaveFileName0071.ASC
 IFORMY    0    .00
 (6E13.7)
 IFORMT    0    .00
 (6E13.7)
 IFORMW    0    .00
 (6E13.7)
 NINTT     0   -1.00
 DOUSNQ    0    1.00
 IQUAD          1.00
 PRWT      0    1.00
 PRY       0    1.00
 IPLRES    1    3.00
 IPLRES    2    3.00
 IPRINT    1    0.00
 IPRINT    2    2.00
 IPLFIT    1    0.00
 IPLFIT    2    0.00
 LINEPG    0   50.
 NONNEG    1    1.00
 IWT       0    5.00
 NQPROG    1    5.00
 NQPROG    2    5.00
 GMNMX     1    3.836E-05
 GMNMX     2    3.836E-02
 RUSER    10    -1.00
 NG        0    200.00
 NLINF     0    0.00
 IUSER    10    4.00
 RUSER    21    1.0
 RUSER    22   -1.0
 RUSER    23    0.0
 RUSER    18         292.18367
 RUSER    17         49.99800
 RUSER    19         1.02582
 RUSER    15         1.33200
 RUSER    16         632.80000
 RUSER    25         1
 RUSER    26         0
 END       0    0.00
 NY      188
  5.00000E-07  6.25000E-07  7.50000E-07  8.75000E-07  1.00000E-06  1.12500E-06
  1.25000E-06  1.37500E-06  1.50000E-06  1.62500E-06  1.75000E-06  1.87500E-06
  2.00000E-06  2.25000E-06  2.50000E-06  2.75000E-06  3.00000E-06  3.25000E-06
  3.50000E-06  3.75000E-06  4.00000E-06  4.50000E-06  5.00000E-06  5.50000E-06
  6.00000E-06  6.50000E-06  7.00000E-06  7.50000E-06  8.00000E-06  9.00000E-06
  1.00000E-05  1.10000E-05  1.20000E-05  1.30000E-05  1.40000E-05  1.50000E-05
  1.60000E-05  1.80000E-05  2.00000E-05  2.20000E-05  2.40000E-05  2.60000E-05
  2.80000E-05  3.00000E-05  3.20000E-05  3.60000E-05  4.00000E-05  4.40000E-05
  4.80000E-05  5.20000E-05  5.60000E-05  6.00000E-05  6.40000E-05  7.20000E-05
  8.00000E-05  8.80000E-05  9.60000E-05  1.04000E-04  1.12000E-04  1.20000E-04
  1.28000E-04  1.44000E-04  1.60000E-04  1.76000E-04  1.92000E-04  2.08000E-04
  2.24000E-04  2.40000E-04  2.56000E-04  2.88000E-04  3.20000E-04  3.52000E-04
  3.84000E-04  4.16000E-04  4.48000E-04  4.80000E-04  5.12000E-04  5.76000E-04
  6.40000E-04  7.04000E-04  7.68000E-04  8.32000E-04  8.96000E-04  9.60000E-04
  1.02400E-03  1.15200E-03  1.28000E-03  1.40800E-03  1.53600E-03  1.66400E-03
  1.79200E-03  1.92000E-03  2.01600E-03  2.27200E-03  2.52800E-03  2.78400E-03
  3.04000E-03  3.29600E-03  3.55200E-03  3.80800E-03  4.06400E-03  4.57600E-03
  5.08800E-03  5.60000E-03  6.11200E-03  6.62400E-03  7.13600E-03  7.64800E-03
  8.16000E-03  9.18400E-03  1.02080E-02  1.12320E-02  1.22560E-02  1.32800E-02
  1.43040E-02  1.53280E-02  1.63520E-02  1.84000E-02  2.04480E-02  2.24960E-02
  2.45440E-02  2.65920E-02  2.86400E-02  3.06880E-02  3.27360E-02  3.68320E-02
  4.09280E-02  4.50240E-02  4.91200E-02  5.32160E-02  5.73120E-02  6.14080E-02
  6.55040E-02  7.36960E-02  8.18880E-02  9.00800E-02  9.82720E-02  1.06464E-01
  1.14656E-01  1.22848E-01  1.31040E-01  1.47424E-01  1.63808E-01  1.80192E-01
  1.96576E-01  2.12960E-01  2.29344E-01  2.45728E-01  2.62112E-01  2.94880E-01
  3.27648E-01  3.60416E-01  3.93184E-01  4.25952E-01  4.58720E-01  4.91488E-01
  5.24256E-01  5.89792E-01  6.55328E-01  7.20864E-01  7.86400E-01  8.51936E-01
  9.17472E-01  9.83008E-01  1.04854E+00  1.17962E+00  1.31069E+00  1.44176E+00
  1.57283E+00  1.70390E+00  1.83498E+00  1.96605E+00  2.09712E+00  2.35926E+00
  2.62141E+00  2.88355E+00  3.14570E+00  3.40784E+00  3.66998E+00  3.93213E+00
  4.19427E+00  4.71856E+00  5.24285E+00  5.76714E+00  6.29142E+00  6.81571E+00
  7.34000E+00  7.86429E+00
  9.93668E-01  9.94229E-01  9.94627E-01  9.93078E-01  9.92367E-01  9.91458E-01
  9.91806E-01  9.92637E-01  9.93988E-01  9.91252E-01  9.92673E-01  9.93028E-01
  9.91458E-01  9.91237E-01  9.91969E-01  9.91550E-01  9.92005E-01  9.92509E-01
  9.92730E-01  9.91650E-01  9.91401E-01  9.91237E-01  9.92389E-01  9.91216E-01
  9.91735E-01  9.91259E-01  9.91259E-01  9.91365E-01  9.91344E-01  9.91152E-01
  9.90939E-01  9.91436E-01  9.90626E-01  9.91358E-01  9.91500E-01  9.90640E-01
  9.90306E-01  9.90804E-01  9.90498E-01  9.90335E-01  9.90107E-01  9.89908E-01
  9.89937E-01  9.89603E-01  9.89418E-01  9.89020E-01  9.88906E-01  9.88260E-01
  9.87940E-01  9.87705E-01  9.87435E-01  9.86909E-01  9.86391E-01  9.85865E-01
  9.85111E-01  9.84138E-01  9.83455E-01  9.82844E-01  9.81977E-01  9.81558E-01
  9.80577E-01  9.79028E-01  9.77536E-01  9.76079E-01  9.74615E-01  9.73037E-01
  9.71630E-01  9.70052E-01  9.68517E-01  9.65447E-01  9.62540E-01  9.59690E-01
  9.56862E-01  9.53984E-01  9.51191E-01  9.48305E-01  9.45477E-01  9.39784E-01
  9.34262E-01  9.28691E-01  9.23091E-01  9.17569E-01  9.12018E-01  9.06532E-01
  9.00996E-01  8.90421E-01  8.79938E-01  8.69548E-01  8.59343E-01  8.49237E-01
  8.39131E-01  8.29175E-01  8.23020E-01  8.03491E-01  7.84310E-01  7.65782E-01
  7.47951E-01  7.30732E-01  7.14031E-01  6.97759E-01  6.81832E-01  6.51298E-01
  6.22423E-01  5.95129E-01  5.69434E-01  5.45301E-01  5.22645E-01  5.01237E-01
  4.80523E-01  4.42302E-01  4.07913E-01  3.76863E-01  3.49130E-01  3.23431E-01
  2.99524E-01  2.78003E-01  2.57636E-01  2.20834E-01  1.87157E-01  1.56317E-01
  1.32905E-01  1.16279E-01  1.03516E-01  9.37453E-02  8.64176E-02  7.43837E-02
  5.66965E-02  4.43591E-02  3.98535E-02  3.09208E-02  2.01907E-02  9.06447E-03
  3.79733E-03  7.08643E-03  1.96194E-02  1.21519E-02  2.20827E-03 -7.86740E-03
 -1.00576E-02 -1.88752E-02 -2.64329E-02 -1.09777E-02 -7.25942E-03 -2.84691E-03
  6.82860E-03 -8.40489E-03 -3.04874E-03  1.54347E-02  1.82068E-02  1.42788E-02
  5.68040E-04 -9.90512E-03 -8.71432E-03 -2.50914E-02  1.03968E-02  1.87851E-02
 -1.85899E-05  1.10654E-02  7.01841E-03 -1.48742E-02  1.14577E-02 -3.92827E-04
 -3.57869E-03  5.06803E-04 -2.76321E-03  2.41218E-03  1.01100E-02  3.94637E-04
  5.32039E-03 -2.63256E-03 -5.44172E-03  1.23298E-03  2.31128E-04  3.90616E-03
  1.77118E-03  1.69789E-03 -2.00315E-02 -1.01099E-02  6.01018E-03 -3.32113E-03
  3.35945E-03  4.63665E-03 -2.63217E-03 -3.05368E-03 -1.23707E-02 -7.18195E-03
 -8.38506E-03 -4.24407E-03
