AutoSaveFileName0074.ASC
 IFORMY    0    .00
 (6E13.7)
 IFORMT    0    .00
 (6E13.7)
 IFORMW    0    .00
 (6E13.7)
 NINTT     0   -1.00
 DOUSNQ    0    1.00
 IQUAD          1.00
 PRWT      0    1.00
 PRY       0    1.00
 IPLRES    1    3.00
 IPLRES    2    3.00
 IPRINT    1    0.00
 IPRINT    2    2.00
 IPLFIT    1    0.00
 IPLFIT    2    0.00
 LINEPG    0   50.
 NONNEG    1    1.00
 IWT       0    5.00
 NQPROG    1    5.00
 NQPROG    2    5.00
 GMNMX     1    6.204E-05
 GMNMX     2    6.204E-02
 RUSER    10    -1.00
 NG        0    200.00
 NLINF     0    0.00
 IUSER    10    4.00
 RUSER    21    1.0
 RUSER    22   -1.0
 RUSER    23    0.0
 RUSER    18         291.86569
 RUSER    17         38.99900
 RUSER    19         1.03394
 RUSER    15         1.33200
 RUSER    16         632.80000
 RUSER    25         1
 RUSER    26         0
 END       0    0.00
 NY      131
  3.75000E-07  5.00000E-07  6.25000E-07  7.50000E-07  8.75000E-07  1.00000E-06
  1.12500E-06  1.25000E-06  1.37500E-06  1.50000E-06  1.62500E-06  1.75000E-06
  1.87500E-06  2.00000E-06  2.25000E-06  2.50000E-06  2.75000E-06  3.00000E-06
  3.25000E-06  3.50000E-06  3.75000E-06  4.00000E-06  4.50000E-06  5.00000E-06
  5.50000E-06  6.00000E-06  6.50000E-06  7.00000E-06  7.50000E-06  8.00000E-06
  9.00000E-06  1.00000E-05  1.10000E-05  1.20000E-05  1.30000E-05  1.40000E-05
  1.50000E-05  1.60000E-05  1.80000E-05  2.00000E-05  2.20000E-05  2.40000E-05
  2.60000E-05  2.80000E-05  3.00000E-05  3.20000E-05  3.60000E-05  4.00000E-05
  4.40000E-05  4.80000E-05  5.20000E-05  5.60000E-05  6.00000E-05  6.40000E-05
  7.20000E-05  8.00000E-05  8.80000E-05  9.60000E-05  1.04000E-04  1.12000E-04
  1.20000E-04  1.28000E-04  1.44000E-04  1.60000E-04  1.76000E-04  1.92000E-04
  2.08000E-04  2.24000E-04  2.40000E-04  2.56000E-04  2.88000E-04  3.20000E-04
  3.52000E-04  3.84000E-04  4.16000E-04  4.48000E-04  4.80000E-04  5.12000E-04
  5.76000E-04  6.40000E-04  7.04000E-04  7.68000E-04  8.32000E-04  8.96000E-04
  9.60000E-04  1.02400E-03  1.15200E-03  1.28000E-03  1.40800E-03  1.53600E-03
  1.66400E-03  1.79200E-03  1.92000E-03  2.01600E-03  2.27200E-03  2.52800E-03
  2.78400E-03  3.04000E-03  3.29600E-03  3.55200E-03  3.80800E-03  4.06400E-03
  4.57600E-03  5.08800E-03  5.60000E-03  6.11200E-03  6.62400E-03  7.13600E-03
  7.64800E-03  8.16000E-03  9.18400E-03  1.02080E-02  1.12320E-02  1.22560E-02
  1.32800E-02  1.43040E-02  1.53280E-02  1.63520E-02  1.84000E-02  2.04480E-02
  2.24960E-02  2.45440E-02  2.65920E-02  2.86400E-02  3.06880E-02  3.27360E-02
  3.68320E-02  4.09280E-02  4.50240E-02  4.91200E-02  5.32160E-02
  2.43812E+00  2.42912E+00  2.42277E+00  2.42542E+00  2.42244E+00  2.42125E+00
  2.42028E+00  2.42199E+00  2.42091E+00  2.41892E+00  2.42087E+00  2.41939E+00
  2.42668E+00  2.42407E+00  2.42282E+00  2.41854E+00  2.42287E+00  2.42714E+00
  2.42042E+00  2.42276E+00  2.41350E+00  2.41664E+00  2.41503E+00  2.41884E+00
  2.41912E+00  2.42050E+00  2.41817E+00  2.41777E+00  2.41811E+00  2.41807E+00
  2.41706E+00  2.41668E+00  2.41901E+00  2.41658E+00  2.41663E+00  2.41584E+00
  2.41559E+00  2.41643E+00  2.41442E+00  2.41451E+00  2.41409E+00  2.41374E+00
  2.41303E+00  2.41319E+00  2.41108E+00  2.41070E+00  2.41106E+00  2.40968E+00
  2.40872E+00  2.40689E+00  2.40696E+00  2.40436E+00  2.40214E+00  2.40131E+00
  2.39820E+00  2.39653E+00  2.39423E+00  2.39264E+00  2.38959E+00  2.38708E+00
  2.38445E+00  2.38281E+00  2.37837E+00  2.37357E+00  2.36886E+00  2.36508E+00
  2.36014E+00  2.35413E+00  2.35063E+00  2.34572E+00  2.33616E+00  2.32730E+00
  2.31786E+00  2.30987E+00  2.30033E+00  2.29120E+00  2.28241E+00  2.27225E+00
  2.25396E+00  2.23642E+00  2.21866E+00  2.20140E+00  2.18471E+00  2.16749E+00
  2.15136E+00  2.13419E+00  2.10104E+00  2.06842E+00  2.03646E+00  2.00486E+00
  1.97416E+00  1.94338E+00  1.91386E+00  1.89165E+00  1.83484E+00  1.78062E+00
  1.72780E+00  1.67679E+00  1.62731E+00  1.57956E+00  1.53333E+00  1.48843E+00
  1.40373E+00  1.32346E+00  1.24709E+00  1.17328E+00  1.10339E+00  1.03822E+00
  9.77050E-01  9.18885E-01  8.10765E-01  7.14532E-01  6.30752E-01  5.57069E-01
  4.90786E-01  4.32571E-01  3.82990E-01  3.36347E-01  2.56254E-01  1.95822E-01
  1.48012E-01  1.05793E-01  8.07378E-02  6.37067E-02  5.15254E-02  4.13824E-02
  2.60359E-02  1.62073E-02  6.62248E-03  1.53081E-03 -1.20675E-02
