AutoSaveFileName0000.ASC
 IFORMY    0    .00
 (6E13.7)
 IFORMT    0    .00
 (6E13.7)
 IFORMW    0    .00
 (6E13.7)
 NINTT     0   -1.00
 DOUSNQ    0    1.00
 IQUAD     0    1.00
 PRWT      0    1.00
 PRY       0    1.00
 IPLRES    1    3.00
 IPLRES    2    3.00
 IPRINT    1    0.00
 IPRINT    2    2.00
 IPLFIT    1    0.00
 IPLFIT    2    0.00
 LINEPG    0   50.
 NONNEG    1    1.00
 IWT       0    5.00
 NQPROG    1    5.00
 NQPROG    2    5.00
 GMNMX     1    1.58030E-01
 GMNMX     2    5.67289E-02
 RUSER    10    -1.00
 NG        0    500.00
 NLINF     0    1.00
 IUSER    10    4.00
 RUSER    21    1.0
 RUSER    22   -1.0
 RUSER    23    0.0
 RUSER    18         291.89710
 RUSER    17         15.00300
 RUSER    19         1.03313
 RUSER    15         1.33200
 RUSER    16         632.80000
 RUSER    25         1
 RUSER    26         0
 END       0    0.00
 NY      162
  7.50000E-07  8.75000E-07  1.00000E-06  1.12500E-06  1.25000E-06  1.37500E-06
  1.50000E-06  1.62500E-06  1.75000E-06  1.87500E-06  2.00000E-06  2.25000E-06
  2.50000E-06  2.75000E-06  3.00000E-06  3.25000E-06  3.50000E-06  3.75000E-06
  4.00000E-06  4.50000E-06  5.00000E-06  5.50000E-06  6.00000E-06  6.50000E-06
  7.00000E-06  7.50000E-06  8.00000E-06  9.00000E-06  1.00000E-05  1.10000E-05
  1.20000E-05  1.30000E-05  1.40000E-05  1.50000E-05  1.60000E-05  1.80000E-05
  2.00000E-05  2.20000E-05  2.40000E-05  2.60000E-05  2.80000E-05  3.00000E-05
  3.20000E-05  3.60000E-05  4.00000E-05  4.40000E-05  4.80000E-05  5.20000E-05
  5.60000E-05  6.00000E-05  6.40000E-05  7.20000E-05  8.00000E-05  8.80000E-05
  9.60000E-05  1.04000E-04  1.12000E-04  1.20000E-04  1.28000E-04  1.44000E-04
  1.60000E-04  1.76000E-04  1.92000E-04  2.08000E-04  2.24000E-04  2.40000E-04
  2.56000E-04  2.88000E-04  3.20000E-04  3.52000E-04  3.84000E-04  4.16000E-04
  4.48000E-04  4.80000E-04  5.12000E-04  5.76000E-04  6.40000E-04  7.04000E-04
  7.68000E-04  8.32000E-04  8.96000E-04  9.60000E-04  1.02400E-03  1.15200E-03
  1.28000E-03  1.40800E-03  1.53600E-03  1.66400E-03  1.79200E-03  1.92000E-03
  2.01600E-03  2.27200E-03  2.52800E-03  2.78400E-03  3.04000E-03  3.29600E-03
  3.55200E-03  3.80800E-03  4.06400E-03  4.57600E-03  5.08800E-03  5.60000E-03
  6.11200E-03  6.62400E-03  7.13600E-03  7.64800E-03  8.16000E-03  9.18400E-03
  1.02080E-02  1.12320E-02  1.22560E-02  1.32800E-02  1.43040E-02  1.53280E-02
  1.63520E-02  1.84000E-02  2.04480E-02  2.24960E-02  2.45440E-02  2.65920E-02
  2.86400E-02  3.06880E-02  3.27360E-02  3.68320E-02  4.09280E-02  4.50240E-02
  4.91200E-02  5.32160E-02  5.73120E-02  6.14080E-02  6.55040E-02  7.36960E-02
  8.18880E-02  9.00800E-02  9.82720E-02  1.06464E-01  1.14656E-01  1.22848E-01
  1.31040E-01  1.47424E-01  1.63808E-01  1.80192E-01  1.96576E-01  2.12960E-01
  2.29344E-01  2.45728E-01  2.62112E-01  2.94880E-01  3.27648E-01  3.60416E-01
  3.93184E-01  4.25952E-01  4.58720E-01  4.91488E-01  5.24256E-01  5.89792E-01
  6.55328E-01  7.20864E-01  7.86400E-01  8.51936E-01  9.17472E-01  9.83008E-01
  9.96679E-01  9.96487E-01  9.96667E-01  9.96278E-01  9.98999E-01  9.96211E-01
  9.90363E-01  9.95321E-01  9.94717E-01  9.99067E-01  9.97788E-01  9.98328E-01
  9.95552E-01  9.97833E-01  9.99783E-01  9.99478E-01  9.99002E-01  1.00000E+00
  9.98553E-01  9.93620E-01  9.94758E-01  9.95949E-01  9.92937E-01  9.96135E-01
  9.93133E-01  9.93046E-01  9.95562E-01  9.94216E-01  9.95259E-01  9.95576E-01
  9.95155E-01  9.96362E-01  9.95877E-01  9.95564E-01  9.95380E-01  9.95842E-01
  9.94989E-01  9.94596E-01  9.95462E-01  9.95441E-01  9.94249E-01  9.94930E-01
  9.94985E-01  9.94590E-01  9.94801E-01  9.94062E-01  9.94083E-01  9.93870E-01
  9.93133E-01  9.93234E-01  9.93328E-01  9.93283E-01  9.93148E-01  9.93070E-01
  9.92471E-01  9.92182E-01  9.91669E-01  9.91161E-01  9.91159E-01  9.91126E-01
  9.89968E-01  9.89491E-01  9.88949E-01  9.87816E-01  9.87699E-01  9.87362E-01
  9.86682E-01  9.85526E-01  9.84606E-01  9.83548E-01  9.82484E-01  9.81446E-01
  9.80597E-01  9.79239E-01  9.78361E-01  9.76098E-01  9.74132E-01  9.72477E-01
  9.70527E-01  9.68796E-01  9.66561E-01  9.65074E-01  9.62635E-01  9.59226E-01
  9.55615E-01  9.52294E-01  9.48812E-01  9.45690E-01  9.42283E-01  9.39028E-01
  9.47406E-01  9.40884E-01  9.34303E-01  9.28014E-01  9.21741E-01  9.15664E-01
  9.09372E-01  9.03285E-01  8.96799E-01  8.85202E-01  8.73695E-01  8.62549E-01
  8.51794E-01  8.41529E-01  8.31332E-01  8.21396E-01  8.10397E-01  7.92498E-01
  7.75847E-01  7.60132E-01  7.45019E-01  7.30896E-01  7.17126E-01  7.04577E-01
  6.90394E-01  6.67288E-01  6.45473E-01  6.26099E-01  6.08884E-01  5.91453E-01
  5.74684E-01  5.60329E-01  5.44724E-01  5.21356E-01  4.97791E-01  4.76596E-01
  4.54859E-01  4.36056E-01  4.23256E-01  4.11096E-01  3.99513E-01  3.74509E-01
  3.51579E-01  3.33438E-01  3.24530E-01  3.15652E-01  2.98793E-01  2.89213E-01
  2.71795E-01  2.44916E-01  2.35768E-01  2.33773E-01  2.19001E-01  1.92075E-01
  1.55858E-01  1.33872E-01  1.14528E-01  8.19375E-02  7.52488E-02  4.73990E-02
  2.18440E-02  2.71118E-02  2.70774E-02  2.44605E-02  4.73396E-02  4.10200E-02
  1.56220E-03 -4.41189E-02 -5.82976E-02 -4.96556E-02 -5.34931E-02 -6.52974E-02
