AutoSaveFileName0199.ASC
 IFORMY    0    .00
 (6E13.7)
 IFORMT    0    .00
 (6E13.7)
 IFORMW    0    .00
 (6E13.7)
 NINTT     0   -1.00
 DOUSNQ    0    1.00
 IQUAD          1.00
 PRWT      0    1.00
 PRY       0    1.00
 IPLRES    1    3.00
 IPLRES    2    3.00
 IPRINT    1    0.00
 IPRINT    2    2.00
 IPLFIT    1    0.00
 IPLFIT    2    0.00
 LINEPG    0   50.
 NONNEG    1    1.00
 IWT       0    5.00
 NQPROG    1    5.00
 NQPROG    2    5.00
 GMNMX     1    1.020E-05
 GMNMX     2    1.020E-02
 RUSER    10    -1.00
 NG        0    200.00
 NLINF     0    0.00
 IUSER    10    4.00
 RUSER    21    1.0
 RUSER    22   -1.0
 RUSER    23    0.0
 RUSER    18         292.23245
 RUSER    17         109.99900
 RUSER    19         1.02459
 RUSER    15         1.33200
 RUSER    16         632.80000
 RUSER    25         1
 RUSER    26         0
 END       0    0.00
 NY      188
  5.00000E-07  6.25000E-07  7.50000E-07  8.75000E-07  1.00000E-06  1.12500E-06
  1.25000E-06  1.37500E-06  1.50000E-06  1.62500E-06  1.75000E-06  1.87500E-06
  2.00000E-06  2.25000E-06  2.50000E-06  2.75000E-06  3.00000E-06  3.25000E-06
  3.50000E-06  3.75000E-06  4.00000E-06  4.50000E-06  5.00000E-06  5.50000E-06
  6.00000E-06  6.50000E-06  7.00000E-06  7.50000E-06  8.00000E-06  9.00000E-06
  1.00000E-05  1.10000E-05  1.20000E-05  1.30000E-05  1.40000E-05  1.50000E-05
  1.60000E-05  1.80000E-05  2.00000E-05  2.20000E-05  2.40000E-05  2.60000E-05
  2.80000E-05  3.00000E-05  3.20000E-05  3.60000E-05  4.00000E-05  4.40000E-05
  4.80000E-05  5.20000E-05  5.60000E-05  6.00000E-05  6.40000E-05  7.20000E-05
  8.00000E-05  8.80000E-05  9.60000E-05  1.04000E-04  1.12000E-04  1.20000E-04
  1.28000E-04  1.44000E-04  1.60000E-04  1.76000E-04  1.92000E-04  2.08000E-04
  2.24000E-04  2.40000E-04  2.56000E-04  2.88000E-04  3.20000E-04  3.52000E-04
  3.84000E-04  4.16000E-04  4.48000E-04  4.80000E-04  5.12000E-04  5.76000E-04
  6.40000E-04  7.04000E-04  7.68000E-04  8.32000E-04  8.96000E-04  9.60000E-04
  1.02400E-03  1.15200E-03  1.28000E-03  1.40800E-03  1.53600E-03  1.66400E-03
  1.79200E-03  1.92000E-03  2.01600E-03  2.27200E-03  2.52800E-03  2.78400E-03
  3.04000E-03  3.29600E-03  3.55200E-03  3.80800E-03  4.06400E-03  4.57600E-03
  5.08800E-03  5.60000E-03  6.11200E-03  6.62400E-03  7.13600E-03  7.64800E-03
  8.16000E-03  9.18400E-03  1.02080E-02  1.12320E-02  1.22560E-02  1.32800E-02
  1.43040E-02  1.53280E-02  1.63520E-02  1.84000E-02  2.04480E-02  2.24960E-02
  2.45440E-02  2.65920E-02  2.86400E-02  3.06880E-02  3.27360E-02  3.68320E-02
  4.09280E-02  4.50240E-02  4.91200E-02  5.32160E-02  5.73120E-02  6.14080E-02
  6.55040E-02  7.36960E-02  8.18880E-02  9.00800E-02  9.82720E-02  1.06464E-01
  1.14656E-01  1.22848E-01  1.31040E-01  1.47424E-01  1.63808E-01  1.80192E-01
  1.96576E-01  2.12960E-01  2.29344E-01  2.45728E-01  2.62112E-01  2.94880E-01
  3.27648E-01  3.60416E-01  3.93184E-01  4.25952E-01  4.58720E-01  4.91488E-01
  5.24256E-01  5.89792E-01  6.55328E-01  7.20864E-01  7.86400E-01  8.51936E-01
  9.17472E-01  9.83008E-01  1.04854E+00  1.17962E+00  1.31069E+00  1.44176E+00
  1.57283E+00  1.70390E+00  1.83498E+00  1.96605E+00  2.09712E+00  2.35926E+00
  2.62141E+00  2.88355E+00  3.14570E+00  3.40784E+00  3.66998E+00  3.93213E+00
  4.19427E+00  4.71856E+00  5.24285E+00  5.76714E+00  6.29142E+00  6.81571E+00
  7.34000E+00  7.86429E+00
  9.92430E-01  9.90153E-01  9.89509E-01  9.92704E-01  9.88279E-01  9.89863E-01
  9.90400E-01  9.87734E-01  9.86602E-01  9.86247E-01  9.85386E-01  9.86850E-01
  9.86695E-01  9.87480E-01  9.84933E-01  9.86378E-01  9.87379E-01  9.87381E-01
  9.85110E-01  9.84443E-01  9.85443E-01  9.86062E-01  9.85601E-01  9.85864E-01
  9.85928E-01  9.85581E-01  9.84336E-01  9.84684E-01  9.83987E-01  9.84953E-01
  9.84801E-01  9.83804E-01  9.83645E-01  9.82664E-01  9.82713E-01  9.81149E-01
  9.81768E-01  9.81873E-01  9.80129E-01  9.79829E-01  9.78387E-01  9.78044E-01
  9.78337E-01  9.76936E-01  9.76630E-01  9.74584E-01  9.73001E-01  9.72195E-01
  9.70539E-01  9.68945E-01  9.67478E-01  9.66248E-01  9.64848E-01  9.61837E-01
  9.58865E-01  9.56060E-01  9.53436E-01  9.50376E-01  9.47930E-01  9.44844E-01
  9.41939E-01  9.36431E-01  9.30723E-01  9.24852E-01  9.19593E-01  9.13716E-01
  9.08105E-01  9.02863E-01  8.97329E-01  8.86328E-01  8.75789E-01  8.65059E-01
  8.54614E-01  8.44275E-01  8.34234E-01  8.24097E-01  8.13857E-01  7.94453E-01
  7.75216E-01  7.56583E-01  7.38332E-01  7.20598E-01  7.03208E-01  6.86069E-01
  6.48259E-01  6.17331E-01  5.87606E-01  5.59358E-01  5.32614E-01  5.07141E-01
  4.82926E-01  4.60101E-01  4.58860E-01  4.16862E-01  3.78847E-01  3.44411E-01
  3.13524E-01  2.85510E-01  2.59728E-01  2.36327E-01  2.15796E-01  1.79710E-01
  1.50468E-01  1.26223E-01  1.06699E-01  9.05707E-02  7.76766E-02  6.65531E-02
  5.69942E-02  4.23180E-02  3.15690E-02  2.35772E-02  1.88659E-02  1.53737E-02
  1.38026E-02  1.14915E-02  9.28082E-03  5.98668E-03  2.75021E-03  1.99104E-03
  7.62462E-05  6.16664E-04  1.23534E-03 -4.54824E-04 -3.77299E-03 -7.15147E-03
 -5.59723E-03 -3.43978E-03  1.38740E-03  2.34683E-03  4.44351E-03  4.30856E-03
 -4.00152E-04 -4.19125E-03 -7.87055E-03 -5.36301E-03 -3.98459E-03 -1.27239E-03
 -6.51472E-03 -5.17955E-03 -4.20347E-03 -3.96741E-03  2.45629E-03  6.13202E-03
 -1.95425E-03 -1.89388E-03 -1.17753E-03 -1.63403E-03  4.43181E-04  2.26472E-03
 -1.02783E-03 -1.44504E-03 -1.15796E-03 -8.86490E-05 -5.77854E-03  1.19277E-03
  5.22270E-04  1.00465E-03 -1.50490E-03  1.28413E-03 -2.02602E-03  4.50840E-04
  1.51367E-03 -1.84222E-03 -8.81947E-04 -1.87455E-03 -3.80102E-04 -6.93389E-04
 -1.77590E-03  4.54765E-04 -1.95757E-03  1.36733E-03  3.39510E-04 -1.35964E-03
  1.06083E-03  7.63100E-05  4.30524E-04 -2.22639E-04 -1.64180E-03 -6.62468E-05
  4.06642E-04 -2.05620E-03 -4.33349E-04  1.43987E-03  1.71556E-03 -8.48834E-04
 -3.83800E-04 -6.11490E-04
