,radius(nm),distrib,err
10,890.6397851929664,0.01408,0.0017
11,857.5919267442479,0.01229,0.002
12,825.7654021947211,0.01025,0.0023
13,795.0883683738452,0.008126,0.0024
14,765.6326684521613,0.006067,0.0024
15,737.1827729180469,0.004201,0.0023
16,709.8177092590971,0.002633,0.0019
17,683.4728186218251,0.001427,0.0014
18,658.1049951039066,0.0006108,0.00085
19,633.6783171200711,0.0001601,0.00034
20,610.1568630850484,0.0,1.8e-19
21,587.511895730622,0.0,4e-19
22,565.7074934715217,7.581e-05,0.00035
23,544.7077347224773,0.0004387,0.00092
24,524.4910665323264,0.001243,0.0016
25,505.0215673157988,0.002587,0.0023
26,486.277684121732,0.004518,0.0029
27,468.23067968191003,0.007034,0.0034
28,450.85181672811655,0.01009,0.0038
29,434.1123579921352,0.0136,0.0041
30,418.0051191569119,0.01746,0.0043
31,402.4869943201223,0.02152,0.0043
32,387.55079916471226,0.02564,0.0042
33,373.16061210541153,0.02965,0.0041
34,359.30924882516604,0.03338,0.0038
35,345.97515637281344,0.03669,0.0036
36,333.1367817971917,0.03942,0.0033
37,320.7725721471385,0.04146,0.003
38,308.86097447149166,0.0427,0.0028
39,297.4019887702512,0.04309,0.0026
40,286.3596934581467,0.04258,0.0025
41,275.7340885351783,0.0412,0.0026
42,265.4964367331296,0.03898,0.0027
43,255.64673805200064,0.03602,0.003
44,246.15625522357513,0.03242,0.0032
45,237.01780393079903,0.02835,0.0035
46,228.22419985661827,0.02397,0.0037
47,219.74670573281654,0.0195,0.0038
48,211.5925058764479,0.01513,0.0037
49,203.74004733635022,0.01107,0.0035
50,196.1749614784153,0.007498,0.0031
51,188.89724830264313,0.004564,0.0025
52,181.8853548578715,0.002368,0.0018
53,175.1320968270464,0.0009367,0.0011
54,168.63028989311368,0.000207,0.00044
55,162.37274973901938,0.0,6.2e-19
56,156.3451077306553,0.0,6.7e-19
57,150.5473638680214,0.0,1.1e-18
58,144.95796519995548,0.0,5e-19
59,139.5769117264576,0.0,1.3e-18
60,134.3970191304737,0.0,1.4e-18
61,129.41110309494962,0.0,1.1e-18
62,124.60479498577727,0.0,1.1e-18
63,119.97809480295668,0.0,8.7e-19
64,115.52381822943373,0.0,1.4e-18
65,111.23478094815438,0.0,1.5e-18
66,107.11098295911863,0.0,4.6e-19
67,103.13087131116426,0.0,2.1e-18
68,99.30881463839941,0.0,2.1e-18
69,95.62325998966188,0.0,1.8e-18
70,92.07420736495165,0.0,2.2e-18
71,88.6544724472147,0.0,2.8e-18
72,85.36405523645097,0.0,1.1e-18
73,82.19577141560643,0.0,1.3e-18
74,79.14243666762701,0.0,1.3e-18
75,76.20405099251266,0.0,8.3e-19
76,73.38061439026345,0.0,1.1e-18
77,70.65416606824417,0.0,1.7e-18
78,68.03189034350888,0.0,2e-18
79,65.50660289900352,0.0,1.6e-18
80,63.0754300079065,0.0,2.7e-18
81,60.734061079985324,0.0,1.7e-18
82,58.47962238841839,0.000291,0.00041
83,56.30924020638406,0.001069,0.00099
84,54.21932237535532,0.002385,0.0016
85,52.20699516851051,0.004175,0.0021
86,50.26866642732263,0.006294,0.0024
87,48.402899288380844,0.008544,0.0025
88,46.606820024863524,0.01071,0.0024
89,44.876836478243646,0.01257,0.0022
90,43.21079335340498,0.01394,0.0018
91,41.60725378693673,0.01467,0.0014
92,40.06262562031183,0.0147,0.001
93,38.57547199011949,0.014,0.00093
94,37.14363760124349,0.01263,0.0012
95,35.76496715856759,0.01073,0.0016
96,34.43802379868101,0.008485,0.0019
97,33.15993379476209,0.006134,0.002
98,31.928541851694618,0.003926,0.0019
99,30.74384796947859,0.002096,0.0016
100,29.60225998958699,0.0008177,0.0011
101,28.5037779120198,0.0001553,0.00048
102,27.445528009955396,0.0,3.3e-18
103,26.427510283393783,0.0,4.2e-18
104,25.44613257380792,0.0,2.6e-18
105,24.502113312903223,0.0,3.1e-18
106,23.59257877385805,0.0,3.5e-18
107,22.716810524967006,0.0,3.1e-18
108,21.873371702819274,0.0,3.6e-18
109,21.06154387570945,0.0,4.5e-18
110,20.27989018022671,0.0,5e-18
111,19.526973752960256,0.0,2.8e-18
112,18.802794593910072,0.0,4.3e-18
113,18.10447897625454,0.0,4.1e-18
114,17.432745331699063,0.0,5.8e-18
115,16.785438365127423,0.0,6e-18
116,16.162558076539618,0.0,4.1e-18
117,15.562667602524835,0.0,6.2e-18
118,14.985048511377666,0.0,4.7e-18
119,14.428982371392706,0.0,2.6e-18
120,13.893032319159138,0.0,5.5e-18
121,13.377916786382373,0.0,5.6e-18
122,12.880762046240779,0.0,5e-18
123,12.403004962145175,0.0,3.2e-18
124,11.942490238979335,0.0,8.8e-18
125,11.499217876743263,0.0,4.6e-18
126,11.072469443731546,0.0,8.8e-18
127,10.661526508238785,0.0,6.4e-18
128,10.265670638559568,0.0,4.5e-18
129,9.884901834693897,0.0,5.4e-18
130,9.51778323323096,0.0,8.1e-18
131,9.164314834170751,0.0,4.3e-18
132,8.824496637513274,0.0,3.1e-18
133,8.496891779847717,0.0,5.3e-18
134,8.181500261174076,0.0,4.5e-18
135,7.877603649786946,0.0,5.3e-18
136,7.585201945686326,0.0,6.7e-18
137,7.304295148872218,0.0,5e-18
138,7.032871650569482,0.0,7.5e-18
139,6.7718654119951465,0.0,3.1e-18
140,6.520486158273263,0.0,4.6e-18
141,6.278446516721669,0.0,5.3e-18
142,6.045459114658202,0.0,9.3e-18
143,5.82109289305962,0.0,4.7e-18
144,5.604988636073216,0.0,9.8e-18
145,5.397002657357912,0.0,2.8e-18
146,5.196632054719919,0.0,5.9e-18
147,5.0038049849887,0.0,4.7e-18
148,4.81801854597047,0.0,4e-18
149,4.639200894494685,0.0,5.4e-18
150,4.467064657879186,0.0,7.3e-18
151,4.301250620271268,0.0,5.8e-18
152,4.141615095329848,0.0,2.5e-18
153,3.9878707103727655,0.0,1.9e-18
154,3.8398737790589395,0.0,2.4e-18
155,3.697336928706205,0.0,1.1e-18
156,3.560116472973482,0.0,3.6e-18
157,3.4279250391786076,0.0,3.2e-18
158,3.300690784151041,0.0,6.2e-18
159,3.17819817837916,0.0,4.3e-18
160,3.0602316923513424,0.0,5.8e-18
161,2.946647639726508,0.0,1.7e-18
162,2.837302334163574,0.0,3e-18
163,2.7319802461509184,0.0,3.1e-18
164,2.630609532518001,0.0,4.8e-18
165,2.5329746637531994,0.0,3.8e-18
166,2.438931953515433,0.0,5.2e-18
167,2.3484095586341605,0.0,3.5e-18
168,2.2612637927683004,0.0,5e-18
169,2.1772791264062303,0.0,6.4e-18
170,2.096527402718492,0.0,4.8e-18
171,2.0186494058523814,0.0,4.6e-18
172,1.9437888221489799,0.0,3.1e-18
173,1.8715864357555834,0.0,2.3e-18
174,1.8021140898427337,0.0,3.5e-18
175,1.7352280980693489,0.0,3.8e-18
176,1.6708566172648884,0.0,3.2e-18
177,1.6088559610882704,0.0,3.1e-18
178,1.549154286368955,0.0,4.5e-18
179,1.49160790676586,0.0,2.9e-18
180,1.4362886654495268,0.0,2.4e-18
181,1.382981032908333,0.0,2.9e-18
182,1.3316131659717378,0.0,2.6e-18
183,1.2821850646397412,0.0,3.8e-18
184,1.2346248857418027,0.0,2.6e-18
185,1.1887889429368408,0.0,2.3e-18
186,1.1446772362248556,0.0,2.3e-18
187,1.1021460792647655,0.0,1.1e-18
188,1.0612673152271115,0.0,1.3e-18
189,1.0218972577708119,0.0,2.1e-18
190,0.9839640637253263,0.0,1.2e-18
191,0.9473958899201135,0.0,1.4e-18
192,0.9122645795257148,0.0,6.7e-19
