,tau,corrFit,corrIn
0,7.5e-07,1.0,1.0
1,8.75e-07,0.998662447561,0.998663
2,1e-06,0.999406088209,0.999406
3,1.125e-06,0.998794363609,0.998795
4,1.25e-06,0.998408633616,0.998408
5,1.375e-06,0.997963038361,0.997964
6,1.5e-06,0.997783229881,0.997784
7,1.625e-06,0.996820531281,0.996821
8,1.75e-06,0.997633401856,0.997634
9,1.875e-06,0.9970102380159999,0.99701
10,2e-06,0.997185982464,0.997186
11,2.25e-06,0.996147717184,0.996148
12,2.5e-06,0.9965609618410001,0.996561
13,2.75e-06,0.995487103081,0.995488
14,3e-06,0.995351414929,0.995352
15,3.25e-06,0.994780827769,0.99478
16,3.5e-06,0.994842666724,0.994842
17,3.75e-06,0.993478666756,0.993479
18,4e-06,0.9936022656160001,0.993602
19,4.5e-06,0.9934208570249999,0.993421
20,5e-06,0.992239116544,0.992239
21,5.5e-06,0.9914284470249999,0.991429
22,6e-06,0.9909764484839999,0.990976
23,6.5e-06,0.990576306729,0.990576
24,7e-06,0.9893365797160001,0.989336
25,7.5e-06,0.9883163278810001,0.988316
26,8e-06,0.9880618441690001,0.988061
27,9e-06,0.986670715969,0.986671
28,1e-05,0.985391743561,0.985392
29,1.1e-05,0.9840362241960001,0.984037
30,1.2e-05,0.9824457218559999,0.982445
31,1.3e-05,0.9811001550249999,0.9811
32,1.4e-05,0.9794605643290001,0.97946
33,1.5e-05,0.9780616609,0.978061
34,1.6e-05,0.9768120022440001,0.976812
35,1.8e-05,0.974042668096,0.974042
36,2e-05,0.971267409841,0.971267
37,2.2e-05,0.968645703204,0.968646
38,2.4e-05,0.965805424516,0.965806
39,2.6e-05,0.9629516526009999,0.962952
40,2.8e-05,0.960313761936,0.960313
41,3e-05,0.9575992449000001,0.9576
42,3.2e-05,0.954837756964,0.954838
43,3.6e-05,0.9495391602489999,0.949539
44,4e-05,0.9441212122810001,0.944122
45,4.4e-05,0.938726516641,0.938726
46,4.8e-05,0.9334979953289999,0.933498
47,5.2e-05,0.9284016232959998,0.928401
48,5.6e-05,0.923190445584,0.92319
49,6e-05,0.9181549056159999,0.918155
50,6.4e-05,0.912934386576,0.912935
51,7.2e-05,0.9029560576,0.902957
52,8e-05,0.8930363400360001,0.893037
53,8.8e-05,0.883436447569,0.883437
54,9.6e-05,0.8739071289000001,0.873908
55,0.000104,0.8644573766439999,0.864458
56,0.000112,0.855473306724,0.855474
57,0.00012,0.846480961936,0.846481
58,0.000128,0.837625817961,0.837625
59,0.000144,0.8203957430490001,0.820395
60,0.00016,0.8037463173609999,0.803747
61,0.000176,0.7875515284810001,0.787551
62,0.000192,0.7720662409290001,0.772067
63,0.000208,0.7570322457759999,0.757033
64,0.000224,0.7423097574759999,0.74231
65,0.00024,0.728269371769,0.728269
66,0.000256,0.714601406281,0.714602
67,0.000288,0.6885597420249999,0.68856
68,0.00032,0.6642201100089999,0.66422
69,0.000352,0.641309469124,0.64131
70,0.000384,0.6198066492840001,0.619806
71,0.000416,0.599458417009,0.599459
72,0.000448,0.580448944384,0.580449
73,0.00048,0.5624625006249999,0.562463
74,0.000512,0.5440213060839999,0.544021
75,0.000576,0.513173082321,0.513173
76,0.00064,0.48558737928100004,0.485587
77,0.000704,0.460974460401,0.460975
78,0.000768,0.438780384025,0.43878
79,0.000832,0.418752646321,0.418752
80,0.000896,0.40047001192900006,0.40047
81,0.00096,0.38386078922500005,0.383861
82,0.001024,0.36912793848099995,0.369128
83,0.001152,0.34254916672900004,0.342549
84,0.00128,0.32019074931599995,0.320191
85,0.001408,0.300821534784,0.300821
86,0.001536,0.283972817881,0.283973
87,0.001664,0.269283155625,0.269283
88,0.001792,0.25628805000099997,0.256288
89,0.00192,0.244551019441,0.244551
90,0.002016,0.237184584256,0.237185
91,0.002272,0.2166995601,0.2167
92,0.002528,0.1986574041,0.198657
93,0.002784,0.183683387889,0.183683
94,0.00304,0.170969845225,0.17097
95,0.003296,0.158796671049,0.158797
96,0.003552,0.147211109761,0.147211
97,0.003808,0.13777904659600002,0.137779
98,0.004064,0.129427977121,0.129428
99,0.004576,0.11468991828099999,0.11469
100,0.005088,0.100864043281,0.100864
101,0.0056,0.08863779384100001,0.0886379
102,0.006112,0.07969950072099999,0.0796997
103,0.006624,0.07192694886399999,0.0719272
104,0.007136,0.06493527097599999,0.0649352
105,0.007648,0.058090640400000004,0.0580906
106,0.00816,0.051685749025,0.0516858
107,0.009184,0.040022003025,0.040022
108,0.01021,0.0336025561,0.0336024
109,0.01123,0.028150463961000006,0.0281506
110,0.01226,0.022823051329000005,0.0228229
111,0.01328,0.020296846089000002,0.0202968
112,0.0143,0.018075726916000002,0.0180757
113,0.01533,0.014254688449,0.0142546
114,0.01635,0.011504493080999998,0.0115045
115,0.0184,0.010257233284000002,0.0102573
116,0.02045,0.004524311169,0.00452431
117,0.0225,0.007796007025,0.007796
118,0.02454,0.00684092755801,0.00684092
119,0.02659,0.007688448782440001,0.00768844
120,0.02864,0.00912200728464,0.00912201
121,0.03069,0.008855129942889998,0.00885513
122,0.03274,0.00889686605824,0.00889686
123,0.03683,0.00762902674249,0.00762903
124,0.04093,0.0108951844,0.0108951
125,0.04502,0.00994820723649,0.0099482
126,0.04912,0.008275904784,0.0082759
127,0.05322,0.006078229369000001,0.00607823
128,0.05731,0.00355586808721,0.00355587
129,0.06141,0.004216190596839999,0.00421619
130,0.0655,0.004483855874559999,0.00448385
131,0.0737,0.006236892676000001,0.00623689
132,0.08189,0.009272534436,0.00927253
133,0.09008,0.006892685692840001,0.00689268
134,0.09827,0.008621679609000002,0.00862167
135,0.1065,0.005348523448960001,0.00534852
136,0.1147,0.00461379204001,0.00461379
137,0.1228,0.003963835681,0.00396383
138,0.131,0.004528482436000001,0.00452848
139,0.1474,0.0072448355955600004,0.00724483
140,0.1638,0.00155172178561,0.00155172
141,0.1802,0.0030007826643599998,0.00300078
142,0.1966,0.0045458069907599995,0.00454581
143,0.213,0.004908992121639999,0.00490899
144,0.2293,0.00514592457201,0.00514593
145,0.2457,0.00386943714304,0.00386944
146,0.2621,0.0035307245160099998,0.00353073
147,0.2949,0.005965878568810001,0.00596588
148,0.3276,0.0036299902003600003,0.00362999
149,0.3604,0.004509270231210001,0.00450927
150,0.3932,0.00436650032025,0.0043665
151,0.426,0.0065748258760899994,0.00657483
152,0.4587,0.007192227248999999,0.00719223
153,0.4915,0.00461282755684,0.00461283
154,0.5243,0.00443605285369,0.00443605
155,0.5898,0.00444506224369,0.00444506
156,0.6553,0.00448341393889,0.00448341
157,0.7209,0.00494241338529,0.00494242
158,0.7864,0.004181575158010001,0.00418157
159,0.8519,0.005711399246439999,0.0057114
160,0.9175,0.00302105228881,0.00302105
161,0.983,0.002662147216,0.00266215
162,1.049,0.00290654687376,0.00290655
163,1.18,0.00236891491225,0.00236891
164,1.311,0.00276375209796,0.00276375
165,1.442,0.00446173233444,0.00446173
166,1.573,0.003945108662009999,0.00394511
167,1.704,0.00256274887696,0.00256275
168,1.835,0.00310636793104,0.00310637
169,1.966,0.005137348630089999,0.00513735
170,2.097,0.0045633132352899996,0.00456331
171,2.359,0.004101697980250001,0.0041017
172,2.621,0.00389976519361,0.00389976
173,2.884,0.00508815435969,0.00508815
174,3.146,0.00250086007396,0.00250086
175,3.408,0.0031369632739599996,0.00313696
176,3.67,0.0020044155784899997,0.00200442
177,3.932,0.0009809486640099997,0.00098095
178,4.194,0.00208923954724,0.00208924
179,4.719,0.00194921367001,0.00194921
180,5.243,0.0016744627680399997,0.00167446
181,5.767,0.00198941868841,0.00198942
