AutoSaveFileName0121.ASC
 IFORMY    0    .00
 (6E13.7)
 IFORMT    0    .00
 (6E13.7)
 IFORMW    0    .00
 (6E13.7)
 NINTT     0   -1.00
 DOUSNQ    0    1.00
 IQUAD     0    1.00
 PRWT      0    1.00
 PRY       0    1.00
 IPLRES    1    3.00
 IPLRES    2    3.00
 IPRINT    1    0.00
 IPRINT    2    2.00
 IPLFIT    1    0.00
 IPLFIT    2    0.00
 LINEPG    0   50.
 NONNEG    1    1.00
 IWT       0    5.00
 NQPROG    1    5.00
 NQPROG    2    5.00
 GMNMX     1    7.25103E-03
 GMNMX     2    2.60293E-03
 RUSER    10    -1.00
 NG        0    500.00
 NLINF     0    1.00
 IUSER    10    4.00
 RUSER    21    1.0
 RUSER    22   -1.0
 RUSER    23    0.0
 RUSER    18         291.98071
 RUSER    17         74.99900
 RUSER    19         1.03099
 RUSER    15         1.33200
 RUSER    16         632.80000
 RUSER    25         1
 RUSER    26         0
 END       0    0.00
 NY      162
  7.50000E-07  8.75000E-07  1.00000E-06  1.12500E-06  1.25000E-06  1.37500E-06
  1.50000E-06  1.62500E-06  1.75000E-06  1.87500E-06  2.00000E-06  2.25000E-06
  2.50000E-06  2.75000E-06  3.00000E-06  3.25000E-06  3.50000E-06  3.75000E-06
  4.00000E-06  4.50000E-06  5.00000E-06  5.50000E-06  6.00000E-06  6.50000E-06
  7.00000E-06  7.50000E-06  8.00000E-06  9.00000E-06  1.00000E-05  1.10000E-05
  1.20000E-05  1.30000E-05  1.40000E-05  1.50000E-05  1.60000E-05  1.80000E-05
  2.00000E-05  2.20000E-05  2.40000E-05  2.60000E-05  2.80000E-05  3.00000E-05
  3.20000E-05  3.60000E-05  4.00000E-05  4.40000E-05  4.80000E-05  5.20000E-05
  5.60000E-05  6.00000E-05  6.40000E-05  7.20000E-05  8.00000E-05  8.80000E-05
  9.60000E-05  1.04000E-04  1.12000E-04  1.20000E-04  1.28000E-04  1.44000E-04
  1.60000E-04  1.76000E-04  1.92000E-04  2.08000E-04  2.24000E-04  2.40000E-04
  2.56000E-04  2.88000E-04  3.20000E-04  3.52000E-04  3.84000E-04  4.16000E-04
  4.48000E-04  4.80000E-04  5.12000E-04  5.76000E-04  6.40000E-04  7.04000E-04
  7.68000E-04  8.32000E-04  8.96000E-04  9.60000E-04  1.02400E-03  1.15200E-03
  1.28000E-03  1.40800E-03  1.53600E-03  1.66400E-03  1.79200E-03  1.92000E-03
  2.01600E-03  2.27200E-03  2.52800E-03  2.78400E-03  3.04000E-03  3.29600E-03
  3.55200E-03  3.80800E-03  4.06400E-03  4.57600E-03  5.08800E-03  5.60000E-03
  6.11200E-03  6.62400E-03  7.13600E-03  7.64800E-03  8.16000E-03  9.18400E-03
  1.02080E-02  1.12320E-02  1.22560E-02  1.32800E-02  1.43040E-02  1.53280E-02
  1.63520E-02  1.84000E-02  2.04480E-02  2.24960E-02  2.45440E-02  2.65920E-02
  2.86400E-02  3.06880E-02  3.27360E-02  3.68320E-02  4.09280E-02  4.50240E-02
  4.91200E-02  5.32160E-02  5.73120E-02  6.14080E-02  6.55040E-02  7.36960E-02
  8.18880E-02  9.00800E-02  9.82720E-02  1.06464E-01  1.14656E-01  1.22848E-01
  1.31040E-01  1.47424E-01  1.63808E-01  1.80192E-01  1.96576E-01  2.12960E-01
  2.29344E-01  2.45728E-01  2.62112E-01  2.94880E-01  3.27648E-01  3.60416E-01
  3.93184E-01  4.25952E-01  4.58720E-01  4.91488E-01  5.24256E-01  5.89792E-01
  6.55328E-01  7.20864E-01  7.86400E-01  8.51936E-01  9.17472E-01  9.83008E-01
  9.98296E-01  1.00000E+00  9.87813E-01  9.92720E-01  9.89100E-01  9.89117E-01
  9.90216E-01  9.89752E-01  9.89582E-01  9.86761E-01  9.94394E-01  9.85298E-01
  9.88683E-01  9.84422E-01  9.88412E-01  9.88465E-01  9.82031E-01  9.79393E-01
  9.84810E-01  9.81296E-01  9.83100E-01  9.79680E-01  9.80844E-01  9.75979E-01
  9.76866E-01  9.74515E-01  9.74750E-01  9.70620E-01  9.70455E-01  9.66506E-01
  9.65290E-01  9.63298E-01  9.58385E-01  9.59896E-01  9.56164E-01  9.50165E-01
  9.45987E-01  9.39858E-01  9.36180E-01  9.30251E-01  9.27753E-01  9.21484E-01
  9.16894E-01  9.08221E-01  8.99331E-01  8.90088E-01  8.82455E-01  8.72553E-01
  8.64527E-01  8.54608E-01  8.46828E-01  8.30980E-01  8.14545E-01  7.99014E-01
  7.83231E-01  7.68382E-01  7.53204E-01  7.38584E-01  7.23588E-01  6.95172E-01
  6.68377E-01  6.42810E-01  6.17731E-01  5.93874E-01  5.70950E-01  5.48302E-01
  5.27453E-01  4.87507E-01  4.50533E-01  4.16461E-01  3.85316E-01  3.55624E-01
  3.28399E-01  3.03132E-01  2.80488E-01  2.39260E-01  2.04703E-01  1.75313E-01
  1.50439E-01  1.29152E-01  1.10961E-01  9.54924E-02  8.19874E-02  5.91958E-02
  4.30478E-02  3.22277E-02  2.59493E-02  2.07600E-02  1.68960E-02  1.40314E-02
  1.30563E-02  1.12977E-02  9.29933E-03  6.74993E-03  3.90794E-03  1.46950E-03
  8.95858E-04  9.78446E-04  1.82010E-03  4.00309E-03  6.87403E-03  7.63746E-03
  8.86815E-03  5.08792E-03  3.02514E-03  3.06730E-03  3.86197E-03 -1.88924E-03
 -3.16832E-03 -3.35949E-03  2.68256E-04  6.12624E-04  8.40076E-05  3.36463E-04
 -8.75956E-05  2.09047E-03 -2.46473E-03 -4.43748E-03 -3.11961E-03 -1.59523E-03
  6.69940E-04 -8.75151E-04 -2.54229E-03 -4.40132E-04 -1.21850E-03 -2.36677E-04
 -1.03350E-03 -8.19398E-05  7.88625E-04 -3.75266E-04 -1.29812E-03 -1.56082E-03
  2.19111E-04  4.50633E-03 -1.94180E-03 -7.76855E-04  3.34217E-04 -5.61547E-04
  1.79716E-04 -6.68682E-04  3.22269E-05 -8.01306E-04 -5.16411E-04  1.71440E-03
 -2.61667E-03 -5.76242E-05 -3.43507E-04 -2.16429E-04  2.12473E-04 -1.16024E-03
  4.21666E-04 -4.20443E-04 -9.48661E-04  1.00809E-03  1.00194E-03 -2.03252E-04
  2.38125E-04 -4.79568E-04  5.44946E-04 -6.38356E-04  1.57550E-03 -1.07102E-03
