AutoSaveFileName0273.ASC
 IFORMY    0    .00
 (6E13.7)
 IFORMT    0    .00
 (6E13.7)
 IFORMW    0    .00
 (6E13.7)
 NINTT     0   -1.00
 DOUSNQ    0    1.00
 IQUAD     0    1.00
 PRWT      0    1.00
 PRY       0    1.00
 IPLRES    1    3.00
 IPLRES    2    3.00
 IPRINT    1    0.00
 IPRINT    2    2.00
 IPLFIT    1    0.00
 IPLFIT    2    0.00
 LINEPG    0   50.
 NONNEG    1    1.00
 IWT       0    5.00
 NQPROG    1    5.00
 NQPROG    2    5.00
 GMNMX     1    2.86621E-03
 GMNMX     2    1.02890E-03
 RUSER    10    -1.00
 NG        0    500.00
 NLINF     0    1.00
 IUSER    10    4.00
 RUSER    21    1.0
 RUSER    22   -1.0
 RUSER    23    0.0
 RUSER    18         292.15167
 RUSER    17         149.99900
 RUSER    19         1.02664
 RUSER    15         1.33200
 RUSER    16         632.80000
 RUSER    25         1
 RUSER    26         0
 END       0    0.00
 NY      162
  7.50000E-07  8.75000E-07  1.00000E-06  1.12500E-06  1.25000E-06  1.37500E-06
  1.50000E-06  1.62500E-06  1.75000E-06  1.87500E-06  2.00000E-06  2.25000E-06
  2.50000E-06  2.75000E-06  3.00000E-06  3.25000E-06  3.50000E-06  3.75000E-06
  4.00000E-06  4.50000E-06  5.00000E-06  5.50000E-06  6.00000E-06  6.50000E-06
  7.00000E-06  7.50000E-06  8.00000E-06  9.00000E-06  1.00000E-05  1.10000E-05
  1.20000E-05  1.30000E-05  1.40000E-05  1.50000E-05  1.60000E-05  1.80000E-05
  2.00000E-05  2.20000E-05  2.40000E-05  2.60000E-05  2.80000E-05  3.00000E-05
  3.20000E-05  3.60000E-05  4.00000E-05  4.40000E-05  4.80000E-05  5.20000E-05
  5.60000E-05  6.00000E-05  6.40000E-05  7.20000E-05  8.00000E-05  8.80000E-05
  9.60000E-05  1.04000E-04  1.12000E-04  1.20000E-04  1.28000E-04  1.44000E-04
  1.60000E-04  1.76000E-04  1.92000E-04  2.08000E-04  2.24000E-04  2.40000E-04
  2.56000E-04  2.88000E-04  3.20000E-04  3.52000E-04  3.84000E-04  4.16000E-04
  4.48000E-04  4.80000E-04  5.12000E-04  5.76000E-04  6.40000E-04  7.04000E-04
  7.68000E-04  8.32000E-04  8.96000E-04  9.60000E-04  1.02400E-03  1.15200E-03
  1.28000E-03  1.40800E-03  1.53600E-03  1.66400E-03  1.79200E-03  1.92000E-03
  2.01600E-03  2.27200E-03  2.52800E-03  2.78400E-03  3.04000E-03  3.29600E-03
  3.55200E-03  3.80800E-03  4.06400E-03  4.57600E-03  5.08800E-03  5.60000E-03
  6.11200E-03  6.62400E-03  7.13600E-03  7.64800E-03  8.16000E-03  9.18400E-03
  1.02080E-02  1.12320E-02  1.22560E-02  1.32800E-02  1.43040E-02  1.53280E-02
  1.63520E-02  1.84000E-02  2.04480E-02  2.24960E-02  2.45440E-02  2.65920E-02
  2.86400E-02  3.06880E-02  3.27360E-02  3.68320E-02  4.09280E-02  4.50240E-02
  4.91200E-02  5.32160E-02  5.73120E-02  6.14080E-02  6.55040E-02  7.36960E-02
  8.18880E-02  9.00800E-02  9.82720E-02  1.06464E-01  1.14656E-01  1.22848E-01
  1.31040E-01  1.47424E-01  1.63808E-01  1.80192E-01  1.96576E-01  2.12960E-01
  2.29344E-01  2.45728E-01  2.62112E-01  2.94880E-01  3.27648E-01  3.60416E-01
  3.93184E-01  4.25952E-01  4.58720E-01  4.91488E-01  5.24256E-01  5.89792E-01
  6.55328E-01  7.20864E-01  7.86400E-01  8.51936E-01  9.17472E-01  9.83008E-01
  9.99798E-01  1.00000E+00  9.95653E-01  9.95705E-01  9.94130E-01  9.92716E-01
  9.93527E-01  9.93839E-01  9.90569E-01  9.89495E-01  9.88611E-01  9.85283E-01
  9.85399E-01  9.83227E-01  9.82909E-01  9.80841E-01  9.80045E-01  9.78773E-01
  9.77188E-01  9.72477E-01  9.70155E-01  9.67543E-01  9.64508E-01  9.60186E-01
  9.57986E-01  9.54288E-01  9.51663E-01  9.45841E-01  9.40090E-01  9.35336E-01
  9.28466E-01  9.22363E-01  9.16615E-01  9.11677E-01  9.05308E-01  8.93677E-01
  8.82643E-01  8.71701E-01  8.60645E-01  8.49280E-01  8.39185E-01  8.28944E-01
  8.18365E-01  7.97796E-01  7.77361E-01  7.58302E-01  7.39553E-01  7.21134E-01
  7.03009E-01  6.86019E-01  6.68582E-01  6.35684E-01  6.04386E-01  5.74753E-01
  5.46422E-01  5.19737E-01  4.94371E-01  4.70125E-01  4.47613E-01  4.05060E-01
  3.66834E-01  3.32000E-01  3.00304E-01  2.72401E-01  2.46913E-01  2.23958E-01
  2.03730E-01  1.68148E-01  1.38473E-01  1.14613E-01  9.48732E-02  7.85782E-02
  6.51854E-02  5.38493E-02  4.50981E-02  3.16747E-02  2.29270E-02  1.65403E-02
  1.23338E-02  9.34908E-03  6.91467E-03  4.89247E-03  3.14321E-03  1.08398E-03
  1.48574E-04 -8.10537E-04 -4.11399E-04  2.53277E-04  1.06355E-03  6.68484E-04
  4.76674E-04 -2.67643E-04 -7.38761E-04 -5.56692E-04  9.23464E-04 -8.40256E-04
 -3.09745E-03 -1.62629E-03 -1.05075E-03 -5.46890E-04  6.80420E-04 -2.07075E-03
 -5.99767E-04 -1.48360E-03 -1.48860E-03 -4.21595E-04  8.69165E-04  4.35961E-04
 -5.49600E-04 -1.21350E-04  1.55551E-03 -3.52441E-04 -4.70987E-04 -2.54762E-04
  2.79847E-04 -1.33307E-04 -4.07410E-04 -5.53969E-05 -1.48384E-03 -3.01382E-04
 -1.25254E-03  1.14553E-03  2.54852E-04 -4.24645E-04  4.66518E-04  2.62835E-04
 -3.72551E-04 -4.41770E-06 -2.87522E-04 -1.16189E-04  1.71847E-04 -1.97688E-05
  3.99169E-05  3.98973E-04  3.13009E-04 -3.05862E-04 -1.36563E-04  9.37190E-05
  4.75267E-04 -1.58698E-04 -1.22421E-04 -2.41218E-04 -1.40482E-04 -4.50929E-05
  1.33476E-04 -2.47931E-04 -1.48228E-04 -1.31395E-04 -7.86572E-05  2.62022E-05
  3.82353E-04 -4.35823E-04 -4.14678E-04  5.52715E-04  3.37225E-05 -8.27790E-05
  1.54796E-04 -2.64303E-05 -9.01646E-05 -1.67274E-05 -1.59298E-04  9.52587E-05
