AutoSaveFileName0183.ASC
 IFORMY    0    .00
 (6E13.7)
 IFORMT    0    .00
 (6E13.7)
 IFORMW    0    .00
 (6E13.7)
 NINTT     0   -1.00
 DOUSNQ    0    1.00
 IQUAD          1.00
 PRWT      0    1.00
 PRY       0    1.00
 IPLRES    1    3.00
 IPLRES    2    3.00
 IPRINT    1    0.00
 IPRINT    2    2.00
 IPLFIT    1    0.00
 IPLFIT    2    0.00
 LINEPG    0   50.
 NONNEG    1    1.00
 IWT       0    5.00
 NQPROG    1    5.00
 NQPROG    2    5.00
 GMNMX     1    1.087E-05
 GMNMX     2    1.087E-02
 RUSER    10    -1.00
 NG        0    200.00
 NLINF     0    0.00
 IUSER    10    4.00
 RUSER    21    1.0
 RUSER    22   -1.0
 RUSER    23    0.0
 RUSER    18         292.22821
 RUSER    17         104.99900
 RUSER    19         1.02470
 RUSER    15         1.33200
 RUSER    16         632.80000
 RUSER    25         1
 RUSER    26         0
 END       0    0.00
 NY      188
  5.00000E-07  6.25000E-07  7.50000E-07  8.75000E-07  1.00000E-06  1.12500E-06
  1.25000E-06  1.37500E-06  1.50000E-06  1.62500E-06  1.75000E-06  1.87500E-06
  2.00000E-06  2.25000E-06  2.50000E-06  2.75000E-06  3.00000E-06  3.25000E-06
  3.50000E-06  3.75000E-06  4.00000E-06  4.50000E-06  5.00000E-06  5.50000E-06
  6.00000E-06  6.50000E-06  7.00000E-06  7.50000E-06  8.00000E-06  9.00000E-06
  1.00000E-05  1.10000E-05  1.20000E-05  1.30000E-05  1.40000E-05  1.50000E-05
  1.60000E-05  1.80000E-05  2.00000E-05  2.20000E-05  2.40000E-05  2.60000E-05
  2.80000E-05  3.00000E-05  3.20000E-05  3.60000E-05  4.00000E-05  4.40000E-05
  4.80000E-05  5.20000E-05  5.60000E-05  6.00000E-05  6.40000E-05  7.20000E-05
  8.00000E-05  8.80000E-05  9.60000E-05  1.04000E-04  1.12000E-04  1.20000E-04
  1.28000E-04  1.44000E-04  1.60000E-04  1.76000E-04  1.92000E-04  2.08000E-04
  2.24000E-04  2.40000E-04  2.56000E-04  2.88000E-04  3.20000E-04  3.52000E-04
  3.84000E-04  4.16000E-04  4.48000E-04  4.80000E-04  5.12000E-04  5.76000E-04
  6.40000E-04  7.04000E-04  7.68000E-04  8.32000E-04  8.96000E-04  9.60000E-04
  1.02400E-03  1.15200E-03  1.28000E-03  1.40800E-03  1.53600E-03  1.66400E-03
  1.79200E-03  1.92000E-03  2.01600E-03  2.27200E-03  2.52800E-03  2.78400E-03
  3.04000E-03  3.29600E-03  3.55200E-03  3.80800E-03  4.06400E-03  4.57600E-03
  5.08800E-03  5.60000E-03  6.11200E-03  6.62400E-03  7.13600E-03  7.64800E-03
  8.16000E-03  9.18400E-03  1.02080E-02  1.12320E-02  1.22560E-02  1.32800E-02
  1.43040E-02  1.53280E-02  1.63520E-02  1.84000E-02  2.04480E-02  2.24960E-02
  2.45440E-02  2.65920E-02  2.86400E-02  3.06880E-02  3.27360E-02  3.68320E-02
  4.09280E-02  4.50240E-02  4.91200E-02  5.32160E-02  5.73120E-02  6.14080E-02
  6.55040E-02  7.36960E-02  8.18880E-02  9.00800E-02  9.82720E-02  1.06464E-01
  1.14656E-01  1.22848E-01  1.31040E-01  1.47424E-01  1.63808E-01  1.80192E-01
  1.96576E-01  2.12960E-01  2.29344E-01  2.45728E-01  2.62112E-01  2.94880E-01
  3.27648E-01  3.60416E-01  3.93184E-01  4.25952E-01  4.58720E-01  4.91488E-01
  5.24256E-01  5.89792E-01  6.55328E-01  7.20864E-01  7.86400E-01  8.51936E-01
  9.17472E-01  9.83008E-01  1.04854E+00  1.17962E+00  1.31069E+00  1.44176E+00
  1.57283E+00  1.70390E+00  1.83498E+00  1.96605E+00  2.09712E+00  2.35926E+00
  2.62141E+00  2.88355E+00  3.14570E+00  3.40784E+00  3.66998E+00  3.93213E+00
  4.19427E+00  4.71856E+00  5.24285E+00  5.76714E+00  6.29142E+00  6.81571E+00
  7.34000E+00  7.86429E+00
  9.97947E-01  9.97689E-01  9.95127E-01  9.96171E-01  9.93941E-01  9.94892E-01
  9.93167E-01  9.92797E-01  9.94218E-01  9.92623E-01  9.94173E-01  9.95201E-01
  9.94405E-01  9.93686E-01  9.92923E-01  9.93329E-01  9.93296E-01  9.91720E-01
  9.93122E-01  9.92890E-01  9.92568E-01  9.92152E-01  9.92874E-01  9.91820E-01
  9.91943E-01  9.91685E-01  9.90547E-01  9.92690E-01  9.90747E-01  9.90364E-01
  9.89912E-01  9.90599E-01  9.90209E-01  9.89200E-01  9.88675E-01  9.89416E-01
  9.88752E-01  9.87901E-01  9.87221E-01  9.86738E-01  9.86309E-01  9.85271E-01
  9.85088E-01  9.83969E-01  9.83473E-01  9.82239E-01  9.80688E-01  9.79586E-01
  9.78365E-01  9.76821E-01  9.75326E-01  9.74346E-01  9.72999E-01  9.70662E-01
  9.68045E-01  9.65335E-01  9.62785E-01  9.60229E-01  9.57390E-01  9.54879E-01
  9.52269E-01  9.47244E-01  9.42104E-01  9.36757E-01  9.31965E-01  9.26860E-01
  9.21912E-01  9.16824E-01  9.11805E-01  9.02124E-01  8.92404E-01  8.82767E-01
  8.73234E-01  8.64016E-01  8.54734E-01  8.45514E-01  8.35887E-01  8.18303E-01
  8.00964E-01  7.83853E-01  7.67249E-01  7.50786E-01  7.34833E-01  7.19266E-01
  6.62299E-01  6.33915E-01  6.06874E-01  5.81294E-01  5.56916E-01  5.33763E-01
  5.11651E-01  4.90621E-01  5.09085E-01  4.69486E-01  4.33508E-01  4.00590E-01
  3.70220E-01  3.42558E-01  3.17215E-01  2.93750E-01  2.72124E-01  2.32391E-01
  1.98445E-01  1.68141E-01  1.42619E-01  1.20969E-01  1.03092E-01  8.81568E-02
  7.62456E-02  5.56030E-02  4.05814E-02  3.02760E-02  2.09159E-02  1.35776E-02
  9.12598E-03  6.15025E-03  3.79332E-03 -4.72522E-03 -9.70746E-03 -1.00740E-02
 -9.23949E-03 -4.65528E-03  1.06200E-03  5.65583E-03  9.86406E-03  1.22011E-02
  9.90396E-03 -3.58763E-04 -3.43203E-04  3.48318E-03  2.07159E-03 -5.32670E-03
 -7.05418E-03 -9.12782E-03 -2.60177E-04  5.91108E-03  3.09068E-03 -1.66027E-03
  6.29003E-03  4.58083E-03  1.14675E-03 -1.00158E-03  9.63913E-03 -1.46141E-03
 -5.25122E-03  5.68171E-04 -1.65541E-03 -2.65811E-03 -2.20321E-04 -1.27646E-03
 -2.04945E-03  2.22827E-03  9.36332E-04 -2.64795E-03  6.41459E-03  7.49420E-04
  2.53959E-03 -1.64615E-03  2.59423E-03  3.03826E-04 -1.60038E-03 -2.36344E-03
  3.57403E-03 -2.19173E-03  3.28639E-04 -8.74768E-04  3.95066E-04 -3.95778E-03
 -2.63475E-03  8.94444E-04 -1.32744E-03 -2.28870E-03 -2.25119E-03 -3.17040E-03
  6.15915E-04 -3.58570E-04 -4.97560E-04  3.16110E-04  7.99175E-04 -1.68443E-03
 -7.81936E-05  1.83899E-03 -2.03582E-03 -2.48313E-03 -2.99760E-04 -2.00522E-04
  1.14622E-03  1.12903E-03
