AutoSaveFileName0102.ASC
 IFORMY    0    .00
 (6E13.7)
 IFORMT    0    .00
 (6E13.7)
 IFORMW    0    .00
 (6E13.7)
 NINTT     0   -1.00
 DOUSNQ    0    1.00
 IQUAD     0    1.00
 PRWT      0    1.00
 PRY       0    1.00
 IPLRES    1    3.00
 IPLRES    2    3.00
 IPRINT    1    0.00
 IPRINT    2    2.00
 IPLFIT    1    0.00
 IPLFIT    2    0.00
 LINEPG    0   50.
 NONNEG    1    1.00
 IWT       0    5.00
 NQPROG    1    5.00
 NQPROG    2    5.00
 GMNMX     1    9.31194E-03
 GMNMX     2    3.34275E-03
 RUSER    10    -1.00
 NG        0    500.00
 NLINF     0    1.00
 IUSER    10    4.00
 RUSER    21    1.0
 RUSER    22   -1.0
 RUSER    23    0.0
 RUSER    18         291.96623
 RUSER    17         64.99900
 RUSER    19         1.03136
 RUSER    15         1.33200
 RUSER    16         632.80000
 RUSER    25         1
 RUSER    26         0
 END       0    0.00
 NY      162
  7.50000E-07  8.75000E-07  1.00000E-06  1.12500E-06  1.25000E-06  1.37500E-06
  1.50000E-06  1.62500E-06  1.75000E-06  1.87500E-06  2.00000E-06  2.25000E-06
  2.50000E-06  2.75000E-06  3.00000E-06  3.25000E-06  3.50000E-06  3.75000E-06
  4.00000E-06  4.50000E-06  5.00000E-06  5.50000E-06  6.00000E-06  6.50000E-06
  7.00000E-06  7.50000E-06  8.00000E-06  9.00000E-06  1.00000E-05  1.10000E-05
  1.20000E-05  1.30000E-05  1.40000E-05  1.50000E-05  1.60000E-05  1.80000E-05
  2.00000E-05  2.20000E-05  2.40000E-05  2.60000E-05  2.80000E-05  3.00000E-05
  3.20000E-05  3.60000E-05  4.00000E-05  4.40000E-05  4.80000E-05  5.20000E-05
  5.60000E-05  6.00000E-05  6.40000E-05  7.20000E-05  8.00000E-05  8.80000E-05
  9.60000E-05  1.04000E-04  1.12000E-04  1.20000E-04  1.28000E-04  1.44000E-04
  1.60000E-04  1.76000E-04  1.92000E-04  2.08000E-04  2.24000E-04  2.40000E-04
  2.56000E-04  2.88000E-04  3.20000E-04  3.52000E-04  3.84000E-04  4.16000E-04
  4.48000E-04  4.80000E-04  5.12000E-04  5.76000E-04  6.40000E-04  7.04000E-04
  7.68000E-04  8.32000E-04  8.96000E-04  9.60000E-04  1.02400E-03  1.15200E-03
  1.28000E-03  1.40800E-03  1.53600E-03  1.66400E-03  1.79200E-03  1.92000E-03
  2.01600E-03  2.27200E-03  2.52800E-03  2.78400E-03  3.04000E-03  3.29600E-03
  3.55200E-03  3.80800E-03  4.06400E-03  4.57600E-03  5.08800E-03  5.60000E-03
  6.11200E-03  6.62400E-03  7.13600E-03  7.64800E-03  8.16000E-03  9.18400E-03
  1.02080E-02  1.12320E-02  1.22560E-02  1.32800E-02  1.43040E-02  1.53280E-02
  1.63520E-02  1.84000E-02  2.04480E-02  2.24960E-02  2.45440E-02  2.65920E-02
  2.86400E-02  3.06880E-02  3.27360E-02  3.68320E-02  4.09280E-02  4.50240E-02
  4.91200E-02  5.32160E-02  5.73120E-02  6.14080E-02  6.55040E-02  7.36960E-02
  8.18880E-02  9.00800E-02  9.82720E-02  1.06464E-01  1.14656E-01  1.22848E-01
  1.31040E-01  1.47424E-01  1.63808E-01  1.80192E-01  1.96576E-01  2.12960E-01
  2.29344E-01  2.45728E-01  2.62112E-01  2.94880E-01  3.27648E-01  3.60416E-01
  3.93184E-01  4.25952E-01  4.58720E-01  4.91488E-01  5.24256E-01  5.89792E-01
  6.55328E-01  7.20864E-01  7.86400E-01  8.51936E-01  9.17472E-01  9.83008E-01
  1.00000E+00  9.97590E-01  9.97385E-01  9.96009E-01  9.98071E-01  9.94656E-01
  9.94364E-01  9.92352E-01  9.95366E-01  9.93571E-01  9.93579E-01  9.94936E-01
  9.96482E-01  9.93275E-01  9.92092E-01  9.92806E-01  9.92155E-01  9.90207E-01
  9.91130E-01  9.88168E-01  9.87785E-01  9.87990E-01  9.86645E-01  9.84070E-01
  9.84729E-01  9.83135E-01  9.83498E-01  9.79972E-01  9.78773E-01  9.77069E-01
  9.74490E-01  9.73654E-01  9.71717E-01  9.69907E-01  9.67927E-01  9.63983E-01
  9.60512E-01  9.56647E-01  9.53760E-01  9.49753E-01  9.45781E-01  9.42291E-01
  9.38926E-01  9.32075E-01  9.24803E-01  9.17798E-01  9.10490E-01  9.03426E-01
  8.97044E-01  8.89858E-01  8.83603E-01  8.70047E-01  8.57513E-01  8.44569E-01
  8.32058E-01  8.19366E-01  8.07069E-01  7.95789E-01  7.84083E-01  7.60844E-01
  7.38205E-01  7.16667E-01  6.95223E-01  6.75014E-01  6.54899E-01  6.36192E-01
  6.17478E-01  5.81662E-01  5.48216E-01  5.16885E-01  4.87470E-01  4.59416E-01
  4.33523E-01  4.08640E-01  3.86009E-01  3.43875E-01  3.06527E-01  2.72999E-01
  2.43235E-01  2.16904E-01  1.93122E-01  1.71970E-01  1.53765E-01  1.22395E-01
  9.84094E-02  7.93513E-02  6.38602E-02  5.09071E-02  3.98299E-02  3.15036E-02
  2.66959E-02  1.70949E-02  1.06671E-02  4.60177E-03  1.06007E-03 -9.65931E-04
 -8.49487E-04  8.43693E-04  2.37389E-03  4.51038E-03  7.75189E-03  1.15402E-02
  8.55596E-03  3.01162E-03  8.04122E-04 -1.25257E-03 -1.20663E-03 -5.40868E-04
 -1.58107E-03 -8.13781E-04  2.30039E-03  6.83115E-05  2.90789E-03  3.57211E-03
  1.73849E-03 -1.02894E-03 -3.20576E-04  1.91447E-03  2.39650E-03  5.99812E-03
  2.64438E-03  1.32816E-03 -1.18430E-04  2.74564E-03 -3.38802E-05  9.23801E-04
 -1.68158E-03 -7.93406E-04 -3.66519E-04 -2.11091E-04  5.06693E-04  1.22841E-03
  2.26915E-04 -1.41591E-03  5.16356E-04 -1.59045E-03 -8.67744E-04 -1.11869E-03
 -1.62905E-03 -4.43687E-04 -1.24610E-03 -1.32656E-03  8.49290E-04 -5.49135E-04
  7.39041E-04  1.07067E-03  1.08289E-03  6.18109E-04 -2.54480E-04 -1.94879E-04
 -2.94005E-04  9.31393E-05 -7.11599E-04  5.53750E-04 -1.01699E-03  2.57286E-04
  1.23056E-04  1.90840E-04  1.94253E-04  7.93935E-04 -2.47902E-04  7.29730E-04
