AutoSaveFileName0263.ASC
 IFORMY    0    .00
 (6E13.7)
 IFORMT    0    .00
 (6E13.7)
 IFORMW    0    .00
 (6E13.7)
 NINTT     0   -1.00
 DOUSNQ    0    1.00
 IQUAD          1.00
 PRWT      0    1.00
 PRY       0    1.00
 IPLRES    1    3.00
 IPLRES    2    3.00
 IPRINT    1    0.00
 IPRINT    2    2.00
 IPLFIT    1    0.00
 IPLFIT    2    0.00
 LINEPG    0   50.
 NONNEG    1    1.00
 IWT       0    5.00
 NQPROG    1    5.00
 NQPROG    2    5.00
 GMNMX     1    1.136E-05
 GMNMX     2    1.136E-02
 RUSER    10    -1.00
 NG        0    200.00
 NLINF     0    0.00
 IUSER    10    4.00
 RUSER    21    1.0
 RUSER    22   -1.0
 RUSER    23    0.0
 RUSER    18         292.11757
 RUSER    17         101.99900
 RUSER    19         1.02750
 RUSER    15         1.33200
 RUSER    16         632.80000
 RUSER    25         1
 RUSER    26         0
 END       0    0.00
 NY      131
  3.75000E-07  5.00000E-07  6.25000E-07  7.50000E-07  8.75000E-07  1.00000E-06
  1.12500E-06  1.25000E-06  1.37500E-06  1.50000E-06  1.62500E-06  1.75000E-06
  1.87500E-06  2.00000E-06  2.25000E-06  2.50000E-06  2.75000E-06  3.00000E-06
  3.25000E-06  3.50000E-06  3.75000E-06  4.00000E-06  4.50000E-06  5.00000E-06
  5.50000E-06  6.00000E-06  6.50000E-06  7.00000E-06  7.50000E-06  8.00000E-06
  9.00000E-06  1.00000E-05  1.10000E-05  1.20000E-05  1.30000E-05  1.40000E-05
  1.50000E-05  1.60000E-05  1.80000E-05  2.00000E-05  2.20000E-05  2.40000E-05
  2.60000E-05  2.80000E-05  3.00000E-05  3.20000E-05  3.60000E-05  4.00000E-05
  4.40000E-05  4.80000E-05  5.20000E-05  5.60000E-05  6.00000E-05  6.40000E-05
  7.20000E-05  8.00000E-05  8.80000E-05  9.60000E-05  1.04000E-04  1.12000E-04
  1.20000E-04  1.28000E-04  1.44000E-04  1.60000E-04  1.76000E-04  1.92000E-04
  2.08000E-04  2.24000E-04  2.40000E-04  2.56000E-04  2.88000E-04  3.20000E-04
  3.52000E-04  3.84000E-04  4.16000E-04  4.48000E-04  4.80000E-04  5.12000E-04
  5.76000E-04  6.40000E-04  7.04000E-04  7.68000E-04  8.32000E-04  8.96000E-04
  9.60000E-04  1.02400E-03  1.15200E-03  1.28000E-03  1.40800E-03  1.53600E-03
  1.66400E-03  1.79200E-03  1.92000E-03  2.01600E-03  2.27200E-03  2.52800E-03
  2.78400E-03  3.04000E-03  3.29600E-03  3.55200E-03  3.80800E-03  4.06400E-03
  4.57600E-03  5.08800E-03  5.60000E-03  6.11200E-03  6.62400E-03  7.13600E-03
  7.64800E-03  8.16000E-03  9.18400E-03  1.02080E-02  1.12320E-02  1.22560E-02
  1.32800E-02  1.43040E-02  1.53280E-02  1.63520E-02  1.84000E-02  2.04480E-02
  2.24960E-02  2.45440E-02  2.65920E-02  2.86400E-02  3.06880E-02  3.27360E-02
  3.68320E-02  4.09280E-02  4.50240E-02  4.91200E-02  5.32160E-02
  2.39752E+00  2.39620E+00  2.39412E+00  2.39371E+00  2.39063E+00  2.39182E+00
  2.39111E+00  2.38491E+00  2.38914E+00  2.38133E+00  2.38607E+00  2.38919E+00
  2.38517E+00  2.38660E+00  2.38348E+00  2.38991E+00  2.38330E+00  2.38577E+00
  2.38089E+00  2.38373E+00  2.37887E+00  2.37994E+00  2.38488E+00  2.38135E+00
  2.37968E+00  2.38047E+00  2.37763E+00  2.37728E+00  2.37585E+00  2.37524E+00
  2.37440E+00  2.37276E+00  2.37146E+00  2.36934E+00  2.36925E+00  2.36597E+00
  2.36526E+00  2.36428E+00  2.36045E+00  2.35918E+00  2.35499E+00  2.35232E+00
  2.34983E+00  2.34512E+00  2.34351E+00  2.34031E+00  2.33296E+00  2.32793E+00
  2.32162E+00  2.31613E+00  2.30957E+00  2.30375E+00  2.29740E+00  2.29222E+00
  2.27951E+00  2.26784E+00  2.25612E+00  2.24415E+00  2.23284E+00  2.22049E+00
  2.20863E+00  2.19742E+00  2.17501E+00  2.15234E+00  2.12975E+00  2.10753E+00
  2.08553E+00  2.06414E+00  2.04204E+00  2.02063E+00  1.97850E+00  1.93734E+00
  1.89676E+00  1.85707E+00  1.81828E+00  1.78017E+00  1.74259E+00  1.70504E+00
  1.63458E+00  1.56738E+00  1.50234E+00  1.44007E+00  1.38034E+00  1.32367E+00
  1.26963E+00  1.21873E+00  1.12104E+00  1.03099E+00  9.48210E-01  8.71719E-01
  8.01083E-01  7.36559E-01  6.78271E-01  6.38398E-01  5.44826E-01  4.65395E-01
  3.95595E-01  3.34666E-01  2.82648E-01  2.39861E-01  2.03355E-01  1.74129E-01
  1.24833E-01  8.60064E-02  5.40471E-02  3.26655E-02  2.14893E-02  1.63460E-02
  1.52649E-02  1.39822E-02  1.32147E-02  1.27996E-02  1.40858E-02  1.54024E-02
  1.85380E-02  1.71636E-02  1.39033E-02  6.80784E-03  2.52158E-03  5.94402E-03
 -1.10346E-02 -1.49379E-02 -8.90483E-03  3.69453E-03  1.13306E-02  1.40166E-02
  2.26297E-02 -1.02070E-02 -5.06045E-03  7.90304E-05 -6.30079E-03
