AutoSaveFileName0062.ASC
 IFORMY    0    .00
 (6E13.7)
 IFORMT    0    .00
 (6E13.7)
 IFORMW    0    .00
 (6E13.7)
 NINTT     0   -1.00
 DOUSNQ    0    1.00
 IQUAD     0    1.00
 PRWT      0    1.00
 PRY       0    1.00
 IPLRES    1    3.00
 IPLRES    2    3.00
 IPRINT    1    0.00
 IPRINT    2    2.00
 IPLFIT    1    0.00
 IPLFIT    2    0.00
 LINEPG    0   50.
 NONNEG    1    1.00
 IWT       0    5.00
 NQPROG    1    5.00
 NQPROG    2    5.00
 GMNMX     1    1.83739E-02
 GMNMX     2    6.59576E-03
 RUSER    10    -1.00
 NG        0    500.00
 NLINF     0    1.00
 IUSER    10    4.00
 RUSER    21    1.0
 RUSER    22   -1.0
 RUSER    23    0.0
 RUSER    18         291.93521
 RUSER    17         44.99800
 RUSER    19         1.03216
 RUSER    15         1.33200
 RUSER    16         632.80000
 RUSER    25         1
 RUSER    26         0
 END       0    0.00
 NY      162
  7.50000E-07  8.75000E-07  1.00000E-06  1.12500E-06  1.25000E-06  1.37500E-06
  1.50000E-06  1.62500E-06  1.75000E-06  1.87500E-06  2.00000E-06  2.25000E-06
  2.50000E-06  2.75000E-06  3.00000E-06  3.25000E-06  3.50000E-06  3.75000E-06
  4.00000E-06  4.50000E-06  5.00000E-06  5.50000E-06  6.00000E-06  6.50000E-06
  7.00000E-06  7.50000E-06  8.00000E-06  9.00000E-06  1.00000E-05  1.10000E-05
  1.20000E-05  1.30000E-05  1.40000E-05  1.50000E-05  1.60000E-05  1.80000E-05
  2.00000E-05  2.20000E-05  2.40000E-05  2.60000E-05  2.80000E-05  3.00000E-05
  3.20000E-05  3.60000E-05  4.00000E-05  4.40000E-05  4.80000E-05  5.20000E-05
  5.60000E-05  6.00000E-05  6.40000E-05  7.20000E-05  8.00000E-05  8.80000E-05
  9.60000E-05  1.04000E-04  1.12000E-04  1.20000E-04  1.28000E-04  1.44000E-04
  1.60000E-04  1.76000E-04  1.92000E-04  2.08000E-04  2.24000E-04  2.40000E-04
  2.56000E-04  2.88000E-04  3.20000E-04  3.52000E-04  3.84000E-04  4.16000E-04
  4.48000E-04  4.80000E-04  5.12000E-04  5.76000E-04  6.40000E-04  7.04000E-04
  7.68000E-04  8.32000E-04  8.96000E-04  9.60000E-04  1.02400E-03  1.15200E-03
  1.28000E-03  1.40800E-03  1.53600E-03  1.66400E-03  1.79200E-03  1.92000E-03
  2.01600E-03  2.27200E-03  2.52800E-03  2.78400E-03  3.04000E-03  3.29600E-03
  3.55200E-03  3.80800E-03  4.06400E-03  4.57600E-03  5.08800E-03  5.60000E-03
  6.11200E-03  6.62400E-03  7.13600E-03  7.64800E-03  8.16000E-03  9.18400E-03
  1.02080E-02  1.12320E-02  1.22560E-02  1.32800E-02  1.43040E-02  1.53280E-02
  1.63520E-02  1.84000E-02  2.04480E-02  2.24960E-02  2.45440E-02  2.65920E-02
  2.86400E-02  3.06880E-02  3.27360E-02  3.68320E-02  4.09280E-02  4.50240E-02
  4.91200E-02  5.32160E-02  5.73120E-02  6.14080E-02  6.55040E-02  7.36960E-02
  8.18880E-02  9.00800E-02  9.82720E-02  1.06464E-01  1.14656E-01  1.22848E-01
  1.31040E-01  1.47424E-01  1.63808E-01  1.80192E-01  1.96576E-01  2.12960E-01
  2.29344E-01  2.45728E-01  2.62112E-01  2.94880E-01  3.27648E-01  3.60416E-01
  3.93184E-01  4.25952E-01  4.58720E-01  4.91488E-01  5.24256E-01  5.89792E-01
  6.55328E-01  7.20864E-01  7.86400E-01  8.51936E-01  9.17472E-01  9.83008E-01
  9.97113E-01  1.00000E+00  9.97512E-01  9.94541E-01  9.99005E-01  9.96675E-01
  9.93494E-01  9.97878E-01  9.94728E-01  9.94290E-01  9.94884E-01  9.94557E-01
  9.94350E-01  9.92937E-01  9.93180E-01  9.94028E-01  9.93215E-01  9.92415E-01
  9.93689E-01  9.92320E-01  9.90532E-01  9.90842E-01  9.90400E-01  9.90540E-01
  9.89529E-01  9.88880E-01  9.88497E-01  9.88151E-01  9.86427E-01  9.86411E-01
  9.84743E-01  9.84727E-01  9.82991E-01  9.82055E-01  9.80881E-01  9.79356E-01
  9.77405E-01  9.75724E-01  9.73857E-01  9.72173E-01  9.70576E-01  9.68789E-01
  9.66981E-01  9.63517E-01  9.59977E-01  9.56131E-01  9.52345E-01  9.49004E-01
  9.46038E-01  9.42148E-01  9.38823E-01  9.31712E-01  9.24979E-01  9.17968E-01
  9.11406E-01  9.04514E-01  8.97837E-01  8.91471E-01  8.85220E-01  8.72069E-01
  8.60044E-01  8.47514E-01  8.35112E-01  8.23167E-01  8.11023E-01  7.99397E-01
  7.88161E-01  7.65709E-01  7.43890E-01  7.22848E-01  7.02418E-01  6.82694E-01
  6.63570E-01  6.45004E-01  6.27243E-01  5.92591E-01  5.59895E-01  5.29233E-01
  5.00394E-01  4.73280E-01  4.47690E-01  4.23343E-01  4.00799E-01  3.59247E-01
  3.22344E-01  2.89927E-01  2.61259E-01  2.35584E-01  2.12777E-01  1.92575E-01
  1.79245E-01  1.47108E-01  1.21258E-01  1.01061E-01  8.49975E-02  7.17935E-02
  6.14816E-02  5.26653E-02  4.44023E-02  3.03165E-02  2.19220E-02  1.81623E-02
  1.57046E-02  1.35801E-02  1.14449E-02  9.47240E-03  8.07460E-03  5.47014E-03
  6.35238E-03  5.44028E-03  4.64823E-03  2.95252E-03  3.09632E-03  4.89560E-03
  6.59999E-03  6.61886E-03  7.25977E-03  7.71518E-03  6.86146E-03  7.03708E-03
  6.86958E-03 -1.37615E-03  7.27932E-04  1.96007E-03  8.98470E-04 -5.61005E-04
  6.58625E-03  7.40247E-03 -2.16728E-03  4.32067E-03  2.02178E-03  1.96077E-03
 -3.98542E-03  2.78289E-03 -1.74992E-03 -2.54337E-04 -3.22220E-04 -1.38562E-04
  1.51460E-03  2.25215E-03  1.40316E-03 -2.69141E-03  2.26592E-04  1.43446E-03
 -6.95367E-04 -3.22818E-04  1.95391E-03 -3.39737E-04  5.85779E-04 -5.07979E-04
 -1.49195E-03  1.90905E-04  4.61534E-03  1.06409E-03  1.24756E-05  7.63575E-05
  3.36285E-04  6.13781E-04 -1.56007E-03 -1.06087E-03  1.35349E-03 -9.54148E-04
