AutoSaveFileName0178.ASC
 IFORMY    0    .00
 (6E13.7)
 IFORMT    0    .00
 (6E13.7)
 IFORMW    0    .00
 (6E13.7)
 NINTT     0   -1.00
 DOUSNQ    0    1.00
 IQUAD          1.00
 PRWT      0    1.00
 PRY       0    1.00
 IPLRES    1    3.00
 IPLRES    2    3.00
 IPRINT    1    0.00
 IPRINT    2    2.00
 IPLFIT    1    0.00
 IPLFIT    2    0.00
 LINEPG    0   50.
 NONNEG    1    1.00
 IWT       0    5.00
 NQPROG    1    5.00
 NQPROG    2    5.00
 GMNMX     1    1.902E-05
 GMNMX     2    1.902E-02
 RUSER    10    -1.00
 NG        0    200.00
 NLINF     0    0.00
 IUSER    10    4.00
 RUSER    21    1.0
 RUSER    22   -1.0
 RUSER    23    0.0
 RUSER    18         291.99577
 RUSER    17         73.99900
 RUSER    19         1.03061
 RUSER    15         1.33200
 RUSER    16         632.80000
 RUSER    25         1
 RUSER    26         0
 END       0    0.00
 NY      131
  3.75000E-07  5.00000E-07  6.25000E-07  7.50000E-07  8.75000E-07  1.00000E-06
  1.12500E-06  1.25000E-06  1.37500E-06  1.50000E-06  1.62500E-06  1.75000E-06
  1.87500E-06  2.00000E-06  2.25000E-06  2.50000E-06  2.75000E-06  3.00000E-06
  3.25000E-06  3.50000E-06  3.75000E-06  4.00000E-06  4.50000E-06  5.00000E-06
  5.50000E-06  6.00000E-06  6.50000E-06  7.00000E-06  7.50000E-06  8.00000E-06
  9.00000E-06  1.00000E-05  1.10000E-05  1.20000E-05  1.30000E-05  1.40000E-05
  1.50000E-05  1.60000E-05  1.80000E-05  2.00000E-05  2.20000E-05  2.40000E-05
  2.60000E-05  2.80000E-05  3.00000E-05  3.20000E-05  3.60000E-05  4.00000E-05
  4.40000E-05  4.80000E-05  5.20000E-05  5.60000E-05  6.00000E-05  6.40000E-05
  7.20000E-05  8.00000E-05  8.80000E-05  9.60000E-05  1.04000E-04  1.12000E-04
  1.20000E-04  1.28000E-04  1.44000E-04  1.60000E-04  1.76000E-04  1.92000E-04
  2.08000E-04  2.24000E-04  2.40000E-04  2.56000E-04  2.88000E-04  3.20000E-04
  3.52000E-04  3.84000E-04  4.16000E-04  4.48000E-04  4.80000E-04  5.12000E-04
  5.76000E-04  6.40000E-04  7.04000E-04  7.68000E-04  8.32000E-04  8.96000E-04
  9.60000E-04  1.02400E-03  1.15200E-03  1.28000E-03  1.40800E-03  1.53600E-03
  1.66400E-03  1.79200E-03  1.92000E-03  2.01600E-03  2.27200E-03  2.52800E-03
  2.78400E-03  3.04000E-03  3.29600E-03  3.55200E-03  3.80800E-03  4.06400E-03
  4.57600E-03  5.08800E-03  5.60000E-03  6.11200E-03  6.62400E-03  7.13600E-03
  7.64800E-03  8.16000E-03  9.18400E-03  1.02080E-02  1.12320E-02  1.22560E-02
  1.32800E-02  1.43040E-02  1.53280E-02  1.63520E-02  1.84000E-02  2.04480E-02
  2.24960E-02  2.45440E-02  2.65920E-02  2.86400E-02  3.06880E-02  3.27360E-02
  3.68320E-02  4.09280E-02  4.50240E-02  4.91200E-02  5.32160E-02
  1.48188E+00  1.48245E+00  1.47363E+00  1.48315E+00  1.47938E+00  1.47727E+00
  1.48600E+00  1.47542E+00  1.47768E+00  1.47495E+00  1.47080E+00  1.47835E+00
  1.47058E+00  1.47268E+00  1.47405E+00  1.47513E+00  1.47271E+00  1.47160E+00
  1.47261E+00  1.47695E+00  1.47765E+00  1.47429E+00  1.47586E+00  1.47593E+00
  1.47312E+00  1.46806E+00  1.46992E+00  1.47612E+00  1.47130E+00  1.46996E+00
  1.46921E+00  1.47151E+00  1.47075E+00  1.47126E+00  1.47284E+00  1.46996E+00
  1.46616E+00  1.46518E+00  1.46767E+00  1.46587E+00  1.46387E+00  1.46410E+00
  1.46041E+00  1.46169E+00  1.46141E+00  1.46141E+00  1.45838E+00  1.45631E+00
  1.45368E+00  1.45175E+00  1.45011E+00  1.44837E+00  1.44578E+00  1.44452E+00
  1.44090E+00  1.43600E+00  1.43313E+00  1.42939E+00  1.42614E+00  1.42296E+00
  1.41762E+00  1.41321E+00  1.40589E+00  1.39830E+00  1.39100E+00  1.38372E+00
  1.37542E+00  1.36846E+00  1.36111E+00  1.35365E+00  1.33930E+00  1.32521E+00
  1.31099E+00  1.29634E+00  1.28228E+00  1.26927E+00  1.25565E+00  1.24173E+00
  1.21572E+00  1.19019E+00  1.16537E+00  1.14044E+00  1.11644E+00  1.09327E+00
  1.07075E+00  1.04725E+00  1.00407E+00  9.62765E-01  9.23217E-01  8.85082E-01
  8.48847E-01  8.14722E-01  7.81832E-01  7.60130E-01  7.01800E-01  6.47431E-01
  5.96636E-01  5.49862E-01  5.06818E-01  4.68091E-01  4.31670E-01  3.98213E-01
  3.37744E-01  2.85856E-01  2.42796E-01  2.06461E-01  1.73720E-01  1.46227E-01
  1.22793E-01  1.03239E-01  7.10986E-02  5.24616E-02  3.95889E-02  3.02834E-02
  2.13126E-02  1.66919E-02  1.28508E-02  1.00946E-02  4.71824E-03 -8.29883E-03
 -6.17259E-03  5.33924E-03  1.07653E-02  1.17380E-02  2.62401E-03  6.73838E-04
 -1.51875E-03  5.33315E-03  6.92199E-03 -5.36383E-03 -1.69796E-02
