AutoSaveFileName0350.ASC
 IFORMY    0    .00
 (6E13.7)
 IFORMT    0    .00
 (6E13.7)
 IFORMW    0    .00
 (6E13.7)
 NINTT     0   -1.00
 DOUSNQ    0    1.00
 IQUAD          1.00
 PRWT      0    1.00
 PRY       0    1.00
 IPLRES    1    3.00
 IPLRES    2    3.00
 IPRINT    1    0.00
 IPRINT    2    2.00
 IPLFIT    1    0.00
 IPLFIT    2    0.00
 LINEPG    0   50.
 NONNEG    1    1.00
 IWT       0    5.00
 NQPROG    1    5.00
 NQPROG    2    5.00
 GMNMX     1    8.254E-06
 GMNMX     2    8.254E-03
 RUSER    10    -1.00
 NG        0    200.00
 NLINF     0    0.00
 IUSER    10    4.00
 RUSER    21    1.0
 RUSER    22   -1.0
 RUSER    23    0.0
 RUSER    18         292.26590
 RUSER    17         130.99900
 RUSER    19         1.02374
 RUSER    15         1.33200
 RUSER    16         632.80000
 RUSER    25         1
 RUSER    26         0
 END       0    0.00
 NY      131
  3.75000E-07  5.00000E-07  6.25000E-07  7.50000E-07  8.75000E-07  1.00000E-06
  1.12500E-06  1.25000E-06  1.37500E-06  1.50000E-06  1.62500E-06  1.75000E-06
  1.87500E-06  2.00000E-06  2.25000E-06  2.50000E-06  2.75000E-06  3.00000E-06
  3.25000E-06  3.50000E-06  3.75000E-06  4.00000E-06  4.50000E-06  5.00000E-06
  5.50000E-06  6.00000E-06  6.50000E-06  7.00000E-06  7.50000E-06  8.00000E-06
  9.00000E-06  1.00000E-05  1.10000E-05  1.20000E-05  1.30000E-05  1.40000E-05
  1.50000E-05  1.60000E-05  1.80000E-05  2.00000E-05  2.20000E-05  2.40000E-05
  2.60000E-05  2.80000E-05  3.00000E-05  3.20000E-05  3.60000E-05  4.00000E-05
  4.40000E-05  4.80000E-05  5.20000E-05  5.60000E-05  6.00000E-05  6.40000E-05
  7.20000E-05  8.00000E-05  8.80000E-05  9.60000E-05  1.04000E-04  1.12000E-04
  1.20000E-04  1.28000E-04  1.44000E-04  1.60000E-04  1.76000E-04  1.92000E-04
  2.08000E-04  2.24000E-04  2.40000E-04  2.56000E-04  2.88000E-04  3.20000E-04
  3.52000E-04  3.84000E-04  4.16000E-04  4.48000E-04  4.80000E-04  5.12000E-04
  5.76000E-04  6.40000E-04  7.04000E-04  7.68000E-04  8.32000E-04  8.96000E-04
  9.60000E-04  1.02400E-03  1.15200E-03  1.28000E-03  1.40800E-03  1.53600E-03
  1.66400E-03  1.79200E-03  1.92000E-03  2.01600E-03  2.27200E-03  2.52800E-03
  2.78400E-03  3.04000E-03  3.29600E-03  3.55200E-03  3.80800E-03  4.06400E-03
  4.57600E-03  5.08800E-03  5.60000E-03  6.11200E-03  6.62400E-03  7.13600E-03
  7.64800E-03  8.16000E-03  9.18400E-03  1.02080E-02  1.12320E-02  1.22560E-02
  1.32800E-02  1.43040E-02  1.53280E-02  1.63520E-02  1.84000E-02  2.04480E-02
  2.24960E-02  2.45440E-02  2.65920E-02  2.86400E-02  3.06880E-02  3.27360E-02
  3.68320E-02  4.09280E-02  4.50240E-02  4.91200E-02  5.32160E-02
  2.46168E+00  2.45497E+00  2.45518E+00  2.43808E+00  2.44891E+00  2.45278E+00
  2.42781E+00  2.44631E+00  2.44803E+00  2.43933E+00  2.44527E+00  2.43700E+00
  2.43588E+00  2.43846E+00  2.43078E+00  2.43774E+00  2.43545E+00  2.43463E+00
  2.43450E+00  2.42946E+00  2.43533E+00  2.43216E+00  2.43342E+00  2.42977E+00
  2.42820E+00  2.42830E+00  2.42744E+00  2.42721E+00  2.42448E+00  2.42210E+00
  2.42155E+00  2.41705E+00  2.41892E+00  2.41780E+00  2.41559E+00  2.41213E+00
  2.40950E+00  2.40646E+00  2.40649E+00  2.39958E+00  2.39275E+00  2.39288E+00
  2.38932E+00  2.38259E+00  2.37806E+00  2.37514E+00  2.36820E+00  2.35844E+00
  2.35122E+00  2.34353E+00  2.33487E+00  2.32865E+00  2.31921E+00  2.31265E+00
  2.29679E+00  2.28144E+00  2.26590E+00  2.25034E+00  2.23516E+00  2.22060E+00
  2.20468E+00  2.18998E+00  2.16119E+00  2.13200E+00  2.10282E+00  2.07369E+00
  2.04602E+00  2.01920E+00  1.99252E+00  1.96579E+00  1.91342E+00  1.86294E+00
  1.81285E+00  1.76505E+00  1.71833E+00  1.67296E+00  1.62938E+00  1.58687E+00
  1.50548E+00  1.42767E+00  1.35365E+00  1.28349E+00  1.21738E+00  1.15501E+00
  1.09667E+00  1.04245E+00  9.39675E-01  8.46846E-01  7.63272E-01  6.87870E-01
  6.18956E-01  5.57000E-01  5.03980E-01  4.68339E-01  3.85590E-01  3.19352E-01
  2.63959E-01  2.19033E-01  1.80062E-01  1.48304E-01  1.22872E-01  1.03118E-01
  6.94811E-02  4.84388E-02  3.75026E-02  2.83645E-02  1.78327E-02  6.44048E-03
  3.54158E-03  2.14957E-03 -2.86258E-03 -7.36363E-03 -8.97135E-03 -3.11860E-03
 -6.35262E-03 -3.49332E-03 -2.95237E-03  1.91052E-03  9.77507E-03  2.14552E-02
  1.96127E-02  9.89154E-03  8.71991E-04 -3.45630E-03 -5.75909E-03  3.12073E-03
  1.64487E-03 -7.94991E-03  8.42277E-03  5.33839E-04  4.45274E-03
