AutoSaveFileName0203.ASC
 IFORMY    0    .00
 (6E13.7)
 IFORMT    0    .00
 (6E13.7)
 IFORMW    0    .00
 (6E13.7)
 NINTT     0   -1.00
 DOUSNQ    0    1.00
 IQUAD     0    1.00
 PRWT      0    1.00
 PRY       0    1.00
 IPLRES    1    3.00
 IPLRES    2    3.00
 IPRINT    1    0.00
 IPRINT    2    2.00
 IPLFIT    1    0.00
 IPLFIT    2    0.00
 LINEPG    0   50.
 NONNEG    1    1.00
 IWT       0    5.00
 NQPROG    1    5.00
 NQPROG    2    5.00
 GMNMX     1    3.76813E-03
 GMNMX     2    1.35266E-03
 RUSER    10    -1.00
 NG        0    500.00
 NLINF     0    1.00
 IUSER    10    4.00
 RUSER    21    1.0
 RUSER    22   -1.0
 RUSER    23    0.0
 RUSER    18         292.07102
 RUSER    17         114.99900
 RUSER    19         1.02869
 RUSER    15         1.33200
 RUSER    16         632.80000
 RUSER    25         1
 RUSER    26         0
 END       0    0.00
 NY      162
  7.50000E-07  8.75000E-07  1.00000E-06  1.12500E-06  1.25000E-06  1.37500E-06
  1.50000E-06  1.62500E-06  1.75000E-06  1.87500E-06  2.00000E-06  2.25000E-06
  2.50000E-06  2.75000E-06  3.00000E-06  3.25000E-06  3.50000E-06  3.75000E-06
  4.00000E-06  4.50000E-06  5.00000E-06  5.50000E-06  6.00000E-06  6.50000E-06
  7.00000E-06  7.50000E-06  8.00000E-06  9.00000E-06  1.00000E-05  1.10000E-05
  1.20000E-05  1.30000E-05  1.40000E-05  1.50000E-05  1.60000E-05  1.80000E-05
  2.00000E-05  2.20000E-05  2.40000E-05  2.60000E-05  2.80000E-05  3.00000E-05
  3.20000E-05  3.60000E-05  4.00000E-05  4.40000E-05  4.80000E-05  5.20000E-05
  5.60000E-05  6.00000E-05  6.40000E-05  7.20000E-05  8.00000E-05  8.80000E-05
  9.60000E-05  1.04000E-04  1.12000E-04  1.20000E-04  1.28000E-04  1.44000E-04
  1.60000E-04  1.76000E-04  1.92000E-04  2.08000E-04  2.24000E-04  2.40000E-04
  2.56000E-04  2.88000E-04  3.20000E-04  3.52000E-04  3.84000E-04  4.16000E-04
  4.48000E-04  4.80000E-04  5.12000E-04  5.76000E-04  6.40000E-04  7.04000E-04
  7.68000E-04  8.32000E-04  8.96000E-04  9.60000E-04  1.02400E-03  1.15200E-03
  1.28000E-03  1.40800E-03  1.53600E-03  1.66400E-03  1.79200E-03  1.92000E-03
  2.01600E-03  2.27200E-03  2.52800E-03  2.78400E-03  3.04000E-03  3.29600E-03
  3.55200E-03  3.80800E-03  4.06400E-03  4.57600E-03  5.08800E-03  5.60000E-03
  6.11200E-03  6.62400E-03  7.13600E-03  7.64800E-03  8.16000E-03  9.18400E-03
  1.02080E-02  1.12320E-02  1.22560E-02  1.32800E-02  1.43040E-02  1.53280E-02
  1.63520E-02  1.84000E-02  2.04480E-02  2.24960E-02  2.45440E-02  2.65920E-02
  2.86400E-02  3.06880E-02  3.27360E-02  3.68320E-02  4.09280E-02  4.50240E-02
  4.91200E-02  5.32160E-02  5.73120E-02  6.14080E-02  6.55040E-02  7.36960E-02
  8.18880E-02  9.00800E-02  9.82720E-02  1.06464E-01  1.14656E-01  1.22848E-01
  1.31040E-01  1.47424E-01  1.63808E-01  1.80192E-01  1.96576E-01  2.12960E-01
  2.29344E-01  2.45728E-01  2.62112E-01  2.94880E-01  3.27648E-01  3.60416E-01
  3.93184E-01  4.25952E-01  4.58720E-01  4.91488E-01  5.24256E-01  5.89792E-01
  6.55328E-01  7.20864E-01  7.86400E-01  8.51936E-01  9.17472E-01  9.83008E-01
  9.95561E-01  1.00000E+00  9.97470E-01  9.90185E-01  9.93924E-01  9.89485E-01
  9.95827E-01  9.90331E-01  9.91332E-01  9.87851E-01  9.88404E-01  9.87617E-01
  9.88085E-01  9.86747E-01  9.86050E-01  9.84299E-01  9.82773E-01  9.81034E-01
  9.78372E-01  9.78428E-01  9.74466E-01  9.72697E-01  9.70993E-01  9.68542E-01
  9.67544E-01  9.63716E-01  9.61198E-01  9.56343E-01  9.51863E-01  9.48654E-01
  9.43778E-01  9.38616E-01  9.34882E-01  9.28660E-01  9.24988E-01  9.17462E-01
  9.07032E-01  8.99507E-01  8.91606E-01  8.82356E-01  8.73879E-01  8.65618E-01
  8.57618E-01  8.41496E-01  8.25004E-01  8.10650E-01  7.94764E-01  7.79473E-01
  7.64762E-01  7.50727E-01  7.36516E-01  7.09117E-01  6.83112E-01  6.57440E-01
  6.32269E-01  6.08946E-01  5.85918E-01  5.63842E-01  5.43406E-01  5.04037E-01
  4.67495E-01  4.33303E-01  4.01616E-01  3.72519E-01  3.45550E-01  3.19846E-01
  2.97108E-01  2.55622E-01  2.19488E-01  1.88225E-01  1.61342E-01  1.38498E-01
  1.18665E-01  1.02320E-01  8.82980E-02  6.50585E-02  4.77554E-02  3.43567E-02
  2.49174E-02  1.79217E-02  1.23403E-02  8.66315E-03  5.83930E-03  1.61759E-03
  1.33902E-04 -5.38543E-04  2.62039E-04  1.60998E-03  2.14850E-03  6.22415E-04
  6.95477E-04  8.80994E-04 -5.68349E-04 -3.91839E-04  2.70331E-05 -3.78589E-04
 -3.60698E-04 -1.01707E-03  1.99361E-04  1.69974E-03  3.50680E-03  1.93871E-03
  6.57086E-04 -3.50452E-04  1.60463E-04 -2.11159E-05  2.71784E-04  5.73918E-04
  8.36910E-04  1.42980E-03  2.43304E-03 -1.45644E-03 -8.55285E-04 -3.66662E-04
 -7.42613E-04  4.14486E-04 -7.20429E-04  8.08691E-04  7.10549E-04 -2.18401E-04
 -2.87893E-05  2.69833E-04 -5.06192E-04 -3.27544E-04 -2.46690E-04  6.23206E-04
  1.36592E-03 -3.69391E-04 -1.28805E-03  6.99603E-04  9.66645E-04  2.52180E-04
  3.32818E-04 -3.81134E-04 -2.49616E-05 -4.16158E-04 -4.98347E-05 -5.53772E-04
 -8.60078E-05 -2.07569E-04 -2.24502E-04  4.02638E-04 -5.22499E-04 -5.91253E-05
 -1.60160E-04  4.13405E-04  4.77876E-06 -1.84849E-04  4.69378E-04 -1.05167E-05
 -3.66741E-04  1.28581E-04 -4.01977E-04 -1.68167E-04  1.95744E-05  1.91385E-05
  1.05275E-04  1.39563E-04 -2.12731E-04  7.26616E-05 -9.37767E-06  1.90258E-05
