AutoSaveFileName0145.ASC
 IFORMY    0    .00
 (6E13.7)
 IFORMT    0    .00
 (6E13.7)
 IFORMW    0    .00
 (6E13.7)
 NINTT     0   -1.00
 DOUSNQ    0    1.00
 IQUAD     0    1.00
 PRWT      0    1.00
 PRY       0    1.00
 IPLRES    1    3.00
 IPLRES    2    3.00
 IPRINT    1    0.00
 IPRINT    2    2.00
 IPLFIT    1    0.00
 IPLFIT    2    0.00
 LINEPG    0   50.
 NONNEG    1    1.00
 IWT       0    5.00
 NQPROG    1    5.00
 NQPROG    2    5.00
 GMNMX     1    5.88391E-03
 GMNMX     2    2.11217E-03
 RUSER    10    -1.00
 NG        0    500.00
 NLINF     0    1.00
 IUSER    10    4.00
 RUSER    21    1.0
 RUSER    22   -1.0
 RUSER    23    0.0
 RUSER    18         292.00208
 RUSER    17         84.99900
 RUSER    19         1.03045
 RUSER    15         1.33200
 RUSER    16         632.80000
 RUSER    25         1
 RUSER    26         0
 END       0    0.00
 NY      162
  7.50000E-07  8.75000E-07  1.00000E-06  1.12500E-06  1.25000E-06  1.37500E-06
  1.50000E-06  1.62500E-06  1.75000E-06  1.87500E-06  2.00000E-06  2.25000E-06
  2.50000E-06  2.75000E-06  3.00000E-06  3.25000E-06  3.50000E-06  3.75000E-06
  4.00000E-06  4.50000E-06  5.00000E-06  5.50000E-06  6.00000E-06  6.50000E-06
  7.00000E-06  7.50000E-06  8.00000E-06  9.00000E-06  1.00000E-05  1.10000E-05
  1.20000E-05  1.30000E-05  1.40000E-05  1.50000E-05  1.60000E-05  1.80000E-05
  2.00000E-05  2.20000E-05  2.40000E-05  2.60000E-05  2.80000E-05  3.00000E-05
  3.20000E-05  3.60000E-05  4.00000E-05  4.40000E-05  4.80000E-05  5.20000E-05
  5.60000E-05  6.00000E-05  6.40000E-05  7.20000E-05  8.00000E-05  8.80000E-05
  9.60000E-05  1.04000E-04  1.12000E-04  1.20000E-04  1.28000E-04  1.44000E-04
  1.60000E-04  1.76000E-04  1.92000E-04  2.08000E-04  2.24000E-04  2.40000E-04
  2.56000E-04  2.88000E-04  3.20000E-04  3.52000E-04  3.84000E-04  4.16000E-04
  4.48000E-04  4.80000E-04  5.12000E-04  5.76000E-04  6.40000E-04  7.04000E-04
  7.68000E-04  8.32000E-04  8.96000E-04  9.60000E-04  1.02400E-03  1.15200E-03
  1.28000E-03  1.40800E-03  1.53600E-03  1.66400E-03  1.79200E-03  1.92000E-03
  2.01600E-03  2.27200E-03  2.52800E-03  2.78400E-03  3.04000E-03  3.29600E-03
  3.55200E-03  3.80800E-03  4.06400E-03  4.57600E-03  5.08800E-03  5.60000E-03
  6.11200E-03  6.62400E-03  7.13600E-03  7.64800E-03  8.16000E-03  9.18400E-03
  1.02080E-02  1.12320E-02  1.22560E-02  1.32800E-02  1.43040E-02  1.53280E-02
  1.63520E-02  1.84000E-02  2.04480E-02  2.24960E-02  2.45440E-02  2.65920E-02
  2.86400E-02  3.06880E-02  3.27360E-02  3.68320E-02  4.09280E-02  4.50240E-02
  4.91200E-02  5.32160E-02  5.73120E-02  6.14080E-02  6.55040E-02  7.36960E-02
  8.18880E-02  9.00800E-02  9.82720E-02  1.06464E-01  1.14656E-01  1.22848E-01
  1.31040E-01  1.47424E-01  1.63808E-01  1.80192E-01  1.96576E-01  2.12960E-01
  2.29344E-01  2.45728E-01  2.62112E-01  2.94880E-01  3.27648E-01  3.60416E-01
  3.93184E-01  4.25952E-01  4.58720E-01  4.91488E-01  5.24256E-01  5.89792E-01
  6.55328E-01  7.20864E-01  7.86400E-01  8.51936E-01  9.17472E-01  9.83008E-01
  9.97561E-01  1.00000E+00  9.99350E-01  9.95408E-01  9.95194E-01  9.97288E-01
  9.93683E-01  9.96099E-01  9.94627E-01  9.91214E-01  9.93047E-01  9.91092E-01
  9.92464E-01  9.93559E-01  9.90468E-01  9.90197E-01  9.87518E-01  9.90362E-01
  9.88384E-01  9.86412E-01  9.83752E-01  9.83698E-01  9.82045E-01  9.79425E-01
  9.76207E-01  9.76530E-01  9.75051E-01  9.72280E-01  9.69675E-01  9.65821E-01
  9.63882E-01  9.59853E-01  9.57396E-01  9.55294E-01  9.51832E-01  9.45961E-01
  9.39845E-01  9.35328E-01  9.28832E-01  9.22793E-01  9.16808E-01  9.12486E-01
  9.06760E-01  8.95444E-01  8.85094E-01  8.73660E-01  8.63655E-01  8.53395E-01
  8.42584E-01  8.33152E-01  8.22653E-01  8.02710E-01  7.83805E-01  7.65144E-01
  7.46467E-01  7.28476E-01  7.11295E-01  6.94176E-01  6.77748E-01  6.45710E-01
  6.15063E-01  5.86305E-01  5.58435E-01  5.32473E-01  5.07036E-01  4.83319E-01
  4.60654E-01  4.18230E-01  3.79807E-01  3.45088E-01  3.13072E-01  2.84457E-01
  2.58434E-01  2.34303E-01  2.13326E-01  1.76221E-01  1.45631E-01  1.20147E-01
  9.90129E-02  8.14389E-02  6.68330E-02  5.49704E-02  4.55027E-02  3.11655E-02
  2.17822E-02  1.57835E-02  1.18050E-02  8.24602E-03  5.49826E-03  3.82533E-03
  3.05718E-03  1.42356E-03 -1.21418E-03 -1.61545E-03 -2.26810E-03 -2.50103E-03
 -1.15225E-03 -2.88091E-04  1.12212E-04  4.41990E-04 -2.27150E-04 -1.99547E-04
 -9.26971E-04 -3.03726E-03 -1.43543E-03  1.15281E-03  1.78326E-03 -1.60646E-05
 -1.74422E-03  3.95715E-04 -2.51487E-03 -2.14957E-03 -8.56119E-04 -2.99627E-04
  4.23313E-04 -2.21398E-04 -1.59461E-04 -1.87466E-05  8.67315E-04 -1.83869E-04
 -6.00141E-04 -1.47796E-03 -7.39366E-04 -1.06389E-03  2.74261E-04 -5.97334E-04
 -8.93837E-04 -2.54921E-04 -2.06469E-03 -1.96821E-04  1.32773E-03  6.39822E-04
  2.22828E-05 -1.45553E-03  1.67663E-04 -9.03190E-04 -9.01006E-04  1.95221E-04
 -3.47068E-04 -1.67150E-04  2.81625E-04 -7.08235E-04 -6.43198E-04  9.33312E-05
  5.28021E-05  4.34825E-04 -1.06717E-04 -1.71245E-04 -1.37373E-04  4.02540E-04
 -3.42662E-04  9.52647E-05  2.29473E-04  3.05371E-04  3.95214E-05 -1.33126E-04
  2.39918E-04 -4.18896E-05 -2.59684E-04 -2.53498E-04 -5.11494E-06  1.85572E-05
