AutoSaveFileName0168.ASC
 IFORMY    0    .00
 (6E13.7)
 IFORMT    0    .00
 (6E13.7)
 IFORMW    0    .00
 (6E13.7)
 NINTT     0   -1.00
 DOUSNQ    0    1.00
 IQUAD          1.00
 PRWT      0    1.00
 PRY       0    1.00
 IPLRES    1    3.00
 IPLRES    2    3.00
 IPRINT    1    0.00
 IPRINT    2    2.00
 IPLFIT    1    0.00
 IPLFIT    2    0.00
 LINEPG    0   50.
 NONNEG    1    1.00
 IWT       0    5.00
 NQPROG    1    5.00
 NQPROG    2    5.00
 GMNMX     1    2.043E-05
 GMNMX     2    2.043E-02
 RUSER    10    -1.00
 NG        0    200.00
 NLINF     0    0.00
 IUSER    10    4.00
 RUSER    21    1.0
 RUSER    22   -1.0
 RUSER    23    0.0
 RUSER    18         291.98141
 RUSER    17         70.99900
 RUSER    19         1.03097
 RUSER    15         1.33200
 RUSER    16         632.80000
 RUSER    25         1
 RUSER    26         0
 END       0    0.00
 NY      131
  3.75000E-07  5.00000E-07  6.25000E-07  7.50000E-07  8.75000E-07  1.00000E-06
  1.12500E-06  1.25000E-06  1.37500E-06  1.50000E-06  1.62500E-06  1.75000E-06
  1.87500E-06  2.00000E-06  2.25000E-06  2.50000E-06  2.75000E-06  3.00000E-06
  3.25000E-06  3.50000E-06  3.75000E-06  4.00000E-06  4.50000E-06  5.00000E-06
  5.50000E-06  6.00000E-06  6.50000E-06  7.00000E-06  7.50000E-06  8.00000E-06
  9.00000E-06  1.00000E-05  1.10000E-05  1.20000E-05  1.30000E-05  1.40000E-05
  1.50000E-05  1.60000E-05  1.80000E-05  2.00000E-05  2.20000E-05  2.40000E-05
  2.60000E-05  2.80000E-05  3.00000E-05  3.20000E-05  3.60000E-05  4.00000E-05
  4.40000E-05  4.80000E-05  5.20000E-05  5.60000E-05  6.00000E-05  6.40000E-05
  7.20000E-05  8.00000E-05  8.80000E-05  9.60000E-05  1.04000E-04  1.12000E-04
  1.20000E-04  1.28000E-04  1.44000E-04  1.60000E-04  1.76000E-04  1.92000E-04
  2.08000E-04  2.24000E-04  2.40000E-04  2.56000E-04  2.88000E-04  3.20000E-04
  3.52000E-04  3.84000E-04  4.16000E-04  4.48000E-04  4.80000E-04  5.12000E-04
  5.76000E-04  6.40000E-04  7.04000E-04  7.68000E-04  8.32000E-04  8.96000E-04
  9.60000E-04  1.02400E-03  1.15200E-03  1.28000E-03  1.40800E-03  1.53600E-03
  1.66400E-03  1.79200E-03  1.92000E-03  2.01600E-03  2.27200E-03  2.52800E-03
  2.78400E-03  3.04000E-03  3.29600E-03  3.55200E-03  3.80800E-03  4.06400E-03
  4.57600E-03  5.08800E-03  5.60000E-03  6.11200E-03  6.62400E-03  7.13600E-03
  7.64800E-03  8.16000E-03  9.18400E-03  1.02080E-02  1.12320E-02  1.22560E-02
  1.32800E-02  1.43040E-02  1.53280E-02  1.63520E-02  1.84000E-02  2.04480E-02
  2.24960E-02  2.45440E-02  2.65920E-02  2.86400E-02  3.06880E-02  3.27360E-02
  3.68320E-02  4.09280E-02  4.50240E-02  4.91200E-02  5.32160E-02
  8.12232E-01  8.05203E-01  8.13906E-01  8.10904E-01  8.09912E-01  8.05526E-01
  8.09730E-01  8.05966E-01  8.07228E-01  8.06591E-01  8.07491E-01  8.07894E-01
  8.06002E-01  8.05213E-01  8.06666E-01  8.04685E-01  8.04160E-01  8.08538E-01
  8.01994E-01  8.02980E-01  8.07497E-01  8.05442E-01  8.02967E-01  8.03757E-01
  8.05990E-01  8.04906E-01  8.05752E-01  8.05820E-01  8.02678E-01  8.02368E-01
  8.03186E-01  8.04108E-01  8.01966E-01  8.03054E-01  8.01776E-01  8.03147E-01
  8.01878E-01  8.01416E-01  8.02352E-01  7.99885E-01  8.00917E-01  7.99052E-01
  7.99426E-01  7.98978E-01  7.99093E-01  7.98564E-01  7.98060E-01  7.95843E-01
  7.94935E-01  7.94091E-01  7.93047E-01  7.92483E-01  7.91341E-01  7.90263E-01
  7.88136E-01  7.87146E-01  7.83858E-01  7.82710E-01  7.80755E-01  7.78738E-01
  7.76885E-01  7.74675E-01  7.71237E-01  7.67274E-01  7.62932E-01  7.59023E-01
  7.55859E-01  7.52257E-01  7.48397E-01  7.44480E-01  7.37083E-01  7.29687E-01
  7.22366E-01  7.15442E-01  7.08306E-01  7.00862E-01  6.94125E-01  6.86948E-01
  6.73570E-01  6.60463E-01  6.47541E-01  6.34743E-01  6.22188E-01  6.09850E-01
  5.98151E-01  5.86100E-01  5.63417E-01  5.41565E-01  5.20691E-01  5.00590E-01
  4.81414E-01  4.63081E-01  4.45656E-01  4.32919E-01  4.01092E-01  3.71988E-01
  3.45317E-01  3.21399E-01  2.98761E-01  2.78164E-01  2.59287E-01  2.41147E-01
  2.07538E-01  1.79173E-01  1.55372E-01  1.35981E-01  1.20381E-01  1.06692E-01
  9.46876E-02  8.47048E-02  6.74339E-02  5.18977E-02  4.10623E-02  3.40877E-02
  2.94653E-02  2.37478E-02  1.69829E-02  1.10705E-02  2.35292E-04 -8.76531E-03
 -1.97744E-02 -2.05417E-02 -1.71008E-02 -1.08536E-02 -8.36220E-03 -1.60185E-02
 -1.73553E-02 -8.97093E-04  3.20828E-03 -2.00573E-03 -9.11840E-03
