AutoSaveFileName0144.ASC
 IFORMY    0    .00
 (6E13.7)
 IFORMT    0    .00
 (6E13.7)
 IFORMW    0    .00
 (6E13.7)
 NINTT     0   -1.00
 DOUSNQ    0    1.00
 IQUAD          1.00
 PRWT      0    1.00
 PRY       0    1.00
 IPLRES    1    3.00
 IPLRES    2    3.00
 IPRINT    1    0.00
 IPRINT    2    2.00
 IPLFIT    1    0.00
 IPLFIT    2    0.00
 LINEPG    0   50.
 NONNEG    1    1.00
 IWT       0    5.00
 NQPROG    1    5.00
 NQPROG    2    5.00
 GMNMX     1    2.526E-05
 GMNMX     2    2.526E-02
 RUSER    10    -1.00
 NG        0    200.00
 NLINF     0    0.00
 IUSER    10    4.00
 RUSER    21    1.0
 RUSER    22   -1.0
 RUSER    23    0.0
 RUSER    18         291.94805
 RUSER    17         62.99900
 RUSER    19         1.03183
 RUSER    15         1.33200
 RUSER    16         632.80000
 RUSER    25         1
 RUSER    26         0
 END       0    0.00
 NY      131
  3.75000E-07  5.00000E-07  6.25000E-07  7.50000E-07  8.75000E-07  1.00000E-06
  1.12500E-06  1.25000E-06  1.37500E-06  1.50000E-06  1.62500E-06  1.75000E-06
  1.87500E-06  2.00000E-06  2.25000E-06  2.50000E-06  2.75000E-06  3.00000E-06
  3.25000E-06  3.50000E-06  3.75000E-06  4.00000E-06  4.50000E-06  5.00000E-06
  5.50000E-06  6.00000E-06  6.50000E-06  7.00000E-06  7.50000E-06  8.00000E-06
  9.00000E-06  1.00000E-05  1.10000E-05  1.20000E-05  1.30000E-05  1.40000E-05
  1.50000E-05  1.60000E-05  1.80000E-05  2.00000E-05  2.20000E-05  2.40000E-05
  2.60000E-05  2.80000E-05  3.00000E-05  3.20000E-05  3.60000E-05  4.00000E-05
  4.40000E-05  4.80000E-05  5.20000E-05  5.60000E-05  6.00000E-05  6.40000E-05
  7.20000E-05  8.00000E-05  8.80000E-05  9.60000E-05  1.04000E-04  1.12000E-04
  1.20000E-04  1.28000E-04  1.44000E-04  1.60000E-04  1.76000E-04  1.92000E-04
  2.08000E-04  2.24000E-04  2.40000E-04  2.56000E-04  2.88000E-04  3.20000E-04
  3.52000E-04  3.84000E-04  4.16000E-04  4.48000E-04  4.80000E-04  5.12000E-04
  5.76000E-04  6.40000E-04  7.04000E-04  7.68000E-04  8.32000E-04  8.96000E-04
  9.60000E-04  1.02400E-03  1.15200E-03  1.28000E-03  1.40800E-03  1.53600E-03
  1.66400E-03  1.79200E-03  1.92000E-03  2.01600E-03  2.27200E-03  2.52800E-03
  2.78400E-03  3.04000E-03  3.29600E-03  3.55200E-03  3.80800E-03  4.06400E-03
  4.57600E-03  5.08800E-03  5.60000E-03  6.11200E-03  6.62400E-03  7.13600E-03
  7.64800E-03  8.16000E-03  9.18400E-03  1.02080E-02  1.12320E-02  1.22560E-02
  1.32800E-02  1.43040E-02  1.53280E-02  1.63520E-02  1.84000E-02  2.04480E-02
  2.24960E-02  2.45440E-02  2.65920E-02  2.86400E-02  3.06880E-02  3.27360E-02
  3.68320E-02  4.09280E-02  4.50240E-02  4.91200E-02  5.32160E-02
  8.20884E-01  8.18159E-01  8.17030E-01  8.18540E-01  8.20065E-01  8.16867E-01
  8.17535E-01  8.18735E-01  8.18751E-01  8.16356E-01  8.16057E-01  8.16388E-01
  8.14166E-01  8.15917E-01  8.18528E-01  8.14718E-01  8.16686E-01  8.16147E-01
  8.18695E-01  8.14412E-01  8.16461E-01  8.15140E-01  8.14464E-01  8.15829E-01
  8.14731E-01  8.14263E-01  8.15928E-01  8.17268E-01  8.16672E-01  8.15635E-01
  8.14101E-01  8.15308E-01  8.13626E-01  8.12779E-01  8.12588E-01  8.14646E-01
  8.12341E-01  8.12774E-01  8.13000E-01  8.12706E-01  8.11670E-01  8.11102E-01
  8.10292E-01  8.09934E-01  8.09626E-01  8.09064E-01  8.07830E-01  8.06907E-01
  8.05729E-01  8.05363E-01  8.04964E-01  8.04253E-01  8.03109E-01  8.01873E-01
  8.00256E-01  7.99148E-01  7.97420E-01  7.95335E-01  7.93577E-01  7.91569E-01
  7.90311E-01  7.88740E-01  7.85413E-01  7.81822E-01  7.78650E-01  7.75332E-01
  7.71802E-01  7.68277E-01  7.64981E-01  7.61725E-01  7.54936E-01  7.48388E-01
  7.41998E-01  7.35411E-01  7.29370E-01  7.22604E-01  7.16639E-01  7.10096E-01
  6.97997E-01  6.86044E-01  6.74115E-01  6.62383E-01  6.50835E-01  6.39363E-01
  6.28405E-01  6.16992E-01  5.95605E-01  5.74893E-01  5.54848E-01  5.35807E-01
  5.17229E-01  4.99434E-01  4.81944E-01  4.76609E-01  4.44075E-01  4.14011E-01
  3.85837E-01  3.59480E-01  3.35394E-01  3.12652E-01  2.91654E-01  2.70311E-01
  2.34895E-01  2.04477E-01  1.79343E-01  1.57064E-01  1.37713E-01  1.21451E-01
  1.08729E-01  9.88130E-02  8.03385E-02  6.56310E-02  5.68039E-02  4.76674E-02
  4.12670E-02  3.59994E-02  2.99087E-02  2.35612E-02  2.16318E-02  1.99719E-02
  2.16919E-02  2.28635E-02  1.60728E-02  1.45504E-02  8.08311E-03  2.67535E-03
  3.19136E-03  5.05552E-03  5.78817E-03  5.37574E-04 -1.29300E-02
