AutoSaveFileName0271.ASC
 IFORMY    0    .00
 (6E13.7)
 IFORMT    0    .00
 (6E13.7)
 IFORMW    0    .00
 (6E13.7)
 NINTT     0   -1.00
 DOUSNQ    0    1.00
 IQUAD          1.00
 PRWT      0    1.00
 PRY       0    1.00
 IPLRES    1    3.00
 IPLRES    2    3.00
 IPRINT    1    0.00
 IPRINT    2    2.00
 IPLFIT    1    0.00
 IPLFIT    2    0.00
 LINEPG    0   50.
 NONNEG    1    1.00
 IWT       0    5.00
 NQPROG    1    5.00
 NQPROG    2    5.00
 GMNMX     1    7.328E-06
 GMNMX     2    7.328E-03
 RUSER    10    -1.00
 NG        0    200.00
 NLINF     0    0.00
 IUSER    10    4.00
 RUSER    21    1.0
 RUSER    22   -1.0
 RUSER    23    0.0
 RUSER    18         292.25285
 RUSER    17         149.99900
 RUSER    19         1.02407
 RUSER    15         1.33200
 RUSER    16         632.80000
 RUSER    25         1
 RUSER    26         0
 END       0    0.00
 NY      188
  5.00000E-07  6.25000E-07  7.50000E-07  8.75000E-07  1.00000E-06  1.12500E-06
  1.25000E-06  1.37500E-06  1.50000E-06  1.62500E-06  1.75000E-06  1.87500E-06
  2.00000E-06  2.25000E-06  2.50000E-06  2.75000E-06  3.00000E-06  3.25000E-06
  3.50000E-06  3.75000E-06  4.00000E-06  4.50000E-06  5.00000E-06  5.50000E-06
  6.00000E-06  6.50000E-06  7.00000E-06  7.50000E-06  8.00000E-06  9.00000E-06
  1.00000E-05  1.10000E-05  1.20000E-05  1.30000E-05  1.40000E-05  1.50000E-05
  1.60000E-05  1.80000E-05  2.00000E-05  2.20000E-05  2.40000E-05  2.60000E-05
  2.80000E-05  3.00000E-05  3.20000E-05  3.60000E-05  4.00000E-05  4.40000E-05
  4.80000E-05  5.20000E-05  5.60000E-05  6.00000E-05  6.40000E-05  7.20000E-05
  8.00000E-05  8.80000E-05  9.60000E-05  1.04000E-04  1.12000E-04  1.20000E-04
  1.28000E-04  1.44000E-04  1.60000E-04  1.76000E-04  1.92000E-04  2.08000E-04
  2.24000E-04  2.40000E-04  2.56000E-04  2.88000E-04  3.20000E-04  3.52000E-04
  3.84000E-04  4.16000E-04  4.48000E-04  4.80000E-04  5.12000E-04  5.76000E-04
  6.40000E-04  7.04000E-04  7.68000E-04  8.32000E-04  8.96000E-04  9.60000E-04
  1.02400E-03  1.15200E-03  1.28000E-03  1.40800E-03  1.53600E-03  1.66400E-03
  1.79200E-03  1.92000E-03  2.01600E-03  2.27200E-03  2.52800E-03  2.78400E-03
  3.04000E-03  3.29600E-03  3.55200E-03  3.80800E-03  4.06400E-03  4.57600E-03
  5.08800E-03  5.60000E-03  6.11200E-03  6.62400E-03  7.13600E-03  7.64800E-03
  8.16000E-03  9.18400E-03  1.02080E-02  1.12320E-02  1.22560E-02  1.32800E-02
  1.43040E-02  1.53280E-02  1.63520E-02  1.84000E-02  2.04480E-02  2.24960E-02
  2.45440E-02  2.65920E-02  2.86400E-02  3.06880E-02  3.27360E-02  3.68320E-02
  4.09280E-02  4.50240E-02  4.91200E-02  5.32160E-02  5.73120E-02  6.14080E-02
  6.55040E-02  7.36960E-02  8.18880E-02  9.00800E-02  9.82720E-02  1.06464E-01
  1.14656E-01  1.22848E-01  1.31040E-01  1.47424E-01  1.63808E-01  1.80192E-01
  1.96576E-01  2.12960E-01  2.29344E-01  2.45728E-01  2.62112E-01  2.94880E-01
  3.27648E-01  3.60416E-01  3.93184E-01  4.25952E-01  4.58720E-01  4.91488E-01
  5.24256E-01  5.89792E-01  6.55328E-01  7.20864E-01  7.86400E-01  8.51936E-01
  9.17472E-01  9.83008E-01  1.04854E+00  1.17962E+00  1.31069E+00  1.44176E+00
  1.57283E+00  1.70390E+00  1.83498E+00  1.96605E+00  2.09712E+00  2.35926E+00
  2.62141E+00  2.88355E+00  3.14570E+00  3.40784E+00  3.66998E+00  3.93213E+00
  4.19427E+00  4.71856E+00  5.24285E+00  5.76714E+00  6.29142E+00  6.81571E+00
  7.34000E+00  7.86429E+00
  9.99758E-01  9.93441E-01  9.88124E-01  9.95161E-01  9.87093E-01  9.96068E-01
  9.95752E-01  9.81981E-01  9.91124E-01  9.87745E-01  9.89056E-01  9.90460E-01
  9.87621E-01  9.89404E-01  9.88894E-01  9.86770E-01  9.90149E-01  9.90037E-01
  9.88646E-01  9.90528E-01  9.90410E-01  9.86689E-01  9.87627E-01  9.86348E-01
  9.91590E-01  9.88621E-01  9.86149E-01  9.84900E-01  9.86410E-01  9.84565E-01
  9.84447E-01  9.85372E-01  9.84317E-01  9.83987E-01  9.82702E-01  9.82000E-01
  9.82118E-01  9.79677E-01  9.80254E-01  9.78994E-01  9.77975E-01  9.77876E-01
  9.77441E-01  9.76664E-01  9.75534E-01  9.73913E-01  9.72124E-01  9.70428E-01
  9.68229E-01  9.65273E-01  9.64559E-01  9.63248E-01  9.61298E-01  9.58055E-01
  9.54944E-01  9.51310E-01  9.47297E-01  9.43049E-01  9.40179E-01  9.37173E-01
  9.33372E-01  9.26751E-01  9.19347E-01  9.12906E-01  9.05496E-01  8.98961E-01
  8.92489E-01  8.85750E-01  8.79098E-01  8.66154E-01  8.53172E-01  8.40439E-01
  8.28128E-01  8.15495E-01  8.03426E-01  7.91308E-01  7.79376E-01  7.56804E-01
  7.34357E-01  7.13232E-01  6.92524E-01  6.72530E-01  6.53107E-01  6.34113E-01
  6.15674E-01  5.81523E-01  5.49412E-01  5.19585E-01  4.92293E-01  4.66802E-01
  4.42840E-01  4.19873E-01  4.02538E-01  3.62601E-01  3.28131E-01  2.97517E-01
  2.70880E-01  2.47769E-01  2.27136E-01  2.08121E-01  1.91021E-01  1.58865E-01
  1.32503E-01  1.12405E-01  9.64670E-02  8.35427E-02  7.34618E-02  6.53424E-02
  5.74395E-02  4.17249E-02  2.72722E-02  1.63645E-02  1.49438E-02  1.47318E-02
  1.55001E-02  1.65234E-02  1.69915E-02  1.33197E-02  5.29731E-03  3.30144E-03
  2.81235E-03  5.55700E-03  5.05518E-03 -1.66292E-03  2.31312E-03  1.73715E-02
  2.03556E-02  1.52275E-02  3.22813E-03 -1.88004E-03  1.19888E-03  9.73143E-03
  4.63729E-03  4.41918E-03  9.81956E-03  7.12083E-03  7.05810E-03  1.71719E-03
  4.07786E-03  1.15749E-02  4.49788E-03 -9.76323E-03 -2.45815E-03  3.68213E-03
  4.65495E-03 -7.54525E-04  2.43807E-03  1.95979E-03  7.61680E-04  1.04352E-02
  1.68230E-03  5.05904E-03 -5.74543E-03 -3.61695E-03 -4.20788E-03  1.17082E-03
  3.19456E-04 -2.91368E-03  1.94970E-03 -1.42460E-03 -6.09772E-03  1.10939E-03
 -5.21262E-03 -1.23403E-03  1.65293E-04  8.70762E-04 -2.24878E-03 -3.46439E-03
 -7.57407E-04 -1.19635E-04 -1.70909E-03 -2.49666E-03 -1.58173E-03  2.08371E-03
  1.69786E-03  2.69662E-03  5.22762E-03 -2.10890E-03 -5.02199E-04 -2.92225E-03
  7.88917E-04 -1.85436E-03  2.65689E-03 -5.77767E-05  2.02140E-03 -1.68780E-03
  3.00578E-04 -2.60874E-03
