AutoSaveFileName0286.ASC
 IFORMY    0    .00
 (6E13.7)
 IFORMT    0    .00
 (6E13.7)
 IFORMW    0    .00
 (6E13.7)
 NINTT     0   -1.00
 DOUSNQ    0    1.00
 IQUAD     0    1.00
 PRWT      0    1.00
 PRY       0    1.00
 IPLRES    1    3.00
 IPLRES    2    3.00
 IPRINT    1    0.00
 IPRINT    2    2.00
 IPLFIT    1    0.00
 IPLFIT    2    0.00
 LINEPG    0   50.
 NONNEG    1    1.00
 IWT       0    5.00
 NQPROG    1    5.00
 NQPROG    2    5.00
 GMNMX     1    2.80477E-03
 GMNMX     2    1.00684E-03
 RUSER    10    -1.00
 NG        0    500.00
 NLINF     0    1.00
 IUSER    10    4.00
 RUSER    21    1.0
 RUSER    22   -1.0
 RUSER    23    0.0
 RUSER    18         292.16261
 RUSER    17         154.99900
 RUSER    19         1.02636
 RUSER    15         1.33200
 RUSER    16         632.80000
 RUSER    25         1
 RUSER    26         0
 END       0    0.00
 NY      162
  7.50000E-07  8.75000E-07  1.00000E-06  1.12500E-06  1.25000E-06  1.37500E-06
  1.50000E-06  1.62500E-06  1.75000E-06  1.87500E-06  2.00000E-06  2.25000E-06
  2.50000E-06  2.75000E-06  3.00000E-06  3.25000E-06  3.50000E-06  3.75000E-06
  4.00000E-06  4.50000E-06  5.00000E-06  5.50000E-06  6.00000E-06  6.50000E-06
  7.00000E-06  7.50000E-06  8.00000E-06  9.00000E-06  1.00000E-05  1.10000E-05
  1.20000E-05  1.30000E-05  1.40000E-05  1.50000E-05  1.60000E-05  1.80000E-05
  2.00000E-05  2.20000E-05  2.40000E-05  2.60000E-05  2.80000E-05  3.00000E-05
  3.20000E-05  3.60000E-05  4.00000E-05  4.40000E-05  4.80000E-05  5.20000E-05
  5.60000E-05  6.00000E-05  6.40000E-05  7.20000E-05  8.00000E-05  8.80000E-05
  9.60000E-05  1.04000E-04  1.12000E-04  1.20000E-04  1.28000E-04  1.44000E-04
  1.60000E-04  1.76000E-04  1.92000E-04  2.08000E-04  2.24000E-04  2.40000E-04
  2.56000E-04  2.88000E-04  3.20000E-04  3.52000E-04  3.84000E-04  4.16000E-04
  4.48000E-04  4.80000E-04  5.12000E-04  5.76000E-04  6.40000E-04  7.04000E-04
  7.68000E-04  8.32000E-04  8.96000E-04  9.60000E-04  1.02400E-03  1.15200E-03
  1.28000E-03  1.40800E-03  1.53600E-03  1.66400E-03  1.79200E-03  1.92000E-03
  2.01600E-03  2.27200E-03  2.52800E-03  2.78400E-03  3.04000E-03  3.29600E-03
  3.55200E-03  3.80800E-03  4.06400E-03  4.57600E-03  5.08800E-03  5.60000E-03
  6.11200E-03  6.62400E-03  7.13600E-03  7.64800E-03  8.16000E-03  9.18400E-03
  1.02080E-02  1.12320E-02  1.22560E-02  1.32800E-02  1.43040E-02  1.53280E-02
  1.63520E-02  1.84000E-02  2.04480E-02  2.24960E-02  2.45440E-02  2.65920E-02
  2.86400E-02  3.06880E-02  3.27360E-02  3.68320E-02  4.09280E-02  4.50240E-02
  4.91200E-02  5.32160E-02  5.73120E-02  6.14080E-02  6.55040E-02  7.36960E-02
  8.18880E-02  9.00800E-02  9.82720E-02  1.06464E-01  1.14656E-01  1.22848E-01
  1.31040E-01  1.47424E-01  1.63808E-01  1.80192E-01  1.96576E-01  2.12960E-01
  2.29344E-01  2.45728E-01  2.62112E-01  2.94880E-01  3.27648E-01  3.60416E-01
  3.93184E-01  4.25952E-01  4.58720E-01  4.91488E-01  5.24256E-01  5.89792E-01
  6.55328E-01  7.20864E-01  7.86400E-01  8.51936E-01  9.17472E-01  9.83008E-01
  1.00000E+00  9.98498E-01  9.98619E-01  9.97972E-01  9.96677E-01  9.96110E-01
  9.94731E-01  9.94617E-01  9.94521E-01  9.91845E-01  9.91397E-01  9.89209E-01
  9.88334E-01  9.86427E-01  9.84626E-01  9.83444E-01  9.80324E-01  9.79554E-01
  9.78720E-01  9.75867E-01  9.72085E-01  9.68622E-01  9.66254E-01  9.62784E-01
  9.58566E-01  9.56478E-01  9.53810E-01  9.47216E-01  9.41088E-01  9.35049E-01
  9.29318E-01  9.23224E-01  9.16882E-01  9.10968E-01  9.05444E-01  8.93249E-01
  8.81805E-01  8.70708E-01  8.59098E-01  8.48388E-01  8.37082E-01  8.26483E-01
  8.15987E-01  7.94502E-01  7.74926E-01  7.54903E-01  7.35868E-01  7.17202E-01
  6.98803E-01  6.81056E-01  6.63867E-01  6.30592E-01  5.98948E-01  5.68953E-01
  5.40513E-01  5.13377E-01  4.87955E-01  4.63621E-01  4.40883E-01  3.97902E-01
  3.59465E-01  3.24551E-01  2.93266E-01  2.64768E-01  2.39135E-01  2.15857E-01
  1.95499E-01  1.59649E-01  1.30562E-01  1.07318E-01  8.85702E-02  7.30705E-02
  6.03785E-02  4.99139E-02  4.15800E-02  2.84539E-02  1.91754E-02  1.25726E-02
  7.58602E-03  4.74865E-03  2.81508E-03  1.85089E-03  1.62211E-03  2.01284E-03
  9.52084E-04  2.14991E-04  6.88135E-04  4.49806E-04  4.87436E-04  5.61597E-04
  8.86123E-04  5.67842E-04 -1.50134E-04 -1.92696E-03 -1.92426E-03 -1.99574E-03
 -1.33343E-03 -9.13446E-04 -3.81763E-04 -1.13015E-03  5.84603E-04 -8.71167E-05
 -4.79638E-04 -8.91355E-04  2.88813E-04 -9.04596E-04  3.81623E-04 -7.71036E-05
 -7.49310E-04  5.84408E-04  4.03221E-04 -9.49083E-04 -3.51529E-04  4.52666E-04
  6.73296E-04 -2.73625E-04  9.02642E-04 -1.52054E-04 -6.69140E-04 -1.13906E-03
 -3.43314E-04 -1.32410E-03 -2.95022E-04 -8.48470E-05 -2.95956E-04 -1.17793E-04
  3.91653E-04  4.75427E-05  2.62512E-04  7.29159E-04 -3.91936E-05 -1.78829E-04
  2.53432E-04 -8.72898E-05 -8.29510E-07  2.24404E-04 -5.24147E-05 -1.38855E-04
 -1.96459E-05  4.41960E-05  2.87357E-04  5.61956E-05 -3.67338E-05  1.94168E-04
 -1.04471E-04  2.04986E-04  4.06536E-04 -2.29017E-04 -9.92882E-05  2.13722E-04
  2.65060E-04 -6.91433E-05  1.08751E-04 -6.14457E-05 -9.56877E-05 -2.69312E-05
 -9.52381E-05  2.47304E-07  2.07960E-05  2.16625E-04 -2.05110E-04  2.74953E-04
