AutoSaveFileName0266.ASC
 IFORMY    0    .00
 (6E13.7)
 IFORMT    0    .00
 (6E13.7)
 IFORMW    0    .00
 (6E13.7)
 NINTT     0   -1.00
 DOUSNQ    0    1.00
 IQUAD          1.00
 PRWT      0    1.00
 PRY       0    1.00
 IPLRES    1    3.00
 IPLRES    2    3.00
 IPRINT    1    0.00
 IPRINT    2    2.00
 IPLFIT    1    0.00
 IPLFIT    2    0.00
 LINEPG    0   50.
 NONNEG    1    1.00
 IWT       0    5.00
 NQPROG    1    5.00
 NQPROG    2    5.00
 GMNMX     1    7.517E-06
 GMNMX     2    7.517E-03
 RUSER    10    -1.00
 NG        0    200.00
 NLINF     0    0.00
 IUSER    10    4.00
 RUSER    21    1.0
 RUSER    22   -1.0
 RUSER    23    0.0
 RUSER    18         292.25134
 RUSER    17         144.99900
 RUSER    19         1.02411
 RUSER    15         1.33200
 RUSER    16         632.80000
 RUSER    25         1
 RUSER    26         0
 END       0    0.00
 NY      188
  5.00000E-07  6.25000E-07  7.50000E-07  8.75000E-07  1.00000E-06  1.12500E-06
  1.25000E-06  1.37500E-06  1.50000E-06  1.62500E-06  1.75000E-06  1.87500E-06
  2.00000E-06  2.25000E-06  2.50000E-06  2.75000E-06  3.00000E-06  3.25000E-06
  3.50000E-06  3.75000E-06  4.00000E-06  4.50000E-06  5.00000E-06  5.50000E-06
  6.00000E-06  6.50000E-06  7.00000E-06  7.50000E-06  8.00000E-06  9.00000E-06
  1.00000E-05  1.10000E-05  1.20000E-05  1.30000E-05  1.40000E-05  1.50000E-05
  1.60000E-05  1.80000E-05  2.00000E-05  2.20000E-05  2.40000E-05  2.60000E-05
  2.80000E-05  3.00000E-05  3.20000E-05  3.60000E-05  4.00000E-05  4.40000E-05
  4.80000E-05  5.20000E-05  5.60000E-05  6.00000E-05  6.40000E-05  7.20000E-05
  8.00000E-05  8.80000E-05  9.60000E-05  1.04000E-04  1.12000E-04  1.20000E-04
  1.28000E-04  1.44000E-04  1.60000E-04  1.76000E-04  1.92000E-04  2.08000E-04
  2.24000E-04  2.40000E-04  2.56000E-04  2.88000E-04  3.20000E-04  3.52000E-04
  3.84000E-04  4.16000E-04  4.48000E-04  4.80000E-04  5.12000E-04  5.76000E-04
  6.40000E-04  7.04000E-04  7.68000E-04  8.32000E-04  8.96000E-04  9.60000E-04
  1.02400E-03  1.15200E-03  1.28000E-03  1.40800E-03  1.53600E-03  1.66400E-03
  1.79200E-03  1.92000E-03  2.01600E-03  2.27200E-03  2.52800E-03  2.78400E-03
  3.04000E-03  3.29600E-03  3.55200E-03  3.80800E-03  4.06400E-03  4.57600E-03
  5.08800E-03  5.60000E-03  6.11200E-03  6.62400E-03  7.13600E-03  7.64800E-03
  8.16000E-03  9.18400E-03  1.02080E-02  1.12320E-02  1.22560E-02  1.32800E-02
  1.43040E-02  1.53280E-02  1.63520E-02  1.84000E-02  2.04480E-02  2.24960E-02
  2.45440E-02  2.65920E-02  2.86400E-02  3.06880E-02  3.27360E-02  3.68320E-02
  4.09280E-02  4.50240E-02  4.91200E-02  5.32160E-02  5.73120E-02  6.14080E-02
  6.55040E-02  7.36960E-02  8.18880E-02  9.00800E-02  9.82720E-02  1.06464E-01
  1.14656E-01  1.22848E-01  1.31040E-01  1.47424E-01  1.63808E-01  1.80192E-01
  1.96576E-01  2.12960E-01  2.29344E-01  2.45728E-01  2.62112E-01  2.94880E-01
  3.27648E-01  3.60416E-01  3.93184E-01  4.25952E-01  4.58720E-01  4.91488E-01
  5.24256E-01  5.89792E-01  6.55328E-01  7.20864E-01  7.86400E-01  8.51936E-01
  9.17472E-01  9.83008E-01  1.04854E+00  1.17962E+00  1.31069E+00  1.44176E+00
  1.57283E+00  1.70390E+00  1.83498E+00  1.96605E+00  2.09712E+00  2.35926E+00
  2.62141E+00  2.88355E+00  3.14570E+00  3.40784E+00  3.66998E+00  3.93213E+00
  4.19427E+00  4.71856E+00  5.24285E+00  5.76714E+00  6.29142E+00  6.81571E+00
  7.34000E+00  7.86429E+00
  9.95863E-01  9.95206E-01  9.94416E-01  9.93808E-01  9.94970E-01  9.93769E-01
  9.92315E-01  9.93481E-01  9.92714E-01  9.92649E-01  9.92255E-01  9.92011E-01
  9.91934E-01  9.91387E-01  9.91247E-01  9.91899E-01  9.91887E-01  9.90954E-01
  9.91632E-01  9.90992E-01  9.91223E-01  9.91288E-01  9.90305E-01  9.89848E-01
  9.90249E-01  9.89952E-01  9.89357E-01  9.89661E-01  9.89318E-01  9.88595E-01
  9.88403E-01  9.88364E-01  9.87339E-01  9.86774E-01  9.86341E-01  9.86401E-01
  9.85574E-01  9.84734E-01  9.84221E-01  9.83040E-01  9.81843E-01  9.81203E-01
  9.80240E-01  9.79582E-01  9.78641E-01  9.76726E-01  9.74856E-01  9.72996E-01
  9.71040E-01  9.69394E-01  9.67729E-01  9.65909E-01  9.64142E-01  9.60158E-01
  9.56726E-01  9.53152E-01  9.49718E-01  9.45999E-01  9.42470E-01  9.39010E-01
  9.35320E-01  9.28499E-01  9.21411E-01  9.14465E-01  9.07647E-01  9.00851E-01
  8.94039E-01  8.87358E-01  8.80746E-01  8.67395E-01  8.54365E-01  8.41465E-01
  8.28883E-01  8.16403E-01  8.04219E-01  7.92195E-01  7.80040E-01  7.56706E-01
  7.34203E-01  7.12499E-01  6.91597E-01  6.71229E-01  6.51570E-01  6.32505E-01
  6.14036E-01  5.78888E-01  5.46189E-01  5.15327E-01  4.86132E-01  4.58762E-01
  4.33213E-01  4.09260E-01  3.92561E-01  3.50793E-01  3.13770E-01  2.80938E-01
  2.51839E-01  2.26374E-01  2.03920E-01  1.84050E-01  1.67163E-01  1.38566E-01
  1.15892E-01  9.74964E-02  8.22560E-02  7.03877E-02  6.11676E-02  5.37782E-02
  4.72079E-02  3.66822E-02  3.03219E-02  2.44647E-02  1.83578E-02  1.22706E-02
  7.09285E-03  5.76678E-03  5.16680E-03  5.45960E-03  3.38759E-03  3.98374E-03
  4.65831E-03  7.72392E-03  9.35053E-03  9.35738E-03  7.61370E-03  5.50653E-03
 -3.31175E-03 -3.84616E-03  6.06614E-04  1.18294E-03  8.02720E-04 -3.13884E-03
 -3.03338E-04  1.73811E-03  4.02144E-03 -4.96225E-03 -1.01303E-05  5.56745E-03
 -1.74375E-03 -7.87966E-03 -3.96431E-03  3.51211E-03  2.24868E-03 -1.31479E-03
  1.64292E-03 -7.17030E-04  1.42367E-03  3.07274E-03  1.69642E-03 -3.87649E-03
 -1.59840E-03 -2.50223E-03 -3.77450E-03 -3.74962E-03  2.64780E-04 -2.06643E-03
  9.50416E-04  9.49858E-04 -3.29068E-03  4.54063E-04  1.61150E-03 -1.62474E-04
 -2.25061E-03  3.02896E-03  6.00469E-04 -1.60331E-03  1.18567E-04  2.52996E-04
 -2.58897E-04 -5.74702E-04 -1.69663E-03  3.43817E-05  5.98403E-04 -4.30714E-04
  2.06396E-03  1.21972E-03 -1.43408E-03 -7.52853E-04 -6.18008E-04  1.17927E-03
  5.67571E-04 -2.75081E-04  1.99717E-03  1.01285E-04 -1.91970E-03  1.14405E-03
 -1.27725E-03  1.26301E-03
