AutoSaveFileName0133.ASC
 IFORMY    0    .00
 (6E13.7)
 IFORMT    0    .00
 (6E13.7)
 IFORMW    0    .00
 (6E13.7)
 NINTT     0   -1.00
 DOUSNQ    0    1.00
 IQUAD          1.00
 PRWT      0    1.00
 PRY       0    1.00
 IPLRES    1    3.00
 IPLRES    2    3.00
 IPRINT    1    0.00
 IPRINT    2    2.00
 IPLFIT    1    0.00
 IPLFIT    2    0.00
 LINEPG    0   50.
 NONNEG    1    1.00
 IWT       0    5.00
 NQPROG    1    5.00
 NQPROG    2    5.00
 GMNMX     1    2.845E-05
 GMNMX     2    2.845E-02
 RUSER    10    -1.00
 NG        0    200.00
 NLINF     0    0.00
 IUSER    10    4.00
 RUSER    21    1.0
 RUSER    22   -1.0
 RUSER    23    0.0
 RUSER    18         291.93381
 RUSER    17         58.99900
 RUSER    19         1.03219
 RUSER    15         1.33200
 RUSER    16         632.80000
 RUSER    25         1
 RUSER    26         0
 END       0    0.00
 NY      131
  3.75000E-07  5.00000E-07  6.25000E-07  7.50000E-07  8.75000E-07  1.00000E-06
  1.12500E-06  1.25000E-06  1.37500E-06  1.50000E-06  1.62500E-06  1.75000E-06
  1.87500E-06  2.00000E-06  2.25000E-06  2.50000E-06  2.75000E-06  3.00000E-06
  3.25000E-06  3.50000E-06  3.75000E-06  4.00000E-06  4.50000E-06  5.00000E-06
  5.50000E-06  6.00000E-06  6.50000E-06  7.00000E-06  7.50000E-06  8.00000E-06
  9.00000E-06  1.00000E-05  1.10000E-05  1.20000E-05  1.30000E-05  1.40000E-05
  1.50000E-05  1.60000E-05  1.80000E-05  2.00000E-05  2.20000E-05  2.40000E-05
  2.60000E-05  2.80000E-05  3.00000E-05  3.20000E-05  3.60000E-05  4.00000E-05
  4.40000E-05  4.80000E-05  5.20000E-05  5.60000E-05  6.00000E-05  6.40000E-05
  7.20000E-05  8.00000E-05  8.80000E-05  9.60000E-05  1.04000E-04  1.12000E-04
  1.20000E-04  1.28000E-04  1.44000E-04  1.60000E-04  1.76000E-04  1.92000E-04
  2.08000E-04  2.24000E-04  2.40000E-04  2.56000E-04  2.88000E-04  3.20000E-04
  3.52000E-04  3.84000E-04  4.16000E-04  4.48000E-04  4.80000E-04  5.12000E-04
  5.76000E-04  6.40000E-04  7.04000E-04  7.68000E-04  8.32000E-04  8.96000E-04
  9.60000E-04  1.02400E-03  1.15200E-03  1.28000E-03  1.40800E-03  1.53600E-03
  1.66400E-03  1.79200E-03  1.92000E-03  2.01600E-03  2.27200E-03  2.52800E-03
  2.78400E-03  3.04000E-03  3.29600E-03  3.55200E-03  3.80800E-03  4.06400E-03
  4.57600E-03  5.08800E-03  5.60000E-03  6.11200E-03  6.62400E-03  7.13600E-03
  7.64800E-03  8.16000E-03  9.18400E-03  1.02080E-02  1.12320E-02  1.22560E-02
  1.32800E-02  1.43040E-02  1.53280E-02  1.63520E-02  1.84000E-02  2.04480E-02
  2.24960E-02  2.45440E-02  2.65920E-02  2.86400E-02  3.06880E-02  3.27360E-02
  3.68320E-02  4.09280E-02  4.50240E-02  4.91200E-02  5.32160E-02
  1.67329E+00  1.66867E+00  1.66858E+00  1.66018E+00  1.66483E+00  1.65839E+00
  1.66443E+00  1.66293E+00  1.66621E+00  1.66157E+00  1.66696E+00  1.66096E+00
  1.67441E+00  1.66795E+00  1.66591E+00  1.66521E+00  1.65898E+00  1.66259E+00
  1.66560E+00  1.66189E+00  1.66539E+00  1.66109E+00  1.66509E+00  1.66133E+00
  1.66076E+00  1.66312E+00  1.66655E+00  1.66377E+00  1.66119E+00  1.66032E+00
  1.66213E+00  1.65867E+00  1.65780E+00  1.65581E+00  1.65960E+00  1.65783E+00
  1.65780E+00  1.65662E+00  1.65725E+00  1.65498E+00  1.65441E+00  1.65285E+00
  1.65356E+00  1.65143E+00  1.65230E+00  1.65059E+00  1.64923E+00  1.64787E+00
  1.64609E+00  1.64463E+00  1.64314E+00  1.64178E+00  1.63994E+00  1.63717E+00
  1.63449E+00  1.63151E+00  1.62818E+00  1.62432E+00  1.62160E+00  1.61883E+00
  1.61582E+00  1.61248E+00  1.60564E+00  1.59956E+00  1.59237E+00  1.58640E+00
  1.57987E+00  1.57356E+00  1.56758E+00  1.56166E+00  1.54844E+00  1.53617E+00
  1.52412E+00  1.51252E+00  1.50006E+00  1.48822E+00  1.47637E+00  1.46501E+00
  1.44237E+00  1.41926E+00  1.39671E+00  1.37528E+00  1.35317E+00  1.33178E+00
  1.31099E+00  1.28758E+00  1.24703E+00  1.20796E+00  1.17008E+00  1.13289E+00
  1.09734E+00  1.06296E+00  1.03021E+00  1.01263E+00  9.50398E-01  8.92211E-01
  8.38429E-01  7.88003E-01  7.40832E-01  6.96812E-01  6.55599E-01  6.16311E-01
  5.43286E-01  4.77821E-01  4.18879E-01  3.66885E-01  3.21718E-01  2.82741E-01
  2.48626E-01  2.18588E-01  1.68525E-01  1.32470E-01  1.04992E-01  8.65280E-02
  7.38090E-02  6.63115E-02  5.79677E-02  5.50623E-02  4.67564E-02  3.14051E-02
  1.62697E-02  1.03414E-02  7.76202E-03  1.26746E-03 -7.23092E-03 -3.79211E-03
 -8.43563E-03 -1.15230E-02 -1.61138E-02 -2.35825E-02 -2.76211E-02
