AutoSaveFileName0038.ASC
 IFORMY    0    .00
 (6E13.7)
 IFORMT    0    .00
 (6E13.7)
 IFORMW    0    .00
 (6E13.7)
 NINTT     0   -1.00
 DOUSNQ    0    1.00
 IQUAD          1.00
 PRWT      0    1.00
 PRY       0    1.00
 IPLRES    1    3.00
 IPLRES    2    3.00
 IPRINT    1    0.00
 IPRINT    2    2.00
 IPLFIT    1    0.00
 IPLFIT    2    0.00
 LINEPG    0   50.
 NONNEG    1    1.00
 IWT       0    5.00
 NQPROG    1    5.00
 NQPROG    2    5.00
 GMNMX     1    1.023E-04
 GMNMX     2    1.023E-01
 RUSER    10    -1.00
 NG        0    200.00
 NLINF     0    0.00
 IUSER    10    4.00
 RUSER    21    1.0
 RUSER    22   -1.0
 RUSER    23    0.0
 RUSER    18         292.16783
 RUSER    17         29.99800
 RUSER    19         1.02623
 RUSER    15         1.33200
 RUSER    16         632.80000
 RUSER    25         1
 RUSER    26         0
 END       0    0.00
 NY      188
  5.00000E-07  6.25000E-07  7.50000E-07  8.75000E-07  1.00000E-06  1.12500E-06
  1.25000E-06  1.37500E-06  1.50000E-06  1.62500E-06  1.75000E-06  1.87500E-06
  2.00000E-06  2.25000E-06  2.50000E-06  2.75000E-06  3.00000E-06  3.25000E-06
  3.50000E-06  3.75000E-06  4.00000E-06  4.50000E-06  5.00000E-06  5.50000E-06
  6.00000E-06  6.50000E-06  7.00000E-06  7.50000E-06  8.00000E-06  9.00000E-06
  1.00000E-05  1.10000E-05  1.20000E-05  1.30000E-05  1.40000E-05  1.50000E-05
  1.60000E-05  1.80000E-05  2.00000E-05  2.20000E-05  2.40000E-05  2.60000E-05
  2.80000E-05  3.00000E-05  3.20000E-05  3.60000E-05  4.00000E-05  4.40000E-05
  4.80000E-05  5.20000E-05  5.60000E-05  6.00000E-05  6.40000E-05  7.20000E-05
  8.00000E-05  8.80000E-05  9.60000E-05  1.04000E-04  1.12000E-04  1.20000E-04
  1.28000E-04  1.44000E-04  1.60000E-04  1.76000E-04  1.92000E-04  2.08000E-04
  2.24000E-04  2.40000E-04  2.56000E-04  2.88000E-04  3.20000E-04  3.52000E-04
  3.84000E-04  4.16000E-04  4.48000E-04  4.80000E-04  5.12000E-04  5.76000E-04
  6.40000E-04  7.04000E-04  7.68000E-04  8.32000E-04  8.96000E-04  9.60000E-04
  1.02400E-03  1.15200E-03  1.28000E-03  1.40800E-03  1.53600E-03  1.66400E-03
  1.79200E-03  1.92000E-03  2.01600E-03  2.27200E-03  2.52800E-03  2.78400E-03
  3.04000E-03  3.29600E-03  3.55200E-03  3.80800E-03  4.06400E-03  4.57600E-03
  5.08800E-03  5.60000E-03  6.11200E-03  6.62400E-03  7.13600E-03  7.64800E-03
  8.16000E-03  9.18400E-03  1.02080E-02  1.12320E-02  1.22560E-02  1.32800E-02
  1.43040E-02  1.53280E-02  1.63520E-02  1.84000E-02  2.04480E-02  2.24960E-02
  2.45440E-02  2.65920E-02  2.86400E-02  3.06880E-02  3.27360E-02  3.68320E-02
  4.09280E-02  4.50240E-02  4.91200E-02  5.32160E-02  5.73120E-02  6.14080E-02
  6.55040E-02  7.36960E-02  8.18880E-02  9.00800E-02  9.82720E-02  1.06464E-01
  1.14656E-01  1.22848E-01  1.31040E-01  1.47424E-01  1.63808E-01  1.80192E-01
  1.96576E-01  2.12960E-01  2.29344E-01  2.45728E-01  2.62112E-01  2.94880E-01
  3.27648E-01  3.60416E-01  3.93184E-01  4.25952E-01  4.58720E-01  4.91488E-01
  5.24256E-01  5.89792E-01  6.55328E-01  7.20864E-01  7.86400E-01  8.51936E-01
  9.17472E-01  9.83008E-01  1.04854E+00  1.17962E+00  1.31069E+00  1.44176E+00
  1.57283E+00  1.70390E+00  1.83498E+00  1.96605E+00  2.09712E+00  2.35926E+00
  2.62141E+00  2.88355E+00  3.14570E+00  3.40784E+00  3.66998E+00  3.93213E+00
  4.19427E+00  4.71856E+00  5.24285E+00  5.76714E+00  6.29142E+00  6.81571E+00
  7.34000E+00  7.86429E+00
  9.97393E-01  9.96670E-01  9.96482E-01  9.94251E-01  9.95312E-01  9.93735E-01
  9.93510E-01  9.93332E-01  9.93124E-01  9.94407E-01  9.94167E-01  9.93533E-01
  9.93429E-01  9.93456E-01  9.93900E-01  9.93001E-01  9.93164E-01  9.93709E-01
  9.92913E-01  9.92104E-01  9.93117E-01  9.93006E-01  9.92567E-01  9.93307E-01
  9.92920E-01  9.93760E-01  9.92697E-01  9.92717E-01  9.92772E-01  9.92681E-01
  9.92799E-01  9.93059E-01  9.93214E-01  9.92935E-01  9.92841E-01  9.92580E-01
  9.92704E-01  9.92730E-01  9.92519E-01  9.92571E-01  9.92786E-01  9.92512E-01
  9.92551E-01  9.92195E-01  9.92230E-01  9.92042E-01  9.92226E-01  9.91960E-01
  9.91727E-01  9.91660E-01  9.91566E-01  9.91339E-01  9.91275E-01  9.91176E-01
  9.90968E-01  9.90643E-01  9.90373E-01  9.90145E-01  9.89843E-01  9.89633E-01
  9.89317E-01  9.88653E-01  9.88339E-01  9.87788E-01  9.87139E-01  9.86712E-01
  9.86039E-01  9.85623E-01  9.85075E-01  9.83958E-01  9.82890E-01  9.81904E-01
  9.80796E-01  9.79855E-01  9.78787E-01  9.77729E-01  9.75210E-01  9.73187E-01
  9.71038E-01  9.69003E-01  9.66874E-01  9.64823E-01  9.62738E-01  9.60704E-01
  9.58506E-01  9.54478E-01  9.50395E-01  9.46331E-01  9.42295E-01  9.38298E-01
  9.34318E-01  9.30331E-01  9.29510E-01  9.21628E-01  9.13764E-01  9.05948E-01
  8.98289E-01  8.90703E-01  8.83216E-01  8.75834E-01  8.68589E-01  8.54184E-01
  8.39981E-01  8.26105E-01  8.12556E-01  7.99234E-01  7.86171E-01  7.73251E-01
  7.60679E-01  7.36105E-01  7.12159E-01  6.88934E-01  6.66520E-01  6.45053E-01
  6.24442E-01  6.04567E-01  5.85424E-01  5.48634E-01  5.14109E-01  4.81915E-01
  4.52259E-01  4.24718E-01  3.98675E-01  3.74383E-01  3.52258E-01  3.11077E-01
  2.77031E-01  2.47591E-01  2.20096E-01  1.94260E-01  1.71922E-01  1.53411E-01
  1.36906E-01  1.10135E-01  9.25152E-02  7.66642E-02  6.35248E-02  5.52627E-02
  4.93759E-02  4.20720E-02  3.77181E-02  2.82121E-02  2.35963E-02  2.29617E-02
  2.13012E-02  1.41556E-02  9.11183E-03  4.91028E-03 -2.66142E-03 -3.89087E-03
  7.38428E-04  1.69831E-03 -5.22984E-04  6.06008E-03 -1.57543E-03 -1.68735E-02
 -2.21573E-02 -1.20246E-02 -1.73365E-02 -1.06904E-02 -1.16058E-02 -8.38427E-03
  3.39217E-03  7.97986E-03 -3.82928E-03  1.45273E-02 -7.32210E-03 -1.80145E-02
  1.12718E-03  1.18522E-02  1.24077E-02 -3.55658E-03 -1.04017E-02 -2.25578E-02
 -1.66594E-02 -6.24923E-03 -7.97160E-03 -1.72191E-04  7.03654E-03 -1.29223E-02
 -1.50701E-02 -1.21699E-03  8.33533E-03 -1.31930E-02  6.70951E-03  6.03345E-03
  6.89944E-03 -1.17174E-03
