AutoSaveFileName0310.ASC
 IFORMY    0    .00
 (6E13.7)
 IFORMT    0    .00
 (6E13.7)
 IFORMW    0    .00
 (6E13.7)
 NINTT     0   -1.00
 DOUSNQ    0    1.00
 IQUAD          1.00
 PRWT      0    1.00
 PRY       0    1.00
 IPLRES    1    3.00
 IPLRES    2    3.00
 IPRINT    1    0.00
 IPRINT    2    2.00
 IPLFIT    1    0.00
 IPLFIT    2    0.00
 LINEPG    0   50.
 NONNEG    1    1.00
 IWT       0    5.00
 NQPROG    1    5.00
 NQPROG    2    5.00
 GMNMX     1    9.321E-06
 GMNMX     2    9.321E-03
 RUSER    10    -1.00
 NG        0    200.00
 NLINF     0    0.00
 IUSER    10    4.00
 RUSER    21    1.0
 RUSER    22   -1.0
 RUSER    23    0.0
 RUSER    18         292.19426
 RUSER    17         117.99900
 RUSER    19         1.02556
 RUSER    15         1.33200
 RUSER    16         632.80000
 RUSER    25         1
 RUSER    26         0
 END       0    0.00
 NY      131
  3.75000E-07  5.00000E-07  6.25000E-07  7.50000E-07  8.75000E-07  1.00000E-06
  1.12500E-06  1.25000E-06  1.37500E-06  1.50000E-06  1.62500E-06  1.75000E-06
  1.87500E-06  2.00000E-06  2.25000E-06  2.50000E-06  2.75000E-06  3.00000E-06
  3.25000E-06  3.50000E-06  3.75000E-06  4.00000E-06  4.50000E-06  5.00000E-06
  5.50000E-06  6.00000E-06  6.50000E-06  7.00000E-06  7.50000E-06  8.00000E-06
  9.00000E-06  1.00000E-05  1.10000E-05  1.20000E-05  1.30000E-05  1.40000E-05
  1.50000E-05  1.60000E-05  1.80000E-05  2.00000E-05  2.20000E-05  2.40000E-05
  2.60000E-05  2.80000E-05  3.00000E-05  3.20000E-05  3.60000E-05  4.00000E-05
  4.40000E-05  4.80000E-05  5.20000E-05  5.60000E-05  6.00000E-05  6.40000E-05
  7.20000E-05  8.00000E-05  8.80000E-05  9.60000E-05  1.04000E-04  1.12000E-04
  1.20000E-04  1.28000E-04  1.44000E-04  1.60000E-04  1.76000E-04  1.92000E-04
  2.08000E-04  2.24000E-04  2.40000E-04  2.56000E-04  2.88000E-04  3.20000E-04
  3.52000E-04  3.84000E-04  4.16000E-04  4.48000E-04  4.80000E-04  5.12000E-04
  5.76000E-04  6.40000E-04  7.04000E-04  7.68000E-04  8.32000E-04  8.96000E-04
  9.60000E-04  1.02400E-03  1.15200E-03  1.28000E-03  1.40800E-03  1.53600E-03
  1.66400E-03  1.79200E-03  1.92000E-03  2.01600E-03  2.27200E-03  2.52800E-03
  2.78400E-03  3.04000E-03  3.29600E-03  3.55200E-03  3.80800E-03  4.06400E-03
  4.57600E-03  5.08800E-03  5.60000E-03  6.11200E-03  6.62400E-03  7.13600E-03
  7.64800E-03  8.16000E-03  9.18400E-03  1.02080E-02  1.12320E-02  1.22560E-02
  1.32800E-02  1.43040E-02  1.53280E-02  1.63520E-02  1.84000E-02  2.04480E-02
  2.24960E-02  2.45440E-02  2.65920E-02  2.86400E-02  3.06880E-02  3.27360E-02
  3.68320E-02  4.09280E-02  4.50240E-02  4.91200E-02  5.32160E-02
  1.64137E+00  1.63733E+00  1.63616E+00  1.63841E+00  1.63800E+00  1.63634E+00
  1.63643E+00  1.63268E+00  1.63435E+00  1.63509E+00  1.62850E+00  1.62412E+00
  1.62384E+00  1.62744E+00  1.62721E+00  1.63008E+00  1.63075E+00  1.62773E+00
  1.62766E+00  1.62562E+00  1.62599E+00  1.62734E+00  1.62559E+00  1.62768E+00
  1.62267E+00  1.62424E+00  1.62295E+00  1.62383E+00  1.62359E+00  1.62158E+00
  1.62122E+00  1.61874E+00  1.61821E+00  1.61763E+00  1.61758E+00  1.61384E+00
  1.61251E+00  1.61302E+00  1.60935E+00  1.60638E+00  1.60499E+00  1.60249E+00
  1.59896E+00  1.59559E+00  1.59444E+00  1.59302E+00  1.58740E+00  1.58144E+00
  1.57907E+00  1.57197E+00  1.56793E+00  1.56361E+00  1.55815E+00  1.55401E+00
  1.54448E+00  1.53473E+00  1.52605E+00  1.51609E+00  1.50664E+00  1.49779E+00
  1.48828E+00  1.47907E+00  1.46160E+00  1.44339E+00  1.42612E+00  1.40842E+00
  1.39153E+00  1.37463E+00  1.35771E+00  1.34103E+00  1.30884E+00  1.27674E+00
  1.24611E+00  1.21619E+00  1.18672E+00  1.15823E+00  1.13054E+00  1.10344E+00
  1.05130E+00  1.00178E+00  9.55264E-01  9.10559E-01  8.68086E-01  8.27536E-01
  7.89023E-01  7.52983E-01  6.84768E-01  6.22494E-01  5.66704E-01  5.16064E-01
  4.69419E-01  4.27721E-01  3.90737E-01  3.66289E-01  3.06454E-01  2.58417E-01
  2.17569E-01  1.83351E-01  1.54527E-01  1.29811E-01  1.09959E-01  9.39441E-02
  6.74462E-02  4.52556E-02  3.04144E-02  2.40333E-02  2.17777E-02  1.85309E-02
  1.73973E-02  1.36878E-02  6.08845E-03  5.17692E-03  4.61686E-03 -6.27696E-04
 -2.22885E-03 -2.06713E-03  2.78763E-03  6.03056E-03  7.09036E-03 -1.98233E-03
 -5.50364E-03 -4.00403E-03  3.98777E-03  3.78578E-03 -1.25655E-03 -4.59730E-03
 -1.56881E-02 -8.94356E-03  5.57615E-03  1.00477E-02  9.09970E-03
