AutoSaveFileName0087.ASC
 IFORMY    0    .00
 (6E13.7)
 IFORMT    0    .00
 (6E13.7)
 IFORMW    0    .00
 (6E13.7)
 NINTT     0   -1.00
 DOUSNQ    0    1.00
 IQUAD     0    1.00
 PRWT      0    1.00
 PRY       0    1.00
 IPLRES    1    3.00
 IPLRES    2    3.00
 IPRINT    1    0.00
 IPRINT    2    2.00
 IPLFIT    1    0.00
 IPLFIT    2    0.00
 LINEPG    0   50.
 NONNEG    1    1.00
 IWT       0    5.00
 NQPROG    1    5.00
 NQPROG    2    5.00
 GMNMX     1    1.26140E-02
 GMNMX     2    4.52809E-03
 RUSER    10    -1.00
 NG        0    500.00
 NLINF     0    1.00
 IUSER    10    4.00
 RUSER    21    1.0
 RUSER    22   -1.0
 RUSER    23    0.0
 RUSER    18         291.95342
 RUSER    17         54.99700
 RUSER    19         1.03169
 RUSER    15         1.33200
 RUSER    16         632.80000
 RUSER    25         1
 RUSER    26         0
 END       0    0.00
 NY      162
  7.50000E-07  8.75000E-07  1.00000E-06  1.12500E-06  1.25000E-06  1.37500E-06
  1.50000E-06  1.62500E-06  1.75000E-06  1.87500E-06  2.00000E-06  2.25000E-06
  2.50000E-06  2.75000E-06  3.00000E-06  3.25000E-06  3.50000E-06  3.75000E-06
  4.00000E-06  4.50000E-06  5.00000E-06  5.50000E-06  6.00000E-06  6.50000E-06
  7.00000E-06  7.50000E-06  8.00000E-06  9.00000E-06  1.00000E-05  1.10000E-05
  1.20000E-05  1.30000E-05  1.40000E-05  1.50000E-05  1.60000E-05  1.80000E-05
  2.00000E-05  2.20000E-05  2.40000E-05  2.60000E-05  2.80000E-05  3.00000E-05
  3.20000E-05  3.60000E-05  4.00000E-05  4.40000E-05  4.80000E-05  5.20000E-05
  5.60000E-05  6.00000E-05  6.40000E-05  7.20000E-05  8.00000E-05  8.80000E-05
  9.60000E-05  1.04000E-04  1.12000E-04  1.20000E-04  1.28000E-04  1.44000E-04
  1.60000E-04  1.76000E-04  1.92000E-04  2.08000E-04  2.24000E-04  2.40000E-04
  2.56000E-04  2.88000E-04  3.20000E-04  3.52000E-04  3.84000E-04  4.16000E-04
  4.48000E-04  4.80000E-04  5.12000E-04  5.76000E-04  6.40000E-04  7.04000E-04
  7.68000E-04  8.32000E-04  8.96000E-04  9.60000E-04  1.02400E-03  1.15200E-03
  1.28000E-03  1.40800E-03  1.53600E-03  1.66400E-03  1.79200E-03  1.92000E-03
  2.01600E-03  2.27200E-03  2.52800E-03  2.78400E-03  3.04000E-03  3.29600E-03
  3.55200E-03  3.80800E-03  4.06400E-03  4.57600E-03  5.08800E-03  5.60000E-03
  6.11200E-03  6.62400E-03  7.13600E-03  7.64800E-03  8.16000E-03  9.18400E-03
  1.02080E-02  1.12320E-02  1.22560E-02  1.32800E-02  1.43040E-02  1.53280E-02
  1.63520E-02  1.84000E-02  2.04480E-02  2.24960E-02  2.45440E-02  2.65920E-02
  2.86400E-02  3.06880E-02  3.27360E-02  3.68320E-02  4.09280E-02  4.50240E-02
  4.91200E-02  5.32160E-02  5.73120E-02  6.14080E-02  6.55040E-02  7.36960E-02
  8.18880E-02  9.00800E-02  9.82720E-02  1.06464E-01  1.14656E-01  1.22848E-01
  1.31040E-01  1.47424E-01  1.63808E-01  1.80192E-01  1.96576E-01  2.12960E-01
  2.29344E-01  2.45728E-01  2.62112E-01  2.94880E-01  3.27648E-01  3.60416E-01
  3.93184E-01  4.25952E-01  4.58720E-01  4.91488E-01  5.24256E-01  5.89792E-01
  6.55328E-01  7.20864E-01  7.86400E-01  8.51936E-01  9.17472E-01  9.83008E-01
  1.00000E+00  9.99531E-01  9.98720E-01  9.96623E-01  9.96321E-01  9.97479E-01
  9.97781E-01  9.95322E-01  9.95403E-01  9.95672E-01  9.94807E-01  9.93734E-01
  9.94557E-01  9.93727E-01  9.94209E-01  9.94631E-01  9.91388E-01  9.91663E-01
  9.93126E-01  9.91642E-01  9.90662E-01  9.89163E-01  9.89929E-01  9.89016E-01
  9.87279E-01  9.87012E-01  9.86537E-01  9.84784E-01  9.83633E-01  9.82403E-01
  9.81327E-01  9.79143E-01  9.78078E-01  9.76744E-01  9.75381E-01  9.73183E-01
  9.70615E-01  9.67377E-01  9.64875E-01  9.62644E-01  9.59288E-01  9.57303E-01
  9.54194E-01  9.49169E-01  9.43731E-01  9.38345E-01  9.33129E-01  9.27795E-01
  9.23162E-01  9.17991E-01  9.12781E-01  9.02796E-01  8.92983E-01  8.82522E-01
  8.73293E-01  8.63754E-01  8.54002E-01  8.44706E-01  8.35505E-01  8.17296E-01
  7.99754E-01  7.82451E-01  7.65272E-01  7.48770E-01  7.32222E-01  7.16428E-01
  7.00937E-01  6.70901E-01  6.42091E-01  6.14845E-01  5.88790E-01  5.63838E-01
  5.39818E-01  5.17204E-01  4.95690E-01  4.54775E-01  4.17399E-01  3.83282E-01
  3.52088E-01  3.23425E-01  2.97223E-01  2.73199E-01  2.50804E-01  2.11840E-01
  1.79100E-01  1.51833E-01  1.28791E-01  1.09760E-01  9.37577E-02  8.01222E-02
  7.18408E-02  5.32432E-02  4.06914E-02  3.17858E-02  2.48146E-02  1.93281E-02
  1.51815E-02  1.19866E-02  9.24838E-03  4.58610E-03 -2.77162E-04 -2.19931E-03
 -7.37016E-04  6.55955E-04  6.39228E-04  1.18711E-03 -5.89473E-04 -6.35709E-04
  1.77925E-03  2.46018E-03  3.80748E-04 -8.99891E-04  1.09371E-03 -5.89622E-04
 -1.39810E-03 -1.71906E-03  1.04598E-04 -1.48798E-03 -2.71811E-03 -9.54820E-04
 -1.13366E-03  7.39427E-04 -1.47077E-03 -1.72642E-03 -3.90990E-04 -1.17769E-03
 -3.90631E-04  7.59228E-04  1.48875E-03 -4.75997E-03 -6.81324E-04 -6.08014E-06
 -3.60089E-04 -9.27379E-04 -1.23563E-03 -4.45811E-05  1.80879E-03  1.09209E-03
  1.44540E-03 -5.33836E-04  1.15813E-03  2.03440E-03  2.59712E-04 -5.35316E-04
  6.65431E-04  7.36672E-05  4.20214E-05 -3.61828E-06 -7.63480E-04  8.36784E-05
 -1.09447E-03 -3.32674E-04 -2.58788E-04 -7.69682E-04 -9.81281E-04 -5.92729E-04
 -4.24798E-04  5.92861E-04 -7.22276E-04 -4.26740E-04  1.42428E-05 -6.50595E-04
