AutoSaveFileName0098.ASC
 IFORMY    0    .00
 (6E13.7)
 IFORMT    0    .00
 (6E13.7)
 IFORMW    0    .00
 (6E13.7)
 NINTT     0   -1.00
 DOUSNQ    0    1.00
 IQUAD          1.00
 PRWT      0    1.00
 PRY       0    1.00
 IPLRES    1    3.00
 IPLRES    2    3.00
 IPRINT    1    0.00
 IPRINT    2    2.00
 IPLFIT    1    0.00
 IPLFIT    2    0.00
 LINEPG    0   50.
 NONNEG    1    1.00
 IWT       0    5.00
 NQPROG    1    5.00
 NQPROG    2    5.00
 GMNMX     1    4.344E-05
 GMNMX     2    4.344E-02
 RUSER    10    -1.00
 NG        0    200.00
 NLINF     0    0.00
 IUSER    10    4.00
 RUSER    21    1.0
 RUSER    22   -1.0
 RUSER    23    0.0
 RUSER    18         291.89154
 RUSER    17         46.99900
 RUSER    19         1.03327
 RUSER    15         1.33200
 RUSER    16         632.80000
 RUSER    25         1
 RUSER    26         0
 END       0    0.00
 NY      131
  3.75000E-07  5.00000E-07  6.25000E-07  7.50000E-07  8.75000E-07  1.00000E-06
  1.12500E-06  1.25000E-06  1.37500E-06  1.50000E-06  1.62500E-06  1.75000E-06
  1.87500E-06  2.00000E-06  2.25000E-06  2.50000E-06  2.75000E-06  3.00000E-06
  3.25000E-06  3.50000E-06  3.75000E-06  4.00000E-06  4.50000E-06  5.00000E-06
  5.50000E-06  6.00000E-06  6.50000E-06  7.00000E-06  7.50000E-06  8.00000E-06
  9.00000E-06  1.00000E-05  1.10000E-05  1.20000E-05  1.30000E-05  1.40000E-05
  1.50000E-05  1.60000E-05  1.80000E-05  2.00000E-05  2.20000E-05  2.40000E-05
  2.60000E-05  2.80000E-05  3.00000E-05  3.20000E-05  3.60000E-05  4.00000E-05
  4.40000E-05  4.80000E-05  5.20000E-05  5.60000E-05  6.00000E-05  6.40000E-05
  7.20000E-05  8.00000E-05  8.80000E-05  9.60000E-05  1.04000E-04  1.12000E-04
  1.20000E-04  1.28000E-04  1.44000E-04  1.60000E-04  1.76000E-04  1.92000E-04
  2.08000E-04  2.24000E-04  2.40000E-04  2.56000E-04  2.88000E-04  3.20000E-04
  3.52000E-04  3.84000E-04  4.16000E-04  4.48000E-04  4.80000E-04  5.12000E-04
  5.76000E-04  6.40000E-04  7.04000E-04  7.68000E-04  8.32000E-04  8.96000E-04
  9.60000E-04  1.02400E-03  1.15200E-03  1.28000E-03  1.40800E-03  1.53600E-03
  1.66400E-03  1.79200E-03  1.92000E-03  2.01600E-03  2.27200E-03  2.52800E-03
  2.78400E-03  3.04000E-03  3.29600E-03  3.55200E-03  3.80800E-03  4.06400E-03
  4.57600E-03  5.08800E-03  5.60000E-03  6.11200E-03  6.62400E-03  7.13600E-03
  7.64800E-03  8.16000E-03  9.18400E-03  1.02080E-02  1.12320E-02  1.22560E-02
  1.32800E-02  1.43040E-02  1.53280E-02  1.63520E-02  1.84000E-02  2.04480E-02
  2.24960E-02  2.45440E-02  2.65920E-02  2.86400E-02  3.06880E-02  3.27360E-02
  3.68320E-02  4.09280E-02  4.50240E-02  4.91200E-02  5.32160E-02
  2.33598E+00  2.33868E+00  2.33892E+00  2.33100E+00  2.33274E+00  2.32176E+00
  2.33181E+00  2.31771E+00  2.32060E+00  2.33105E+00  2.32662E+00  2.31837E+00
  2.32768E+00  2.32321E+00  2.32495E+00  2.31608E+00  2.31778E+00  2.33419E+00
  2.32227E+00  2.31532E+00  2.31724E+00  2.32338E+00  2.32011E+00  2.32409E+00
  2.31744E+00  2.31826E+00  2.31797E+00  2.32157E+00  2.32464E+00  2.32223E+00
  2.31881E+00  2.31859E+00  2.32119E+00  2.31953E+00  2.31977E+00  2.31964E+00
  2.31749E+00  2.31662E+00  2.31668E+00  2.31494E+00  2.31638E+00  2.31667E+00
  2.31388E+00  2.31467E+00  2.31485E+00  2.31254E+00  2.31087E+00  2.30827E+00
  2.30555E+00  2.30660E+00  2.30406E+00  2.30225E+00  2.30170E+00  2.30112E+00
  2.29838E+00  2.29426E+00  2.29170E+00  2.28789E+00  2.28557E+00  2.28165E+00
  2.27903E+00  2.27660E+00  2.27101E+00  2.26494E+00  2.25869E+00  2.25344E+00
  2.24715E+00  2.24149E+00  2.23507E+00  2.22922E+00  2.21749E+00  2.20640E+00
  2.19459E+00  2.18348E+00  2.17194E+00  2.16031E+00  2.14969E+00  2.09758E+00
  2.07535E+00  2.05388E+00  2.03227E+00  2.01127E+00  1.99020E+00  1.96948E+00
  1.94897E+00  1.56165E+00  1.52679E+00  1.49250E+00  1.45839E+00  1.42627E+00
  1.39509E+00  1.36439E+00  1.33471E+00  1.67255E+00  1.60626E+00  1.54265E+00
  1.48189E+00  1.42394E+00  1.36879E+00  1.31569E+00  1.26523E+00  1.21777E+00
  1.12789E+00  1.04599E+00  9.69375E-01  8.97393E-01  8.30378E-01  7.68631E-01
  7.11692E-01  6.59359E-01  5.62887E-01  4.80049E-01  4.10720E-01  3.50949E-01
  2.97435E-01  2.51619E-01  2.15013E-01  1.90436E-01  1.49456E-01  1.15074E-01
  9.02364E-02  7.65367E-02  6.01166E-02  4.80713E-02  4.02036E-02  3.35676E-02
  2.32541E-02  3.17177E-03 -1.21140E-02 -2.60991E-02 -3.49273E-02
