AutoSaveFileName0229.ASC
 IFORMY    0    .00
 (6E13.7)
 IFORMT    0    .00
 (6E13.7)
 IFORMW    0    .00
 (6E13.7)
 NINTT     0   -1.00
 DOUSNQ    0    1.00
 IQUAD     0    1.00
 PRWT      0    1.00
 PRY       0    1.00
 IPLRES    1    3.00
 IPLRES    2    3.00
 IPRINT    1    0.00
 IPRINT    2    2.00
 IPLFIT    1    0.00
 IPLFIT    2    0.00
 LINEPG    0   50.
 NONNEG    1    1.00
 IWT       0    5.00
 NQPROG    1    5.00
 NQPROG    2    5.00
 GMNMX     1    3.40336E-03
 GMNMX     2    1.22172E-03
 RUSER    10    -1.00
 NG        0    500.00
 NLINF     0    1.00
 IUSER    10    4.00
 RUSER    21    1.0
 RUSER    22   -1.0
 RUSER    23    0.0
 RUSER    18         292.10504
 RUSER    17         124.99900
 RUSER    19         1.02782
 RUSER    15         1.33200
 RUSER    16         632.80000
 RUSER    25         1
 RUSER    26         0
 END       0    0.00
 NY      162
  7.50000E-07  8.75000E-07  1.00000E-06  1.12500E-06  1.25000E-06  1.37500E-06
  1.50000E-06  1.62500E-06  1.75000E-06  1.87500E-06  2.00000E-06  2.25000E-06
  2.50000E-06  2.75000E-06  3.00000E-06  3.25000E-06  3.50000E-06  3.75000E-06
  4.00000E-06  4.50000E-06  5.00000E-06  5.50000E-06  6.00000E-06  6.50000E-06
  7.00000E-06  7.50000E-06  8.00000E-06  9.00000E-06  1.00000E-05  1.10000E-05
  1.20000E-05  1.30000E-05  1.40000E-05  1.50000E-05  1.60000E-05  1.80000E-05
  2.00000E-05  2.20000E-05  2.40000E-05  2.60000E-05  2.80000E-05  3.00000E-05
  3.20000E-05  3.60000E-05  4.00000E-05  4.40000E-05  4.80000E-05  5.20000E-05
  5.60000E-05  6.00000E-05  6.40000E-05  7.20000E-05  8.00000E-05  8.80000E-05
  9.60000E-05  1.04000E-04  1.12000E-04  1.20000E-04  1.28000E-04  1.44000E-04
  1.60000E-04  1.76000E-04  1.92000E-04  2.08000E-04  2.24000E-04  2.40000E-04
  2.56000E-04  2.88000E-04  3.20000E-04  3.52000E-04  3.84000E-04  4.16000E-04
  4.48000E-04  4.80000E-04  5.12000E-04  5.76000E-04  6.40000E-04  7.04000E-04
  7.68000E-04  8.32000E-04  8.96000E-04  9.60000E-04  1.02400E-03  1.15200E-03
  1.28000E-03  1.40800E-03  1.53600E-03  1.66400E-03  1.79200E-03  1.92000E-03
  2.01600E-03  2.27200E-03  2.52800E-03  2.78400E-03  3.04000E-03  3.29600E-03
  3.55200E-03  3.80800E-03  4.06400E-03  4.57600E-03  5.08800E-03  5.60000E-03
  6.11200E-03  6.62400E-03  7.13600E-03  7.64800E-03  8.16000E-03  9.18400E-03
  1.02080E-02  1.12320E-02  1.22560E-02  1.32800E-02  1.43040E-02  1.53280E-02
  1.63520E-02  1.84000E-02  2.04480E-02  2.24960E-02  2.45440E-02  2.65920E-02
  2.86400E-02  3.06880E-02  3.27360E-02  3.68320E-02  4.09280E-02  4.50240E-02
  4.91200E-02  5.32160E-02  5.73120E-02  6.14080E-02  6.55040E-02  7.36960E-02
  8.18880E-02  9.00800E-02  9.82720E-02  1.06464E-01  1.14656E-01  1.22848E-01
  1.31040E-01  1.47424E-01  1.63808E-01  1.80192E-01  1.96576E-01  2.12960E-01
  2.29344E-01  2.45728E-01  2.62112E-01  2.94880E-01  3.27648E-01  3.60416E-01
  3.93184E-01  4.25952E-01  4.58720E-01  4.91488E-01  5.24256E-01  5.89792E-01
  6.55328E-01  7.20864E-01  7.86400E-01  8.51936E-01  9.17472E-01  9.83008E-01
  1.00000E+00  9.97153E-01  9.96010E-01  9.95874E-01  9.96740E-01  9.93539E-01
  9.90996E-01  9.93434E-01  9.92638E-01  9.90416E-01  9.88372E-01  9.89072E-01
  9.86745E-01  9.84751E-01  9.83836E-01  9.83194E-01  9.80529E-01  9.80846E-01
  9.79362E-01  9.76897E-01  9.73383E-01  9.71328E-01  9.68809E-01  9.66219E-01
  9.62695E-01  9.60062E-01  9.58079E-01  9.54368E-01  9.48286E-01  9.43810E-01
  9.38144E-01  9.33549E-01  9.28423E-01  9.22760E-01  9.18432E-01  9.08652E-01
  8.98379E-01  8.89872E-01  8.79800E-01  8.71125E-01  8.62151E-01  8.52288E-01
  8.43367E-01  8.25761E-01  8.08706E-01  7.91300E-01  7.74900E-01  7.59034E-01
  7.42710E-01  7.26981E-01  7.12144E-01  6.82265E-01  6.54163E-01  6.26847E-01
  6.00817E-01  5.75922E-01  5.51835E-01  5.29016E-01  5.07305E-01  4.65947E-01
  4.28095E-01  3.93372E-01  3.61483E-01  3.31971E-01  3.05275E-01  2.80534E-01
  2.58397E-01  2.18340E-01  1.84258E-01  1.55375E-01  1.31190E-01  1.10610E-01
  9.34863E-02  7.88340E-02  6.73803E-02  4.87974E-02  3.56493E-02  2.58928E-02
  1.89695E-02  1.39514E-02  1.03605E-02  8.13426E-03  6.05899E-03  3.08684E-03
  2.21554E-03  2.49186E-03  3.25256E-03  2.67483E-03  1.42979E-03  3.85071E-04
 -1.75962E-04 -9.63003E-04 -9.83363E-04 -7.81443E-06  7.92404E-04  1.09063E-03
  7.87484E-04  7.14539E-04 -2.37591E-04 -3.11801E-04  7.40457E-05  1.87119E-03
 -5.47989E-04 -1.55891E-03 -9.13263E-04 -6.91298E-04 -1.38315E-03 -1.19524E-03
 -3.91958E-04  9.11086E-04  2.72525E-04 -1.61910E-04  6.29460E-04  1.30438E-03
 -1.03092E-04 -2.13165E-04  1.30542E-04  5.06141E-05 -9.53027E-04  2.47693E-04
  3.12278E-04 -3.83163E-04 -3.54750E-05  7.94942E-05 -6.77044E-04 -2.31956E-05
 -2.43035E-05  5.10885E-04  9.28648E-05 -9.80264E-05 -2.71160E-05 -9.95387E-05
  2.58888E-04 -2.88097E-04 -1.96373E-05  4.41381E-05 -2.01994E-04 -1.67217E-04
  1.95322E-04 -1.43404E-04 -4.00213E-04 -5.86054E-06  1.05645E-05  4.35705E-04
 -2.33258E-04  2.42088E-04  6.75932E-05  1.04715E-04  1.39724E-05  4.59459E-05
  6.30172E-05 -2.33821E-04 -3.14919E-05 -1.26234E-05 -3.41256E-05 -1.08829E-04
 -6.72359E-05 -4.20472E-05  1.92523E-05 -8.54285E-05 -4.52093E-05  1.12925E-04
