AutoSaveFileName0046.ASC
 IFORMY    0    .00
 (6E13.7)
 IFORMT    0    .00
 (6E13.7)
 IFORMW    0    .00
 (6E13.7)
 NINTT     0   -1.00
 DOUSNQ    0    1.00
 IQUAD          1.00
 PRWT      0    1.00
 PRY       0    1.00
 IPLRES    1    3.00
 IPLRES    2    3.00
 IPRINT    1    0.00
 IPRINT    2    2.00
 IPLFIT    1    0.00
 IPLFIT    2    0.00
 LINEPG    0   50.
 NONNEG    1    1.00
 IWT       0    5.00
 NQPROG    1    5.00
 NQPROG    2    5.00
 GMNMX     1    1.033E-04
 GMNMX     2    1.033E-01
 RUSER    10    -1.00
 NG        0    200.00
 NLINF     0    0.00
 IUSER    10    4.00
 RUSER    21    1.0
 RUSER    22   -1.0
 RUSER    23    0.0
 RUSER    18         291.83786
 RUSER    17         29.99900
 RUSER    19         1.03465
 RUSER    15         1.33200
 RUSER    16         632.80000
 RUSER    25         1
 RUSER    26         0
 END       0    0.00
 NY      131
  3.75000E-07  5.00000E-07  6.25000E-07  7.50000E-07  8.75000E-07  1.00000E-06
  1.12500E-06  1.25000E-06  1.37500E-06  1.50000E-06  1.62500E-06  1.75000E-06
  1.87500E-06  2.00000E-06  2.25000E-06  2.50000E-06  2.75000E-06  3.00000E-06
  3.25000E-06  3.50000E-06  3.75000E-06  4.00000E-06  4.50000E-06  5.00000E-06
  5.50000E-06  6.00000E-06  6.50000E-06  7.00000E-06  7.50000E-06  8.00000E-06
  9.00000E-06  1.00000E-05  1.10000E-05  1.20000E-05  1.30000E-05  1.40000E-05
  1.50000E-05  1.60000E-05  1.80000E-05  2.00000E-05  2.20000E-05  2.40000E-05
  2.60000E-05  2.80000E-05  3.00000E-05  3.20000E-05  3.60000E-05  4.00000E-05
  4.40000E-05  4.80000E-05  5.20000E-05  5.60000E-05  6.00000E-05  6.40000E-05
  7.20000E-05  8.00000E-05  8.80000E-05  9.60000E-05  1.04000E-04  1.12000E-04
  1.20000E-04  1.28000E-04  1.44000E-04  1.60000E-04  1.76000E-04  1.92000E-04
  2.08000E-04  2.24000E-04  2.40000E-04  2.56000E-04  2.88000E-04  3.20000E-04
  3.52000E-04  3.84000E-04  4.16000E-04  4.48000E-04  4.80000E-04  5.12000E-04
  5.76000E-04  6.40000E-04  7.04000E-04  7.68000E-04  8.32000E-04  8.96000E-04
  9.60000E-04  1.02400E-03  1.15200E-03  1.28000E-03  1.40800E-03  1.53600E-03
  1.66400E-03  1.79200E-03  1.92000E-03  2.01600E-03  2.27200E-03  2.52800E-03
  2.78400E-03  3.04000E-03  3.29600E-03  3.55200E-03  3.80800E-03  4.06400E-03
  4.57600E-03  5.08800E-03  5.60000E-03  6.11200E-03  6.62400E-03  7.13600E-03
  7.64800E-03  8.16000E-03  9.18400E-03  1.02080E-02  1.12320E-02  1.22560E-02
  1.32800E-02  1.43040E-02  1.53280E-02  1.63520E-02  1.84000E-02  2.04480E-02
  2.24960E-02  2.45440E-02  2.65920E-02  2.86400E-02  3.06880E-02  3.27360E-02
  3.68320E-02  4.09280E-02  4.50240E-02  4.91200E-02  5.32160E-02
  1.67117E+00  1.66989E+00  1.66589E+00  1.66399E+00  1.66772E+00  1.66155E+00
  1.66568E+00  1.66523E+00  1.66374E+00  1.66328E+00  1.66367E+00  1.65902E+00
  1.66528E+00  1.66419E+00  1.66281E+00  1.66360E+00  1.66189E+00  1.65868E+00
  1.66013E+00  1.66091E+00  1.66182E+00  1.66212E+00  1.66268E+00  1.66215E+00
  1.66413E+00  1.66291E+00  1.66026E+00  1.66423E+00  1.66150E+00  1.66146E+00
  1.66378E+00  1.66204E+00  1.66193E+00  1.66062E+00  1.66191E+00  1.66157E+00
  1.66116E+00  1.66113E+00  1.66096E+00  1.65997E+00  1.66153E+00  1.66061E+00
  1.66100E+00  1.66005E+00  1.65957E+00  1.66033E+00  1.65921E+00  1.65902E+00
  1.65778E+00  1.65762E+00  1.65661E+00  1.65728E+00  1.65620E+00  1.65580E+00
  1.65482E+00  1.65411E+00  1.65248E+00  1.65210E+00  1.65106E+00  1.65035E+00
  1.64961E+00  1.64889E+00  1.64659E+00  1.64492E+00  1.64290E+00  1.64072E+00
  1.63922E+00  1.63717E+00  1.63509E+00  1.63398E+00  1.63022E+00  1.62657E+00
  1.62303E+00  1.61904E+00  1.61527E+00  1.61203E+00  1.60811E+00  1.60542E+00
  1.59756E+00  1.59064E+00  1.58321E+00  1.57568E+00  1.56858E+00  1.56120E+00
  1.55391E+00  1.51583E+00  1.50168E+00  1.48793E+00  1.47396E+00  1.46019E+00
  1.44632E+00  1.43251E+00  1.41909E+00  1.44365E+00  1.41655E+00  1.38980E+00
  1.36393E+00  1.33889E+00  1.31405E+00  1.28964E+00  1.26538E+00  1.24259E+00
  1.19648E+00  1.15213E+00  1.10936E+00  1.06793E+00  1.02835E+00  9.90171E-01
  9.53761E-01  9.20379E-01  8.55694E-01  7.94539E-01  7.37777E-01  6.86371E-01
  6.39098E-01  5.95073E-01  5.53211E-01  5.15446E-01  4.45062E-01  3.83366E-01
  3.30186E-01  2.84960E-01  2.47790E-01  2.13560E-01  1.84133E-01  1.62158E-01
  1.33073E-01  1.11369E-01  9.56504E-02  8.34364E-02  7.37600E-02
