AutoSaveFileName0210.ASC
 IFORMY    0    .00
 (6E13.7)
 IFORMT    0    .00
 (6E13.7)
 IFORMW    0    .00
 (6E13.7)
 NINTT     0   -1.00
 DOUSNQ    0    1.00
 IQUAD          1.00
 PRWT      0    1.00
 PRY       0    1.00
 IPLRES    1    3.00
 IPLRES    2    3.00
 IPRINT    1    0.00
 IPRINT    2    2.00
 IPLFIT    1    0.00
 IPLFIT    2    0.00
 LINEPG    0   50.
 NONNEG    1    1.00
 IWT       0    5.00
 NQPROG    1    5.00
 NQPROG    2    5.00
 GMNMX     1    9.121E-06
 GMNMX     2    9.121E-03
 RUSER    10    -1.00
 NG        0    200.00
 NLINF     0    0.00
 IUSER    10    4.00
 RUSER    21    1.0
 RUSER    22   -1.0
 RUSER    23    0.0
 RUSER    18         292.23549
 RUSER    17         119.99900
 RUSER    19         1.02451
 RUSER    15         1.33200
 RUSER    16         632.80000
 RUSER    25         1
 RUSER    26         0
 END       0    0.00
 NY      188
  5.00000E-07  6.25000E-07  7.50000E-07  8.75000E-07  1.00000E-06  1.12500E-06
  1.25000E-06  1.37500E-06  1.50000E-06  1.62500E-06  1.75000E-06  1.87500E-06
  2.00000E-06  2.25000E-06  2.50000E-06  2.75000E-06  3.00000E-06  3.25000E-06
  3.50000E-06  3.75000E-06  4.00000E-06  4.50000E-06  5.00000E-06  5.50000E-06
  6.00000E-06  6.50000E-06  7.00000E-06  7.50000E-06  8.00000E-06  9.00000E-06
  1.00000E-05  1.10000E-05  1.20000E-05  1.30000E-05  1.40000E-05  1.50000E-05
  1.60000E-05  1.80000E-05  2.00000E-05  2.20000E-05  2.40000E-05  2.60000E-05
  2.80000E-05  3.00000E-05  3.20000E-05  3.60000E-05  4.00000E-05  4.40000E-05
  4.80000E-05  5.20000E-05  5.60000E-05  6.00000E-05  6.40000E-05  7.20000E-05
  8.00000E-05  8.80000E-05  9.60000E-05  1.04000E-04  1.12000E-04  1.20000E-04
  1.28000E-04  1.44000E-04  1.60000E-04  1.76000E-04  1.92000E-04  2.08000E-04
  2.24000E-04  2.40000E-04  2.56000E-04  2.88000E-04  3.20000E-04  3.52000E-04
  3.84000E-04  4.16000E-04  4.48000E-04  4.80000E-04  5.12000E-04  5.76000E-04
  6.40000E-04  7.04000E-04  7.68000E-04  8.32000E-04  8.96000E-04  9.60000E-04
  1.02400E-03  1.15200E-03  1.28000E-03  1.40800E-03  1.53600E-03  1.66400E-03
  1.79200E-03  1.92000E-03  2.01600E-03  2.27200E-03  2.52800E-03  2.78400E-03
  3.04000E-03  3.29600E-03  3.55200E-03  3.80800E-03  4.06400E-03  4.57600E-03
  5.08800E-03  5.60000E-03  6.11200E-03  6.62400E-03  7.13600E-03  7.64800E-03
  8.16000E-03  9.18400E-03  1.02080E-02  1.12320E-02  1.22560E-02  1.32800E-02
  1.43040E-02  1.53280E-02  1.63520E-02  1.84000E-02  2.04480E-02  2.24960E-02
  2.45440E-02  2.65920E-02  2.86400E-02  3.06880E-02  3.27360E-02  3.68320E-02
  4.09280E-02  4.50240E-02  4.91200E-02  5.32160E-02  5.73120E-02  6.14080E-02
  6.55040E-02  7.36960E-02  8.18880E-02  9.00800E-02  9.82720E-02  1.06464E-01
  1.14656E-01  1.22848E-01  1.31040E-01  1.47424E-01  1.63808E-01  1.80192E-01
  1.96576E-01  2.12960E-01  2.29344E-01  2.45728E-01  2.62112E-01  2.94880E-01
  3.27648E-01  3.60416E-01  3.93184E-01  4.25952E-01  4.58720E-01  4.91488E-01
  5.24256E-01  5.89792E-01  6.55328E-01  7.20864E-01  7.86400E-01  8.51936E-01
  9.17472E-01  9.83008E-01  1.04854E+00  1.17962E+00  1.31069E+00  1.44176E+00
  1.57283E+00  1.70390E+00  1.83498E+00  1.96605E+00  2.09712E+00  2.35926E+00
  2.62141E+00  2.88355E+00  3.14570E+00  3.40784E+00  3.66998E+00  3.93213E+00
  4.19427E+00  4.71856E+00  5.24285E+00  5.76714E+00  6.29142E+00  6.81571E+00
  7.34000E+00  7.86429E+00
  9.92282E-01  9.96545E-01  9.92866E-01  9.92135E-01  9.89965E-01  9.88585E-01
  9.90762E-01  9.91684E-01  9.93161E-01  9.91035E-01  9.90417E-01  9.93473E-01
  9.91826E-01  9.89843E-01  9.91436E-01  9.92109E-01  9.89900E-01  9.90376E-01
  9.88599E-01  9.90682E-01  9.90490E-01  9.89429E-01  9.87631E-01  9.89278E-01
  9.89695E-01  9.88429E-01  9.89558E-01  9.89159E-01  9.89194E-01  9.89477E-01
  9.88037E-01  9.87309E-01  9.86871E-01  9.87435E-01  9.87405E-01  9.85808E-01
  9.85743E-01  9.84688E-01  9.84451E-01  9.82214E-01  9.82728E-01  9.81725E-01
  9.80744E-01  9.79938E-01  9.78758E-01  9.77778E-01  9.76182E-01  9.75314E-01
  9.73034E-01  9.71712E-01  9.70127E-01  9.68497E-01  9.67035E-01  9.63928E-01
  9.60977E-01  9.57733E-01  9.54133E-01  9.51332E-01  9.48020E-01  9.45173E-01
  9.42088E-01  9.36150E-01  9.30248E-01  9.24091E-01  9.18691E-01  9.12522E-01
  9.06230E-01  9.00580E-01  8.94614E-01  8.83159E-01  8.71728E-01  8.60607E-01
  8.49212E-01  8.38509E-01  8.27630E-01  8.16654E-01  8.06097E-01  7.85550E-01
  7.65673E-01  7.46024E-01  7.27104E-01  7.08580E-01  6.90404E-01  6.72999E-01
  6.55110E-01  6.21953E-01  5.90387E-01  5.60329E-01  5.31357E-01  5.03794E-01
  4.77621E-01  4.52753E-01  4.39012E-01  3.95133E-01  3.55467E-01  3.19254E-01
  2.86363E-01  2.56803E-01  2.30030E-01  2.06286E-01  1.86044E-01  1.50477E-01
  1.23142E-01  1.03154E-01  8.73992E-02  7.52478E-02  6.50835E-02  5.65960E-02
  4.85152E-02  3.41970E-02  2.07555E-02  1.15866E-02  6.71192E-03  2.78722E-03
 -7.35818E-03 -1.44507E-02 -1.41497E-02 -5.01635E-03  1.39829E-03 -7.85831E-03
 -7.13202E-03 -2.98199E-03 -1.29054E-04 -3.26495E-03 -6.08229E-03 -1.64340E-02
 -1.73374E-02 -2.33438E-02 -1.57220E-02 -1.32483E-02 -1.43724E-02 -8.48052E-03
 -3.48930E-03 -5.92616E-03 -8.77512E-03 -1.28767E-02 -5.66287E-03 -8.90961E-03
 -4.23193E-03  9.64135E-03  8.89878E-03 -1.03457E-03  5.70249E-03 -1.45443E-02
  4.86571E-03 -5.86255E-03 -1.51663E-03 -2.57205E-03 -9.36662E-04 -2.02568E-03
 -3.87998E-04 -8.21729E-03  4.61731E-03  4.13639E-03  2.27990E-03 -1.44273E-03
  2.05568E-03 -5.23461E-03  3.25188E-04  1.62141E-03  4.32717E-03 -3.53658E-03
  2.04613E-03 -1.02234E-02  1.33024E-03  3.55144E-03 -3.00066E-04 -2.70938E-03
  2.90367E-03 -5.34667E-03  5.16390E-04  6.28081E-04  1.64116E-03 -2.85729E-03
  5.47690E-04 -8.96977E-04  8.08357E-05  2.30990E-04  8.84627E-05  1.03006E-04
  9.05779E-04 -6.76013E-04 -6.72379E-04  1.44157E-04  4.81801E-04  2.92597E-03
 -8.39273E-05 -6.04876E-04
