AutoSaveFileName0012.ASC
 IFORMY    0    .00
 (6E13.7)
 IFORMT    0    .00
 (6E13.7)
 IFORMW    0    .00
 (6E13.7)
 NINTT     0   -1.00
 DOUSNQ    0    1.00
 IQUAD          1.00
 PRWT      0    1.00
 PRY       0    1.00
 IPLRES    1    3.00
 IPLRES    2    3.00
 IPRINT    1    0.00
 IPRINT    2    2.00
 IPLFIT    1    0.00
 IPLFIT    2    0.00
 LINEPG    0   50.
 NONNEG    1    1.00
 IWT       0    5.00
 NQPROG    1    5.00
 NQPROG    2    5.00
 GMNMX     1    2.274E-04
 GMNMX     2    2.274E-01
 RUSER    10    -1.00
 NG        0    200.00
 NLINF     0    0.00
 IUSER    10    4.00
 RUSER    21    1.0
 RUSER    22   -1.0
 RUSER    23    0.0
 RUSER    18         292.15475
 RUSER    17         19.99800
 RUSER    19         1.02656
 RUSER    15         1.33200
 RUSER    16         632.80000
 RUSER    25         1
 RUSER    26         0
 END       0    0.00
 NY      188
  5.00000E-07  6.25000E-07  7.50000E-07  8.75000E-07  1.00000E-06  1.12500E-06
  1.25000E-06  1.37500E-06  1.50000E-06  1.62500E-06  1.75000E-06  1.87500E-06
  2.00000E-06  2.25000E-06  2.50000E-06  2.75000E-06  3.00000E-06  3.25000E-06
  3.50000E-06  3.75000E-06  4.00000E-06  4.50000E-06  5.00000E-06  5.50000E-06
  6.00000E-06  6.50000E-06  7.00000E-06  7.50000E-06  8.00000E-06  9.00000E-06
  1.00000E-05  1.10000E-05  1.20000E-05  1.30000E-05  1.40000E-05  1.50000E-05
  1.60000E-05  1.80000E-05  2.00000E-05  2.20000E-05  2.40000E-05  2.60000E-05
  2.80000E-05  3.00000E-05  3.20000E-05  3.60000E-05  4.00000E-05  4.40000E-05
  4.80000E-05  5.20000E-05  5.60000E-05  6.00000E-05  6.40000E-05  7.20000E-05
  8.00000E-05  8.80000E-05  9.60000E-05  1.04000E-04  1.12000E-04  1.20000E-04
  1.28000E-04  1.44000E-04  1.60000E-04  1.76000E-04  1.92000E-04  2.08000E-04
  2.24000E-04  2.40000E-04  2.56000E-04  2.88000E-04  3.20000E-04  3.52000E-04
  3.84000E-04  4.16000E-04  4.48000E-04  4.80000E-04  5.12000E-04  5.76000E-04
  6.40000E-04  7.04000E-04  7.68000E-04  8.32000E-04  8.96000E-04  9.60000E-04
  1.02400E-03  1.15200E-03  1.28000E-03  1.40800E-03  1.53600E-03  1.66400E-03
  1.79200E-03  1.92000E-03  2.01600E-03  2.27200E-03  2.52800E-03  2.78400E-03
  3.04000E-03  3.29600E-03  3.55200E-03  3.80800E-03  4.06400E-03  4.57600E-03
  5.08800E-03  5.60000E-03  6.11200E-03  6.62400E-03  7.13600E-03  7.64800E-03
  8.16000E-03  9.18400E-03  1.02080E-02  1.12320E-02  1.22560E-02  1.32800E-02
  1.43040E-02  1.53280E-02  1.63520E-02  1.84000E-02  2.04480E-02  2.24960E-02
  2.45440E-02  2.65920E-02  2.86400E-02  3.06880E-02  3.27360E-02  3.68320E-02
  4.09280E-02  4.50240E-02  4.91200E-02  5.32160E-02  5.73120E-02  6.14080E-02
  6.55040E-02  7.36960E-02  8.18880E-02  9.00800E-02  9.82720E-02  1.06464E-01
  1.14656E-01  1.22848E-01  1.31040E-01  1.47424E-01  1.63808E-01  1.80192E-01
  1.96576E-01  2.12960E-01  2.29344E-01  2.45728E-01  2.62112E-01  2.94880E-01
  3.27648E-01  3.60416E-01  3.93184E-01  4.25952E-01  4.58720E-01  4.91488E-01
  5.24256E-01  5.89792E-01  6.55328E-01  7.20864E-01  7.86400E-01  8.51936E-01
  9.17472E-01  9.83008E-01  1.04854E+00  1.17962E+00  1.31069E+00  1.44176E+00
  1.57283E+00  1.70390E+00  1.83498E+00  1.96605E+00  2.09712E+00  2.35926E+00
  2.62141E+00  2.88355E+00  3.14570E+00  3.40784E+00  3.66998E+00  3.93213E+00
  4.19427E+00  4.71856E+00  5.24285E+00  5.76714E+00  6.29142E+00  6.81571E+00
  7.34000E+00  7.86429E+00
  9.99569E-01  9.98749E-01  9.98932E-01  9.98123E-01  9.98241E-01  9.98088E-01
  9.98289E-01  9.98318E-01  9.97633E-01  9.98283E-01  9.97934E-01  9.97569E-01
  9.97327E-01  9.97663E-01  9.97474E-01  9.97622E-01  9.97108E-01  9.97362E-01
  9.97285E-01  9.96972E-01  9.97138E-01  9.96919E-01  9.96630E-01  9.96252E-01
  9.96329E-01  9.96199E-01  9.95922E-01  9.95609E-01  9.95603E-01  9.95054E-01
  9.94801E-01  9.94523E-01  9.94075E-01  9.93709E-01  9.93485E-01  9.92977E-01
  9.92664E-01  9.92015E-01  9.91844E-01  9.91702E-01  9.91307E-01  9.91095E-01
  9.90687E-01  9.90434E-01  9.90162E-01  9.89590E-01  9.89206E-01  9.88746E-01
  9.88362E-01  9.87849E-01  9.87447E-01  9.87011E-01  9.86556E-01  9.85789E-01
  9.84992E-01  9.84207E-01  9.83411E-01  9.82779E-01  9.82000E-01  9.81274E-01
  9.80643E-01  9.79315E-01  9.78046E-01  9.76937E-01  9.75762E-01  9.74635E-01
  9.73590E-01  9.72522E-01  9.71501E-01  9.69583E-01  9.67754E-01  9.65989E-01
  9.64331E-01  9.62667E-01  9.61067E-01  9.59775E-01  9.61085E-01  9.60861E-01
  9.60005E-01  9.58589E-01  9.56806E-01  9.54924E-01  9.52994E-01  9.51017E-01
  9.50120E-01  9.47399E-01  9.44378E-01  9.41114E-01  9.38806E-01  9.36074E-01
  9.32645E-01  9.29393E-01  9.24938E-01  9.20034E-01  9.15389E-01  9.10520E-01
  9.05339E-01  9.00375E-01  8.95583E-01  8.90638E-01  8.85615E-01  8.76338E-01
  8.66866E-01  8.57736E-01  8.49669E-01  8.40728E-01  8.32424E-01  8.23944E-01
  8.15906E-01  7.99942E-01  7.84439E-01  7.69738E-01  7.54966E-01  7.40720E-01
  7.27004E-01  7.13602E-01  7.00813E-01  6.76257E-01  6.53795E-01  6.30885E-01
  6.08973E-01  5.87382E-01  5.66413E-01  5.47036E-01  5.28656E-01  4.92323E-01
  4.59920E-01  4.30458E-01  4.03416E-01  3.77575E-01  3.53320E-01  3.33281E-01
  3.13199E-01  2.77661E-01  2.44759E-01  2.11777E-01  1.84369E-01  1.63762E-01
  1.48080E-01  1.31296E-01  1.07761E-01  7.16334E-02  4.07864E-02  1.08749E-02
 -8.66276E-03 -2.22657E-02 -2.78564E-02 -2.64662E-02 -2.23517E-02 -2.61480E-02
 -2.08929E-02 -3.31725E-04  3.03012E-03 -3.19401E-03 -3.20373E-03  1.09128E-02
  1.83633E-02  2.34995E-02  5.98704E-03  6.69871E-03  2.23049E-03 -2.65391E-02
 -4.92522E-02 -2.81582E-02  2.44570E-03 -1.17813E-02 -5.59239E-02 -9.22843E-02
 -3.46964E-02 -9.60707E-04  2.15722E-02  2.49348E-02  3.03195E-02 -1.21165E-02
  1.75546E-03  3.69995E-02 -2.12116E-02  2.54752E-03 -1.00383E-02  4.18128E-02
 -5.44863E-02 -1.55237E-02 -1.16752E-02  4.84135E-02  5.31220E-02 -2.14115E-02
 -2.01339E-02 -5.03287E-03
