AutoSaveFileName0082.ASC
 IFORMY    0    .00
 (6E13.7)
 IFORMT    0    .00
 (6E13.7)
 IFORMW    0    .00
 (6E13.7)
 NINTT     0   -1.00
 DOUSNQ    0    1.00
 IQUAD          1.00
 PRWT      0    1.00
 PRY       0    1.00
 IPLRES    1    3.00
 IPLRES    2    3.00
 IPRINT    1    0.00
 IPRINT    2    2.00
 IPLFIT    1    0.00
 IPLFIT    2    0.00
 LINEPG    0   50.
 NONNEG    1    1.00
 IWT       0    5.00
 NQPROG    1    5.00
 NQPROG    2    5.00
 GMNMX     1    3.213E-05
 GMNMX     2    3.213E-02
 RUSER    10    -1.00
 NG        0    200.00
 NLINF     0    0.00
 IUSER    10    4.00
 RUSER    21    1.0
 RUSER    22   -1.0
 RUSER    23    0.0
 RUSER    18         292.18823
 RUSER    17         54.99800
 RUSER    19         1.02571
 RUSER    15         1.33200
 RUSER    16         632.80000
 RUSER    25         1
 RUSER    26         0
 END       0    0.00
 NY      188
  5.00000E-07  6.25000E-07  7.50000E-07  8.75000E-07  1.00000E-06  1.12500E-06
  1.25000E-06  1.37500E-06  1.50000E-06  1.62500E-06  1.75000E-06  1.87500E-06
  2.00000E-06  2.25000E-06  2.50000E-06  2.75000E-06  3.00000E-06  3.25000E-06
  3.50000E-06  3.75000E-06  4.00000E-06  4.50000E-06  5.00000E-06  5.50000E-06
  6.00000E-06  6.50000E-06  7.00000E-06  7.50000E-06  8.00000E-06  9.00000E-06
  1.00000E-05  1.10000E-05  1.20000E-05  1.30000E-05  1.40000E-05  1.50000E-05
  1.60000E-05  1.80000E-05  2.00000E-05  2.20000E-05  2.40000E-05  2.60000E-05
  2.80000E-05  3.00000E-05  3.20000E-05  3.60000E-05  4.00000E-05  4.40000E-05
  4.80000E-05  5.20000E-05  5.60000E-05  6.00000E-05  6.40000E-05  7.20000E-05
  8.00000E-05  8.80000E-05  9.60000E-05  1.04000E-04  1.12000E-04  1.20000E-04
  1.28000E-04  1.44000E-04  1.60000E-04  1.76000E-04  1.92000E-04  2.08000E-04
  2.24000E-04  2.40000E-04  2.56000E-04  2.88000E-04  3.20000E-04  3.52000E-04
  3.84000E-04  4.16000E-04  4.48000E-04  4.80000E-04  5.12000E-04  5.76000E-04
  6.40000E-04  7.04000E-04  7.68000E-04  8.32000E-04  8.96000E-04  9.60000E-04
  1.02400E-03  1.15200E-03  1.28000E-03  1.40800E-03  1.53600E-03  1.66400E-03
  1.79200E-03  1.92000E-03  2.01600E-03  2.27200E-03  2.52800E-03  2.78400E-03
  3.04000E-03  3.29600E-03  3.55200E-03  3.80800E-03  4.06400E-03  4.57600E-03
  5.08800E-03  5.60000E-03  6.11200E-03  6.62400E-03  7.13600E-03  7.64800E-03
  8.16000E-03  9.18400E-03  1.02080E-02  1.12320E-02  1.22560E-02  1.32800E-02
  1.43040E-02  1.53280E-02  1.63520E-02  1.84000E-02  2.04480E-02  2.24960E-02
  2.45440E-02  2.65920E-02  2.86400E-02  3.06880E-02  3.27360E-02  3.68320E-02
  4.09280E-02  4.50240E-02  4.91200E-02  5.32160E-02  5.73120E-02  6.14080E-02
  6.55040E-02  7.36960E-02  8.18880E-02  9.00800E-02  9.82720E-02  1.06464E-01
  1.14656E-01  1.22848E-01  1.31040E-01  1.47424E-01  1.63808E-01  1.80192E-01
  1.96576E-01  2.12960E-01  2.29344E-01  2.45728E-01  2.62112E-01  2.94880E-01
  3.27648E-01  3.60416E-01  3.93184E-01  4.25952E-01  4.58720E-01  4.91488E-01
  5.24256E-01  5.89792E-01  6.55328E-01  7.20864E-01  7.86400E-01  8.51936E-01
  9.17472E-01  9.83008E-01  1.04854E+00  1.17962E+00  1.31069E+00  1.44176E+00
  1.57283E+00  1.70390E+00  1.83498E+00  1.96605E+00  2.09712E+00  2.35926E+00
  2.62141E+00  2.88355E+00  3.14570E+00  3.40784E+00  3.66998E+00  3.93213E+00
  4.19427E+00  4.71856E+00  5.24285E+00  5.76714E+00  6.29142E+00  6.81571E+00
  7.34000E+00  7.86429E+00
  9.96988E-01  9.96561E-01  9.92674E-01  9.94747E-01  9.93072E-01  9.94642E-01
  9.95003E-01  9.94261E-01  9.94399E-01  9.91924E-01  9.93671E-01  9.94638E-01
  9.93101E-01  9.92996E-01  9.91241E-01  9.93604E-01  9.92468E-01  9.91656E-01
  9.92313E-01  9.91279E-01  9.91471E-01  9.91719E-01  9.91396E-01  9.92217E-01
  9.92464E-01  9.92091E-01  9.92066E-01  9.92590E-01  9.91388E-01  9.91681E-01
  9.91576E-01  9.91710E-01  9.91790E-01  9.91379E-01  9.91819E-01  9.91597E-01
  9.91417E-01  9.90629E-01  9.90927E-01  9.90655E-01  9.89934E-01  9.90303E-01
  9.89871E-01  9.89783E-01  9.89880E-01  9.89301E-01  9.88736E-01  9.88439E-01
  9.88200E-01  9.87718E-01  9.87190E-01  9.86960E-01  9.86445E-01  9.85695E-01
  9.84677E-01  9.84145E-01  9.83186E-01  9.82398E-01  9.81397E-01  9.80597E-01
  9.79876E-01  9.78230E-01  9.76617E-01  9.75269E-01  9.73333E-01  9.71884E-01
  9.70137E-01  9.68478E-01  9.67029E-01  9.63820E-01  9.60679E-01  9.57428E-01
  9.54320E-01  9.51040E-01  9.47911E-01  9.44539E-01  9.41590E-01  9.35260E-01
  9.29061E-01  9.22823E-01  9.16699E-01  9.10546E-01  9.04459E-01  8.98385E-01
  8.35895E-01  8.24639E-01  8.13551E-01  8.02451E-01  7.91622E-01  7.81024E-01
  7.70531E-01  7.60025E-01  8.05835E-01  7.84895E-01  7.64679E-01  7.45025E-01
  7.25797E-01  7.07157E-01  6.88977E-01  6.71220E-01  6.54150E-01  6.21330E-01
  5.90248E-01  5.60645E-01  5.32571E-01  5.05720E-01  4.80323E-01  4.56442E-01
  4.34106E-01  3.90989E-01  3.51951E-01  3.17227E-01  2.86078E-01  2.56369E-01
  2.28647E-01  2.02771E-01  1.80526E-01  1.41919E-01  1.10407E-01  8.47871E-02
  6.56932E-02  5.04740E-02  3.79708E-02  2.80979E-02  1.82254E-02 -6.22809E-04
 -1.64436E-02 -2.05550E-02 -2.34292E-02 -2.35618E-02 -2.17343E-02 -1.98892E-02
 -1.72271E-02 -1.34665E-02 -1.43356E-02  1.79230E-03  1.91856E-02  2.61791E-02
  1.79898E-02  1.77361E-02  2.19214E-02  1.68768E-02  4.30520E-04 -1.59714E-02
 -2.72168E-02 -4.88085E-03  7.45376E-03  2.37923E-02  4.20899E-03 -1.14817E-03
  2.53415E-03  6.33809E-03 -2.06023E-02 -1.42906E-02 -2.34845E-03  1.03801E-02
 -1.45395E-02 -1.55725E-02  8.94263E-03 -7.09875E-03  1.00568E-02 -1.34258E-02
  8.00695E-04 -7.84346E-03 -3.69390E-03  2.77631E-03  2.05377E-03 -2.39973E-03
 -6.68736E-03  3.04512E-03 -3.18342E-03  8.80130E-03 -3.67848E-03 -5.81782E-03
 -6.04692E-03 -6.11088E-03  9.08698E-04  2.72192E-03 -7.33425E-03 -9.59158E-03
  1.80592E-03  2.26435E-03  1.58414E-03  7.54554E-04  1.37332E-03 -2.79907E-04
 -6.63324E-03  6.54167E-04
