AutoSaveFileName0009.ASC
 IFORMY    0    .00
 (6E13.7)
 IFORMT    0    .00
 (6E13.7)
 IFORMW    0    .00
 (6E13.7)
 NINTT     0   -1.00
 DOUSNQ    0    1.00
 IQUAD          1.00
 PRWT      0    1.00
 PRY       0    1.00
 IPLRES    1    3.00
 IPLRES    2    3.00
 IPRINT    1    0.00
 IPRINT    2    2.00
 IPLFIT    1    0.00
 IPLFIT    2    0.00
 LINEPG    0   50.
 NONNEG    1    1.00
 IWT       0    5.00
 NQPROG    1    5.00
 NQPROG    2    5.00
 GMNMX     1    4.052E-04
 GMNMX     2    1.215E-01
 RUSER    10    -1.00
 NG        0    200.00
 NLINF     0    0.00
 IUSER    10    4.00
 RUSER    21    1.0
 RUSER    22   -1.0
 RUSER    23    0.0
 RUSER    18         291.90088
 RUSER    17         15.00300
 RUSER    19         0.00103
 RUSER    15         1.33200
 RUSER    16         0.00000
 RUSER    25         1
 RUSER    26         0
 END       0    0.00
 NY      131
  3.75000E-07  5.00000E-07  6.25000E-07  7.50000E-07  8.75000E-07  1.00000E-06
  1.12500E-06  1.25000E-06  1.37500E-06  1.50000E-06  1.62500E-06  1.75000E-06
  1.87500E-06  2.00000E-06  2.25000E-06  2.50000E-06  2.75000E-06  3.00000E-06
  3.25000E-06  3.50000E-06  3.75000E-06  4.00000E-06  4.50000E-06  5.00000E-06
  5.50000E-06  6.00000E-06  6.50000E-06  7.00000E-06  7.50000E-06  8.00000E-06
  9.00000E-06  1.00000E-05  1.10000E-05  1.20000E-05  1.30000E-05  1.40000E-05
  1.50000E-05  1.60000E-05  1.80000E-05  2.00000E-05  2.20000E-05  2.40000E-05
  2.60000E-05  2.80000E-05  3.00000E-05  3.20000E-05  3.60000E-05  4.00000E-05
  4.40000E-05  4.80000E-05  5.20000E-05  5.60000E-05  6.00000E-05  6.40000E-05
  7.20000E-05  8.00000E-05  8.80000E-05  9.60000E-05  1.04000E-04  1.12000E-04
  1.20000E-04  1.28000E-04  1.44000E-04  1.60000E-04  1.76000E-04  1.92000E-04
  2.08000E-04  2.24000E-04  2.40000E-04  2.56000E-04  2.88000E-04  3.20000E-04
  3.52000E-04  3.84000E-04  4.16000E-04  4.48000E-04  4.80000E-04  5.12000E-04
  5.76000E-04  6.40000E-04  7.04000E-04  7.68000E-04  8.32000E-04  8.96000E-04
  9.60000E-04  1.02400E-03  1.15200E-03  1.28000E-03  1.40800E-03  1.53600E-03
  1.66400E-03  1.79200E-03  1.92000E-03  2.01600E-03  2.27200E-03  2.52800E-03
  2.78400E-03  3.04000E-03  3.29600E-03  3.55200E-03  3.80800E-03  4.06400E-03
  4.57600E-03  5.08800E-03  5.60000E-03  6.11200E-03  6.62400E-03  7.13600E-03
  7.64800E-03  8.16000E-03  9.18400E-03  1.02080E-02  1.12320E-02  1.22560E-02
  1.32800E-02  1.43040E-02  1.53280E-02  1.63520E-02  1.84000E-02  2.04480E-02
  2.24960E-02  2.45440E-02  2.65920E-02  2.86400E-02  3.06880E-02  3.27360E-02
  3.68320E-02  4.09280E-02  4.50240E-02  4.91200E-02  5.32160E-02
  5.10967E+00  5.09285E+00  5.08924E+00  5.07211E+00  5.05923E+00  5.06247E+00
  5.04730E+00  5.06441E+00  5.05758E+00  5.04272E+00  5.06008E+00  5.05880E+00
  5.03937E+00  5.05104E+00  5.04461E+00  5.04519E+00  5.05153E+00  5.04890E+00
  5.05736E+00  5.04812E+00  5.04630E+00  5.04949E+00  5.04385E+00  5.04809E+00
  5.04896E+00  5.04923E+00  5.04873E+00  5.04826E+00  5.04528E+00  5.04947E+00
  5.04858E+00  5.05101E+00  5.04913E+00  5.04501E+00  5.05273E+00  5.04607E+00
  5.04863E+00  5.04996E+00  5.04652E+00  5.04763E+00  5.04697E+00  5.04805E+00
  5.04801E+00  5.04675E+00  5.04446E+00  5.04475E+00  5.04603E+00  5.04327E+00
  5.04439E+00  5.04339E+00  5.04225E+00  5.04152E+00  5.04195E+00  5.03995E+00
  5.03874E+00  5.03718E+00  5.03769E+00  5.03602E+00  5.03250E+00  5.03102E+00
  5.03011E+00  5.02874E+00  5.02605E+00  5.02323E+00  5.01951E+00  5.01645E+00
  5.01520E+00  5.01192E+00  5.00924E+00  5.00593E+00  5.00073E+00  4.99551E+00
  4.99031E+00  4.98592E+00  4.98117E+00  4.97618E+00  4.96970E+00  4.96545E+00
  4.95567E+00  4.94623E+00  4.93662E+00  4.92781E+00  4.91880E+00  4.90923E+00
  4.89962E+00  4.89154E+00  4.87369E+00  4.85659E+00  4.83902E+00  4.82165E+00
  4.80549E+00  4.78789E+00  4.77156E+00  4.76413E+00  4.73140E+00  4.69884E+00
  4.66756E+00  4.63648E+00  4.60622E+00  4.57585E+00  4.54622E+00  4.51702E+00
  4.45943E+00  4.40355E+00  4.34923E+00  4.29651E+00  4.24530E+00  4.19562E+00
  4.14695E+00  4.09944E+00  4.00865E+00  3.92367E+00  3.84292E+00  3.76671E+00
  3.69460E+00  3.62703E+00  3.56256E+00  3.50034E+00  3.38521E+00  3.27868E+00
  3.18351E+00  3.09911E+00  3.02004E+00  2.94717E+00  2.87972E+00  2.81840E+00
  2.71006E+00  2.61530E+00  2.52990E+00  2.45197E+00  2.38648E+00
