AutoSaveFileName0193.ASC
 IFORMY    0    .00
 (6E13.7)
 IFORMT    0    .00
 (6E13.7)
 IFORMW    0    .00
 (6E13.7)
 NINTT     0   -1.00
 DOUSNQ    0    1.00
 IQUAD          1.00
 PRWT      0    1.00
 PRY       0    1.00
 IPLRES    1    3.00
 IPLRES    2    3.00
 IPRINT    1    0.00
 IPRINT    2    2.00
 IPLFIT    1    0.00
 IPLFIT    2    0.00
 LINEPG    0   50.
 NONNEG    1    1.00
 IWT       0    5.00
 NQPROG    1    5.00
 NQPROG    2    5.00
 GMNMX     1    1.020E-05
 GMNMX     2    1.020E-02
 RUSER    10    -1.00
 NG        0    200.00
 NLINF     0    0.00
 IUSER    10    4.00
 RUSER    21    1.0
 RUSER    22   -1.0
 RUSER    23    0.0
 RUSER    18         292.23203
 RUSER    17         109.99900
 RUSER    19         1.02460
 RUSER    15         1.33200
 RUSER    16         632.80000
 RUSER    25         1
 RUSER    26         0
 END       0    0.00
 NY      188
  5.00000E-07  6.25000E-07  7.50000E-07  8.75000E-07  1.00000E-06  1.12500E-06
  1.25000E-06  1.37500E-06  1.50000E-06  1.62500E-06  1.75000E-06  1.87500E-06
  2.00000E-06  2.25000E-06  2.50000E-06  2.75000E-06  3.00000E-06  3.25000E-06
  3.50000E-06  3.75000E-06  4.00000E-06  4.50000E-06  5.00000E-06  5.50000E-06
  6.00000E-06  6.50000E-06  7.00000E-06  7.50000E-06  8.00000E-06  9.00000E-06
  1.00000E-05  1.10000E-05  1.20000E-05  1.30000E-05  1.40000E-05  1.50000E-05
  1.60000E-05  1.80000E-05  2.00000E-05  2.20000E-05  2.40000E-05  2.60000E-05
  2.80000E-05  3.00000E-05  3.20000E-05  3.60000E-05  4.00000E-05  4.40000E-05
  4.80000E-05  5.20000E-05  5.60000E-05  6.00000E-05  6.40000E-05  7.20000E-05
  8.00000E-05  8.80000E-05  9.60000E-05  1.04000E-04  1.12000E-04  1.20000E-04
  1.28000E-04  1.44000E-04  1.60000E-04  1.76000E-04  1.92000E-04  2.08000E-04
  2.24000E-04  2.40000E-04  2.56000E-04  2.88000E-04  3.20000E-04  3.52000E-04
  3.84000E-04  4.16000E-04  4.48000E-04  4.80000E-04  5.12000E-04  5.76000E-04
  6.40000E-04  7.04000E-04  7.68000E-04  8.32000E-04  8.96000E-04  9.60000E-04
  1.02400E-03  1.15200E-03  1.28000E-03  1.40800E-03  1.53600E-03  1.66400E-03
  1.79200E-03  1.92000E-03  2.01600E-03  2.27200E-03  2.52800E-03  2.78400E-03
  3.04000E-03  3.29600E-03  3.55200E-03  3.80800E-03  4.06400E-03  4.57600E-03
  5.08800E-03  5.60000E-03  6.11200E-03  6.62400E-03  7.13600E-03  7.64800E-03
  8.16000E-03  9.18400E-03  1.02080E-02  1.12320E-02  1.22560E-02  1.32800E-02
  1.43040E-02  1.53280E-02  1.63520E-02  1.84000E-02  2.04480E-02  2.24960E-02
  2.45440E-02  2.65920E-02  2.86400E-02  3.06880E-02  3.27360E-02  3.68320E-02
  4.09280E-02  4.50240E-02  4.91200E-02  5.32160E-02  5.73120E-02  6.14080E-02
  6.55040E-02  7.36960E-02  8.18880E-02  9.00800E-02  9.82720E-02  1.06464E-01
  1.14656E-01  1.22848E-01  1.31040E-01  1.47424E-01  1.63808E-01  1.80192E-01
  1.96576E-01  2.12960E-01  2.29344E-01  2.45728E-01  2.62112E-01  2.94880E-01
  3.27648E-01  3.60416E-01  3.93184E-01  4.25952E-01  4.58720E-01  4.91488E-01
  5.24256E-01  5.89792E-01  6.55328E-01  7.20864E-01  7.86400E-01  8.51936E-01
  9.17472E-01  9.83008E-01  1.04854E+00  1.17962E+00  1.31069E+00  1.44176E+00
  1.57283E+00  1.70390E+00  1.83498E+00  1.96605E+00  2.09712E+00  2.35926E+00
  2.62141E+00  2.88355E+00  3.14570E+00  3.40784E+00  3.66998E+00  3.93213E+00
  4.19427E+00  4.71856E+00  5.24285E+00  5.76714E+00  6.29142E+00  6.81571E+00
  7.34000E+00  7.86429E+00
  9.92277E-01  9.88219E-01  9.87132E-01  9.93943E-01  9.90739E-01  9.89106E-01
  9.87488E-01  9.86352E-01  9.87454E-01  9.86868E-01  9.84722E-01  9.88108E-01
  9.87417E-01  9.87967E-01  9.83660E-01  9.86039E-01  9.89185E-01  9.86466E-01
  9.84477E-01  9.83906E-01  9.84980E-01  9.84830E-01  9.83589E-01  9.85226E-01
  9.85729E-01  9.83918E-01  9.83319E-01  9.84044E-01  9.83645E-01  9.84458E-01
  9.84449E-01  9.82644E-01  9.83537E-01  9.81643E-01  9.82432E-01  9.80547E-01
  9.81180E-01  9.81787E-01  9.79230E-01  9.78868E-01  9.77723E-01  9.77610E-01
  9.76744E-01  9.76999E-01  9.76296E-01  9.73911E-01  9.72139E-01  9.71455E-01
  9.69797E-01  9.68735E-01  9.66709E-01  9.64987E-01  9.64014E-01  9.61190E-01
  9.58065E-01  9.55195E-01  9.52453E-01  9.49718E-01  9.47140E-01  9.44540E-01
  9.41384E-01  9.35828E-01  9.29968E-01  9.24274E-01  9.18764E-01  9.13315E-01
  9.07347E-01  9.02249E-01  8.96668E-01  8.85531E-01  8.74913E-01  8.64451E-01
  8.53999E-01  8.43780E-01  8.33757E-01  8.23637E-01  8.13617E-01  7.94097E-01
  7.74663E-01  7.56014E-01  7.37707E-01  7.19638E-01  7.02242E-01  6.84874E-01
  6.44179E-01  6.13068E-01  5.83166E-01  5.54903E-01  5.28157E-01  5.02694E-01
  4.78458E-01  4.55709E-01  4.56446E-01  4.14311E-01  3.76379E-01  3.42145E-01
  3.11230E-01  2.82927E-01  2.57401E-01  2.34563E-01  2.14562E-01  1.79177E-01
  1.50979E-01  1.27408E-01  1.08711E-01  9.30023E-02  8.02536E-02  6.94062E-02
  6.04979E-02  4.57922E-02  3.33461E-02  2.42278E-02  1.79284E-02  1.43869E-02
  1.51464E-02  1.36556E-02  9.73911E-03  6.60801E-03  7.43932E-03  7.11943E-03
  4.87542E-03  6.31529E-03  8.19222E-03  6.75990E-03  1.34157E-03 -5.94029E-03
 -6.06922E-03 -3.70144E-03 -4.42770E-03 -6.49542E-03 -1.09967E-03  1.75873E-03
 -4.65679E-03 -4.59261E-03 -1.08713E-02 -8.59015E-03 -4.68160E-03  2.03258E-03
 -6.32352E-03 -6.58389E-03 -5.23126E-03 -2.43032E-03  2.69321E-03  4.05160E-03
 -1.20439E-03 -5.09831E-04 -1.05345E-03 -2.02080E-03 -1.47577E-03  2.59026E-03
  1.60183E-03  1.97142E-03  2.49936E-03 -8.35170E-05 -5.52948E-03 -1.85821E-03
 -2.61936E-03  1.43348E-03 -4.27468E-03  1.28561E-03 -6.35486E-03 -3.37271E-03
  2.89311E-03 -3.11633E-03 -1.20074E-03  3.76069E-05 -7.62540E-04  1.09733E-03
  1.23628E-03  7.02058E-04 -1.88435E-03  2.97259E-03  2.12231E-03 -3.07056E-04
 -2.03914E-04  9.74650E-04 -1.92873E-03 -2.66371E-03 -2.62263E-04 -1.21044E-03
  1.62691E-03 -2.85487E-04 -2.44694E-04 -4.64445E-04  1.86006E-03 -8.21006E-05
 -1.43612E-03  8.14704E-05
