AutoSaveFileName0123.ASC
 IFORMY    0    .00
 (6E13.7)
 IFORMT    0    .00
 (6E13.7)
 IFORMW    0    .00
 (6E13.7)
 NINTT     0   -1.00
 DOUSNQ    0    1.00
 IQUAD          1.00
 PRWT      0    1.00
 PRY       0    1.00
 IPLRES    1    3.00
 IPLRES    2    3.00
 IPRINT    1    0.00
 IPRINT    2    2.00
 IPLFIT    1    0.00
 IPLFIT    2    0.00
 LINEPG    0   50.
 NONNEG    1    1.00
 IWT       0    5.00
 NQPROG    1    5.00
 NQPROG    2    5.00
 GMNMX     1    3.131E-05
 GMNMX     2    3.131E-02
 RUSER    10    -1.00
 NG        0    200.00
 NLINF     0    0.00
 IUSER    10    4.00
 RUSER    21    1.0
 RUSER    22   -1.0
 RUSER    23    0.0
 RUSER    18         291.92158
 RUSER    17         55.99900
 RUSER    19         1.03250
 RUSER    15         1.33200
 RUSER    16         632.80000
 RUSER    25         1
 RUSER    26         0
 END       0    0.00
 NY      131
  3.75000E-07  5.00000E-07  6.25000E-07  7.50000E-07  8.75000E-07  1.00000E-06
  1.12500E-06  1.25000E-06  1.37500E-06  1.50000E-06  1.62500E-06  1.75000E-06
  1.87500E-06  2.00000E-06  2.25000E-06  2.50000E-06  2.75000E-06  3.00000E-06
  3.25000E-06  3.50000E-06  3.75000E-06  4.00000E-06  4.50000E-06  5.00000E-06
  5.50000E-06  6.00000E-06  6.50000E-06  7.00000E-06  7.50000E-06  8.00000E-06
  9.00000E-06  1.00000E-05  1.10000E-05  1.20000E-05  1.30000E-05  1.40000E-05
  1.50000E-05  1.60000E-05  1.80000E-05  2.00000E-05  2.20000E-05  2.40000E-05
  2.60000E-05  2.80000E-05  3.00000E-05  3.20000E-05  3.60000E-05  4.00000E-05
  4.40000E-05  4.80000E-05  5.20000E-05  5.60000E-05  6.00000E-05  6.40000E-05
  7.20000E-05  8.00000E-05  8.80000E-05  9.60000E-05  1.04000E-04  1.12000E-04
  1.20000E-04  1.28000E-04  1.44000E-04  1.60000E-04  1.76000E-04  1.92000E-04
  2.08000E-04  2.24000E-04  2.40000E-04  2.56000E-04  2.88000E-04  3.20000E-04
  3.52000E-04  3.84000E-04  4.16000E-04  4.48000E-04  4.80000E-04  5.12000E-04
  5.76000E-04  6.40000E-04  7.04000E-04  7.68000E-04  8.32000E-04  8.96000E-04
  9.60000E-04  1.02400E-03  1.15200E-03  1.28000E-03  1.40800E-03  1.53600E-03
  1.66400E-03  1.79200E-03  1.92000E-03  2.01600E-03  2.27200E-03  2.52800E-03
  2.78400E-03  3.04000E-03  3.29600E-03  3.55200E-03  3.80800E-03  4.06400E-03
  4.57600E-03  5.08800E-03  5.60000E-03  6.11200E-03  6.62400E-03  7.13600E-03
  7.64800E-03  8.16000E-03  9.18400E-03  1.02080E-02  1.12320E-02  1.22560E-02
  1.32800E-02  1.43040E-02  1.53280E-02  1.63520E-02  1.84000E-02  2.04480E-02
  2.24960E-02  2.45440E-02  2.65920E-02  2.86400E-02  3.06880E-02  3.27360E-02
  3.68320E-02  4.09280E-02  4.50240E-02  4.91200E-02  5.32160E-02
  7.80536E-01  7.80558E-01  7.82375E-01  7.77123E-01  7.79195E-01  7.73527E-01
  7.76212E-01  7.73857E-01  7.78342E-01  7.76949E-01  7.77624E-01  7.74733E-01
  7.74983E-01  7.77873E-01  7.76196E-01  7.76641E-01  7.77575E-01  7.74923E-01
  7.75965E-01  7.74668E-01  7.75924E-01  7.75513E-01  7.75114E-01  7.75828E-01
  7.75340E-01  7.74466E-01  7.73088E-01  7.75588E-01  7.73551E-01  7.75341E-01
  7.74469E-01  7.74612E-01  7.74304E-01  7.72891E-01  7.72756E-01  7.74265E-01
  7.75054E-01  7.74328E-01  7.73620E-01  7.71800E-01  7.72540E-01  7.73067E-01
  7.71603E-01  7.71424E-01  7.71186E-01  7.71009E-01  7.70079E-01  7.69242E-01
  7.68171E-01  7.68628E-01  7.67098E-01  7.66984E-01  7.66021E-01  7.65276E-01
  7.63774E-01  7.62646E-01  7.61223E-01  7.59846E-01  7.58484E-01  7.56992E-01
  7.55731E-01  7.54341E-01  7.51471E-01  7.48078E-01  7.46073E-01  7.43353E-01
  7.40491E-01  7.37358E-01  7.35120E-01  7.32273E-01  7.26805E-01  7.21577E-01
  7.16410E-01  7.11149E-01  7.05828E-01  7.00705E-01  6.95725E-01  6.90592E-01
  6.80302E-01  6.70379E-01  6.60459E-01  6.50845E-01  6.41346E-01  6.31968E-01
  6.22706E-01  6.14056E-01  5.96090E-01  5.78934E-01  5.62201E-01  5.46224E-01
  5.30595E-01  5.15510E-01  5.00815E-01  4.91109E-01  4.63557E-01  4.37619E-01
  4.13491E-01  3.90840E-01  3.69544E-01  3.49623E-01  3.31297E-01  3.13512E-01
  2.80400E-01  2.50320E-01  2.24088E-01  2.00154E-01  1.79188E-01  1.61151E-01
  1.44622E-01  1.29396E-01  1.03955E-01  8.43656E-02  6.89764E-02  5.69275E-02
  4.86160E-02  4.18787E-02  3.52458E-02  2.87559E-02  2.09857E-02  1.61459E-02
  1.22836E-02  8.72333E-03  8.72883E-03  1.11119E-02  6.35111E-03 -1.33716E-03
 -1.59571E-02 -1.82314E-02 -2.04452E-02 -2.09733E-02 -1.17986E-02
