AutoSaveFileName0072.ASC
 IFORMY    0    .00
 (6E13.7)
 IFORMT    0    .00
 (6E13.7)
 IFORMW    0    .00
 (6E13.7)
 NINTT     0   -1.00
 DOUSNQ    0    1.00
 IQUAD          1.00
 PRWT      0    1.00
 PRY       0    1.00
 IPLRES    1    3.00
 IPLRES    2    3.00
 IPRINT    1    0.00
 IPRINT    2    2.00
 IPLFIT    1    0.00
 IPLFIT    2    0.00
 LINEPG    0   50.
 NONNEG    1    1.00
 IWT       0    5.00
 NQPROG    1    5.00
 NQPROG    2    5.00
 GMNMX     1    3.836E-05
 GMNMX     2    3.836E-02
 RUSER    10    -1.00
 NG        0    200.00
 NLINF     0    0.00
 IUSER    10    4.00
 RUSER    21    1.0
 RUSER    22   -1.0
 RUSER    23    0.0
 RUSER    18         292.18399
 RUSER    17         49.99800
 RUSER    19         1.02582
 RUSER    15         1.33200
 RUSER    16         632.80000
 RUSER    25         1
 RUSER    26         0
 END       0    0.00
 NY      188
  5.00000E-07  6.25000E-07  7.50000E-07  8.75000E-07  1.00000E-06  1.12500E-06
  1.25000E-06  1.37500E-06  1.50000E-06  1.62500E-06  1.75000E-06  1.87500E-06
  2.00000E-06  2.25000E-06  2.50000E-06  2.75000E-06  3.00000E-06  3.25000E-06
  3.50000E-06  3.75000E-06  4.00000E-06  4.50000E-06  5.00000E-06  5.50000E-06
  6.00000E-06  6.50000E-06  7.00000E-06  7.50000E-06  8.00000E-06  9.00000E-06
  1.00000E-05  1.10000E-05  1.20000E-05  1.30000E-05  1.40000E-05  1.50000E-05
  1.60000E-05  1.80000E-05  2.00000E-05  2.20000E-05  2.40000E-05  2.60000E-05
  2.80000E-05  3.00000E-05  3.20000E-05  3.60000E-05  4.00000E-05  4.40000E-05
  4.80000E-05  5.20000E-05  5.60000E-05  6.00000E-05  6.40000E-05  7.20000E-05
  8.00000E-05  8.80000E-05  9.60000E-05  1.04000E-04  1.12000E-04  1.20000E-04
  1.28000E-04  1.44000E-04  1.60000E-04  1.76000E-04  1.92000E-04  2.08000E-04
  2.24000E-04  2.40000E-04  2.56000E-04  2.88000E-04  3.20000E-04  3.52000E-04
  3.84000E-04  4.16000E-04  4.48000E-04  4.80000E-04  5.12000E-04  5.76000E-04
  6.40000E-04  7.04000E-04  7.68000E-04  8.32000E-04  8.96000E-04  9.60000E-04
  1.02400E-03  1.15200E-03  1.28000E-03  1.40800E-03  1.53600E-03  1.66400E-03
  1.79200E-03  1.92000E-03  2.01600E-03  2.27200E-03  2.52800E-03  2.78400E-03
  3.04000E-03  3.29600E-03  3.55200E-03  3.80800E-03  4.06400E-03  4.57600E-03
  5.08800E-03  5.60000E-03  6.11200E-03  6.62400E-03  7.13600E-03  7.64800E-03
  8.16000E-03  9.18400E-03  1.02080E-02  1.12320E-02  1.22560E-02  1.32800E-02
  1.43040E-02  1.53280E-02  1.63520E-02  1.84000E-02  2.04480E-02  2.24960E-02
  2.45440E-02  2.65920E-02  2.86400E-02  3.06880E-02  3.27360E-02  3.68320E-02
  4.09280E-02  4.50240E-02  4.91200E-02  5.32160E-02  5.73120E-02  6.14080E-02
  6.55040E-02  7.36960E-02  8.18880E-02  9.00800E-02  9.82720E-02  1.06464E-01
  1.14656E-01  1.22848E-01  1.31040E-01  1.47424E-01  1.63808E-01  1.80192E-01
  1.96576E-01  2.12960E-01  2.29344E-01  2.45728E-01  2.62112E-01  2.94880E-01
  3.27648E-01  3.60416E-01  3.93184E-01  4.25952E-01  4.58720E-01  4.91488E-01
  5.24256E-01  5.89792E-01  6.55328E-01  7.20864E-01  7.86400E-01  8.51936E-01
  9.17472E-01  9.83008E-01  1.04854E+00  1.17962E+00  1.31069E+00  1.44176E+00
  1.57283E+00  1.70390E+00  1.83498E+00  1.96605E+00  2.09712E+00  2.35926E+00
  2.62141E+00  2.88355E+00  3.14570E+00  3.40784E+00  3.66998E+00  3.93213E+00
  4.19427E+00  4.71856E+00  5.24285E+00  5.76714E+00  6.29142E+00  6.81571E+00
  7.34000E+00  7.86429E+00
  9.94773E-01  9.94318E-01  9.94364E-01  9.92939E-01  9.92953E-01  9.91551E-01
  9.92586E-01  9.92818E-01  9.93593E-01  9.91853E-01  9.92967E-01  9.93008E-01
  9.91671E-01  9.91750E-01  9.92242E-01  9.92410E-01  9.92182E-01  9.93022E-01
  9.92465E-01  9.92396E-01  9.91746E-01  9.91945E-01  9.92502E-01  9.91490E-01
  9.91922E-01  9.91593E-01  9.91458E-01  9.92215E-01  9.91918E-01  9.91402E-01
  9.91560E-01  9.92010E-01  9.91500E-01  9.91514E-01  9.91862E-01  9.91063E-01
  9.90957E-01  9.91082E-01  9.90943E-01  9.90562E-01  9.90608E-01  9.90362E-01
  9.90358E-01  9.90047E-01  9.89912E-01  9.89336E-01  9.89230E-01  9.88705E-01
  9.88236E-01  9.88125E-01  9.87776E-01  9.87261E-01  9.86871E-01  9.86291E-01
  9.85585E-01  9.84703E-01  9.84058E-01  9.83306E-01  9.82498E-01  9.82024E-01
  9.81175E-01  9.79615E-01  9.78148E-01  9.76760E-01  9.75307E-01  9.73747E-01
  9.72480E-01  9.70841E-01  9.69420E-01  9.66468E-01  9.63626E-01  9.60827E-01
  9.58000E-01  9.55163E-01  9.52382E-01  9.49541E-01  9.46886E-01  9.41282E-01
  9.35781E-01  9.30336E-01  9.24806E-01  9.19291E-01  9.13827E-01  9.08344E-01
  9.03140E-01  8.92625E-01  8.82170E-01  8.71892E-01  8.61771E-01  8.51683E-01
  8.41721E-01  8.31934E-01  8.24706E-01  8.05477E-01  7.86661E-01  7.68412E-01
  7.50761E-01  7.33700E-01  7.17303E-01  7.01338E-01  6.85874E-01  6.55851E-01
  6.27416E-01  6.00425E-01  5.74864E-01  5.50872E-01  5.28184E-01  5.06453E-01
  4.85534E-01  4.46270E-01  4.10293E-01  3.77679E-01  3.49026E-01  3.23006E-01
  2.99012E-01  2.76706E-01  2.55787E-01  2.18118E-01  1.84549E-01  1.53586E-01
  1.29054E-01  1.10082E-01  9.48831E-02  8.23002E-02  7.29773E-02  5.84766E-02
  4.30434E-02  3.25558E-02  2.97786E-02  2.40878E-02  1.53656E-02  7.99168E-03
  4.56077E-03  7.98518E-03  1.04947E-02  1.42308E-03 -6.88209E-03 -7.17419E-03
 -5.45199E-03 -1.48763E-02 -2.32481E-02 -2.71058E-03  1.34424E-02  5.52622E-03
  4.46776E-03 -9.41979E-03 -9.48358E-03  5.80737E-03  6.08749E-03  3.50790E-03
 -2.31886E-03 -3.11390E-03 -6.94319E-03 -1.73822E-02  1.15184E-04  7.39675E-03
 -5.61322E-03  2.04100E-03  5.33946E-03 -2.09381E-02  7.21235E-03  1.40212E-03
 -1.08380E-02  9.00619E-04 -4.47040E-03  4.47151E-03  9.00304E-03  3.16644E-03
  6.96027E-03 -1.74310E-03 -5.62678E-03  8.98066E-04  2.17153E-03 -8.71748E-03
 -4.47139E-03 -4.14705E-04 -1.67147E-02 -6.36836E-04  2.07838E-03 -3.95164E-03
 -2.96772E-03  2.93429E-03 -2.52670E-04 -4.63140E-03 -1.13435E-02  2.42011E-03
 -5.19586E-03  1.20453E-03
