AutoSaveFileName0192.ASC
 IFORMY    0    .00
 (6E13.7)
 IFORMT    0    .00
 (6E13.7)
 IFORMW    0    .00
 (6E13.7)
 NINTT     0   -1.00
 DOUSNQ    0    1.00
 IQUAD     0    1.00
 PRWT      0    1.00
 PRY       0    1.00
 IPLRES    1    3.00
 IPLRES    2    3.00
 IPRINT    1    0.00
 IPRINT    2    2.00
 IPLFIT    1    0.00
 IPLFIT    2    0.00
 LINEPG    0   50.
 NONNEG    1    1.00
 IWT       0    5.00
 NQPROG    1    5.00
 NQPROG    2    5.00
 GMNMX     1    3.99612E-03
 GMNMX     2    1.43451E-03
 RUSER    10    -1.00
 NG        0    500.00
 NLINF     0    1.00
 IUSER    10    4.00
 RUSER    21    1.0
 RUSER    22   -1.0
 RUSER    23    0.0
 RUSER    18         292.05607
 RUSER    17         109.99900
 RUSER    19         1.02907
 RUSER    15         1.33200
 RUSER    16         632.80000
 RUSER    25         1
 RUSER    26         0
 END       0    0.00
 NY      162
  7.50000E-07  8.75000E-07  1.00000E-06  1.12500E-06  1.25000E-06  1.37500E-06
  1.50000E-06  1.62500E-06  1.75000E-06  1.87500E-06  2.00000E-06  2.25000E-06
  2.50000E-06  2.75000E-06  3.00000E-06  3.25000E-06  3.50000E-06  3.75000E-06
  4.00000E-06  4.50000E-06  5.00000E-06  5.50000E-06  6.00000E-06  6.50000E-06
  7.00000E-06  7.50000E-06  8.00000E-06  9.00000E-06  1.00000E-05  1.10000E-05
  1.20000E-05  1.30000E-05  1.40000E-05  1.50000E-05  1.60000E-05  1.80000E-05
  2.00000E-05  2.20000E-05  2.40000E-05  2.60000E-05  2.80000E-05  3.00000E-05
  3.20000E-05  3.60000E-05  4.00000E-05  4.40000E-05  4.80000E-05  5.20000E-05
  5.60000E-05  6.00000E-05  6.40000E-05  7.20000E-05  8.00000E-05  8.80000E-05
  9.60000E-05  1.04000E-04  1.12000E-04  1.20000E-04  1.28000E-04  1.44000E-04
  1.60000E-04  1.76000E-04  1.92000E-04  2.08000E-04  2.24000E-04  2.40000E-04
  2.56000E-04  2.88000E-04  3.20000E-04  3.52000E-04  3.84000E-04  4.16000E-04
  4.48000E-04  4.80000E-04  5.12000E-04  5.76000E-04  6.40000E-04  7.04000E-04
  7.68000E-04  8.32000E-04  8.96000E-04  9.60000E-04  1.02400E-03  1.15200E-03
  1.28000E-03  1.40800E-03  1.53600E-03  1.66400E-03  1.79200E-03  1.92000E-03
  2.01600E-03  2.27200E-03  2.52800E-03  2.78400E-03  3.04000E-03  3.29600E-03
  3.55200E-03  3.80800E-03  4.06400E-03  4.57600E-03  5.08800E-03  5.60000E-03
  6.11200E-03  6.62400E-03  7.13600E-03  7.64800E-03  8.16000E-03  9.18400E-03
  1.02080E-02  1.12320E-02  1.22560E-02  1.32800E-02  1.43040E-02  1.53280E-02
  1.63520E-02  1.84000E-02  2.04480E-02  2.24960E-02  2.45440E-02  2.65920E-02
  2.86400E-02  3.06880E-02  3.27360E-02  3.68320E-02  4.09280E-02  4.50240E-02
  4.91200E-02  5.32160E-02  5.73120E-02  6.14080E-02  6.55040E-02  7.36960E-02
  8.18880E-02  9.00800E-02  9.82720E-02  1.06464E-01  1.14656E-01  1.22848E-01
  1.31040E-01  1.47424E-01  1.63808E-01  1.80192E-01  1.96576E-01  2.12960E-01
  2.29344E-01  2.45728E-01  2.62112E-01  2.94880E-01  3.27648E-01  3.60416E-01
  3.93184E-01  4.25952E-01  4.58720E-01  4.91488E-01  5.24256E-01  5.89792E-01
  6.55328E-01  7.20864E-01  7.86400E-01  8.51936E-01  9.17472E-01  9.83008E-01
  9.99122E-01  1.00000E+00  9.93743E-01  9.95527E-01  9.98444E-01  9.94582E-01
  9.88807E-01  9.90481E-01  9.92473E-01  9.91347E-01  9.94601E-01  9.87258E-01
  9.87207E-01  9.88360E-01  9.88623E-01  9.86612E-01  9.86502E-01  9.82115E-01
  9.80088E-01  9.78030E-01  9.77089E-01  9.74564E-01  9.73043E-01  9.67209E-01
  9.67770E-01  9.64559E-01  9.61199E-01  9.59897E-01  9.53950E-01  9.49053E-01
  9.46540E-01  9.42941E-01  9.35724E-01  9.33791E-01  9.28427E-01  9.20567E-01
  9.12671E-01  9.03619E-01  8.96217E-01  8.88090E-01  8.80311E-01  8.72702E-01
  8.64245E-01  8.48179E-01  8.33787E-01  8.18407E-01  8.03803E-01  7.89238E-01
  7.75458E-01  7.61411E-01  7.47959E-01  7.21186E-01  6.95582E-01  6.71373E-01
  6.46666E-01  6.24683E-01  6.02344E-01  5.80809E-01  5.59752E-01  5.21339E-01
  4.84608E-01  4.50531E-01  4.18830E-01  3.89720E-01  3.63351E-01  3.37820E-01
  3.14704E-01  2.72217E-01  2.35339E-01  2.04321E-01  1.76898E-01  1.53115E-01
  1.32536E-01  1.14807E-01  9.98675E-02  7.49692E-02  5.62010E-02  4.19563E-02
  3.19333E-02  2.36185E-02  1.74212E-02  1.29479E-02  9.92794E-03  5.28247E-03
  2.97182E-03  5.36437E-04 -1.98921E-03 -3.44006E-03 -3.43680E-03 -2.67667E-03
 -1.57388E-03 -1.32072E-04  2.91918E-04 -1.38001E-03 -2.17968E-03 -2.84588E-03
 -3.84289E-03 -2.54546E-03 -1.18442E-03  6.07821E-04  1.91727E-05  6.32125E-04
 -7.27118E-04 -1.95782E-04  1.29002E-03  7.88031E-04  1.66419E-03  4.54695E-04
  2.39149E-05  1.64327E-03 -2.38453E-03 -3.10815E-03 -2.53307E-03 -2.51865E-03
 -1.90093E-04 -1.19273E-03 -1.10382E-03 -1.49918E-03  1.17844E-03  7.12887E-04
  1.48277E-03 -1.72252E-03 -9.12326E-04 -9.14965E-04 -5.30423E-04  2.29670E-03
 -1.49110E-04 -1.46871E-03 -5.05250E-04  4.35618E-04 -1.98715E-04  7.77649E-04
  4.58698E-05  2.96060E-04 -4.28420E-04  1.41729E-03  2.39297E-04 -7.12930E-04
 -7.71737E-05 -1.80530E-04 -3.15068E-04 -9.14212E-04 -1.45715E-05 -1.71150E-04
  7.34379E-05  6.03274E-04  3.63296E-04 -2.21215E-04  1.30839E-04  4.34861E-04
 -3.32296E-04  7.64096E-05  1.74628E-04 -5.51139E-04  5.29227E-05 -9.21167E-06
 -5.31909E-04 -1.72913E-04 -3.39423E-05 -1.62148E-04 -3.76639E-04 -4.03779E-04
