AutoSaveFileName0222.ASC
 IFORMY    0    .00
 (6E13.7)
 IFORMT    0    .00
 (6E13.7)
 IFORMW    0    .00
 (6E13.7)
 NINTT     0   -1.00
 DOUSNQ    0    1.00
 IQUAD          1.00
 PRWT      0    1.00
 PRY       0    1.00
 IPLRES    1    3.00
 IPLRES    2    3.00
 IPRINT    1    0.00
 IPRINT    2    2.00
 IPLFIT    1    0.00
 IPLFIT    2    0.00
 LINEPG    0   50.
 NONNEG    1    1.00
 IWT       0    5.00
 NQPROG    1    5.00
 NQPROG    2    5.00
 GMNMX     1    1.399E-05
 GMNMX     2    1.399E-02
 RUSER    10    -1.00
 NG        0    200.00
 NLINF     0    0.00
 IUSER    10    4.00
 RUSER    21    1.0
 RUSER    22   -1.0
 RUSER    23    0.0
 RUSER    18         292.05957
 RUSER    17         88.99900
 RUSER    19         1.02898
 RUSER    15         1.33200
 RUSER    16         632.80000
 RUSER    25         1
 RUSER    26         0
 END       0    0.00
 NY      131
  3.75000E-07  5.00000E-07  6.25000E-07  7.50000E-07  8.75000E-07  1.00000E-06
  1.12500E-06  1.25000E-06  1.37500E-06  1.50000E-06  1.62500E-06  1.75000E-06
  1.87500E-06  2.00000E-06  2.25000E-06  2.50000E-06  2.75000E-06  3.00000E-06
  3.25000E-06  3.50000E-06  3.75000E-06  4.00000E-06  4.50000E-06  5.00000E-06
  5.50000E-06  6.00000E-06  6.50000E-06  7.00000E-06  7.50000E-06  8.00000E-06
  9.00000E-06  1.00000E-05  1.10000E-05  1.20000E-05  1.30000E-05  1.40000E-05
  1.50000E-05  1.60000E-05  1.80000E-05  2.00000E-05  2.20000E-05  2.40000E-05
  2.60000E-05  2.80000E-05  3.00000E-05  3.20000E-05  3.60000E-05  4.00000E-05
  4.40000E-05  4.80000E-05  5.20000E-05  5.60000E-05  6.00000E-05  6.40000E-05
  7.20000E-05  8.00000E-05  8.80000E-05  9.60000E-05  1.04000E-04  1.12000E-04
  1.20000E-04  1.28000E-04  1.44000E-04  1.60000E-04  1.76000E-04  1.92000E-04
  2.08000E-04  2.24000E-04  2.40000E-04  2.56000E-04  2.88000E-04  3.20000E-04
  3.52000E-04  3.84000E-04  4.16000E-04  4.48000E-04  4.80000E-04  5.12000E-04
  5.76000E-04  6.40000E-04  7.04000E-04  7.68000E-04  8.32000E-04  8.96000E-04
  9.60000E-04  1.02400E-03  1.15200E-03  1.28000E-03  1.40800E-03  1.53600E-03
  1.66400E-03  1.79200E-03  1.92000E-03  2.01600E-03  2.27200E-03  2.52800E-03
  2.78400E-03  3.04000E-03  3.29600E-03  3.55200E-03  3.80800E-03  4.06400E-03
  4.57600E-03  5.08800E-03  5.60000E-03  6.11200E-03  6.62400E-03  7.13600E-03
  7.64800E-03  8.16000E-03  9.18400E-03  1.02080E-02  1.12320E-02  1.22560E-02
  1.32800E-02  1.43040E-02  1.53280E-02  1.63520E-02  1.84000E-02  2.04480E-02
  2.24960E-02  2.45440E-02  2.65920E-02  2.86400E-02  3.06880E-02  3.27360E-02
  3.68320E-02  4.09280E-02  4.50240E-02  4.91200E-02  5.32160E-02
  8.25483E-01  8.21171E-01  8.24941E-01  8.21084E-01  8.21412E-01  8.23516E-01
  8.21680E-01  8.23476E-01  8.22004E-01  8.25111E-01  8.17960E-01  8.20549E-01
  8.19703E-01  8.18947E-01  8.20385E-01  8.21315E-01  8.20708E-01  8.17475E-01
  8.16639E-01  8.21382E-01  8.18474E-01  8.20013E-01  8.18680E-01  8.18792E-01
  8.19332E-01  8.19373E-01  8.17870E-01  8.19363E-01  8.17374E-01  8.16952E-01
  8.16719E-01  8.16682E-01  8.17671E-01  8.15379E-01  8.15789E-01  8.14970E-01
  8.14481E-01  8.14205E-01  8.13437E-01  8.12126E-01  8.12383E-01  8.11693E-01
  8.10263E-01  8.09553E-01  8.08562E-01  8.07533E-01  8.06875E-01  8.05229E-01
  8.02431E-01  8.01120E-01  8.00315E-01  7.98299E-01  7.96607E-01  7.94874E-01
  7.92247E-01  7.88915E-01  7.85209E-01  7.81935E-01  7.79260E-01  7.75773E-01
  7.72401E-01  7.69356E-01  7.62747E-01  7.56421E-01  7.50611E-01  7.43979E-01
  7.38630E-01  7.32387E-01  7.25942E-01  7.19874E-01  7.08107E-01  6.96601E-01
  6.85471E-01  6.74221E-01  6.63348E-01  6.52671E-01  6.42139E-01  6.31743E-01
  6.11699E-01  5.92337E-01  5.73424E-01  5.55553E-01  5.38090E-01  5.21329E-01
  5.05414E-01  4.83750E-01  4.54614E-01  4.27161E-01  4.01486E-01  3.77051E-01
  3.53381E-01  3.31470E-01  3.11177E-01  3.00450E-01  2.64868E-01  2.34534E-01
  2.08482E-01  1.85634E-01  1.64341E-01  1.45069E-01  1.28328E-01  1.14122E-01
  8.99207E-02  7.12792E-02  5.56334E-02  4.38626E-02  3.66461E-02  3.01916E-02
  2.43293E-02  2.00727E-02  1.21057E-02  3.12878E-03 -2.88854E-03 -7.59768E-03
 -1.06546E-02 -1.02969E-02 -7.23866E-03 -5.23560E-03 -1.79440E-03  7.57549E-04
 -3.95332E-03 -6.24522E-03  2.17313E-03  1.02265E-02  8.86950E-03  1.60475E-03
 -2.55718E-03 -9.76792E-03 -8.77426E-03 -8.76526E-03 -1.62915E-02
