AutoSaveFileName0164.ASC
 IFORMY    0    .00
 (6E13.7)
 IFORMT    0    .00
 (6E13.7)
 IFORMW    0    .00
 (6E13.7)
 NINTT     0   -1.00
 DOUSNQ    0    1.00
 IQUAD     0    1.00
 PRWT      0    1.00
 PRY       0    1.00
 IPLRES    1    3.00
 IPLRES    2    3.00
 IPRINT    1    0.00
 IPRINT    2    2.00
 IPLFIT    1    0.00
 IPLFIT    2    0.00
 LINEPG    0   50.
 NONNEG    1    1.00
 IWT       0    5.00
 NQPROG    1    5.00
 NQPROG    2    5.00
 GMNMX     1    4.93765E-03
 GMNMX     2    1.77249E-03
 RUSER    10    -1.00
 NG        0    500.00
 NLINF     0    1.00
 IUSER    10    4.00
 RUSER    21    1.0
 RUSER    22   -1.0
 RUSER    23    0.0
 RUSER    18         292.02240
 RUSER    17         94.99900
 RUSER    19         1.02993
 RUSER    15         1.33200
 RUSER    16         632.80000
 RUSER    25         1
 RUSER    26         0
 END       0    0.00
 NY      162
  7.50000E-07  8.75000E-07  1.00000E-06  1.12500E-06  1.25000E-06  1.37500E-06
  1.50000E-06  1.62500E-06  1.75000E-06  1.87500E-06  2.00000E-06  2.25000E-06
  2.50000E-06  2.75000E-06  3.00000E-06  3.25000E-06  3.50000E-06  3.75000E-06
  4.00000E-06  4.50000E-06  5.00000E-06  5.50000E-06  6.00000E-06  6.50000E-06
  7.00000E-06  7.50000E-06  8.00000E-06  9.00000E-06  1.00000E-05  1.10000E-05
  1.20000E-05  1.30000E-05  1.40000E-05  1.50000E-05  1.60000E-05  1.80000E-05
  2.00000E-05  2.20000E-05  2.40000E-05  2.60000E-05  2.80000E-05  3.00000E-05
  3.20000E-05  3.60000E-05  4.00000E-05  4.40000E-05  4.80000E-05  5.20000E-05
  5.60000E-05  6.00000E-05  6.40000E-05  7.20000E-05  8.00000E-05  8.80000E-05
  9.60000E-05  1.04000E-04  1.12000E-04  1.20000E-04  1.28000E-04  1.44000E-04
  1.60000E-04  1.76000E-04  1.92000E-04  2.08000E-04  2.24000E-04  2.40000E-04
  2.56000E-04  2.88000E-04  3.20000E-04  3.52000E-04  3.84000E-04  4.16000E-04
  4.48000E-04  4.80000E-04  5.12000E-04  5.76000E-04  6.40000E-04  7.04000E-04
  7.68000E-04  8.32000E-04  8.96000E-04  9.60000E-04  1.02400E-03  1.15200E-03
  1.28000E-03  1.40800E-03  1.53600E-03  1.66400E-03  1.79200E-03  1.92000E-03
  2.01600E-03  2.27200E-03  2.52800E-03  2.78400E-03  3.04000E-03  3.29600E-03
  3.55200E-03  3.80800E-03  4.06400E-03  4.57600E-03  5.08800E-03  5.60000E-03
  6.11200E-03  6.62400E-03  7.13600E-03  7.64800E-03  8.16000E-03  9.18400E-03
  1.02080E-02  1.12320E-02  1.22560E-02  1.32800E-02  1.43040E-02  1.53280E-02
  1.63520E-02  1.84000E-02  2.04480E-02  2.24960E-02  2.45440E-02  2.65920E-02
  2.86400E-02  3.06880E-02  3.27360E-02  3.68320E-02  4.09280E-02  4.50240E-02
  4.91200E-02  5.32160E-02  5.73120E-02  6.14080E-02  6.55040E-02  7.36960E-02
  8.18880E-02  9.00800E-02  9.82720E-02  1.06464E-01  1.14656E-01  1.22848E-01
  1.31040E-01  1.47424E-01  1.63808E-01  1.80192E-01  1.96576E-01  2.12960E-01
  2.29344E-01  2.45728E-01  2.62112E-01  2.94880E-01  3.27648E-01  3.60416E-01
  3.93184E-01  4.25952E-01  4.58720E-01  4.91488E-01  5.24256E-01  5.89792E-01
  6.55328E-01  7.20864E-01  7.86400E-01  8.51936E-01  9.17472E-01  9.83008E-01
  1.00000E+00  9.95003E-01  9.97537E-01  9.93679E-01  9.96376E-01  9.93292E-01
  9.93581E-01  9.92724E-01  9.92344E-01  9.90637E-01  9.89575E-01  9.88442E-01
  9.90378E-01  9.86413E-01  9.88865E-01  9.85808E-01  9.84169E-01  9.84048E-01
  9.83602E-01  9.82897E-01  9.79635E-01  9.78909E-01  9.75544E-01  9.75318E-01
  9.72782E-01  9.72749E-01  9.69228E-01  9.66440E-01  9.62284E-01  9.58747E-01
  9.55305E-01  9.52865E-01  9.48720E-01  9.44753E-01  9.42444E-01  9.35208E-01
  9.29037E-01  9.21470E-01  9.14164E-01  9.07983E-01  9.01835E-01  8.95286E-01
  8.89021E-01  8.75766E-01  8.63101E-01  8.51188E-01  8.38055E-01  8.27150E-01
  8.14950E-01  8.02232E-01  7.90735E-01  7.68432E-01  7.46563E-01  7.25577E-01
  7.04441E-01  6.84477E-01  6.65238E-01  6.45951E-01  6.27984E-01  5.91907E-01
  5.59010E-01  5.27816E-01  4.97934E-01  4.70494E-01  4.44041E-01  4.19763E-01
  3.96715E-01  3.53325E-01  3.15035E-01  2.80952E-01  2.50252E-01  2.22949E-01
  1.98904E-01  1.77276E-01  1.58764E-01  1.26031E-01  9.97882E-02  7.93775E-02
  6.31192E-02  5.07215E-02  4.09260E-02  3.28320E-02  2.66660E-02  1.65162E-02
  9.82252E-03  5.56729E-03  2.62200E-03  1.48168E-03  6.01961E-04 -4.77183E-04
 -1.12658E-03 -1.37124E-03 -1.93663E-03 -3.53299E-03 -2.48548E-03 -7.83966E-04
 -8.73494E-04 -8.05083E-04  6.43259E-04  1.42023E-03  5.87074E-04  6.11453E-04
  1.05386E-03  1.75000E-03  1.84225E-03  9.49295E-04  7.44929E-04  1.28372E-03
  1.01900E-03 -6.87928E-04  1.07989E-03  1.20489E-03 -5.41106E-04  8.02860E-04
  3.41517E-05 -6.99272E-04 -5.37207E-04 -9.62954E-04  4.24001E-05  1.15101E-03
 -1.76216E-03 -1.38979E-03  3.87667E-04  3.86675E-04  7.23468E-05  9.50943E-04
  4.15849E-04 -6.82033E-04 -5.10598E-04  1.15066E-04 -6.55545E-04 -1.02497E-03
  2.12652E-05 -3.26616E-04  1.39442E-03 -1.12850E-03 -2.12148E-04 -4.14645E-04
  7.63657E-05 -4.91457E-04 -4.48137E-04 -3.01908E-04 -1.99547E-04  2.39845E-04
  3.50371E-04  1.37856E-04  1.86710E-04  2.99435E-04 -2.31563E-04  1.60440E-04
 -4.34825E-04 -5.55777E-05 -3.78619E-04  3.77017E-04  1.33448E-04 -5.44002E-05
 -1.95446E-04  1.83300E-04 -2.76039E-04  8.64103E-05  2.10571E-04 -1.78110E-04
