AutoSaveFileName0279.ASC
 IFORMY    0    .00
 (6E13.7)
 IFORMT    0    .00
 (6E13.7)
 IFORMW    0    .00
 (6E13.7)
 NINTT     0   -1.00
 DOUSNQ    0    1.00
 IQUAD          1.00
 PRWT      0    1.00
 PRY       0    1.00
 IPLRES    1    3.00
 IPLRES    2    3.00
 IPRINT    1    0.00
 IPRINT    2    2.00
 IPLFIT    1    0.00
 IPLFIT    2    0.00
 LINEPG    0   50.
 NONNEG    1    1.00
 IWT       0    5.00
 NQPROG    1    5.00
 NQPROG    2    5.00
 GMNMX     1    1.048E-05
 GMNMX     2    1.048E-02
 RUSER    10    -1.00
 NG        0    200.00
 NLINF     0    0.00
 IUSER    10    4.00
 RUSER    21    1.0
 RUSER    22   -1.0
 RUSER    23    0.0
 RUSER    18         292.14194
 RUSER    17         107.99900
 RUSER    19         1.02688
 RUSER    15         1.33200
 RUSER    16         632.80000
 RUSER    25         1
 RUSER    26         0
 END       0    0.00
 NY      131
  3.75000E-07  5.00000E-07  6.25000E-07  7.50000E-07  8.75000E-07  1.00000E-06
  1.12500E-06  1.25000E-06  1.37500E-06  1.50000E-06  1.62500E-06  1.75000E-06
  1.87500E-06  2.00000E-06  2.25000E-06  2.50000E-06  2.75000E-06  3.00000E-06
  3.25000E-06  3.50000E-06  3.75000E-06  4.00000E-06  4.50000E-06  5.00000E-06
  5.50000E-06  6.00000E-06  6.50000E-06  7.00000E-06  7.50000E-06  8.00000E-06
  9.00000E-06  1.00000E-05  1.10000E-05  1.20000E-05  1.30000E-05  1.40000E-05
  1.50000E-05  1.60000E-05  1.80000E-05  2.00000E-05  2.20000E-05  2.40000E-05
  2.60000E-05  2.80000E-05  3.00000E-05  3.20000E-05  3.60000E-05  4.00000E-05
  4.40000E-05  4.80000E-05  5.20000E-05  5.60000E-05  6.00000E-05  6.40000E-05
  7.20000E-05  8.00000E-05  8.80000E-05  9.60000E-05  1.04000E-04  1.12000E-04
  1.20000E-04  1.28000E-04  1.44000E-04  1.60000E-04  1.76000E-04  1.92000E-04
  2.08000E-04  2.24000E-04  2.40000E-04  2.56000E-04  2.88000E-04  3.20000E-04
  3.52000E-04  3.84000E-04  4.16000E-04  4.48000E-04  4.80000E-04  5.12000E-04
  5.76000E-04  6.40000E-04  7.04000E-04  7.68000E-04  8.32000E-04  8.96000E-04
  9.60000E-04  1.02400E-03  1.15200E-03  1.28000E-03  1.40800E-03  1.53600E-03
  1.66400E-03  1.79200E-03  1.92000E-03  2.01600E-03  2.27200E-03  2.52800E-03
  2.78400E-03  3.04000E-03  3.29600E-03  3.55200E-03  3.80800E-03  4.06400E-03
  4.57600E-03  5.08800E-03  5.60000E-03  6.11200E-03  6.62400E-03  7.13600E-03
  7.64800E-03  8.16000E-03  9.18400E-03  1.02080E-02  1.12320E-02  1.22560E-02
  1.32800E-02  1.43040E-02  1.53280E-02  1.63520E-02  1.84000E-02  2.04480E-02
  2.24960E-02  2.45440E-02  2.65920E-02  2.86400E-02  3.06880E-02  3.27360E-02
  3.68320E-02  4.09280E-02  4.50240E-02  4.91200E-02  5.32160E-02
  8.05606E-01  8.06722E-01  8.06283E-01  8.05287E-01  8.01463E-01  8.04835E-01
  8.03232E-01  8.02115E-01  8.02628E-01  8.02564E-01  7.99711E-01  7.99298E-01
  8.04657E-01  8.05064E-01  8.03932E-01  8.02107E-01  8.01204E-01  8.00993E-01
  8.02776E-01  8.00735E-01  8.00015E-01  8.00976E-01  8.01304E-01  8.00823E-01
  8.00418E-01  7.99348E-01  7.99552E-01  7.99502E-01  8.01268E-01  7.98806E-01
  7.97893E-01  7.97514E-01  7.96257E-01  7.96394E-01  7.95811E-01  7.96010E-01
  7.95060E-01  7.94892E-01  7.93976E-01  7.92594E-01  7.90600E-01  7.90050E-01
  7.88857E-01  7.86973E-01  7.86856E-01  7.86008E-01  7.83371E-01  7.81318E-01
  7.79676E-01  7.76423E-01  7.74787E-01  7.72374E-01  7.69744E-01  7.67948E-01
  7.64176E-01  7.59400E-01  7.54685E-01  7.50610E-01  7.46867E-01  7.42306E-01
  7.38360E-01  7.34217E-01  7.25925E-01  7.17717E-01  7.10242E-01  7.01894E-01
  6.94224E-01  6.86515E-01  6.78635E-01  6.71671E-01  6.56700E-01  6.42394E-01
  6.28483E-01  6.14947E-01  6.01592E-01  5.88263E-01  5.75788E-01  5.63296E-01
  5.39014E-01  5.16062E-01  4.93696E-01  4.72245E-01  4.51685E-01  4.31960E-01
  4.13107E-01  3.95566E-01  3.62026E-01  3.31314E-01  3.03883E-01  2.78516E-01
  2.55334E-01  2.34130E-01  2.14992E-01  2.00944E-01  1.71275E-01  1.45348E-01
  1.22547E-01  1.03504E-01  8.81339E-02  7.56408E-02  6.45461E-02  5.55230E-02
  3.96695E-02  2.74012E-02  2.00380E-02  1.39429E-02  1.01450E-02  6.99316E-03
  4.42479E-03  3.72207E-03  1.31949E-03 -5.19564E-03 -6.91972E-03 -1.88688E-03
  2.24449E-04  1.41708E-04 -3.37016E-03 -5.19424E-03 -4.21260E-03 -1.91772E-03
 -3.82261E-03 -4.62135E-03 -2.45366E-03 -5.16865E-03 -5.92672E-03 -1.25077E-03
 -4.75206E-03 -2.09005E-03  4.61771E-03  6.30648E-03 -3.69677E-03
