AutoSaveFileName0224.ASC
 IFORMY    0    .00
 (6E13.7)
 IFORMT    0    .00
 (6E13.7)
 IFORMW    0    .00
 (6E13.7)
 NINTT     0   -1.00
 DOUSNQ    0    1.00
 IQUAD          1.00
 PRWT      0    1.00
 PRY       0    1.00
 IPLRES    1    3.00
 IPLRES    2    3.00
 IPRINT    1    0.00
 IPRINT    2    2.00
 IPLFIT    1    0.00
 IPLFIT    2    0.00
 LINEPG    0   50.
 NONNEG    1    1.00
 IWT       0    5.00
 NQPROG    1    5.00
 NQPROG    2    5.00
 GMNMX     1    8.694E-06
 GMNMX     2    8.694E-03
 RUSER    10    -1.00
 NG        0    200.00
 NLINF     0    0.00
 IUSER    10    4.00
 RUSER    21    1.0
 RUSER    22   -1.0
 RUSER    23    0.0
 RUSER    18         292.23970
 RUSER    17         124.99900
 RUSER    19         1.02441
 RUSER    15         1.33200
 RUSER    16         632.80000
 RUSER    25         1
 RUSER    26         0
 END       0    0.00
 NY      188
  5.00000E-07  6.25000E-07  7.50000E-07  8.75000E-07  1.00000E-06  1.12500E-06
  1.25000E-06  1.37500E-06  1.50000E-06  1.62500E-06  1.75000E-06  1.87500E-06
  2.00000E-06  2.25000E-06  2.50000E-06  2.75000E-06  3.00000E-06  3.25000E-06
  3.50000E-06  3.75000E-06  4.00000E-06  4.50000E-06  5.00000E-06  5.50000E-06
  6.00000E-06  6.50000E-06  7.00000E-06  7.50000E-06  8.00000E-06  9.00000E-06
  1.00000E-05  1.10000E-05  1.20000E-05  1.30000E-05  1.40000E-05  1.50000E-05
  1.60000E-05  1.80000E-05  2.00000E-05  2.20000E-05  2.40000E-05  2.60000E-05
  2.80000E-05  3.00000E-05  3.20000E-05  3.60000E-05  4.00000E-05  4.40000E-05
  4.80000E-05  5.20000E-05  5.60000E-05  6.00000E-05  6.40000E-05  7.20000E-05
  8.00000E-05  8.80000E-05  9.60000E-05  1.04000E-04  1.12000E-04  1.20000E-04
  1.28000E-04  1.44000E-04  1.60000E-04  1.76000E-04  1.92000E-04  2.08000E-04
  2.24000E-04  2.40000E-04  2.56000E-04  2.88000E-04  3.20000E-04  3.52000E-04
  3.84000E-04  4.16000E-04  4.48000E-04  4.80000E-04  5.12000E-04  5.76000E-04
  6.40000E-04  7.04000E-04  7.68000E-04  8.32000E-04  8.96000E-04  9.60000E-04
  1.02400E-03  1.15200E-03  1.28000E-03  1.40800E-03  1.53600E-03  1.66400E-03
  1.79200E-03  1.92000E-03  2.01600E-03  2.27200E-03  2.52800E-03  2.78400E-03
  3.04000E-03  3.29600E-03  3.55200E-03  3.80800E-03  4.06400E-03  4.57600E-03
  5.08800E-03  5.60000E-03  6.11200E-03  6.62400E-03  7.13600E-03  7.64800E-03
  8.16000E-03  9.18400E-03  1.02080E-02  1.12320E-02  1.22560E-02  1.32800E-02
  1.43040E-02  1.53280E-02  1.63520E-02  1.84000E-02  2.04480E-02  2.24960E-02
  2.45440E-02  2.65920E-02  2.86400E-02  3.06880E-02  3.27360E-02  3.68320E-02
  4.09280E-02  4.50240E-02  4.91200E-02  5.32160E-02  5.73120E-02  6.14080E-02
  6.55040E-02  7.36960E-02  8.18880E-02  9.00800E-02  9.82720E-02  1.06464E-01
  1.14656E-01  1.22848E-01  1.31040E-01  1.47424E-01  1.63808E-01  1.80192E-01
  1.96576E-01  2.12960E-01  2.29344E-01  2.45728E-01  2.62112E-01  2.94880E-01
  3.27648E-01  3.60416E-01  3.93184E-01  4.25952E-01  4.58720E-01  4.91488E-01
  5.24256E-01  5.89792E-01  6.55328E-01  7.20864E-01  7.86400E-01  8.51936E-01
  9.17472E-01  9.83008E-01  1.04854E+00  1.17962E+00  1.31069E+00  1.44176E+00
  1.57283E+00  1.70390E+00  1.83498E+00  1.96605E+00  2.09712E+00  2.35926E+00
  2.62141E+00  2.88355E+00  3.14570E+00  3.40784E+00  3.66998E+00  3.93213E+00
  4.19427E+00  4.71856E+00  5.24285E+00  5.76714E+00  6.29142E+00  6.81571E+00
  7.34000E+00  7.86429E+00
  9.93833E-01  9.93406E-01  9.89348E-01  9.91703E-01  9.92266E-01  9.91307E-01
  9.88771E-01  9.88396E-01  9.88100E-01  9.89140E-01  9.88891E-01  9.90250E-01
  9.88761E-01  9.88434E-01  9.89687E-01  9.88253E-01  9.88941E-01  9.88429E-01
  9.88542E-01  9.88648E-01  9.88796E-01  9.88188E-01  9.88926E-01  9.88592E-01
  9.88163E-01  9.87975E-01  9.87412E-01  9.87287E-01  9.86634E-01  9.86511E-01
  9.86028E-01  9.85953E-01  9.84893E-01  9.84803E-01  9.84996E-01  9.84657E-01
  9.84318E-01  9.83457E-01  9.82274E-01  9.81853E-01  9.81396E-01  9.80429E-01
  9.79470E-01  9.78832E-01  9.78073E-01  9.76373E-01  9.74513E-01  9.72933E-01
  9.71685E-01  9.69882E-01  9.68167E-01  9.66919E-01  9.65174E-01  9.62307E-01
  9.59213E-01  9.55861E-01  9.52978E-01  9.49917E-01  9.46442E-01  9.43682E-01
  9.40616E-01  9.34612E-01  9.28493E-01  9.22346E-01  9.16344E-01  9.10350E-01
  9.04326E-01  8.98410E-01  8.92750E-01  8.81147E-01  8.69611E-01  8.58203E-01
  8.46974E-01  8.35963E-01  8.25218E-01  8.14483E-01  8.04293E-01  7.83695E-01
  7.63707E-01  7.44083E-01  7.24949E-01  7.06478E-01  6.88298E-01  6.70821E-01
  6.53798E-01  6.21072E-01  5.90168E-01  5.61015E-01  5.33411E-01  5.07082E-01
  4.82047E-01  4.58378E-01  4.42867E-01  4.00759E-01  3.63191E-01  3.29601E-01
  2.98989E-01  2.71473E-01  2.46632E-01  2.23713E-01  2.03415E-01  1.67814E-01
  1.39245E-01  1.16194E-01  9.79065E-02  8.21703E-02  6.89779E-02  5.86281E-02
  5.08345E-02  3.94788E-02  3.27853E-02  2.47588E-02  1.63961E-02  8.58002E-03
  4.95705E-03  1.76193E-03  4.65288E-04 -5.11414E-04  2.83363E-04  4.67759E-03
  6.95399E-03  5.17574E-03 -5.57314E-04 -2.51362E-03 -3.49474E-03 -3.13214E-03
 -2.25929E-03 -1.87788E-04  1.92196E-03 -1.94428E-03 -2.71438E-03 -1.16037E-03
  9.63331E-04  1.02460E-02  4.42124E-03 -1.30975E-03 -5.40886E-03  2.25579E-03
  4.94655E-03 -2.20277E-04 -2.37277E-03  1.29710E-03 -2.00046E-03 -2.22365E-03
 -2.40791E-03 -1.50744E-03  3.20222E-03  4.47352E-03  3.06042E-04  1.62554E-03
 -2.59276E-03 -2.57202E-04 -1.29686E-04  7.01227E-04 -7.29200E-04  9.86435E-04
 -3.36793E-03  8.58080E-04  1.64324E-03 -2.25386E-03  2.45845E-03 -1.13813E-04
  2.25615E-03  4.90057E-04  2.11563E-03 -5.64196E-04  2.60349E-05  9.21238E-04
  1.70227E-03 -8.50743E-04 -2.14199E-03 -2.02067E-03 -1.02290E-03 -2.44739E-03
 -6.45198E-04 -2.27663E-05  8.02782E-04  1.30838E-03 -2.54435E-03 -2.94215E-03
  3.71134E-04  9.74533E-04 -2.38795E-03 -5.00192E-04  5.22877E-04 -3.66880E-04
  5.90336E-04  8.08196E-04
