AutoSaveFileName0009.ASC
 IFORMY    0    .00
 (6E13.7)
 IFORMT    0    .00
 (6E13.7)
 IFORMW    0    .00
 (6E13.7)
 NINTT     0   -1.00
 DOUSNQ    0    1.00
 IQUAD     0    1.00
 PRWT      0    1.00
 PRY       0    1.00
 IPLRES    1    3.00
 IPLRES    2    3.00
 IPRINT    1    0.00
 IPRINT    2    2.00
 IPLFIT    1    0.00
 IPLFIT    2    0.00
 LINEPG    0   50.
 NONNEG    1    1.00
 IWT       0    5.00
 NQPROG    1    5.00
 NQPROG    2    5.00
 GMNMX     1    1.58013E-01
 GMNMX     2    5.67227E-02
 RUSER    10    -1.00
 NG        0    500.00
 NLINF     0    1.00
 IUSER    10    4.00
 RUSER    21    1.0
 RUSER    22   -1.0
 RUSER    23    0.0
 RUSER    18         291.90088
 RUSER    17         15.00300
 RUSER    19         1.03303
 RUSER    15         1.33200
 RUSER    16         632.80000
 RUSER    25         1
 RUSER    26         0
 END       0    0.00
 NY      162
  7.50000E-07  8.75000E-07  1.00000E-06  1.12500E-06  1.25000E-06  1.37500E-06
  1.50000E-06  1.62500E-06  1.75000E-06  1.87500E-06  2.00000E-06  2.25000E-06
  2.50000E-06  2.75000E-06  3.00000E-06  3.25000E-06  3.50000E-06  3.75000E-06
  4.00000E-06  4.50000E-06  5.00000E-06  5.50000E-06  6.00000E-06  6.50000E-06
  7.00000E-06  7.50000E-06  8.00000E-06  9.00000E-06  1.00000E-05  1.10000E-05
  1.20000E-05  1.30000E-05  1.40000E-05  1.50000E-05  1.60000E-05  1.80000E-05
  2.00000E-05  2.20000E-05  2.40000E-05  2.60000E-05  2.80000E-05  3.00000E-05
  3.20000E-05  3.60000E-05  4.00000E-05  4.40000E-05  4.80000E-05  5.20000E-05
  5.60000E-05  6.00000E-05  6.40000E-05  7.20000E-05  8.00000E-05  8.80000E-05
  9.60000E-05  1.04000E-04  1.12000E-04  1.20000E-04  1.28000E-04  1.44000E-04
  1.60000E-04  1.76000E-04  1.92000E-04  2.08000E-04  2.24000E-04  2.40000E-04
  2.56000E-04  2.88000E-04  3.20000E-04  3.52000E-04  3.84000E-04  4.16000E-04
  4.48000E-04  4.80000E-04  5.12000E-04  5.76000E-04  6.40000E-04  7.04000E-04
  7.68000E-04  8.32000E-04  8.96000E-04  9.60000E-04  1.02400E-03  1.15200E-03
  1.28000E-03  1.40800E-03  1.53600E-03  1.66400E-03  1.79200E-03  1.92000E-03
  2.01600E-03  2.27200E-03  2.52800E-03  2.78400E-03  3.04000E-03  3.29600E-03
  3.55200E-03  3.80800E-03  4.06400E-03  4.57600E-03  5.08800E-03  5.60000E-03
  6.11200E-03  6.62400E-03  7.13600E-03  7.64800E-03  8.16000E-03  9.18400E-03
  1.02080E-02  1.12320E-02  1.22560E-02  1.32800E-02  1.43040E-02  1.53280E-02
  1.63520E-02  1.84000E-02  2.04480E-02  2.24960E-02  2.45440E-02  2.65920E-02
  2.86400E-02  3.06880E-02  3.27360E-02  3.68320E-02  4.09280E-02  4.50240E-02
  4.91200E-02  5.32160E-02  5.73120E-02  6.14080E-02  6.55040E-02  7.36960E-02
  8.18880E-02  9.00800E-02  9.82720E-02  1.06464E-01  1.14656E-01  1.22848E-01
  1.31040E-01  1.47424E-01  1.63808E-01  1.80192E-01  1.96576E-01  2.12960E-01
  2.29344E-01  2.45728E-01  2.62112E-01  2.94880E-01  3.27648E-01  3.60416E-01
  3.93184E-01  4.25952E-01  4.58720E-01  4.91488E-01  5.24256E-01  5.89792E-01
  6.55328E-01  7.20864E-01  7.86400E-01  8.51936E-01  9.17472E-01  9.83008E-01
  1.00000E+00  9.96837E-01  9.97633E-01  9.93907E-01  9.98109E-01  9.96432E-01
  9.92783E-01  9.97046E-01  9.96731E-01  9.91960E-01  9.94826E-01  9.93247E-01
  9.93389E-01  9.94946E-01  9.94300E-01  9.96378E-01  9.94109E-01  9.93662E-01
  9.94445E-01  9.93060E-01  9.94101E-01  9.94315E-01  9.94381E-01  9.94259E-01
  9.94143E-01  9.93411E-01  9.94440E-01  9.94222E-01  9.94818E-01  9.94357E-01
  9.93345E-01  9.95241E-01  9.93605E-01  9.94234E-01  9.94561E-01  9.93716E-01
  9.93988E-01  9.93826E-01  9.94092E-01  9.94082E-01  9.93772E-01  9.93210E-01
  9.93281E-01  9.93595E-01  9.92918E-01  9.93193E-01  9.92947E-01  9.92667E-01
  9.92488E-01  9.92594E-01  9.92102E-01  9.91805E-01  9.91422E-01  9.91547E-01
  9.91137E-01  9.90273E-01  9.89909E-01  9.89686E-01  9.89350E-01  9.88689E-01
  9.87996E-01  9.87083E-01  9.86331E-01  9.86024E-01  9.85219E-01  9.84561E-01
  9.83748E-01  9.82471E-01  9.81189E-01  9.79912E-01  9.78834E-01  9.77668E-01
  9.76442E-01  9.74851E-01  9.73807E-01  9.71405E-01  9.69087E-01  9.66727E-01
  9.64564E-01  9.62351E-01  9.60001E-01  9.57641E-01  9.55657E-01  9.51273E-01
  9.47074E-01  9.42759E-01  9.38494E-01  9.34525E-01  9.30203E-01  9.26193E-01
  9.24368E-01  9.16331E-01  9.08335E-01  9.00653E-01  8.93021E-01  8.85590E-01
  8.78132E-01  8.70856E-01  8.63685E-01  8.49542E-01  8.35820E-01  8.22480E-01
  8.09534E-01  7.96958E-01  7.84758E-01  7.72806E-01  7.61139E-01  7.38843E-01
  7.17974E-01  6.98144E-01  6.79429E-01  6.61721E-01  6.45127E-01  6.29295E-01
  6.14016E-01  5.85743E-01  5.59582E-01  5.36211E-01  5.15485E-01  4.96067E-01
  4.78172E-01  4.61608E-01  4.46550E-01  4.19944E-01  3.96674E-01  3.75702E-01
  3.56565E-01  3.40482E-01  3.26055E-01  3.11905E-01  2.98327E-01  2.72981E-01
  2.53856E-01  2.40373E-01  2.31389E-01  2.22854E-01  2.13230E-01  2.06256E-01
  1.98364E-01  1.81901E-01  1.69892E-01  1.53345E-01  1.35173E-01  1.17945E-01
  1.02055E-01  9.04833E-02  7.88164E-02  5.92455E-02  5.17849E-02  5.21928E-02
  4.50580E-02  3.64673E-02  3.63924E-02  3.05495E-02  3.54487E-02  2.17569E-02
  5.91730E-03 -2.08852E-03  5.73292E-03 -1.37903E-02 -1.33140E-02 -1.06142E-02
