AutoSaveFileName0127.ASC
 IFORMY    0    .00
 (6E13.7)
 IFORMT    0    .00
 (6E13.7)
 IFORMW    0    .00
 (6E13.7)
 NINTT     0   -1.00
 DOUSNQ    0    1.00
 IQUAD     0    1.00
 PRWT      0    1.00
 PRY       0    1.00
 IPLRES    1    3.00
 IPLRES    2    3.00
 IPRINT    1    0.00
 IPRINT    2    2.00
 IPLFIT    1    0.00
 IPLFIT    2    0.00
 LINEPG    0   50.
 NONNEG    1    1.00
 IWT       0    5.00
 NQPROG    1    5.00
 NQPROG    2    5.00
 GMNMX     1    7.24982E-03
 GMNMX     2    2.60250E-03
 RUSER    10    -1.00
 NG        0    500.00
 NLINF     0    1.00
 IUSER    10    4.00
 RUSER    21    1.0
 RUSER    22   -1.0
 RUSER    23    0.0
 RUSER    18         291.98674
 RUSER    17         74.99900
 RUSER    19         1.03084
 RUSER    15         1.33200
 RUSER    16         632.80000
 RUSER    25         1
 RUSER    26         0
 END       0    0.00
 NY      162
  7.50000E-07  8.75000E-07  1.00000E-06  1.12500E-06  1.25000E-06  1.37500E-06
  1.50000E-06  1.62500E-06  1.75000E-06  1.87500E-06  2.00000E-06  2.25000E-06
  2.50000E-06  2.75000E-06  3.00000E-06  3.25000E-06  3.50000E-06  3.75000E-06
  4.00000E-06  4.50000E-06  5.00000E-06  5.50000E-06  6.00000E-06  6.50000E-06
  7.00000E-06  7.50000E-06  8.00000E-06  9.00000E-06  1.00000E-05  1.10000E-05
  1.20000E-05  1.30000E-05  1.40000E-05  1.50000E-05  1.60000E-05  1.80000E-05
  2.00000E-05  2.20000E-05  2.40000E-05  2.60000E-05  2.80000E-05  3.00000E-05
  3.20000E-05  3.60000E-05  4.00000E-05  4.40000E-05  4.80000E-05  5.20000E-05
  5.60000E-05  6.00000E-05  6.40000E-05  7.20000E-05  8.00000E-05  8.80000E-05
  9.60000E-05  1.04000E-04  1.12000E-04  1.20000E-04  1.28000E-04  1.44000E-04
  1.60000E-04  1.76000E-04  1.92000E-04  2.08000E-04  2.24000E-04  2.40000E-04
  2.56000E-04  2.88000E-04  3.20000E-04  3.52000E-04  3.84000E-04  4.16000E-04
  4.48000E-04  4.80000E-04  5.12000E-04  5.76000E-04  6.40000E-04  7.04000E-04
  7.68000E-04  8.32000E-04  8.96000E-04  9.60000E-04  1.02400E-03  1.15200E-03
  1.28000E-03  1.40800E-03  1.53600E-03  1.66400E-03  1.79200E-03  1.92000E-03
  2.01600E-03  2.27200E-03  2.52800E-03  2.78400E-03  3.04000E-03  3.29600E-03
  3.55200E-03  3.80800E-03  4.06400E-03  4.57600E-03  5.08800E-03  5.60000E-03
  6.11200E-03  6.62400E-03  7.13600E-03  7.64800E-03  8.16000E-03  9.18400E-03
  1.02080E-02  1.12320E-02  1.22560E-02  1.32800E-02  1.43040E-02  1.53280E-02
  1.63520E-02  1.84000E-02  2.04480E-02  2.24960E-02  2.45440E-02  2.65920E-02
  2.86400E-02  3.06880E-02  3.27360E-02  3.68320E-02  4.09280E-02  4.50240E-02
  4.91200E-02  5.32160E-02  5.73120E-02  6.14080E-02  6.55040E-02  7.36960E-02
  8.18880E-02  9.00800E-02  9.82720E-02  1.06464E-01  1.14656E-01  1.22848E-01
  1.31040E-01  1.47424E-01  1.63808E-01  1.80192E-01  1.96576E-01  2.12960E-01
  2.29344E-01  2.45728E-01  2.62112E-01  2.94880E-01  3.27648E-01  3.60416E-01
  3.93184E-01  4.25952E-01  4.58720E-01  4.91488E-01  5.24256E-01  5.89792E-01
  6.55328E-01  7.20864E-01  7.86400E-01  8.51936E-01  9.17472E-01  9.83008E-01
  9.97524E-01  1.00000E+00  9.95124E-01  9.96873E-01  9.92146E-01  9.93402E-01
  9.95050E-01  9.90655E-01  9.93748E-01  9.89944E-01  9.91501E-01  9.89025E-01
  9.90749E-01  9.89485E-01  9.89082E-01  9.89378E-01  9.88461E-01  9.86461E-01
  9.86080E-01  9.84014E-01  9.83301E-01  9.82452E-01  9.82325E-01  9.80106E-01
  9.79981E-01  9.77905E-01  9.77751E-01  9.74675E-01  9.72533E-01  9.70123E-01
  9.68391E-01  9.65819E-01  9.62105E-01  9.61062E-01  9.58036E-01  9.53631E-01
  9.48913E-01  9.43727E-01  9.39364E-01  9.34592E-01  9.30677E-01  9.25263E-01
  9.20610E-01  9.12101E-01  9.03159E-01  8.94312E-01  8.85699E-01  8.77292E-01
  8.68620E-01  8.60151E-01  8.51995E-01  8.35494E-01  8.19211E-01  8.03405E-01
  7.87681E-01  7.73092E-01  7.57783E-01  7.42800E-01  7.28356E-01  7.00652E-01
  6.73763E-01  6.48227E-01  6.23443E-01  5.99536E-01  5.76668E-01  5.54442E-01
  5.33692E-01  4.93807E-01  4.57073E-01  4.23110E-01  3.91973E-01  3.63003E-01
  3.36007E-01  3.11230E-01  2.88734E-01  2.47840E-01  2.13125E-01  1.83436E-01
  1.57843E-01  1.36071E-01  1.17411E-01  1.01300E-01  8.75054E-02  6.48408E-02
  4.83847E-02  3.63496E-02  2.82129E-02  2.17295E-02  1.68196E-02  1.30684E-02
  1.08582E-02  6.81647E-03  4.37144E-03  2.89828E-03  2.28356E-03  1.98625E-03
  1.47169E-03  1.47109E-03  1.69303E-03  2.03131E-03  2.91851E-03  4.12911E-03
  5.03186E-03  4.01818E-03  2.97238E-03  3.06861E-04  8.65083E-04 -1.67602E-03
 -2.37985E-03 -5.68528E-04  8.38303E-04  3.45752E-03  2.70820E-03  2.85987E-04
 -6.93439E-05  2.43709E-04 -2.35240E-03 -1.61450E-03 -1.31350E-03 -9.23646E-04
 -1.09239E-03 -2.41260E-03 -2.48488E-03 -7.36429E-04 -5.61095E-04  1.01501E-05
 -7.47913E-04  9.62078E-04 -7.47283E-05 -1.01270E-03 -1.05050E-04 -6.43318E-04
 -1.12988E-03 -3.29893E-05 -1.16273E-03  5.63149E-05 -4.50617E-04 -6.16993E-04
 -7.87902E-05  5.67099E-04  8.96238E-05 -7.90340E-04  1.49430E-06  4.01725E-04
 -3.99192E-04  7.42918E-04  1.22847E-04 -4.10931E-04  1.11406E-04 -5.67304E-04
 -1.48548E-04 -8.34182E-05  9.76612E-05 -1.85706E-04  1.18384E-04  1.16112E-04
 -2.33744E-04 -1.96408E-04  2.39534E-04 -6.33735E-05  2.13631E-04 -7.13674E-04
