AutoSaveFileName0147.ASC
 IFORMY    0    .00
 (6E13.7)
 IFORMT    0    .00
 (6E13.7)
 IFORMW    0    .00
 (6E13.7)
 NINTT     0   -1.00
 DOUSNQ    0    1.00
 IQUAD     0    1.00
 PRWT      0    1.00
 PRY       0    1.00
 IPLRES    1    3.00
 IPLRES    2    3.00
 IPRINT    1    0.00
 IPRINT    2    2.00
 IPLFIT    1    0.00
 IPLFIT    2    0.00
 LINEPG    0   50.
 NONNEG    1    1.00
 IWT       0    5.00
 NQPROG    1    5.00
 NQPROG    2    5.00
 GMNMX     1    5.88340E-03
 GMNMX     2    2.11199E-03
 RUSER    10    -1.00
 NG        0    500.00
 NLINF     0    1.00
 IUSER    10    4.00
 RUSER    21    1.0
 RUSER    22   -1.0
 RUSER    23    0.0
 RUSER    18         292.00500
 RUSER    17         84.99900
 RUSER    19         1.03037
 RUSER    15         1.33200
 RUSER    16         632.80000
 RUSER    25         1
 RUSER    26         0
 END       0    0.00
 NY      162
  7.50000E-07  8.75000E-07  1.00000E-06  1.12500E-06  1.25000E-06  1.37500E-06
  1.50000E-06  1.62500E-06  1.75000E-06  1.87500E-06  2.00000E-06  2.25000E-06
  2.50000E-06  2.75000E-06  3.00000E-06  3.25000E-06  3.50000E-06  3.75000E-06
  4.00000E-06  4.50000E-06  5.00000E-06  5.50000E-06  6.00000E-06  6.50000E-06
  7.00000E-06  7.50000E-06  8.00000E-06  9.00000E-06  1.00000E-05  1.10000E-05
  1.20000E-05  1.30000E-05  1.40000E-05  1.50000E-05  1.60000E-05  1.80000E-05
  2.00000E-05  2.20000E-05  2.40000E-05  2.60000E-05  2.80000E-05  3.00000E-05
  3.20000E-05  3.60000E-05  4.00000E-05  4.40000E-05  4.80000E-05  5.20000E-05
  5.60000E-05  6.00000E-05  6.40000E-05  7.20000E-05  8.00000E-05  8.80000E-05
  9.60000E-05  1.04000E-04  1.12000E-04  1.20000E-04  1.28000E-04  1.44000E-04
  1.60000E-04  1.76000E-04  1.92000E-04  2.08000E-04  2.24000E-04  2.40000E-04
  2.56000E-04  2.88000E-04  3.20000E-04  3.52000E-04  3.84000E-04  4.16000E-04
  4.48000E-04  4.80000E-04  5.12000E-04  5.76000E-04  6.40000E-04  7.04000E-04
  7.68000E-04  8.32000E-04  8.96000E-04  9.60000E-04  1.02400E-03  1.15200E-03
  1.28000E-03  1.40800E-03  1.53600E-03  1.66400E-03  1.79200E-03  1.92000E-03
  2.01600E-03  2.27200E-03  2.52800E-03  2.78400E-03  3.04000E-03  3.29600E-03
  3.55200E-03  3.80800E-03  4.06400E-03  4.57600E-03  5.08800E-03  5.60000E-03
  6.11200E-03  6.62400E-03  7.13600E-03  7.64800E-03  8.16000E-03  9.18400E-03
  1.02080E-02  1.12320E-02  1.22560E-02  1.32800E-02  1.43040E-02  1.53280E-02
  1.63520E-02  1.84000E-02  2.04480E-02  2.24960E-02  2.45440E-02  2.65920E-02
  2.86400E-02  3.06880E-02  3.27360E-02  3.68320E-02  4.09280E-02  4.50240E-02
  4.91200E-02  5.32160E-02  5.73120E-02  6.14080E-02  6.55040E-02  7.36960E-02
  8.18880E-02  9.00800E-02  9.82720E-02  1.06464E-01  1.14656E-01  1.22848E-01
  1.31040E-01  1.47424E-01  1.63808E-01  1.80192E-01  1.96576E-01  2.12960E-01
  2.29344E-01  2.45728E-01  2.62112E-01  2.94880E-01  3.27648E-01  3.60416E-01
  3.93184E-01  4.25952E-01  4.58720E-01  4.91488E-01  5.24256E-01  5.89792E-01
  6.55328E-01  7.20864E-01  7.86400E-01  8.51936E-01  9.17472E-01  9.83008E-01
  1.00000E+00  9.99701E-01  9.99492E-01  9.96543E-01  9.96727E-01  9.99788E-01
  9.95617E-01  9.98084E-01  9.95713E-01  9.94040E-01  9.95795E-01  9.92050E-01
  9.93391E-01  9.94347E-01  9.91050E-01  9.91447E-01  9.88575E-01  9.90944E-01
  9.88836E-01  9.87270E-01  9.84904E-01  9.84183E-01  9.82479E-01  9.80497E-01
  9.78074E-01  9.77269E-01  9.76093E-01  9.73282E-01  9.70778E-01  9.67317E-01
  9.65028E-01  9.61233E-01  9.57665E-01  9.56503E-01  9.53299E-01  9.47001E-01
  9.40967E-01  9.35940E-01  9.30159E-01  9.23605E-01  9.17980E-01  9.13153E-01
  9.07811E-01  8.96486E-01  8.86072E-01  8.74792E-01  8.64513E-01  8.54040E-01
  8.43348E-01  8.33762E-01  8.23421E-01  8.03335E-01  7.84592E-01  7.65834E-01
  7.47202E-01  7.29023E-01  7.11876E-01  6.94724E-01  6.78321E-01  6.46180E-01
  6.15516E-01  5.86610E-01  5.58795E-01  5.32579E-01  5.07173E-01  4.83484E-01
  4.60869E-01  4.18343E-01  3.79868E-01  3.45122E-01  3.13094E-01  2.84241E-01
  2.58168E-01  2.34136E-01  2.13180E-01  1.75835E-01  1.45120E-01  1.19576E-01
  9.85899E-02  8.11776E-02  6.68266E-02  5.52998E-02  4.60991E-02  3.15468E-02
  2.19009E-02  1.57076E-02  1.14963E-02  8.14486E-03  5.56507E-03  3.72065E-03
  2.73145E-03  9.83773E-04 -7.06193E-04 -5.22631E-04 -1.23764E-03 -1.95126E-03
 -9.19983E-04 -2.43988E-04 -8.42290E-05 -4.25187E-05 -4.16780E-04 -7.33880E-04
 -9.46117E-04 -2.41328E-03 -1.92998E-03 -1.03687E-04  8.12026E-04  4.81161E-04
 -7.70229E-04  7.13632E-04 -2.63970E-03 -2.29126E-03 -6.09875E-04 -4.91873E-04
  1.05506E-04  3.07994E-04 -1.11914E-04  2.71963E-04  3.56576E-04 -5.08411E-04
 -6.40646E-04 -1.58416E-03 -9.66977E-04 -1.99399E-04  1.28997E-04 -4.55973E-04
 -8.51188E-04 -8.77060E-04 -2.49842E-03 -4.61816E-04  9.71181E-04  1.91045E-04
  7.84733E-05 -1.13068E-03  2.93804E-04 -1.13019E-03 -6.86830E-04  2.55763E-04
 -2.92504E-05 -4.30944E-04  2.84231E-04 -5.32891E-04 -2.43113E-04  1.96983E-04
  8.30896E-05  2.20321E-04 -1.68841E-04 -2.35515E-04 -1.55984E-04  3.23152E-04
 -3.72196E-04  2.81671E-04  1.32258E-04  1.93107E-04  9.18518E-06 -1.08618E-04
  4.06192E-05  9.50052E-05 -2.85022E-04 -2.52946E-04  1.60030E-04 -5.79139E-05
