AutoSaveFileName0009.ASC
 IFORMY    0    .00
 (6E13.7)
 IFORMT    0    .00
 (6E13.7)
 IFORMW    0    .00
 (6E13.7)
 NINTT     0   -1.00
 DOUSNQ    0    1.00
 IQUAD          1.00
 PRWT      0    1.00
 PRY       0    1.00
 IPLRES    1    3.00
 IPLRES    2    3.00
 IPRINT    1    0.00
 IPRINT    2    2.00
 IPLFIT    1    0.00
 IPLFIT    2    0.00
 LINEPG    0   50.
 NONNEG    1    1.00
 IWT       0    5.00
 NQPROG    1    5.00
 NQPROG    2    5.00
 GMNMX     1    4.023E-04
 GMNMX     2    4.023E-01
 RUSER    10    -1.00
 NG        0    200.00
 NLINF     0    0.00
 IUSER    10    4.00
 RUSER    21    1.0
 RUSER    22   -1.0
 RUSER    23    0.0
 RUSER    18         292.15615
 RUSER    17         15.00300
 RUSER    19         1.02652
 RUSER    15         1.33200
 RUSER    16         632.80000
 RUSER    25         1
 RUSER    26         0
 END       0    0.00
 NY      188
  5.00000E-07  6.25000E-07  7.50000E-07  8.75000E-07  1.00000E-06  1.12500E-06
  1.25000E-06  1.37500E-06  1.50000E-06  1.62500E-06  1.75000E-06  1.87500E-06
  2.00000E-06  2.25000E-06  2.50000E-06  2.75000E-06  3.00000E-06  3.25000E-06
  3.50000E-06  3.75000E-06  4.00000E-06  4.50000E-06  5.00000E-06  5.50000E-06
  6.00000E-06  6.50000E-06  7.00000E-06  7.50000E-06  8.00000E-06  9.00000E-06
  1.00000E-05  1.10000E-05  1.20000E-05  1.30000E-05  1.40000E-05  1.50000E-05
  1.60000E-05  1.80000E-05  2.00000E-05  2.20000E-05  2.40000E-05  2.60000E-05
  2.80000E-05  3.00000E-05  3.20000E-05  3.60000E-05  4.00000E-05  4.40000E-05
  4.80000E-05  5.20000E-05  5.60000E-05  6.00000E-05  6.40000E-05  7.20000E-05
  8.00000E-05  8.80000E-05  9.60000E-05  1.04000E-04  1.12000E-04  1.20000E-04
  1.28000E-04  1.44000E-04  1.60000E-04  1.76000E-04  1.92000E-04  2.08000E-04
  2.24000E-04  2.40000E-04  2.56000E-04  2.88000E-04  3.20000E-04  3.52000E-04
  3.84000E-04  4.16000E-04  4.48000E-04  4.80000E-04  5.12000E-04  5.76000E-04
  6.40000E-04  7.04000E-04  7.68000E-04  8.32000E-04  8.96000E-04  9.60000E-04
  1.02400E-03  1.15200E-03  1.28000E-03  1.40800E-03  1.53600E-03  1.66400E-03
  1.79200E-03  1.92000E-03  2.01600E-03  2.27200E-03  2.52800E-03  2.78400E-03
  3.04000E-03  3.29600E-03  3.55200E-03  3.80800E-03  4.06400E-03  4.57600E-03
  5.08800E-03  5.60000E-03  6.11200E-03  6.62400E-03  7.13600E-03  7.64800E-03
  8.16000E-03  9.18400E-03  1.02080E-02  1.12320E-02  1.22560E-02  1.32800E-02
  1.43040E-02  1.53280E-02  1.63520E-02  1.84000E-02  2.04480E-02  2.24960E-02
  2.45440E-02  2.65920E-02  2.86400E-02  3.06880E-02  3.27360E-02  3.68320E-02
  4.09280E-02  4.50240E-02  4.91200E-02  5.32160E-02  5.73120E-02  6.14080E-02
  6.55040E-02  7.36960E-02  8.18880E-02  9.00800E-02  9.82720E-02  1.06464E-01
  1.14656E-01  1.22848E-01  1.31040E-01  1.47424E-01  1.63808E-01  1.80192E-01
  1.96576E-01  2.12960E-01  2.29344E-01  2.45728E-01  2.62112E-01  2.94880E-01
  3.27648E-01  3.60416E-01  3.93184E-01  4.25952E-01  4.58720E-01  4.91488E-01
  5.24256E-01  5.89792E-01  6.55328E-01  7.20864E-01  7.86400E-01  8.51936E-01
  9.17472E-01  9.83008E-01  1.04854E+00  1.17962E+00  1.31069E+00  1.44176E+00
  1.57283E+00  1.70390E+00  1.83498E+00  1.96605E+00  2.09712E+00  2.35926E+00
  2.62141E+00  2.88355E+00  3.14570E+00  3.40784E+00  3.66998E+00  3.93213E+00
  4.19427E+00  4.71856E+00  5.24285E+00  5.76714E+00  6.29142E+00  6.81571E+00
  7.34000E+00  7.86429E+00
  9.99289E-01  9.98954E-01  9.98964E-01  9.98396E-01  9.98341E-01  9.98006E-01
  9.98053E-01  9.97385E-01  9.97326E-01  9.97069E-01  9.96797E-01  9.96651E-01
  9.96433E-01  9.96050E-01  9.95516E-01  9.95124E-01  9.94757E-01  9.94207E-01
  9.93861E-01  9.93337E-01  9.92988E-01  9.92093E-01  9.91214E-01  9.90266E-01
  9.89393E-01  9.88502E-01  9.87600E-01  9.86695E-01  9.85884E-01  9.84046E-01
  9.82283E-01  9.80518E-01  9.78760E-01  9.76925E-01  9.75190E-01  9.73410E-01
  9.71692E-01  9.69467E-01  9.68494E-01  9.67651E-01  9.66781E-01  9.65931E-01
  9.65075E-01  9.64254E-01  9.63405E-01  9.61809E-01  9.60478E-01  9.59185E-01
  9.57925E-01  9.56602E-01  9.55477E-01  9.54358E-01  9.53317E-01  9.51153E-01
  9.49143E-01  9.47182E-01  9.45326E-01  9.43519E-01  9.41792E-01  9.40122E-01
  9.38624E-01  9.35514E-01  9.32582E-01  9.29771E-01  9.27075E-01  9.24468E-01
  9.21940E-01  9.19485E-01  9.17293E-01  9.12696E-01  9.08327E-01  9.04117E-01
  9.00088E-01  8.96209E-01  8.92452E-01  8.90410E-01  8.98903E-01  8.97922E-01
  8.95743E-01  8.93119E-01  8.90283E-01  8.87184E-01  8.83932E-01  8.80929E-01
  8.83848E-01  8.80161E-01  8.75917E-01  8.71575E-01  8.71205E-01  8.67068E-01
  8.63153E-01  8.59417E-01  8.62786E-01  8.56504E-01  8.51351E-01  8.45825E-01
  8.41096E-01  8.35248E-01  8.30510E-01  8.25042E-01  8.20916E-01  8.11287E-01
  8.03015E-01  7.94289E-01  7.86369E-01  7.78842E-01  7.71540E-01  7.63318E-01
  7.56699E-01  7.43256E-01  7.29523E-01  7.17023E-01  7.05416E-01  6.93990E-01
  6.82557E-01  6.71719E-01  6.61440E-01  6.41015E-01  6.22175E-01  6.04579E-01
  5.88232E-01  5.72862E-01  5.58888E-01  5.45542E-01  5.34832E-01  5.12498E-01
  4.93405E-01  4.76960E-01  4.62332E-01  4.47882E-01  4.33606E-01  4.19360E-01
  4.10031E-01  3.89633E-01  3.73848E-01  3.60190E-01  3.47111E-01  3.34144E-01
  3.24684E-01  3.16490E-01  3.14715E-01  3.10067E-01  3.06997E-01  3.00462E-01
  2.93078E-01  2.85589E-01  2.81774E-01  2.84270E-01  2.87111E-01  2.83390E-01
  2.86016E-01  2.84109E-01  2.75928E-01  2.74548E-01  2.53687E-01  2.39442E-01
  2.38421E-01  2.44291E-01  2.35459E-01  2.34884E-01  2.32843E-01  2.15906E-01
  2.08121E-01  2.06556E-01  2.21820E-01  2.05568E-01  2.04940E-01  1.99154E-01
  1.99184E-01  1.81331E-01  1.86134E-01  1.81306E-01  2.12891E-01  1.93234E-01
  1.83056E-01  1.66275E-01  1.68752E-01  1.61807E-01  1.47599E-01  1.35303E-01
  1.65617E-02  5.02472E-03  4.10693E-03 -3.64938E-03  1.64816E-03 -1.66030E-03
  1.52759E-03 -1.26851E-02
