AutoSaveFileName0097.ASC
 IFORMY    0    .00
 (6E13.7)
 IFORMT    0    .00
 (6E13.7)
 IFORMW    0    .00
 (6E13.7)
 NINTT     0   -1.00
 DOUSNQ    0    1.00
 IQUAD     0    1.00
 PRWT      0    1.00
 PRY       0    1.00
 IPLRES    1    3.00
 IPLRES    2    3.00
 IPRINT    1    0.00
 IPRINT    2    2.00
 IPLFIT    1    0.00
 IPLFIT    2    0.00
 LINEPG    0   50.
 NONNEG    1    1.00
 IWT       0    5.00
 NQPROG    1    5.00
 NQPROG    2    5.00
 GMNMX     1    1.07544E-02
 GMNMX     2    3.86057E-03
 RUSER    10    -1.00
 NG        0    500.00
 NLINF     0    1.00
 IUSER    10    4.00
 RUSER    21    1.0
 RUSER    22   -1.0
 RUSER    23    0.0
 RUSER    18         291.96179
 RUSER    17         59.99900
 RUSER    19         1.03147
 RUSER    15         1.33200
 RUSER    16         632.80000
 RUSER    25         1
 RUSER    26         0
 END       0    0.00
 NY      162
  7.50000E-07  8.75000E-07  1.00000E-06  1.12500E-06  1.25000E-06  1.37500E-06
  1.50000E-06  1.62500E-06  1.75000E-06  1.87500E-06  2.00000E-06  2.25000E-06
  2.50000E-06  2.75000E-06  3.00000E-06  3.25000E-06  3.50000E-06  3.75000E-06
  4.00000E-06  4.50000E-06  5.00000E-06  5.50000E-06  6.00000E-06  6.50000E-06
  7.00000E-06  7.50000E-06  8.00000E-06  9.00000E-06  1.00000E-05  1.10000E-05
  1.20000E-05  1.30000E-05  1.40000E-05  1.50000E-05  1.60000E-05  1.80000E-05
  2.00000E-05  2.20000E-05  2.40000E-05  2.60000E-05  2.80000E-05  3.00000E-05
  3.20000E-05  3.60000E-05  4.00000E-05  4.40000E-05  4.80000E-05  5.20000E-05
  5.60000E-05  6.00000E-05  6.40000E-05  7.20000E-05  8.00000E-05  8.80000E-05
  9.60000E-05  1.04000E-04  1.12000E-04  1.20000E-04  1.28000E-04  1.44000E-04
  1.60000E-04  1.76000E-04  1.92000E-04  2.08000E-04  2.24000E-04  2.40000E-04
  2.56000E-04  2.88000E-04  3.20000E-04  3.52000E-04  3.84000E-04  4.16000E-04
  4.48000E-04  4.80000E-04  5.12000E-04  5.76000E-04  6.40000E-04  7.04000E-04
  7.68000E-04  8.32000E-04  8.96000E-04  9.60000E-04  1.02400E-03  1.15200E-03
  1.28000E-03  1.40800E-03  1.53600E-03  1.66400E-03  1.79200E-03  1.92000E-03
  2.01600E-03  2.27200E-03  2.52800E-03  2.78400E-03  3.04000E-03  3.29600E-03
  3.55200E-03  3.80800E-03  4.06400E-03  4.57600E-03  5.08800E-03  5.60000E-03
  6.11200E-03  6.62400E-03  7.13600E-03  7.64800E-03  8.16000E-03  9.18400E-03
  1.02080E-02  1.12320E-02  1.22560E-02  1.32800E-02  1.43040E-02  1.53280E-02
  1.63520E-02  1.84000E-02  2.04480E-02  2.24960E-02  2.45440E-02  2.65920E-02
  2.86400E-02  3.06880E-02  3.27360E-02  3.68320E-02  4.09280E-02  4.50240E-02
  4.91200E-02  5.32160E-02  5.73120E-02  6.14080E-02  6.55040E-02  7.36960E-02
  8.18880E-02  9.00800E-02  9.82720E-02  1.06464E-01  1.14656E-01  1.22848E-01
  1.31040E-01  1.47424E-01  1.63808E-01  1.80192E-01  1.96576E-01  2.12960E-01
  2.29344E-01  2.45728E-01  2.62112E-01  2.94880E-01  3.27648E-01  3.60416E-01
  3.93184E-01  4.25952E-01  4.58720E-01  4.91488E-01  5.24256E-01  5.89792E-01
  6.55328E-01  7.20864E-01  7.86400E-01  8.51936E-01  9.17472E-01  9.83008E-01
  1.00000E+00  9.97444E-01  9.93917E-01  9.95126E-01  9.96087E-01  9.95744E-01
  9.94235E-01  9.93429E-01  9.96270E-01  9.96692E-01  9.95345E-01  9.93380E-01
  9.92764E-01  9.93291E-01  9.92796E-01  9.92053E-01  9.91477E-01  9.90197E-01
  9.89683E-01  9.89461E-01  9.87316E-01  9.87105E-01  9.87516E-01  9.86485E-01
  9.86384E-01  9.85104E-01  9.83604E-01  9.82667E-01  9.80780E-01  9.79740E-01
  9.77790E-01  9.76493E-01  9.74253E-01  9.72997E-01  9.71685E-01  9.68130E-01
  9.64810E-01  9.61412E-01  9.58779E-01  9.55438E-01  9.52691E-01  9.49542E-01
  9.46216E-01  9.40353E-01  9.34000E-01  9.27941E-01  9.21803E-01  9.16049E-01
  9.09889E-01  9.03852E-01  8.98162E-01  8.86537E-01  8.75040E-01  8.63590E-01
  8.52440E-01  8.41920E-01  8.30856E-01  8.20042E-01  8.09543E-01  7.89038E-01
  7.68937E-01  7.49215E-01  7.30152E-01  7.11632E-01  6.93623E-01  6.75900E-01
  6.59017E-01  6.26161E-01  5.94950E-01  5.65507E-01  5.37556E-01  5.11006E-01
  4.85948E-01  4.62170E-01  4.40039E-01  3.98375E-01  3.60592E-01  3.26749E-01
  2.96114E-01  2.68052E-01  2.43051E-01  2.20463E-01  2.00660E-01  1.65329E-01
  1.36401E-01  1.12892E-01  9.38190E-02  7.83054E-02  6.53419E-02  5.44947E-02
  4.81429E-02  3.40346E-02  2.40097E-02  1.68299E-02  1.17677E-02  8.72469E-03
  7.20118E-03  5.95128E-03  5.11213E-03  3.81101E-03  2.99163E-03  9.04078E-04
 -1.64731E-03 -1.39261E-03  9.81347E-05  1.85029E-03  3.82523E-04 -1.98405E-04
  1.30542E-03  1.56451E-03  3.16515E-03  3.24455E-03  8.72096E-04 -1.10343E-05
  7.52428E-04 -6.79768E-04 -2.56234E-03  5.10894E-04  1.12349E-03 -5.36927E-04
 -1.96324E-03 -2.96373E-03 -1.87169E-03 -2.40320E-04 -6.55536E-04 -3.96172E-03
 -5.81536E-04  8.97192E-04  9.07904E-04 -1.13574E-04 -4.73890E-04  6.46092E-04
  1.21623E-03  1.93881E-03 -1.60870E-03  1.19476E-03 -1.05424E-03  7.28667E-04
  4.26536E-04  9.72295E-04  4.24893E-04 -2.43787E-04  5.01894E-05 -3.75823E-04
 -2.15380E-03 -3.33276E-04 -1.94668E-04 -5.22263E-04 -3.99113E-04  4.69595E-04
 -1.71880E-04 -1.51383E-05 -2.84920E-04  5.93043E-05 -1.95156E-04  3.53967E-05
 -2.05814E-04  1.84972E-04  3.26053E-04 -2.75020E-04 -8.16175E-04 -1.01946E-03
