AutoSaveFileName0275.ASC
 IFORMY    0    .00
 (6E13.7)
 IFORMT    0    .00
 (6E13.7)
 IFORMW    0    .00
 (6E13.7)
 NINTT     0   -1.00
 DOUSNQ    0    1.00
 IQUAD     0    1.00
 PRWT      0    1.00
 PRY       0    1.00
 IPLRES    1    3.00
 IPLRES    2    3.00
 IPRINT    1    0.00
 IPRINT    2    2.00
 IPLFIT    1    0.00
 IPLFIT    2    0.00
 LINEPG    0   50.
 NONNEG    1    1.00
 IWT       0    5.00
 NQPROG    1    5.00
 NQPROG    2    5.00
 GMNMX     1    2.86596E-03
 GMNMX     2    1.02881E-03
 RUSER    10    -1.00
 NG        0    500.00
 NLINF     0    1.00
 IUSER    10    4.00
 RUSER    21    1.0
 RUSER    22   -1.0
 RUSER    23    0.0
 RUSER    18         292.15463
 RUSER    17         149.99900
 RUSER    19         1.02656
 RUSER    15         1.33200
 RUSER    16         632.80000
 RUSER    25         1
 RUSER    26         0
 END       0    0.00
 NY      162
  7.50000E-07  8.75000E-07  1.00000E-06  1.12500E-06  1.25000E-06  1.37500E-06
  1.50000E-06  1.62500E-06  1.75000E-06  1.87500E-06  2.00000E-06  2.25000E-06
  2.50000E-06  2.75000E-06  3.00000E-06  3.25000E-06  3.50000E-06  3.75000E-06
  4.00000E-06  4.50000E-06  5.00000E-06  5.50000E-06  6.00000E-06  6.50000E-06
  7.00000E-06  7.50000E-06  8.00000E-06  9.00000E-06  1.00000E-05  1.10000E-05
  1.20000E-05  1.30000E-05  1.40000E-05  1.50000E-05  1.60000E-05  1.80000E-05
  2.00000E-05  2.20000E-05  2.40000E-05  2.60000E-05  2.80000E-05  3.00000E-05
  3.20000E-05  3.60000E-05  4.00000E-05  4.40000E-05  4.80000E-05  5.20000E-05
  5.60000E-05  6.00000E-05  6.40000E-05  7.20000E-05  8.00000E-05  8.80000E-05
  9.60000E-05  1.04000E-04  1.12000E-04  1.20000E-04  1.28000E-04  1.44000E-04
  1.60000E-04  1.76000E-04  1.92000E-04  2.08000E-04  2.24000E-04  2.40000E-04
  2.56000E-04  2.88000E-04  3.20000E-04  3.52000E-04  3.84000E-04  4.16000E-04
  4.48000E-04  4.80000E-04  5.12000E-04  5.76000E-04  6.40000E-04  7.04000E-04
  7.68000E-04  8.32000E-04  8.96000E-04  9.60000E-04  1.02400E-03  1.15200E-03
  1.28000E-03  1.40800E-03  1.53600E-03  1.66400E-03  1.79200E-03  1.92000E-03
  2.01600E-03  2.27200E-03  2.52800E-03  2.78400E-03  3.04000E-03  3.29600E-03
  3.55200E-03  3.80800E-03  4.06400E-03  4.57600E-03  5.08800E-03  5.60000E-03
  6.11200E-03  6.62400E-03  7.13600E-03  7.64800E-03  8.16000E-03  9.18400E-03
  1.02080E-02  1.12320E-02  1.22560E-02  1.32800E-02  1.43040E-02  1.53280E-02
  1.63520E-02  1.84000E-02  2.04480E-02  2.24960E-02  2.45440E-02  2.65920E-02
  2.86400E-02  3.06880E-02  3.27360E-02  3.68320E-02  4.09280E-02  4.50240E-02
  4.91200E-02  5.32160E-02  5.73120E-02  6.14080E-02  6.55040E-02  7.36960E-02
  8.18880E-02  9.00800E-02  9.82720E-02  1.06464E-01  1.14656E-01  1.22848E-01
  1.31040E-01  1.47424E-01  1.63808E-01  1.80192E-01  1.96576E-01  2.12960E-01
  2.29344E-01  2.45728E-01  2.62112E-01  2.94880E-01  3.27648E-01  3.60416E-01
  3.93184E-01  4.25952E-01  4.58720E-01  4.91488E-01  5.24256E-01  5.89792E-01
  6.55328E-01  7.20864E-01  7.86400E-01  8.51936E-01  9.17472E-01  9.83008E-01
  1.00000E+00  9.99929E-01  9.96074E-01  9.96194E-01  9.94312E-01  9.92765E-01
  9.92455E-01  9.93850E-01  9.90692E-01  9.89595E-01  9.88586E-01  9.85530E-01
  9.85161E-01  9.83363E-01  9.82001E-01  9.80951E-01  9.79106E-01  9.78387E-01
  9.76952E-01  9.73095E-01  9.70797E-01  9.67095E-01  9.64500E-01  9.59911E-01
  9.57754E-01  9.54652E-01  9.51361E-01  9.45867E-01  9.39858E-01  9.34718E-01
  9.28113E-01  9.22205E-01  9.16526E-01  9.11423E-01  9.04963E-01  8.93215E-01
  8.82410E-01  8.71703E-01  8.60371E-01  8.49391E-01  8.39008E-01  8.28347E-01
  8.17893E-01  7.97462E-01  7.77005E-01  7.57885E-01  7.39034E-01  7.20697E-01
  7.02372E-01  6.85260E-01  6.67973E-01  6.35137E-01  6.03551E-01  5.74016E-01
  5.45735E-01  5.18982E-01  4.93455E-01  4.69247E-01  4.46698E-01  4.03910E-01
  3.65564E-01  3.30865E-01  2.99086E-01  2.71143E-01  2.45620E-01  2.22545E-01
  2.02343E-01  1.66574E-01  1.36783E-01  1.12847E-01  9.32227E-02  7.68224E-02
  6.35176E-02  5.23826E-02  4.36481E-02  3.02892E-02  2.13351E-02  1.49721E-02
  1.10377E-02  7.93387E-03  5.73297E-03  4.09850E-03  2.62882E-03  1.26338E-03
  6.59237E-04  2.11008E-04  2.46337E-04  3.83909E-04  7.82988E-04  3.45515E-04
  3.85887E-04 -3.02025E-04 -1.23838E-04  4.12246E-04  1.59276E-03  5.58792E-04
 -6.75483E-04 -8.79267E-04 -1.23582E-03 -2.71304E-04  7.32881E-04 -1.54653E-03
  6.44378E-05 -7.47694E-04 -1.03226E-03 -6.84210E-05  7.55618E-04  5.70422E-05
 -4.42572E-04 -5.05197E-04  3.99739E-04 -5.48295E-04 -1.26298E-03 -7.85196E-04
 -2.61023E-04  6.86889E-04  4.39852E-05  6.19057E-04 -8.09814E-04 -1.47708E-04
 -1.29401E-03  1.20475E-03 -5.40469E-05 -5.81850E-04  2.86499E-04  4.32291E-04
 -2.63115E-04  5.12390E-04 -3.26032E-04  4.13288E-04  3.90166E-04 -1.17082E-04
 -5.36290E-05  5.12783E-04  9.05265E-05 -3.39961E-04 -2.28913E-04  4.52553E-05
  6.54277E-04 -1.50992E-04 -1.87837E-04 -2.08036E-04 -1.01374E-04 -6.83364E-05
 -5.52116E-06 -2.05005E-04 -7.25640E-05 -1.20292E-04 -8.66160E-05 -9.35483E-05
  2.03886E-04 -3.66412E-04 -3.94655E-04  3.97641E-04  1.15197E-04  1.07167E-04
  8.98976E-05 -1.58169E-05 -8.53550E-05 -1.91183E-05 -6.92725E-05 -2.72486E-05
