AutoSaveFileName0190.ASC
 IFORMY    0    .00
 (6E13.7)
 IFORMT    0    .00
 (6E13.7)
 IFORMW    0    .00
 (6E13.7)
 NINTT     0   -1.00
 DOUSNQ    0    1.00
 IQUAD     0    1.00
 PRWT      0    1.00
 PRY       0    1.00
 IPLRES    1    3.00
 IPLRES    2    3.00
 IPRINT    1    0.00
 IPRINT    2    2.00
 IPLFIT    1    0.00
 IPLFIT    2    0.00
 LINEPG    0   50.
 NONNEG    1    1.00
 IWT       0    5.00
 NQPROG    1    5.00
 NQPROG    2    5.00
 GMNMX     1    3.99639E-03
 GMNMX     2    1.43460E-03
 RUSER    10    -1.00
 NG        0    500.00
 NLINF     0    1.00
 IUSER    10    4.00
 RUSER    21    1.0
 RUSER    22   -1.0
 RUSER    23    0.0
 RUSER    18         292.05381
 RUSER    17         109.99900
 RUSER    19         1.02913
 RUSER    15         1.33200
 RUSER    16         632.80000
 RUSER    25         1
 RUSER    26         0
 END       0    0.00
 NY      162
  7.50000E-07  8.75000E-07  1.00000E-06  1.12500E-06  1.25000E-06  1.37500E-06
  1.50000E-06  1.62500E-06  1.75000E-06  1.87500E-06  2.00000E-06  2.25000E-06
  2.50000E-06  2.75000E-06  3.00000E-06  3.25000E-06  3.50000E-06  3.75000E-06
  4.00000E-06  4.50000E-06  5.00000E-06  5.50000E-06  6.00000E-06  6.50000E-06
  7.00000E-06  7.50000E-06  8.00000E-06  9.00000E-06  1.00000E-05  1.10000E-05
  1.20000E-05  1.30000E-05  1.40000E-05  1.50000E-05  1.60000E-05  1.80000E-05
  2.00000E-05  2.20000E-05  2.40000E-05  2.60000E-05  2.80000E-05  3.00000E-05
  3.20000E-05  3.60000E-05  4.00000E-05  4.40000E-05  4.80000E-05  5.20000E-05
  5.60000E-05  6.00000E-05  6.40000E-05  7.20000E-05  8.00000E-05  8.80000E-05
  9.60000E-05  1.04000E-04  1.12000E-04  1.20000E-04  1.28000E-04  1.44000E-04
  1.60000E-04  1.76000E-04  1.92000E-04  2.08000E-04  2.24000E-04  2.40000E-04
  2.56000E-04  2.88000E-04  3.20000E-04  3.52000E-04  3.84000E-04  4.16000E-04
  4.48000E-04  4.80000E-04  5.12000E-04  5.76000E-04  6.40000E-04  7.04000E-04
  7.68000E-04  8.32000E-04  8.96000E-04  9.60000E-04  1.02400E-03  1.15200E-03
  1.28000E-03  1.40800E-03  1.53600E-03  1.66400E-03  1.79200E-03  1.92000E-03
  2.01600E-03  2.27200E-03  2.52800E-03  2.78400E-03  3.04000E-03  3.29600E-03
  3.55200E-03  3.80800E-03  4.06400E-03  4.57600E-03  5.08800E-03  5.60000E-03
  6.11200E-03  6.62400E-03  7.13600E-03  7.64800E-03  8.16000E-03  9.18400E-03
  1.02080E-02  1.12320E-02  1.22560E-02  1.32800E-02  1.43040E-02  1.53280E-02
  1.63520E-02  1.84000E-02  2.04480E-02  2.24960E-02  2.45440E-02  2.65920E-02
  2.86400E-02  3.06880E-02  3.27360E-02  3.68320E-02  4.09280E-02  4.50240E-02
  4.91200E-02  5.32160E-02  5.73120E-02  6.14080E-02  6.55040E-02  7.36960E-02
  8.18880E-02  9.00800E-02  9.82720E-02  1.06464E-01  1.14656E-01  1.22848E-01
  1.31040E-01  1.47424E-01  1.63808E-01  1.80192E-01  1.96576E-01  2.12960E-01
  2.29344E-01  2.45728E-01  2.62112E-01  2.94880E-01  3.27648E-01  3.60416E-01
  3.93184E-01  4.25952E-01  4.58720E-01  4.91488E-01  5.24256E-01  5.89792E-01
  6.55328E-01  7.20864E-01  7.86400E-01  8.51936E-01  9.17472E-01  9.83008E-01
  9.99373E-01  9.98023E-01  9.85427E-01  9.86863E-01  1.00000E+00  9.88289E-01
  9.82239E-01  9.84389E-01  9.92373E-01  9.87944E-01  9.92127E-01  9.86784E-01
  9.84337E-01  9.84919E-01  9.83180E-01  9.83217E-01  9.83504E-01  9.84724E-01
  9.79489E-01  9.71316E-01  9.69637E-01  9.73264E-01  9.68151E-01  9.65075E-01
  9.65756E-01  9.60476E-01  9.55501E-01  9.54861E-01  9.47480E-01  9.45243E-01
  9.39351E-01  9.37636E-01  9.31639E-01  9.29901E-01  9.25519E-01  9.17978E-01
  9.09050E-01  9.00176E-01  8.92011E-01  8.85136E-01  8.76566E-01  8.67783E-01
  8.58736E-01  8.41965E-01  8.28820E-01  8.12590E-01  7.97744E-01  7.83470E-01
  7.70298E-01  7.55702E-01  7.42947E-01  7.15948E-01  6.89694E-01  6.65136E-01
  6.40039E-01  6.18333E-01  5.94929E-01  5.73742E-01  5.52237E-01  5.13595E-01
  4.76839E-01  4.42404E-01  4.10401E-01  3.81191E-01  3.54675E-01  3.29834E-01
  3.06197E-01  2.63366E-01  2.26937E-01  1.95831E-01  1.69612E-01  1.45772E-01
  1.25319E-01  1.07984E-01  9.26356E-02  6.75528E-02  4.91556E-02  3.62901E-02
  2.79121E-02  2.06004E-02  1.43179E-02  1.02584E-02  7.95827E-03  4.91491E-03
  1.58350E-03 -1.15341E-03 -3.02528E-03 -4.91755E-03 -4.72958E-03 -3.17329E-03
 -1.06428E-03  3.68961E-03  2.68582E-03 -1.16596E-03 -1.77424E-03 -1.68595E-03
 -2.94409E-04 -7.32883E-04 -5.30675E-04 -8.61704E-04 -1.29756E-03  1.52978E-03
  2.59921E-03  3.21248E-03 -6.10524E-04 -1.28756E-03  2.30705E-03 -1.60937E-03
 -4.23799E-03 -2.06338E-03 -2.66522E-03  3.52970E-04 -2.34450E-03 -3.83520E-03
 -2.05652E-03 -2.09932E-04 -9.19405E-04 -1.09322E-03  8.93101E-04  4.02178E-04
  6.26783E-06 -3.30390E-03 -1.92584E-03 -1.76985E-03 -7.10743E-04  1.57404E-03
  1.66419E-04 -2.32992E-03 -6.18596E-04  1.46646E-03  8.81886E-04  9.11772E-04
 -1.27568E-04 -1.62018E-04 -3.52824E-04  2.00436E-03  3.49997E-04 -1.23377E-03
  3.74769E-04 -1.32234E-03  1.17884E-03 -5.69213E-04 -5.07255E-04 -1.00511E-04
  6.81293E-05  1.45990E-03  3.78811E-04 -4.03189E-04 -2.21395E-04  4.46896E-04
 -3.86199E-04 -1.29481E-03  7.19213E-04 -7.04086E-04 -5.68330E-04  2.25272E-04
 -6.87931E-04  4.79779E-04 -4.72704E-04  2.47993E-04 -3.27552E-04  1.80802E-04
