AutoSaveFileName0288.ASC
 IFORMY    0    .00
 (6E13.7)
 IFORMT    0    .00
 (6E13.7)
 IFORMW    0    .00
 (6E13.7)
 NINTT     0   -1.00
 DOUSNQ    0    1.00
 IQUAD     0    1.00
 PRWT      0    1.00
 PRY       0    1.00
 IPLRES    1    3.00
 IPLRES    2    3.00
 IPRINT    1    0.00
 IPRINT    2    2.00
 IPLFIT    1    0.00
 IPLFIT    2    0.00
 LINEPG    0   50.
 NONNEG    1    1.00
 IWT       0    5.00
 NQPROG    1    5.00
 NQPROG    2    5.00
 GMNMX     1    2.80465E-03
 GMNMX     2    1.00680E-03
 RUSER    10    -1.00
 NG        0    500.00
 NLINF     0    1.00
 IUSER    10    4.00
 RUSER    21    1.0
 RUSER    22   -1.0
 RUSER    23    0.0
 RUSER    18         292.16417
 RUSER    17         154.99900
 RUSER    19         1.02632
 RUSER    15         1.33200
 RUSER    16         632.80000
 RUSER    25         1
 RUSER    26         0
 END       0    0.00
 NY      162
  7.50000E-07  8.75000E-07  1.00000E-06  1.12500E-06  1.25000E-06  1.37500E-06
  1.50000E-06  1.62500E-06  1.75000E-06  1.87500E-06  2.00000E-06  2.25000E-06
  2.50000E-06  2.75000E-06  3.00000E-06  3.25000E-06  3.50000E-06  3.75000E-06
  4.00000E-06  4.50000E-06  5.00000E-06  5.50000E-06  6.00000E-06  6.50000E-06
  7.00000E-06  7.50000E-06  8.00000E-06  9.00000E-06  1.00000E-05  1.10000E-05
  1.20000E-05  1.30000E-05  1.40000E-05  1.50000E-05  1.60000E-05  1.80000E-05
  2.00000E-05  2.20000E-05  2.40000E-05  2.60000E-05  2.80000E-05  3.00000E-05
  3.20000E-05  3.60000E-05  4.00000E-05  4.40000E-05  4.80000E-05  5.20000E-05
  5.60000E-05  6.00000E-05  6.40000E-05  7.20000E-05  8.00000E-05  8.80000E-05
  9.60000E-05  1.04000E-04  1.12000E-04  1.20000E-04  1.28000E-04  1.44000E-04
  1.60000E-04  1.76000E-04  1.92000E-04  2.08000E-04  2.24000E-04  2.40000E-04
  2.56000E-04  2.88000E-04  3.20000E-04  3.52000E-04  3.84000E-04  4.16000E-04
  4.48000E-04  4.80000E-04  5.12000E-04  5.76000E-04  6.40000E-04  7.04000E-04
  7.68000E-04  8.32000E-04  8.96000E-04  9.60000E-04  1.02400E-03  1.15200E-03
  1.28000E-03  1.40800E-03  1.53600E-03  1.66400E-03  1.79200E-03  1.92000E-03
  2.01600E-03  2.27200E-03  2.52800E-03  2.78400E-03  3.04000E-03  3.29600E-03
  3.55200E-03  3.80800E-03  4.06400E-03  4.57600E-03  5.08800E-03  5.60000E-03
  6.11200E-03  6.62400E-03  7.13600E-03  7.64800E-03  8.16000E-03  9.18400E-03
  1.02080E-02  1.12320E-02  1.22560E-02  1.32800E-02  1.43040E-02  1.53280E-02
  1.63520E-02  1.84000E-02  2.04480E-02  2.24960E-02  2.45440E-02  2.65920E-02
  2.86400E-02  3.06880E-02  3.27360E-02  3.68320E-02  4.09280E-02  4.50240E-02
  4.91200E-02  5.32160E-02  5.73120E-02  6.14080E-02  6.55040E-02  7.36960E-02
  8.18880E-02  9.00800E-02  9.82720E-02  1.06464E-01  1.14656E-01  1.22848E-01
  1.31040E-01  1.47424E-01  1.63808E-01  1.80192E-01  1.96576E-01  2.12960E-01
  2.29344E-01  2.45728E-01  2.62112E-01  2.94880E-01  3.27648E-01  3.60416E-01
  3.93184E-01  4.25952E-01  4.58720E-01  4.91488E-01  5.24256E-01  5.89792E-01
  6.55328E-01  7.20864E-01  7.86400E-01  8.51936E-01  9.17472E-01  9.83008E-01
  1.00000E+00  9.98753E-01  9.97779E-01  9.97787E-01  9.95838E-01  9.96389E-01
  9.93931E-01  9.94167E-01  9.95117E-01  9.91704E-01  9.91126E-01  9.89182E-01
  9.87807E-01  9.86212E-01  9.84315E-01  9.83574E-01  9.79997E-01  9.80065E-01
  9.78707E-01  9.76075E-01  9.71647E-01  9.67999E-01  9.65485E-01  9.62946E-01
  9.58268E-01  9.57181E-01  9.54269E-01  9.47075E-01  9.41179E-01  9.35216E-01
  9.29157E-01  9.23157E-01  9.16619E-01  9.10825E-01  9.05554E-01  8.93374E-01
  8.81874E-01  8.70438E-01  8.59323E-01  8.48519E-01  8.37349E-01  8.26727E-01
  8.16261E-01  7.94662E-01  7.75096E-01  7.55042E-01  7.36017E-01  7.17101E-01
  6.98927E-01  6.80997E-01  6.63860E-01  6.30560E-01  5.98833E-01  5.68928E-01
  5.40394E-01  5.13301E-01  4.87769E-01  4.63444E-01  4.40698E-01  3.97638E-01
  3.59065E-01  3.24222E-01  2.92916E-01  2.64395E-01  2.38846E-01  2.15526E-01
  1.95195E-01  1.59194E-01  1.30030E-01  1.06761E-01  8.79744E-02  7.25338E-02
  5.99835E-02  4.95503E-02  4.12379E-02  2.83370E-02  1.92516E-02  1.27080E-02
  7.66790E-03  4.85950E-03  3.21612E-03  2.26354E-03  2.11359E-03  2.50719E-03
  1.53457E-03  7.79896E-04  1.09092E-03  7.85823E-04  7.25150E-04  9.62370E-04
  1.06848E-03  7.32225E-04  5.42822E-04 -1.28304E-03 -2.08955E-03 -2.28630E-03
 -1.02969E-03  3.18730E-04  1.14622E-04 -6.71369E-04  3.42683E-04 -8.68976E-05
 -4.93276E-04 -7.83099E-04 -5.31203E-04 -1.14299E-03 -1.16818E-04  1.08825E-04
 -1.09898E-03  4.10303E-04  7.60795E-04 -5.19595E-04 -7.41808E-04  5.83890E-04
  5.06504E-04 -1.66733E-04  9.18850E-04 -2.38388E-04 -5.70578E-04 -4.16141E-04
 -4.92894E-04 -6.89981E-04 -9.12430E-05 -1.38855E-05 -4.02679E-04 -7.41911E-05
  5.33970E-04 -2.54019E-04  6.79440E-05  4.62754E-04  1.33189E-05 -2.05591E-04
  3.14323E-05 -2.03075E-04 -5.06465E-06 -8.16829E-06  1.37048E-04  2.46045E-06
  1.67190E-05  1.16450E-05  3.85915E-04  1.49665E-05 -1.95738E-04  2.92008E-04
 -1.72156E-04  2.47992E-05  3.72962E-04 -2.19941E-04 -2.39297E-05  2.05393E-04
  1.82831E-04 -6.55220E-05 -1.98074E-06 -1.78472E-04 -7.78346E-05 -8.78202E-05
 -5.24548E-05 -1.51886E-05 -3.48919E-06  1.82721E-04 -2.00558E-04  2.69945E-04
