AutoSaveFileName0040.ASC
 IFORMY    0    .00
 (6E13.7)
 IFORMT    0    .00
 (6E13.7)
 IFORMW    0    .00
 (6E13.7)
 NINTT     0   -1.00
 DOUSNQ    0    1.00
 IQUAD          1.00
 PRWT      0    1.00
 PRY       0    1.00
 IPLRES    1    3.00
 IPLRES    2    3.00
 IPRINT    1    0.00
 IPRINT    2    2.00
 IPLFIT    1    0.00
 IPLFIT    2    0.00
 LINEPG    0   50.
 NONNEG    1    1.00
 IWT       0    5.00
 NQPROG    1    5.00
 NQPROG    2    5.00
 GMNMX     1    7.580E-05
 GMNMX     2    7.580E-02
 RUSER    10    -1.00
 NG        0    200.00
 NLINF     0    0.00
 IUSER    10    4.00
 RUSER    21    1.0
 RUSER    22   -1.0
 RUSER    23    0.0
 RUSER    18         292.16943
 RUSER    17         34.99800
 RUSER    19         1.02619
 RUSER    15         1.33200
 RUSER    16         632.80000
 RUSER    25         1
 RUSER    26         0
 END       0    0.00
 NY      188
  5.00000E-07  6.25000E-07  7.50000E-07  8.75000E-07  1.00000E-06  1.12500E-06
  1.25000E-06  1.37500E-06  1.50000E-06  1.62500E-06  1.75000E-06  1.87500E-06
  2.00000E-06  2.25000E-06  2.50000E-06  2.75000E-06  3.00000E-06  3.25000E-06
  3.50000E-06  3.75000E-06  4.00000E-06  4.50000E-06  5.00000E-06  5.50000E-06
  6.00000E-06  6.50000E-06  7.00000E-06  7.50000E-06  8.00000E-06  9.00000E-06
  1.00000E-05  1.10000E-05  1.20000E-05  1.30000E-05  1.40000E-05  1.50000E-05
  1.60000E-05  1.80000E-05  2.00000E-05  2.20000E-05  2.40000E-05  2.60000E-05
  2.80000E-05  3.00000E-05  3.20000E-05  3.60000E-05  4.00000E-05  4.40000E-05
  4.80000E-05  5.20000E-05  5.60000E-05  6.00000E-05  6.40000E-05  7.20000E-05
  8.00000E-05  8.80000E-05  9.60000E-05  1.04000E-04  1.12000E-04  1.20000E-04
  1.28000E-04  1.44000E-04  1.60000E-04  1.76000E-04  1.92000E-04  2.08000E-04
  2.24000E-04  2.40000E-04  2.56000E-04  2.88000E-04  3.20000E-04  3.52000E-04
  3.84000E-04  4.16000E-04  4.48000E-04  4.80000E-04  5.12000E-04  5.76000E-04
  6.40000E-04  7.04000E-04  7.68000E-04  8.32000E-04  8.96000E-04  9.60000E-04
  1.02400E-03  1.15200E-03  1.28000E-03  1.40800E-03  1.53600E-03  1.66400E-03
  1.79200E-03  1.92000E-03  2.01600E-03  2.27200E-03  2.52800E-03  2.78400E-03
  3.04000E-03  3.29600E-03  3.55200E-03  3.80800E-03  4.06400E-03  4.57600E-03
  5.08800E-03  5.60000E-03  6.11200E-03  6.62400E-03  7.13600E-03  7.64800E-03
  8.16000E-03  9.18400E-03  1.02080E-02  1.12320E-02  1.22560E-02  1.32800E-02
  1.43040E-02  1.53280E-02  1.63520E-02  1.84000E-02  2.04480E-02  2.24960E-02
  2.45440E-02  2.65920E-02  2.86400E-02  3.06880E-02  3.27360E-02  3.68320E-02
  4.09280E-02  4.50240E-02  4.91200E-02  5.32160E-02  5.73120E-02  6.14080E-02
  6.55040E-02  7.36960E-02  8.18880E-02  9.00800E-02  9.82720E-02  1.06464E-01
  1.14656E-01  1.22848E-01  1.31040E-01  1.47424E-01  1.63808E-01  1.80192E-01
  1.96576E-01  2.12960E-01  2.29344E-01  2.45728E-01  2.62112E-01  2.94880E-01
  3.27648E-01  3.60416E-01  3.93184E-01  4.25952E-01  4.58720E-01  4.91488E-01
  5.24256E-01  5.89792E-01  6.55328E-01  7.20864E-01  7.86400E-01  8.51936E-01
  9.17472E-01  9.83008E-01  1.04854E+00  1.17962E+00  1.31069E+00  1.44176E+00
  1.57283E+00  1.70390E+00  1.83498E+00  1.96605E+00  2.09712E+00  2.35926E+00
  2.62141E+00  2.88355E+00  3.14570E+00  3.40784E+00  3.66998E+00  3.93213E+00
  4.19427E+00  4.71856E+00  5.24285E+00  5.76714E+00  6.29142E+00  6.81571E+00
  7.34000E+00  7.86429E+00
  9.86407E-01  9.89126E-01  9.81605E-01  9.95520E-01  9.85410E-01  9.96909E-01
  9.81453E-01  9.86740E-01  9.88371E-01  9.89620E-01  9.96395E-01  9.89035E-01
  9.87357E-01  9.89090E-01  9.80043E-01  9.84242E-01  9.89593E-01  9.89804E-01
  9.88385E-01  9.83029E-01  9.86986E-01  9.85239E-01  9.87829E-01  9.86706E-01
  9.86530E-01  9.90704E-01  9.84193E-01  9.81922E-01  9.85255E-01  9.85673E-01
  9.87610E-01  9.83559E-01  9.86374E-01  9.86076E-01  9.88207E-01  9.84170E-01
  9.86953E-01  9.85935E-01  9.85262E-01  9.85137E-01  9.84883E-01  9.85425E-01
  9.86904E-01  9.84162E-01  9.86657E-01  9.85718E-01  9.86749E-01  9.86095E-01
  9.84482E-01  9.84831E-01  9.85425E-01  9.85388E-01  9.85439E-01  9.84587E-01
  9.83684E-01  9.83614E-01  9.82331E-01  9.82332E-01  9.83237E-01  9.82721E-01
  9.81671E-01  9.81916E-01  9.80576E-01  9.79748E-01  9.79926E-01  9.80247E-01
  9.77713E-01  9.78609E-01  9.77161E-01  9.75756E-01  9.74275E-01  9.73012E-01
  9.71798E-01  9.71136E-01  9.69550E-01  9.68821E-01  9.67383E-01  9.64902E-01
  9.62383E-01  9.59963E-01  9.57715E-01  9.55701E-01  9.53197E-01  9.50862E-01
  9.48751E-01  9.44088E-01  9.39686E-01  9.34916E-01  9.30429E-01  9.25965E-01
  9.21158E-01  9.17120E-01  9.11401E-01  9.02506E-01  8.94115E-01  8.85608E-01
  8.77484E-01  8.69089E-01  8.61035E-01  8.52702E-01  8.45259E-01  8.29739E-01
  8.14903E-01  8.00613E-01  7.86740E-01  7.73104E-01  7.59838E-01  7.46261E-01
  7.34152E-01  7.10009E-01  6.87600E-01  6.65023E-01  6.43903E-01  6.23886E-01
  6.04830E-01  5.86103E-01  5.69141E-01  5.34298E-01  5.02692E-01  4.72043E-01
  4.41391E-01  4.10945E-01  3.82628E-01  3.57811E-01  3.36208E-01  2.95063E-01
  2.58152E-01  2.27492E-01  2.04280E-01  1.88319E-01  1.72225E-01  1.53577E-01
  1.38317E-01  1.13052E-01  9.95953E-02  9.59179E-02  1.01635E-01  1.10065E-01
  1.05360E-01  9.51199E-02  7.85979E-02  5.58569E-02  3.44666E-02  4.21631E-03
 -2.56102E-02 -4.18771E-02 -3.98468E-02 -4.38120E-02 -3.52450E-02 -2.52297E-02
 -3.71629E-02 -8.78092E-03  1.82412E-02  1.93174E-02  2.39507E-02  2.12575E-02
  4.54025E-03 -2.89721E-02 -1.49727E-02 -1.11769E-02  1.64528E-02  3.80299E-02
  6.23492E-02  3.56745E-02  1.04934E-02 -3.52263E-02 -4.56024E-02 -4.41112E-02
 -3.29740E-02 -5.82950E-03 -8.63720E-03 -1.56567E-02 -3.52511E-02 -4.35150E-02
 -8.56643E-03 -1.90554E-02 -5.32108E-02 -2.51132E-03 -6.31982E-03 -5.52833E-03
  3.61536E-02 -8.62527E-03 -4.83862E-03  3.01525E-02 -3.21152E-02  1.86688E-02
 -5.73208E-02  3.47205E-02
