AutoSaveFileName0243.ASC
 IFORMY    0    .00
 (6E13.7)
 IFORMT    0    .00
 (6E13.7)
 IFORMW    0    .00
 (6E13.7)
 NINTT     0   -1.00
 DOUSNQ    0    1.00
 IQUAD          1.00
 PRWT      0    1.00
 PRY       0    1.00
 IPLRES    1    3.00
 IPLRES    2    3.00
 IPRINT    1    0.00
 IPRINT    2    2.00
 IPLFIT    1    0.00
 IPLFIT    2    0.00
 LINEPG    0   50.
 NONNEG    1    1.00
 IWT       0    5.00
 NQPROG    1    5.00
 NQPROG    2    5.00
 GMNMX     1    1.244E-05
 GMNMX     2    1.244E-02
 RUSER    10    -1.00
 NG        0    200.00
 NLINF     0    0.00
 IUSER    10    4.00
 RUSER    21    1.0
 RUSER    22   -1.0
 RUSER    23    0.0
 RUSER    18         292.08787
 RUSER    17         95.99900
 RUSER    19         1.02826
 RUSER    15         1.33200
 RUSER    16         632.80000
 RUSER    25         1
 RUSER    26         0
 END       0    0.00
 NY      131
  3.75000E-07  5.00000E-07  6.25000E-07  7.50000E-07  8.75000E-07  1.00000E-06
  1.12500E-06  1.25000E-06  1.37500E-06  1.50000E-06  1.62500E-06  1.75000E-06
  1.87500E-06  2.00000E-06  2.25000E-06  2.50000E-06  2.75000E-06  3.00000E-06
  3.25000E-06  3.50000E-06  3.75000E-06  4.00000E-06  4.50000E-06  5.00000E-06
  5.50000E-06  6.00000E-06  6.50000E-06  7.00000E-06  7.50000E-06  8.00000E-06
  9.00000E-06  1.00000E-05  1.10000E-05  1.20000E-05  1.30000E-05  1.40000E-05
  1.50000E-05  1.60000E-05  1.80000E-05  2.00000E-05  2.20000E-05  2.40000E-05
  2.60000E-05  2.80000E-05  3.00000E-05  3.20000E-05  3.60000E-05  4.00000E-05
  4.40000E-05  4.80000E-05  5.20000E-05  5.60000E-05  6.00000E-05  6.40000E-05
  7.20000E-05  8.00000E-05  8.80000E-05  9.60000E-05  1.04000E-04  1.12000E-04
  1.20000E-04  1.28000E-04  1.44000E-04  1.60000E-04  1.76000E-04  1.92000E-04
  2.08000E-04  2.24000E-04  2.40000E-04  2.56000E-04  2.88000E-04  3.20000E-04
  3.52000E-04  3.84000E-04  4.16000E-04  4.48000E-04  4.80000E-04  5.12000E-04
  5.76000E-04  6.40000E-04  7.04000E-04  7.68000E-04  8.32000E-04  8.96000E-04
  9.60000E-04  1.02400E-03  1.15200E-03  1.28000E-03  1.40800E-03  1.53600E-03
  1.66400E-03  1.79200E-03  1.92000E-03  2.01600E-03  2.27200E-03  2.52800E-03
  2.78400E-03  3.04000E-03  3.29600E-03  3.55200E-03  3.80800E-03  4.06400E-03
  4.57600E-03  5.08800E-03  5.60000E-03  6.11200E-03  6.62400E-03  7.13600E-03
  7.64800E-03  8.16000E-03  9.18400E-03  1.02080E-02  1.12320E-02  1.22560E-02
  1.32800E-02  1.43040E-02  1.53280E-02  1.63520E-02  1.84000E-02  2.04480E-02
  2.24960E-02  2.45440E-02  2.65920E-02  2.86400E-02  3.06880E-02  3.27360E-02
  3.68320E-02  4.09280E-02  4.50240E-02  4.91200E-02  5.32160E-02
  8.38325E-01  8.35711E-01  8.32886E-01  8.35408E-01  8.31400E-01  8.30783E-01
  8.32819E-01  8.29343E-01  8.32949E-01  8.35965E-01  8.33162E-01  8.33408E-01
  8.33438E-01  8.31039E-01  8.31971E-01  8.30672E-01  8.30599E-01  8.31514E-01
  8.32739E-01  8.28656E-01  8.30530E-01  8.30927E-01  8.31675E-01  8.29543E-01
  8.29826E-01  8.28946E-01  8.28961E-01  8.29470E-01  8.28935E-01  8.29535E-01
  8.28375E-01  8.29106E-01  8.28417E-01  8.26823E-01  8.25709E-01  8.24995E-01
  8.25329E-01  8.24855E-01  8.23734E-01  8.23503E-01  8.22357E-01  8.20859E-01
  8.20586E-01  8.19029E-01  8.18906E-01  8.17679E-01  8.15372E-01  8.14064E-01
  8.12191E-01  8.09920E-01  8.07954E-01  8.06048E-01  8.04522E-01  8.02676E-01
  7.99074E-01  7.94854E-01  7.91355E-01  7.87799E-01  7.84118E-01  7.80777E-01
  7.76565E-01  7.73430E-01  7.66700E-01  7.59976E-01  7.52573E-01  7.45530E-01
  7.38845E-01  7.32162E-01  7.25448E-01  7.18654E-01  7.05290E-01  6.92586E-01
  6.80386E-01  6.67641E-01  6.55504E-01  6.43399E-01  6.31835E-01  6.20327E-01
  5.97896E-01  5.76636E-01  5.55950E-01  5.36099E-01  5.17160E-01  4.98887E-01
  4.81423E-01  4.64335E-01  4.32297E-01  4.02508E-01  3.75274E-01  3.49989E-01
  3.26699E-01  3.05194E-01  2.84983E-01  2.70339E-01  2.35061E-01  2.04425E-01
  1.76846E-01  1.52588E-01  1.31003E-01  1.11850E-01  9.51221E-02  8.08616E-02
  5.38695E-02  3.18190E-02  1.69481E-02  7.35669E-03  3.76816E-03  1.82781E-03
  1.62596E-03  2.37891E-03  5.90681E-03  2.97230E-03  2.12889E-03  1.08105E-03
 -2.45097E-03 -2.43385E-03  1.59123E-03  2.52385E-03 -2.15190E-03 -8.30534E-03
 -3.82666E-03  2.35192E-03 -2.75337E-03 -3.06741E-03 -8.88128E-03 -1.10787E-02
 -2.84872E-03  4.38074E-03  2.06987E-02  5.69960E-03 -4.80346E-03
