AutoSaveFileName0352.ASC
 IFORMY    0    .00
 (6E13.7)
 IFORMT    0    .00
 (6E13.7)
 IFORMW    0    .00
 (6E13.7)
 NINTT     0   -1.00
 DOUSNQ    0    1.00
 IQUAD          1.00
 PRWT      0    1.00
 PRY       0    1.00
 IPLRES    1    3.00
 IPLRES    2    3.00
 IPRINT    1    0.00
 IPRINT    2    2.00
 IPLFIT    1    0.00
 IPLFIT    2    0.00
 LINEPG    0   50.
 NONNEG    1    1.00
 IWT       0    5.00
 NQPROG    1    5.00
 NQPROG    2    5.00
 GMNMX     1    8.189E-06
 GMNMX     2    8.189E-03
 RUSER    10    -1.00
 NG        0    200.00
 NLINF     0    0.00
 IUSER    10    4.00
 RUSER    21    1.0
 RUSER    22   -1.0
 RUSER    23    0.0
 RUSER    18         292.27026
 RUSER    17         131.99900
 RUSER    19         1.02363
 RUSER    15         1.33200
 RUSER    16         632.80000
 RUSER    25         1
 RUSER    26         0
 END       0    0.00
 NY      131
  3.75000E-07  5.00000E-07  6.25000E-07  7.50000E-07  8.75000E-07  1.00000E-06
  1.12500E-06  1.25000E-06  1.37500E-06  1.50000E-06  1.62500E-06  1.75000E-06
  1.87500E-06  2.00000E-06  2.25000E-06  2.50000E-06  2.75000E-06  3.00000E-06
  3.25000E-06  3.50000E-06  3.75000E-06  4.00000E-06  4.50000E-06  5.00000E-06
  5.50000E-06  6.00000E-06  6.50000E-06  7.00000E-06  7.50000E-06  8.00000E-06
  9.00000E-06  1.00000E-05  1.10000E-05  1.20000E-05  1.30000E-05  1.40000E-05
  1.50000E-05  1.60000E-05  1.80000E-05  2.00000E-05  2.20000E-05  2.40000E-05
  2.60000E-05  2.80000E-05  3.00000E-05  3.20000E-05  3.60000E-05  4.00000E-05
  4.40000E-05  4.80000E-05  5.20000E-05  5.60000E-05  6.00000E-05  6.40000E-05
  7.20000E-05  8.00000E-05  8.80000E-05  9.60000E-05  1.04000E-04  1.12000E-04
  1.20000E-04  1.28000E-04  1.44000E-04  1.60000E-04  1.76000E-04  1.92000E-04
  2.08000E-04  2.24000E-04  2.40000E-04  2.56000E-04  2.88000E-04  3.20000E-04
  3.52000E-04  3.84000E-04  4.16000E-04  4.48000E-04  4.80000E-04  5.12000E-04
  5.76000E-04  6.40000E-04  7.04000E-04  7.68000E-04  8.32000E-04  8.96000E-04
  9.60000E-04  1.02400E-03  1.15200E-03  1.28000E-03  1.40800E-03  1.53600E-03
  1.66400E-03  1.79200E-03  1.92000E-03  2.01600E-03  2.27200E-03  2.52800E-03
  2.78400E-03  3.04000E-03  3.29600E-03  3.55200E-03  3.80800E-03  4.06400E-03
  4.57600E-03  5.08800E-03  5.60000E-03  6.11200E-03  6.62400E-03  7.13600E-03
  7.64800E-03  8.16000E-03  9.18400E-03  1.02080E-02  1.12320E-02  1.22560E-02
  1.32800E-02  1.43040E-02  1.53280E-02  1.63520E-02  1.84000E-02  2.04480E-02
  2.24960E-02  2.45440E-02  2.65920E-02  2.86400E-02  3.06880E-02  3.27360E-02
  3.68320E-02  4.09280E-02  4.50240E-02  4.91200E-02  5.32160E-02
  1.65423E+00  1.64623E+00  1.63588E+00  1.64740E+00  1.64171E+00  1.64002E+00
  1.64348E+00  1.63122E+00  1.62980E+00  1.63251E+00  1.64233E+00  1.64397E+00
  1.63590E+00  1.64062E+00  1.63592E+00  1.63914E+00  1.63978E+00  1.63651E+00
  1.63400E+00  1.63826E+00  1.63527E+00  1.63496E+00  1.63565E+00  1.63345E+00
  1.63380E+00  1.63173E+00  1.63132E+00  1.63304E+00  1.63046E+00  1.63059E+00
  1.62903E+00  1.62663E+00  1.62447E+00  1.62549E+00  1.62645E+00  1.62277E+00
  1.62014E+00  1.61810E+00  1.61583E+00  1.61229E+00  1.60884E+00  1.60598E+00
  1.60488E+00  1.60230E+00  1.59749E+00  1.59612E+00  1.59124E+00  1.58518E+00
  1.58060E+00  1.57651E+00  1.57039E+00  1.56409E+00  1.55939E+00  1.55470E+00
  1.54362E+00  1.53399E+00  1.52419E+00  1.51327E+00  1.50338E+00  1.49330E+00
  1.48366E+00  1.47296E+00  1.45401E+00  1.43398E+00  1.41611E+00  1.39713E+00
  1.37828E+00  1.35990E+00  1.34210E+00  1.32442E+00  1.28974E+00  1.25515E+00
  1.22309E+00  1.19072E+00  1.15973E+00  1.12922E+00  1.09992E+00  1.07123E+00
  1.01653E+00  9.65094E-01  9.16213E-01  8.70098E-01  8.26071E-01  7.83829E-01
  7.44008E-01  7.07512E-01  6.38478E-01  5.76179E-01  5.20559E-01  4.69881E-01
  4.24206E-01  3.83948E-01  3.47615E-01  3.22637E-01  2.63911E-01  2.17317E-01
  1.79412E-01  1.48889E-01  1.24222E-01  1.04456E-01  9.05315E-02  7.94747E-02
  6.08525E-02  4.61206E-02  3.61826E-02  2.79032E-02  1.86518E-02  1.10215E-02
  5.95375E-03  5.59365E-03  2.74063E-03  5.09580E-03  8.17808E-03  1.16236E-02
  1.33338E-02  6.53857E-03  1.81057E-04  1.58520E-03  1.13285E-02  9.75251E-03
 -4.94002E-04 -2.34073E-03  1.16431E-03  6.20116E-03  2.82256E-04 -8.43471E-03
 -6.77444E-03 -7.23889E-03  6.55623E-03  4.67539E-03  9.49556E-03
