AutoSaveFileName0008.ASC
 IFORMY    0    .00
 (6E13.7)
 IFORMT    0    .00
 (6E13.7)
 IFORMW    0    .00
 (6E13.7)
 NINTT     0   -1.00
 DOUSNQ    0    1.00
 IQUAD     0    1.00
 PRWT      0    1.00
 PRY       0    1.00
 IPLRES    1    3.00
 IPLRES    2    3.00
 IPRINT    1    0.00
 IPRINT    2    2.00
 IPLFIT    1    0.00
 IPLFIT    2    0.00
 LINEPG    0   50.
 NONNEG    1    1.00
 IWT       0    5.00
 NQPROG    1    5.00
 NQPROG    2    5.00
 GMNMX     1    1.58017E-01
 GMNMX     2    5.67239E-02
 RUSER    10    -1.00
 NG        0    500.00
 NLINF     0    1.00
 IUSER    10    4.00
 RUSER    21    1.0
 RUSER    22   -1.0
 RUSER    23    0.0
 RUSER    18         291.90025
 RUSER    17         15.00300
 RUSER    19         1.03305
 RUSER    15         1.33200
 RUSER    16         632.80000
 RUSER    25         1
 RUSER    26         0
 END       0    0.00
 NY      162
  7.50000E-07  8.75000E-07  1.00000E-06  1.12500E-06  1.25000E-06  1.37500E-06
  1.50000E-06  1.62500E-06  1.75000E-06  1.87500E-06  2.00000E-06  2.25000E-06
  2.50000E-06  2.75000E-06  3.00000E-06  3.25000E-06  3.50000E-06  3.75000E-06
  4.00000E-06  4.50000E-06  5.00000E-06  5.50000E-06  6.00000E-06  6.50000E-06
  7.00000E-06  7.50000E-06  8.00000E-06  9.00000E-06  1.00000E-05  1.10000E-05
  1.20000E-05  1.30000E-05  1.40000E-05  1.50000E-05  1.60000E-05  1.80000E-05
  2.00000E-05  2.20000E-05  2.40000E-05  2.60000E-05  2.80000E-05  3.00000E-05
  3.20000E-05  3.60000E-05  4.00000E-05  4.40000E-05  4.80000E-05  5.20000E-05
  5.60000E-05  6.00000E-05  6.40000E-05  7.20000E-05  8.00000E-05  8.80000E-05
  9.60000E-05  1.04000E-04  1.12000E-04  1.20000E-04  1.28000E-04  1.44000E-04
  1.60000E-04  1.76000E-04  1.92000E-04  2.08000E-04  2.24000E-04  2.40000E-04
  2.56000E-04  2.88000E-04  3.20000E-04  3.52000E-04  3.84000E-04  4.16000E-04
  4.48000E-04  4.80000E-04  5.12000E-04  5.76000E-04  6.40000E-04  7.04000E-04
  7.68000E-04  8.32000E-04  8.96000E-04  9.60000E-04  1.02400E-03  1.15200E-03
  1.28000E-03  1.40800E-03  1.53600E-03  1.66400E-03  1.79200E-03  1.92000E-03
  2.01600E-03  2.27200E-03  2.52800E-03  2.78400E-03  3.04000E-03  3.29600E-03
  3.55200E-03  3.80800E-03  4.06400E-03  4.57600E-03  5.08800E-03  5.60000E-03
  6.11200E-03  6.62400E-03  7.13600E-03  7.64800E-03  8.16000E-03  9.18400E-03
  1.02080E-02  1.12320E-02  1.22560E-02  1.32800E-02  1.43040E-02  1.53280E-02
  1.63520E-02  1.84000E-02  2.04480E-02  2.24960E-02  2.45440E-02  2.65920E-02
  2.86400E-02  3.06880E-02  3.27360E-02  3.68320E-02  4.09280E-02  4.50240E-02
  4.91200E-02  5.32160E-02  5.73120E-02  6.14080E-02  6.55040E-02  7.36960E-02
  8.18880E-02  9.00800E-02  9.82720E-02  1.06464E-01  1.14656E-01  1.22848E-01
  1.31040E-01  1.47424E-01  1.63808E-01  1.80192E-01  1.96576E-01  2.12960E-01
  2.29344E-01  2.45728E-01  2.62112E-01  2.94880E-01  3.27648E-01  3.60416E-01
  3.93184E-01  4.25952E-01  4.58720E-01  4.91488E-01  5.24256E-01  5.89792E-01
  6.55328E-01  7.20864E-01  7.86400E-01  8.51936E-01  9.17472E-01  9.83008E-01
  1.00000E+00  9.97548E-01  9.97560E-01  9.94260E-01  9.99587E-01  9.97005E-01
  9.93675E-01  9.97557E-01  9.97797E-01  9.93108E-01  9.95613E-01  9.94252E-01
  9.93825E-01  9.95133E-01  9.94851E-01  9.97523E-01  9.94874E-01  9.94163E-01
  9.95493E-01  9.93412E-01  9.95203E-01  9.95136E-01  9.95292E-01  9.95454E-01
  9.94762E-01  9.94411E-01  9.95195E-01  9.94860E-01  9.95627E-01  9.94974E-01
  9.94425E-01  9.95909E-01  9.94400E-01  9.95022E-01  9.95482E-01  9.94528E-01
  9.94771E-01  9.94472E-01  9.95008E-01  9.94966E-01  9.94634E-01  9.94115E-01
  9.94048E-01  9.94450E-01  9.93638E-01  9.93987E-01  9.93719E-01  9.93382E-01
  9.93312E-01  9.93457E-01  9.92933E-01  9.92584E-01  9.92322E-01  9.92325E-01
  9.92009E-01  9.91097E-01  9.90743E-01  9.90495E-01  9.90211E-01  9.89541E-01
  9.88760E-01  9.87946E-01  9.87218E-01  9.86794E-01  9.86083E-01  9.85391E-01
  9.84560E-01  9.83322E-01  9.82025E-01  9.80814E-01  9.79755E-01  9.78578E-01
  9.77331E-01  9.75652E-01  9.74659E-01  9.72286E-01  9.69985E-01  9.67633E-01
  9.65491E-01  9.63291E-01  9.60929E-01  9.58577E-01  9.56617E-01  9.52246E-01
  9.48021E-01  9.43751E-01  9.39517E-01  9.35571E-01  9.31267E-01  9.27287E-01
  9.25360E-01  9.17367E-01  9.09471E-01  9.01885E-01  8.94316E-01  8.86964E-01
  8.79595E-01  8.72394E-01  8.65327E-01  8.51345E-01  8.37738E-01  8.24529E-01
  8.11716E-01  7.99308E-01  7.87315E-01  7.75582E-01  7.64149E-01  7.42211E-01
  7.21728E-01  7.02283E-01  6.83890E-01  6.66394E-01  6.49970E-01  6.34293E-01
  6.19374E-01  5.91194E-01  5.64946E-01  5.41441E-01  5.20646E-01  5.01254E-01
  4.83368E-01  4.66784E-01  4.51676E-01  4.25141E-01  4.02729E-01  3.82553E-01
  3.63632E-01  3.47453E-01  3.33134E-01  3.18977E-01  3.05690E-01  2.81437E-01
  2.62371E-01  2.48172E-01  2.37005E-01  2.27053E-01  2.16712E-01  2.08503E-01
  2.00997E-01  1.83179E-01  1.67524E-01  1.50611E-01  1.32929E-01  1.16837E-01
  1.01205E-01  9.06978E-02  8.21308E-02  6.82858E-02  6.05786E-02  5.57572E-02
  4.68787E-02  4.11230E-02  4.39290E-02  3.64405E-02  3.98724E-02  3.01775E-02
  1.31092E-02  3.48756E-03  9.55869E-03 -9.81244E-03 -1.18375E-02 -8.09139E-03
