AutoSaveFileName0239.ASC
 IFORMY    0    .00
 (6E13.7)
 IFORMT    0    .00
 (6E13.7)
 IFORMW    0    .00
 (6E13.7)
 NINTT     0   -1.00
 DOUSNQ    0    1.00
 IQUAD     0    1.00
 PRWT      0    1.00
 PRY       0    1.00
 IPLRES    1    3.00
 IPLRES    2    3.00
 IPRINT    1    0.00
 IPRINT    2    2.00
 IPLFIT    1    0.00
 IPLFIT    2    0.00
 LINEPG    0   50.
 NONNEG    1    1.00
 IWT       0    5.00
 NQPROG    1    5.00
 NQPROG    2    5.00
 GMNMX     1    3.25885E-03
 GMNMX     2    1.16984E-03
 RUSER    10    -1.00
 NG        0    500.00
 NLINF     0    1.00
 IUSER    10    4.00
 RUSER    21    1.0
 RUSER    22   -1.0
 RUSER    23    0.0
 RUSER    18         292.11746
 RUSER    17         129.99900
 RUSER    19         1.02751
 RUSER    15         1.33200
 RUSER    16         632.80000
 RUSER    25         1
 RUSER    26         0
 END       0    0.00
 NY      162
  7.50000E-07  8.75000E-07  1.00000E-06  1.12500E-06  1.25000E-06  1.37500E-06
  1.50000E-06  1.62500E-06  1.75000E-06  1.87500E-06  2.00000E-06  2.25000E-06
  2.50000E-06  2.75000E-06  3.00000E-06  3.25000E-06  3.50000E-06  3.75000E-06
  4.00000E-06  4.50000E-06  5.00000E-06  5.50000E-06  6.00000E-06  6.50000E-06
  7.00000E-06  7.50000E-06  8.00000E-06  9.00000E-06  1.00000E-05  1.10000E-05
  1.20000E-05  1.30000E-05  1.40000E-05  1.50000E-05  1.60000E-05  1.80000E-05
  2.00000E-05  2.20000E-05  2.40000E-05  2.60000E-05  2.80000E-05  3.00000E-05
  3.20000E-05  3.60000E-05  4.00000E-05  4.40000E-05  4.80000E-05  5.20000E-05
  5.60000E-05  6.00000E-05  6.40000E-05  7.20000E-05  8.00000E-05  8.80000E-05
  9.60000E-05  1.04000E-04  1.12000E-04  1.20000E-04  1.28000E-04  1.44000E-04
  1.60000E-04  1.76000E-04  1.92000E-04  2.08000E-04  2.24000E-04  2.40000E-04
  2.56000E-04  2.88000E-04  3.20000E-04  3.52000E-04  3.84000E-04  4.16000E-04
  4.48000E-04  4.80000E-04  5.12000E-04  5.76000E-04  6.40000E-04  7.04000E-04
  7.68000E-04  8.32000E-04  8.96000E-04  9.60000E-04  1.02400E-03  1.15200E-03
  1.28000E-03  1.40800E-03  1.53600E-03  1.66400E-03  1.79200E-03  1.92000E-03
  2.01600E-03  2.27200E-03  2.52800E-03  2.78400E-03  3.04000E-03  3.29600E-03
  3.55200E-03  3.80800E-03  4.06400E-03  4.57600E-03  5.08800E-03  5.60000E-03
  6.11200E-03  6.62400E-03  7.13600E-03  7.64800E-03  8.16000E-03  9.18400E-03
  1.02080E-02  1.12320E-02  1.22560E-02  1.32800E-02  1.43040E-02  1.53280E-02
  1.63520E-02  1.84000E-02  2.04480E-02  2.24960E-02  2.45440E-02  2.65920E-02
  2.86400E-02  3.06880E-02  3.27360E-02  3.68320E-02  4.09280E-02  4.50240E-02
  4.91200E-02  5.32160E-02  5.73120E-02  6.14080E-02  6.55040E-02  7.36960E-02
  8.18880E-02  9.00800E-02  9.82720E-02  1.06464E-01  1.14656E-01  1.22848E-01
  1.31040E-01  1.47424E-01  1.63808E-01  1.80192E-01  1.96576E-01  2.12960E-01
  2.29344E-01  2.45728E-01  2.62112E-01  2.94880E-01  3.27648E-01  3.60416E-01
  3.93184E-01  4.25952E-01  4.58720E-01  4.91488E-01  5.24256E-01  5.89792E-01
  6.55328E-01  7.20864E-01  7.86400E-01  8.51936E-01  9.17472E-01  9.83008E-01
  1.00000E+00  9.97461E-01  9.96923E-01  9.96439E-01  9.94561E-01  9.92724E-01
  9.93021E-01  9.91095E-01  9.89840E-01  9.90412E-01  9.89304E-01  9.87386E-01
  9.86321E-01  9.84631E-01  9.84946E-01  9.82060E-01  9.82207E-01  9.80050E-01
  9.78254E-01  9.75656E-01  9.72759E-01  9.70087E-01  9.67706E-01  9.63892E-01
  9.62656E-01  9.58824E-01  9.56427E-01  9.50402E-01  9.45530E-01  9.41185E-01
  9.33985E-01  9.29592E-01  9.25339E-01  9.21019E-01  9.15396E-01  9.04406E-01
  8.95400E-01  8.85082E-01  8.76256E-01  8.65975E-01  8.56040E-01  8.46605E-01
  8.37557E-01  8.18784E-01  8.01114E-01  7.83799E-01  7.66625E-01  7.49868E-01
  7.33296E-01  7.17308E-01  7.01620E-01  6.71292E-01  6.42195E-01  6.14600E-01
  5.87891E-01  5.62649E-01  5.38154E-01  5.14707E-01  4.92781E-01  4.51031E-01
  4.13004E-01  3.78258E-01  3.46128E-01  3.17281E-01  2.90682E-01  2.66272E-01
  2.44509E-01  2.05511E-01  1.72967E-01  1.45401E-01  1.22197E-01  1.02770E-01
  8.62630E-02  7.24773E-02  6.14406E-02  4.35280E-02  3.12314E-02  2.29711E-02
  1.67118E-02  1.22171E-02  8.51571E-03  6.12846E-03  4.51757E-03  2.40040E-03
  7.47736E-04  2.13894E-05 -4.28395E-04 -7.36108E-04 -6.78870E-04 -3.27361E-05
  4.65921E-04  1.55534E-04 -2.38107E-04 -1.52057E-04  4.86906E-04 -1.38112E-03
 -8.82338E-04  2.70867E-04  5.13224E-04  3.90182E-04 -1.51406E-04 -1.98679E-04
  5.48076E-04  5.06136E-04 -3.00108E-05 -9.50372E-06 -3.39772E-04  3.64068E-04
  3.97869E-04 -7.72030E-04 -2.34191E-04  3.74915E-05  3.31061E-04  6.44461E-04
  1.48071E-04 -6.11456E-04  5.87360E-04 -6.91214E-05  4.57860E-04  2.90321E-04
 -1.08659E-04  2.19281E-04  3.24469E-04  1.82022E-04 -3.28860E-04  1.84842E-05
 -2.63821E-04  4.02493E-04  6.17115E-04  5.39601E-05 -2.91465E-04  5.07145E-05
  1.39406E-04  7.13743E-05  1.52987E-05 -2.72131E-04  2.52937E-04 -5.11896E-04
  1.07741E-04 -2.92341E-04 -1.99242E-05 -2.87833E-05 -3.82825E-04  1.58471E-04
 -6.66262E-05 -4.29146E-05 -6.76723E-05  2.45569E-04 -5.53596E-05  1.28864E-04
  1.43016E-04 -4.22308E-05  2.36358E-05 -1.03710E-04 -1.07871E-04 -1.66294E-04
  9.04902E-05 -1.56960E-05  1.09515E-05 -7.59121E-05  1.22262E-04  4.22389E-07
