AutoSaveFileName0346.ASC
 IFORMY    0    .00
 (6E13.7)
 IFORMT    0    .00
 (6E13.7)
 IFORMW    0    .00
 (6E13.7)
 NINTT     0   -1.00
 DOUSNQ    0    1.00
 IQUAD          1.00
 PRWT      0    1.00
 PRY       0    1.00
 IPLRES    1    3.00
 IPLRES    2    3.00
 IPRINT    1    0.00
 IPRINT    2    2.00
 IPLFIT    1    0.00
 IPLFIT    2    0.00
 LINEPG    0   50.
 NONNEG    1    1.00
 IWT       0    5.00
 NQPROG    1    5.00
 NQPROG    2    5.00
 GMNMX     1    8.323E-06
 GMNMX     2    8.323E-03
 RUSER    10    -1.00
 NG        0    200.00
 NLINF     0    0.00
 IUSER    10    4.00
 RUSER    21    1.0
 RUSER    22   -1.0
 RUSER    23    0.0
 RUSER    18         292.25998
 RUSER    17         129.99900
 RUSER    19         1.02389
 RUSER    15         1.33200
 RUSER    16         632.80000
 RUSER    25         1
 RUSER    26         0
 END       0    0.00
 NY      131
  3.75000E-07  5.00000E-07  6.25000E-07  7.50000E-07  8.75000E-07  1.00000E-06
  1.12500E-06  1.25000E-06  1.37500E-06  1.50000E-06  1.62500E-06  1.75000E-06
  1.87500E-06  2.00000E-06  2.25000E-06  2.50000E-06  2.75000E-06  3.00000E-06
  3.25000E-06  3.50000E-06  3.75000E-06  4.00000E-06  4.50000E-06  5.00000E-06
  5.50000E-06  6.00000E-06  6.50000E-06  7.00000E-06  7.50000E-06  8.00000E-06
  9.00000E-06  1.00000E-05  1.10000E-05  1.20000E-05  1.30000E-05  1.40000E-05
  1.50000E-05  1.60000E-05  1.80000E-05  2.00000E-05  2.20000E-05  2.40000E-05
  2.60000E-05  2.80000E-05  3.00000E-05  3.20000E-05  3.60000E-05  4.00000E-05
  4.40000E-05  4.80000E-05  5.20000E-05  5.60000E-05  6.00000E-05  6.40000E-05
  7.20000E-05  8.00000E-05  8.80000E-05  9.60000E-05  1.04000E-04  1.12000E-04
  1.20000E-04  1.28000E-04  1.44000E-04  1.60000E-04  1.76000E-04  1.92000E-04
  2.08000E-04  2.24000E-04  2.40000E-04  2.56000E-04  2.88000E-04  3.20000E-04
  3.52000E-04  3.84000E-04  4.16000E-04  4.48000E-04  4.80000E-04  5.12000E-04
  5.76000E-04  6.40000E-04  7.04000E-04  7.68000E-04  8.32000E-04  8.96000E-04
  9.60000E-04  1.02400E-03  1.15200E-03  1.28000E-03  1.40800E-03  1.53600E-03
  1.66400E-03  1.79200E-03  1.92000E-03  2.01600E-03  2.27200E-03  2.52800E-03
  2.78400E-03  3.04000E-03  3.29600E-03  3.55200E-03  3.80800E-03  4.06400E-03
  4.57600E-03  5.08800E-03  5.60000E-03  6.11200E-03  6.62400E-03  7.13600E-03
  7.64800E-03  8.16000E-03  9.18400E-03  1.02080E-02  1.12320E-02  1.22560E-02
  1.32800E-02  1.43040E-02  1.53280E-02  1.63520E-02  1.84000E-02  2.04480E-02
  2.24960E-02  2.45440E-02  2.65920E-02  2.86400E-02  3.06880E-02  3.27360E-02
  3.68320E-02  4.09280E-02  4.50240E-02  4.91200E-02  5.32160E-02
  1.67326E+00  1.66371E+00  1.67460E+00  1.66326E+00  1.65847E+00  1.65905E+00
  1.65541E+00  1.66083E+00  1.65309E+00  1.65646E+00  1.66561E+00  1.66225E+00
  1.65679E+00  1.65514E+00  1.65174E+00  1.65426E+00  1.65679E+00  1.65766E+00
  1.65235E+00  1.65130E+00  1.65682E+00  1.65615E+00  1.65525E+00  1.65077E+00
  1.65056E+00  1.65206E+00  1.65141E+00  1.65062E+00  1.65109E+00  1.64887E+00
  1.64765E+00  1.64288E+00  1.64422E+00  1.64268E+00  1.64384E+00  1.64002E+00
  1.64012E+00  1.63594E+00  1.63473E+00  1.63290E+00  1.63033E+00  1.62667E+00
  1.62276E+00  1.62137E+00  1.61889E+00  1.61663E+00  1.61227E+00  1.60554E+00
  1.60114E+00  1.59636E+00  1.59012E+00  1.58541E+00  1.58100E+00  1.57486E+00
  1.56376E+00  1.55323E+00  1.54292E+00  1.53449E+00  1.52352E+00  1.51370E+00
  1.50289E+00  1.49357E+00  1.47436E+00  1.45504E+00  1.43558E+00  1.41788E+00
  1.39963E+00  1.38113E+00  1.36260E+00  1.34556E+00  1.31067E+00  1.27760E+00
  1.24481E+00  1.21281E+00  1.18081E+00  1.15018E+00  1.12097E+00  1.09279E+00
  1.03738E+00  9.85720E-01  9.36505E-01  8.90068E-01  8.45519E-01  8.03266E-01
  7.62937E-01  7.22703E-01  6.52127E-01  5.88806E-01  5.32236E-01  4.81745E-01
  4.36390E-01  3.94761E-01  3.57391E-01  3.33592E-01  2.73576E-01  2.24508E-01
  1.85180E-01  1.52918E-01  1.26733E-01  1.05366E-01  8.76063E-02  7.53190E-02
  5.79044E-02  4.82683E-02  4.11898E-02  3.03814E-02  2.01467E-02  1.27347E-02
  8.69970E-03  5.76960E-03  3.91612E-03  6.03176E-03 -5.29412E-04 -6.29636E-03
  6.63679E-04  9.29781E-03  1.34571E-02  6.49178E-03 -5.13411E-03  5.13366E-03
  1.23362E-02  2.72190E-03 -4.76144E-03  3.05832E-03  8.64419E-03  6.21724E-03
  4.13507E-03  5.18792E-03 -4.67470E-03  4.38829E-03 -4.14674E-05
