AutoSaveFileName0274.ASC
 IFORMY    0    .00
 (6E13.7)
 IFORMT    0    .00
 (6E13.7)
 IFORMW    0    .00
 (6E13.7)
 NINTT     0   -1.00
 DOUSNQ    0    1.00
 IQUAD          1.00
 PRWT      0    1.00
 PRY       0    1.00
 IPLRES    1    3.00
 IPLRES    2    3.00
 IPRINT    1    0.00
 IPRINT    2    2.00
 IPLFIT    1    0.00
 IPLFIT    2    0.00
 LINEPG    0   50.
 NONNEG    1    1.00
 IWT       0    5.00
 NQPROG    1    5.00
 NQPROG    2    5.00
 GMNMX     1    7.349E-06
 GMNMX     2    2.205E-03
 RUSER    10    -1.00
 NG        0    200.00
 NLINF     0    0.00
 IUSER    10    4.00
 RUSER    21    1.0
 RUSER    22   -1.0
 RUSER    23    0.0
 RUSER    18         292.15343
 RUSER    17         149.99900
 RUSER    19         0.00103
 RUSER    15         1.33200
 RUSER    16         0.00000
 RUSER    25         1
 RUSER    26         0
 END       0    0.00
 NY      131
  3.75000E-07  5.00000E-07  6.25000E-07  7.50000E-07  8.75000E-07  1.00000E-06
  1.12500E-06  1.25000E-06  1.37500E-06  1.50000E-06  1.62500E-06  1.75000E-06
  1.87500E-06  2.00000E-06  2.25000E-06  2.50000E-06  2.75000E-06  3.00000E-06
  3.25000E-06  3.50000E-06  3.75000E-06  4.00000E-06  4.50000E-06  5.00000E-06
  5.50000E-06  6.00000E-06  6.50000E-06  7.00000E-06  7.50000E-06  8.00000E-06
  9.00000E-06  1.00000E-05  1.10000E-05  1.20000E-05  1.30000E-05  1.40000E-05
  1.50000E-05  1.60000E-05  1.80000E-05  2.00000E-05  2.20000E-05  2.40000E-05
  2.60000E-05  2.80000E-05  3.00000E-05  3.20000E-05  3.60000E-05  4.00000E-05
  4.40000E-05  4.80000E-05  5.20000E-05  5.60000E-05  6.00000E-05  6.40000E-05
  7.20000E-05  8.00000E-05  8.80000E-05  9.60000E-05  1.04000E-04  1.12000E-04
  1.20000E-04  1.28000E-04  1.44000E-04  1.60000E-04  1.76000E-04  1.92000E-04
  2.08000E-04  2.24000E-04  2.40000E-04  2.56000E-04  2.88000E-04  3.20000E-04
  3.52000E-04  3.84000E-04  4.16000E-04  4.48000E-04  4.80000E-04  5.12000E-04
  5.76000E-04  6.40000E-04  7.04000E-04  7.68000E-04  8.32000E-04  8.96000E-04
  9.60000E-04  1.02400E-03  1.15200E-03  1.28000E-03  1.40800E-03  1.53600E-03
  1.66400E-03  1.79200E-03  1.92000E-03  2.01600E-03  2.27200E-03  2.52800E-03
  2.78400E-03  3.04000E-03  3.29600E-03  3.55200E-03  3.80800E-03  4.06400E-03
  4.57600E-03  5.08800E-03  5.60000E-03  6.11200E-03  6.62400E-03  7.13600E-03
  7.64800E-03  8.16000E-03  9.18400E-03  1.02080E-02  1.12320E-02  1.22560E-02
  1.32800E-02  1.43040E-02  1.53280E-02  1.63520E-02  1.84000E-02  2.04480E-02
  2.24960E-02  2.45440E-02  2.65920E-02  2.86400E-02  3.06880E-02  3.27360E-02
  3.68320E-02  4.09280E-02  4.50240E-02  4.91200E-02  5.32160E-02
  5.11970E+00  5.11169E+00  5.10005E+00  5.08952E+00  5.09037E+00  5.07063E+00
  5.07356E+00  5.06674E+00  5.06209E+00  5.05810E+00  5.06657E+00  5.04917E+00
  5.04572E+00  5.04384E+00  5.02752E+00  5.02852E+00  5.02316E+00  5.01910E+00
  5.01144E+00  5.00434E+00  5.00106E+00  4.99520E+00  4.97908E+00  4.96893E+00
  4.95588E+00  4.94376E+00  4.92673E+00  4.91624E+00  4.90369E+00  4.89247E+00
  4.86892E+00  4.84435E+00  4.82381E+00  4.79616E+00  4.77232E+00  4.74762E+00
  4.72762E+00  4.70128E+00  4.65331E+00  4.60969E+00  4.56481E+00  4.51917E+00
  4.47349E+00  4.43195E+00  4.38809E+00  4.34566E+00  4.26163E+00  4.17828E+00
  4.09979E+00  4.02241E+00  3.94735E+00  3.87256E+00  3.80298E+00  3.73181E+00
  3.59751E+00  3.46846E+00  3.34785E+00  3.23182E+00  3.12263E+00  3.01866E+00
  2.91956E+00  2.82723E+00  2.65273E+00  2.49583E+00  2.35337E+00  2.22328E+00
  2.10918E+00  2.00480E+00  1.91065E+00  1.82802E+00  1.68199E+00  1.56096E+00
  1.46358E+00  1.38358E+00  1.31691E+00  1.26267E+00  1.21686E+00  1.18144E+00
  1.12756E+00  1.09116E+00  1.06526E+00  1.04911E+00  1.03704E+00  1.02722E+00
  1.02005E+00  1.01357E+00  1.00732E+00  1.00385E+00  1.00045E+00  1.00057E+00
  1.00132E+00  1.00344E+00  1.00148E+00  1.00097E+00  1.00050E+00  9.99626E-01
  9.98520E-01  1.00178E+00  9.97213E-01  9.88494E-01  9.91868E-01  9.92130E-01
  9.94253E-01  9.98666E-01  9.92835E-01  1.00037E+00  9.94972E-01  9.94380E-01
  9.99094E-01  1.00201E+00  1.00157E+00  9.98779E-01  9.98607E-01  1.00397E+00
  9.97721E-01  9.95520E-01  9.96441E-01  9.99465E-01  1.00125E+00  9.99049E-01
  1.00182E+00  9.95999E-01  9.97979E-01  9.95103E-01  1.00474E+00  9.99547E-01
  9.97675E-01  1.00094E+00  1.00102E+00  9.99215E-01  1.00121E+00
