AutoSaveFileName0309.ASC
 IFORMY    0    .00
 (6E13.7)
 IFORMT    0    .00
 (6E13.7)
 IFORMW    0    .00
 (6E13.7)
 NINTT     0   -1.00
 DOUSNQ    0    1.00
 IQUAD          1.00
 PRWT      0    1.00
 PRY       0    1.00
 IPLRES    1    3.00
 IPLRES    2    3.00
 IPRINT    1    0.00
 IPRINT    2    2.00
 IPLFIT    1    0.00
 IPLFIT    2    0.00
 LINEPG    0   50.
 NONNEG    1    1.00
 IWT       0    5.00
 NQPROG    1    5.00
 NQPROG    2    5.00
 GMNMX     1    9.322E-06
 GMNMX     2    9.322E-03
 RUSER    10    -1.00
 NG        0    200.00
 NLINF     0    0.00
 IUSER    10    4.00
 RUSER    21    1.0
 RUSER    22   -1.0
 RUSER    23    0.0
 RUSER    18         292.19286
 RUSER    17         117.99900
 RUSER    19         1.02559
 RUSER    15         1.33200
 RUSER    16         632.80000
 RUSER    25         1
 RUSER    26         0
 END       0    0.00
 NY      131
  3.75000E-07  5.00000E-07  6.25000E-07  7.50000E-07  8.75000E-07  1.00000E-06
  1.12500E-06  1.25000E-06  1.37500E-06  1.50000E-06  1.62500E-06  1.75000E-06
  1.87500E-06  2.00000E-06  2.25000E-06  2.50000E-06  2.75000E-06  3.00000E-06
  3.25000E-06  3.50000E-06  3.75000E-06  4.00000E-06  4.50000E-06  5.00000E-06
  5.50000E-06  6.00000E-06  6.50000E-06  7.00000E-06  7.50000E-06  8.00000E-06
  9.00000E-06  1.00000E-05  1.10000E-05  1.20000E-05  1.30000E-05  1.40000E-05
  1.50000E-05  1.60000E-05  1.80000E-05  2.00000E-05  2.20000E-05  2.40000E-05
  2.60000E-05  2.80000E-05  3.00000E-05  3.20000E-05  3.60000E-05  4.00000E-05
  4.40000E-05  4.80000E-05  5.20000E-05  5.60000E-05  6.00000E-05  6.40000E-05
  7.20000E-05  8.00000E-05  8.80000E-05  9.60000E-05  1.04000E-04  1.12000E-04
  1.20000E-04  1.28000E-04  1.44000E-04  1.60000E-04  1.76000E-04  1.92000E-04
  2.08000E-04  2.24000E-04  2.40000E-04  2.56000E-04  2.88000E-04  3.20000E-04
  3.52000E-04  3.84000E-04  4.16000E-04  4.48000E-04  4.80000E-04  5.12000E-04
  5.76000E-04  6.40000E-04  7.04000E-04  7.68000E-04  8.32000E-04  8.96000E-04
  9.60000E-04  1.02400E-03  1.15200E-03  1.28000E-03  1.40800E-03  1.53600E-03
  1.66400E-03  1.79200E-03  1.92000E-03  2.01600E-03  2.27200E-03  2.52800E-03
  2.78400E-03  3.04000E-03  3.29600E-03  3.55200E-03  3.80800E-03  4.06400E-03
  4.57600E-03  5.08800E-03  5.60000E-03  6.11200E-03  6.62400E-03  7.13600E-03
  7.64800E-03  8.16000E-03  9.18400E-03  1.02080E-02  1.12320E-02  1.22560E-02
  1.32800E-02  1.43040E-02  1.53280E-02  1.63520E-02  1.84000E-02  2.04480E-02
  2.24960E-02  2.45440E-02  2.65920E-02  2.86400E-02  3.06880E-02  3.27360E-02
  3.68320E-02  4.09280E-02  4.50240E-02  4.91200E-02  5.32160E-02
  7.98303E-01  7.97657E-01  7.95615E-01  7.95334E-01  7.95438E-01  7.95995E-01
  7.97018E-01  7.91273E-01  7.94313E-01  7.96917E-01  7.91993E-01  7.90044E-01
  7.89631E-01  7.89221E-01  7.90070E-01  7.92156E-01  7.93667E-01  7.91616E-01
  7.91737E-01  7.89380E-01  7.88600E-01  7.91188E-01  7.90233E-01  7.92013E-01
  7.88013E-01  7.88903E-01  7.87968E-01  7.89410E-01  7.88860E-01  7.87877E-01
  7.87837E-01  7.86371E-01  7.86065E-01  7.84964E-01  7.86180E-01  7.83761E-01
  7.82349E-01  7.83671E-01  7.81857E-01  7.80236E-01  7.79762E-01  7.78145E-01
  7.76670E-01  7.74734E-01  7.74447E-01  7.73280E-01  7.70513E-01  7.67694E-01
  7.66601E-01  7.62311E-01  7.60528E-01  7.58367E-01  7.55981E-01  7.54041E-01
  7.48706E-01  7.43793E-01  7.39451E-01  7.34375E-01  7.29462E-01  7.25008E-01
  7.20145E-01  7.15270E-01  7.06878E-01  6.97448E-01  6.88736E-01  6.79790E-01
  6.71036E-01  6.62732E-01  6.54306E-01  6.45801E-01  6.29650E-01  6.13441E-01
  5.97917E-01  5.82814E-01  5.67936E-01  5.53407E-01  5.39463E-01  5.26227E-01
  5.00046E-01  4.75392E-01  4.52343E-01  4.30011E-01  4.08629E-01  3.88437E-01
  3.69420E-01  3.51214E-01  3.16773E-01  2.85856E-01  2.58521E-01  2.34048E-01
  2.11662E-01  1.91504E-01  1.73944E-01  1.62356E-01  1.33496E-01  1.10930E-01
  9.26849E-02  7.81923E-02  6.64738E-02  5.57622E-02  4.75373E-02  4.09172E-02
  2.93460E-02  2.05759E-02  1.60631E-02  1.41725E-02  1.21319E-02  8.94022E-03
  6.41850E-03  1.00400E-03 -7.88408E-03 -8.12182E-03 -5.52522E-03 -5.97026E-03
 -3.22039E-03  1.25917E-03  6.85150E-03  5.59485E-03  6.98764E-03  2.03596E-03
  2.81161E-03  3.24476E-03  9.39563E-03  5.26839E-03 -5.23392E-03 -5.70208E-03
 -5.55385E-03  5.21890E-03  1.14797E-02  1.14713E-02  7.88103E-03
