AutoSaveFileName0013.ASC
 IFORMY    0    .00
 (6E13.7)
 IFORMT    0    .00
 (6E13.7)
 IFORMW    0    .00
 (6E13.7)
 NINTT     0   -1.00
 DOUSNQ    0    1.00
 IQUAD          1.00
 PRWT      0    1.00
 PRY       0    1.00
 IPLRES    1    3.00
 IPLRES    2    3.00
 IPRINT    1    0.00
 IPRINT    2    2.00
 IPLFIT    1    0.00
 IPLFIT    2    0.00
 LINEPG    0   50.
 NONNEG    1    1.00
 IWT       0    5.00
 NQPROG    1    5.00
 NQPROG    2    5.00
 GMNMX     1    2.542E-04
 GMNMX     2    2.542E-01
 RUSER    10    -1.00
 NG        0    200.00
 NLINF     0    0.00
 IUSER    10    4.00
 RUSER    21    1.0
 RUSER    22   -1.0
 RUSER    23    0.0
 RUSER    18         291.80342
 RUSER    17         18.99900
 RUSER    19         1.03554
 RUSER    15         1.33200
 RUSER    16         632.80000
 RUSER    25         1
 RUSER    26         0
 END       0    0.00
 NY      131
  3.75000E-07  5.00000E-07  6.25000E-07  7.50000E-07  8.75000E-07  1.00000E-06
  1.12500E-06  1.25000E-06  1.37500E-06  1.50000E-06  1.62500E-06  1.75000E-06
  1.87500E-06  2.00000E-06  2.25000E-06  2.50000E-06  2.75000E-06  3.00000E-06
  3.25000E-06  3.50000E-06  3.75000E-06  4.00000E-06  4.50000E-06  5.00000E-06
  5.50000E-06  6.00000E-06  6.50000E-06  7.00000E-06  7.50000E-06  8.00000E-06
  9.00000E-06  1.00000E-05  1.10000E-05  1.20000E-05  1.30000E-05  1.40000E-05
  1.50000E-05  1.60000E-05  1.80000E-05  2.00000E-05  2.20000E-05  2.40000E-05
  2.60000E-05  2.80000E-05  3.00000E-05  3.20000E-05  3.60000E-05  4.00000E-05
  4.40000E-05  4.80000E-05  5.20000E-05  5.60000E-05  6.00000E-05  6.40000E-05
  7.20000E-05  8.00000E-05  8.80000E-05  9.60000E-05  1.04000E-04  1.12000E-04
  1.20000E-04  1.28000E-04  1.44000E-04  1.60000E-04  1.76000E-04  1.92000E-04
  2.08000E-04  2.24000E-04  2.40000E-04  2.56000E-04  2.88000E-04  3.20000E-04
  3.52000E-04  3.84000E-04  4.16000E-04  4.48000E-04  4.80000E-04  5.12000E-04
  5.76000E-04  6.40000E-04  7.04000E-04  7.68000E-04  8.32000E-04  8.96000E-04
  9.60000E-04  1.02400E-03  1.15200E-03  1.28000E-03  1.40800E-03  1.53600E-03
  1.66400E-03  1.79200E-03  1.92000E-03  2.01600E-03  2.27200E-03  2.52800E-03
  2.78400E-03  3.04000E-03  3.29600E-03  3.55200E-03  3.80800E-03  4.06400E-03
  4.57600E-03  5.08800E-03  5.60000E-03  6.11200E-03  6.62400E-03  7.13600E-03
  7.64800E-03  8.16000E-03  9.18400E-03  1.02080E-02  1.12320E-02  1.22560E-02
  1.32800E-02  1.43040E-02  1.53280E-02  1.63520E-02  1.84000E-02  2.04480E-02
  2.24960E-02  2.45440E-02  2.65920E-02  2.86400E-02  3.06880E-02  3.27360E-02
  3.68320E-02  4.09280E-02  4.50240E-02  4.91200E-02  5.32160E-02
  1.48349E+00  1.48357E+00  1.48368E+00  1.48298E+00  1.48124E+00  1.48160E+00
  1.48352E+00  1.48332E+00  1.48114E+00  1.47888E+00  1.48273E+00  1.48232E+00
  1.48175E+00  1.48126E+00  1.48077E+00  1.48179E+00  1.48127E+00  1.48147E+00
  1.48179E+00  1.48249E+00  1.48238E+00  1.48215E+00  1.48215E+00  1.48052E+00
  1.48150E+00  1.48138E+00  1.48139E+00  1.48137E+00  1.48175E+00  1.48103E+00
  1.48155E+00  1.48143E+00  1.48127E+00  1.48179E+00  1.48171E+00  1.48104E+00
  1.48117E+00  1.48076E+00  1.48174E+00  1.48110E+00  1.48098E+00  1.48093E+00
  1.48064E+00  1.48082E+00  1.48058E+00  1.48064E+00  1.48036E+00  1.48045E+00
  1.48022E+00  1.48004E+00  1.47974E+00  1.47996E+00  1.47966E+00  1.47959E+00
  1.47922E+00  1.47896E+00  1.47881E+00  1.47837E+00  1.47796E+00  1.47773E+00
  1.47718E+00  1.47710E+00  1.47666E+00  1.47598E+00  1.47552E+00  1.47468E+00
  1.47408E+00  1.47351E+00  1.47268E+00  1.47249E+00  1.47127E+00  1.46989E+00
  1.46860E+00  1.46736E+00  1.46615E+00  1.46489E+00  1.46365E+00  1.43883E+00
  1.43631E+00  1.43394E+00  1.43150E+00  1.42911E+00  1.42671E+00  1.42427E+00
  1.42185E+00  1.02091E+00  1.01689E+00  1.01293E+00  1.00896E+00  1.00503E+00
  1.00104E+00  9.97192E-01  9.93246E-01  1.40408E+00  1.39483E+00  1.38562E+00
  1.37655E+00  1.36759E+00  1.35874E+00  1.34991E+00  1.34112E+00  1.33280E+00
  1.31560E+00  1.29898E+00  1.28276E+00  1.26674E+00  1.25115E+00  1.23589E+00
  1.22091E+00  1.20719E+00  1.17849E+00  1.15040E+00  1.12259E+00  1.09502E+00
  1.06786E+00  1.04132E+00  1.01580E+00  9.92469E-01  9.44296E-01  8.98387E-01
  8.54367E-01  8.12971E-01  7.74930E-01  7.38612E-01  7.03444E-01  6.71476E-01
  6.06096E-01  5.45500E-01  4.92632E-01  4.43868E-01  4.01302E-01
