AutoSaveFileName0239.ASC
 IFORMY    0    .00
 (6E13.7)
 IFORMT    0    .00
 (6E13.7)
 IFORMW    0    .00
 (6E13.7)
 NINTT     0   -1.00
 DOUSNQ    0    1.00
 IQUAD          1.00
 PRWT      0    1.00
 PRY       0    1.00
 IPLRES    1    3.00
 IPLRES    2    3.00
 IPRINT    1    0.00
 IPRINT    2    2.00
 IPLFIT    1    0.00
 IPLFIT    2    0.00
 LINEPG    0   50.
 NONNEG    1    1.00
 IWT       0    5.00
 NQPROG    1    5.00
 NQPROG    2    5.00
 GMNMX     1    1.285E-05
 GMNMX     2    1.285E-02
 RUSER    10    -1.00
 NG        0    200.00
 NLINF     0    0.00
 IUSER    10    4.00
 RUSER    21    1.0
 RUSER    22   -1.0
 RUSER    23    0.0
 RUSER    18         292.08168
 RUSER    17         93.99900
 RUSER    19         1.02842
 RUSER    15         1.33200
 RUSER    16         632.80000
 RUSER    25         1
 RUSER    26         0
 END       0    0.00
 NY      131
  3.75000E-07  5.00000E-07  6.25000E-07  7.50000E-07  8.75000E-07  1.00000E-06
  1.12500E-06  1.25000E-06  1.37500E-06  1.50000E-06  1.62500E-06  1.75000E-06
  1.87500E-06  2.00000E-06  2.25000E-06  2.50000E-06  2.75000E-06  3.00000E-06
  3.25000E-06  3.50000E-06  3.75000E-06  4.00000E-06  4.50000E-06  5.00000E-06
  5.50000E-06  6.00000E-06  6.50000E-06  7.00000E-06  7.50000E-06  8.00000E-06
  9.00000E-06  1.00000E-05  1.10000E-05  1.20000E-05  1.30000E-05  1.40000E-05
  1.50000E-05  1.60000E-05  1.80000E-05  2.00000E-05  2.20000E-05  2.40000E-05
  2.60000E-05  2.80000E-05  3.00000E-05  3.20000E-05  3.60000E-05  4.00000E-05
  4.40000E-05  4.80000E-05  5.20000E-05  5.60000E-05  6.00000E-05  6.40000E-05
  7.20000E-05  8.00000E-05  8.80000E-05  9.60000E-05  1.04000E-04  1.12000E-04
  1.20000E-04  1.28000E-04  1.44000E-04  1.60000E-04  1.76000E-04  1.92000E-04
  2.08000E-04  2.24000E-04  2.40000E-04  2.56000E-04  2.88000E-04  3.20000E-04
  3.52000E-04  3.84000E-04  4.16000E-04  4.48000E-04  4.80000E-04  5.12000E-04
  5.76000E-04  6.40000E-04  7.04000E-04  7.68000E-04  8.32000E-04  8.96000E-04
  9.60000E-04  1.02400E-03  1.15200E-03  1.28000E-03  1.40800E-03  1.53600E-03
  1.66400E-03  1.79200E-03  1.92000E-03  2.01600E-03  2.27200E-03  2.52800E-03
  2.78400E-03  3.04000E-03  3.29600E-03  3.55200E-03  3.80800E-03  4.06400E-03
  4.57600E-03  5.08800E-03  5.60000E-03  6.11200E-03  6.62400E-03  7.13600E-03
  7.64800E-03  8.16000E-03  9.18400E-03  1.02080E-02  1.12320E-02  1.22560E-02
  1.32800E-02  1.43040E-02  1.53280E-02  1.63520E-02  1.84000E-02  2.04480E-02
  2.24960E-02  2.45440E-02  2.65920E-02  2.86400E-02  3.06880E-02  3.27360E-02
  3.68320E-02  4.09280E-02  4.50240E-02  4.91200E-02  5.32160E-02
  2.42858E+00  2.43031E+00  2.41896E+00  2.41608E+00  2.42198E+00  2.41599E+00
  2.41782E+00  2.41407E+00  2.41121E+00  2.41802E+00  2.40734E+00  2.41034E+00
  2.42031E+00  2.41576E+00  2.41484E+00  2.40889E+00  2.41390E+00  2.41021E+00
  2.41497E+00  2.40765E+00  2.41364E+00  2.40657E+00  2.40695E+00  2.40856E+00
  2.40565E+00  2.40712E+00  2.40664E+00  2.40520E+00  2.40497E+00  2.40353E+00
  2.40106E+00  2.40230E+00  2.39926E+00  2.39700E+00  2.39519E+00  2.39673E+00
  2.39385E+00  2.39241E+00  2.38952E+00  2.38684E+00  2.38407E+00  2.38182E+00
  2.37955E+00  2.37650E+00  2.37217E+00  2.37027E+00  2.36660E+00  2.36000E+00
  2.35511E+00  2.35046E+00  2.34380E+00  2.33906E+00  2.33322E+00  2.32807E+00
  2.31710E+00  2.30801E+00  2.29702E+00  2.28643E+00  2.27569E+00  2.26528E+00
  2.25574E+00  2.24552E+00  2.22470E+00  2.20432E+00  2.18467E+00  2.16406E+00
  2.14453E+00  2.12529E+00  2.10601E+00  2.08702E+00  2.04954E+00  2.01252E+00
  1.97597E+00  1.94000E+00  1.90531E+00  1.87090E+00  1.83731E+00  1.80477E+00
  1.74093E+00  1.67935E+00  1.61970E+00  1.56209E+00  1.50678E+00  1.45326E+00
  1.40196E+00  1.35275E+00  1.25891E+00  1.17160E+00  1.09043E+00  1.01569E+00
  9.46301E-01  8.81815E-01  8.21363E-01  7.78294E-01  6.73624E-01  5.82712E-01
  5.02987E-01  4.34054E-01  3.75197E-01  3.23167E-01  2.77989E-01  2.41044E-01
  1.78357E-01  1.31537E-01  9.45060E-02  6.14734E-02  3.35902E-02  1.43069E-02
  3.59566E-03 -1.03388E-03 -4.20522E-03  2.50187E-03  3.81263E-03  9.43917E-03
  9.97788E-03  9.33984E-03  6.34265E-03  3.70869E-03 -3.54925E-03  8.04979E-03
  1.80032E-02  1.20055E-02  4.98132E-03  7.10584E-03 -2.64709E-04 -1.31658E-02
 -1.97455E-02 -3.03074E-03 -2.93650E-04  7.97140E-04 -5.53999E-04
