AutoSaveFileName0136.ASC
 IFORMY    0    .00
 (6E13.7)
 IFORMT    0    .00
 (6E13.7)
 IFORMW    0    .00
 (6E13.7)
 NINTT     0   -1.00
 DOUSNQ    0    1.00
 IQUAD          1.00
 PRWT      0    1.00
 PRY       0    1.00
 IPLRES    1    3.00
 IPLRES    2    3.00
 IPRINT    1    0.00
 IPRINT    2    2.00
 IPLFIT    1    0.00
 IPLFIT    2    0.00
 LINEPG    0   50.
 NONNEG    1    1.00
 IWT       0    5.00
 NQPROG    1    5.00
 NQPROG    2    5.00
 GMNMX     1    1.657E-05
 GMNMX     2    1.657E-02
 RUSER    10    -1.00
 NG        0    200.00
 NLINF     0    0.00
 IUSER    10    4.00
 RUSER    21    1.0
 RUSER    22   -1.0
 RUSER    23    0.0
 RUSER    18         292.20960
 RUSER    17         79.99800
 RUSER    19         1.02517
 RUSER    15         1.33200
 RUSER    16         632.80000
 RUSER    25         1
 RUSER    26         0
 END       0    0.00
 NY      188
  5.00000E-07  6.25000E-07  7.50000E-07  8.75000E-07  1.00000E-06  1.12500E-06
  1.25000E-06  1.37500E-06  1.50000E-06  1.62500E-06  1.75000E-06  1.87500E-06
  2.00000E-06  2.25000E-06  2.50000E-06  2.75000E-06  3.00000E-06  3.25000E-06
  3.50000E-06  3.75000E-06  4.00000E-06  4.50000E-06  5.00000E-06  5.50000E-06
  6.00000E-06  6.50000E-06  7.00000E-06  7.50000E-06  8.00000E-06  9.00000E-06
  1.00000E-05  1.10000E-05  1.20000E-05  1.30000E-05  1.40000E-05  1.50000E-05
  1.60000E-05  1.80000E-05  2.00000E-05  2.20000E-05  2.40000E-05  2.60000E-05
  2.80000E-05  3.00000E-05  3.20000E-05  3.60000E-05  4.00000E-05  4.40000E-05
  4.80000E-05  5.20000E-05  5.60000E-05  6.00000E-05  6.40000E-05  7.20000E-05
  8.00000E-05  8.80000E-05  9.60000E-05  1.04000E-04  1.12000E-04  1.20000E-04
  1.28000E-04  1.44000E-04  1.60000E-04  1.76000E-04  1.92000E-04  2.08000E-04
  2.24000E-04  2.40000E-04  2.56000E-04  2.88000E-04  3.20000E-04  3.52000E-04
  3.84000E-04  4.16000E-04  4.48000E-04  4.80000E-04  5.12000E-04  5.76000E-04
  6.40000E-04  7.04000E-04  7.68000E-04  8.32000E-04  8.96000E-04  9.60000E-04
  1.02400E-03  1.15200E-03  1.28000E-03  1.40800E-03  1.53600E-03  1.66400E-03
  1.79200E-03  1.92000E-03  2.01600E-03  2.27200E-03  2.52800E-03  2.78400E-03
  3.04000E-03  3.29600E-03  3.55200E-03  3.80800E-03  4.06400E-03  4.57600E-03
  5.08800E-03  5.60000E-03  6.11200E-03  6.62400E-03  7.13600E-03  7.64800E-03
  8.16000E-03  9.18400E-03  1.02080E-02  1.12320E-02  1.22560E-02  1.32800E-02
  1.43040E-02  1.53280E-02  1.63520E-02  1.84000E-02  2.04480E-02  2.24960E-02
  2.45440E-02  2.65920E-02  2.86400E-02  3.06880E-02  3.27360E-02  3.68320E-02
  4.09280E-02  4.50240E-02  4.91200E-02  5.32160E-02  5.73120E-02  6.14080E-02
  6.55040E-02  7.36960E-02  8.18880E-02  9.00800E-02  9.82720E-02  1.06464E-01
  1.14656E-01  1.22848E-01  1.31040E-01  1.47424E-01  1.63808E-01  1.80192E-01
  1.96576E-01  2.12960E-01  2.29344E-01  2.45728E-01  2.62112E-01  2.94880E-01
  3.27648E-01  3.60416E-01  3.93184E-01  4.25952E-01  4.58720E-01  4.91488E-01
  5.24256E-01  5.89792E-01  6.55328E-01  7.20864E-01  7.86400E-01  8.51936E-01
  9.17472E-01  9.83008E-01  1.04854E+00  1.17962E+00  1.31069E+00  1.44176E+00
  1.57283E+00  1.70390E+00  1.83498E+00  1.96605E+00  2.09712E+00  2.35926E+00
  2.62141E+00  2.88355E+00  3.14570E+00  3.40784E+00  3.66998E+00  3.93213E+00
  4.19427E+00  4.71856E+00  5.24285E+00  5.76714E+00  6.29142E+00  6.81571E+00
  7.34000E+00  7.86429E+00
  9.92222E-01  9.89259E-01  9.89841E-01  9.89111E-01  9.88741E-01  9.86770E-01
  9.87421E-01  9.88572E-01  9.84205E-01  9.83399E-01  9.87722E-01  9.87254E-01
  9.86349E-01  9.86581E-01  9.87247E-01  9.86354E-01  9.85639E-01  9.85651E-01
  9.86652E-01  9.85766E-01  9.86452E-01  9.86151E-01  9.84896E-01  9.85977E-01
  9.85794E-01  9.84783E-01  9.85148E-01  9.86149E-01  9.85996E-01  9.85517E-01
  9.84504E-01  9.84386E-01  9.84403E-01  9.84078E-01  9.84346E-01  9.83811E-01
  9.83590E-01  9.82999E-01  9.82792E-01  9.82229E-01  9.82381E-01  9.81698E-01
  9.81081E-01  9.80652E-01  9.80285E-01  9.79552E-01  9.78600E-01  9.77603E-01
  9.76776E-01  9.76111E-01  9.74893E-01  9.74009E-01  9.73196E-01  9.71560E-01
  9.69833E-01  9.68192E-01  9.66236E-01  9.64762E-01  9.62878E-01  9.61275E-01
  9.59390E-01  9.56022E-01  9.52762E-01  9.49151E-01  9.45743E-01  9.42478E-01
  9.39035E-01  9.35622E-01  9.32294E-01  9.25563E-01  9.18737E-01  9.12346E-01
  9.05774E-01  8.99306E-01  8.92807E-01  8.86473E-01  8.80077E-01  8.67402E-01
  8.54926E-01  8.42677E-01  8.30620E-01  8.18772E-01  8.07101E-01  7.95723E-01
  7.81263E-01  7.59165E-01  7.37494E-01  7.16477E-01  6.96071E-01  6.76150E-01
  6.57007E-01  6.38269E-01  6.26964E-01  5.91722E-01  5.58402E-01  5.26857E-01
  4.97244E-01  4.69150E-01  4.42905E-01  4.18113E-01  3.94989E-01  3.52277E-01
  3.14497E-01  2.81123E-01  2.51400E-01  2.24751E-01  2.00707E-01  1.78874E-01
  1.59698E-01  1.26290E-01  9.93019E-02  7.67929E-02  5.92145E-02  4.45035E-02
  3.25130E-02  2.37504E-02  1.72011E-02  7.70914E-03  2.62067E-03  2.27899E-04
 -1.46446E-03 -3.37367E-03 -4.80404E-03 -2.95259E-03 -2.94324E-03 -3.43297E-03
  1.33298E-03 -2.09739E-03 -4.14294E-03 -5.93219E-03 -5.30610E-03 -2.01880E-03
 -8.00971E-04 -5.12980E-03 -9.36099E-03 -7.89361E-03 -1.30788E-02 -6.21346E-03
 -3.07070E-03  5.80411E-03  1.59963E-04 -6.68222E-04 -1.25555E-03 -4.35640E-03
  1.05100E-03  5.94796E-03  1.12039E-03 -7.22908E-04 -5.17357E-03 -3.33573E-03
 -6.03617E-03 -3.64220E-03  1.36323E-03  1.10723E-02 -4.97653E-03 -1.37944E-03
 -5.25056E-04  7.23361E-04  8.12132E-04  2.14637E-04  2.24438E-03 -9.28044E-04
  1.33103E-03 -1.90226E-05 -2.38175E-03 -4.06626E-03 -2.52291E-03 -7.84122E-04
 -1.44054E-03 -8.57828E-04  2.06799E-04  1.78942E-03 -2.61079E-04  1.17449E-03
 -1.13717E-03  4.16430E-04 -2.67078E-03  2.40779E-03 -2.78289E-04 -2.46199E-03
 -1.93510E-03 -1.68609E-04 -7.18273E-04 -7.66249E-04  2.19165E-04 -6.97504E-04
  1.21713E-03  1.55426E-03
