AutoSaveFileName0263.ASC
 IFORMY    0    .00
 (6E13.7)
 IFORMT    0    .00
 (6E13.7)
 IFORMW    0    .00
 (6E13.7)
 NINTT     0   -1.00
 DOUSNQ    0    1.00
 IQUAD          1.00
 PRWT      0    1.00
 PRY       0    1.00
 IPLRES    1    3.00
 IPLRES    2    3.00
 IPRINT    1    0.00
 IPRINT    2    2.00
 IPLFIT    1    0.00
 IPLFIT    2    0.00
 LINEPG    0   50.
 NONNEG    1    1.00
 IWT       0    5.00
 NQPROG    1    5.00
 NQPROG    2    5.00
 GMNMX     1    7.518E-06
 GMNMX     2    7.518E-03
 RUSER    10    -1.00
 NG        0    200.00
 NLINF     0    0.00
 IUSER    10    4.00
 RUSER    21    1.0
 RUSER    22   -1.0
 RUSER    23    0.0
 RUSER    18         292.25087
 RUSER    17         144.99900
 RUSER    19         1.02412
 RUSER    15         1.33200
 RUSER    16         632.80000
 RUSER    25         1
 RUSER    26         0
 END       0    0.00
 NY      188
  5.00000E-07  6.25000E-07  7.50000E-07  8.75000E-07  1.00000E-06  1.12500E-06
  1.25000E-06  1.37500E-06  1.50000E-06  1.62500E-06  1.75000E-06  1.87500E-06
  2.00000E-06  2.25000E-06  2.50000E-06  2.75000E-06  3.00000E-06  3.25000E-06
  3.50000E-06  3.75000E-06  4.00000E-06  4.50000E-06  5.00000E-06  5.50000E-06
  6.00000E-06  6.50000E-06  7.00000E-06  7.50000E-06  8.00000E-06  9.00000E-06
  1.00000E-05  1.10000E-05  1.20000E-05  1.30000E-05  1.40000E-05  1.50000E-05
  1.60000E-05  1.80000E-05  2.00000E-05  2.20000E-05  2.40000E-05  2.60000E-05
  2.80000E-05  3.00000E-05  3.20000E-05  3.60000E-05  4.00000E-05  4.40000E-05
  4.80000E-05  5.20000E-05  5.60000E-05  6.00000E-05  6.40000E-05  7.20000E-05
  8.00000E-05  8.80000E-05  9.60000E-05  1.04000E-04  1.12000E-04  1.20000E-04
  1.28000E-04  1.44000E-04  1.60000E-04  1.76000E-04  1.92000E-04  2.08000E-04
  2.24000E-04  2.40000E-04  2.56000E-04  2.88000E-04  3.20000E-04  3.52000E-04
  3.84000E-04  4.16000E-04  4.48000E-04  4.80000E-04  5.12000E-04  5.76000E-04
  6.40000E-04  7.04000E-04  7.68000E-04  8.32000E-04  8.96000E-04  9.60000E-04
  1.02400E-03  1.15200E-03  1.28000E-03  1.40800E-03  1.53600E-03  1.66400E-03
  1.79200E-03  1.92000E-03  2.01600E-03  2.27200E-03  2.52800E-03  2.78400E-03
  3.04000E-03  3.29600E-03  3.55200E-03  3.80800E-03  4.06400E-03  4.57600E-03
  5.08800E-03  5.60000E-03  6.11200E-03  6.62400E-03  7.13600E-03  7.64800E-03
  8.16000E-03  9.18400E-03  1.02080E-02  1.12320E-02  1.22560E-02  1.32800E-02
  1.43040E-02  1.53280E-02  1.63520E-02  1.84000E-02  2.04480E-02  2.24960E-02
  2.45440E-02  2.65920E-02  2.86400E-02  3.06880E-02  3.27360E-02  3.68320E-02
  4.09280E-02  4.50240E-02  4.91200E-02  5.32160E-02  5.73120E-02  6.14080E-02
  6.55040E-02  7.36960E-02  8.18880E-02  9.00800E-02  9.82720E-02  1.06464E-01
  1.14656E-01  1.22848E-01  1.31040E-01  1.47424E-01  1.63808E-01  1.80192E-01
  1.96576E-01  2.12960E-01  2.29344E-01  2.45728E-01  2.62112E-01  2.94880E-01
  3.27648E-01  3.60416E-01  3.93184E-01  4.25952E-01  4.58720E-01  4.91488E-01
  5.24256E-01  5.89792E-01  6.55328E-01  7.20864E-01  7.86400E-01  8.51936E-01
  9.17472E-01  9.83008E-01  1.04854E+00  1.17962E+00  1.31069E+00  1.44176E+00
  1.57283E+00  1.70390E+00  1.83498E+00  1.96605E+00  2.09712E+00  2.35926E+00
  2.62141E+00  2.88355E+00  3.14570E+00  3.40784E+00  3.66998E+00  3.93213E+00
  4.19427E+00  4.71856E+00  5.24285E+00  5.76714E+00  6.29142E+00  6.81571E+00
  7.34000E+00  7.86429E+00
  9.96497E-01  9.95134E-01  9.95226E-01  9.94236E-01  9.94755E-01  9.94232E-01
  9.93196E-01  9.94768E-01  9.93190E-01  9.92219E-01  9.92510E-01  9.92259E-01
  9.92079E-01  9.91811E-01  9.90978E-01  9.92154E-01  9.91814E-01  9.91164E-01
  9.91301E-01  9.91386E-01  9.91563E-01  9.91749E-01  9.90821E-01  9.89631E-01
  9.89974E-01  9.90321E-01  9.89608E-01  9.89654E-01  9.89546E-01  9.88821E-01
  9.88354E-01  9.88484E-01  9.87713E-01  9.87167E-01  9.86922E-01  9.86200E-01
  9.85720E-01  9.84863E-01  9.84497E-01  9.83086E-01  9.82047E-01  9.81524E-01
  9.80628E-01  9.79756E-01  9.78815E-01  9.77181E-01  9.74959E-01  9.73246E-01
  9.71256E-01  9.69469E-01  9.67917E-01  9.66054E-01  9.64309E-01  9.60391E-01
  9.56969E-01  9.53349E-01  9.49823E-01  9.46195E-01  9.42637E-01  9.39173E-01
  9.35533E-01  9.28654E-01  9.21556E-01  9.14710E-01  9.07828E-01  9.01024E-01
  8.94191E-01  8.87368E-01  8.80856E-01  8.67484E-01  8.54452E-01  8.41449E-01
  8.28914E-01  8.16375E-01  8.04075E-01  7.92095E-01  7.79985E-01  7.56590E-01
  7.34039E-01  7.12383E-01  6.91407E-01  6.70977E-01  6.51318E-01  6.32374E-01
  6.13882E-01  5.79004E-01  5.46490E-01  5.15733E-01  4.86564E-01  4.59249E-01
  4.33783E-01  4.09852E-01  3.93272E-01  3.51365E-01  3.13890E-01  2.80714E-01
  2.51708E-01  2.26620E-01  2.04685E-01  1.85181E-01  1.68733E-01  1.41330E-01
  1.19863E-01  1.02314E-01  8.75741E-02  7.53153E-02  6.56899E-02  5.84592E-02
  5.15194E-02  3.97912E-02  3.17447E-02  2.58663E-02  2.02070E-02  1.52070E-02
  1.11494E-02  9.67825E-03  7.75439E-03  6.31093E-03  4.41586E-03  3.37108E-03
  1.35974E-03  6.08176E-03  9.36408E-03  1.22927E-02  9.14733E-03  4.95146E-03
 -5.87700E-03 -1.16371E-02 -6.87744E-03 -5.79044E-04  3.18906E-04 -4.78928E-03
  8.36132E-04 -1.66949E-03 -6.67333E-04 -2.81121E-03 -1.08172E-03  2.66177E-04
 -1.87174E-03 -8.54193E-03 -3.22218E-03  5.45728E-03  3.70907E-03 -1.90151E-03
  2.95315E-03 -3.32735E-03  1.17289E-03  4.49599E-03  2.57533E-03 -2.95250E-03
 -4.55242E-03 -1.79874E-03 -5.79547E-03 -4.21309E-03 -1.94027E-03 -6.10163E-04
  9.27062E-05  6.91770E-04 -5.62678E-03  4.71738E-05  2.19966E-03 -1.47325E-03
 -2.42340E-03  3.74746E-03  1.39373E-03 -3.74488E-04  9.00044E-04 -1.14383E-03
 -2.73896E-03 -3.13397E-04 -3.19491E-03 -5.71119E-04  7.62276E-04 -2.59117E-04
  1.57986E-03  1.19669E-03 -1.95359E-03 -5.36438E-04 -7.46859E-04  2.39727E-03
 -3.55502E-04 -3.86808E-05  1.29781E-03 -3.51506E-04 -2.43470E-03  8.55589E-04
 -1.44212E-03  2.14171E-03
