AutoSaveFileName0083.ASC
 IFORMY    0    .00
 (6E13.7)
 IFORMT    0    .00
 (6E13.7)
 IFORMW    0    .00
 (6E13.7)
 NINTT     0   -1.00
 DOUSNQ    0    1.00
 IQUAD          1.00
 PRWT      0    1.00
 PRY       0    1.00
 IPLRES    1    3.00
 IPLRES    2    3.00
 IPRINT    1    0.00
 IPRINT    2    2.00
 IPLFIT    1    0.00
 IPLFIT    2    0.00
 LINEPG    0   50.
 NONNEG    1    1.00
 IWT       0    5.00
 NQPROG    1    5.00
 NQPROG    2    5.00
 GMNMX     1    5.381E-05
 GMNMX     2    5.381E-02
 RUSER    10    -1.00
 NG        0    200.00
 NLINF     0    0.00
 IUSER    10    4.00
 RUSER    21    1.0
 RUSER    22   -1.0
 RUSER    23    0.0
 RUSER    18         291.87484
 RUSER    17         41.99900
 RUSER    19         1.03370
 RUSER    15         1.33200
 RUSER    16         632.80000
 RUSER    25         1
 RUSER    26         0
 END       0    0.00
 NY      131
  3.75000E-07  5.00000E-07  6.25000E-07  7.50000E-07  8.75000E-07  1.00000E-06
  1.12500E-06  1.25000E-06  1.37500E-06  1.50000E-06  1.62500E-06  1.75000E-06
  1.87500E-06  2.00000E-06  2.25000E-06  2.50000E-06  2.75000E-06  3.00000E-06
  3.25000E-06  3.50000E-06  3.75000E-06  4.00000E-06  4.50000E-06  5.00000E-06
  5.50000E-06  6.00000E-06  6.50000E-06  7.00000E-06  7.50000E-06  8.00000E-06
  9.00000E-06  1.00000E-05  1.10000E-05  1.20000E-05  1.30000E-05  1.40000E-05
  1.50000E-05  1.60000E-05  1.80000E-05  2.00000E-05  2.20000E-05  2.40000E-05
  2.60000E-05  2.80000E-05  3.00000E-05  3.20000E-05  3.60000E-05  4.00000E-05
  4.40000E-05  4.80000E-05  5.20000E-05  5.60000E-05  6.00000E-05  6.40000E-05
  7.20000E-05  8.00000E-05  8.80000E-05  9.60000E-05  1.04000E-04  1.12000E-04
  1.20000E-04  1.28000E-04  1.44000E-04  1.60000E-04  1.76000E-04  1.92000E-04
  2.08000E-04  2.24000E-04  2.40000E-04  2.56000E-04  2.88000E-04  3.20000E-04
  3.52000E-04  3.84000E-04  4.16000E-04  4.48000E-04  4.80000E-04  5.12000E-04
  5.76000E-04  6.40000E-04  7.04000E-04  7.68000E-04  8.32000E-04  8.96000E-04
  9.60000E-04  1.02400E-03  1.15200E-03  1.28000E-03  1.40800E-03  1.53600E-03
  1.66400E-03  1.79200E-03  1.92000E-03  2.01600E-03  2.27200E-03  2.52800E-03
  2.78400E-03  3.04000E-03  3.29600E-03  3.55200E-03  3.80800E-03  4.06400E-03
  4.57600E-03  5.08800E-03  5.60000E-03  6.11200E-03  6.62400E-03  7.13600E-03
  7.64800E-03  8.16000E-03  9.18400E-03  1.02080E-02  1.12320E-02  1.22560E-02
  1.32800E-02  1.43040E-02  1.53280E-02  1.63520E-02  1.84000E-02  2.04480E-02
  2.24960E-02  2.45440E-02  2.65920E-02  2.86400E-02  3.06880E-02  3.27360E-02
  3.68320E-02  4.09280E-02  4.50240E-02  4.91200E-02  5.32160E-02
  2.54550E+00  2.54701E+00  2.53740E+00  2.53690E+00  2.53515E+00  2.52833E+00
  2.52818E+00  2.53324E+00  2.53443E+00  2.52422E+00  2.52502E+00  2.52345E+00
  2.53434E+00  2.52790E+00  2.52291E+00  2.52702E+00  2.52762E+00  2.52800E+00
  2.51903E+00  2.52672E+00  2.52554E+00  2.52780E+00  2.52464E+00  2.52673E+00
  2.52545E+00  2.52615E+00  2.52786E+00  2.52301E+00  2.52671E+00  2.52472E+00
  2.52707E+00  2.52315E+00  2.52272E+00  2.52415E+00  2.52357E+00  2.52430E+00
  2.52487E+00  2.52193E+00  2.52121E+00  2.52017E+00  2.52310E+00  2.52077E+00
  2.51951E+00  2.51826E+00  2.51954E+00  2.51738E+00  2.51672E+00  2.51470E+00
  2.51361E+00  2.51296E+00  2.51186E+00  2.50969E+00  2.50828E+00  2.50641E+00
  2.50246E+00  2.50224E+00  2.49831E+00  2.49616E+00  2.49396E+00  2.49176E+00
  2.48901E+00  2.48580E+00  2.47989E+00  2.47432E+00  2.46960E+00  2.46361E+00
  2.45947E+00  2.45396E+00  2.44776E+00  2.44286E+00  2.43308E+00  2.42257E+00
  2.41272E+00  2.40205E+00  2.39188E+00  2.38226E+00  2.37224E+00  2.36155E+00
  2.34211E+00  2.32186E+00  2.30239E+00  2.28327E+00  2.26356E+00  2.24441E+00
  2.22551E+00  2.20597E+00  2.16918E+00  2.13310E+00  2.09778E+00  2.06266E+00
  2.02839E+00  1.99455E+00  1.96093E+00  1.94062E+00  1.87598E+00  1.81238E+00
  1.75131E+00  1.69270E+00  1.63604E+00  1.58132E+00  1.52818E+00  1.47629E+00
  1.37712E+00  1.28476E+00  1.19918E+00  1.11946E+00  1.04427E+00  9.74251E-01
  9.08913E-01  8.49085E-01  7.42825E-01  6.53819E-01  5.74779E-01  5.03832E-01
  4.41030E-01  3.85548E-01  3.36745E-01  2.91524E-01  2.16373E-01  1.55620E-01
  1.07587E-01  7.90560E-02  5.68694E-02  4.01077E-02  2.26621E-02  1.74284E-02
 -1.77111E-03 -6.00754E-03  2.12628E-03  1.31813E-02  8.54320E-03
