AutoSaveFileName0114.ASC
 IFORMY    0    .00
 (6E13.7)
 IFORMT    0    .00
 (6E13.7)
 IFORMW    0    .00
 (6E13.7)
 NINTT     0   -1.00
 DOUSNQ    0    1.00
 IQUAD          1.00
 PRWT      0    1.00
 PRY       0    1.00
 IPLRES    1    3.00
 IPLRES    2    3.00
 IPRINT    1    0.00
 IPRINT    2    2.00
 IPLFIT    1    0.00
 IPLFIT    2    0.00
 LINEPG    0   50.
 NONNEG    1    1.00
 IWT       0    5.00
 NQPROG    1    5.00
 NQPROG    2    5.00
 GMNMX     1    3.468E-05
 GMNMX     2    3.468E-02
 RUSER    10    -1.00
 NG        0    200.00
 NLINF     0    0.00
 IUSER    10    4.00
 RUSER    21    1.0
 RUSER    22   -1.0
 RUSER    23    0.0
 RUSER    18         291.91053
 RUSER    17         52.99900
 RUSER    19         1.03279
 RUSER    15         1.33200
 RUSER    16         632.80000
 RUSER    25         1
 RUSER    26         0
 END       0    0.00
 NY      131
  3.75000E-07  5.00000E-07  6.25000E-07  7.50000E-07  8.75000E-07  1.00000E-06
  1.12500E-06  1.25000E-06  1.37500E-06  1.50000E-06  1.62500E-06  1.75000E-06
  1.87500E-06  2.00000E-06  2.25000E-06  2.50000E-06  2.75000E-06  3.00000E-06
  3.25000E-06  3.50000E-06  3.75000E-06  4.00000E-06  4.50000E-06  5.00000E-06
  5.50000E-06  6.00000E-06  6.50000E-06  7.00000E-06  7.50000E-06  8.00000E-06
  9.00000E-06  1.00000E-05  1.10000E-05  1.20000E-05  1.30000E-05  1.40000E-05
  1.50000E-05  1.60000E-05  1.80000E-05  2.00000E-05  2.20000E-05  2.40000E-05
  2.60000E-05  2.80000E-05  3.00000E-05  3.20000E-05  3.60000E-05  4.00000E-05
  4.40000E-05  4.80000E-05  5.20000E-05  5.60000E-05  6.00000E-05  6.40000E-05
  7.20000E-05  8.00000E-05  8.80000E-05  9.60000E-05  1.04000E-04  1.12000E-04
  1.20000E-04  1.28000E-04  1.44000E-04  1.60000E-04  1.76000E-04  1.92000E-04
  2.08000E-04  2.24000E-04  2.40000E-04  2.56000E-04  2.88000E-04  3.20000E-04
  3.52000E-04  3.84000E-04  4.16000E-04  4.48000E-04  4.80000E-04  5.12000E-04
  5.76000E-04  6.40000E-04  7.04000E-04  7.68000E-04  8.32000E-04  8.96000E-04
  9.60000E-04  1.02400E-03  1.15200E-03  1.28000E-03  1.40800E-03  1.53600E-03
  1.66400E-03  1.79200E-03  1.92000E-03  2.01600E-03  2.27200E-03  2.52800E-03
  2.78400E-03  3.04000E-03  3.29600E-03  3.55200E-03  3.80800E-03  4.06400E-03
  4.57600E-03  5.08800E-03  5.60000E-03  6.11200E-03  6.62400E-03  7.13600E-03
  7.64800E-03  8.16000E-03  9.18400E-03  1.02080E-02  1.12320E-02  1.22560E-02
  1.32800E-02  1.43040E-02  1.53280E-02  1.63520E-02  1.84000E-02  2.04480E-02
  2.24960E-02  2.45440E-02  2.65920E-02  2.86400E-02  3.06880E-02  3.27360E-02
  3.68320E-02  4.09280E-02  4.50240E-02  4.91200E-02  5.32160E-02
  7.86796E-01  7.86902E-01  7.86195E-01  7.82688E-01  7.84082E-01  7.83087E-01
  7.82184E-01  7.81337E-01  7.86442E-01  7.83195E-01  7.83327E-01  7.86023E-01
  7.84748E-01  7.83093E-01  7.82930E-01  7.83877E-01  7.82695E-01  7.82497E-01
  7.84214E-01  7.83488E-01  7.82944E-01  7.83273E-01  7.83958E-01  7.82971E-01
  7.82110E-01  7.82020E-01  7.82508E-01  7.82860E-01  7.83666E-01  7.82621E-01
  7.82678E-01  7.81219E-01  7.81371E-01  7.81481E-01  7.81526E-01  7.81528E-01
  7.81140E-01  7.81200E-01  7.81291E-01  7.80051E-01  7.80068E-01  7.80163E-01
  7.79429E-01  7.79045E-01  7.79109E-01  7.78480E-01  7.77692E-01  7.77084E-01
  7.76630E-01  7.75929E-01  7.74937E-01  7.74286E-01  7.73862E-01  7.73247E-01
  7.72013E-01  7.70464E-01  7.69128E-01  7.68128E-01  7.66689E-01  7.65473E-01
  7.64249E-01  7.62659E-01  7.60197E-01  7.57780E-01  7.54999E-01  7.52585E-01
  7.50126E-01  7.47483E-01  7.45145E-01  7.42601E-01  7.37684E-01  7.32610E-01
  7.27857E-01  7.23115E-01  7.18209E-01  7.13627E-01  7.08918E-01  7.04248E-01
  6.94963E-01  6.85973E-01  6.77232E-01  6.68458E-01  6.59890E-01  6.51225E-01
  6.42725E-01  6.33994E-01  6.17344E-01  6.01328E-01  5.85935E-01  5.70766E-01
  5.56007E-01  5.41781E-01  5.27694E-01  5.16686E-01  4.90830E-01  4.66600E-01
  4.44087E-01  4.23022E-01  4.03301E-01  3.84270E-01  3.65843E-01  3.48764E-01
  3.16118E-01  2.88021E-01  2.63470E-01  2.41929E-01  2.22271E-01  2.04127E-01
  1.87436E-01  1.73399E-01  1.47723E-01  1.30016E-01  1.15098E-01  1.00801E-01
  8.84996E-02  7.82022E-02  6.98466E-02  6.22741E-02  4.78746E-02  3.52313E-02
  2.07551E-02  7.68464E-03 -6.99993E-03 -1.78785E-02 -2.03794E-02 -1.82310E-02
 -1.80167E-02 -1.85622E-02 -1.64511E-02 -6.02082E-03 -5.01152E-03
