AutoSaveFileName0106.ASC
 IFORMY    0    .00
 (6E13.7)
 IFORMT    0    .00
 (6E13.7)
 IFORMW    0    .00
 (6E13.7)
 NINTT     0   -1.00
 DOUSNQ    0    1.00
 IQUAD          1.00
 PRWT      0    1.00
 PRY       0    1.00
 IPLRES    1    3.00
 IPLRES    2    3.00
 IPRINT    1    0.00
 IPRINT    2    2.00
 IPLFIT    1    0.00
 IPLFIT    2    0.00
 LINEPG    0   50.
 NONNEG    1    1.00
 IWT       0    5.00
 NQPROG    1    5.00
 NQPROG    2    5.00
 GMNMX     1    3.867E-05
 GMNMX     2    3.867E-02
 RUSER    10    -1.00
 NG        0    200.00
 NLINF     0    0.00
 IUSER    10    4.00
 RUSER    21    1.0
 RUSER    22   -1.0
 RUSER    23    0.0
 RUSER    18         291.89975
 RUSER    17         49.99900
 RUSER    19         1.03306
 RUSER    15         1.33200
 RUSER    16         632.80000
 RUSER    25         1
 RUSER    26         0
 END       0    0.00
 NY      131
  3.75000E-07  5.00000E-07  6.25000E-07  7.50000E-07  8.75000E-07  1.00000E-06
  1.12500E-06  1.25000E-06  1.37500E-06  1.50000E-06  1.62500E-06  1.75000E-06
  1.87500E-06  2.00000E-06  2.25000E-06  2.50000E-06  2.75000E-06  3.00000E-06
  3.25000E-06  3.50000E-06  3.75000E-06  4.00000E-06  4.50000E-06  5.00000E-06
  5.50000E-06  6.00000E-06  6.50000E-06  7.00000E-06  7.50000E-06  8.00000E-06
  9.00000E-06  1.00000E-05  1.10000E-05  1.20000E-05  1.30000E-05  1.40000E-05
  1.50000E-05  1.60000E-05  1.80000E-05  2.00000E-05  2.20000E-05  2.40000E-05
  2.60000E-05  2.80000E-05  3.00000E-05  3.20000E-05  3.60000E-05  4.00000E-05
  4.40000E-05  4.80000E-05  5.20000E-05  5.60000E-05  6.00000E-05  6.40000E-05
  7.20000E-05  8.00000E-05  8.80000E-05  9.60000E-05  1.04000E-04  1.12000E-04
  1.20000E-04  1.28000E-04  1.44000E-04  1.60000E-04  1.76000E-04  1.92000E-04
  2.08000E-04  2.24000E-04  2.40000E-04  2.56000E-04  2.88000E-04  3.20000E-04
  3.52000E-04  3.84000E-04  4.16000E-04  4.48000E-04  4.80000E-04  5.12000E-04
  5.76000E-04  6.40000E-04  7.04000E-04  7.68000E-04  8.32000E-04  8.96000E-04
  9.60000E-04  1.02400E-03  1.15200E-03  1.28000E-03  1.40800E-03  1.53600E-03
  1.66400E-03  1.79200E-03  1.92000E-03  2.01600E-03  2.27200E-03  2.52800E-03
  2.78400E-03  3.04000E-03  3.29600E-03  3.55200E-03  3.80800E-03  4.06400E-03
  4.57600E-03  5.08800E-03  5.60000E-03  6.11200E-03  6.62400E-03  7.13600E-03
  7.64800E-03  8.16000E-03  9.18400E-03  1.02080E-02  1.12320E-02  1.22560E-02
  1.32800E-02  1.43040E-02  1.53280E-02  1.63520E-02  1.84000E-02  2.04480E-02
  2.24960E-02  2.45440E-02  2.65920E-02  2.86400E-02  3.06880E-02  3.27360E-02
  3.68320E-02  4.09280E-02  4.50240E-02  4.91200E-02  5.32160E-02
  1.50128E+00  1.49868E+00  1.50028E+00  1.49628E+00  1.49658E+00  1.49636E+00
  1.49440E+00  1.49477E+00  1.49626E+00  1.49473E+00  1.49902E+00  1.49542E+00
  1.49492E+00  1.49465E+00  1.49524E+00  1.49622E+00  1.49355E+00  1.49358E+00
  1.49441E+00  1.49634E+00  1.49439E+00  1.49371E+00  1.49446E+00  1.49362E+00
  1.49550E+00  1.49356E+00  1.49485E+00  1.49310E+00  1.49264E+00  1.49311E+00
  1.49312E+00  1.49329E+00  1.49217E+00  1.49282E+00  1.49068E+00  1.49185E+00
  1.49168E+00  1.49143E+00  1.49009E+00  1.49026E+00  1.48966E+00  1.48889E+00
  1.48796E+00  1.48768E+00  1.48733E+00  1.48660E+00  1.48630E+00  1.48455E+00
  1.48366E+00  1.48280E+00  1.48105E+00  1.48047E+00  1.47873E+00  1.47799E+00
  1.47572E+00  1.47339E+00  1.47137E+00  1.46907E+00  1.46725E+00  1.46494E+00
  1.46284E+00  1.46061E+00  1.45595E+00  1.45169E+00  1.44755E+00  1.44323E+00
  1.43907E+00  1.43458E+00  1.43032E+00  1.42617E+00  1.41757E+00  1.40912E+00
  1.40085E+00  1.39247E+00  1.38396E+00  1.37573E+00  1.36759E+00  1.35345E+00
  1.33728E+00  1.32150E+00  1.30580E+00  1.29036E+00  1.27514E+00  1.25999E+00
  1.24521E+00  1.23107E+00  1.20252E+00  1.17484E+00  1.14783E+00  1.12157E+00
  1.09587E+00  1.07091E+00  1.04632E+00  1.03114E+00  9.85050E-01  9.41213E-01
  8.99148E-01  8.59005E-01  8.20829E-01  7.84367E-01  7.50031E-01  7.17766E-01
  6.57080E-01  6.02771E-01  5.52906E-01  5.05553E-01  4.60674E-01  4.19182E-01
  3.81309E-01  3.48914E-01  2.89661E-01  2.40591E-01  2.00263E-01  1.69768E-01
  1.44371E-01  1.23215E-01  1.02785E-01  8.59249E-02  5.68894E-02  3.45378E-02
  1.49201E-02  1.61673E-03  1.18113E-03  1.61420E-03  5.33571E-03  9.41037E-03
  1.62698E-02  2.22130E-02  2.57638E-02  1.24824E-02  1.63784E-02
