AutoSaveFileName0321.ASC
 IFORMY    0    .00
 (6E13.7)
 IFORMT    0    .00
 (6E13.7)
 IFORMW    0    .00
 (6E13.7)
 NINTT     0   -1.00
 DOUSNQ    0    1.00
 IQUAD          1.00
 PRWT      0    1.00
 PRY       0    1.00
 IPLRES    1    3.00
 IPLRES    2    3.00
 IPRINT    1    0.00
 IPRINT    2    2.00
 IPLFIT    1    0.00
 IPLFIT    2    0.00
 LINEPG    0   50.
 NONNEG    1    1.00
 IWT       0    5.00
 NQPROG    1    5.00
 NQPROG    2    5.00
 GMNMX     1    8.948E-06
 GMNMX     2    8.948E-03
 RUSER    10    -1.00
 NG        0    200.00
 NLINF     0    0.00
 IUSER    10    4.00
 RUSER    21    1.0
 RUSER    22   -1.0
 RUSER    23    0.0
 RUSER    18         292.21486
 RUSER    17         121.99900
 RUSER    19         1.02503
 RUSER    15         1.33200
 RUSER    16         632.80000
 RUSER    25         1
 RUSER    26         0
 END       0    0.00
 NY      131
  3.75000E-07  5.00000E-07  6.25000E-07  7.50000E-07  8.75000E-07  1.00000E-06
  1.12500E-06  1.25000E-06  1.37500E-06  1.50000E-06  1.62500E-06  1.75000E-06
  1.87500E-06  2.00000E-06  2.25000E-06  2.50000E-06  2.75000E-06  3.00000E-06
  3.25000E-06  3.50000E-06  3.75000E-06  4.00000E-06  4.50000E-06  5.00000E-06
  5.50000E-06  6.00000E-06  6.50000E-06  7.00000E-06  7.50000E-06  8.00000E-06
  9.00000E-06  1.00000E-05  1.10000E-05  1.20000E-05  1.30000E-05  1.40000E-05
  1.50000E-05  1.60000E-05  1.80000E-05  2.00000E-05  2.20000E-05  2.40000E-05
  2.60000E-05  2.80000E-05  3.00000E-05  3.20000E-05  3.60000E-05  4.00000E-05
  4.40000E-05  4.80000E-05  5.20000E-05  5.60000E-05  6.00000E-05  6.40000E-05
  7.20000E-05  8.00000E-05  8.80000E-05  9.60000E-05  1.04000E-04  1.12000E-04
  1.20000E-04  1.28000E-04  1.44000E-04  1.60000E-04  1.76000E-04  1.92000E-04
  2.08000E-04  2.24000E-04  2.40000E-04  2.56000E-04  2.88000E-04  3.20000E-04
  3.52000E-04  3.84000E-04  4.16000E-04  4.48000E-04  4.80000E-04  5.12000E-04
  5.76000E-04  6.40000E-04  7.04000E-04  7.68000E-04  8.32000E-04  8.96000E-04
  9.60000E-04  1.02400E-03  1.15200E-03  1.28000E-03  1.40800E-03  1.53600E-03
  1.66400E-03  1.79200E-03  1.92000E-03  2.01600E-03  2.27200E-03  2.52800E-03
  2.78400E-03  3.04000E-03  3.29600E-03  3.55200E-03  3.80800E-03  4.06400E-03
  4.57600E-03  5.08800E-03  5.60000E-03  6.11200E-03  6.62400E-03  7.13600E-03
  7.64800E-03  8.16000E-03  9.18400E-03  1.02080E-02  1.12320E-02  1.22560E-02
  1.32800E-02  1.43040E-02  1.53280E-02  1.63520E-02  1.84000E-02  2.04480E-02
  2.24960E-02  2.45440E-02  2.65920E-02  2.86400E-02  3.06880E-02  3.27360E-02
  3.68320E-02  4.09280E-02  4.50240E-02  4.91200E-02  5.32160E-02
  8.20293E-01  8.17838E-01  8.14354E-01  8.16006E-01  8.15156E-01  8.10773E-01
  8.14030E-01  8.12497E-01  8.12441E-01  8.05778E-01  8.14826E-01  8.12850E-01
  8.13331E-01  8.14303E-01  8.11064E-01  8.11308E-01  8.12303E-01  8.10960E-01
  8.13193E-01  8.12318E-01  8.10561E-01  8.10790E-01  8.09767E-01  8.10009E-01
  8.07764E-01  8.07165E-01  8.08034E-01  8.10690E-01  8.07171E-01  8.07395E-01
  8.07391E-01  8.06387E-01  8.05089E-01  8.04419E-01  8.04590E-01  8.03747E-01
  8.03540E-01  8.02367E-01  8.00836E-01  8.00221E-01  7.98590E-01  7.96952E-01
  7.96381E-01  7.94093E-01  7.93588E-01  7.92464E-01  7.89393E-01  7.86831E-01
  7.83726E-01  7.82048E-01  7.79279E-01  7.77034E-01  7.74406E-01  7.71404E-01
  7.66470E-01  7.61735E-01  7.56821E-01  7.52252E-01  7.47084E-01  7.42151E-01
  7.37371E-01  7.32577E-01  7.23103E-01  7.13483E-01  7.04173E-01  6.95090E-01
  6.86778E-01  6.77481E-01  6.68877E-01  6.60393E-01  6.43398E-01  6.26906E-01
  6.10979E-01  5.95204E-01  5.79859E-01  5.65038E-01  5.50467E-01  5.36577E-01
  5.09560E-01  4.83369E-01  4.58637E-01  4.35395E-01  4.13279E-01  3.91980E-01
  3.72061E-01  3.53322E-01  3.17977E-01  2.86132E-01  2.57389E-01  2.31663E-01
  2.08580E-01  1.87914E-01  1.69203E-01  1.56691E-01  1.29052E-01  1.05939E-01
  8.70282E-02  7.16483E-02  5.85556E-02  4.90134E-02  4.15036E-02  3.52476E-02
  2.62927E-02  1.94633E-02  1.49558E-02  1.22825E-02  1.12324E-02  8.89403E-03
  5.64447E-03  3.27704E-03  6.79302E-05 -1.29154E-04  3.23595E-03  3.34499E-03
  5.94233E-03  8.19928E-03  1.17615E-04 -3.62299E-03 -2.54973E-03  6.07794E-03
  1.20578E-02  2.74787E-03  1.12717E-02  8.70377E-03  6.97205E-03 -6.04634E-04
 -1.93220E-03 -2.08268E-03  6.22089E-03  1.59818E-03  3.53139E-03
