AutoSaveFileName0107.ASC
 IFORMY    0    .00
 (6E13.7)
 IFORMT    0    .00
 (6E13.7)
 IFORMW    0    .00
 (6E13.7)
 NINTT     0   -1.00
 DOUSNQ    0    1.00
 IQUAD          1.00
 PRWT      0    1.00
 PRY       0    1.00
 IPLRES    1    3.00
 IPLRES    2    3.00
 IPRINT    1    0.00
 IPRINT    2    2.00
 IPLFIT    1    0.00
 IPLFIT    2    0.00
 LINEPG    0   50.
 NONNEG    1    1.00
 IWT       0    5.00
 NQPROG    1    5.00
 NQPROG    2    5.00
 GMNMX     1    2.372E-05
 GMNMX     2    2.372E-02
 RUSER    10    -1.00
 NG        0    200.00
 NLINF     0    0.00
 IUSER    10    4.00
 RUSER    21    1.0
 RUSER    22   -1.0
 RUSER    23    0.0
 RUSER    18         292.19812
 RUSER    17         64.99800
 RUSER    19         1.02546
 RUSER    15         1.33200
 RUSER    16         632.80000
 RUSER    25         1
 RUSER    26         0
 END       0    0.00
 NY      188
  5.00000E-07  6.25000E-07  7.50000E-07  8.75000E-07  1.00000E-06  1.12500E-06
  1.25000E-06  1.37500E-06  1.50000E-06  1.62500E-06  1.75000E-06  1.87500E-06
  2.00000E-06  2.25000E-06  2.50000E-06  2.75000E-06  3.00000E-06  3.25000E-06
  3.50000E-06  3.75000E-06  4.00000E-06  4.50000E-06  5.00000E-06  5.50000E-06
  6.00000E-06  6.50000E-06  7.00000E-06  7.50000E-06  8.00000E-06  9.00000E-06
  1.00000E-05  1.10000E-05  1.20000E-05  1.30000E-05  1.40000E-05  1.50000E-05
  1.60000E-05  1.80000E-05  2.00000E-05  2.20000E-05  2.40000E-05  2.60000E-05
  2.80000E-05  3.00000E-05  3.20000E-05  3.60000E-05  4.00000E-05  4.40000E-05
  4.80000E-05  5.20000E-05  5.60000E-05  6.00000E-05  6.40000E-05  7.20000E-05
  8.00000E-05  8.80000E-05  9.60000E-05  1.04000E-04  1.12000E-04  1.20000E-04
  1.28000E-04  1.44000E-04  1.60000E-04  1.76000E-04  1.92000E-04  2.08000E-04
  2.24000E-04  2.40000E-04  2.56000E-04  2.88000E-04  3.20000E-04  3.52000E-04
  3.84000E-04  4.16000E-04  4.48000E-04  4.80000E-04  5.12000E-04  5.76000E-04
  6.40000E-04  7.04000E-04  7.68000E-04  8.32000E-04  8.96000E-04  9.60000E-04
  1.02400E-03  1.15200E-03  1.28000E-03  1.40800E-03  1.53600E-03  1.66400E-03
  1.79200E-03  1.92000E-03  2.01600E-03  2.27200E-03  2.52800E-03  2.78400E-03
  3.04000E-03  3.29600E-03  3.55200E-03  3.80800E-03  4.06400E-03  4.57600E-03
  5.08800E-03  5.60000E-03  6.11200E-03  6.62400E-03  7.13600E-03  7.64800E-03
  8.16000E-03  9.18400E-03  1.02080E-02  1.12320E-02  1.22560E-02  1.32800E-02
  1.43040E-02  1.53280E-02  1.63520E-02  1.84000E-02  2.04480E-02  2.24960E-02
  2.45440E-02  2.65920E-02  2.86400E-02  3.06880E-02  3.27360E-02  3.68320E-02
  4.09280E-02  4.50240E-02  4.91200E-02  5.32160E-02  5.73120E-02  6.14080E-02
  6.55040E-02  7.36960E-02  8.18880E-02  9.00800E-02  9.82720E-02  1.06464E-01
  1.14656E-01  1.22848E-01  1.31040E-01  1.47424E-01  1.63808E-01  1.80192E-01
  1.96576E-01  2.12960E-01  2.29344E-01  2.45728E-01  2.62112E-01  2.94880E-01
  3.27648E-01  3.60416E-01  3.93184E-01  4.25952E-01  4.58720E-01  4.91488E-01
  5.24256E-01  5.89792E-01  6.55328E-01  7.20864E-01  7.86400E-01  8.51936E-01
  9.17472E-01  9.83008E-01  1.04854E+00  1.17962E+00  1.31069E+00  1.44176E+00
  1.57283E+00  1.70390E+00  1.83498E+00  1.96605E+00  2.09712E+00  2.35926E+00
  2.62141E+00  2.88355E+00  3.14570E+00  3.40784E+00  3.66998E+00  3.93213E+00
  4.19427E+00  4.71856E+00  5.24285E+00  5.76714E+00  6.29142E+00  6.81571E+00
  7.34000E+00  7.86429E+00
  9.97688E-01  9.94768E-01  9.95191E-01  9.93978E-01  9.93203E-01  9.91883E-01
  9.91580E-01  9.93114E-01  9.93727E-01  9.91830E-01  9.92510E-01  9.90951E-01
  9.91149E-01  9.92954E-01  9.92128E-01  9.91687E-01  9.91749E-01  9.91368E-01
  9.91158E-01  9.91485E-01  9.91614E-01  9.92306E-01  9.91017E-01  9.90888E-01
  9.92384E-01  9.91365E-01  9.91333E-01  9.91631E-01  9.91558E-01  9.90840E-01
  9.90268E-01  9.90568E-01  9.91169E-01  9.90681E-01  9.90093E-01  9.90235E-01
  9.90284E-01  9.89607E-01  9.90020E-01  9.89248E-01  9.89367E-01  9.88714E-01
  9.89174E-01  9.88456E-01  9.87990E-01  9.87297E-01  9.87012E-01  9.86525E-01
  9.85866E-01  9.85579E-01  9.84808E-01  9.84270E-01  9.83608E-01  9.82719E-01
  9.81678E-01  9.80662E-01  9.79661E-01  9.78116E-01  9.77422E-01  9.76226E-01
  9.75222E-01  9.72889E-01  9.70736E-01  9.68564E-01  9.66518E-01  9.64318E-01
  9.62227E-01  9.60106E-01  9.57857E-01  9.53648E-01  9.49365E-01  9.45163E-01
  9.40931E-01  9.36869E-01  9.32731E-01  9.28552E-01  9.24424E-01  9.16126E-01
  9.08158E-01  9.00181E-01  8.92182E-01  8.84354E-01  8.76524E-01  8.68827E-01
  8.45121E-01  8.30390E-01  8.15907E-01  8.01669E-01  7.87724E-01  7.73883E-01
  7.60481E-01  7.47242E-01  7.51345E-01  7.25790E-01  7.01248E-01  6.77731E-01
  6.54854E-01  6.32795E-01  6.11770E-01  5.91413E-01  5.71992E-01  5.34540E-01
  4.99733E-01  4.67537E-01  4.37421E-01  4.09466E-01  3.83422E-01  3.59089E-01
  3.36518E-01  2.94903E-01  2.58651E-01  2.27602E-01  2.00794E-01  1.76890E-01
  1.55510E-01  1.36463E-01  1.20436E-01  9.19992E-02  6.80814E-02  5.04352E-02
  3.85608E-02  2.84058E-02  2.27929E-02  1.82486E-02  1.51507E-02  1.29626E-02
  1.16290E-02  9.15537E-03  5.33761E-03 -7.11291E-04 -4.62305E-03 -6.53349E-03
 -7.08141E-03 -4.36584E-03 -1.53221E-03 -8.37555E-04 -3.51912E-03 -1.14674E-04
  3.70377E-03  5.49508E-03  4.44308E-03  4.42567E-03  1.27358E-03 -5.25122E-04
 -3.63463E-03 -4.57838E-03 -4.59923E-03 -1.19721E-02 -4.42297E-04  1.69760E-03
 -4.84156E-03 -2.85622E-03 -1.53843E-03 -5.18359E-03 -9.20243E-04 -9.22261E-04
  5.49411E-04 -2.22711E-03 -4.40446E-03  5.41684E-03  3.95824E-03 -7.18435E-04
 -2.41152E-03 -9.84248E-04  4.82873E-03 -6.32555E-04 -2.30153E-03  1.46039E-03
 -5.82724E-03  1.12640E-03 -1.27591E-03  6.58607E-03  3.02094E-03 -4.14549E-03
 -3.02261E-03 -5.28430E-03 -2.99267E-03  1.24858E-03 -4.55703E-03  2.25361E-04
 -3.62761E-03 -7.36263E-04  6.45415E-04 -8.54140E-04 -1.63394E-03 -1.07363E-04
  1.19127E-03  1.74283E-03
