AutoSaveFileName0115.ASC
 IFORMY    0    .00
 (6E13.7)
 IFORMT    0    .00
 (6E13.7)
 IFORMW    0    .00
 (6E13.7)
 NINTT     0   -1.00
 DOUSNQ    0    1.00
 IQUAD          1.00
 PRWT      0    1.00
 PRY       0    1.00
 IPLRES    1    3.00
 IPLRES    2    3.00
 IPRINT    1    0.00
 IPRINT    2    2.00
 IPLFIT    1    0.00
 IPLFIT    2    0.00
 LINEPG    0   50.
 NONNEG    1    1.00
 IWT       0    5.00
 NQPROG    1    5.00
 NQPROG    2    5.00
 GMNMX     1    2.081E-05
 GMNMX     2    2.081E-02
 RUSER    10    -1.00
 NG        0    200.00
 NLINF     0    0.00
 IUSER    10    4.00
 RUSER    21    1.0
 RUSER    22   -1.0
 RUSER    23    0.0
 RUSER    18         292.20139
 RUSER    17         69.99800
 RUSER    19         1.02538
 RUSER    15         1.33200
 RUSER    16         632.80000
 RUSER    25         1
 RUSER    26         0
 END       0    0.00
 NY      188
  5.00000E-07  6.25000E-07  7.50000E-07  8.75000E-07  1.00000E-06  1.12500E-06
  1.25000E-06  1.37500E-06  1.50000E-06  1.62500E-06  1.75000E-06  1.87500E-06
  2.00000E-06  2.25000E-06  2.50000E-06  2.75000E-06  3.00000E-06  3.25000E-06
  3.50000E-06  3.75000E-06  4.00000E-06  4.50000E-06  5.00000E-06  5.50000E-06
  6.00000E-06  6.50000E-06  7.00000E-06  7.50000E-06  8.00000E-06  9.00000E-06
  1.00000E-05  1.10000E-05  1.20000E-05  1.30000E-05  1.40000E-05  1.50000E-05
  1.60000E-05  1.80000E-05  2.00000E-05  2.20000E-05  2.40000E-05  2.60000E-05
  2.80000E-05  3.00000E-05  3.20000E-05  3.60000E-05  4.00000E-05  4.40000E-05
  4.80000E-05  5.20000E-05  5.60000E-05  6.00000E-05  6.40000E-05  7.20000E-05
  8.00000E-05  8.80000E-05  9.60000E-05  1.04000E-04  1.12000E-04  1.20000E-04
  1.28000E-04  1.44000E-04  1.60000E-04  1.76000E-04  1.92000E-04  2.08000E-04
  2.24000E-04  2.40000E-04  2.56000E-04  2.88000E-04  3.20000E-04  3.52000E-04
  3.84000E-04  4.16000E-04  4.48000E-04  4.80000E-04  5.12000E-04  5.76000E-04
  6.40000E-04  7.04000E-04  7.68000E-04  8.32000E-04  8.96000E-04  9.60000E-04
  1.02400E-03  1.15200E-03  1.28000E-03  1.40800E-03  1.53600E-03  1.66400E-03
  1.79200E-03  1.92000E-03  2.01600E-03  2.27200E-03  2.52800E-03  2.78400E-03
  3.04000E-03  3.29600E-03  3.55200E-03  3.80800E-03  4.06400E-03  4.57600E-03
  5.08800E-03  5.60000E-03  6.11200E-03  6.62400E-03  7.13600E-03  7.64800E-03
  8.16000E-03  9.18400E-03  1.02080E-02  1.12320E-02  1.22560E-02  1.32800E-02
  1.43040E-02  1.53280E-02  1.63520E-02  1.84000E-02  2.04480E-02  2.24960E-02
  2.45440E-02  2.65920E-02  2.86400E-02  3.06880E-02  3.27360E-02  3.68320E-02
  4.09280E-02  4.50240E-02  4.91200E-02  5.32160E-02  5.73120E-02  6.14080E-02
  6.55040E-02  7.36960E-02  8.18880E-02  9.00800E-02  9.82720E-02  1.06464E-01
  1.14656E-01  1.22848E-01  1.31040E-01  1.47424E-01  1.63808E-01  1.80192E-01
  1.96576E-01  2.12960E-01  2.29344E-01  2.45728E-01  2.62112E-01  2.94880E-01
  3.27648E-01  3.60416E-01  3.93184E-01  4.25952E-01  4.58720E-01  4.91488E-01
  5.24256E-01  5.89792E-01  6.55328E-01  7.20864E-01  7.86400E-01  8.51936E-01
  9.17472E-01  9.83008E-01  1.04854E+00  1.17962E+00  1.31069E+00  1.44176E+00
  1.57283E+00  1.70390E+00  1.83498E+00  1.96605E+00  2.09712E+00  2.35926E+00
  2.62141E+00  2.88355E+00  3.14570E+00  3.40784E+00  3.66998E+00  3.93213E+00
  4.19427E+00  4.71856E+00  5.24285E+00  5.76714E+00  6.29142E+00  6.81571E+00
  7.34000E+00  7.86429E+00
  9.91551E-01  9.91463E-01  9.88264E-01  9.88749E-01  9.87394E-01  9.88992E-01
  9.88943E-01  9.90167E-01  9.91338E-01  9.90139E-01  9.86704E-01  9.89379E-01
  9.88288E-01  9.87875E-01  9.87907E-01  9.87289E-01  9.87375E-01  9.86696E-01
  9.86855E-01  9.87768E-01  9.88470E-01  9.88210E-01  9.87887E-01  9.89072E-01
  9.86884E-01  9.86137E-01  9.86212E-01  9.85146E-01  9.85148E-01  9.87600E-01
  9.85823E-01  9.86620E-01  9.87037E-01  9.85744E-01  9.85856E-01  9.85389E-01
  9.85627E-01  9.85297E-01  9.85733E-01  9.85375E-01  9.84511E-01  9.84558E-01
  9.84018E-01  9.83185E-01  9.83946E-01  9.83447E-01  9.82767E-01  9.82912E-01
  9.81758E-01  9.80941E-01  9.80468E-01  9.80120E-01  9.79385E-01  9.78237E-01
  9.77463E-01  9.76089E-01  9.75534E-01  9.74167E-01  9.73434E-01  9.72165E-01
  9.71373E-01  9.69323E-01  9.66599E-01  9.64451E-01  9.62578E-01  9.60555E-01
  9.58175E-01  9.56439E-01  9.54262E-01  9.49894E-01  9.45887E-01  9.41801E-01
  9.37652E-01  9.33654E-01  9.29617E-01  9.25535E-01  9.21430E-01  9.13481E-01
  9.05513E-01  8.97703E-01  8.89990E-01  8.82428E-01  8.74724E-01  8.67266E-01
  8.41263E-01  8.26903E-01  8.12724E-01  7.98865E-01  7.85272E-01  7.71988E-01
  7.59088E-01  7.46457E-01  7.54433E-01  7.29736E-01  7.05938E-01  6.83043E-01
  6.61148E-01  6.40079E-01  6.19826E-01  6.00255E-01  5.81622E-01  5.45922E-01
  5.12696E-01  4.81657E-01  4.52373E-01  4.25404E-01  4.00674E-01  3.77901E-01
  3.57366E-01  3.19594E-01  2.86971E-01  2.58671E-01  2.33745E-01  2.11746E-01
  1.92826E-01  1.76741E-01  1.64222E-01  1.42173E-01  1.24384E-01  1.09475E-01
  9.52717E-02  8.34213E-02  7.25519E-02  6.53277E-02  6.20189E-02  5.39868E-02
  4.66611E-02  4.24701E-02  3.55112E-02  2.63484E-02  1.61929E-02  9.03450E-03
  5.13779E-03  3.63426E-03  7.94551E-03  1.18165E-02  9.74058E-03  4.11946E-03
  4.29903E-03  7.67072E-03  1.08214E-02  1.19985E-02  7.96474E-03  9.00899E-03
  1.65195E-03 -5.08148E-04 -1.13035E-03  3.02371E-03  6.41641E-03  8.22974E-03
  1.40759E-02  1.60848E-02  7.41702E-03  4.86200E-03  8.36303E-03  1.44848E-03
  4.56842E-03  1.95155E-04 -4.74288E-03  2.62595E-03 -5.21645E-03 -5.56620E-03
 -5.30638E-03 -6.46312E-03 -1.22775E-03  1.76022E-03  5.53918E-04 -4.40164E-03
 -7.38901E-03 -5.47199E-03  1.12312E-03 -1.05079E-03 -4.75970E-03  2.50668E-03
  7.80882E-03 -4.21039E-03  8.54277E-04  3.44973E-03  1.94214E-03  7.22008E-04
 -2.68051E-03 -6.95843E-03  2.64968E-03  2.43000E-03 -3.55440E-03  5.96569E-03
 -9.69657E-04 -5.58422E-03
