AutoSaveFileName0050.ASC
 IFORMY    0    .00
 (6E13.7)
 IFORMT    0    .00
 (6E13.7)
 IFORMW    0    .00
 (6E13.7)
 NINTT     0   -1.00
 DOUSNQ    0    1.00
 IQUAD          1.00
 PRWT      0    1.00
 PRY       0    1.00
 IPLRES    1    3.00
 IPLRES    2    3.00
 IPRINT    1    0.00
 IPRINT    2    2.00
 IPLFIT    1    0.00
 IPLFIT    2    0.00
 LINEPG    0   50.
 NONNEG    1    1.00
 IWT       0    5.00
 NQPROG    1    5.00
 NQPROG    2    5.00
 GMNMX     1    5.859E-05
 GMNMX     2    5.859E-02
 RUSER    10    -1.00
 NG        0    200.00
 NLINF     0    0.00
 IUSER    10    4.00
 RUSER    21    1.0
 RUSER    22   -1.0
 RUSER    23    0.0
 RUSER    18         292.17453
 RUSER    17         39.99800
 RUSER    19         1.02606
 RUSER    15         1.33200
 RUSER    16         632.80000
 RUSER    25         1
 RUSER    26         0
 END       0    0.00
 NY      188
  5.00000E-07  6.25000E-07  7.50000E-07  8.75000E-07  1.00000E-06  1.12500E-06
  1.25000E-06  1.37500E-06  1.50000E-06  1.62500E-06  1.75000E-06  1.87500E-06
  2.00000E-06  2.25000E-06  2.50000E-06  2.75000E-06  3.00000E-06  3.25000E-06
  3.50000E-06  3.75000E-06  4.00000E-06  4.50000E-06  5.00000E-06  5.50000E-06
  6.00000E-06  6.50000E-06  7.00000E-06  7.50000E-06  8.00000E-06  9.00000E-06
  1.00000E-05  1.10000E-05  1.20000E-05  1.30000E-05  1.40000E-05  1.50000E-05
  1.60000E-05  1.80000E-05  2.00000E-05  2.20000E-05  2.40000E-05  2.60000E-05
  2.80000E-05  3.00000E-05  3.20000E-05  3.60000E-05  4.00000E-05  4.40000E-05
  4.80000E-05  5.20000E-05  5.60000E-05  6.00000E-05  6.40000E-05  7.20000E-05
  8.00000E-05  8.80000E-05  9.60000E-05  1.04000E-04  1.12000E-04  1.20000E-04
  1.28000E-04  1.44000E-04  1.60000E-04  1.76000E-04  1.92000E-04  2.08000E-04
  2.24000E-04  2.40000E-04  2.56000E-04  2.88000E-04  3.20000E-04  3.52000E-04
  3.84000E-04  4.16000E-04  4.48000E-04  4.80000E-04  5.12000E-04  5.76000E-04
  6.40000E-04  7.04000E-04  7.68000E-04  8.32000E-04  8.96000E-04  9.60000E-04
  1.02400E-03  1.15200E-03  1.28000E-03  1.40800E-03  1.53600E-03  1.66400E-03
  1.79200E-03  1.92000E-03  2.01600E-03  2.27200E-03  2.52800E-03  2.78400E-03
  3.04000E-03  3.29600E-03  3.55200E-03  3.80800E-03  4.06400E-03  4.57600E-03
  5.08800E-03  5.60000E-03  6.11200E-03  6.62400E-03  7.13600E-03  7.64800E-03
  8.16000E-03  9.18400E-03  1.02080E-02  1.12320E-02  1.22560E-02  1.32800E-02
  1.43040E-02  1.53280E-02  1.63520E-02  1.84000E-02  2.04480E-02  2.24960E-02
  2.45440E-02  2.65920E-02  2.86400E-02  3.06880E-02  3.27360E-02  3.68320E-02
  4.09280E-02  4.50240E-02  4.91200E-02  5.32160E-02  5.73120E-02  6.14080E-02
  6.55040E-02  7.36960E-02  8.18880E-02  9.00800E-02  9.82720E-02  1.06464E-01
  1.14656E-01  1.22848E-01  1.31040E-01  1.47424E-01  1.63808E-01  1.80192E-01
  1.96576E-01  2.12960E-01  2.29344E-01  2.45728E-01  2.62112E-01  2.94880E-01
  3.27648E-01  3.60416E-01  3.93184E-01  4.25952E-01  4.58720E-01  4.91488E-01
  5.24256E-01  5.89792E-01  6.55328E-01  7.20864E-01  7.86400E-01  8.51936E-01
  9.17472E-01  9.83008E-01  1.04854E+00  1.17962E+00  1.31069E+00  1.44176E+00
  1.57283E+00  1.70390E+00  1.83498E+00  1.96605E+00  2.09712E+00  2.35926E+00
  2.62141E+00  2.88355E+00  3.14570E+00  3.40784E+00  3.66998E+00  3.93213E+00
  4.19427E+00  4.71856E+00  5.24285E+00  5.76714E+00  6.29142E+00  6.81571E+00
  7.34000E+00  7.86429E+00
  9.95120E-01  9.97052E-01  9.85660E-01  9.95939E-01  9.90921E-01  9.88642E-01
  9.86987E-01  9.89352E-01  9.91393E-01  9.91572E-01  9.87108E-01  9.90091E-01
  9.86755E-01  9.90040E-01  9.85714E-01  9.92930E-01  9.88411E-01  9.88694E-01
  9.88350E-01  9.89270E-01  9.89318E-01  9.90780E-01  9.91662E-01  9.89969E-01
  9.90266E-01  9.91236E-01  9.88742E-01  9.88811E-01  9.87333E-01  9.89157E-01
  9.87887E-01  9.89982E-01  9.89171E-01  9.87401E-01  9.88011E-01  9.87897E-01
  9.89655E-01  9.87693E-01  9.87824E-01  9.88065E-01  9.88312E-01  9.86891E-01
  9.87770E-01  9.89962E-01  9.88848E-01  9.87822E-01  9.88232E-01  9.87425E-01
  9.88065E-01  9.88277E-01  9.86997E-01  9.87126E-01  9.86566E-01  9.86622E-01
  9.85598E-01  9.84723E-01  9.85251E-01  9.84146E-01  9.84589E-01  9.83928E-01
  9.83883E-01  9.83333E-01  9.82823E-01  9.81547E-01  9.80672E-01  9.80012E-01
  9.79812E-01  9.79362E-01  9.78460E-01  9.76639E-01  9.75452E-01  9.73704E-01
  9.72204E-01  9.71009E-01  9.69396E-01  9.67928E-01  9.66852E-01  9.63914E-01
  9.60873E-01  9.58458E-01  9.55250E-01  9.52684E-01  9.49758E-01  9.47262E-01
  9.38789E-01  9.33510E-01  9.28201E-01  9.22926E-01  9.17536E-01  9.12346E-01
  9.07180E-01  9.01943E-01  9.04082E-01  8.94025E-01  8.84030E-01  8.73938E-01
  8.63702E-01  8.53767E-01  8.43905E-01  8.33983E-01  8.24113E-01  8.04420E-01
  7.85630E-01  7.67540E-01  7.49645E-01  7.32153E-01  7.14943E-01  6.97617E-01
  6.80752E-01  6.47466E-01  6.15923E-01  5.85262E-01  5.55987E-01  5.28916E-01
  5.02940E-01  4.77625E-01  4.54770E-01  4.11512E-01  3.71489E-01  3.34459E-01
  3.01925E-01  2.71386E-01  2.45313E-01  2.23527E-01  2.04168E-01  1.72389E-01
  1.46010E-01  1.26169E-01  1.11146E-01  1.00494E-01  8.67869E-02  7.16956E-02
  5.46829E-02  2.89700E-02  2.68515E-03 -1.68608E-02 -3.06365E-02 -4.02202E-02
 -4.24610E-02 -4.09954E-02 -3.34963E-02 -5.22487E-02 -6.12266E-02 -3.32606E-02
 -7.81264E-03  7.19271E-03  9.37552E-03  3.91708E-03 -2.21364E-02 -2.52091E-02
 -2.67425E-02 -1.53507E-03 -1.48112E-02  2.06848E-02  1.66195E-02  8.44768E-03
  7.33223E-03  5.83190E-02 -1.66527E-03 -2.07805E-02  4.57354E-02  3.76478E-02
 -2.37844E-02 -3.14554E-02 -1.10050E-02  1.56414E-02 -1.23040E-02 -1.81165E-02
  7.80404E-04 -2.02670E-03 -1.26773E-02  1.19688E-02 -1.46181E-02 -1.53203E-02
  1.07632E-02 -2.71229E-02 -1.36141E-02  3.48381E-02 -1.46689E-02  2.61537E-03
  3.79459E-02 -2.47784E-02 -2.24656E-02 -1.87017E-02 -5.72417E-03  1.46823E-02
  5.28555E-03 -6.24756E-03
