AutoSaveFileName0075.ASC
 IFORMY    0    .00
 (6E13.7)
 IFORMT    0    .00
 (6E13.7)
 IFORMW    0    .00
 (6E13.7)
 NINTT     0   -1.00
 DOUSNQ    0    1.00
 IQUAD     0    1.00
 PRWT      0    1.00
 PRY       0    1.00
 IPLRES    1    3.00
 IPLRES    2    3.00
 IPRINT    1    0.00
 IPRINT    2    2.00
 IPLFIT    1    0.00
 IPLFIT    2    0.00
 LINEPG    0   50.
 NONNEG    1    1.00
 IWT       0    5.00
 NQPROG    1    5.00
 NQPROG    2    5.00
 GMNMX     1    1.50611E-02
 GMNMX     2    5.40654E-03
 RUSER    10    -1.00
 NG        0    500.00
 NLINF     0    1.00
 IUSER    10    4.00
 RUSER    21    1.0
 RUSER    22   -1.0
 RUSER    23    0.0
 RUSER    18         291.94529
 RUSER    17         49.99800
 RUSER    19         1.03190
 RUSER    15         1.33200
 RUSER    16         632.80000
 RUSER    25         1
 RUSER    26         0
 END       0    0.00
 NY      162
  7.50000E-07  8.75000E-07  1.00000E-06  1.12500E-06  1.25000E-06  1.37500E-06
  1.50000E-06  1.62500E-06  1.75000E-06  1.87500E-06  2.00000E-06  2.25000E-06
  2.50000E-06  2.75000E-06  3.00000E-06  3.25000E-06  3.50000E-06  3.75000E-06
  4.00000E-06  4.50000E-06  5.00000E-06  5.50000E-06  6.00000E-06  6.50000E-06
  7.00000E-06  7.50000E-06  8.00000E-06  9.00000E-06  1.00000E-05  1.10000E-05
  1.20000E-05  1.30000E-05  1.40000E-05  1.50000E-05  1.60000E-05  1.80000E-05
  2.00000E-05  2.20000E-05  2.40000E-05  2.60000E-05  2.80000E-05  3.00000E-05
  3.20000E-05  3.60000E-05  4.00000E-05  4.40000E-05  4.80000E-05  5.20000E-05
  5.60000E-05  6.00000E-05  6.40000E-05  7.20000E-05  8.00000E-05  8.80000E-05
  9.60000E-05  1.04000E-04  1.12000E-04  1.20000E-04  1.28000E-04  1.44000E-04
  1.60000E-04  1.76000E-04  1.92000E-04  2.08000E-04  2.24000E-04  2.40000E-04
  2.56000E-04  2.88000E-04  3.20000E-04  3.52000E-04  3.84000E-04  4.16000E-04
  4.48000E-04  4.80000E-04  5.12000E-04  5.76000E-04  6.40000E-04  7.04000E-04
  7.68000E-04  8.32000E-04  8.96000E-04  9.60000E-04  1.02400E-03  1.15200E-03
  1.28000E-03  1.40800E-03  1.53600E-03  1.66400E-03  1.79200E-03  1.92000E-03
  2.01600E-03  2.27200E-03  2.52800E-03  2.78400E-03  3.04000E-03  3.29600E-03
  3.55200E-03  3.80800E-03  4.06400E-03  4.57600E-03  5.08800E-03  5.60000E-03
  6.11200E-03  6.62400E-03  7.13600E-03  7.64800E-03  8.16000E-03  9.18400E-03
  1.02080E-02  1.12320E-02  1.22560E-02  1.32800E-02  1.43040E-02  1.53280E-02
  1.63520E-02  1.84000E-02  2.04480E-02  2.24960E-02  2.45440E-02  2.65920E-02
  2.86400E-02  3.06880E-02  3.27360E-02  3.68320E-02  4.09280E-02  4.50240E-02
  4.91200E-02  5.32160E-02  5.73120E-02  6.14080E-02  6.55040E-02  7.36960E-02
  8.18880E-02  9.00800E-02  9.82720E-02  1.06464E-01  1.14656E-01  1.22848E-01
  1.31040E-01  1.47424E-01  1.63808E-01  1.80192E-01  1.96576E-01  2.12960E-01
  2.29344E-01  2.45728E-01  2.62112E-01  2.94880E-01  3.27648E-01  3.60416E-01
  3.93184E-01  4.25952E-01  4.58720E-01  4.91488E-01  5.24256E-01  5.89792E-01
  6.55328E-01  7.20864E-01  7.86400E-01  8.51936E-01  9.17472E-01  9.83008E-01
  9.99397E-01  9.98823E-01  1.00000E+00  9.98363E-01  9.98051E-01  9.97702E-01
  9.95177E-01  9.96852E-01  9.98341E-01  9.94861E-01  9.96529E-01  9.96312E-01
  9.94933E-01  9.95461E-01  9.94716E-01  9.94836E-01  9.92825E-01  9.95205E-01
  9.94383E-01  9.94550E-01  9.92204E-01  9.92374E-01  9.91900E-01  9.90812E-01
  9.90580E-01  9.90469E-01  9.89209E-01  9.87946E-01  9.86531E-01  9.84995E-01
  9.84191E-01  9.83272E-01  9.82143E-01  9.80761E-01  9.79880E-01  9.78137E-01
  9.75577E-01  9.73032E-01  9.70649E-01  9.68878E-01  9.66300E-01  9.63495E-01
  9.61540E-01  9.57658E-01  9.52781E-01  9.48943E-01  9.44001E-01  9.39495E-01
  9.35333E-01  9.31338E-01  9.26844E-01  9.18150E-01  9.09683E-01  9.01474E-01
  8.93519E-01  8.84847E-01  8.76789E-01  8.68671E-01  8.60887E-01  8.45358E-01
  8.30061E-01  8.14829E-01  8.00072E-01  7.85891E-01  7.71491E-01  7.57714E-01
  7.44134E-01  7.17457E-01  6.91722E-01  6.67251E-01  6.43636E-01  6.20838E-01
  5.98817E-01  5.77468E-01  5.57306E-01  5.18640E-01  4.82981E-01  4.49734E-01
  4.18890E-01  3.90521E-01  3.63948E-01  3.39122E-01  3.16172E-01  2.74832E-01
  2.39277E-01  2.08490E-01  1.81873E-01  1.59149E-01  1.39610E-01  1.22634E-01
  1.11914E-01  8.76245E-02  6.89016E-02  5.41452E-02  4.24294E-02  3.33446E-02
  2.66842E-02  2.13442E-02  1.79305E-02  1.10856E-02  5.89075E-03  3.78019E-03
  2.98684E-03  1.54916E-03  2.56918E-04 -1.88108E-04 -9.94687E-04 -1.90289E-03
  2.87239E-04 -2.74578E-03 -3.82625E-03 -1.53467E-04  2.19522E-03  9.03251E-04
 -7.10605E-04 -1.65517E-04 -3.78380E-04 -1.50659E-03 -5.45949E-04  8.83954E-04
 -1.91249E-04  1.20657E-03 -6.93883E-04  2.14730E-03  1.29132E-03 -1.77149E-03
 -1.99274E-04  2.90167E-03  2.01633E-03  2.60443E-04 -2.97642E-05  1.46162E-03
  7.42648E-04  1.80263E-03 -6.53089E-04  7.47348E-04 -7.26045E-04  1.73411E-03
  1.88058E-03  2.49873E-04 -8.00727E-04  1.30069E-03  1.56608E-03  1.58429E-03
  9.13024E-04  5.06452E-04  4.10768E-04 -1.80286E-04  7.27011E-04  2.52680E-05
  1.39780E-03 -1.04150E-04 -3.34567E-05 -5.39374E-05  4.53878E-04  1.95458E-04
  2.69323E-04  1.06067E-04  5.76440E-04  7.72630E-04 -7.74075E-04  1.42449E-03
