AutoSaveFileName0222.ASC
 IFORMY    0    .00
 (6E13.7)
 IFORMT    0    .00
 (6E13.7)
 IFORMW    0    .00
 (6E13.7)
 NINTT     0   -1.00
 DOUSNQ    0    1.00
 IQUAD     0    1.00
 PRWT      0    1.00
 PRY       0    1.00
 IPLRES    1    3.00
 IPLRES    2    3.00
 IPRINT    1    0.00
 IPRINT    2    2.00
 IPLFIT    1    0.00
 IPLFIT    2    0.00
 LINEPG    0   50.
 NONNEG    1    1.00
 IWT       0    5.00
 NQPROG    1    5.00
 NQPROG    2    5.00
 GMNMX     1    3.40415E-03
 GMNMX     2    1.22200E-03
 RUSER    10    -1.00
 NG        0    500.00
 NLINF     0    1.00
 IUSER    10    4.00
 RUSER    21    1.0
 RUSER    22   -1.0
 RUSER    23    0.0
 RUSER    18         292.09679
 RUSER    17         124.99900
 RUSER    19         1.02803
 RUSER    15         1.33200
 RUSER    16         632.80000
 RUSER    25         1
 RUSER    26         0
 END       0    0.00
 NY      162
  7.50000E-07  8.75000E-07  1.00000E-06  1.12500E-06  1.25000E-06  1.37500E-06
  1.50000E-06  1.62500E-06  1.75000E-06  1.87500E-06  2.00000E-06  2.25000E-06
  2.50000E-06  2.75000E-06  3.00000E-06  3.25000E-06  3.50000E-06  3.75000E-06
  4.00000E-06  4.50000E-06  5.00000E-06  5.50000E-06  6.00000E-06  6.50000E-06
  7.00000E-06  7.50000E-06  8.00000E-06  9.00000E-06  1.00000E-05  1.10000E-05
  1.20000E-05  1.30000E-05  1.40000E-05  1.50000E-05  1.60000E-05  1.80000E-05
  2.00000E-05  2.20000E-05  2.40000E-05  2.60000E-05  2.80000E-05  3.00000E-05
  3.20000E-05  3.60000E-05  4.00000E-05  4.40000E-05  4.80000E-05  5.20000E-05
  5.60000E-05  6.00000E-05  6.40000E-05  7.20000E-05  8.00000E-05  8.80000E-05
  9.60000E-05  1.04000E-04  1.12000E-04  1.20000E-04  1.28000E-04  1.44000E-04
  1.60000E-04  1.76000E-04  1.92000E-04  2.08000E-04  2.24000E-04  2.40000E-04
  2.56000E-04  2.88000E-04  3.20000E-04  3.52000E-04  3.84000E-04  4.16000E-04
  4.48000E-04  4.80000E-04  5.12000E-04  5.76000E-04  6.40000E-04  7.04000E-04
  7.68000E-04  8.32000E-04  8.96000E-04  9.60000E-04  1.02400E-03  1.15200E-03
  1.28000E-03  1.40800E-03  1.53600E-03  1.66400E-03  1.79200E-03  1.92000E-03
  2.01600E-03  2.27200E-03  2.52800E-03  2.78400E-03  3.04000E-03  3.29600E-03
  3.55200E-03  3.80800E-03  4.06400E-03  4.57600E-03  5.08800E-03  5.60000E-03
  6.11200E-03  6.62400E-03  7.13600E-03  7.64800E-03  8.16000E-03  9.18400E-03
  1.02080E-02  1.12320E-02  1.22560E-02  1.32800E-02  1.43040E-02  1.53280E-02
  1.63520E-02  1.84000E-02  2.04480E-02  2.24960E-02  2.45440E-02  2.65920E-02
  2.86400E-02  3.06880E-02  3.27360E-02  3.68320E-02  4.09280E-02  4.50240E-02
  4.91200E-02  5.32160E-02  5.73120E-02  6.14080E-02  6.55040E-02  7.36960E-02
  8.18880E-02  9.00800E-02  9.82720E-02  1.06464E-01  1.14656E-01  1.22848E-01
  1.31040E-01  1.47424E-01  1.63808E-01  1.80192E-01  1.96576E-01  2.12960E-01
  2.29344E-01  2.45728E-01  2.62112E-01  2.94880E-01  3.27648E-01  3.60416E-01
  3.93184E-01  4.25952E-01  4.58720E-01  4.91488E-01  5.24256E-01  5.89792E-01
  6.55328E-01  7.20864E-01  7.86400E-01  8.51936E-01  9.17472E-01  9.83008E-01
  1.00000E+00  9.92548E-01  9.95109E-01  9.93585E-01  9.92783E-01  9.91514E-01
  9.85749E-01  9.89348E-01  9.89199E-01  9.86000E-01  9.83623E-01  9.87171E-01
  9.82941E-01  9.82068E-01  9.81716E-01  9.82240E-01  9.77338E-01  9.77596E-01
  9.76421E-01  9.72983E-01  9.70993E-01  9.67218E-01  9.64732E-01  9.62178E-01
  9.60122E-01  9.56727E-01  9.54350E-01  9.50226E-01  9.46490E-01  9.40839E-01
  9.35044E-01  9.30740E-01  9.25077E-01  9.21611E-01  9.15894E-01  9.06021E-01
  8.96525E-01  8.87416E-01  8.77916E-01  8.69112E-01  8.59866E-01  8.50542E-01
  8.41551E-01  8.24042E-01  8.07218E-01  7.89729E-01  7.73939E-01  7.57777E-01
  7.41283E-01  7.25869E-01  7.11156E-01  6.81147E-01  6.53296E-01  6.25977E-01
  5.99888E-01  5.75557E-01  5.51516E-01  5.28932E-01  5.07018E-01  4.66157E-01
  4.28837E-01  3.93795E-01  3.62314E-01  3.32615E-01  3.06223E-01  2.81917E-01
  2.59716E-01  2.19706E-01  1.85514E-01  1.56606E-01  1.32324E-01  1.11384E-01
  9.34241E-02  7.84062E-02  6.66184E-02  4.72928E-02  3.31361E-02  2.28799E-02
  1.54874E-02  1.08853E-02  8.04653E-03  6.48033E-03  4.50685E-03  2.76210E-03
  2.10838E-03  1.08593E-03  1.14921E-03  1.44907E-03  5.99199E-05 -1.83821E-04
 -3.15492E-04 -6.81770E-04 -1.31199E-03 -1.58936E-03 -1.54521E-03  9.32255E-04
  1.78736E-03 -2.69403E-04 -1.73166E-03 -1.51768E-03 -3.71071E-04  3.84536E-03
  1.83378E-03 -1.44673E-03 -3.02546E-04  1.37671E-03 -1.42838E-03 -2.39154E-03
  7.54339E-04  1.41653E-03 -2.54363E-04 -3.54784E-04  1.48495E-03  2.26770E-03
  1.41879E-03 -3.17174E-04 -9.92238E-04  9.79891E-04 -3.78082E-05  3.52543E-04
 -2.66796E-04 -1.61792E-04  4.62202E-04 -8.97281E-05 -2.88786E-04  2.74485E-04
 -6.62213E-05  6.11652E-04 -6.29505E-04 -8.20137E-04  3.34629E-04  6.29274E-04
 -6.55830E-04  5.52871E-04  5.66304E-04  2.31138E-04 -4.33740E-04 -6.43780E-04
  2.18069E-04  3.35661E-04 -1.90108E-04  8.15411E-05 -1.56836E-04  3.01701E-04
 -3.81870E-04  5.29457E-04  4.92105E-04  1.38883E-04  2.96239E-05  3.93905E-04
 -3.75046E-05  2.73984E-04  1.16399E-04 -8.53377E-05  5.23313E-05  1.17432E-04
 -1.87596E-04 -1.15153E-04  7.73269E-05 -2.82319E-05  3.01200E-05  4.14860E-04
