AutoSaveFileName0011.ASC
 IFORMY    0    .00
 (6E13.7)
 IFORMT    0    .00
 (6E13.7)
 IFORMW    0    .00
 (6E13.7)
 NINTT     0   -1.00
 DOUSNQ    0    1.00
 IQUAD          1.00
 PRWT      0    1.00
 PRY       0    1.00
 IPLRES    1    3.00
 IPLRES    2    3.00
 IPRINT    1    0.00
 IPRINT    2    2.00
 IPLFIT    1    0.00
 IPLFIT    2    0.00
 LINEPG    0   50.
 NONNEG    1    1.00
 IWT       0    5.00
 NQPROG    1    5.00
 NQPROG    2    5.00
 GMNMX     1    2.274E-04
 GMNMX     2    2.274E-01
 RUSER    10    -1.00
 NG        0    200.00
 NLINF     0    0.00
 IUSER    10    4.00
 RUSER    21    1.0
 RUSER    22   -1.0
 RUSER    23    0.0
 RUSER    18         292.15494
 RUSER    17         19.99800
 RUSER    19         1.02655
 RUSER    15         1.33200
 RUSER    16         632.80000
 RUSER    25         1
 RUSER    26         0
 END       0    0.00
 NY      188
  5.00000E-07  6.25000E-07  7.50000E-07  8.75000E-07  1.00000E-06  1.12500E-06
  1.25000E-06  1.37500E-06  1.50000E-06  1.62500E-06  1.75000E-06  1.87500E-06
  2.00000E-06  2.25000E-06  2.50000E-06  2.75000E-06  3.00000E-06  3.25000E-06
  3.50000E-06  3.75000E-06  4.00000E-06  4.50000E-06  5.00000E-06  5.50000E-06
  6.00000E-06  6.50000E-06  7.00000E-06  7.50000E-06  8.00000E-06  9.00000E-06
  1.00000E-05  1.10000E-05  1.20000E-05  1.30000E-05  1.40000E-05  1.50000E-05
  1.60000E-05  1.80000E-05  2.00000E-05  2.20000E-05  2.40000E-05  2.60000E-05
  2.80000E-05  3.00000E-05  3.20000E-05  3.60000E-05  4.00000E-05  4.40000E-05
  4.80000E-05  5.20000E-05  5.60000E-05  6.00000E-05  6.40000E-05  7.20000E-05
  8.00000E-05  8.80000E-05  9.60000E-05  1.04000E-04  1.12000E-04  1.20000E-04
  1.28000E-04  1.44000E-04  1.60000E-04  1.76000E-04  1.92000E-04  2.08000E-04
  2.24000E-04  2.40000E-04  2.56000E-04  2.88000E-04  3.20000E-04  3.52000E-04
  3.84000E-04  4.16000E-04  4.48000E-04  4.80000E-04  5.12000E-04  5.76000E-04
  6.40000E-04  7.04000E-04  7.68000E-04  8.32000E-04  8.96000E-04  9.60000E-04
  1.02400E-03  1.15200E-03  1.28000E-03  1.40800E-03  1.53600E-03  1.66400E-03
  1.79200E-03  1.92000E-03  2.01600E-03  2.27200E-03  2.52800E-03  2.78400E-03
  3.04000E-03  3.29600E-03  3.55200E-03  3.80800E-03  4.06400E-03  4.57600E-03
  5.08800E-03  5.60000E-03  6.11200E-03  6.62400E-03  7.13600E-03  7.64800E-03
  8.16000E-03  9.18400E-03  1.02080E-02  1.12320E-02  1.22560E-02  1.32800E-02
  1.43040E-02  1.53280E-02  1.63520E-02  1.84000E-02  2.04480E-02  2.24960E-02
  2.45440E-02  2.65920E-02  2.86400E-02  3.06880E-02  3.27360E-02  3.68320E-02
  4.09280E-02  4.50240E-02  4.91200E-02  5.32160E-02  5.73120E-02  6.14080E-02
  6.55040E-02  7.36960E-02  8.18880E-02  9.00800E-02  9.82720E-02  1.06464E-01
  1.14656E-01  1.22848E-01  1.31040E-01  1.47424E-01  1.63808E-01  1.80192E-01
  1.96576E-01  2.12960E-01  2.29344E-01  2.45728E-01  2.62112E-01  2.94880E-01
  3.27648E-01  3.60416E-01  3.93184E-01  4.25952E-01  4.58720E-01  4.91488E-01
  5.24256E-01  5.89792E-01  6.55328E-01  7.20864E-01  7.86400E-01  8.51936E-01
  9.17472E-01  9.83008E-01  1.04854E+00  1.17962E+00  1.31069E+00  1.44176E+00
  1.57283E+00  1.70390E+00  1.83498E+00  1.96605E+00  2.09712E+00  2.35926E+00
  2.62141E+00  2.88355E+00  3.14570E+00  3.40784E+00  3.66998E+00  3.93213E+00
  4.19427E+00  4.71856E+00  5.24285E+00  5.76714E+00  6.29142E+00  6.81571E+00
  7.34000E+00  7.86429E+00
  9.99856E-01  9.98773E-01  9.99010E-01  9.98198E-01  9.98460E-01  9.97936E-01
  9.98029E-01  9.98308E-01  9.97640E-01  9.98130E-01  9.97767E-01  9.97225E-01
  9.97242E-01  9.97360E-01  9.97623E-01  9.97606E-01  9.96895E-01  9.97284E-01
  9.96878E-01  9.96777E-01  9.96836E-01  9.96548E-01  9.96227E-01  9.95762E-01
  9.95863E-01  9.95601E-01  9.95381E-01  9.94907E-01  9.94848E-01  9.94086E-01
  9.93748E-01  9.93350E-01  9.92809E-01  9.92242E-01  9.91929E-01  9.91371E-01
  9.90999E-01  9.90093E-01  9.89848E-01  9.89679E-01  9.89222E-01  9.88951E-01
  9.88494E-01  9.88190E-01  9.87835E-01  9.87132E-01  9.86633E-01  9.86160E-01
  9.85660E-01  9.85043E-01  9.84569E-01  9.84036E-01  9.83503E-01  9.82623E-01
  9.81676E-01  9.80779E-01  9.79874E-01  9.79112E-01  9.78233E-01  9.77395E-01
  9.76659E-01  9.75128E-01  9.73664E-01  9.72378E-01  9.71008E-01  9.69764E-01
  9.68529E-01  9.67319E-01  9.66169E-01  9.63994E-01  9.61973E-01  9.60010E-01
  9.58166E-01  9.56304E-01  9.54511E-01  9.53123E-01  9.55069E-01  9.54832E-01
  9.54003E-01  9.52633E-01  9.50772E-01  9.48682E-01  9.46584E-01  9.44418E-01
  9.43699E-01  9.40501E-01  9.37109E-01  9.33835E-01  9.31948E-01  9.29089E-01
  9.25036E-01  9.21170E-01  9.17634E-01  9.12981E-01  9.08074E-01  9.02694E-01
  8.97279E-01  8.92186E-01  8.87466E-01  8.82178E-01  8.76815E-01  8.67128E-01
  8.57221E-01  8.47738E-01  8.39279E-01  8.30178E-01  8.21979E-01  8.13203E-01
  8.04944E-01  7.88714E-01  7.72540E-01  7.57375E-01  7.41855E-01  7.27033E-01
  7.12938E-01  6.99012E-01  6.85839E-01  6.60308E-01  6.37621E-01  6.14032E-01
  5.91815E-01  5.69684E-01  5.47675E-01  5.27773E-01  5.09502E-01  4.73637E-01
  4.43287E-01  4.16408E-01  3.91666E-01  3.66807E-01  3.42290E-01  3.23256E-01
  3.05054E-01  2.69640E-01  2.37299E-01  2.04599E-01  1.77286E-01  1.58963E-01
  1.44676E-01  1.27194E-01  1.03168E-01  6.36797E-02  2.96034E-02  4.99104E-04
 -1.55577E-02 -2.53523E-02 -2.68278E-02 -2.11826E-02 -1.63786E-02 -9.52548E-03
  9.95880E-04  1.81903E-02  1.31227E-02 -5.74126E-04 -4.51125E-03  1.31579E-02
  1.39535E-02  2.13741E-02  1.02413E-02  1.62502E-02 -5.79162E-04 -3.14003E-02
 -6.38569E-02 -5.63143E-02 -1.61118E-02 -6.20735E-04 -2.73567E-02 -7.02068E-02
 -1.38011E-02  2.75218E-02  3.41658E-02  1.47943E-02  4.43127E-02  9.80195E-03
 -1.25529E-02  2.50904E-02 -1.24954E-02  1.03003E-02 -9.77065E-03  3.20284E-02
 -3.76948E-02 -5.34994E-02 -1.09058E-02  4.23576E-02  9.00206E-02 -2.34769E-02
 -3.12856E-02 -9.49807E-03
