AutoSaveFileName0153.ASC
 IFORMY    0    .00
 (6E13.7)
 IFORMT    0    .00
 (6E13.7)
 IFORMW    0    .00
 (6E13.7)
 NINTT     0   -1.00
 DOUSNQ    0    1.00
 IQUAD          1.00
 PRWT      0    1.00
 PRY       0    1.00
 IPLRES    1    3.00
 IPLRES    2    3.00
 IPRINT    1    0.00
 IPRINT    2    2.00
 IPLFIT    1    0.00
 IPLFIT    2    0.00
 LINEPG    0   50.
 NONNEG    1    1.00
 IWT       0    5.00
 NQPROG    1    5.00
 NQPROG    2    5.00
 GMNMX     1    2.324E-05
 GMNMX     2    2.324E-02
 RUSER    10    -1.00
 NG        0    200.00
 NLINF     0    0.00
 IUSER    10    4.00
 RUSER    21    1.0
 RUSER    22   -1.0
 RUSER    23    0.0
 RUSER    18         291.96055
 RUSER    17         65.99900
 RUSER    19         1.03151
 RUSER    15         1.33200
 RUSER    16         632.80000
 RUSER    25         1
 RUSER    26         0
 END       0    0.00
 NY      131
  3.75000E-07  5.00000E-07  6.25000E-07  7.50000E-07  8.75000E-07  1.00000E-06
  1.12500E-06  1.25000E-06  1.37500E-06  1.50000E-06  1.62500E-06  1.75000E-06
  1.87500E-06  2.00000E-06  2.25000E-06  2.50000E-06  2.75000E-06  3.00000E-06
  3.25000E-06  3.50000E-06  3.75000E-06  4.00000E-06  4.50000E-06  5.00000E-06
  5.50000E-06  6.00000E-06  6.50000E-06  7.00000E-06  7.50000E-06  8.00000E-06
  9.00000E-06  1.00000E-05  1.10000E-05  1.20000E-05  1.30000E-05  1.40000E-05
  1.50000E-05  1.60000E-05  1.80000E-05  2.00000E-05  2.20000E-05  2.40000E-05
  2.60000E-05  2.80000E-05  3.00000E-05  3.20000E-05  3.60000E-05  4.00000E-05
  4.40000E-05  4.80000E-05  5.20000E-05  5.60000E-05  6.00000E-05  6.40000E-05
  7.20000E-05  8.00000E-05  8.80000E-05  9.60000E-05  1.04000E-04  1.12000E-04
  1.20000E-04  1.28000E-04  1.44000E-04  1.60000E-04  1.76000E-04  1.92000E-04
  2.08000E-04  2.24000E-04  2.40000E-04  2.56000E-04  2.88000E-04  3.20000E-04
  3.52000E-04  3.84000E-04  4.16000E-04  4.48000E-04  4.80000E-04  5.12000E-04
  5.76000E-04  6.40000E-04  7.04000E-04  7.68000E-04  8.32000E-04  8.96000E-04
  9.60000E-04  1.02400E-03  1.15200E-03  1.28000E-03  1.40800E-03  1.53600E-03
  1.66400E-03  1.79200E-03  1.92000E-03  2.01600E-03  2.27200E-03  2.52800E-03
  2.78400E-03  3.04000E-03  3.29600E-03  3.55200E-03  3.80800E-03  4.06400E-03
  4.57600E-03  5.08800E-03  5.60000E-03  6.11200E-03  6.62400E-03  7.13600E-03
  7.64800E-03  8.16000E-03  9.18400E-03  1.02080E-02  1.12320E-02  1.22560E-02
  1.32800E-02  1.43040E-02  1.53280E-02  1.63520E-02  1.84000E-02  2.04480E-02
  2.24960E-02  2.45440E-02  2.65920E-02  2.86400E-02  3.06880E-02  3.27360E-02
  3.68320E-02  4.09280E-02  4.50240E-02  4.91200E-02  5.32160E-02
  8.25954E-01  8.21055E-01  8.20182E-01  8.13857E-01  8.26162E-01  8.18266E-01
  8.19428E-01  8.13824E-01  8.20871E-01  8.11796E-01  8.06032E-01  8.21520E-01
  8.13400E-01  8.17536E-01  8.18089E-01  8.11932E-01  8.14914E-01  8.11703E-01
  8.18057E-01  8.16429E-01  8.11776E-01  8.14420E-01  8.13901E-01  8.15174E-01
  8.12599E-01  8.11921E-01  8.15072E-01  8.17645E-01  8.16965E-01  8.17548E-01
  8.15863E-01  8.13902E-01  8.12689E-01  8.13708E-01  8.12392E-01  8.11199E-01
  8.12658E-01  8.12982E-01  8.12741E-01  8.12344E-01  8.11536E-01  8.10836E-01
  8.10906E-01  8.09772E-01  8.10077E-01  8.10442E-01  8.08958E-01  8.06877E-01
  8.06059E-01  8.05122E-01  8.04154E-01  8.03447E-01  8.02534E-01  8.02248E-01
  8.00785E-01  7.98293E-01  7.95539E-01  7.94910E-01  7.92658E-01  7.90533E-01
  7.88529E-01  7.86806E-01  7.83217E-01  7.79400E-01  7.75683E-01  7.72324E-01
  7.68332E-01  7.65338E-01  7.61224E-01  7.57917E-01  7.50948E-01  7.43862E-01
  7.37099E-01  7.30295E-01  7.23838E-01  7.17228E-01  7.09962E-01  7.03634E-01
  6.90965E-01  6.78701E-01  6.66509E-01  6.54822E-01  6.43080E-01  6.31220E-01
  6.20097E-01  6.09165E-01  5.87095E-01  5.66301E-01  5.46684E-01  5.27427E-01
  5.09518E-01  4.91640E-01  4.74730E-01  4.62716E-01  4.32421E-01  4.04403E-01
  3.78311E-01  3.53278E-01  3.29944E-01  3.07984E-01  2.87799E-01  2.69971E-01
  2.38146E-01  2.10391E-01  1.85787E-01  1.65354E-01  1.47135E-01  1.31461E-01
  1.17354E-01  1.04376E-01  8.32503E-02  6.75054E-02  5.48097E-02  4.62790E-02
  4.20241E-02  3.94034E-02  3.51102E-02  2.90536E-02  1.34726E-02  1.91953E-03
 -7.19186E-03 -1.25521E-02 -9.93478E-03  5.68059E-03  1.02021E-02  1.23703E-02
  8.58493E-03 -7.01351E-03 -8.68338E-03 -2.77504E-03 -1.32685E-02
