AutoSaveFileName0221.ASC
 IFORMY    0    .00
 (6E13.7)
 IFORMT    0    .00
 (6E13.7)
 IFORMW    0    .00
 (6E13.7)
 NINTT     0   -1.00
 DOUSNQ    0    1.00
 IQUAD          1.00
 PRWT      0    1.00
 PRY       0    1.00
 IPLRES    1    3.00
 IPLRES    2    3.00
 IPRINT    1    0.00
 IPRINT    2    2.00
 IPLFIT    1    0.00
 IPLFIT    2    0.00
 LINEPG    0   50.
 NONNEG    1    1.00
 IWT       0    5.00
 NQPROG    1    5.00
 NQPROG    2    5.00
 GMNMX     1    8.694E-06
 GMNMX     2    8.694E-03
 RUSER    10    -1.00
 NG        0    200.00
 NLINF     0    0.00
 IUSER    10    4.00
 RUSER    21    1.0
 RUSER    22   -1.0
 RUSER    23    0.0
 RUSER    18         292.23950
 RUSER    17         124.99900
 RUSER    19         1.02441
 RUSER    15         1.33200
 RUSER    16         632.80000
 RUSER    25         1
 RUSER    26         0
 END       0    0.00
 NY      188
  5.00000E-07  6.25000E-07  7.50000E-07  8.75000E-07  1.00000E-06  1.12500E-06
  1.25000E-06  1.37500E-06  1.50000E-06  1.62500E-06  1.75000E-06  1.87500E-06
  2.00000E-06  2.25000E-06  2.50000E-06  2.75000E-06  3.00000E-06  3.25000E-06
  3.50000E-06  3.75000E-06  4.00000E-06  4.50000E-06  5.00000E-06  5.50000E-06
  6.00000E-06  6.50000E-06  7.00000E-06  7.50000E-06  8.00000E-06  9.00000E-06
  1.00000E-05  1.10000E-05  1.20000E-05  1.30000E-05  1.40000E-05  1.50000E-05
  1.60000E-05  1.80000E-05  2.00000E-05  2.20000E-05  2.40000E-05  2.60000E-05
  2.80000E-05  3.00000E-05  3.20000E-05  3.60000E-05  4.00000E-05  4.40000E-05
  4.80000E-05  5.20000E-05  5.60000E-05  6.00000E-05  6.40000E-05  7.20000E-05
  8.00000E-05  8.80000E-05  9.60000E-05  1.04000E-04  1.12000E-04  1.20000E-04
  1.28000E-04  1.44000E-04  1.60000E-04  1.76000E-04  1.92000E-04  2.08000E-04
  2.24000E-04  2.40000E-04  2.56000E-04  2.88000E-04  3.20000E-04  3.52000E-04
  3.84000E-04  4.16000E-04  4.48000E-04  4.80000E-04  5.12000E-04  5.76000E-04
  6.40000E-04  7.04000E-04  7.68000E-04  8.32000E-04  8.96000E-04  9.60000E-04
  1.02400E-03  1.15200E-03  1.28000E-03  1.40800E-03  1.53600E-03  1.66400E-03
  1.79200E-03  1.92000E-03  2.01600E-03  2.27200E-03  2.52800E-03  2.78400E-03
  3.04000E-03  3.29600E-03  3.55200E-03  3.80800E-03  4.06400E-03  4.57600E-03
  5.08800E-03  5.60000E-03  6.11200E-03  6.62400E-03  7.13600E-03  7.64800E-03
  8.16000E-03  9.18400E-03  1.02080E-02  1.12320E-02  1.22560E-02  1.32800E-02
  1.43040E-02  1.53280E-02  1.63520E-02  1.84000E-02  2.04480E-02  2.24960E-02
  2.45440E-02  2.65920E-02  2.86400E-02  3.06880E-02  3.27360E-02  3.68320E-02
  4.09280E-02  4.50240E-02  4.91200E-02  5.32160E-02  5.73120E-02  6.14080E-02
  6.55040E-02  7.36960E-02  8.18880E-02  9.00800E-02  9.82720E-02  1.06464E-01
  1.14656E-01  1.22848E-01  1.31040E-01  1.47424E-01  1.63808E-01  1.80192E-01
  1.96576E-01  2.12960E-01  2.29344E-01  2.45728E-01  2.62112E-01  2.94880E-01
  3.27648E-01  3.60416E-01  3.93184E-01  4.25952E-01  4.58720E-01  4.91488E-01
  5.24256E-01  5.89792E-01  6.55328E-01  7.20864E-01  7.86400E-01  8.51936E-01
  9.17472E-01  9.83008E-01  1.04854E+00  1.17962E+00  1.31069E+00  1.44176E+00
  1.57283E+00  1.70390E+00  1.83498E+00  1.96605E+00  2.09712E+00  2.35926E+00
  2.62141E+00  2.88355E+00  3.14570E+00  3.40784E+00  3.66998E+00  3.93213E+00
  4.19427E+00  4.71856E+00  5.24285E+00  5.76714E+00  6.29142E+00  6.81571E+00
  7.34000E+00  7.86429E+00
  9.92463E-01  9.90930E-01  9.88531E-01  9.91690E-01  9.91835E-01  9.89504E-01
  9.88864E-01  9.86747E-01  9.88462E-01  9.88148E-01  9.90233E-01  9.88845E-01
  9.88424E-01  9.88462E-01  9.89077E-01  9.87576E-01  9.88782E-01  9.86860E-01
  9.88883E-01  9.88192E-01  9.87639E-01  9.86804E-01  9.88694E-01  9.87281E-01
  9.87350E-01  9.87281E-01  9.86628E-01  9.86370E-01  9.85459E-01  9.85981E-01
  9.84266E-01  9.85007E-01  9.84448E-01  9.83588E-01  9.84480E-01  9.83393E-01
  9.83544E-01  9.82218E-01  9.82187E-01  9.80548E-01  9.80428E-01  9.79292E-01
  9.77740E-01  9.78048E-01  9.76986E-01  9.75014E-01  9.73500E-01  9.71836E-01
  9.70800E-01  9.68777E-01  9.66993E-01  9.65448E-01  9.63727E-01  9.60832E-01
  9.58143E-01  9.54375E-01  9.51567E-01  9.48332E-01  9.45073E-01  9.41825E-01
  9.38584E-01  9.32749E-01  9.26399E-01  9.20263E-01  9.14007E-01  9.08015E-01
  9.01708E-01  8.95785E-01  8.89611E-01  8.77947E-01  8.66095E-01  8.54312E-01
  8.42912E-01  8.31556E-01  8.20533E-01  8.09591E-01  7.98970E-01  7.78073E-01
  7.57817E-01  7.37875E-01  7.18422E-01  6.99830E-01  6.81245E-01  6.63627E-01
  6.46448E-01  6.13546E-01  5.82705E-01  5.53428E-01  5.25754E-01  4.99254E-01
  4.73876E-01  4.50110E-01  4.32126E-01  3.89756E-01  3.51908E-01  3.17672E-01
  2.86266E-01  2.57671E-01  2.31716E-01  2.08329E-01  1.87940E-01  1.51832E-01
  1.21685E-01  9.71026E-02  7.92438E-02  6.56385E-02  5.56694E-02  4.90752E-02
  4.39330E-02  3.87162E-02  3.40460E-02  2.58391E-02  1.65002E-02  7.92438E-03
  5.21522E-03  3.38756E-03  7.78877E-04  5.89985E-04  1.13819E-03  4.51939E-03
  9.67923E-03  7.46800E-03  1.86105E-03  5.05355E-03  8.77696E-03  1.05736E-02
  3.25354E-03 -1.36833E-03  9.87884E-04 -7.80290E-03 -6.50229E-03 -6.04552E-03
  1.34268E-04  1.89534E-02  5.28884E-03 -4.24136E-03 -1.43387E-02  4.46464E-03
  6.72696E-03 -2.57800E-03 -5.61480E-03  2.10171E-03 -3.64411E-03 -4.49948E-03
  2.13776E-03 -1.84013E-03  8.52541E-03  1.44601E-03  2.26186E-03  3.13024E-03
 -4.93657E-03 -7.22769E-03 -5.13905E-03 -8.04422E-04 -1.76227E-04 -7.30136E-04
 -7.53721E-03 -2.89550E-03 -3.12330E-03  2.47166E-03  1.53487E-03 -1.63715E-03
  5.12431E-03  8.53093E-04 -2.83232E-04  2.82544E-05  1.48227E-03 -3.75011E-04
  1.67053E-03 -6.53137E-04 -7.02795E-04 -1.47201E-03 -1.61414E-03 -2.82345E-03
  4.14046E-04 -1.03524E-03  5.02345E-04  2.03521E-03 -2.90852E-03 -3.69430E-03
  2.43791E-04  1.18540E-03 -1.04198E-03  1.93300E-03  2.88357E-04  4.72816E-04
 -5.47809E-04 -1.78691E-03
