AutoSaveFileName0361.ASC
 IFORMY    0    .00
 (6E13.7)
 IFORMT    0    .00
 (6E13.7)
 IFORMW    0    .00
 (6E13.7)
 NINTT     0   -1.00
 DOUSNQ    0    1.00
 IQUAD          1.00
 PRWT      0    1.00
 PRY       0    1.00
 IPLRES    1    3.00
 IPLRES    2    3.00
 IPRINT    1    0.00
 IPRINT    2    2.00
 IPLFIT    1    0.00
 IPLFIT    2    0.00
 LINEPG    0   50.
 NONNEG    1    1.00
 IWT       0    5.00
 NQPROG    1    5.00
 NQPROG    2    5.00
 GMNMX     1    8.003E-06
 GMNMX     2    8.003E-03
 RUSER    10    -1.00
 NG        0    200.00
 NLINF     0    0.00
 IUSER    10    4.00
 RUSER    21    1.0
 RUSER    22   -1.0
 RUSER    23    0.0
 RUSER    18         292.28540
 RUSER    17         134.99900
 RUSER    19         1.02325
 RUSER    15         1.33200
 RUSER    16         632.80000
 RUSER    25         1
 RUSER    26         0
 END       0    0.00
 NY      131
  3.75000E-07  5.00000E-07  6.25000E-07  7.50000E-07  8.75000E-07  1.00000E-06
  1.12500E-06  1.25000E-06  1.37500E-06  1.50000E-06  1.62500E-06  1.75000E-06
  1.87500E-06  2.00000E-06  2.25000E-06  2.50000E-06  2.75000E-06  3.00000E-06
  3.25000E-06  3.50000E-06  3.75000E-06  4.00000E-06  4.50000E-06  5.00000E-06
  5.50000E-06  6.00000E-06  6.50000E-06  7.00000E-06  7.50000E-06  8.00000E-06
  9.00000E-06  1.00000E-05  1.10000E-05  1.20000E-05  1.30000E-05  1.40000E-05
  1.50000E-05  1.60000E-05  1.80000E-05  2.00000E-05  2.20000E-05  2.40000E-05
  2.60000E-05  2.80000E-05  3.00000E-05  3.20000E-05  3.60000E-05  4.00000E-05
  4.40000E-05  4.80000E-05  5.20000E-05  5.60000E-05  6.00000E-05  6.40000E-05
  7.20000E-05  8.00000E-05  8.80000E-05  9.60000E-05  1.04000E-04  1.12000E-04
  1.20000E-04  1.28000E-04  1.44000E-04  1.60000E-04  1.76000E-04  1.92000E-04
  2.08000E-04  2.24000E-04  2.40000E-04  2.56000E-04  2.88000E-04  3.20000E-04
  3.52000E-04  3.84000E-04  4.16000E-04  4.48000E-04  4.80000E-04  5.12000E-04
  5.76000E-04  6.40000E-04  7.04000E-04  7.68000E-04  8.32000E-04  8.96000E-04
  9.60000E-04  1.02400E-03  1.15200E-03  1.28000E-03  1.40800E-03  1.53600E-03
  1.66400E-03  1.79200E-03  1.92000E-03  2.01600E-03  2.27200E-03  2.52800E-03
  2.78400E-03  3.04000E-03  3.29600E-03  3.55200E-03  3.80800E-03  4.06400E-03
  4.57600E-03  5.08800E-03  5.60000E-03  6.11200E-03  6.62400E-03  7.13600E-03
  7.64800E-03  8.16000E-03  9.18400E-03  1.02080E-02  1.12320E-02  1.22560E-02
  1.32800E-02  1.43040E-02  1.53280E-02  1.63520E-02  1.84000E-02  2.04480E-02
  2.24960E-02  2.45440E-02  2.65920E-02  2.86400E-02  3.06880E-02  3.27360E-02
  3.68320E-02  4.09280E-02  4.50240E-02  4.91200E-02  5.32160E-02
  1.46810E+00  1.46973E+00  1.46962E+00  1.46048E+00  1.46408E+00  1.46142E+00
  1.46222E+00  1.45954E+00  1.46137E+00  1.45923E+00  1.46266E+00  1.46670E+00
  1.46544E+00  1.46485E+00  1.46479E+00  1.46212E+00  1.46151E+00  1.46175E+00
  1.45874E+00  1.46087E+00  1.46070E+00  1.45973E+00  1.45839E+00  1.46172E+00
  1.45775E+00  1.45912E+00  1.45946E+00  1.45856E+00  1.45562E+00  1.45572E+00
  1.45542E+00  1.45201E+00  1.45306E+00  1.44946E+00  1.44941E+00  1.45110E+00
  1.44918E+00  1.44698E+00  1.44185E+00  1.44150E+00  1.43784E+00  1.43472E+00
  1.43415E+00  1.43076E+00  1.42825E+00  1.42663E+00  1.42208E+00  1.41713E+00
  1.41290E+00  1.40713E+00  1.40258E+00  1.39809E+00  1.39298E+00  1.38897E+00
  1.37979E+00  1.37092E+00  1.36207E+00  1.35249E+00  1.34392E+00  1.33475E+00
  1.32578E+00  1.31712E+00  1.30003E+00  1.28323E+00  1.26604E+00  1.24947E+00
  1.23374E+00  1.21789E+00  1.20235E+00  1.18701E+00  1.15715E+00  1.12733E+00
  1.09862E+00  1.07092E+00  1.04354E+00  1.01704E+00  9.91082E-01  9.20643E-01
  8.74968E-01  8.31562E-01  7.91095E-01  7.52402E-01  7.15803E-01  6.80720E-01
  6.47534E-01  4.89561E-01  4.42562E-01  4.00296E-01  3.62527E-01  3.28756E-01
  2.97931E-01  2.70613E-01  2.45637E-01  3.11357E-01  2.58428E-01  2.15447E-01
  1.82042E-01  1.55501E-01  1.33047E-01  1.14319E-01  1.00079E-01  8.82748E-02
  7.06880E-02  5.89522E-02  4.94410E-02  3.61007E-02  2.13550E-02  1.19641E-02
  8.43614E-03  7.55382E-03  2.29618E-03 -4.62107E-03 -3.16326E-03  3.02287E-03
  6.24656E-03  6.26735E-03  1.07049E-02  8.55168E-03  6.97201E-03  1.60598E-02
 -6.35058E-04 -4.71495E-03  2.09474E-03 -6.79624E-03 -8.14813E-03 -5.04794E-03
  6.60035E-04  3.07939E-03  1.31061E-02  1.02146E-02 -2.74977E-03
