AutoSaveFileName0206.ASC
 IFORMY    0    .00
 (6E13.7)
 IFORMT    0    .00
 (6E13.7)
 IFORMW    0    .00
 (6E13.7)
 NINTT     0   -1.00
 DOUSNQ    0    1.00
 IQUAD     0    1.00
 PRWT      0    1.00
 PRY       0    1.00
 IPLRES    1    3.00
 IPLRES    2    3.00
 IPRINT    1    0.00
 IPRINT    2    2.00
 IPLFIT    1    0.00
 IPLFIT    2    0.00
 LINEPG    0   50.
 NONNEG    1    1.00
 IWT       0    5.00
 NQPROG    1    5.00
 NQPROG    2    5.00
 GMNMX     1    3.76784E-03
 GMNMX     2    1.35256E-03
 RUSER    10    -1.00
 NG        0    500.00
 NLINF     0    1.00
 IUSER    10    4.00
 RUSER    21    1.0
 RUSER    22   -1.0
 RUSER    23    0.0
 RUSER    18         292.07382
 RUSER    17         114.99900
 RUSER    19         1.02862
 RUSER    15         1.33200
 RUSER    16         632.80000
 RUSER    25         1
 RUSER    26         0
 END       0    0.00
 NY      162
  7.50000E-07  8.75000E-07  1.00000E-06  1.12500E-06  1.25000E-06  1.37500E-06
  1.50000E-06  1.62500E-06  1.75000E-06  1.87500E-06  2.00000E-06  2.25000E-06
  2.50000E-06  2.75000E-06  3.00000E-06  3.25000E-06  3.50000E-06  3.75000E-06
  4.00000E-06  4.50000E-06  5.00000E-06  5.50000E-06  6.00000E-06  6.50000E-06
  7.00000E-06  7.50000E-06  8.00000E-06  9.00000E-06  1.00000E-05  1.10000E-05
  1.20000E-05  1.30000E-05  1.40000E-05  1.50000E-05  1.60000E-05  1.80000E-05
  2.00000E-05  2.20000E-05  2.40000E-05  2.60000E-05  2.80000E-05  3.00000E-05
  3.20000E-05  3.60000E-05  4.00000E-05  4.40000E-05  4.80000E-05  5.20000E-05
  5.60000E-05  6.00000E-05  6.40000E-05  7.20000E-05  8.00000E-05  8.80000E-05
  9.60000E-05  1.04000E-04  1.12000E-04  1.20000E-04  1.28000E-04  1.44000E-04
  1.60000E-04  1.76000E-04  1.92000E-04  2.08000E-04  2.24000E-04  2.40000E-04
  2.56000E-04  2.88000E-04  3.20000E-04  3.52000E-04  3.84000E-04  4.16000E-04
  4.48000E-04  4.80000E-04  5.12000E-04  5.76000E-04  6.40000E-04  7.04000E-04
  7.68000E-04  8.32000E-04  8.96000E-04  9.60000E-04  1.02400E-03  1.15200E-03
  1.28000E-03  1.40800E-03  1.53600E-03  1.66400E-03  1.79200E-03  1.92000E-03
  2.01600E-03  2.27200E-03  2.52800E-03  2.78400E-03  3.04000E-03  3.29600E-03
  3.55200E-03  3.80800E-03  4.06400E-03  4.57600E-03  5.08800E-03  5.60000E-03
  6.11200E-03  6.62400E-03  7.13600E-03  7.64800E-03  8.16000E-03  9.18400E-03
  1.02080E-02  1.12320E-02  1.22560E-02  1.32800E-02  1.43040E-02  1.53280E-02
  1.63520E-02  1.84000E-02  2.04480E-02  2.24960E-02  2.45440E-02  2.65920E-02
  2.86400E-02  3.06880E-02  3.27360E-02  3.68320E-02  4.09280E-02  4.50240E-02
  4.91200E-02  5.32160E-02  5.73120E-02  6.14080E-02  6.55040E-02  7.36960E-02
  8.18880E-02  9.00800E-02  9.82720E-02  1.06464E-01  1.14656E-01  1.22848E-01
  1.31040E-01  1.47424E-01  1.63808E-01  1.80192E-01  1.96576E-01  2.12960E-01
  2.29344E-01  2.45728E-01  2.62112E-01  2.94880E-01  3.27648E-01  3.60416E-01
  3.93184E-01  4.25952E-01  4.58720E-01  4.91488E-01  5.24256E-01  5.89792E-01
  6.55328E-01  7.20864E-01  7.86400E-01  8.51936E-01  9.17472E-01  9.83008E-01
  9.99327E-01  1.00000E+00  9.99393E-01  9.94177E-01  9.95918E-01  9.94239E-01
  9.96117E-01  9.91245E-01  9.94335E-01  9.91786E-01  9.92189E-01  9.89677E-01
  9.88252E-01  9.89374E-01  9.87550E-01  9.86117E-01  9.84100E-01  9.83908E-01
  9.80748E-01  9.79400E-01  9.76543E-01  9.74827E-01  9.71737E-01  9.69920E-01
  9.68549E-01  9.64639E-01  9.62680E-01  9.58245E-01  9.53458E-01  9.49460E-01
  9.45400E-01  9.40327E-01  9.36566E-01  9.30546E-01  9.26553E-01  9.18448E-01
  9.08639E-01  9.00946E-01  8.92888E-01  8.83070E-01  8.75002E-01  8.66517E-01
  8.58380E-01  8.42346E-01  8.26203E-01  8.11255E-01  7.95191E-01  7.80354E-01
  7.65331E-01  7.51276E-01  7.36802E-01  7.09036E-01  6.82587E-01  6.56980E-01
  6.31850E-01  6.08405E-01  5.85268E-01  5.63438E-01  5.42848E-01  5.03346E-01
  4.66684E-01  4.32300E-01  4.00725E-01  3.71456E-01  3.44300E-01  3.18730E-01
  2.95924E-01  2.54339E-01  2.18251E-01  1.87044E-01  1.60354E-01  1.37738E-01
  1.18119E-01  1.01755E-01  8.78177E-02  6.47233E-02  4.79154E-02  3.50479E-02
  2.58127E-02  1.89793E-02  1.37462E-02  1.01388E-02  7.44199E-03  3.62649E-03
  2.20726E-03  1.49082E-03  1.60662E-03  2.06277E-03  2.36825E-03  1.30478E-03
  1.11339E-03  8.84751E-04  6.54587E-04  3.81429E-05 -5.97325E-04 -3.71057E-04
  2.40089E-04  5.93767E-04  1.61520E-03  4.12885E-04  1.05861E-03  1.89689E-03
 -2.27890E-04 -1.03834E-03 -1.24574E-03 -5.50112E-04 -1.15422E-04  2.49771E-04
  2.64426E-04  3.35635E-04  1.45576E-03 -6.28595E-04 -5.86441E-04  3.00698E-04
  9.73535E-05  8.42429E-04  2.98665E-04 -9.46167E-05  1.25770E-04  2.05041E-04
  5.28745E-04  4.93062E-04 -1.44528E-04 -5.72438E-04 -9.72183E-05  9.86951E-05
  4.27458E-04 -9.01770E-04 -1.16414E-03  3.72035E-04  6.66488E-04 -1.79763E-05
  6.20533E-04 -5.04954E-04 -3.19324E-04 -3.02868E-04 -1.57694E-04 -2.94992E-04
  4.83643E-05 -1.91434E-04 -2.15456E-04  1.14972E-04 -4.90553E-04 -1.74902E-04
 -1.44572E-04  4.11582E-04  1.56952E-04 -9.53560E-06  1.27419E-05  8.40404E-05
  1.01238E-05  1.67495E-04 -2.48955E-04 -1.25400E-04  4.17660E-05 -1.20642E-04
 -1.43036E-05  1.40583E-05 -4.42300E-05 -2.09740E-05  1.60621E-04 -1.18768E-04
