AutoSaveFileName0160.ASC
 IFORMY    0    .00
 (6E13.7)
 IFORMT    0    .00
 (6E13.7)
 IFORMW    0    .00
 (6E13.7)
 NINTT     0   -1.00
 DOUSNQ    0    1.00
 IQUAD     0    1.00
 PRWT      0    1.00
 PRY       0    1.00
 IPLRES    1    3.00
 IPLRES    2    3.00
 IPRINT    1    0.00
 IPRINT    2    2.00
 IPLFIT    1    0.00
 IPLFIT    2    0.00
 LINEPG    0   50.
 NONNEG    1    1.00
 IWT       0    5.00
 NQPROG    1    5.00
 NQPROG    2    5.00
 GMNMX     1    4.93809E-03
 GMNMX     2    1.77265E-03
 RUSER    10    -1.00
 NG        0    500.00
 NLINF     0    1.00
 IUSER    10    4.00
 RUSER    21    1.0
 RUSER    22   -1.0
 RUSER    23    0.0
 RUSER    18         292.01909
 RUSER    17         94.99900
 RUSER    19         1.03001
 RUSER    15         1.33200
 RUSER    16         632.80000
 RUSER    25         1
 RUSER    26         0
 END       0    0.00
 NY      162
  7.50000E-07  8.75000E-07  1.00000E-06  1.12500E-06  1.25000E-06  1.37500E-06
  1.50000E-06  1.62500E-06  1.75000E-06  1.87500E-06  2.00000E-06  2.25000E-06
  2.50000E-06  2.75000E-06  3.00000E-06  3.25000E-06  3.50000E-06  3.75000E-06
  4.00000E-06  4.50000E-06  5.00000E-06  5.50000E-06  6.00000E-06  6.50000E-06
  7.00000E-06  7.50000E-06  8.00000E-06  9.00000E-06  1.00000E-05  1.10000E-05
  1.20000E-05  1.30000E-05  1.40000E-05  1.50000E-05  1.60000E-05  1.80000E-05
  2.00000E-05  2.20000E-05  2.40000E-05  2.60000E-05  2.80000E-05  3.00000E-05
  3.20000E-05  3.60000E-05  4.00000E-05  4.40000E-05  4.80000E-05  5.20000E-05
  5.60000E-05  6.00000E-05  6.40000E-05  7.20000E-05  8.00000E-05  8.80000E-05
  9.60000E-05  1.04000E-04  1.12000E-04  1.20000E-04  1.28000E-04  1.44000E-04
  1.60000E-04  1.76000E-04  1.92000E-04  2.08000E-04  2.24000E-04  2.40000E-04
  2.56000E-04  2.88000E-04  3.20000E-04  3.52000E-04  3.84000E-04  4.16000E-04
  4.48000E-04  4.80000E-04  5.12000E-04  5.76000E-04  6.40000E-04  7.04000E-04
  7.68000E-04  8.32000E-04  8.96000E-04  9.60000E-04  1.02400E-03  1.15200E-03
  1.28000E-03  1.40800E-03  1.53600E-03  1.66400E-03  1.79200E-03  1.92000E-03
  2.01600E-03  2.27200E-03  2.52800E-03  2.78400E-03  3.04000E-03  3.29600E-03
  3.55200E-03  3.80800E-03  4.06400E-03  4.57600E-03  5.08800E-03  5.60000E-03
  6.11200E-03  6.62400E-03  7.13600E-03  7.64800E-03  8.16000E-03  9.18400E-03
  1.02080E-02  1.12320E-02  1.22560E-02  1.32800E-02  1.43040E-02  1.53280E-02
  1.63520E-02  1.84000E-02  2.04480E-02  2.24960E-02  2.45440E-02  2.65920E-02
  2.86400E-02  3.06880E-02  3.27360E-02  3.68320E-02  4.09280E-02  4.50240E-02
  4.91200E-02  5.32160E-02  5.73120E-02  6.14080E-02  6.55040E-02  7.36960E-02
  8.18880E-02  9.00800E-02  9.82720E-02  1.06464E-01  1.14656E-01  1.22848E-01
  1.31040E-01  1.47424E-01  1.63808E-01  1.80192E-01  1.96576E-01  2.12960E-01
  2.29344E-01  2.45728E-01  2.62112E-01  2.94880E-01  3.27648E-01  3.60416E-01
  3.93184E-01  4.25952E-01  4.58720E-01  4.91488E-01  5.24256E-01  5.89792E-01
  6.55328E-01  7.20864E-01  7.86400E-01  8.51936E-01  9.17472E-01  9.83008E-01
  9.97056E-01  1.00000E+00  9.96041E-01  9.91872E-01  9.95997E-01  9.95137E-01
  9.83589E-01  9.89953E-01  9.95611E-01  9.93901E-01  9.91974E-01  9.87810E-01
  9.86867E-01  9.81556E-01  9.90584E-01  9.80288E-01  9.80646E-01  9.81936E-01
  9.82579E-01  9.77195E-01  9.79001E-01  9.80220E-01  9.75453E-01  9.76504E-01
  9.71014E-01  9.71970E-01  9.66981E-01  9.62866E-01  9.61121E-01  9.58126E-01
  9.51462E-01  9.52141E-01  9.47577E-01  9.42136E-01  9.40652E-01  9.33293E-01
  9.28287E-01  9.19520E-01  9.11664E-01  9.06799E-01  9.01961E-01  8.94222E-01
  8.87735E-01  8.73744E-01  8.62439E-01  8.50580E-01  8.38341E-01  8.25876E-01
  8.15008E-01  8.00799E-01  7.89871E-01  7.67421E-01  7.45755E-01  7.25594E-01
  7.04804E-01  6.84207E-01  6.63991E-01  6.46234E-01  6.27888E-01  5.91760E-01
  5.59064E-01  5.27523E-01  4.97488E-01  4.69546E-01  4.43461E-01  4.19719E-01
  3.96885E-01  3.54311E-01  3.15536E-01  2.81408E-01  2.51182E-01  2.24845E-01
  2.00999E-01  1.79869E-01  1.62272E-01  1.30232E-01  1.04515E-01  8.44702E-02
  6.81058E-02  5.53981E-02  4.51959E-02  3.71547E-02  3.11605E-02  1.96813E-02
  1.25361E-02  8.32155E-03  6.11701E-03  5.51449E-03  3.91084E-03  1.36962E-03
  2.09190E-03  2.29992E-03  2.33742E-03  3.04997E-03  3.88031E-04 -5.77686E-04
  3.85888E-04  3.96356E-04 -7.67229E-04  8.82103E-04 -1.57445E-03 -3.37126E-03
 -3.81841E-03  1.21759E-03  5.48609E-03  5.63773E-03  2.58701E-03  1.05563E-04
 -3.90787E-05  1.77919E-03  1.52344E-03  3.12781E-03 -1.93083E-05 -8.45211E-04
 -1.70356E-03 -5.07117E-03 -9.93748E-04 -2.04400E-03  1.57241E-03 -9.62947E-04
 -5.06714E-03 -2.10285E-03  5.26425E-04  6.50236E-04  2.31991E-03 -1.38720E-05
 -1.10258E-03  3.15181E-03 -3.19164E-03  3.08411E-04  8.30173E-04  1.03374E-03
  6.59718E-04 -1.26124E-03  1.38746E-03 -2.10423E-03  6.72873E-04  1.98485E-04
 -5.53462E-04  1.50206E-04  8.41200E-04 -1.36871E-04 -4.64279E-04  1.29229E-03
  5.62099E-05  1.56605E-03  1.03440E-03  7.22974E-04  6.80633E-04  6.88754E-04
 -4.91204E-04 -6.06440E-04 -9.60535E-06 -2.13173E-04 -1.43157E-04  2.87020E-04
 -9.21137E-04 -1.10595E-03 -4.58415E-04  1.76229E-04  5.49259E-04 -5.97736E-04
