AutoSaveFileName0260.ASC
 IFORMY    0    .00
 (6E13.7)
 IFORMT    0    .00
 (6E13.7)
 IFORMW    0    .00
 (6E13.7)
 NINTT     0   -1.00
 DOUSNQ    0    1.00
 IQUAD     0    1.00
 PRWT      0    1.00
 PRY       0    1.00
 IPLRES    1    3.00
 IPLRES    2    3.00
 IPRINT    1    0.00
 IPRINT    2    2.00
 IPLFIT    1    0.00
 IPLFIT    2    0.00
 LINEPG    0   50.
 NONNEG    1    1.00
 IWT       0    5.00
 NQPROG    1    5.00
 NQPROG    2    5.00
 GMNMX     1    2.94104E-03
 GMNMX     2    1.05576E-03
 RUSER    10    -1.00
 NG        0    500.00
 NLINF     0    1.00
 IUSER    10    4.00
 RUSER    21    1.0
 RUSER    22   -1.0
 RUSER    23    0.0
 RUSER    18         292.13988
 RUSER    17         144.99900
 RUSER    19         1.02694
 RUSER    15         1.33200
 RUSER    16         632.80000
 RUSER    25         1
 RUSER    26         0
 END       0    0.00
 NY      162
  7.50000E-07  8.75000E-07  1.00000E-06  1.12500E-06  1.25000E-06  1.37500E-06
  1.50000E-06  1.62500E-06  1.75000E-06  1.87500E-06  2.00000E-06  2.25000E-06
  2.50000E-06  2.75000E-06  3.00000E-06  3.25000E-06  3.50000E-06  3.75000E-06
  4.00000E-06  4.50000E-06  5.00000E-06  5.50000E-06  6.00000E-06  6.50000E-06
  7.00000E-06  7.50000E-06  8.00000E-06  9.00000E-06  1.00000E-05  1.10000E-05
  1.20000E-05  1.30000E-05  1.40000E-05  1.50000E-05  1.60000E-05  1.80000E-05
  2.00000E-05  2.20000E-05  2.40000E-05  2.60000E-05  2.80000E-05  3.00000E-05
  3.20000E-05  3.60000E-05  4.00000E-05  4.40000E-05  4.80000E-05  5.20000E-05
  5.60000E-05  6.00000E-05  6.40000E-05  7.20000E-05  8.00000E-05  8.80000E-05
  9.60000E-05  1.04000E-04  1.12000E-04  1.20000E-04  1.28000E-04  1.44000E-04
  1.60000E-04  1.76000E-04  1.92000E-04  2.08000E-04  2.24000E-04  2.40000E-04
  2.56000E-04  2.88000E-04  3.20000E-04  3.52000E-04  3.84000E-04  4.16000E-04
  4.48000E-04  4.80000E-04  5.12000E-04  5.76000E-04  6.40000E-04  7.04000E-04
  7.68000E-04  8.32000E-04  8.96000E-04  9.60000E-04  1.02400E-03  1.15200E-03
  1.28000E-03  1.40800E-03  1.53600E-03  1.66400E-03  1.79200E-03  1.92000E-03
  2.01600E-03  2.27200E-03  2.52800E-03  2.78400E-03  3.04000E-03  3.29600E-03
  3.55200E-03  3.80800E-03  4.06400E-03  4.57600E-03  5.08800E-03  5.60000E-03
  6.11200E-03  6.62400E-03  7.13600E-03  7.64800E-03  8.16000E-03  9.18400E-03
  1.02080E-02  1.12320E-02  1.22560E-02  1.32800E-02  1.43040E-02  1.53280E-02
  1.63520E-02  1.84000E-02  2.04480E-02  2.24960E-02  2.45440E-02  2.65920E-02
  2.86400E-02  3.06880E-02  3.27360E-02  3.68320E-02  4.09280E-02  4.50240E-02
  4.91200E-02  5.32160E-02  5.73120E-02  6.14080E-02  6.55040E-02  7.36960E-02
  8.18880E-02  9.00800E-02  9.82720E-02  1.06464E-01  1.14656E-01  1.22848E-01
  1.31040E-01  1.47424E-01  1.63808E-01  1.80192E-01  1.96576E-01  2.12960E-01
  2.29344E-01  2.45728E-01  2.62112E-01  2.94880E-01  3.27648E-01  3.60416E-01
  3.93184E-01  4.25952E-01  4.58720E-01  4.91488E-01  5.24256E-01  5.89792E-01
  6.55328E-01  7.20864E-01  7.86400E-01  8.51936E-01  9.17472E-01  9.83008E-01
  9.91599E-01  1.00000E+00  9.88514E-01  9.89211E-01  9.94954E-01  9.87739E-01
  9.85036E-01  9.89457E-01  9.88933E-01  9.85214E-01  9.81656E-01  9.81250E-01
  9.79382E-01  9.78133E-01  9.74186E-01  9.77645E-01  9.72096E-01  9.74928E-01
  9.74081E-01  9.69280E-01  9.67291E-01  9.63835E-01  9.62977E-01  9.60134E-01
  9.54783E-01  9.51608E-01  9.48913E-01  9.43103E-01  9.36746E-01  9.29888E-01
  9.25145E-01  9.18343E-01  9.14230E-01  9.10922E-01  9.03788E-01  8.92374E-01
  8.80997E-01  8.71230E-01  8.59529E-01  8.49372E-01  8.40014E-01  8.28450E-01
  8.18678E-01  7.98371E-01  7.80066E-01  7.60140E-01  7.41612E-01  7.23796E-01
  7.05595E-01  6.87990E-01  6.71282E-01  6.39131E-01  6.07809E-01  5.79126E-01
  5.50673E-01  5.23617E-01  4.98037E-01  4.74104E-01  4.51667E-01  4.08955E-01
  3.69978E-01  3.35246E-01  3.03425E-01  2.74721E-01  2.48416E-01  2.24566E-01
  2.04023E-01  1.67232E-01  1.36793E-01  1.12161E-01  9.25107E-02  7.66073E-02
  6.31157E-02  5.17009E-02  4.22143E-02  2.76279E-02  1.68826E-02  8.33243E-03
  3.27300E-03  1.97460E-03  1.62291E-03  1.53077E-03  1.25154E-03  1.66747E-03
 -1.95692E-04 -2.86586E-03 -4.92553E-03 -3.10082E-03  9.20075E-04  4.54172E-03
  3.57287E-03  3.16449E-03  2.07958E-03 -8.53524E-04 -1.91591E-03 -2.72860E-03
  1.16046E-03  6.04148E-03  3.84457E-03 -3.17979E-03 -2.29479E-03  2.24421E-03
  1.35115E-03 -7.55029E-04 -2.02553E-03  3.38090E-03  1.90055E-03 -6.16866E-04
 -5.68406E-04 -2.30185E-03 -1.50878E-03  1.15890E-03  3.49354E-03  1.74631E-03
 -1.44057E-03 -3.16467E-04 -3.35982E-04  2.48157E-03  2.70536E-04  9.01594E-04
  3.97744E-04 -1.45259E-03 -2.37344E-04  1.41500E-03  2.99724E-03 -8.04477E-04
  6.95648E-04 -2.32624E-03  4.27864E-05  7.33727E-04  1.41289E-03  2.72737E-04
 -4.03093E-04 -3.09953E-04  1.41753E-04  5.15059E-04 -2.88004E-04 -5.93635E-04
 -8.72018E-04 -2.50578E-04  4.17580E-04 -6.56927E-04 -3.93752E-05 -2.01655E-04
  1.19080E-03  4.45011E-04  2.44923E-04  1.53725E-04  2.33695E-04 -5.06557E-04
  4.35569E-04 -9.11348E-05 -3.67254E-05  7.56027E-05  1.11076E-04  2.20859E-04
 -4.14362E-05  1.15227E-05 -5.55201E-04 -1.77904E-04 -1.46007E-04  4.90197E-04
