AutoSaveFileName0066.ASC
 IFORMY    0    .00
 (6E13.7)
 IFORMT    0    .00
 (6E13.7)
 IFORMW    0    .00
 (6E13.7)
 NINTT     0   -1.00
 DOUSNQ    0    1.00
 IQUAD          1.00
 PRWT      0    1.00
 PRY       0    1.00
 IPLRES    1    3.00
 IPLRES    2    3.00
 IPRINT    1    0.00
 IPRINT    2    2.00
 IPLFIT    1    0.00
 IPLFIT    2    0.00
 LINEPG    0   50.
 NONNEG    1    1.00
 IWT       0    5.00
 NQPROG    1    5.00
 NQPROG    2    5.00
 GMNMX     1    6.868E-05
 GMNMX     2    6.868E-02
 RUSER    10    -1.00
 NG        0    200.00
 NLINF     0    0.00
 IUSER    10    4.00
 RUSER    21    1.0
 RUSER    22   -1.0
 RUSER    23    0.0
 RUSER    18         291.85697
 RUSER    17         36.99900
 RUSER    19         1.03416
 RUSER    15         1.33200
 RUSER    16         632.80000
 RUSER    25         1
 RUSER    26         0
 END       0    0.00
 NY      131
  3.75000E-07  5.00000E-07  6.25000E-07  7.50000E-07  8.75000E-07  1.00000E-06
  1.12500E-06  1.25000E-06  1.37500E-06  1.50000E-06  1.62500E-06  1.75000E-06
  1.87500E-06  2.00000E-06  2.25000E-06  2.50000E-06  2.75000E-06  3.00000E-06
  3.25000E-06  3.50000E-06  3.75000E-06  4.00000E-06  4.50000E-06  5.00000E-06
  5.50000E-06  6.00000E-06  6.50000E-06  7.00000E-06  7.50000E-06  8.00000E-06
  9.00000E-06  1.00000E-05  1.10000E-05  1.20000E-05  1.30000E-05  1.40000E-05
  1.50000E-05  1.60000E-05  1.80000E-05  2.00000E-05  2.20000E-05  2.40000E-05
  2.60000E-05  2.80000E-05  3.00000E-05  3.20000E-05  3.60000E-05  4.00000E-05
  4.40000E-05  4.80000E-05  5.20000E-05  5.60000E-05  6.00000E-05  6.40000E-05
  7.20000E-05  8.00000E-05  8.80000E-05  9.60000E-05  1.04000E-04  1.12000E-04
  1.20000E-04  1.28000E-04  1.44000E-04  1.60000E-04  1.76000E-04  1.92000E-04
  2.08000E-04  2.24000E-04  2.40000E-04  2.56000E-04  2.88000E-04  3.20000E-04
  3.52000E-04  3.84000E-04  4.16000E-04  4.48000E-04  4.80000E-04  5.12000E-04
  5.76000E-04  6.40000E-04  7.04000E-04  7.68000E-04  8.32000E-04  8.96000E-04
  9.60000E-04  1.02400E-03  1.15200E-03  1.28000E-03  1.40800E-03  1.53600E-03
  1.66400E-03  1.79200E-03  1.92000E-03  2.01600E-03  2.27200E-03  2.52800E-03
  2.78400E-03  3.04000E-03  3.29600E-03  3.55200E-03  3.80800E-03  4.06400E-03
  4.57600E-03  5.08800E-03  5.60000E-03  6.11200E-03  6.62400E-03  7.13600E-03
  7.64800E-03  8.16000E-03  9.18400E-03  1.02080E-02  1.12320E-02  1.22560E-02
  1.32800E-02  1.43040E-02  1.53280E-02  1.63520E-02  1.84000E-02  2.04480E-02
  2.24960E-02  2.45440E-02  2.65920E-02  2.86400E-02  3.06880E-02  3.27360E-02
  3.68320E-02  4.09280E-02  4.50240E-02  4.91200E-02  5.32160E-02
  8.22329E-01  8.17871E-01  8.20469E-01  8.17994E-01  8.16503E-01  8.18524E-01
  8.16095E-01  8.16115E-01  8.16952E-01  8.13765E-01  8.16080E-01  8.19135E-01
  8.18095E-01  8.17058E-01  8.15580E-01  8.16160E-01  8.15827E-01  8.13602E-01
  8.17040E-01  8.16149E-01  8.16711E-01  8.15336E-01  8.15545E-01  8.16061E-01
  8.17319E-01  8.16317E-01  8.15833E-01  8.16050E-01  8.16152E-01  8.16085E-01
  8.15050E-01  8.15366E-01  8.15828E-01  8.15397E-01  8.15750E-01  8.14807E-01
  8.16624E-01  8.15259E-01  8.15052E-01  8.15094E-01  8.14431E-01  8.14304E-01
  8.14978E-01  8.14107E-01  8.14265E-01  8.14200E-01  8.13616E-01  8.13166E-01
  8.12478E-01  8.12068E-01  8.12070E-01  8.12470E-01  8.11287E-01  8.11330E-01
  8.10403E-01  8.09728E-01  8.09271E-01  8.08436E-01  8.07481E-01  8.07054E-01
  8.06785E-01  8.05896E-01  8.04585E-01  8.02790E-01  8.01567E-01  8.00502E-01
  7.99028E-01  7.97610E-01  7.96416E-01  7.95134E-01  7.92281E-01  7.89471E-01
  7.86766E-01  7.84080E-01  7.81202E-01  7.78611E-01  7.76047E-01  7.73417E-01
  7.67847E-01  7.62885E-01  7.57362E-01  7.52415E-01  7.47246E-01  7.42092E-01
  7.37126E-01  7.31346E-01  7.21451E-01  7.11490E-01  7.01562E-01  6.92026E-01
  6.82462E-01  6.73084E-01  6.63537E-01  6.57799E-01  6.39994E-01  6.22473E-01
  6.05533E-01  5.88788E-01  5.72711E-01  5.56682E-01  5.41128E-01  5.26407E-01
  4.97939E-01  4.70803E-01  4.45000E-01  4.20675E-01  3.98011E-01  3.76720E-01
  3.57287E-01  3.39776E-01  3.07590E-01  2.79150E-01  2.53453E-01  2.31139E-01
  2.11135E-01  1.93349E-01  1.77640E-01  1.65013E-01  1.42982E-01  1.23950E-01
  1.07183E-01  9.40936E-02  8.14586E-02  7.06089E-02  6.08456E-02  5.35363E-02
  3.93553E-02  2.35230E-02  1.03351E-02  2.25519E-03 -2.65709E-03
