AutoSaveFileName0146.ASC
 IFORMY    0    .00
 (6E13.7)
 IFORMT    0    .00
 (6E13.7)
 IFORMW    0    .00
 (6E13.7)
 NINTT     0   -1.00
 DOUSNQ    0    1.00
 IQUAD          1.00
 PRWT      0    1.00
 PRY       0    1.00
 IPLRES    1    3.00
 IPLRES    2    3.00
 IPRINT    1    0.00
 IPRINT    2    2.00
 IPLFIT    1    0.00
 IPLFIT    2    0.00
 LINEPG    0   50.
 NONNEG    1    1.00
 IWT       0    5.00
 NQPROG    1    5.00
 NQPROG    2    5.00
 GMNMX     1    1.500E-05
 GMNMX     2    1.500E-02
 RUSER    10    -1.00
 NG        0    200.00
 NLINF     0    0.00
 IUSER    10    4.00
 RUSER    21    1.0
 RUSER    22   -1.0
 RUSER    23    0.0
 RUSER    18         292.21311
 RUSER    17         84.99800
 RUSER    19         1.02508
 RUSER    15         1.33200
 RUSER    16         632.80000
 RUSER    25         1
 RUSER    26         0
 END       0    0.00
 NY      188
  5.00000E-07  6.25000E-07  7.50000E-07  8.75000E-07  1.00000E-06  1.12500E-06
  1.25000E-06  1.37500E-06  1.50000E-06  1.62500E-06  1.75000E-06  1.87500E-06
  2.00000E-06  2.25000E-06  2.50000E-06  2.75000E-06  3.00000E-06  3.25000E-06
  3.50000E-06  3.75000E-06  4.00000E-06  4.50000E-06  5.00000E-06  5.50000E-06
  6.00000E-06  6.50000E-06  7.00000E-06  7.50000E-06  8.00000E-06  9.00000E-06
  1.00000E-05  1.10000E-05  1.20000E-05  1.30000E-05  1.40000E-05  1.50000E-05
  1.60000E-05  1.80000E-05  2.00000E-05  2.20000E-05  2.40000E-05  2.60000E-05
  2.80000E-05  3.00000E-05  3.20000E-05  3.60000E-05  4.00000E-05  4.40000E-05
  4.80000E-05  5.20000E-05  5.60000E-05  6.00000E-05  6.40000E-05  7.20000E-05
  8.00000E-05  8.80000E-05  9.60000E-05  1.04000E-04  1.12000E-04  1.20000E-04
  1.28000E-04  1.44000E-04  1.60000E-04  1.76000E-04  1.92000E-04  2.08000E-04
  2.24000E-04  2.40000E-04  2.56000E-04  2.88000E-04  3.20000E-04  3.52000E-04
  3.84000E-04  4.16000E-04  4.48000E-04  4.80000E-04  5.12000E-04  5.76000E-04
  6.40000E-04  7.04000E-04  7.68000E-04  8.32000E-04  8.96000E-04  9.60000E-04
  1.02400E-03  1.15200E-03  1.28000E-03  1.40800E-03  1.53600E-03  1.66400E-03
  1.79200E-03  1.92000E-03  2.01600E-03  2.27200E-03  2.52800E-03  2.78400E-03
  3.04000E-03  3.29600E-03  3.55200E-03  3.80800E-03  4.06400E-03  4.57600E-03
  5.08800E-03  5.60000E-03  6.11200E-03  6.62400E-03  7.13600E-03  7.64800E-03
  8.16000E-03  9.18400E-03  1.02080E-02  1.12320E-02  1.22560E-02  1.32800E-02
  1.43040E-02  1.53280E-02  1.63520E-02  1.84000E-02  2.04480E-02  2.24960E-02
  2.45440E-02  2.65920E-02  2.86400E-02  3.06880E-02  3.27360E-02  3.68320E-02
  4.09280E-02  4.50240E-02  4.91200E-02  5.32160E-02  5.73120E-02  6.14080E-02
  6.55040E-02  7.36960E-02  8.18880E-02  9.00800E-02  9.82720E-02  1.06464E-01
  1.14656E-01  1.22848E-01  1.31040E-01  1.47424E-01  1.63808E-01  1.80192E-01
  1.96576E-01  2.12960E-01  2.29344E-01  2.45728E-01  2.62112E-01  2.94880E-01
  3.27648E-01  3.60416E-01  3.93184E-01  4.25952E-01  4.58720E-01  4.91488E-01
  5.24256E-01  5.89792E-01  6.55328E-01  7.20864E-01  7.86400E-01  8.51936E-01
  9.17472E-01  9.83008E-01  1.04854E+00  1.17962E+00  1.31069E+00  1.44176E+00
  1.57283E+00  1.70390E+00  1.83498E+00  1.96605E+00  2.09712E+00  2.35926E+00
  2.62141E+00  2.88355E+00  3.14570E+00  3.40784E+00  3.66998E+00  3.93213E+00
  4.19427E+00  4.71856E+00  5.24285E+00  5.76714E+00  6.29142E+00  6.81571E+00
  7.34000E+00  7.86429E+00
  9.96172E-01  9.94654E-01  9.90237E-01  9.94083E-01  9.89109E-01  9.91282E-01
  9.90440E-01  9.90636E-01  9.87954E-01  9.88819E-01  9.87306E-01  9.86765E-01
  9.88332E-01  9.88816E-01  9.89054E-01  9.88384E-01  9.91526E-01  9.88878E-01
  9.88649E-01  9.88172E-01  9.88576E-01  9.88445E-01  9.88898E-01  9.87952E-01
  9.88249E-01  9.87863E-01  9.87619E-01  9.87652E-01  9.87183E-01  9.87886E-01
  9.87398E-01  9.87225E-01  9.86543E-01  9.86532E-01  9.86744E-01  9.86475E-01
  9.85689E-01  9.85201E-01  9.84276E-01  9.83712E-01  9.84004E-01  9.84679E-01
  9.83416E-01  9.82418E-01  9.81911E-01  9.81113E-01  9.80141E-01  9.79175E-01
  9.78107E-01  9.77162E-01  9.76721E-01  9.75379E-01  9.74616E-01  9.72455E-01
  9.70797E-01  9.68758E-01  9.66961E-01  9.64711E-01  9.63262E-01  9.61023E-01
  9.59347E-01  9.55644E-01  9.51882E-01  9.48090E-01  9.44399E-01  9.40781E-01
  9.36911E-01  9.33146E-01  9.29491E-01  9.22286E-01  9.15067E-01  9.07932E-01
  9.00562E-01  8.93725E-01  8.86650E-01  8.79736E-01  8.72387E-01  8.58829E-01
  8.45478E-01  8.32338E-01  8.19375E-01  8.06663E-01  7.94200E-01  7.81846E-01
  7.52589E-01  7.29303E-01  7.06752E-01  6.85042E-01  6.64083E-01  6.43950E-01
  6.24365E-01  6.05471E-01  6.06014E-01  5.69981E-01  5.36255E-01  5.04797E-01
  4.75507E-01  4.47962E-01  4.22393E-01  3.98557E-01  3.76629E-01  3.35024E-01
  2.97661E-01  2.64516E-01  2.35280E-01  2.09543E-01  1.87023E-01  1.67239E-01
  1.49951E-01  1.18905E-01  9.40847E-02  7.49130E-02  6.01593E-02  4.87003E-02
  3.96932E-02  3.22278E-02  2.53570E-02  1.53465E-02  7.71818E-03  2.55255E-03
 -1.02358E-03 -2.82465E-03 -3.36342E-03 -2.73882E-03 -1.45950E-03 -5.13573E-04
 -6.10497E-05 -2.29328E-03  1.43866E-04  2.40578E-03 -2.02479E-03 -4.42010E-03
 -4.51922E-03  3.36795E-03  4.12635E-03 -3.20003E-03 -6.63611E-03 -2.41286E-04
 -1.97223E-03  4.78408E-04  3.50384E-03  2.44864E-03 -2.82664E-03 -3.23931E-04
  1.16128E-03 -7.70657E-04  9.27390E-03  5.06170E-03 -2.10102E-04  8.22157E-04
  1.63819E-03  3.38086E-03  9.03847E-03  1.92709E-03 -2.84785E-03  5.41638E-03
  5.52421E-04 -2.72965E-03 -2.52610E-03 -4.43050E-03 -8.17751E-04  5.45497E-04
  8.91929E-04 -8.28892E-03 -1.99239E-03  2.28536E-03 -7.52358E-04 -1.94363E-03
  1.01328E-03 -5.01464E-03 -2.21215E-03  1.71395E-03 -4.99291E-04 -1.95526E-03
 -1.71842E-03  1.26146E-03 -1.76231E-03  2.73080E-03 -7.35579E-04 -1.68863E-03
 -1.37332E-03  2.03829E-03  6.12477E-04 -2.52159E-03 -1.82232E-03 -3.93472E-04
  4.34767E-04  2.69972E-03
