AutoSaveFileName0291.ASC
 IFORMY    0    .00
 (6E13.7)
 IFORMT    0    .00
 (6E13.7)
 IFORMW    0    .00
 (6E13.7)
 NINTT     0   -1.00
 DOUSNQ    0    1.00
 IQUAD          1.00
 PRWT      0    1.00
 PRY       0    1.00
 IPLRES    1    3.00
 IPLRES    2    3.00
 IPRINT    1    0.00
 IPRINT    2    2.00
 IPLFIT    1    0.00
 IPLFIT    2    0.00
 LINEPG    0   50.
 NONNEG    1    1.00
 IWT       0    5.00
 NQPROG    1    5.00
 NQPROG    2    5.00
 GMNMX     1    9.974E-06
 GMNMX     2    9.974E-03
 RUSER    10    -1.00
 NG        0    200.00
 NLINF     0    0.00
 IUSER    10    4.00
 RUSER    21    1.0
 RUSER    22   -1.0
 RUSER    23    0.0
 RUSER    18         292.16222
 RUSER    17         111.99900
 RUSER    19         1.02637
 RUSER    15         1.33200
 RUSER    16         632.80000
 RUSER    25         1
 RUSER    26         0
 END       0    0.00
 NY      131
  3.75000E-07  5.00000E-07  6.25000E-07  7.50000E-07  8.75000E-07  1.00000E-06
  1.12500E-06  1.25000E-06  1.37500E-06  1.50000E-06  1.62500E-06  1.75000E-06
  1.87500E-06  2.00000E-06  2.25000E-06  2.50000E-06  2.75000E-06  3.00000E-06
  3.25000E-06  3.50000E-06  3.75000E-06  4.00000E-06  4.50000E-06  5.00000E-06
  5.50000E-06  6.00000E-06  6.50000E-06  7.00000E-06  7.50000E-06  8.00000E-06
  9.00000E-06  1.00000E-05  1.10000E-05  1.20000E-05  1.30000E-05  1.40000E-05
  1.50000E-05  1.60000E-05  1.80000E-05  2.00000E-05  2.20000E-05  2.40000E-05
  2.60000E-05  2.80000E-05  3.00000E-05  3.20000E-05  3.60000E-05  4.00000E-05
  4.40000E-05  4.80000E-05  5.20000E-05  5.60000E-05  6.00000E-05  6.40000E-05
  7.20000E-05  8.00000E-05  8.80000E-05  9.60000E-05  1.04000E-04  1.12000E-04
  1.20000E-04  1.28000E-04  1.44000E-04  1.60000E-04  1.76000E-04  1.92000E-04
  2.08000E-04  2.24000E-04  2.40000E-04  2.56000E-04  2.88000E-04  3.20000E-04
  3.52000E-04  3.84000E-04  4.16000E-04  4.48000E-04  4.80000E-04  5.12000E-04
  5.76000E-04  6.40000E-04  7.04000E-04  7.68000E-04  8.32000E-04  8.96000E-04
  9.60000E-04  1.02400E-03  1.15200E-03  1.28000E-03  1.40800E-03  1.53600E-03
  1.66400E-03  1.79200E-03  1.92000E-03  2.01600E-03  2.27200E-03  2.52800E-03
  2.78400E-03  3.04000E-03  3.29600E-03  3.55200E-03  3.80800E-03  4.06400E-03
  4.57600E-03  5.08800E-03  5.60000E-03  6.11200E-03  6.62400E-03  7.13600E-03
  7.64800E-03  8.16000E-03  9.18400E-03  1.02080E-02  1.12320E-02  1.22560E-02
  1.32800E-02  1.43040E-02  1.53280E-02  1.63520E-02  1.84000E-02  2.04480E-02
  2.24960E-02  2.45440E-02  2.65920E-02  2.86400E-02  3.06880E-02  3.27360E-02
  3.68320E-02  4.09280E-02  4.50240E-02  4.91200E-02  5.32160E-02
  8.23200E-01  8.19803E-01  8.21992E-01  8.21177E-01  8.18712E-01  8.17843E-01
  8.18589E-01  8.17083E-01  8.16360E-01  8.17201E-01  8.18796E-01  8.17384E-01
  8.18577E-01  8.17087E-01  8.13693E-01  8.18832E-01  8.16968E-01  8.17399E-01
  8.15676E-01  8.17172E-01  8.14613E-01  8.15778E-01  8.15421E-01  8.16325E-01
  8.15438E-01  8.13177E-01  8.15488E-01  8.12866E-01  8.13843E-01  8.13771E-01
  8.12515E-01  8.12064E-01  8.11001E-01  8.11523E-01  8.10782E-01  8.10348E-01
  8.10292E-01  8.09301E-01  8.07673E-01  8.05873E-01  8.05150E-01  8.03635E-01
  8.02440E-01  8.01338E-01  8.00144E-01  7.99502E-01  7.97387E-01  7.95079E-01
  7.92366E-01  7.90749E-01  7.88387E-01  7.86212E-01  7.83458E-01  7.81427E-01
  7.76880E-01  7.72531E-01  7.68238E-01  7.63400E-01  7.59791E-01  7.55140E-01
  7.51134E-01  7.46945E-01  7.38325E-01  7.30098E-01  7.21659E-01  7.13340E-01
  7.05425E-01  6.97199E-01  6.89106E-01  6.81728E-01  6.66131E-01  6.51230E-01
  6.36350E-01  6.21974E-01  6.07679E-01  5.94195E-01  5.80739E-01  5.67514E-01
  5.42668E-01  5.18934E-01  4.95970E-01  4.73770E-01  4.52535E-01  4.32438E-01
  4.13156E-01  3.94680E-01  3.59687E-01  3.27905E-01  2.99026E-01  2.73029E-01
  2.49733E-01  2.28561E-01  2.09349E-01  1.95819E-01  1.64042E-01  1.37098E-01
  1.15629E-01  9.84272E-02  8.38878E-02  7.08157E-02  5.88832E-02  4.82713E-02
  2.99652E-02  1.88013E-02  1.33206E-02  1.06258E-02  9.48543E-03  8.09172E-03
  6.95762E-03  5.89029E-03  6.01867E-03  6.01896E-03  7.40157E-03  4.28561E-03
  7.02429E-04  3.80040E-04 -3.70044E-03 -1.51826E-03 -4.21823E-03 -1.51189E-04
 -9.47200E-03 -1.34273E-02 -2.66291E-03  5.10222E-03  4.95734E-03  3.11740E-03
  2.68455E-03  1.69817E-03 -5.18070E-03 -3.79959E-04  5.87586E-04
