AutoSaveFileName0250.ASC
 IFORMY    0    .00
 (6E13.7)
 IFORMT    0    .00
 (6E13.7)
 IFORMW    0    .00
 (6E13.7)
 NINTT     0   -1.00
 DOUSNQ    0    1.00
 IQUAD          1.00
 PRWT      0    1.00
 PRY       0    1.00
 IPLRES    1    3.00
 IPLRES    2    3.00
 IPRINT    1    0.00
 IPRINT    2    2.00
 IPLFIT    1    0.00
 IPLFIT    2    0.00
 LINEPG    0   50.
 NONNEG    1    1.00
 IWT       0    5.00
 NQPROG    1    5.00
 NQPROG    2    5.00
 GMNMX     1    1.206E-05
 GMNMX     2    1.206E-02
 RUSER    10    -1.00
 NG        0    200.00
 NLINF     0    0.00
 IUSER    10    4.00
 RUSER    21    1.0
 RUSER    22   -1.0
 RUSER    23    0.0
 RUSER    18         292.09803
 RUSER    17         97.99900
 RUSER    19         1.02800
 RUSER    15         1.33200
 RUSER    16         632.80000
 RUSER    25         1
 RUSER    26         0
 END       0    0.00
 NY      131
  3.75000E-07  5.00000E-07  6.25000E-07  7.50000E-07  8.75000E-07  1.00000E-06
  1.12500E-06  1.25000E-06  1.37500E-06  1.50000E-06  1.62500E-06  1.75000E-06
  1.87500E-06  2.00000E-06  2.25000E-06  2.50000E-06  2.75000E-06  3.00000E-06
  3.25000E-06  3.50000E-06  3.75000E-06  4.00000E-06  4.50000E-06  5.00000E-06
  5.50000E-06  6.00000E-06  6.50000E-06  7.00000E-06  7.50000E-06  8.00000E-06
  9.00000E-06  1.00000E-05  1.10000E-05  1.20000E-05  1.30000E-05  1.40000E-05
  1.50000E-05  1.60000E-05  1.80000E-05  2.00000E-05  2.20000E-05  2.40000E-05
  2.60000E-05  2.80000E-05  3.00000E-05  3.20000E-05  3.60000E-05  4.00000E-05
  4.40000E-05  4.80000E-05  5.20000E-05  5.60000E-05  6.00000E-05  6.40000E-05
  7.20000E-05  8.00000E-05  8.80000E-05  9.60000E-05  1.04000E-04  1.12000E-04
  1.20000E-04  1.28000E-04  1.44000E-04  1.60000E-04  1.76000E-04  1.92000E-04
  2.08000E-04  2.24000E-04  2.40000E-04  2.56000E-04  2.88000E-04  3.20000E-04
  3.52000E-04  3.84000E-04  4.16000E-04  4.48000E-04  4.80000E-04  5.12000E-04
  5.76000E-04  6.40000E-04  7.04000E-04  7.68000E-04  8.32000E-04  8.96000E-04
  9.60000E-04  1.02400E-03  1.15200E-03  1.28000E-03  1.40800E-03  1.53600E-03
  1.66400E-03  1.79200E-03  1.92000E-03  2.01600E-03  2.27200E-03  2.52800E-03
  2.78400E-03  3.04000E-03  3.29600E-03  3.55200E-03  3.80800E-03  4.06400E-03
  4.57600E-03  5.08800E-03  5.60000E-03  6.11200E-03  6.62400E-03  7.13600E-03
  7.64800E-03  8.16000E-03  9.18400E-03  1.02080E-02  1.12320E-02  1.22560E-02
  1.32800E-02  1.43040E-02  1.53280E-02  1.63520E-02  1.84000E-02  2.04480E-02
  2.24960E-02  2.45440E-02  2.65920E-02  2.86400E-02  3.06880E-02  3.27360E-02
  3.68320E-02  4.09280E-02  4.50240E-02  4.91200E-02  5.32160E-02
  1.69165E+00  1.69013E+00  1.67615E+00  1.68724E+00  1.67323E+00  1.67844E+00
  1.68153E+00  1.67430E+00  1.67719E+00  1.67621E+00  1.68297E+00  1.67543E+00
  1.67831E+00  1.67892E+00  1.67724E+00  1.67829E+00  1.67080E+00  1.67186E+00
  1.67281E+00  1.67072E+00  1.66608E+00  1.67644E+00  1.66860E+00  1.66503E+00
  1.66828E+00  1.67023E+00  1.67167E+00  1.67013E+00  1.67388E+00  1.67049E+00
  1.66916E+00  1.66782E+00  1.66991E+00  1.66646E+00  1.66056E+00  1.66500E+00
  1.65768E+00  1.65808E+00  1.65545E+00  1.65705E+00  1.65571E+00  1.65617E+00
  1.64827E+00  1.64903E+00  1.64520E+00  1.64585E+00  1.64202E+00  1.63612E+00
  1.63246E+00  1.62703E+00  1.62517E+00  1.62039E+00  1.61684E+00  1.61342E+00
  1.60456E+00  1.59708E+00  1.58893E+00  1.58148E+00  1.57392E+00  1.56579E+00
  1.55804E+00  1.55080E+00  1.53491E+00  1.52028E+00  1.50612E+00  1.49066E+00
  1.47658E+00  1.46163E+00  1.44799E+00  1.43318E+00  1.40555E+00  1.37909E+00
  1.35244E+00  1.32554E+00  1.29992E+00  1.27493E+00  1.25022E+00  1.22615E+00
  1.17959E+00  1.13474E+00  1.09190E+00  1.05101E+00  1.01097E+00  9.73516E-01
  9.38096E-01  9.03482E-01  8.38386E-01  7.78103E-01  7.22089E-01  6.70131E-01
  6.22065E-01  5.78341E-01  5.37435E-01  5.09120E-01  4.39995E-01  3.79709E-01
  3.28211E-01  2.83673E-01  2.44259E-01  2.09450E-01  1.80966E-01  1.57473E-01
  1.21435E-01  9.83772E-02  8.09745E-02  6.64553E-02  5.26830E-02  3.81987E-02
  2.53139E-02  1.59184E-02  6.38758E-03  5.65953E-03  1.37220E-03  3.34682E-04
  5.66209E-03  7.24394E-03  2.40624E-03 -1.60174E-03 -5.17203E-03  3.92784E-03
  1.06395E-03 -7.16056E-03 -1.54943E-02 -1.86380E-02 -1.49739E-02 -9.44703E-03
 -2.70915E-04  7.37010E-03 -4.51754E-03 -8.28058E-03  6.87992E-03
