AutoSaveFileName0296.ASC
 IFORMY    0    .00
 (6E13.7)
 IFORMT    0    .00
 (6E13.7)
 IFORMW    0    .00
 (6E13.7)
 NINTT     0   -1.00
 DOUSNQ    0    1.00
 IQUAD          1.00
 PRWT      0    1.00
 PRY       0    1.00
 IPLRES    1    3.00
 IPLRES    2    3.00
 IPRINT    1    0.00
 IPRINT    2    2.00
 IPLFIT    1    0.00
 IPLFIT    2    0.00
 LINEPG    0   50.
 NONNEG    1    1.00
 IWT       0    5.00
 NQPROG    1    5.00
 NQPROG    2    5.00
 GMNMX     1    9.856E-06
 GMNMX     2    9.856E-03
 RUSER    10    -1.00
 NG        0    200.00
 NLINF     0    0.00
 IUSER    10    4.00
 RUSER    21    1.0
 RUSER    22   -1.0
 RUSER    23    0.0
 RUSER    18         292.17094
 RUSER    17         112.99900
 RUSER    19         1.02615
 RUSER    15         1.33200
 RUSER    16         632.80000
 RUSER    25         1
 RUSER    26         0
 END       0    0.00
 NY      131
  3.75000E-07  5.00000E-07  6.25000E-07  7.50000E-07  8.75000E-07  1.00000E-06
  1.12500E-06  1.25000E-06  1.37500E-06  1.50000E-06  1.62500E-06  1.75000E-06
  1.87500E-06  2.00000E-06  2.25000E-06  2.50000E-06  2.75000E-06  3.00000E-06
  3.25000E-06  3.50000E-06  3.75000E-06  4.00000E-06  4.50000E-06  5.00000E-06
  5.50000E-06  6.00000E-06  6.50000E-06  7.00000E-06  7.50000E-06  8.00000E-06
  9.00000E-06  1.00000E-05  1.10000E-05  1.20000E-05  1.30000E-05  1.40000E-05
  1.50000E-05  1.60000E-05  1.80000E-05  2.00000E-05  2.20000E-05  2.40000E-05
  2.60000E-05  2.80000E-05  3.00000E-05  3.20000E-05  3.60000E-05  4.00000E-05
  4.40000E-05  4.80000E-05  5.20000E-05  5.60000E-05  6.00000E-05  6.40000E-05
  7.20000E-05  8.00000E-05  8.80000E-05  9.60000E-05  1.04000E-04  1.12000E-04
  1.20000E-04  1.28000E-04  1.44000E-04  1.60000E-04  1.76000E-04  1.92000E-04
  2.08000E-04  2.24000E-04  2.40000E-04  2.56000E-04  2.88000E-04  3.20000E-04
  3.52000E-04  3.84000E-04  4.16000E-04  4.48000E-04  4.80000E-04  5.12000E-04
  5.76000E-04  6.40000E-04  7.04000E-04  7.68000E-04  8.32000E-04  8.96000E-04
  9.60000E-04  1.02400E-03  1.15200E-03  1.28000E-03  1.40800E-03  1.53600E-03
  1.66400E-03  1.79200E-03  1.92000E-03  2.01600E-03  2.27200E-03  2.52800E-03
  2.78400E-03  3.04000E-03  3.29600E-03  3.55200E-03  3.80800E-03  4.06400E-03
  4.57600E-03  5.08800E-03  5.60000E-03  6.11200E-03  6.62400E-03  7.13600E-03
  7.64800E-03  8.16000E-03  9.18400E-03  1.02080E-02  1.12320E-02  1.22560E-02
  1.32800E-02  1.43040E-02  1.53280E-02  1.63520E-02  1.84000E-02  2.04480E-02
  2.24960E-02  2.45440E-02  2.65920E-02  2.86400E-02  3.06880E-02  3.27360E-02
  3.68320E-02  4.09280E-02  4.50240E-02  4.91200E-02  5.32160E-02
  2.45192E+00  2.45214E+00  2.44433E+00  2.44405E+00  2.44522E+00  2.44368E+00
  2.43564E+00  2.43648E+00  2.43699E+00  2.44223E+00  2.43756E+00  2.44088E+00
  2.43565E+00  2.43284E+00  2.43864E+00  2.43646E+00  2.43285E+00  2.43460E+00
  2.43308E+00  2.43647E+00  2.43466E+00  2.43356E+00  2.43450E+00  2.43013E+00
  2.43254E+00  2.43039E+00  2.42739E+00  2.42923E+00  2.42783E+00  2.42669E+00
  2.42472E+00  2.42471E+00  2.42212E+00  2.41942E+00  2.41883E+00  2.41575E+00
  2.41498E+00  2.41284E+00  2.40890E+00  2.40530E+00  2.40149E+00  2.39816E+00
  2.39517E+00  2.39169E+00  2.38837E+00  2.38458E+00  2.37732E+00  2.36918E+00
  2.36351E+00  2.35599E+00  2.34922E+00  2.34209E+00  2.33384E+00  2.32820E+00
  2.31356E+00  2.29953E+00  2.28617E+00  2.27313E+00  2.25822E+00  2.24521E+00
  2.23161E+00  2.21948E+00  2.19276E+00  2.16630E+00  2.14042E+00  2.11523E+00
  2.09012E+00  2.06441E+00  2.03957E+00  2.01537E+00  1.96743E+00  1.92062E+00
  1.87536E+00  1.83117E+00  1.78768E+00  1.74575E+00  1.70493E+00  1.66558E+00
  1.58917E+00  1.51660E+00  1.44835E+00  1.38335E+00  1.32098E+00  1.26111E+00
  1.20481E+00  1.15217E+00  1.05212E+00  9.60729E-01  8.77951E-01  8.02556E-01
  7.33403E-01  6.70934E-01  6.14570E-01  5.76736E-01  4.85764E-01  4.10379E-01
  3.47563E-01  2.96047E-01  2.52436E-01  2.13257E-01  1.79532E-01  1.53080E-01
  1.10370E-01  8.29802E-02  6.26407E-02  4.62570E-02  3.08808E-02  2.07974E-02
  2.13861E-02  2.14751E-02  1.35058E-02  3.80520E-03 -8.00924E-04 -4.57494E-03
 -7.77102E-03  3.63799E-03  5.96485E-03 -3.59503E-03 -1.51431E-02 -1.77009E-02
 -1.48879E-02 -1.55766E-02 -3.15516E-03 -3.04984E-03  8.29333E-04 -2.83467E-03
  1.18330E-02 -5.49168E-03 -6.49235E-03  4.14043E-03  2.04030E-02
