AutoSaveFileName0091.ASC
 IFORMY    0    .00
 (6E13.7)
 IFORMT    0    .00
 (6E13.7)
 IFORMW    0    .00
 (6E13.7)
 NINTT     0   -1.00
 DOUSNQ    0    1.00
 IQUAD          1.00
 PRWT      0    1.00
 PRY       0    1.00
 IPLRES    1    3.00
 IPLRES    2    3.00
 IPRINT    1    0.00
 IPRINT    2    2.00
 IPLFIT    1    0.00
 IPLFIT    2    0.00
 LINEPG    0   50.
 NONNEG    1    1.00
 IWT       0    5.00
 NQPROG    1    5.00
 NQPROG    2    5.00
 GMNMX     1    2.740E-05
 GMNMX     2    2.740E-02
 RUSER    10    -1.00
 NG        0    200.00
 NLINF     0    0.00
 IUSER    10    4.00
 RUSER    21    1.0
 RUSER    22   -1.0
 RUSER    23    0.0
 RUSER    18         292.19216
 RUSER    17         59.99800
 RUSER    19         1.02561
 RUSER    15         1.33200
 RUSER    16         632.80000
 RUSER    25         1
 RUSER    26         0
 END       0    0.00
 NY      188
  5.00000E-07  6.25000E-07  7.50000E-07  8.75000E-07  1.00000E-06  1.12500E-06
  1.25000E-06  1.37500E-06  1.50000E-06  1.62500E-06  1.75000E-06  1.87500E-06
  2.00000E-06  2.25000E-06  2.50000E-06  2.75000E-06  3.00000E-06  3.25000E-06
  3.50000E-06  3.75000E-06  4.00000E-06  4.50000E-06  5.00000E-06  5.50000E-06
  6.00000E-06  6.50000E-06  7.00000E-06  7.50000E-06  8.00000E-06  9.00000E-06
  1.00000E-05  1.10000E-05  1.20000E-05  1.30000E-05  1.40000E-05  1.50000E-05
  1.60000E-05  1.80000E-05  2.00000E-05  2.20000E-05  2.40000E-05  2.60000E-05
  2.80000E-05  3.00000E-05  3.20000E-05  3.60000E-05  4.00000E-05  4.40000E-05
  4.80000E-05  5.20000E-05  5.60000E-05  6.00000E-05  6.40000E-05  7.20000E-05
  8.00000E-05  8.80000E-05  9.60000E-05  1.04000E-04  1.12000E-04  1.20000E-04
  1.28000E-04  1.44000E-04  1.60000E-04  1.76000E-04  1.92000E-04  2.08000E-04
  2.24000E-04  2.40000E-04  2.56000E-04  2.88000E-04  3.20000E-04  3.52000E-04
  3.84000E-04  4.16000E-04  4.48000E-04  4.80000E-04  5.12000E-04  5.76000E-04
  6.40000E-04  7.04000E-04  7.68000E-04  8.32000E-04  8.96000E-04  9.60000E-04
  1.02400E-03  1.15200E-03  1.28000E-03  1.40800E-03  1.53600E-03  1.66400E-03
  1.79200E-03  1.92000E-03  2.01600E-03  2.27200E-03  2.52800E-03  2.78400E-03
  3.04000E-03  3.29600E-03  3.55200E-03  3.80800E-03  4.06400E-03  4.57600E-03
  5.08800E-03  5.60000E-03  6.11200E-03  6.62400E-03  7.13600E-03  7.64800E-03
  8.16000E-03  9.18400E-03  1.02080E-02  1.12320E-02  1.22560E-02  1.32800E-02
  1.43040E-02  1.53280E-02  1.63520E-02  1.84000E-02  2.04480E-02  2.24960E-02
  2.45440E-02  2.65920E-02  2.86400E-02  3.06880E-02  3.27360E-02  3.68320E-02
  4.09280E-02  4.50240E-02  4.91200E-02  5.32160E-02  5.73120E-02  6.14080E-02
  6.55040E-02  7.36960E-02  8.18880E-02  9.00800E-02  9.82720E-02  1.06464E-01
  1.14656E-01  1.22848E-01  1.31040E-01  1.47424E-01  1.63808E-01  1.80192E-01
  1.96576E-01  2.12960E-01  2.29344E-01  2.45728E-01  2.62112E-01  2.94880E-01
  3.27648E-01  3.60416E-01  3.93184E-01  4.25952E-01  4.58720E-01  4.91488E-01
  5.24256E-01  5.89792E-01  6.55328E-01  7.20864E-01  7.86400E-01  8.51936E-01
  9.17472E-01  9.83008E-01  1.04854E+00  1.17962E+00  1.31069E+00  1.44176E+00
  1.57283E+00  1.70390E+00  1.83498E+00  1.96605E+00  2.09712E+00  2.35926E+00
  2.62141E+00  2.88355E+00  3.14570E+00  3.40784E+00  3.66998E+00  3.93213E+00
  4.19427E+00  4.71856E+00  5.24285E+00  5.76714E+00  6.29142E+00  6.81571E+00
  7.34000E+00  7.86429E+00
  9.94708E-01  9.92161E-01  9.91707E-01  9.92541E-01  9.95922E-01  9.92516E-01
  9.90468E-01  9.85960E-01  9.87180E-01  9.88095E-01  9.84459E-01  9.85549E-01
  9.87753E-01  9.85175E-01  9.91881E-01  9.87952E-01  9.88899E-01  9.84279E-01
  9.86259E-01  9.88351E-01  9.88226E-01  9.86171E-01  9.85393E-01  9.91109E-01
  9.89390E-01  9.90393E-01  9.87803E-01  9.83998E-01  9.88662E-01  9.86078E-01
  9.87043E-01  9.85985E-01  9.86470E-01  9.85300E-01  9.86196E-01  9.86078E-01
  9.85630E-01  9.84546E-01  9.85044E-01  9.84459E-01  9.85163E-01  9.83768E-01
  9.84210E-01  9.84229E-01  9.84366E-01  9.84198E-01  9.82566E-01  9.82915E-01
  9.81975E-01  9.82685E-01  9.81439E-01  9.81178E-01  9.80580E-01  9.79677E-01
  9.78208E-01  9.77230E-01  9.76365E-01  9.75219E-01  9.73881E-01  9.73214E-01
  9.72231E-01  9.70344E-01  9.68059E-01  9.66278E-01  9.64871E-01  9.63066E-01
  9.60600E-01  9.58869E-01  9.56765E-01  9.52798E-01  9.48857E-01  9.45016E-01
  9.40831E-01  9.36716E-01  9.33111E-01  9.29219E-01  9.25577E-01  9.18043E-01
  9.10329E-01  9.02926E-01  8.95392E-01  8.88151E-01  8.80941E-01  8.73830E-01
  8.67118E-01  8.53346E-01  8.39299E-01  8.25738E-01  8.12532E-01  7.99233E-01
  7.86158E-01  7.73089E-01  7.62678E-01  7.38041E-01  7.14481E-01  6.91493E-01
  6.69346E-01  6.47816E-01  6.26982E-01  6.07145E-01  5.88325E-01  5.52483E-01
  5.19256E-01  4.88440E-01  4.59969E-01  4.32249E-01  4.06148E-01  3.81259E-01
  3.58410E-01  3.16600E-01  2.82109E-01  2.52960E-01  2.26331E-01  2.02838E-01
  1.82693E-01  1.65135E-01  1.50287E-01  1.22041E-01  9.58296E-02  7.32487E-02
  5.77105E-02  5.01116E-02  4.56865E-02  4.15330E-02  3.69907E-02  2.74328E-02
  1.57677E-02  2.99161E-03  1.04932E-03  9.08847E-03  2.02598E-02  2.55074E-02
  2.02374E-02  1.02940E-02  7.10925E-03  1.02258E-02  2.92551E-02  4.94389E-03
 -1.24898E-02 -1.52561E-02 -8.03367E-03  4.35276E-03  9.74348E-03 -5.34213E-03
  5.80426E-03  7.79166E-03 -1.54542E-02 -3.91756E-03 -7.18970E-04 -7.75181E-03
 -1.14601E-02 -9.61378E-03 -1.85356E-03  1.99923E-03 -1.63496E-02 -1.85885E-02
 -5.22579E-03  2.83219E-03 -9.82099E-03  2.01822E-03 -1.69080E-02 -8.89402E-03
  3.63136E-03 -1.41701E-02 -2.31866E-02 -8.35215E-04 -7.64148E-03  6.99220E-03
  6.00910E-03  7.65244E-03  1.10862E-02  5.50073E-03  9.42058E-03  6.49665E-03
 -1.85216E-03 -1.66879E-02  5.81547E-03  1.79014E-03  1.08217E-03 -2.63067E-03
  1.50189E-02 -9.64560E-03  1.84787E-03  3.94657E-03 -3.54793E-03  2.18623E-03
  3.28634E-03 -5.83520E-03
