AutoSaveFileName0062.ASC
 IFORMY    0    .00
 (6E13.7)
 IFORMT    0    .00
 (6E13.7)
 IFORMW    0    .00
 (6E13.7)
 NINTT     0   -1.00
 DOUSNQ    0    1.00
 IQUAD          1.00
 PRWT      0    1.00
 PRY       0    1.00
 IPLRES    1    3.00
 IPLRES    2    3.00
 IPRINT    1    0.00
 IPRINT    2    2.00
 IPLFIT    1    0.00
 IPLFIT    2    0.00
 LINEPG    0   50.
 NONNEG    1    1.00
 IWT       0    5.00
 NQPROG    1    5.00
 NQPROG    2    5.00
 GMNMX     1    4.679E-05
 GMNMX     2    4.679E-02
 RUSER    10    -1.00
 NG        0    200.00
 NLINF     0    0.00
 IUSER    10    4.00
 RUSER    21    1.0
 RUSER    22   -1.0
 RUSER    23    0.0
 RUSER    18         292.17978
 RUSER    17         44.99800
 RUSER    19         1.02592
 RUSER    15         1.33200
 RUSER    16         632.80000
 RUSER    25         1
 RUSER    26         0
 END       0    0.00
 NY      188
  5.00000E-07  6.25000E-07  7.50000E-07  8.75000E-07  1.00000E-06  1.12500E-06
  1.25000E-06  1.37500E-06  1.50000E-06  1.62500E-06  1.75000E-06  1.87500E-06
  2.00000E-06  2.25000E-06  2.50000E-06  2.75000E-06  3.00000E-06  3.25000E-06
  3.50000E-06  3.75000E-06  4.00000E-06  4.50000E-06  5.00000E-06  5.50000E-06
  6.00000E-06  6.50000E-06  7.00000E-06  7.50000E-06  8.00000E-06  9.00000E-06
  1.00000E-05  1.10000E-05  1.20000E-05  1.30000E-05  1.40000E-05  1.50000E-05
  1.60000E-05  1.80000E-05  2.00000E-05  2.20000E-05  2.40000E-05  2.60000E-05
  2.80000E-05  3.00000E-05  3.20000E-05  3.60000E-05  4.00000E-05  4.40000E-05
  4.80000E-05  5.20000E-05  5.60000E-05  6.00000E-05  6.40000E-05  7.20000E-05
  8.00000E-05  8.80000E-05  9.60000E-05  1.04000E-04  1.12000E-04  1.20000E-04
  1.28000E-04  1.44000E-04  1.60000E-04  1.76000E-04  1.92000E-04  2.08000E-04
  2.24000E-04  2.40000E-04  2.56000E-04  2.88000E-04  3.20000E-04  3.52000E-04
  3.84000E-04  4.16000E-04  4.48000E-04  4.80000E-04  5.12000E-04  5.76000E-04
  6.40000E-04  7.04000E-04  7.68000E-04  8.32000E-04  8.96000E-04  9.60000E-04
  1.02400E-03  1.15200E-03  1.28000E-03  1.40800E-03  1.53600E-03  1.66400E-03
  1.79200E-03  1.92000E-03  2.01600E-03  2.27200E-03  2.52800E-03  2.78400E-03
  3.04000E-03  3.29600E-03  3.55200E-03  3.80800E-03  4.06400E-03  4.57600E-03
  5.08800E-03  5.60000E-03  6.11200E-03  6.62400E-03  7.13600E-03  7.64800E-03
  8.16000E-03  9.18400E-03  1.02080E-02  1.12320E-02  1.22560E-02  1.32800E-02
  1.43040E-02  1.53280E-02  1.63520E-02  1.84000E-02  2.04480E-02  2.24960E-02
  2.45440E-02  2.65920E-02  2.86400E-02  3.06880E-02  3.27360E-02  3.68320E-02
  4.09280E-02  4.50240E-02  4.91200E-02  5.32160E-02  5.73120E-02  6.14080E-02
  6.55040E-02  7.36960E-02  8.18880E-02  9.00800E-02  9.82720E-02  1.06464E-01
  1.14656E-01  1.22848E-01  1.31040E-01  1.47424E-01  1.63808E-01  1.80192E-01
  1.96576E-01  2.12960E-01  2.29344E-01  2.45728E-01  2.62112E-01  2.94880E-01
  3.27648E-01  3.60416E-01  3.93184E-01  4.25952E-01  4.58720E-01  4.91488E-01
  5.24256E-01  5.89792E-01  6.55328E-01  7.20864E-01  7.86400E-01  8.51936E-01
  9.17472E-01  9.83008E-01  1.04854E+00  1.17962E+00  1.31069E+00  1.44176E+00
  1.57283E+00  1.70390E+00  1.83498E+00  1.96605E+00  2.09712E+00  2.35926E+00
  2.62141E+00  2.88355E+00  3.14570E+00  3.40784E+00  3.66998E+00  3.93213E+00
  4.19427E+00  4.71856E+00  5.24285E+00  5.76714E+00  6.29142E+00  6.81571E+00
  7.34000E+00  7.86429E+00
  9.96965E-01  9.93729E-01  9.91582E-01  9.95824E-01  9.91282E-01  9.87306E-01
  9.87014E-01  9.92702E-01  9.93694E-01  9.86130E-01  9.90777E-01  9.87215E-01
  9.89662E-01  9.87964E-01  9.90389E-01  9.90877E-01  9.88678E-01  9.89470E-01
  9.90616E-01  9.87467E-01  9.87467E-01  9.89976E-01  9.87598E-01  9.89092E-01
  9.89658E-01  9.89614E-01  9.91382E-01  9.92136E-01  9.89340E-01  9.88012E-01
  9.88817E-01  9.87646E-01  9.86527E-01  9.88147E-01  9.88408E-01  9.88713E-01
  9.88386E-01  9.88817E-01  9.87724E-01  9.88386E-01  9.87650E-01  9.87550E-01
  9.87567E-01  9.85913E-01  9.86344E-01  9.86744E-01  9.86174E-01  9.86936E-01
  9.85560E-01  9.85651E-01  9.85621E-01  9.84981E-01  9.84615E-01  9.84040E-01
  9.83439E-01  9.83391E-01  9.82407E-01  9.81928E-01  9.80931E-01  9.80487E-01
  9.79620E-01  9.79054E-01  9.77530E-01  9.76202E-01  9.75435E-01  9.74155E-01
  9.73014E-01  9.72030E-01  9.70341E-01  9.68268E-01  9.66156E-01  9.63626E-01
  9.61379E-01  9.59171E-01  9.56684E-01  9.54529E-01  9.47331E-01  9.42593E-01
  9.38225E-01  9.33492E-01  9.29063E-01  9.24538E-01  9.20188E-01  9.15668E-01
  8.35534E-01  8.27169E-01  8.18573E-01  8.10312E-01  8.02304E-01  7.94034E-01
  7.86070E-01  7.78066E-01  8.49626E-01  8.33248E-01  8.17262E-01  8.01624E-01
  7.86252E-01  7.70894E-01  7.55901E-01  7.41151E-01  7.27160E-01  6.99099E-01
  6.72374E-01  6.46664E-01  6.22230E-01  5.98802E-01  5.76267E-01  5.54834E-01
  5.34950E-01  4.95785E-01  4.58505E-01  4.23823E-01  3.92272E-01  3.63211E-01
  3.36185E-01  3.10897E-01  2.88377E-01  2.46171E-01  2.08739E-01  1.76710E-01
  1.50267E-01  1.31810E-01  1.15015E-01  9.99861E-02  8.74464E-02  7.12925E-02
  6.00488E-02  4.74856E-02  4.14264E-02  3.76701E-02  3.72341E-02  3.35533E-02
  2.42345E-02  1.05502E-02 -1.12516E-03 -6.54938E-03 -7.80408E-03  1.60769E-03
  4.39949E-03  1.40572E-03 -3.28740E-03  4.34902E-03  2.16452E-02  2.64910E-02
  3.42277E-02  1.87308E-02 -7.32442E-03 -2.49500E-02 -2.06597E-02 -1.59519E-03
  6.17366E-03  9.39113E-03  1.91325E-02 -1.52711E-02 -5.68429E-03 -1.99357E-02
 -2.32977E-02 -2.13165E-03 -9.76842E-03 -3.61717E-03 -7.62411E-03 -1.71711E-03
 -1.30686E-02  9.12467E-03 -2.19904E-03 -1.64656E-02 -9.88983E-03  5.51102E-03
  1.38910E-02  1.14074E-02  5.92353E-03  1.45335E-02 -1.26697E-02  4.95523E-03
  6.90211E-03 -1.05046E-02 -3.78946E-03  2.06131E-02 -1.29778E-02 -1.70631E-02
 -2.35596E-03  4.37176E-03  7.84737E-04  2.23976E-03 -8.22696E-03 -1.19744E-02
  8.35233E-03 -4.37054E-04
