AutoSaveFileName0397.ASC
 IFORMY    0    .00
 (6E13.7)
 IFORMT    0    .00
 (6E13.7)
 IFORMW    0    .00
 (6E13.7)
 NINTT     0   -1.00
 DOUSNQ    0    1.00
 IQUAD          1.00
 PRWT      0    1.00
 PRY       0    1.00
 IPLRES    1    3.00
 IPLRES    2    3.00
 IPRINT    1    0.00
 IPRINT    2    2.00
 IPLFIT    1    0.00
 IPLFIT    2    0.00
 LINEPG    0   50.
 NONNEG    1    1.00
 IWT       0    5.00
 NQPROG    1    5.00
 NQPROG    2    5.00
 GMNMX     1    7.420E-06
 GMNMX     2    7.420E-03
 RUSER    10    -1.00
 NG        0    200.00
 NLINF     0    0.00
 IUSER    10    4.00
 RUSER    21    1.0
 RUSER    22   -1.0
 RUSER    23    0.0
 RUSER    18         292.33395
 RUSER    17         146.99900
 RUSER    19         1.02202
 RUSER    15         1.33200
 RUSER    16         632.80000
 RUSER    25         1
 RUSER    26         0
 END       0    0.00
 NY      131
  3.75000E-07  5.00000E-07  6.25000E-07  7.50000E-07  8.75000E-07  1.00000E-06
  1.12500E-06  1.25000E-06  1.37500E-06  1.50000E-06  1.62500E-06  1.75000E-06
  1.87500E-06  2.00000E-06  2.25000E-06  2.50000E-06  2.75000E-06  3.00000E-06
  3.25000E-06  3.50000E-06  3.75000E-06  4.00000E-06  4.50000E-06  5.00000E-06
  5.50000E-06  6.00000E-06  6.50000E-06  7.00000E-06  7.50000E-06  8.00000E-06
  9.00000E-06  1.00000E-05  1.10000E-05  1.20000E-05  1.30000E-05  1.40000E-05
  1.50000E-05  1.60000E-05  1.80000E-05  2.00000E-05  2.20000E-05  2.40000E-05
  2.60000E-05  2.80000E-05  3.00000E-05  3.20000E-05  3.60000E-05  4.00000E-05
  4.40000E-05  4.80000E-05  5.20000E-05  5.60000E-05  6.00000E-05  6.40000E-05
  7.20000E-05  8.00000E-05  8.80000E-05  9.60000E-05  1.04000E-04  1.12000E-04
  1.20000E-04  1.28000E-04  1.44000E-04  1.60000E-04  1.76000E-04  1.92000E-04
  2.08000E-04  2.24000E-04  2.40000E-04  2.56000E-04  2.88000E-04  3.20000E-04
  3.52000E-04  3.84000E-04  4.16000E-04  4.48000E-04  4.80000E-04  5.12000E-04
  5.76000E-04  6.40000E-04  7.04000E-04  7.68000E-04  8.32000E-04  8.96000E-04
  9.60000E-04  1.02400E-03  1.15200E-03  1.28000E-03  1.40800E-03  1.53600E-03
  1.66400E-03  1.79200E-03  1.92000E-03  2.01600E-03  2.27200E-03  2.52800E-03
  2.78400E-03  3.04000E-03  3.29600E-03  3.55200E-03  3.80800E-03  4.06400E-03
  4.57600E-03  5.08800E-03  5.60000E-03  6.11200E-03  6.62400E-03  7.13600E-03
  7.64800E-03  8.16000E-03  9.18400E-03  1.02080E-02  1.12320E-02  1.22560E-02
  1.32800E-02  1.43040E-02  1.53280E-02  1.63520E-02  1.84000E-02  2.04480E-02
  2.24960E-02  2.45440E-02  2.65920E-02  2.86400E-02  3.06880E-02  3.27360E-02
  3.68320E-02  4.09280E-02  4.50240E-02  4.91200E-02  5.32160E-02
  1.59257E+00  1.59069E+00  1.60218E+00  1.59238E+00  1.58379E+00  1.58872E+00
  1.58668E+00  1.59119E+00  1.58758E+00  1.57681E+00  1.58352E+00  1.57757E+00
  1.57783E+00  1.58106E+00  1.58324E+00  1.57997E+00  1.59042E+00  1.58447E+00
  1.58122E+00  1.57861E+00  1.57861E+00  1.58036E+00  1.57894E+00  1.57781E+00
  1.58239E+00  1.58034E+00  1.57806E+00  1.57459E+00  1.57776E+00  1.57664E+00
  1.57509E+00  1.57610E+00  1.57293E+00  1.57201E+00  1.57153E+00  1.56989E+00
  1.56966E+00  1.56713E+00  1.56686E+00  1.56434E+00  1.56291E+00  1.55818E+00
  1.55720E+00  1.55705E+00  1.55452E+00  1.55408E+00  1.55018E+00  1.54547E+00
  1.54243E+00  1.53776E+00  1.53322E+00  1.53123E+00  1.52672E+00  1.52216E+00
  1.51529E+00  1.50790E+00  1.50199E+00  1.49415E+00  1.48629E+00  1.47895E+00
  1.47187E+00  1.46467E+00  1.44971E+00  1.43620E+00  1.42157E+00  1.40929E+00
  1.39502E+00  1.38119E+00  1.36847E+00  1.35579E+00  1.32952E+00  1.30514E+00
  1.28108E+00  1.25735E+00  1.23432E+00  1.21195E+00  1.18954E+00  1.16869E+00
  1.12839E+00  1.08940E+00  1.05266E+00  1.01705E+00  9.83043E-01  9.51138E-01
  9.19792E-01  8.87687E-01  8.33450E-01  7.83564E-01  7.39516E-01  6.97876E-01
  6.59718E-01  6.24480E-01  5.92653E-01  5.74659E-01  5.20908E-01  4.75768E-01
  4.36243E-01  4.02636E-01  3.73545E-01  3.49214E-01  3.28338E-01  3.11198E-01
  2.82079E-01  2.58430E-01  2.37103E-01  2.14894E-01  1.95939E-01  1.81360E-01
  1.71630E-01  1.61143E-01  1.45408E-01  1.36490E-01  1.25676E-01  1.14334E-01
  1.04450E-01  9.52159E-02  8.85302E-02  8.24679E-02  7.37601E-02  5.84622E-02
  3.57016E-02  2.92340E-02  2.06998E-02  1.72357E-02  2.23445E-02  2.37752E-02
  1.84720E-02  1.51207E-02  6.20559E-03  2.22373E-03 -9.19928E-03
