AutoSaveFileName0370.ASC
 IFORMY    0    .00
 (6E13.7)
 IFORMT    0    .00
 (6E13.7)
 IFORMW    0    .00
 (6E13.7)
 NINTT     0   -1.00
 DOUSNQ    0    1.00
 IQUAD          1.00
 PRWT      0    1.00
 PRY       0    1.00
 IPLRES    1    3.00
 IPLRES    2    3.00
 IPRINT    1    0.00
 IPRINT    2    2.00
 IPLFIT    1    0.00
 IPLFIT    2    0.00
 LINEPG    0   50.
 NONNEG    1    1.00
 IWT       0    5.00
 NQPROG    1    5.00
 NQPROG    2    5.00
 GMNMX     1    7.835E-06
 GMNMX     2    7.835E-03
 RUSER    10    -1.00
 NG        0    200.00
 NLINF     0    0.00
 IUSER    10    4.00
 RUSER    21    1.0
 RUSER    22   -1.0
 RUSER    23    0.0
 RUSER    18         292.29833
 RUSER    17         137.99900
 RUSER    19         1.02292
 RUSER    15         1.33200
 RUSER    16         632.80000
 RUSER    25         1
 RUSER    26         0
 END       0    0.00
 NY      131
  3.75000E-07  5.00000E-07  6.25000E-07  7.50000E-07  8.75000E-07  1.00000E-06
  1.12500E-06  1.25000E-06  1.37500E-06  1.50000E-06  1.62500E-06  1.75000E-06
  1.87500E-06  2.00000E-06  2.25000E-06  2.50000E-06  2.75000E-06  3.00000E-06
  3.25000E-06  3.50000E-06  3.75000E-06  4.00000E-06  4.50000E-06  5.00000E-06
  5.50000E-06  6.00000E-06  6.50000E-06  7.00000E-06  7.50000E-06  8.00000E-06
  9.00000E-06  1.00000E-05  1.10000E-05  1.20000E-05  1.30000E-05  1.40000E-05
  1.50000E-05  1.60000E-05  1.80000E-05  2.00000E-05  2.20000E-05  2.40000E-05
  2.60000E-05  2.80000E-05  3.00000E-05  3.20000E-05  3.60000E-05  4.00000E-05
  4.40000E-05  4.80000E-05  5.20000E-05  5.60000E-05  6.00000E-05  6.40000E-05
  7.20000E-05  8.00000E-05  8.80000E-05  9.60000E-05  1.04000E-04  1.12000E-04
  1.20000E-04  1.28000E-04  1.44000E-04  1.60000E-04  1.76000E-04  1.92000E-04
  2.08000E-04  2.24000E-04  2.40000E-04  2.56000E-04  2.88000E-04  3.20000E-04
  3.52000E-04  3.84000E-04  4.16000E-04  4.48000E-04  4.80000E-04  5.12000E-04
  5.76000E-04  6.40000E-04  7.04000E-04  7.68000E-04  8.32000E-04  8.96000E-04
  9.60000E-04  1.02400E-03  1.15200E-03  1.28000E-03  1.40800E-03  1.53600E-03
  1.66400E-03  1.79200E-03  1.92000E-03  2.01600E-03  2.27200E-03  2.52800E-03
  2.78400E-03  3.04000E-03  3.29600E-03  3.55200E-03  3.80800E-03  4.06400E-03
  4.57600E-03  5.08800E-03  5.60000E-03  6.11200E-03  6.62400E-03  7.13600E-03
  7.64800E-03  8.16000E-03  9.18400E-03  1.02080E-02  1.12320E-02  1.22560E-02
  1.32800E-02  1.43040E-02  1.53280E-02  1.63520E-02  1.84000E-02  2.04480E-02
  2.24960E-02  2.45440E-02  2.65920E-02  2.86400E-02  3.06880E-02  3.27360E-02
  3.68320E-02  4.09280E-02  4.50240E-02  4.91200E-02  5.32160E-02
  1.63224E+00  1.62602E+00  1.61881E+00  1.62058E+00  1.61979E+00  1.61606E+00
  1.61258E+00  1.61250E+00  1.61446E+00  1.61714E+00  1.61394E+00  1.61504E+00
  1.61508E+00  1.61100E+00  1.61476E+00  1.61613E+00  1.60080E+00  1.61235E+00
  1.61063E+00  1.61222E+00  1.60989E+00  1.60958E+00  1.60627E+00  1.61174E+00
  1.60519E+00  1.60915E+00  1.60917E+00  1.60377E+00  1.60295E+00  1.60380E+00
  1.60131E+00  1.60188E+00  1.59835E+00  1.59810E+00  1.59669E+00  1.59207E+00
  1.59324E+00  1.59243E+00  1.59054E+00  1.58907E+00  1.58507E+00  1.58090E+00
  1.58175E+00  1.57955E+00  1.57470E+00  1.57289E+00  1.56761E+00  1.56399E+00
  1.55871E+00  1.55352E+00  1.54730E+00  1.54285E+00  1.53882E+00  1.53399E+00
  1.52397E+00  1.51491E+00  1.50601E+00  1.49545E+00  1.48535E+00  1.47655E+00
  1.46749E+00  1.45758E+00  1.43945E+00  1.42118E+00  1.40491E+00  1.38567E+00
  1.36832E+00  1.35134E+00  1.33460E+00  1.31857E+00  1.28561E+00  1.25297E+00
  1.22258E+00  1.19165E+00  1.16181E+00  1.13357E+00  1.10518E+00  1.07758E+00
  1.02510E+00  9.74603E-01  9.28260E-01  8.83535E-01  8.40760E-01  8.00304E-01
  7.62404E-01  7.28756E-01  6.62118E-01  6.02323E-01  5.49092E-01  5.00379E-01
  4.55606E-01  4.15108E-01  3.78955E-01  3.55733E-01  2.97053E-01  2.49172E-01
  2.08030E-01  1.73983E-01  1.47680E-01  1.26468E-01  1.09102E-01  9.68203E-02
  8.07602E-02  6.88892E-02  6.33323E-02  5.71818E-02  4.94638E-02  4.03705E-02
  2.80867E-02  1.83340E-02  1.18428E-02  1.17838E-02  1.55027E-02  1.63590E-02
  1.65658E-02  1.14219E-02  4.73043E-03  1.21560E-04 -2.51255E-04 -4.12965E-03
 -6.61192E-03 -1.50632E-02  2.17144E-03  6.61712E-03 -7.04198E-03 -7.93959E-03
 -2.13483E-03 -2.76209E-03  1.40714E-03 -3.96431E-03  4.68725E-03
