AutoSaveFileName0273.ASC
 IFORMY    0    .00
 (6E13.7)
 IFORMT    0    .00
 (6E13.7)
 IFORMW    0    .00
 (6E13.7)
 NINTT     0   -1.00
 DOUSNQ    0    1.00
 IQUAD          1.00
 PRWT      0    1.00
 PRY       0    1.00
 IPLRES    1    3.00
 IPLRES    2    3.00
 IPRINT    1    0.00
 IPRINT    2    2.00
 IPLFIT    1    0.00
 IPLFIT    2    0.00
 LINEPG    0   50.
 NONNEG    1    1.00
 IWT       0    5.00
 NQPROG    1    5.00
 NQPROG    2    5.00
 GMNMX     1    7.328E-06
 GMNMX     2    7.328E-03
 RUSER    10    -1.00
 NG        0    200.00
 NLINF     0    0.00
 IUSER    10    4.00
 RUSER    21    1.0
 RUSER    22   -1.0
 RUSER    23    0.0
 RUSER    18         292.25274
 RUSER    17         149.99900
 RUSER    19         1.02408
 RUSER    15         1.33200
 RUSER    16         632.80000
 RUSER    25         1
 RUSER    26         0
 END       0    0.00
 NY      188
  5.00000E-07  6.25000E-07  7.50000E-07  8.75000E-07  1.00000E-06  1.12500E-06
  1.25000E-06  1.37500E-06  1.50000E-06  1.62500E-06  1.75000E-06  1.87500E-06
  2.00000E-06  2.25000E-06  2.50000E-06  2.75000E-06  3.00000E-06  3.25000E-06
  3.50000E-06  3.75000E-06  4.00000E-06  4.50000E-06  5.00000E-06  5.50000E-06
  6.00000E-06  6.50000E-06  7.00000E-06  7.50000E-06  8.00000E-06  9.00000E-06
  1.00000E-05  1.10000E-05  1.20000E-05  1.30000E-05  1.40000E-05  1.50000E-05
  1.60000E-05  1.80000E-05  2.00000E-05  2.20000E-05  2.40000E-05  2.60000E-05
  2.80000E-05  3.00000E-05  3.20000E-05  3.60000E-05  4.00000E-05  4.40000E-05
  4.80000E-05  5.20000E-05  5.60000E-05  6.00000E-05  6.40000E-05  7.20000E-05
  8.00000E-05  8.80000E-05  9.60000E-05  1.04000E-04  1.12000E-04  1.20000E-04
  1.28000E-04  1.44000E-04  1.60000E-04  1.76000E-04  1.92000E-04  2.08000E-04
  2.24000E-04  2.40000E-04  2.56000E-04  2.88000E-04  3.20000E-04  3.52000E-04
  3.84000E-04  4.16000E-04  4.48000E-04  4.80000E-04  5.12000E-04  5.76000E-04
  6.40000E-04  7.04000E-04  7.68000E-04  8.32000E-04  8.96000E-04  9.60000E-04
  1.02400E-03  1.15200E-03  1.28000E-03  1.40800E-03  1.53600E-03  1.66400E-03
  1.79200E-03  1.92000E-03  2.01600E-03  2.27200E-03  2.52800E-03  2.78400E-03
  3.04000E-03  3.29600E-03  3.55200E-03  3.80800E-03  4.06400E-03  4.57600E-03
  5.08800E-03  5.60000E-03  6.11200E-03  6.62400E-03  7.13600E-03  7.64800E-03
  8.16000E-03  9.18400E-03  1.02080E-02  1.12320E-02  1.22560E-02  1.32800E-02
  1.43040E-02  1.53280E-02  1.63520E-02  1.84000E-02  2.04480E-02  2.24960E-02
  2.45440E-02  2.65920E-02  2.86400E-02  3.06880E-02  3.27360E-02  3.68320E-02
  4.09280E-02  4.50240E-02  4.91200E-02  5.32160E-02  5.73120E-02  6.14080E-02
  6.55040E-02  7.36960E-02  8.18880E-02  9.00800E-02  9.82720E-02  1.06464E-01
  1.14656E-01  1.22848E-01  1.31040E-01  1.47424E-01  1.63808E-01  1.80192E-01
  1.96576E-01  2.12960E-01  2.29344E-01  2.45728E-01  2.62112E-01  2.94880E-01
  3.27648E-01  3.60416E-01  3.93184E-01  4.25952E-01  4.58720E-01  4.91488E-01
  5.24256E-01  5.89792E-01  6.55328E-01  7.20864E-01  7.86400E-01  8.51936E-01
  9.17472E-01  9.83008E-01  1.04854E+00  1.17962E+00  1.31069E+00  1.44176E+00
  1.57283E+00  1.70390E+00  1.83498E+00  1.96605E+00  2.09712E+00  2.35926E+00
  2.62141E+00  2.88355E+00  3.14570E+00  3.40784E+00  3.66998E+00  3.93213E+00
  4.19427E+00  4.71856E+00  5.24285E+00  5.76714E+00  6.29142E+00  6.81571E+00
  7.34000E+00  7.86429E+00
  9.98147E-01  9.93644E-01  9.92227E-01  9.93914E-01  9.91722E-01  9.91961E-01
  9.94416E-01  9.86822E-01  9.91277E-01  9.88239E-01  9.89405E-01  9.89669E-01
  9.88499E-01  9.88323E-01  9.90383E-01  9.89088E-01  9.90007E-01  9.91098E-01
  9.89377E-01  9.91914E-01  9.91371E-01  9.88236E-01  9.87875E-01  9.88342E-01
  9.89524E-01  9.87229E-01  9.86464E-01  9.87270E-01  9.86947E-01  9.85539E-01
  9.85589E-01  9.84830E-01  9.85815E-01  9.84473E-01  9.83708E-01  9.83978E-01
  9.82711E-01  9.81052E-01  9.81181E-01  9.80340E-01  9.79071E-01  9.78503E-01
  9.78826E-01  9.77368E-01  9.76108E-01  9.74728E-01  9.72759E-01  9.71175E-01
  9.69081E-01  9.66441E-01  9.65619E-01  9.63318E-01  9.62064E-01  9.58721E-01
  9.55062E-01  9.51419E-01  9.47424E-01  9.43423E-01  9.40617E-01  9.37146E-01
  9.33549E-01  9.26771E-01  9.19703E-01  9.12639E-01  9.05249E-01  8.99056E-01
  8.92340E-01  8.85395E-01  8.78622E-01  8.65807E-01  8.52767E-01  8.39848E-01
  8.27529E-01  8.14664E-01  8.02586E-01  7.90712E-01  7.78860E-01  7.55899E-01
  7.33392E-01  7.11839E-01  6.90966E-01  6.70767E-01  6.51170E-01  6.32012E-01
  6.13425E-01  5.78668E-01  5.46143E-01  5.16102E-01  4.88363E-01  4.62351E-01
  4.37693E-01  4.14550E-01  3.98534E-01  3.58387E-01  3.23480E-01  2.92566E-01
  2.64909E-01  2.40644E-01  2.19174E-01  2.00077E-01  1.83150E-01  1.52143E-01
  1.26338E-01  1.06262E-01  9.04129E-02  7.77474E-02  6.76138E-02  5.94788E-02
  5.27735E-02  3.98170E-02  2.94828E-02  2.13879E-02  1.81677E-02  1.64351E-02
  1.66082E-02  1.73164E-02  1.70870E-02  1.30096E-02  9.14445E-03  5.31209E-03
  6.23691E-03  8.91035E-03  7.09713E-03  3.03620E-03  6.29350E-03  1.51706E-02
  1.42965E-02  1.09952E-02  3.87127E-03 -9.91697E-04 -1.64962E-03  5.11333E-03
  2.68632E-03  8.59887E-04  3.53248E-03  1.77513E-03  3.13081E-03  3.81339E-03
  2.95317E-03  2.49465E-03 -1.74029E-03 -6.72391E-03 -3.09513E-03 -1.64163E-03
  2.69244E-03  5.30604E-04  5.98011E-03  2.07198E-03 -3.52204E-04  5.75902E-03
  2.00209E-03  2.07626E-03 -4.36326E-03 -1.31106E-03 -3.67505E-03  1.55632E-03
 -6.03648E-06 -1.24645E-03  4.84217E-03 -8.26447E-04 -2.39571E-03 -5.95769E-04
 -3.43879E-03 -7.65220E-04 -1.95734E-04 -8.92221E-04 -9.41871E-05 -3.13147E-03
 -1.82025E-03 -1.63420E-04 -2.97016E-03 -2.43034E-03 -1.20325E-03  2.73505E-03
  1.77020E-03  1.69189E-03  2.53549E-03 -6.69256E-04 -1.03341E-03 -2.59936E-03
 -6.31780E-04 -1.48559E-03  8.12347E-04  1.81780E-04  1.92042E-04 -1.44501E-03
  3.12017E-04  3.06608E-04
