AutoSaveFileName0244.ASC
 IFORMY    0    .00
 (6E13.7)
 IFORMT    0    .00
 (6E13.7)
 IFORMW    0    .00
 (6E13.7)
 NINTT     0   -1.00
 DOUSNQ    0    1.00
 IQUAD          1.00
 PRWT      0    1.00
 PRY       0    1.00
 IPLRES    1    3.00
 IPLRES    2    3.00
 IPRINT    1    0.00
 IPRINT    2    2.00
 IPLFIT    1    0.00
 IPLFIT    2    0.00
 LINEPG    0   50.
 NONNEG    1    1.00
 IWT       0    5.00
 NQPROG    1    5.00
 NQPROG    2    5.00
 GMNMX     1    8.040E-06
 GMNMX     2    2.412E-03
 RUSER    10    -1.00
 NG        0    200.00
 NLINF     0    0.00
 IUSER    10    4.00
 RUSER    21    1.0
 RUSER    22   -1.0
 RUSER    23    0.0
 RUSER    18         292.12388
 RUSER    17         134.99900
 RUSER    19         0.00103
 RUSER    15         1.33200
 RUSER    16         0.00000
 RUSER    25         1
 RUSER    26         0
 END       0    0.00
 NY      131
  3.75000E-07  5.00000E-07  6.25000E-07  7.50000E-07  8.75000E-07  1.00000E-06
  1.12500E-06  1.25000E-06  1.37500E-06  1.50000E-06  1.62500E-06  1.75000E-06
  1.87500E-06  2.00000E-06  2.25000E-06  2.50000E-06  2.75000E-06  3.00000E-06
  3.25000E-06  3.50000E-06  3.75000E-06  4.00000E-06  4.50000E-06  5.00000E-06
  5.50000E-06  6.00000E-06  6.50000E-06  7.00000E-06  7.50000E-06  8.00000E-06
  9.00000E-06  1.00000E-05  1.10000E-05  1.20000E-05  1.30000E-05  1.40000E-05
  1.50000E-05  1.60000E-05  1.80000E-05  2.00000E-05  2.20000E-05  2.40000E-05
  2.60000E-05  2.80000E-05  3.00000E-05  3.20000E-05  3.60000E-05  4.00000E-05
  4.40000E-05  4.80000E-05  5.20000E-05  5.60000E-05  6.00000E-05  6.40000E-05
  7.20000E-05  8.00000E-05  8.80000E-05  9.60000E-05  1.04000E-04  1.12000E-04
  1.20000E-04  1.28000E-04  1.44000E-04  1.60000E-04  1.76000E-04  1.92000E-04
  2.08000E-04  2.24000E-04  2.40000E-04  2.56000E-04  2.88000E-04  3.20000E-04
  3.52000E-04  3.84000E-04  4.16000E-04  4.48000E-04  4.80000E-04  5.12000E-04
  5.76000E-04  6.40000E-04  7.04000E-04  7.68000E-04  8.32000E-04  8.96000E-04
  9.60000E-04  1.02400E-03  1.15200E-03  1.28000E-03  1.40800E-03  1.53600E-03
  1.66400E-03  1.79200E-03  1.92000E-03  2.01600E-03  2.27200E-03  2.52800E-03
  2.78400E-03  3.04000E-03  3.29600E-03  3.55200E-03  3.80800E-03  4.06400E-03
  4.57600E-03  5.08800E-03  5.60000E-03  6.11200E-03  6.62400E-03  7.13600E-03
  7.64800E-03  8.16000E-03  9.18400E-03  1.02080E-02  1.12320E-02  1.22560E-02
  1.32800E-02  1.43040E-02  1.53280E-02  1.63520E-02  1.84000E-02  2.04480E-02
  2.24960E-02  2.45440E-02  2.65920E-02  2.86400E-02  3.06880E-02  3.27360E-02
  3.68320E-02  4.09280E-02  4.50240E-02  4.91200E-02  5.32160E-02
  5.22512E+00  5.20760E+00  5.19299E+00  5.19342E+00  5.19093E+00  5.17305E+00
  5.18154E+00  5.15434E+00  5.17140E+00  5.16727E+00  5.16777E+00  5.15892E+00
  5.14857E+00  5.15009E+00  5.14533E+00  5.13717E+00  5.12250E+00  5.11783E+00
  5.12235E+00  5.10820E+00  5.09947E+00  5.09813E+00  5.08411E+00  5.07835E+00
  5.06364E+00  5.05423E+00  5.04179E+00  5.02768E+00  5.01250E+00  5.00649E+00
  4.98305E+00  4.95849E+00  4.93802E+00  4.91419E+00  4.89264E+00  4.86876E+00
  4.85032E+00  4.82474E+00  4.77929E+00  4.73818E+00  4.69434E+00  4.65093E+00
  4.60912E+00  4.56756E+00  4.52739E+00  4.48647E+00  4.40393E+00  4.32752E+00
  4.24946E+00  4.17383E+00  4.10006E+00  4.03031E+00  3.96291E+00  3.89451E+00
  3.76397E+00  3.63710E+00  3.51765E+00  3.40257E+00  3.29365E+00  3.18826E+00
  3.09142E+00  2.99789E+00  2.81976E+00  2.65997E+00  2.51243E+00  2.37920E+00
  2.25678E+00  2.14673E+00  2.04634E+00  1.95668E+00  1.79457E+00  1.66017E+00
  1.54753E+00  1.45329E+00  1.37794E+00  1.31432E+00  1.26371E+00  1.22328E+00
  1.15813E+00  1.11224E+00  1.07795E+00  1.05433E+00  1.03728E+00  1.02867E+00
  1.02255E+00  1.01590E+00  1.00750E+00  1.00461E+00  1.00149E+00  9.99564E-01
  1.00015E+00  1.00010E+00  1.00219E+00  1.00196E+00  1.00626E+00  1.00563E+00
  1.00400E+00  1.00237E+00  9.95180E-01  9.91864E-01  9.96139E-01  9.94748E-01
  9.89536E-01  9.95943E-01  9.97507E-01  9.99099E-01  9.98945E-01  9.99105E-01
  9.92762E-01  9.94978E-01  1.00370E+00  1.00385E+00  9.99699E-01  1.00066E+00
  1.00590E+00  1.00596E+00  1.00451E+00  1.00066E+00  9.95877E-01  1.00107E+00
  9.99347E-01  9.97443E-01  1.00053E+00  9.97991E-01  1.00126E+00  1.00021E+00
  1.00184E+00  9.93612E-01  9.99863E-01  1.00329E+00  1.00095E+00
