AutoSaveFileName0054.ASC
 IFORMY    0    .00
 (6E13.7)
 IFORMT    0    .00
 (6E13.7)
 IFORMW    0    .00
 (6E13.7)
 NINTT     0   -1.00
 DOUSNQ    0    1.00
 IQUAD          1.00
 PRWT      0    1.00
 PRY       0    1.00
 IPLRES    1    3.00
 IPLRES    2    3.00
 IPRINT    1    0.00
 IPRINT    2    2.00
 IPLFIT    1    0.00
 IPLFIT    2    0.00
 LINEPG    0   50.
 NONNEG    1    1.00
 IWT       0    5.00
 NQPROG    1    5.00
 NQPROG    2    5.00
 GMNMX     1    5.858E-05
 GMNMX     2    5.858E-02
 RUSER    10    -1.00
 NG        0    200.00
 NLINF     0    0.00
 IUSER    10    4.00
 RUSER    21    1.0
 RUSER    22   -1.0
 RUSER    23    0.0
 RUSER    18         292.17628
 RUSER    17         39.99800
 RUSER    19         1.02601
 RUSER    15         1.33200
 RUSER    16         632.80000
 RUSER    25         1
 RUSER    26         0
 END       0    0.00
 NY      188
  5.00000E-07  6.25000E-07  7.50000E-07  8.75000E-07  1.00000E-06  1.12500E-06
  1.25000E-06  1.37500E-06  1.50000E-06  1.62500E-06  1.75000E-06  1.87500E-06
  2.00000E-06  2.25000E-06  2.50000E-06  2.75000E-06  3.00000E-06  3.25000E-06
  3.50000E-06  3.75000E-06  4.00000E-06  4.50000E-06  5.00000E-06  5.50000E-06
  6.00000E-06  6.50000E-06  7.00000E-06  7.50000E-06  8.00000E-06  9.00000E-06
  1.00000E-05  1.10000E-05  1.20000E-05  1.30000E-05  1.40000E-05  1.50000E-05
  1.60000E-05  1.80000E-05  2.00000E-05  2.20000E-05  2.40000E-05  2.60000E-05
  2.80000E-05  3.00000E-05  3.20000E-05  3.60000E-05  4.00000E-05  4.40000E-05
  4.80000E-05  5.20000E-05  5.60000E-05  6.00000E-05  6.40000E-05  7.20000E-05
  8.00000E-05  8.80000E-05  9.60000E-05  1.04000E-04  1.12000E-04  1.20000E-04
  1.28000E-04  1.44000E-04  1.60000E-04  1.76000E-04  1.92000E-04  2.08000E-04
  2.24000E-04  2.40000E-04  2.56000E-04  2.88000E-04  3.20000E-04  3.52000E-04
  3.84000E-04  4.16000E-04  4.48000E-04  4.80000E-04  5.12000E-04  5.76000E-04
  6.40000E-04  7.04000E-04  7.68000E-04  8.32000E-04  8.96000E-04  9.60000E-04
  1.02400E-03  1.15200E-03  1.28000E-03  1.40800E-03  1.53600E-03  1.66400E-03
  1.79200E-03  1.92000E-03  2.01600E-03  2.27200E-03  2.52800E-03  2.78400E-03
  3.04000E-03  3.29600E-03  3.55200E-03  3.80800E-03  4.06400E-03  4.57600E-03
  5.08800E-03  5.60000E-03  6.11200E-03  6.62400E-03  7.13600E-03  7.64800E-03
  8.16000E-03  9.18400E-03  1.02080E-02  1.12320E-02  1.22560E-02  1.32800E-02
  1.43040E-02  1.53280E-02  1.63520E-02  1.84000E-02  2.04480E-02  2.24960E-02
  2.45440E-02  2.65920E-02  2.86400E-02  3.06880E-02  3.27360E-02  3.68320E-02
  4.09280E-02  4.50240E-02  4.91200E-02  5.32160E-02  5.73120E-02  6.14080E-02
  6.55040E-02  7.36960E-02  8.18880E-02  9.00800E-02  9.82720E-02  1.06464E-01
  1.14656E-01  1.22848E-01  1.31040E-01  1.47424E-01  1.63808E-01  1.80192E-01
  1.96576E-01  2.12960E-01  2.29344E-01  2.45728E-01  2.62112E-01  2.94880E-01
  3.27648E-01  3.60416E-01  3.93184E-01  4.25952E-01  4.58720E-01  4.91488E-01
  5.24256E-01  5.89792E-01  6.55328E-01  7.20864E-01  7.86400E-01  8.51936E-01
  9.17472E-01  9.83008E-01  1.04854E+00  1.17962E+00  1.31069E+00  1.44176E+00
  1.57283E+00  1.70390E+00  1.83498E+00  1.96605E+00  2.09712E+00  2.35926E+00
  2.62141E+00  2.88355E+00  3.14570E+00  3.40784E+00  3.66998E+00  3.93213E+00
  4.19427E+00  4.71856E+00  5.24285E+00  5.76714E+00  6.29142E+00  6.81571E+00
  7.34000E+00  7.86429E+00
  9.97239E-01  9.99688E-01  9.91048E-01  9.94968E-01  9.93666E-01  9.89658E-01
  9.89665E-01  9.91507E-01  9.90896E-01  9.89369E-01  9.89376E-01  9.90352E-01
  9.91711E-01  9.90855E-01  9.88944E-01  9.90662E-01  9.89300E-01  9.88227E-01
  9.89353E-01  9.88613E-01  9.89463E-01  9.90602E-01  9.90531E-01  9.90136E-01
  9.90444E-01  9.90393E-01  9.90637E-01  9.89481E-01  9.89915E-01  9.90862E-01
  9.89128E-01  9.90437E-01  9.89831E-01  9.88448E-01  9.88900E-01  9.89537E-01
  9.89785E-01  9.89066E-01  9.89318E-01  9.89396E-01  9.89050E-01  9.88769E-01
  9.88689E-01  9.89410E-01  9.88809E-01  9.88466E-01  9.88710E-01  9.88285E-01
  9.88248E-01  9.87897E-01  9.87635E-01  9.87635E-01  9.87130E-01  9.87394E-01
  9.86546E-01  9.86039E-01  9.85970E-01  9.85194E-01  9.84640E-01  9.84601E-01
  9.84332E-01  9.83478E-01  9.82704E-01  9.82063E-01  9.81094E-01  9.80339E-01
  9.79526E-01  9.78701E-01  9.77952E-01  9.76267E-01  9.74870E-01  9.73226E-01
  9.71513E-01  9.70236E-01  9.68582E-01  9.67059E-01  9.65420E-01  9.62248E-01
  9.59235E-01  9.56256E-01  9.53068E-01  9.50115E-01  9.46886E-01  9.43886E-01
  9.38234E-01  9.32215E-01  9.26414E-01  9.20493E-01  9.14643E-01  9.08856E-01
  9.03094E-01  8.97366E-01  8.92844E-01  8.81728E-01  8.70654E-01  8.59680E-01
  8.48799E-01  8.38131E-01  8.27502E-01  8.17053E-01  8.06968E-01  7.86810E-01
  7.67312E-01  7.48415E-01  7.30026E-01  7.11945E-01  6.94291E-01  6.77052E-01
  6.60496E-01  6.28361E-01  5.98098E-01  5.69230E-01  5.41829E-01  5.15831E-01
  4.90983E-01  4.67696E-01  4.46580E-01  4.07216E-01  3.72498E-01  3.41064E-01
  3.12264E-01  2.85869E-01  2.61531E-01  2.39125E-01  2.19563E-01  1.85045E-01
  1.55404E-01  1.31248E-01  1.11508E-01  9.49306E-02  7.92341E-02  6.36200E-02
  4.92371E-02  2.71705E-02  1.30188E-02  3.39599E-03 -9.44295E-04 -3.68504E-03
 -4.11458E-03 -1.14070E-03  2.38425E-03 -1.05795E-02 -1.46661E-02 -8.36854E-03
 -9.46553E-03 -1.24202E-02 -1.12025E-02 -8.97986E-03 -4.90970E-03 -2.20573E-03
 -4.86183E-03 -1.34345E-02 -4.32922E-03  1.78155E-02  1.52992E-02  5.51155E-03
  1.31624E-02  3.61348E-02  1.08465E-02  4.35435E-04 -1.50255E-02 -1.56393E-02
 -3.70566E-02 -1.37005E-02 -1.44761E-02  1.51938E-02 -2.62030E-03 -3.35331E-03
  1.18419E-02  3.49010E-03  6.37796E-03 -2.40908E-02  1.17286E-03 -2.20135E-03
 -1.73253E-04 -5.21228E-04 -1.28289E-02  1.17276E-02 -4.09494E-03  5.62919E-03
  2.57698E-02 -4.25642E-03 -1.39100E-02 -2.04512E-03  7.97216E-03 -5.25823E-03
 -8.29762E-03 -1.98293E-03
