AutoSaveFileName0400.ASC
 IFORMY    0    .00
 (6E13.7)
 IFORMT    0    .00
 (6E13.7)
 IFORMW    0    .00
 (6E13.7)
 NINTT     0   -1.00
 DOUSNQ    0    1.00
 IQUAD          1.00
 PRWT      0    1.00
 PRY       0    1.00
 IPLRES    1    3.00
 IPLRES    2    3.00
 IPRINT    1    0.00
 IPRINT    2    2.00
 IPLFIT    1    0.00
 IPLFIT    2    0.00
 LINEPG    0   50.
 NONNEG    1    1.00
 IWT       0    5.00
 NQPROG    1    5.00
 NQPROG    2    5.00
 GMNMX     1    7.382E-06
 GMNMX     2    7.382E-03
 RUSER    10    -1.00
 NG        0    200.00
 NLINF     0    0.00
 IUSER    10    4.00
 RUSER    21    1.0
 RUSER    22   -1.0
 RUSER    23    0.0
 RUSER    18         292.33788
 RUSER    17         147.99900
 RUSER    19         1.02193
 RUSER    15         1.33200
 RUSER    16         632.80000
 RUSER    25         1
 RUSER    26         0
 END       0    0.00
 NY      131
  3.75000E-07  5.00000E-07  6.25000E-07  7.50000E-07  8.75000E-07  1.00000E-06
  1.12500E-06  1.25000E-06  1.37500E-06  1.50000E-06  1.62500E-06  1.75000E-06
  1.87500E-06  2.00000E-06  2.25000E-06  2.50000E-06  2.75000E-06  3.00000E-06
  3.25000E-06  3.50000E-06  3.75000E-06  4.00000E-06  4.50000E-06  5.00000E-06
  5.50000E-06  6.00000E-06  6.50000E-06  7.00000E-06  7.50000E-06  8.00000E-06
  9.00000E-06  1.00000E-05  1.10000E-05  1.20000E-05  1.30000E-05  1.40000E-05
  1.50000E-05  1.60000E-05  1.80000E-05  2.00000E-05  2.20000E-05  2.40000E-05
  2.60000E-05  2.80000E-05  3.00000E-05  3.20000E-05  3.60000E-05  4.00000E-05
  4.40000E-05  4.80000E-05  5.20000E-05  5.60000E-05  6.00000E-05  6.40000E-05
  7.20000E-05  8.00000E-05  8.80000E-05  9.60000E-05  1.04000E-04  1.12000E-04
  1.20000E-04  1.28000E-04  1.44000E-04  1.60000E-04  1.76000E-04  1.92000E-04
  2.08000E-04  2.24000E-04  2.40000E-04  2.56000E-04  2.88000E-04  3.20000E-04
  3.52000E-04  3.84000E-04  4.16000E-04  4.48000E-04  4.80000E-04  5.12000E-04
  5.76000E-04  6.40000E-04  7.04000E-04  7.68000E-04  8.32000E-04  8.96000E-04
  9.60000E-04  1.02400E-03  1.15200E-03  1.28000E-03  1.40800E-03  1.53600E-03
  1.66400E-03  1.79200E-03  1.92000E-03  2.01600E-03  2.27200E-03  2.52800E-03
  2.78400E-03  3.04000E-03  3.29600E-03  3.55200E-03  3.80800E-03  4.06400E-03
  4.57600E-03  5.08800E-03  5.60000E-03  6.11200E-03  6.62400E-03  7.13600E-03
  7.64800E-03  8.16000E-03  9.18400E-03  1.02080E-02  1.12320E-02  1.22560E-02
  1.32800E-02  1.43040E-02  1.53280E-02  1.63520E-02  1.84000E-02  2.04480E-02
  2.24960E-02  2.45440E-02  2.65920E-02  2.86400E-02  3.06880E-02  3.27360E-02
  3.68320E-02  4.09280E-02  4.50240E-02  4.91200E-02  5.32160E-02
  1.38564E+00  1.37944E+00  1.37736E+00  1.38075E+00  1.37530E+00  1.37593E+00
  1.37462E+00  1.36913E+00  1.37640E+00  1.37453E+00  1.37451E+00  1.37288E+00
  1.37370E+00  1.37607E+00  1.37328E+00  1.37052E+00  1.36910E+00  1.37082E+00
  1.37110E+00  1.37261E+00  1.37444E+00  1.37350E+00  1.37187E+00  1.36842E+00
  1.36775E+00  1.36800E+00  1.36725E+00  1.36701E+00  1.36745E+00  1.36638E+00
  1.36521E+00  1.36489E+00  1.36499E+00  1.36347E+00  1.36204E+00  1.36206E+00
  1.35981E+00  1.35999E+00  1.35797E+00  1.35673E+00  1.35423E+00  1.35619E+00
  1.35193E+00  1.35086E+00  1.34851E+00  1.34729E+00  1.34472E+00  1.34161E+00
  1.33713E+00  1.33415E+00  1.33080E+00  1.32759E+00  1.32528E+00  1.32197E+00
  1.31464E+00  1.30897E+00  1.30305E+00  1.29656E+00  1.28982E+00  1.28386E+00
  1.27815E+00  1.27156E+00  1.25958E+00  1.24740E+00  1.23548E+00  1.22397E+00
  1.21218E+00  1.20090E+00  1.18914E+00  1.17844E+00  1.15677E+00  1.13500E+00
  1.11435E+00  1.09449E+00  1.07438E+00  1.05494E+00  1.03590E+00  1.01817E+00
  9.82693E-01  9.49074E-01  9.16825E-01  8.86427E-01  8.57410E-01  8.29606E-01
  8.03103E-01  7.77642E-01  7.29537E-01  6.85524E-01  6.44848E-01  6.07717E-01
  5.74011E-01  5.42794E-01  5.13567E-01  4.94987E-01  4.47386E-01  4.06972E-01
  3.72993E-01  3.43574E-01  3.16839E-01  2.93132E-01  2.71311E-01  2.54215E-01
  2.24329E-01  2.01120E-01  1.83723E-01  1.70022E-01  1.58164E-01  1.48858E-01
  1.41242E-01  1.34753E-01  1.22271E-01  1.08329E-01  9.43686E-02  8.01275E-02
  7.08983E-02  6.66217E-02  6.69499E-02  6.38937E-02  6.01321E-02  5.26931E-02
  4.40239E-02  3.05727E-02  3.50915E-02  3.09447E-02  2.85451E-02  2.04773E-02
 -8.47023E-03 -1.90103E-02 -6.15986E-04 -3.77491E-03 -7.00035E-03
