AutoSaveFileName0084.ASC
 IFORMY    0    .00
 (6E13.7)
 IFORMT    0    .00
 (6E13.7)
 IFORMW    0    .00
 (6E13.7)
 NINTT     0   -1.00
 DOUSNQ    0    1.00
 IQUAD          1.00
 PRWT      0    1.00
 PRY       0    1.00
 IPLRES    1    3.00
 IPLRES    2    3.00
 IPRINT    1    0.00
 IPRINT    2    2.00
 IPLFIT    1    0.00
 IPLFIT    2    0.00
 LINEPG    0   50.
 NONNEG    1    1.00
 IWT       0    5.00
 NQPROG    1    5.00
 NQPROG    2    5.00
 GMNMX     1    5.145E-05
 GMNMX     2    5.145E-02
 RUSER    10    -1.00
 NG        0    200.00
 NLINF     0    0.00
 IUSER    10    4.00
 RUSER    21    1.0
 RUSER    22   -1.0
 RUSER    23    0.0
 RUSER    18         291.87573
 RUSER    17         42.99900
 RUSER    19         1.03368
 RUSER    15         1.33200
 RUSER    16         632.80000
 RUSER    25         1
 RUSER    26         0
 END       0    0.00
 NY      131
  3.75000E-07  5.00000E-07  6.25000E-07  7.50000E-07  8.75000E-07  1.00000E-06
  1.12500E-06  1.25000E-06  1.37500E-06  1.50000E-06  1.62500E-06  1.75000E-06
  1.87500E-06  2.00000E-06  2.25000E-06  2.50000E-06  2.75000E-06  3.00000E-06
  3.25000E-06  3.50000E-06  3.75000E-06  4.00000E-06  4.50000E-06  5.00000E-06
  5.50000E-06  6.00000E-06  6.50000E-06  7.00000E-06  7.50000E-06  8.00000E-06
  9.00000E-06  1.00000E-05  1.10000E-05  1.20000E-05  1.30000E-05  1.40000E-05
  1.50000E-05  1.60000E-05  1.80000E-05  2.00000E-05  2.20000E-05  2.40000E-05
  2.60000E-05  2.80000E-05  3.00000E-05  3.20000E-05  3.60000E-05  4.00000E-05
  4.40000E-05  4.80000E-05  5.20000E-05  5.60000E-05  6.00000E-05  6.40000E-05
  7.20000E-05  8.00000E-05  8.80000E-05  9.60000E-05  1.04000E-04  1.12000E-04
  1.20000E-04  1.28000E-04  1.44000E-04  1.60000E-04  1.76000E-04  1.92000E-04
  2.08000E-04  2.24000E-04  2.40000E-04  2.56000E-04  2.88000E-04  3.20000E-04
  3.52000E-04  3.84000E-04  4.16000E-04  4.48000E-04  4.80000E-04  5.12000E-04
  5.76000E-04  6.40000E-04  7.04000E-04  7.68000E-04  8.32000E-04  8.96000E-04
  9.60000E-04  1.02400E-03  1.15200E-03  1.28000E-03  1.40800E-03  1.53600E-03
  1.66400E-03  1.79200E-03  1.92000E-03  2.01600E-03  2.27200E-03  2.52800E-03
  2.78400E-03  3.04000E-03  3.29600E-03  3.55200E-03  3.80800E-03  4.06400E-03
  4.57600E-03  5.08800E-03  5.60000E-03  6.11200E-03  6.62400E-03  7.13600E-03
  7.64800E-03  8.16000E-03  9.18400E-03  1.02080E-02  1.12320E-02  1.22560E-02
  1.32800E-02  1.43040E-02  1.53280E-02  1.63520E-02  1.84000E-02  2.04480E-02
  2.24960E-02  2.45440E-02  2.65920E-02  2.86400E-02  3.06880E-02  3.27360E-02
  3.68320E-02  4.09280E-02  4.50240E-02  4.91200E-02  5.32160E-02
  8.47658E-01  8.49158E-01  8.50712E-01  8.50799E-01  8.48072E-01  8.51838E-01
  8.44797E-01  8.43565E-01  8.47670E-01  8.44785E-01  8.45877E-01  8.50723E-01
  8.40780E-01  8.41072E-01  8.46593E-01  8.42380E-01  8.43305E-01  8.45507E-01
  8.43011E-01  8.48513E-01  8.51935E-01  8.48712E-01  8.44252E-01  8.43717E-01
  8.42947E-01  8.43588E-01  8.42142E-01  8.44153E-01  8.47024E-01  8.45018E-01
  8.43630E-01  8.43838E-01  8.43459E-01  8.44519E-01  8.43927E-01  8.43336E-01
  8.44757E-01  8.44679E-01  8.43079E-01  8.43611E-01  8.43160E-01  8.43129E-01
  8.43928E-01  8.42187E-01  8.41980E-01  8.41260E-01  8.41232E-01  8.40123E-01
  8.41526E-01  8.40155E-01  8.38398E-01  8.39727E-01  8.38250E-01  8.37862E-01
  8.37006E-01  8.36529E-01  8.35721E-01  8.34639E-01  8.33734E-01  8.31861E-01
  8.31863E-01  8.31438E-01  8.29252E-01  8.27349E-01  8.25453E-01  8.23236E-01
  8.21446E-01  8.19699E-01  8.18020E-01  8.15733E-01  8.12119E-01  8.08350E-01
  8.04602E-01  8.00894E-01  7.97071E-01  7.93743E-01  7.90199E-01  7.86469E-01
  7.79217E-01  7.72210E-01  7.64981E-01  7.58561E-01  7.51840E-01  7.45211E-01
  7.38514E-01  7.31657E-01  7.19017E-01  7.06493E-01  6.94194E-01  6.82282E-01
  6.70519E-01  6.59234E-01  6.48018E-01  6.41061E-01  6.19126E-01  5.98022E-01
  5.77616E-01  5.58400E-01  5.39893E-01  5.21913E-01  5.04209E-01  4.87542E-01
  4.55004E-01  4.24582E-01  3.95913E-01  3.69226E-01  3.45330E-01  3.22322E-01
  3.01390E-01  2.82979E-01  2.48840E-01  2.18460E-01  1.90834E-01  1.65146E-01
  1.42302E-01  1.20426E-01  1.00937E-01  8.46339E-02  5.86787E-02  3.96078E-02
  2.47028E-02  1.19001E-02  4.40421E-03  1.24879E-03 -2.47523E-03 -7.45464E-03
 -1.04405E-02 -3.17910E-03 -3.27329E-03 -3.83737E-03 -6.68782E-03
