AutoSaveFileName0045.ASC
 IFORMY    0    .00
 (6E13.7)
 IFORMT    0    .00
 (6E13.7)
 IFORMW    0    .00
 (6E13.7)
 NINTT     0   -1.00
 DOUSNQ    0    1.00
 IQUAD          1.00
 PRWT      0    1.00
 PRY       0    1.00
 IPLRES    1    3.00
 IPLRES    2    3.00
 IPRINT    1    0.00
 IPRINT    2    2.00
 IPLFIT    1    0.00
 IPLFIT    2    0.00
 LINEPG    0   50.
 NONNEG    1    1.00
 IWT       0    5.00
 NQPROG    1    5.00
 NQPROG    2    5.00
 GMNMX     1    7.580E-05
 GMNMX     2    7.580E-02
 RUSER    10    -1.00
 NG        0    200.00
 NLINF     0    0.00
 IUSER    10    4.00
 RUSER    21    1.0
 RUSER    22   -1.0
 RUSER    23    0.0
 RUSER    18         292.17188
 RUSER    17         34.99800
 RUSER    19         1.02612
 RUSER    15         1.33200
 RUSER    16         632.80000
 RUSER    25         1
 RUSER    26         0
 END       0    0.00
 NY      188
  5.00000E-07  6.25000E-07  7.50000E-07  8.75000E-07  1.00000E-06  1.12500E-06
  1.25000E-06  1.37500E-06  1.50000E-06  1.62500E-06  1.75000E-06  1.87500E-06
  2.00000E-06  2.25000E-06  2.50000E-06  2.75000E-06  3.00000E-06  3.25000E-06
  3.50000E-06  3.75000E-06  4.00000E-06  4.50000E-06  5.00000E-06  5.50000E-06
  6.00000E-06  6.50000E-06  7.00000E-06  7.50000E-06  8.00000E-06  9.00000E-06
  1.00000E-05  1.10000E-05  1.20000E-05  1.30000E-05  1.40000E-05  1.50000E-05
  1.60000E-05  1.80000E-05  2.00000E-05  2.20000E-05  2.40000E-05  2.60000E-05
  2.80000E-05  3.00000E-05  3.20000E-05  3.60000E-05  4.00000E-05  4.40000E-05
  4.80000E-05  5.20000E-05  5.60000E-05  6.00000E-05  6.40000E-05  7.20000E-05
  8.00000E-05  8.80000E-05  9.60000E-05  1.04000E-04  1.12000E-04  1.20000E-04
  1.28000E-04  1.44000E-04  1.60000E-04  1.76000E-04  1.92000E-04  2.08000E-04
  2.24000E-04  2.40000E-04  2.56000E-04  2.88000E-04  3.20000E-04  3.52000E-04
  3.84000E-04  4.16000E-04  4.48000E-04  4.80000E-04  5.12000E-04  5.76000E-04
  6.40000E-04  7.04000E-04  7.68000E-04  8.32000E-04  8.96000E-04  9.60000E-04
  1.02400E-03  1.15200E-03  1.28000E-03  1.40800E-03  1.53600E-03  1.66400E-03
  1.79200E-03  1.92000E-03  2.01600E-03  2.27200E-03  2.52800E-03  2.78400E-03
  3.04000E-03  3.29600E-03  3.55200E-03  3.80800E-03  4.06400E-03  4.57600E-03
  5.08800E-03  5.60000E-03  6.11200E-03  6.62400E-03  7.13600E-03  7.64800E-03
  8.16000E-03  9.18400E-03  1.02080E-02  1.12320E-02  1.22560E-02  1.32800E-02
  1.43040E-02  1.53280E-02  1.63520E-02  1.84000E-02  2.04480E-02  2.24960E-02
  2.45440E-02  2.65920E-02  2.86400E-02  3.06880E-02  3.27360E-02  3.68320E-02
  4.09280E-02  4.50240E-02  4.91200E-02  5.32160E-02  5.73120E-02  6.14080E-02
  6.55040E-02  7.36960E-02  8.18880E-02  9.00800E-02  9.82720E-02  1.06464E-01
  1.14656E-01  1.22848E-01  1.31040E-01  1.47424E-01  1.63808E-01  1.80192E-01
  1.96576E-01  2.12960E-01  2.29344E-01  2.45728E-01  2.62112E-01  2.94880E-01
  3.27648E-01  3.60416E-01  3.93184E-01  4.25952E-01  4.58720E-01  4.91488E-01
  5.24256E-01  5.89792E-01  6.55328E-01  7.20864E-01  7.86400E-01  8.51936E-01
  9.17472E-01  9.83008E-01  1.04854E+00  1.17962E+00  1.31069E+00  1.44176E+00
  1.57283E+00  1.70390E+00  1.83498E+00  1.96605E+00  2.09712E+00  2.35926E+00
  2.62141E+00  2.88355E+00  3.14570E+00  3.40784E+00  3.66998E+00  3.93213E+00
  4.19427E+00  4.71856E+00  5.24285E+00  5.76714E+00  6.29142E+00  6.81571E+00
  7.34000E+00  7.86429E+00
  9.93480E-01  9.91645E-01  9.89291E-01  9.93620E-01  9.88978E-01  9.90486E-01
  9.90181E-01  9.88871E-01  9.88885E-01  9.88710E-01  9.90809E-01  9.89167E-01
  9.89348E-01  9.88844E-01  9.88728E-01  9.88895E-01  9.89403E-01  9.89968E-01
  9.88864E-01  9.86995E-01  9.88602E-01  9.87984E-01  9.89395E-01  9.89671E-01
  9.89710E-01  9.88783E-01  9.88806E-01  9.88438E-01  9.88086E-01  9.88869E-01
  9.88834E-01  9.88753E-01  9.89133E-01  9.87921E-01  9.89301E-01  9.87604E-01
  9.88348E-01  9.88580E-01  9.88143E-01  9.87521E-01  9.87749E-01  9.87879E-01
  9.88204E-01  9.87377E-01  9.87881E-01  9.87791E-01  9.88287E-01  9.88039E-01
  9.87253E-01  9.87413E-01  9.87066E-01  9.86899E-01  9.86899E-01  9.86611E-01
  9.86088E-01  9.85905E-01  9.85525E-01  9.85330E-01  9.85023E-01  9.84741E-01
  9.84233E-01  9.83966E-01  9.83296E-01  9.82601E-01  9.81918E-01  9.81597E-01
  9.80558E-01  9.80379E-01  9.79556E-01  9.78207E-01  9.77042E-01  9.75843E-01
  9.74611E-01  9.73465E-01  9.72199E-01  9.71081E-01  9.69534E-01  9.67156E-01
  9.64754E-01  9.62415E-01  9.59939E-01  9.57586E-01  9.55259E-01  9.52846E-01
  9.17106E-01  9.12489E-01  9.07877E-01  9.03176E-01  8.98636E-01  8.94169E-01
  8.89547E-01  8.85208E-01  9.18866E-01  9.09843E-01  9.01109E-01  8.92413E-01
  8.83901E-01  8.75340E-01  8.66928E-01  8.58589E-01  8.50478E-01  8.34133E-01
  8.18390E-01  8.03166E-01  7.88313E-01  7.73698E-01  7.59552E-01  7.45645E-01
  7.32294E-01  7.06013E-01  6.80969E-01  6.56782E-01  6.33740E-01  6.11656E-01
  5.90552E-01  5.70140E-01  5.50867E-01  5.13770E-01  4.79621E-01  4.47389E-01
  4.17133E-01  3.88917E-01  3.62162E-01  3.37024E-01  3.11999E-01  2.70936E-01
  2.36613E-01  2.05714E-01  1.80066E-01  1.60425E-01  1.43199E-01  1.27624E-01
  1.00486E-01  7.56374E-02  5.56129E-02  3.96268E-02  2.75643E-02  2.46346E-02
  2.31330E-02  1.86847E-02  1.25733E-02  7.50053E-04 -1.05496E-02 -2.10523E-02
 -2.93132E-02 -3.04220E-02 -2.31160E-02 -2.02970E-02 -1.16943E-02 -1.79084E-02
 -1.07798E-02 -2.64517E-03 -4.08087E-03 -1.71362E-02 -1.17697E-02 -9.70105E-03
 -7.34361E-03 -1.81820E-02 -1.45360E-02  8.61473E-03 -1.00948E-02 -4.14480E-03
 -2.65639E-03  2.12138E-02  7.65871E-03 -1.39110E-02  1.06724E-02 -2.45015E-02
 -2.20691E-02 -9.36193E-03 -6.37649E-03  8.46429E-04 -1.66252E-02 -1.42709E-02
  1.47002E-02 -1.22072E-02 -1.09507E-02 -1.14420E-02 -2.36976E-04  8.98002E-03
  5.49363E-03 -5.02406E-03  2.47443E-03 -8.13572E-03  6.34376E-03  4.12976E-03
 -6.97251E-03  1.70061E-03
