AutoSaveFileName0252.ASC
 IFORMY    0    .00
 (6E13.7)
 IFORMT    0    .00
 (6E13.7)
 IFORMW    0    .00
 (6E13.7)
 NINTT     0   -1.00
 DOUSNQ    0    1.00
 IQUAD          1.00
 PRWT      0    1.00
 PRY       0    1.00
 IPLRES    1    3.00
 IPLRES    2    3.00
 IPRINT    1    0.00
 IPRINT    2    2.00
 IPLFIT    1    0.00
 IPLFIT    2    0.00
 LINEPG    0   50.
 NONNEG    1    1.00
 IWT       0    5.00
 NQPROG    1    5.00
 NQPROG    2    5.00
 GMNMX     1    7.744E-06
 GMNMX     2    7.744E-03
 RUSER    10    -1.00
 NG        0    200.00
 NLINF     0    0.00
 IUSER    10    4.00
 RUSER    21    1.0
 RUSER    22   -1.0
 RUSER    23    0.0
 RUSER    18         292.24845
 RUSER    17         139.99900
 RUSER    19         1.02418
 RUSER    15         1.33200
 RUSER    16         632.80000
 RUSER    25         1
 RUSER    26         0
 END       0    0.00
 NY      188
  5.00000E-07  6.25000E-07  7.50000E-07  8.75000E-07  1.00000E-06  1.12500E-06
  1.25000E-06  1.37500E-06  1.50000E-06  1.62500E-06  1.75000E-06  1.87500E-06
  2.00000E-06  2.25000E-06  2.50000E-06  2.75000E-06  3.00000E-06  3.25000E-06
  3.50000E-06  3.75000E-06  4.00000E-06  4.50000E-06  5.00000E-06  5.50000E-06
  6.00000E-06  6.50000E-06  7.00000E-06  7.50000E-06  8.00000E-06  9.00000E-06
  1.00000E-05  1.10000E-05  1.20000E-05  1.30000E-05  1.40000E-05  1.50000E-05
  1.60000E-05  1.80000E-05  2.00000E-05  2.20000E-05  2.40000E-05  2.60000E-05
  2.80000E-05  3.00000E-05  3.20000E-05  3.60000E-05  4.00000E-05  4.40000E-05
  4.80000E-05  5.20000E-05  5.60000E-05  6.00000E-05  6.40000E-05  7.20000E-05
  8.00000E-05  8.80000E-05  9.60000E-05  1.04000E-04  1.12000E-04  1.20000E-04
  1.28000E-04  1.44000E-04  1.60000E-04  1.76000E-04  1.92000E-04  2.08000E-04
  2.24000E-04  2.40000E-04  2.56000E-04  2.88000E-04  3.20000E-04  3.52000E-04
  3.84000E-04  4.16000E-04  4.48000E-04  4.80000E-04  5.12000E-04  5.76000E-04
  6.40000E-04  7.04000E-04  7.68000E-04  8.32000E-04  8.96000E-04  9.60000E-04
  1.02400E-03  1.15200E-03  1.28000E-03  1.40800E-03  1.53600E-03  1.66400E-03
  1.79200E-03  1.92000E-03  2.01600E-03  2.27200E-03  2.52800E-03  2.78400E-03
  3.04000E-03  3.29600E-03  3.55200E-03  3.80800E-03  4.06400E-03  4.57600E-03
  5.08800E-03  5.60000E-03  6.11200E-03  6.62400E-03  7.13600E-03  7.64800E-03
  8.16000E-03  9.18400E-03  1.02080E-02  1.12320E-02  1.22560E-02  1.32800E-02
  1.43040E-02  1.53280E-02  1.63520E-02  1.84000E-02  2.04480E-02  2.24960E-02
  2.45440E-02  2.65920E-02  2.86400E-02  3.06880E-02  3.27360E-02  3.68320E-02
  4.09280E-02  4.50240E-02  4.91200E-02  5.32160E-02  5.73120E-02  6.14080E-02
  6.55040E-02  7.36960E-02  8.18880E-02  9.00800E-02  9.82720E-02  1.06464E-01
  1.14656E-01  1.22848E-01  1.31040E-01  1.47424E-01  1.63808E-01  1.80192E-01
  1.96576E-01  2.12960E-01  2.29344E-01  2.45728E-01  2.62112E-01  2.94880E-01
  3.27648E-01  3.60416E-01  3.93184E-01  4.25952E-01  4.58720E-01  4.91488E-01
  5.24256E-01  5.89792E-01  6.55328E-01  7.20864E-01  7.86400E-01  8.51936E-01
  9.17472E-01  9.83008E-01  1.04854E+00  1.17962E+00  1.31069E+00  1.44176E+00
  1.57283E+00  1.70390E+00  1.83498E+00  1.96605E+00  2.09712E+00  2.35926E+00
  2.62141E+00  2.88355E+00  3.14570E+00  3.40784E+00  3.66998E+00  3.93213E+00
  4.19427E+00  4.71856E+00  5.24285E+00  5.76714E+00  6.29142E+00  6.81571E+00
  7.34000E+00  7.86429E+00
  9.95207E-01  9.94206E-01  9.89794E-01  9.93183E-01  9.91789E-01  9.86701E-01
  9.88896E-01  9.88639E-01  9.88455E-01  9.89183E-01  9.89636E-01  9.87432E-01
  9.89024E-01  9.89431E-01  9.88258E-01  9.89598E-01  9.88391E-01  9.89315E-01
  9.86628E-01  9.87064E-01  9.87698E-01  9.88729E-01  9.86816E-01  9.87826E-01
  9.86577E-01  9.87993E-01  9.86752E-01  9.86144E-01  9.86735E-01  9.85926E-01
  9.85130E-01  9.84818E-01  9.84968E-01  9.84754E-01  9.83432E-01  9.82918E-01
  9.82627E-01  9.82255E-01  9.80590E-01  9.79640E-01  9.78750E-01  9.78027E-01
  9.77013E-01  9.76054E-01  9.75306E-01  9.73637E-01  9.72066E-01  9.69905E-01
  9.68036E-01  9.66131E-01  9.64916E-01  9.63448E-01  9.61112E-01  9.57839E-01
  9.53761E-01  9.50573E-01  9.46499E-01  9.42977E-01  9.39469E-01  9.35960E-01
  9.32241E-01  9.25237E-01  9.18219E-01  9.10962E-01  9.04162E-01  8.97414E-01
  8.90615E-01  8.83987E-01  8.77221E-01  8.63948E-01  8.50845E-01  8.38158E-01
  8.25394E-01  8.12835E-01  8.00682E-01  7.88825E-01  7.77199E-01  7.54400E-01
  7.32389E-01  7.11049E-01  6.89970E-01  6.69906E-01  6.50381E-01  6.31531E-01
  6.13213E-01  5.78013E-01  5.45005E-01  5.13601E-01  4.84183E-01  4.56266E-01
  4.30198E-01  4.05734E-01  3.89714E-01  3.47989E-01  3.11158E-01  2.78614E-01
  2.49803E-01  2.24296E-01  2.00641E-01  1.79539E-01  1.61813E-01  1.30394E-01
  1.05003E-01  8.47503E-02  6.79345E-02  5.37371E-02  4.24919E-02  3.41654E-02
  2.87048E-02  2.13742E-02  1.67633E-02  1.16967E-02  7.69407E-03  5.09758E-03
  5.49387E-03  7.00826E-03  6.81262E-03  4.50511E-03  3.91796E-03  2.87385E-03
 -1.56086E-03 -7.97721E-03 -3.69056E-03 -9.56101E-04  3.85279E-03  8.07007E-03
  7.17010E-03 -2.61873E-03 -1.47072E-03 -8.11893E-03 -1.10327E-02 -3.21374E-03
 -1.76291E-03 -6.40064E-04 -4.56322E-03 -3.55059E-03  7.66415E-03  5.14440E-03
 -4.80601E-03 -6.43491E-03 -1.10471E-03 -1.75368E-03 -2.65341E-03  1.10163E-03
 -6.72058E-03  2.43406E-03 -3.48696E-03  2.88203E-03 -1.41825E-04  4.26634E-05
  7.17018E-04  6.80817E-05  5.28158E-04  4.91012E-04 -3.26633E-04  5.20785E-04
  3.34418E-03  1.71576E-03 -1.26313E-03  2.04810E-03  1.39638E-03 -4.55872E-04
  5.49031E-04 -3.74494E-03 -1.69245E-03 -5.17058E-04 -2.25243E-03 -8.63738E-04
 -2.17111E-03  8.34106E-04 -2.96109E-03 -1.41514E-03 -1.28626E-03 -5.80230E-04
 -5.19121E-04  1.32033E-05  2.27460E-04  8.85925E-04  1.19739E-04  7.06154E-04
 -4.83168E-04 -5.02424E-04 -8.86503E-04 -4.83999E-04  3.53409E-04  2.88538E-03
  1.41445E-03  7.03107E-05
