AutoSaveFileName0269.ASC
 IFORMY    0    .00
 (6E13.7)
 IFORMT    0    .00
 (6E13.7)
 IFORMW    0    .00
 (6E13.7)
 NINTT     0   -1.00
 DOUSNQ    0    1.00
 IQUAD          1.00
 PRWT      0    1.00
 PRY       0    1.00
 IPLRES    1    3.00
 IPLRES    2    3.00
 IPRINT    1    0.00
 IPRINT    2    2.00
 IPLFIT    1    0.00
 IPLFIT    2    0.00
 LINEPG    0   50.
 NONNEG    1    1.00
 IWT       0    5.00
 NQPROG    1    5.00
 NQPROG    2    5.00
 GMNMX     1    7.539E-06
 GMNMX     2    2.262E-03
 RUSER    10    -1.00
 NG        0    200.00
 NLINF     0    0.00
 IUSER    10    4.00
 RUSER    21    1.0
 RUSER    22   -1.0
 RUSER    23    0.0
 RUSER    18         292.14899
 RUSER    17         144.99900
 RUSER    19         0.00103
 RUSER    15         1.33200
 RUSER    16         0.00000
 RUSER    25         1
 RUSER    26         0
 END       0    0.00
 NY      131
  3.75000E-07  5.00000E-07  6.25000E-07  7.50000E-07  8.75000E-07  1.00000E-06
  1.12500E-06  1.25000E-06  1.37500E-06  1.50000E-06  1.62500E-06  1.75000E-06
  1.87500E-06  2.00000E-06  2.25000E-06  2.50000E-06  2.75000E-06  3.00000E-06
  3.25000E-06  3.50000E-06  3.75000E-06  4.00000E-06  4.50000E-06  5.00000E-06
  5.50000E-06  6.00000E-06  6.50000E-06  7.00000E-06  7.50000E-06  8.00000E-06
  9.00000E-06  1.00000E-05  1.10000E-05  1.20000E-05  1.30000E-05  1.40000E-05
  1.50000E-05  1.60000E-05  1.80000E-05  2.00000E-05  2.20000E-05  2.40000E-05
  2.60000E-05  2.80000E-05  3.00000E-05  3.20000E-05  3.60000E-05  4.00000E-05
  4.40000E-05  4.80000E-05  5.20000E-05  5.60000E-05  6.00000E-05  6.40000E-05
  7.20000E-05  8.00000E-05  8.80000E-05  9.60000E-05  1.04000E-04  1.12000E-04
  1.20000E-04  1.28000E-04  1.44000E-04  1.60000E-04  1.76000E-04  1.92000E-04
  2.08000E-04  2.24000E-04  2.40000E-04  2.56000E-04  2.88000E-04  3.20000E-04
  3.52000E-04  3.84000E-04  4.16000E-04  4.48000E-04  4.80000E-04  5.12000E-04
  5.76000E-04  6.40000E-04  7.04000E-04  7.68000E-04  8.32000E-04  8.96000E-04
  9.60000E-04  1.02400E-03  1.15200E-03  1.28000E-03  1.40800E-03  1.53600E-03
  1.66400E-03  1.79200E-03  1.92000E-03  2.01600E-03  2.27200E-03  2.52800E-03
  2.78400E-03  3.04000E-03  3.29600E-03  3.55200E-03  3.80800E-03  4.06400E-03
  4.57600E-03  5.08800E-03  5.60000E-03  6.11200E-03  6.62400E-03  7.13600E-03
  7.64800E-03  8.16000E-03  9.18400E-03  1.02080E-02  1.12320E-02  1.22560E-02
  1.32800E-02  1.43040E-02  1.53280E-02  1.63520E-02  1.84000E-02  2.04480E-02
  2.24960E-02  2.45440E-02  2.65920E-02  2.86400E-02  3.06880E-02  3.27360E-02
  3.68320E-02  4.09280E-02  4.50240E-02  4.91200E-02  5.32160E-02
  9.32479E+00  9.30340E+00  9.29145E+00  9.25706E+00  9.26026E+00  9.24848E+00
  9.23285E+00  9.24257E+00  9.21246E+00  9.20532E+00  9.20734E+00  9.21580E+00
  9.19043E+00  9.18712E+00  9.17725E+00  9.16591E+00  9.14975E+00  9.12626E+00
  9.12335E+00  9.10703E+00  9.10051E+00  9.08839E+00  9.05982E+00  9.03897E+00
  9.01235E+00  8.99164E+00  8.97256E+00  8.93862E+00  8.90779E+00  8.88751E+00
  8.84128E+00  8.79307E+00  8.74507E+00  8.69446E+00  8.65210E+00  8.60365E+00
  8.55851E+00  8.50844E+00  8.42211E+00  8.32588E+00  8.23769E+00  8.14748E+00
  8.06075E+00  7.97269E+00  7.88459E+00  7.80155E+00  7.63496E+00  7.47511E+00
  7.31304E+00  7.16147E+00  7.00944E+00  6.85918E+00  6.72241E+00  6.58202E+00
  6.31412E+00  6.05701E+00  5.81526E+00  5.58203E+00  5.36448E+00  5.15380E+00
  4.95400E+00  4.76768E+00  4.41724E+00  4.09706E+00  3.80788E+00  3.54619E+00
  3.30991E+00  3.09384E+00  2.89782E+00  2.72458E+00  2.41812E+00  2.16475E+00
  1.95734E+00  1.78484E+00  1.64569E+00  1.53214E+00  1.43809E+00  1.36510E+00
  1.24825E+00  1.16797E+00  1.11067E+00  1.06735E+00  1.04146E+00  1.02781E+00
  1.01978E+00  1.01481E+00  1.00749E+00  1.00055E+00  9.99133E-01  9.97348E-01
  1.00060E+00  1.00887E+00  1.01074E+00  1.00670E+00  1.00074E+00  1.00813E+00
  1.00558E+00  9.98890E-01  9.95475E-01  9.94736E-01  9.91591E-01  9.93621E-01
  9.95830E-01  9.94892E-01  1.00566E+00  1.00356E+00  9.99010E-01  1.00280E+00
  1.01109E+00  1.00057E+00  9.88171E-01  9.96810E-01  9.91305E-01  9.91611E-01
  1.00017E+00  1.00455E+00  1.00346E+00  1.00070E+00  1.00006E+00  9.97687E-01
  9.99274E-01  9.94321E-01  1.00418E+00  1.00009E+00  9.99190E-01  1.00174E+00
  1.00348E+00  1.00033E+00  9.95440E-01  1.00041E+00  9.96569E-01
