AutoSaveFileName0047.ASC
 IFORMY    0    .00
 (6E13.7)
 IFORMT    0    .00
 (6E13.7)
 IFORMW    0    .00
 (6E13.7)
 NINTT     0   -1.00
 DOUSNQ    0    1.00
 IQUAD     0    1.00
 PRWT      0    1.00
 PRY       0    1.00
 IPLRES    1    3.00
 IPLRES    2    3.00
 IPRINT    1    0.00
 IPRINT    2    2.00
 IPLFIT    1    0.00
 IPLFIT    2    0.00
 LINEPG    0   50.
 NONNEG    1    1.00
 IWT       0    5.00
 NQPROG    1    5.00
 NQPROG    2    5.00
 GMNMX     1    2.97672E-02
 GMNMX     2    1.06857E-02
 RUSER    10    -1.00
 NG        0    500.00
 NLINF     0    1.00
 IUSER    10    4.00
 RUSER    21    1.0
 RUSER    22   -1.0
 RUSER    23    0.0
 RUSER    18         291.92466
 RUSER    17         34.99800
 RUSER    19         1.03243
 RUSER    15         1.33200
 RUSER    16         632.80000
 RUSER    25         1
 RUSER    26         0
 END       0    0.00
 NY      162
  7.50000E-07  8.75000E-07  1.00000E-06  1.12500E-06  1.25000E-06  1.37500E-06
  1.50000E-06  1.62500E-06  1.75000E-06  1.87500E-06  2.00000E-06  2.25000E-06
  2.50000E-06  2.75000E-06  3.00000E-06  3.25000E-06  3.50000E-06  3.75000E-06
  4.00000E-06  4.50000E-06  5.00000E-06  5.50000E-06  6.00000E-06  6.50000E-06
  7.00000E-06  7.50000E-06  8.00000E-06  9.00000E-06  1.00000E-05  1.10000E-05
  1.20000E-05  1.30000E-05  1.40000E-05  1.50000E-05  1.60000E-05  1.80000E-05
  2.00000E-05  2.20000E-05  2.40000E-05  2.60000E-05  2.80000E-05  3.00000E-05
  3.20000E-05  3.60000E-05  4.00000E-05  4.40000E-05  4.80000E-05  5.20000E-05
  5.60000E-05  6.00000E-05  6.40000E-05  7.20000E-05  8.00000E-05  8.80000E-05
  9.60000E-05  1.04000E-04  1.12000E-04  1.20000E-04  1.28000E-04  1.44000E-04
  1.60000E-04  1.76000E-04  1.92000E-04  2.08000E-04  2.24000E-04  2.40000E-04
  2.56000E-04  2.88000E-04  3.20000E-04  3.52000E-04  3.84000E-04  4.16000E-04
  4.48000E-04  4.80000E-04  5.12000E-04  5.76000E-04  6.40000E-04  7.04000E-04
  7.68000E-04  8.32000E-04  8.96000E-04  9.60000E-04  1.02400E-03  1.15200E-03
  1.28000E-03  1.40800E-03  1.53600E-03  1.66400E-03  1.79200E-03  1.92000E-03
  2.01600E-03  2.27200E-03  2.52800E-03  2.78400E-03  3.04000E-03  3.29600E-03
  3.55200E-03  3.80800E-03  4.06400E-03  4.57600E-03  5.08800E-03  5.60000E-03
  6.11200E-03  6.62400E-03  7.13600E-03  7.64800E-03  8.16000E-03  9.18400E-03
  1.02080E-02  1.12320E-02  1.22560E-02  1.32800E-02  1.43040E-02  1.53280E-02
  1.63520E-02  1.84000E-02  2.04480E-02  2.24960E-02  2.45440E-02  2.65920E-02
  2.86400E-02  3.06880E-02  3.27360E-02  3.68320E-02  4.09280E-02  4.50240E-02
  4.91200E-02  5.32160E-02  5.73120E-02  6.14080E-02  6.55040E-02  7.36960E-02
  8.18880E-02  9.00800E-02  9.82720E-02  1.06464E-01  1.14656E-01  1.22848E-01
  1.31040E-01  1.47424E-01  1.63808E-01  1.80192E-01  1.96576E-01  2.12960E-01
  2.29344E-01  2.45728E-01  2.62112E-01  2.94880E-01  3.27648E-01  3.60416E-01
  3.93184E-01  4.25952E-01  4.58720E-01  4.91488E-01  5.24256E-01  5.89792E-01
  6.55328E-01  7.20864E-01  7.86400E-01  8.51936E-01  9.17472E-01  9.83008E-01
  1.00000E+00  9.98302E-01  9.96116E-01  9.96413E-01  9.97138E-01  9.97638E-01
  9.96598E-01  9.95521E-01  9.96767E-01  9.93884E-01  9.93889E-01  9.96259E-01
  9.96429E-01  9.94226E-01  9.94328E-01  9.93507E-01  9.93536E-01  9.94561E-01
  9.95187E-01  9.93898E-01  9.93205E-01  9.94037E-01  9.92415E-01  9.93879E-01
  9.92172E-01  9.91776E-01  9.92255E-01  9.90805E-01  9.90810E-01  9.90867E-01
  9.89536E-01  9.88830E-01  9.87823E-01  9.88493E-01  9.87596E-01  9.85951E-01
  9.85445E-01  9.83936E-01  9.83638E-01  9.82114E-01  9.81327E-01  9.79346E-01
  9.78741E-01  9.76496E-01  9.73927E-01  9.71875E-01  9.69086E-01  9.67486E-01
  9.64995E-01  9.62976E-01  9.60796E-01  9.56857E-01  9.52424E-01  9.48281E-01
  9.43721E-01  9.39287E-01  9.35327E-01  9.31056E-01  9.26805E-01  9.18642E-01
  9.10673E-01  9.02348E-01  8.94467E-01  8.86720E-01  8.78805E-01  8.70908E-01
  8.63263E-01  8.48363E-01  8.33528E-01  8.19260E-01  8.05042E-01  7.91324E-01
  7.77640E-01  7.64552E-01  7.51698E-01  7.26524E-01  7.02074E-01  6.78588E-01
  6.55975E-01  6.34038E-01  6.12816E-01  5.92550E-01  5.73343E-01  5.36253E-01
  5.01442E-01  4.69116E-01  4.39032E-01  4.11007E-01  3.84821E-01  3.60449E-01
  3.43125E-01  3.01918E-01  2.65855E-01  2.34002E-01  2.06603E-01  1.82449E-01
  1.61262E-01  1.43022E-01  1.27432E-01  1.01008E-01  8.18302E-02  6.77069E-02
  5.62311E-02  4.68879E-02  3.91381E-02  3.35215E-02  2.87878E-02  2.16379E-02
  1.68104E-02  1.47249E-02  1.06512E-02  8.10264E-03  5.82247E-03  2.58289E-03
  3.90994E-04 -5.54896E-04 -5.47204E-04 -2.33178E-03 -2.27976E-03  3.90930E-04
 -9.59101E-04 -2.97828E-03 -1.53767E-03  4.30312E-03  9.05333E-03  6.05812E-03
  1.97080E-04  4.13602E-04 -2.96447E-04  4.03955E-04 -2.03196E-04  2.78437E-03
  2.42130E-03  8.91968E-04 -3.17294E-04  4.00222E-04 -5.77255E-03 -1.41493E-03
  1.51092E-03  2.01215E-03  1.56215E-03 -3.82760E-03 -5.26991E-04 -2.38772E-04
  1.70165E-03  1.83738E-03  1.32174E-03 -1.45470E-03 -1.13462E-03  4.44837E-04
 -1.30752E-03  3.19570E-03  6.15844E-05  1.70603E-03  2.16736E-03  4.21604E-04
  9.62908E-04  1.35218E-03 -1.15954E-03 -1.65274E-03  8.34230E-04 -2.82144E-03
