AutoSaveFileName0207.ASC
 IFORMY    0    .00
 (6E13.7)
 IFORMT    0    .00
 (6E13.7)
 IFORMW    0    .00
 (6E13.7)
 NINTT     0   -1.00
 DOUSNQ    0    1.00
 IQUAD          1.00
 PRWT      0    1.00
 PRY       0    1.00
 IPLRES    1    3.00
 IPLRES    2    3.00
 IPRINT    1    0.00
 IPRINT    2    2.00
 IPLFIT    1    0.00
 IPLFIT    2    0.00
 LINEPG    0   50.
 NONNEG    1    1.00
 IWT       0    5.00
 NQPROG    1    5.00
 NQPROG    2    5.00
 GMNMX     1    9.617E-06
 GMNMX     2    9.617E-03
 RUSER    10    -1.00
 NG        0    200.00
 NLINF     0    0.00
 IUSER    10    4.00
 RUSER    21    1.0
 RUSER    22   -1.0
 RUSER    23    0.0
 RUSER    18         292.23502
 RUSER    17         114.99900
 RUSER    19         1.02452
 RUSER    15         1.33200
 RUSER    16         632.80000
 RUSER    25         1
 RUSER    26         0
 END       0    0.00
 NY      188
  5.00000E-07  6.25000E-07  7.50000E-07  8.75000E-07  1.00000E-06  1.12500E-06
  1.25000E-06  1.37500E-06  1.50000E-06  1.62500E-06  1.75000E-06  1.87500E-06
  2.00000E-06  2.25000E-06  2.50000E-06  2.75000E-06  3.00000E-06  3.25000E-06
  3.50000E-06  3.75000E-06  4.00000E-06  4.50000E-06  5.00000E-06  5.50000E-06
  6.00000E-06  6.50000E-06  7.00000E-06  7.50000E-06  8.00000E-06  9.00000E-06
  1.00000E-05  1.10000E-05  1.20000E-05  1.30000E-05  1.40000E-05  1.50000E-05
  1.60000E-05  1.80000E-05  2.00000E-05  2.20000E-05  2.40000E-05  2.60000E-05
  2.80000E-05  3.00000E-05  3.20000E-05  3.60000E-05  4.00000E-05  4.40000E-05
  4.80000E-05  5.20000E-05  5.60000E-05  6.00000E-05  6.40000E-05  7.20000E-05
  8.00000E-05  8.80000E-05  9.60000E-05  1.04000E-04  1.12000E-04  1.20000E-04
  1.28000E-04  1.44000E-04  1.60000E-04  1.76000E-04  1.92000E-04  2.08000E-04
  2.24000E-04  2.40000E-04  2.56000E-04  2.88000E-04  3.20000E-04  3.52000E-04
  3.84000E-04  4.16000E-04  4.48000E-04  4.80000E-04  5.12000E-04  5.76000E-04
  6.40000E-04  7.04000E-04  7.68000E-04  8.32000E-04  8.96000E-04  9.60000E-04
  1.02400E-03  1.15200E-03  1.28000E-03  1.40800E-03  1.53600E-03  1.66400E-03
  1.79200E-03  1.92000E-03  2.01600E-03  2.27200E-03  2.52800E-03  2.78400E-03
  3.04000E-03  3.29600E-03  3.55200E-03  3.80800E-03  4.06400E-03  4.57600E-03
  5.08800E-03  5.60000E-03  6.11200E-03  6.62400E-03  7.13600E-03  7.64800E-03
  8.16000E-03  9.18400E-03  1.02080E-02  1.12320E-02  1.22560E-02  1.32800E-02
  1.43040E-02  1.53280E-02  1.63520E-02  1.84000E-02  2.04480E-02  2.24960E-02
  2.45440E-02  2.65920E-02  2.86400E-02  3.06880E-02  3.27360E-02  3.68320E-02
  4.09280E-02  4.50240E-02  4.91200E-02  5.32160E-02  5.73120E-02  6.14080E-02
  6.55040E-02  7.36960E-02  8.18880E-02  9.00800E-02  9.82720E-02  1.06464E-01
  1.14656E-01  1.22848E-01  1.31040E-01  1.47424E-01  1.63808E-01  1.80192E-01
  1.96576E-01  2.12960E-01  2.29344E-01  2.45728E-01  2.62112E-01  2.94880E-01
  3.27648E-01  3.60416E-01  3.93184E-01  4.25952E-01  4.58720E-01  4.91488E-01
  5.24256E-01  5.89792E-01  6.55328E-01  7.20864E-01  7.86400E-01  8.51936E-01
  9.17472E-01  9.83008E-01  1.04854E+00  1.17962E+00  1.31069E+00  1.44176E+00
  1.57283E+00  1.70390E+00  1.83498E+00  1.96605E+00  2.09712E+00  2.35926E+00
  2.62141E+00  2.88355E+00  3.14570E+00  3.40784E+00  3.66998E+00  3.93213E+00
  4.19427E+00  4.71856E+00  5.24285E+00  5.76714E+00  6.29142E+00  6.81571E+00
  7.34000E+00  7.86429E+00
  9.97786E-01  9.93534E-01  9.93835E-01  9.94371E-01  9.92382E-01  9.92369E-01
  9.91532E-01  9.93198E-01  9.92414E-01  9.91881E-01  9.91511E-01  9.91706E-01
  9.91583E-01  9.91281E-01  9.91915E-01  9.91611E-01  9.92020E-01  9.91760E-01
  9.90434E-01  9.91010E-01  9.91370E-01  9.90788E-01  9.90488E-01  9.90644E-01
  9.90522E-01  9.90318E-01  9.89311E-01  9.88909E-01  9.89251E-01  9.89397E-01
  9.88994E-01  9.88975E-01  9.87781E-01  9.87920E-01  9.87041E-01  9.87058E-01
  9.86847E-01  9.85586E-01  9.85560E-01  9.84862E-01  9.84109E-01  9.83029E-01
  9.81838E-01  9.81591E-01  9.80770E-01  9.79343E-01  9.77973E-01  9.76269E-01
  9.74650E-01  9.73338E-01  9.71672E-01  9.70375E-01  9.68902E-01  9.65647E-01
  9.62610E-01  9.59960E-01  9.56593E-01  9.53835E-01  9.50722E-01  9.47849E-01
  9.44760E-01  9.38736E-01  9.33039E-01  9.27153E-01  9.21332E-01  9.15609E-01
  9.09761E-01  9.03956E-01  8.98211E-01  8.86990E-01  8.75681E-01  8.64562E-01
  8.53642E-01  8.42792E-01  8.32169E-01  8.21600E-01  8.11241E-01  7.90905E-01
  7.71044E-01  7.51513E-01  7.32825E-01  7.14404E-01  6.96572E-01  6.79238E-01
  6.62526E-01  6.29888E-01  5.98954E-01  5.69779E-01  5.42189E-01  5.15979E-01
  4.91133E-01  4.67474E-01  4.50384E-01  4.08339E-01  3.70575E-01  3.36338E-01
  3.05726E-01  2.77876E-01  2.52655E-01  2.29600E-01  2.09323E-01  1.73253E-01
  1.43702E-01  1.19661E-01  9.99362E-02  8.40899E-02  7.09593E-02  5.98065E-02
  5.11730E-02  3.69232E-02  2.58369E-02  1.83038E-02  1.11831E-02  5.82750E-03
  2.86428E-03  1.31181E-03 -3.62627E-04 -5.49689E-04 -5.72224E-04 -1.82001E-03
 -2.55606E-03 -2.42811E-03 -4.13755E-03 -2.91365E-03 -2.32273E-03 -3.20485E-03
 -1.10043E-03  3.33070E-04  2.88758E-03 -3.47542E-03 -4.92989E-03 -4.21596E-03
 -4.15466E-03  3.98132E-03  1.44707E-03 -2.38777E-04 -3.02996E-04  4.05269E-03
  4.11043E-04 -5.49035E-03  1.12651E-03 -6.68679E-04 -3.23745E-03 -2.08153E-03
  2.22466E-03  3.86399E-05  3.88326E-04  6.02920E-03  1.35440E-03  1.72065E-04
  1.01097E-03  4.06591E-04  8.53265E-04  2.17899E-03  2.44453E-03  1.67493E-03
  1.68812E-03 -1.11892E-03  8.83651E-04 -3.39754E-03  5.21682E-04  2.76457E-04
  1.65737E-03  2.33097E-03  6.39217E-04 -2.29616E-03  2.23042E-04 -1.36722E-03
 -9.11000E-04  1.56819E-05  1.67506E-03 -6.21743E-04 -1.35683E-03 -1.28499E-03
 -2.13209E-03 -2.20438E-03 -3.47144E-04 -2.46510E-04  8.63343E-04 -1.06365E-04
 -1.21647E-03  8.80674E-04  6.53363E-04  1.29114E-03 -8.88711E-04 -3.21006E-04
  1.14821E-03  5.93178E-04
