AutoSaveFileName0044.ASC
 IFORMY    0    .00
 (6E13.7)
 IFORMT    0    .00
 (6E13.7)
 IFORMW    0    .00
 (6E13.7)
 NINTT     0   -1.00
 DOUSNQ    0    1.00
 IQUAD          1.00
 PRWT      0    1.00
 PRY       0    1.00
 IPLRES    1    3.00
 IPLRES    2    3.00
 IPRINT    1    0.00
 IPRINT    2    2.00
 IPLFIT    1    0.00
 IPLFIT    2    0.00
 LINEPG    0   50.
 NONNEG    1    1.00
 IWT       0    5.00
 NQPROG    1    5.00
 NQPROG    2    5.00
 GMNMX     1    7.580E-05
 GMNMX     2    7.580E-02
 RUSER    10    -1.00
 NG        0    200.00
 NLINF     0    0.00
 IUSER    10    4.00
 RUSER    21    1.0
 RUSER    22   -1.0
 RUSER    23    0.0
 RUSER    18         292.17192
 RUSER    17         34.99800
 RUSER    19         1.02612
 RUSER    15         1.33200
 RUSER    16         632.80000
 RUSER    25         1
 RUSER    26         0
 END       0    0.00
 NY      188
  5.00000E-07  6.25000E-07  7.50000E-07  8.75000E-07  1.00000E-06  1.12500E-06
  1.25000E-06  1.37500E-06  1.50000E-06  1.62500E-06  1.75000E-06  1.87500E-06
  2.00000E-06  2.25000E-06  2.50000E-06  2.75000E-06  3.00000E-06  3.25000E-06
  3.50000E-06  3.75000E-06  4.00000E-06  4.50000E-06  5.00000E-06  5.50000E-06
  6.00000E-06  6.50000E-06  7.00000E-06  7.50000E-06  8.00000E-06  9.00000E-06
  1.00000E-05  1.10000E-05  1.20000E-05  1.30000E-05  1.40000E-05  1.50000E-05
  1.60000E-05  1.80000E-05  2.00000E-05  2.20000E-05  2.40000E-05  2.60000E-05
  2.80000E-05  3.00000E-05  3.20000E-05  3.60000E-05  4.00000E-05  4.40000E-05
  4.80000E-05  5.20000E-05  5.60000E-05  6.00000E-05  6.40000E-05  7.20000E-05
  8.00000E-05  8.80000E-05  9.60000E-05  1.04000E-04  1.12000E-04  1.20000E-04
  1.28000E-04  1.44000E-04  1.60000E-04  1.76000E-04  1.92000E-04  2.08000E-04
  2.24000E-04  2.40000E-04  2.56000E-04  2.88000E-04  3.20000E-04  3.52000E-04
  3.84000E-04  4.16000E-04  4.48000E-04  4.80000E-04  5.12000E-04  5.76000E-04
  6.40000E-04  7.04000E-04  7.68000E-04  8.32000E-04  8.96000E-04  9.60000E-04
  1.02400E-03  1.15200E-03  1.28000E-03  1.40800E-03  1.53600E-03  1.66400E-03
  1.79200E-03  1.92000E-03  2.01600E-03  2.27200E-03  2.52800E-03  2.78400E-03
  3.04000E-03  3.29600E-03  3.55200E-03  3.80800E-03  4.06400E-03  4.57600E-03
  5.08800E-03  5.60000E-03  6.11200E-03  6.62400E-03  7.13600E-03  7.64800E-03
  8.16000E-03  9.18400E-03  1.02080E-02  1.12320E-02  1.22560E-02  1.32800E-02
  1.43040E-02  1.53280E-02  1.63520E-02  1.84000E-02  2.04480E-02  2.24960E-02
  2.45440E-02  2.65920E-02  2.86400E-02  3.06880E-02  3.27360E-02  3.68320E-02
  4.09280E-02  4.50240E-02  4.91200E-02  5.32160E-02  5.73120E-02  6.14080E-02
  6.55040E-02  7.36960E-02  8.18880E-02  9.00800E-02  9.82720E-02  1.06464E-01
  1.14656E-01  1.22848E-01  1.31040E-01  1.47424E-01  1.63808E-01  1.80192E-01
  1.96576E-01  2.12960E-01  2.29344E-01  2.45728E-01  2.62112E-01  2.94880E-01
  3.27648E-01  3.60416E-01  3.93184E-01  4.25952E-01  4.58720E-01  4.91488E-01
  5.24256E-01  5.89792E-01  6.55328E-01  7.20864E-01  7.86400E-01  8.51936E-01
  9.17472E-01  9.83008E-01  1.04854E+00  1.17962E+00  1.31069E+00  1.44176E+00
  1.57283E+00  1.70390E+00  1.83498E+00  1.96605E+00  2.09712E+00  2.35926E+00
  2.62141E+00  2.88355E+00  3.14570E+00  3.40784E+00  3.66998E+00  3.93213E+00
  4.19427E+00  4.71856E+00  5.24285E+00  5.76714E+00  6.29142E+00  6.81571E+00
  7.34000E+00  7.86429E+00
  9.94166E-01  9.92624E-01  9.89758E-01  9.94200E-01  9.89918E-01  9.91171E-01
  9.91402E-01  9.90835E-01  9.90637E-01  9.90463E-01  9.91960E-01  9.90572E-01
  9.90586E-01  9.90369E-01  9.88817E-01  9.89442E-01  9.89932E-01  9.90328E-01
  9.89631E-01  9.88074E-01  9.89201E-01  9.88897E-01  9.89981E-01  9.90316E-01
  9.89512E-01  9.89705E-01  9.89614E-01  9.89030E-01  9.89215E-01  9.89396E-01
  9.89582E-01  9.89256E-01  9.89744E-01  9.89295E-01  9.90104E-01  9.88419E-01
  9.89348E-01  9.89307E-01  9.88827E-01  9.88395E-01  9.88667E-01  9.89090E-01
  9.88962E-01  9.88583E-01  9.88885E-01  9.88721E-01  9.89160E-01  9.88706E-01
  9.87830E-01  9.88177E-01  9.87864E-01  9.87721E-01  9.87786E-01  9.87473E-01
  9.86968E-01  9.86732E-01  9.86283E-01  9.86092E-01  9.85810E-01  9.85607E-01
  9.85177E-01  9.84825E-01  9.84183E-01  9.83439E-01  9.82795E-01  9.82551E-01
  9.81494E-01  9.81296E-01  9.80495E-01  9.79191E-01  9.77999E-01  9.76775E-01
  9.75662E-01  9.74615E-01  9.73275E-01  9.72133E-01  9.70663E-01  9.68332E-01
  9.65993E-01  9.63635E-01  9.61269E-01  9.59010E-01  9.56664E-01  9.54378E-01
  9.12449E-01  9.07896E-01  9.03383E-01  8.98768E-01  8.94331E-01  8.89907E-01
  8.85376E-01  8.81118E-01  9.21343E-01  9.12548E-01  9.03969E-01  8.95439E-01
  8.87133E-01  8.78721E-01  8.70464E-01  8.62260E-01  8.54318E-01  8.38359E-01
  8.23000E-01  8.08199E-01  7.93671E-01  7.79352E-01  7.65321E-01  7.51493E-01
  7.38258E-01  7.12330E-01  6.87652E-01  6.63676E-01  6.40765E-01  6.18747E-01
  5.97624E-01  5.77143E-01  5.57797E-01  5.20710E-01  4.86493E-01  4.53970E-01
  4.23310E-01  3.94611E-01  3.67710E-01  3.42426E-01  3.16584E-01  2.74414E-01
  2.38766E-01  2.07169E-01  1.81515E-01  1.62519E-01  1.45572E-01  1.28922E-01
  9.81627E-02  7.00425E-02  4.93099E-02  3.45356E-02  2.37196E-02  2.07551E-02
  1.90438E-02  1.32836E-02  7.42538E-03 -1.72166E-03 -8.12679E-03 -1.87164E-02
 -3.21081E-02 -3.37227E-02 -2.42468E-02 -1.98520E-02 -9.77250E-03 -1.55795E-02
 -1.51085E-02 -6.74627E-03 -1.32085E-02 -2.37079E-02 -1.31892E-02 -2.96478E-03
 -2.56702E-03 -1.25045E-02 -7.82300E-03  1.29413E-02 -2.17885E-03  1.00356E-03
  3.46001E-03  3.02104E-02  1.20497E-02 -1.50057E-02  3.70223E-03 -2.33725E-02
 -1.88011E-02 -1.02856E-02 -8.50268E-03  1.64664E-04 -2.16755E-02 -1.74041E-02
  9.64709E-03 -1.66461E-02 -1.34714E-02 -6.29321E-03  5.27715E-03  6.36891E-03
  3.42443E-03 -3.38525E-03  4.02714E-03 -6.99477E-03  1.44347E-02  2.20646E-03
 -9.57868E-03  4.39685E-03
