AutoSaveFileName0335.ASC
 IFORMY    0    .00
 (6E13.7)
 IFORMT    0    .00
 (6E13.7)
 IFORMW    0    .00
 (6E13.7)
 NINTT     0   -1.00
 DOUSNQ    0    1.00
 IQUAD          1.00
 PRWT      0    1.00
 PRY       0    1.00
 IPLRES    1    3.00
 IPLRES    2    3.00
 IPRINT    1    0.00
 IPRINT    2    2.00
 IPLFIT    1    0.00
 IPLFIT    2    0.00
 LINEPG    0   50.
 NONNEG    1    1.00
 IWT       0    5.00
 NQPROG    1    5.00
 NQPROG    2    5.00
 GMNMX     1    8.615E-06
 GMNMX     2    8.615E-03
 RUSER    10    -1.00
 NG        0    200.00
 NLINF     0    0.00
 IUSER    10    4.00
 RUSER    21    1.0
 RUSER    22   -1.0
 RUSER    23    0.0
 RUSER    18         292.24106
 RUSER    17         125.99900
 RUSER    19         1.02437
 RUSER    15         1.33200
 RUSER    16         632.80000
 RUSER    25         1
 RUSER    26         0
 END       0    0.00
 NY      131
  3.75000E-07  5.00000E-07  6.25000E-07  7.50000E-07  8.75000E-07  1.00000E-06
  1.12500E-06  1.25000E-06  1.37500E-06  1.50000E-06  1.62500E-06  1.75000E-06
  1.87500E-06  2.00000E-06  2.25000E-06  2.50000E-06  2.75000E-06  3.00000E-06
  3.25000E-06  3.50000E-06  3.75000E-06  4.00000E-06  4.50000E-06  5.00000E-06
  5.50000E-06  6.00000E-06  6.50000E-06  7.00000E-06  7.50000E-06  8.00000E-06
  9.00000E-06  1.00000E-05  1.10000E-05  1.20000E-05  1.30000E-05  1.40000E-05
  1.50000E-05  1.60000E-05  1.80000E-05  2.00000E-05  2.20000E-05  2.40000E-05
  2.60000E-05  2.80000E-05  3.00000E-05  3.20000E-05  3.60000E-05  4.00000E-05
  4.40000E-05  4.80000E-05  5.20000E-05  5.60000E-05  6.00000E-05  6.40000E-05
  7.20000E-05  8.00000E-05  8.80000E-05  9.60000E-05  1.04000E-04  1.12000E-04
  1.20000E-04  1.28000E-04  1.44000E-04  1.60000E-04  1.76000E-04  1.92000E-04
  2.08000E-04  2.24000E-04  2.40000E-04  2.56000E-04  2.88000E-04  3.20000E-04
  3.52000E-04  3.84000E-04  4.16000E-04  4.48000E-04  4.80000E-04  5.12000E-04
  5.76000E-04  6.40000E-04  7.04000E-04  7.68000E-04  8.32000E-04  8.96000E-04
  9.60000E-04  1.02400E-03  1.15200E-03  1.28000E-03  1.40800E-03  1.53600E-03
  1.66400E-03  1.79200E-03  1.92000E-03  2.01600E-03  2.27200E-03  2.52800E-03
  2.78400E-03  3.04000E-03  3.29600E-03  3.55200E-03  3.80800E-03  4.06400E-03
  4.57600E-03  5.08800E-03  5.60000E-03  6.11200E-03  6.62400E-03  7.13600E-03
  7.64800E-03  8.16000E-03  9.18400E-03  1.02080E-02  1.12320E-02  1.22560E-02
  1.32800E-02  1.43040E-02  1.53280E-02  1.63520E-02  1.84000E-02  2.04480E-02
  2.24960E-02  2.45440E-02  2.65920E-02  2.86400E-02  3.06880E-02  3.27360E-02
  3.68320E-02  4.09280E-02  4.50240E-02  4.91200E-02  5.32160E-02
  2.46496E+00  2.45984E+00  2.46319E+00  2.45478E+00  2.45300E+00  2.44666E+00
  2.44758E+00  2.45240E+00  2.45067E+00  2.45616E+00  2.44451E+00  2.44879E+00
  2.44277E+00  2.44547E+00  2.45014E+00  2.44875E+00  2.44743E+00  2.44327E+00
  2.44534E+00  2.44399E+00  2.44046E+00  2.44037E+00  2.44222E+00  2.44034E+00
  2.44003E+00  2.43969E+00  2.44125E+00  2.43639E+00  2.43859E+00  2.43499E+00
  2.43061E+00  2.43144E+00  2.42822E+00  2.42624E+00  2.42305E+00  2.42413E+00
  2.42103E+00  2.41976E+00  2.41550E+00  2.41285E+00  2.40686E+00  2.40349E+00
  2.40040E+00  2.39399E+00  2.39087E+00  2.38773E+00  2.37909E+00  2.36964E+00
  2.36268E+00  2.35521E+00  2.34522E+00  2.33839E+00  2.33131E+00  2.32336E+00
  2.30711E+00  2.29147E+00  2.27706E+00  2.26132E+00  2.24560E+00  2.23158E+00
  2.21651E+00  2.20094E+00  2.17227E+00  2.14259E+00  2.11523E+00  2.08644E+00
  2.05843E+00  2.03107E+00  2.00358E+00  1.97802E+00  1.92484E+00  1.87488E+00
  1.82477E+00  1.77599E+00  1.72922E+00  1.68303E+00  1.63821E+00  1.59481E+00
  1.51199E+00  1.43349E+00  1.35894E+00  1.28777E+00  1.22103E+00  1.15780E+00
  1.09773E+00  1.04131E+00  9.36572E-01  8.42598E-01  7.58606E-01  6.82768E-01
  6.14872E-01  5.53392E-01  4.99190E-01  4.65312E-01  3.80292E-01  3.13208E-01
  2.55693E-01  2.10168E-01  1.73738E-01  1.41769E-01  1.13925E-01  8.99065E-02
  5.63363E-02  4.05382E-02  3.22010E-02  2.78304E-02  2.40770E-02  2.01012E-02
  1.71322E-02  1.47332E-02  1.72319E-02  1.97257E-02  1.75020E-02  1.56555E-02
  7.71365E-03  8.62554E-03  6.43348E-03  4.03096E-03 -1.29995E-03 -7.25835E-03
 -1.31937E-02 -4.67493E-03 -4.34142E-03 -1.01279E-04 -2.45397E-03 -8.20967E-03
  1.65392E-02  8.33348E-03  1.79868E-03 -7.92051E-03 -7.86628E-03
