AutoSaveFileName0247.ASC
 IFORMY    0    .00
 (6E13.7)
 IFORMT    0    .00
 (6E13.7)
 IFORMW    0    .00
 (6E13.7)
 NINTT     0   -1.00
 DOUSNQ    0    1.00
 IQUAD          1.00
 PRWT      0    1.00
 PRY       0    1.00
 IPLRES    1    3.00
 IPLRES    2    3.00
 IPRINT    1    0.00
 IPRINT    2    2.00
 IPLFIT    1    0.00
 IPLFIT    2    0.00
 LINEPG    0   50.
 NONNEG    1    1.00
 IWT       0    5.00
 NQPROG    1    5.00
 NQPROG    2    5.00
 GMNMX     1    8.012E-06
 GMNMX     2    8.012E-03
 RUSER    10    -1.00
 NG        0    200.00
 NLINF     0    0.00
 IUSER    10    4.00
 RUSER    21    1.0
 RUSER    22   -1.0
 RUSER    23    0.0
 RUSER    18         292.24686
 RUSER    17         134.99900
 RUSER    19         1.02422
 RUSER    15         1.33200
 RUSER    16         632.80000
 RUSER    25         1
 RUSER    26         0
 END       0    0.00
 NY      188
  5.00000E-07  6.25000E-07  7.50000E-07  8.75000E-07  1.00000E-06  1.12500E-06
  1.25000E-06  1.37500E-06  1.50000E-06  1.62500E-06  1.75000E-06  1.87500E-06
  2.00000E-06  2.25000E-06  2.50000E-06  2.75000E-06  3.00000E-06  3.25000E-06
  3.50000E-06  3.75000E-06  4.00000E-06  4.50000E-06  5.00000E-06  5.50000E-06
  6.00000E-06  6.50000E-06  7.00000E-06  7.50000E-06  8.00000E-06  9.00000E-06
  1.00000E-05  1.10000E-05  1.20000E-05  1.30000E-05  1.40000E-05  1.50000E-05
  1.60000E-05  1.80000E-05  2.00000E-05  2.20000E-05  2.40000E-05  2.60000E-05
  2.80000E-05  3.00000E-05  3.20000E-05  3.60000E-05  4.00000E-05  4.40000E-05
  4.80000E-05  5.20000E-05  5.60000E-05  6.00000E-05  6.40000E-05  7.20000E-05
  8.00000E-05  8.80000E-05  9.60000E-05  1.04000E-04  1.12000E-04  1.20000E-04
  1.28000E-04  1.44000E-04  1.60000E-04  1.76000E-04  1.92000E-04  2.08000E-04
  2.24000E-04  2.40000E-04  2.56000E-04  2.88000E-04  3.20000E-04  3.52000E-04
  3.84000E-04  4.16000E-04  4.48000E-04  4.80000E-04  5.12000E-04  5.76000E-04
  6.40000E-04  7.04000E-04  7.68000E-04  8.32000E-04  8.96000E-04  9.60000E-04
  1.02400E-03  1.15200E-03  1.28000E-03  1.40800E-03  1.53600E-03  1.66400E-03
  1.79200E-03  1.92000E-03  2.01600E-03  2.27200E-03  2.52800E-03  2.78400E-03
  3.04000E-03  3.29600E-03  3.55200E-03  3.80800E-03  4.06400E-03  4.57600E-03
  5.08800E-03  5.60000E-03  6.11200E-03  6.62400E-03  7.13600E-03  7.64800E-03
  8.16000E-03  9.18400E-03  1.02080E-02  1.12320E-02  1.22560E-02  1.32800E-02
  1.43040E-02  1.53280E-02  1.63520E-02  1.84000E-02  2.04480E-02  2.24960E-02
  2.45440E-02  2.65920E-02  2.86400E-02  3.06880E-02  3.27360E-02  3.68320E-02
  4.09280E-02  4.50240E-02  4.91200E-02  5.32160E-02  5.73120E-02  6.14080E-02
  6.55040E-02  7.36960E-02  8.18880E-02  9.00800E-02  9.82720E-02  1.06464E-01
  1.14656E-01  1.22848E-01  1.31040E-01  1.47424E-01  1.63808E-01  1.80192E-01
  1.96576E-01  2.12960E-01  2.29344E-01  2.45728E-01  2.62112E-01  2.94880E-01
  3.27648E-01  3.60416E-01  3.93184E-01  4.25952E-01  4.58720E-01  4.91488E-01
  5.24256E-01  5.89792E-01  6.55328E-01  7.20864E-01  7.86400E-01  8.51936E-01
  9.17472E-01  9.83008E-01  1.04854E+00  1.17962E+00  1.31069E+00  1.44176E+00
  1.57283E+00  1.70390E+00  1.83498E+00  1.96605E+00  2.09712E+00  2.35926E+00
  2.62141E+00  2.88355E+00  3.14570E+00  3.40784E+00  3.66998E+00  3.93213E+00
  4.19427E+00  4.71856E+00  5.24285E+00  5.76714E+00  6.29142E+00  6.81571E+00
  7.34000E+00  7.86429E+00
  9.96023E-01  9.95340E-01  9.94432E-01  9.92341E-01  9.93401E-01  9.91902E-01
  9.92557E-01  9.92248E-01  9.92014E-01  9.91211E-01  9.91537E-01  9.91928E-01
  9.91259E-01  9.89912E-01  9.91022E-01  9.91033E-01  9.90639E-01  9.90074E-01
  9.90257E-01  9.89797E-01  9.90039E-01  9.90104E-01  9.89582E-01  9.89370E-01
  9.89067E-01  9.90117E-01  9.88756E-01  9.88523E-01  9.88315E-01  9.88452E-01
  9.87962E-01  9.87234E-01  9.87610E-01  9.86456E-01  9.86598E-01  9.85953E-01
  9.85562E-01  9.84415E-01  9.83456E-01  9.83025E-01  9.81829E-01  9.81338E-01
  9.80481E-01  9.79706E-01  9.78704E-01  9.77007E-01  9.75297E-01  9.73711E-01
  9.72025E-01  9.70448E-01  9.68477E-01  9.67323E-01  9.65312E-01  9.61894E-01
  9.58370E-01  9.55306E-01  9.51910E-01  9.48718E-01  9.45399E-01  9.42029E-01
  9.38572E-01  9.32116E-01  9.25360E-01  9.19001E-01  9.12542E-01  9.06180E-01
  8.99819E-01  8.93419E-01  8.87221E-01  8.74667E-01  8.62445E-01  8.50353E-01
  8.38507E-01  8.26876E-01  8.15552E-01  8.04126E-01  7.93052E-01  7.71106E-01
  7.49895E-01  7.29316E-01  7.09467E-01  6.90195E-01  6.71465E-01  6.53201E-01
  6.35674E-01  6.01865E-01  5.69921E-01  5.39726E-01  5.11322E-01  4.84498E-01
  4.58972E-01  4.34857E-01  4.17912E-01  3.75377E-01  3.37742E-01  3.04610E-01
  2.75034E-01  2.48672E-01  2.24968E-01  2.03640E-01  1.85205E-01  1.53770E-01
  1.29297E-01  1.09706E-01  9.38366E-02  8.05857E-02  6.98544E-02  6.06407E-02
  5.28811E-02  3.91432E-02  2.94407E-02  2.35610E-02  1.95272E-02  1.62894E-02
  1.25073E-02  8.80645E-03  6.96937E-03  6.13960E-03  7.18202E-03  3.98860E-03
  5.33138E-03  6.52721E-03  4.34813E-03  1.60640E-03  2.61737E-03  2.68036E-03
 -3.95089E-04 -2.30523E-03  4.55893E-04  4.09388E-03  2.14277E-03 -2.20714E-04
 -1.49506E-03  1.63728E-03 -3.73496E-04 -1.70085E-03 -6.37971E-04  3.68902E-03
  4.76114E-03  6.40243E-03  3.69766E-03 -4.05522E-03 -2.20709E-03 -1.56380E-04
 -1.25982E-03  7.71212E-04  2.67285E-03  6.47769E-06 -1.41510E-03 -3.82481E-04
 -1.22648E-03 -7.73476E-04  3.54224E-03  3.30132E-03 -1.72831E-03 -1.90570E-03
 -2.82606E-03 -7.62042E-04 -3.56827E-03 -4.13826E-04  1.10098E-03 -2.32190E-03
 -1.13276E-03  1.39395E-03  5.24844E-05  3.25480E-04 -8.48177E-04  2.68937E-04
  7.10966E-04  1.16068E-03  1.15107E-04  3.13338E-04  1.14687E-03  2.62474E-04
 -1.69544E-03 -1.17347E-03  2.69706E-04 -1.78721E-03 -5.95336E-04 -1.21983E-03
 -3.66498E-04 -4.48425E-04 -6.92492E-05 -8.16601E-04  6.91988E-04  3.17560E-04
  1.16485E-03  2.20849E-04
