AutoSaveFileName0008.ASC
 IFORMY    0    .00
 (6E13.7)
 IFORMT    0    .00
 (6E13.7)
 IFORMW    0    .00
 (6E13.7)
 NINTT     0   -1.00
 DOUSNQ    0    1.00
 IQUAD          1.00
 PRWT      0    1.00
 PRY       0    1.00
 IPLRES    1    3.00
 IPLRES    2    3.00
 IPRINT    1    0.00
 IPRINT    2    2.00
 IPLFIT    1    0.00
 IPLFIT    2    0.00
 LINEPG    0   50.
 NONNEG    1    1.00
 IWT       0    5.00
 NQPROG    1    5.00
 NQPROG    2    5.00
 GMNMX     1    3.171E-04
 GMNMX     2    3.171E-01
 RUSER    10    -1.00
 NG        0    200.00
 NLINF     0    0.00
 IUSER    10    4.00
 RUSER    21    1.0
 RUSER    22   -1.0
 RUSER    23    0.0
 RUSER    18         291.79560
 RUSER    17         16.99900
 RUSER    19         1.03574
 RUSER    15         1.33200
 RUSER    16         632.80000
 RUSER    25         1
 RUSER    26         0
 END       0    0.00
 NY      131
  3.75000E-07  5.00000E-07  6.25000E-07  7.50000E-07  8.75000E-07  1.00000E-06
  1.12500E-06  1.25000E-06  1.37500E-06  1.50000E-06  1.62500E-06  1.75000E-06
  1.87500E-06  2.00000E-06  2.25000E-06  2.50000E-06  2.75000E-06  3.00000E-06
  3.25000E-06  3.50000E-06  3.75000E-06  4.00000E-06  4.50000E-06  5.00000E-06
  5.50000E-06  6.00000E-06  6.50000E-06  7.00000E-06  7.50000E-06  8.00000E-06
  9.00000E-06  1.00000E-05  1.10000E-05  1.20000E-05  1.30000E-05  1.40000E-05
  1.50000E-05  1.60000E-05  1.80000E-05  2.00000E-05  2.20000E-05  2.40000E-05
  2.60000E-05  2.80000E-05  3.00000E-05  3.20000E-05  3.60000E-05  4.00000E-05
  4.40000E-05  4.80000E-05  5.20000E-05  5.60000E-05  6.00000E-05  6.40000E-05
  7.20000E-05  8.00000E-05  8.80000E-05  9.60000E-05  1.04000E-04  1.12000E-04
  1.20000E-04  1.28000E-04  1.44000E-04  1.60000E-04  1.76000E-04  1.92000E-04
  2.08000E-04  2.24000E-04  2.40000E-04  2.56000E-04  2.88000E-04  3.20000E-04
  3.52000E-04  3.84000E-04  4.16000E-04  4.48000E-04  4.80000E-04  5.12000E-04
  5.76000E-04  6.40000E-04  7.04000E-04  7.68000E-04  8.32000E-04  8.96000E-04
  9.60000E-04  1.02400E-03  1.15200E-03  1.28000E-03  1.40800E-03  1.53600E-03
  1.66400E-03  1.79200E-03  1.92000E-03  2.01600E-03  2.27200E-03  2.52800E-03
  2.78400E-03  3.04000E-03  3.29600E-03  3.55200E-03  3.80800E-03  4.06400E-03
  4.57600E-03  5.08800E-03  5.60000E-03  6.11200E-03  6.62400E-03  7.13600E-03
  7.64800E-03  8.16000E-03  9.18400E-03  1.02080E-02  1.12320E-02  1.22560E-02
  1.32800E-02  1.43040E-02  1.53280E-02  1.63520E-02  1.84000E-02  2.04480E-02
  2.24960E-02  2.45440E-02  2.65920E-02  2.86400E-02  3.06880E-02  3.27360E-02
  3.68320E-02  4.09280E-02  4.50240E-02  4.91200E-02  5.32160E-02
  2.01737E+00  2.01379E+00  2.01455E+00  2.01259E+00  2.01287E+00  2.01142E+00
  2.01064E+00  2.01135E+00  2.01113E+00  2.01192E+00  2.01141E+00  2.01249E+00
  2.01196E+00  2.01061E+00  2.01098E+00  2.01038E+00  2.01047E+00  2.01056E+00
  2.01061E+00  2.01208E+00  2.01054E+00  2.01053E+00  2.01005E+00  2.01115E+00
  2.01150E+00  2.01159E+00  2.01119E+00  2.01118E+00  2.01028E+00  2.01067E+00
  2.01103E+00  2.01129E+00  2.01046E+00  2.01096E+00  2.01064E+00  2.01036E+00
  2.01047E+00  2.01094E+00  2.01055E+00  2.01055E+00  2.01069E+00  2.01059E+00
  2.00999E+00  2.01015E+00  2.01045E+00  2.00991E+00  2.00976E+00  2.00986E+00
  2.00949E+00  2.00899E+00  2.00923E+00  2.00894E+00  2.00865E+00  2.00864E+00
  2.00823E+00  2.00779E+00  2.00734E+00  2.00713E+00  2.00667E+00  2.00640E+00
  2.00562E+00  2.00535E+00  2.00459E+00  2.00363E+00  2.00287E+00  2.00246E+00
  2.00142E+00  2.00068E+00  1.99999E+00  1.99895E+00  1.99738E+00  1.99588E+00
  1.99437E+00  1.99268E+00  1.99120E+00  1.98975E+00  1.98810E+00  1.98602E+00
  1.98296E+00  1.97992E+00  1.97676E+00  1.97380E+00  1.97078E+00  1.96768E+00
  1.96460E+00  1.96129E+00  1.95525E+00  1.94922E+00  1.94318E+00  1.93730E+00
  1.93131E+00  1.92526E+00  1.91934E+00  1.92052E+00  1.90865E+00  1.89681E+00
  1.88498E+00  1.87332E+00  1.86182E+00  1.85042E+00  1.83909E+00  1.82755E+00
  1.80519E+00  1.78290E+00  1.76103E+00  1.73957E+00  1.71825E+00  1.69725E+00
  1.67655E+00  1.65567E+00  1.61528E+00  1.57601E+00  1.53796E+00  1.50085E+00
  1.46457E+00  1.42911E+00  1.39508E+00  1.36191E+00  1.29951E+00  1.24053E+00
  1.18412E+00  1.13037E+00  1.08017E+00  1.03321E+00  9.86767E-01  9.42875E-01
  8.64427E-01  7.91986E-01  7.22512E-01  6.58636E-01  6.01965E-01
