AutoSaveFileName0019.ASC
 IFORMY    0    .00
 (6E13.7)
 IFORMT    0    .00
 (6E13.7)
 IFORMW    0    .00
 (6E13.7)
 NINTT     0   -1.00
 DOUSNQ    0    1.00
 IQUAD          1.00
 PRWT      0    1.00
 PRY       0    1.00
 IPLRES    1    3.00
 IPLRES    2    3.00
 IPRINT    1    0.00
 IPRINT    2    2.00
 IPLFIT    1    0.00
 IPLFIT    2    0.00
 LINEPG    0   50.
 NONNEG    1    1.00
 IWT       0    5.00
 NQPROG    1    5.00
 NQPROG    2    5.00
 GMNMX     1    2.085E-04
 GMNMX     2    2.085E-01
 RUSER    10    -1.00
 NG        0    200.00
 NLINF     0    0.00
 IUSER    10    4.00
 RUSER    21    1.0
 RUSER    22   -1.0
 RUSER    23    0.0
 RUSER    18         291.80922
 RUSER    17         20.99900
 RUSER    19         1.03539
 RUSER    15         1.33200
 RUSER    16         632.80000
 RUSER    25         1
 RUSER    26         0
 END       0    0.00
 NY      131
  3.75000E-07  5.00000E-07  6.25000E-07  7.50000E-07  8.75000E-07  1.00000E-06
  1.12500E-06  1.25000E-06  1.37500E-06  1.50000E-06  1.62500E-06  1.75000E-06
  1.87500E-06  2.00000E-06  2.25000E-06  2.50000E-06  2.75000E-06  3.00000E-06
  3.25000E-06  3.50000E-06  3.75000E-06  4.00000E-06  4.50000E-06  5.00000E-06
  5.50000E-06  6.00000E-06  6.50000E-06  7.00000E-06  7.50000E-06  8.00000E-06
  9.00000E-06  1.00000E-05  1.10000E-05  1.20000E-05  1.30000E-05  1.40000E-05
  1.50000E-05  1.60000E-05  1.80000E-05  2.00000E-05  2.20000E-05  2.40000E-05
  2.60000E-05  2.80000E-05  3.00000E-05  3.20000E-05  3.60000E-05  4.00000E-05
  4.40000E-05  4.80000E-05  5.20000E-05  5.60000E-05  6.00000E-05  6.40000E-05
  7.20000E-05  8.00000E-05  8.80000E-05  9.60000E-05  1.04000E-04  1.12000E-04
  1.20000E-04  1.28000E-04  1.44000E-04  1.60000E-04  1.76000E-04  1.92000E-04
  2.08000E-04  2.24000E-04  2.40000E-04  2.56000E-04  2.88000E-04  3.20000E-04
  3.52000E-04  3.84000E-04  4.16000E-04  4.48000E-04  4.80000E-04  5.12000E-04
  5.76000E-04  6.40000E-04  7.04000E-04  7.68000E-04  8.32000E-04  8.96000E-04
  9.60000E-04  1.02400E-03  1.15200E-03  1.28000E-03  1.40800E-03  1.53600E-03
  1.66400E-03  1.79200E-03  1.92000E-03  2.01600E-03  2.27200E-03  2.52800E-03
  2.78400E-03  3.04000E-03  3.29600E-03  3.55200E-03  3.80800E-03  4.06400E-03
  4.57600E-03  5.08800E-03  5.60000E-03  6.11200E-03  6.62400E-03  7.13600E-03
  7.64800E-03  8.16000E-03  9.18400E-03  1.02080E-02  1.12320E-02  1.22560E-02
  1.32800E-02  1.43040E-02  1.53280E-02  1.63520E-02  1.84000E-02  2.04480E-02
  2.24960E-02  2.45440E-02  2.65920E-02  2.86400E-02  3.06880E-02  3.27360E-02
  3.68320E-02  4.09280E-02  4.50240E-02  4.91200E-02  5.32160E-02
  1.47649E+00  1.47622E+00  1.47371E+00  1.47216E+00  1.47074E+00  1.47448E+00
  1.47037E+00  1.47233E+00  1.47080E+00  1.47103E+00  1.47105E+00  1.47184E+00
  1.47094E+00  1.47087E+00  1.47134E+00  1.47031E+00  1.47165E+00  1.47132E+00
  1.47066E+00  1.47061E+00  1.47041E+00  1.47089E+00  1.47050E+00  1.47141E+00
  1.47083E+00  1.47103E+00  1.47080E+00  1.47139E+00  1.47080E+00  1.47100E+00
  1.47136E+00  1.47038E+00  1.47137E+00  1.47055E+00  1.47024E+00  1.47098E+00
  1.46994E+00  1.47043E+00  1.47056E+00  1.47024E+00  1.47053E+00  1.46999E+00
  1.46982E+00  1.46999E+00  1.47005E+00  1.46959E+00  1.47013E+00  1.46976E+00
  1.46902E+00  1.46872E+00  1.46885E+00  1.46843E+00  1.46809E+00  1.46815E+00
  1.46775E+00  1.46742E+00  1.46677E+00  1.46646E+00  1.46599E+00  1.46572E+00
  1.46527E+00  1.46465E+00  1.46388E+00  1.46306E+00  1.46226E+00  1.46154E+00
  1.46052E+00  1.45964E+00  1.45905E+00  1.45812E+00  1.45640E+00  1.45481E+00
  1.45317E+00  1.45155E+00  1.44987E+00  1.44841E+00  1.44669E+00  1.44032E+00
  1.43715E+00  1.43396E+00  1.43073E+00  1.42748E+00  1.42434E+00  1.42115E+00
  1.41804E+00  1.12123E+00  1.11560E+00  1.11016E+00  1.10477E+00  1.09934E+00
  1.09400E+00  1.08862E+00  1.08340E+00  1.37756E+00  1.36529E+00  1.35298E+00
  1.34087E+00  1.32906E+00  1.31727E+00  1.30549E+00  1.29402E+00  1.28254E+00
  1.26040E+00  1.23854E+00  1.21720E+00  1.19620E+00  1.17556E+00  1.15520E+00
  1.13528E+00  1.11568E+00  1.07709E+00  1.04021E+00  1.00487E+00  9.70810E-01
  9.37792E-01  9.06157E-01  8.75366E-01  8.44952E-01  7.88462E-01  7.35519E-01
  6.84906E-01  6.37844E-01  5.94955E-01  5.54390E-01  5.17315E-01  4.80595E-01
  4.10305E-01  3.48071E-01  2.93054E-01  2.42020E-01  1.99482E-01
