AutoSaveFileName0125.ASC
 IFORMY    0    .00
 (6E13.7)
 IFORMT    0    .00
 (6E13.7)
 IFORMW    0    .00
 (6E13.7)
 NINTT     0   -1.00
 DOUSNQ    0    1.00
 IQUAD     0    1.00
 PRWT      0    1.00
 PRY       0    1.00
 IPLRES    1    3.00
 IPLRES    2    3.00
 IPRINT    1    0.00
 IPRINT    2    2.00
 IPLFIT    1    0.00
 IPLFIT    2    0.00
 LINEPG    0   50.
 NONNEG    1    1.00
 IWT       0    5.00
 NQPROG    1    5.00
 NQPROG    2    5.00
 GMNMX     1    7.25047E-03
 GMNMX     2    2.60273E-03
 RUSER    10    -1.00
 NG        0    500.00
 NLINF     0    1.00
 IUSER    10    4.00
 RUSER    21    1.0
 RUSER    22   -1.0
 RUSER    23    0.0
 RUSER    18         291.98355
 RUSER    17         74.99900
 RUSER    19         1.03092
 RUSER    15         1.33200
 RUSER    16         632.80000
 RUSER    25         1
 RUSER    26         0
 END       0    0.00
 NY      162
  7.50000E-07  8.75000E-07  1.00000E-06  1.12500E-06  1.25000E-06  1.37500E-06
  1.50000E-06  1.62500E-06  1.75000E-06  1.87500E-06  2.00000E-06  2.25000E-06
  2.50000E-06  2.75000E-06  3.00000E-06  3.25000E-06  3.50000E-06  3.75000E-06
  4.00000E-06  4.50000E-06  5.00000E-06  5.50000E-06  6.00000E-06  6.50000E-06
  7.00000E-06  7.50000E-06  8.00000E-06  9.00000E-06  1.00000E-05  1.10000E-05
  1.20000E-05  1.30000E-05  1.40000E-05  1.50000E-05  1.60000E-05  1.80000E-05
  2.00000E-05  2.20000E-05  2.40000E-05  2.60000E-05  2.80000E-05  3.00000E-05
  3.20000E-05  3.60000E-05  4.00000E-05  4.40000E-05  4.80000E-05  5.20000E-05
  5.60000E-05  6.00000E-05  6.40000E-05  7.20000E-05  8.00000E-05  8.80000E-05
  9.60000E-05  1.04000E-04  1.12000E-04  1.20000E-04  1.28000E-04  1.44000E-04
  1.60000E-04  1.76000E-04  1.92000E-04  2.08000E-04  2.24000E-04  2.40000E-04
  2.56000E-04  2.88000E-04  3.20000E-04  3.52000E-04  3.84000E-04  4.16000E-04
  4.48000E-04  4.80000E-04  5.12000E-04  5.76000E-04  6.40000E-04  7.04000E-04
  7.68000E-04  8.32000E-04  8.96000E-04  9.60000E-04  1.02400E-03  1.15200E-03
  1.28000E-03  1.40800E-03  1.53600E-03  1.66400E-03  1.79200E-03  1.92000E-03
  2.01600E-03  2.27200E-03  2.52800E-03  2.78400E-03  3.04000E-03  3.29600E-03
  3.55200E-03  3.80800E-03  4.06400E-03  4.57600E-03  5.08800E-03  5.60000E-03
  6.11200E-03  6.62400E-03  7.13600E-03  7.64800E-03  8.16000E-03  9.18400E-03
  1.02080E-02  1.12320E-02  1.22560E-02  1.32800E-02  1.43040E-02  1.53280E-02
  1.63520E-02  1.84000E-02  2.04480E-02  2.24960E-02  2.45440E-02  2.65920E-02
  2.86400E-02  3.06880E-02  3.27360E-02  3.68320E-02  4.09280E-02  4.50240E-02
  4.91200E-02  5.32160E-02  5.73120E-02  6.14080E-02  6.55040E-02  7.36960E-02
  8.18880E-02  9.00800E-02  9.82720E-02  1.06464E-01  1.14656E-01  1.22848E-01
  1.31040E-01  1.47424E-01  1.63808E-01  1.80192E-01  1.96576E-01  2.12960E-01
  2.29344E-01  2.45728E-01  2.62112E-01  2.94880E-01  3.27648E-01  3.60416E-01
  3.93184E-01  4.25952E-01  4.58720E-01  4.91488E-01  5.24256E-01  5.89792E-01
  6.55328E-01  7.20864E-01  7.86400E-01  8.51936E-01  9.17472E-01  9.83008E-01
  9.98386E-01  1.00000E+00  9.95459E-01  9.96732E-01  9.92365E-01  9.93940E-01
  9.96779E-01  9.91512E-01  9.93893E-01  9.90678E-01  9.92967E-01  9.89676E-01
  9.92669E-01  9.89764E-01  9.90068E-01  9.89676E-01  9.87967E-01  9.86664E-01
  9.86709E-01  9.84914E-01  9.84603E-01  9.83563E-01  9.83310E-01  9.80212E-01
  9.80856E-01  9.78737E-01  9.78449E-01  9.74920E-01  9.73305E-01  9.71006E-01
  9.69639E-01  9.66651E-01  9.62688E-01  9.62398E-01  9.59310E-01  9.54579E-01
  9.49402E-01  9.44084E-01  9.40645E-01  9.35321E-01  9.31692E-01  9.26258E-01
  9.21550E-01  9.12810E-01  9.03663E-01  8.95239E-01  8.86645E-01  8.78102E-01
  8.69455E-01  8.60605E-01  8.52625E-01  8.36372E-01  8.20078E-01  8.04212E-01
  7.88417E-01  7.73890E-01  7.58752E-01  7.43792E-01  7.29273E-01  7.01531E-01
  6.74589E-01  6.49155E-01  6.24548E-01  6.00505E-01  5.77584E-01  5.55509E-01
  5.34619E-01  4.94695E-01  4.57987E-01  4.24012E-01  3.92931E-01  3.63861E-01
  3.36842E-01  3.12001E-01  2.89475E-01  2.48589E-01  2.13857E-01  1.84033E-01
  1.58377E-01  1.36635E-01  1.17998E-01  1.01961E-01  8.81803E-02  6.51272E-02
  4.82995E-02  3.62295E-02  2.80123E-02  2.16917E-02  1.70189E-02  1.33200E-02
  1.14200E-02  7.90166E-03  5.81025E-03  4.22788E-03  3.47869E-03  3.25317E-03
  2.83327E-03  3.14022E-03  3.47353E-03  3.45427E-03  3.58866E-03  4.66048E-03
  5.26107E-03  3.01498E-03  1.02359E-03 -1.84069E-03 -1.05601E-03 -2.09471E-03
 -2.01773E-03 -1.12923E-04  5.44928E-04  2.51071E-03  1.95782E-03  1.21032E-03
 -2.74199E-04 -3.27826E-05 -1.66229E-03 -2.68901E-03 -1.33842E-03 -9.31499E-04
 -2.56389E-03 -2.11664E-03 -2.31650E-03  1.51697E-04 -9.27066E-04  1.18270E-04
 -5.13515E-04  1.06752E-03 -6.80562E-04 -1.25064E-03 -1.13876E-04 -1.85089E-04
 -3.79472E-04  4.67478E-04 -1.82791E-03 -9.89552E-04 -7.46265E-04 -6.80429E-04
 -1.74190E-04 -2.92186E-04  1.77901E-04 -8.53600E-04  1.18274E-04  3.71755E-04
 -1.03661E-03  7.27615E-04  4.32081E-05 -6.34719E-04 -3.25309E-04 -4.53948E-04
 -5.30219E-05 -3.20901E-05 -1.45155E-04  4.36352E-05  3.32317E-04 -1.80806E-04
 -1.18313E-04 -3.79597E-04  3.34663E-04 -1.47449E-04  3.95191E-04 -9.00606E-04
