AutoSaveFileName0234.ASC
 IFORMY    0    .00
 (6E13.7)
 IFORMT    0    .00
 (6E13.7)
 IFORMW    0    .00
 (6E13.7)
 NINTT     0   -1.00
 DOUSNQ    0    1.00
 IQUAD          1.00
 PRWT      0    1.00
 PRY       0    1.00
 IPLRES    1    3.00
 IPLRES    2    3.00
 IPRINT    1    0.00
 IPRINT    2    2.00
 IPLFIT    1    0.00
 IPLFIT    2    0.00
 LINEPG    0   50.
 NONNEG    1    1.00
 IWT       0    5.00
 NQPROG    1    5.00
 NQPROG    2    5.00
 GMNMX     1    1.306E-05
 GMNMX     2    1.306E-02
 RUSER    10    -1.00
 NG        0    200.00
 NLINF     0    0.00
 IUSER    10    4.00
 RUSER    21    1.0
 RUSER    22   -1.0
 RUSER    23    0.0
 RUSER    18         292.07436
 RUSER    17         92.99900
 RUSER    19         1.02860
 RUSER    15         1.33200
 RUSER    16         632.80000
 RUSER    25         1
 RUSER    26         0
 END       0    0.00
 NY      131
  3.75000E-07  5.00000E-07  6.25000E-07  7.50000E-07  8.75000E-07  1.00000E-06
  1.12500E-06  1.25000E-06  1.37500E-06  1.50000E-06  1.62500E-06  1.75000E-06
  1.87500E-06  2.00000E-06  2.25000E-06  2.50000E-06  2.75000E-06  3.00000E-06
  3.25000E-06  3.50000E-06  3.75000E-06  4.00000E-06  4.50000E-06  5.00000E-06
  5.50000E-06  6.00000E-06  6.50000E-06  7.00000E-06  7.50000E-06  8.00000E-06
  9.00000E-06  1.00000E-05  1.10000E-05  1.20000E-05  1.30000E-05  1.40000E-05
  1.50000E-05  1.60000E-05  1.80000E-05  2.00000E-05  2.20000E-05  2.40000E-05
  2.60000E-05  2.80000E-05  3.00000E-05  3.20000E-05  3.60000E-05  4.00000E-05
  4.40000E-05  4.80000E-05  5.20000E-05  5.60000E-05  6.00000E-05  6.40000E-05
  7.20000E-05  8.00000E-05  8.80000E-05  9.60000E-05  1.04000E-04  1.12000E-04
  1.20000E-04  1.28000E-04  1.44000E-04  1.60000E-04  1.76000E-04  1.92000E-04
  2.08000E-04  2.24000E-04  2.40000E-04  2.56000E-04  2.88000E-04  3.20000E-04
  3.52000E-04  3.84000E-04  4.16000E-04  4.48000E-04  4.80000E-04  5.12000E-04
  5.76000E-04  6.40000E-04  7.04000E-04  7.68000E-04  8.32000E-04  8.96000E-04
  9.60000E-04  1.02400E-03  1.15200E-03  1.28000E-03  1.40800E-03  1.53600E-03
  1.66400E-03  1.79200E-03  1.92000E-03  2.01600E-03  2.27200E-03  2.52800E-03
  2.78400E-03  3.04000E-03  3.29600E-03  3.55200E-03  3.80800E-03  4.06400E-03
  4.57600E-03  5.08800E-03  5.60000E-03  6.11200E-03  6.62400E-03  7.13600E-03
  7.64800E-03  8.16000E-03  9.18400E-03  1.02080E-02  1.12320E-02  1.22560E-02
  1.32800E-02  1.43040E-02  1.53280E-02  1.63520E-02  1.84000E-02  2.04480E-02
  2.24960E-02  2.45440E-02  2.65920E-02  2.86400E-02  3.06880E-02  3.27360E-02
  3.68320E-02  4.09280E-02  4.50240E-02  4.91200E-02  5.32160E-02
  7.92957E-01  7.88807E-01  7.90272E-01  7.89780E-01  7.85702E-01  7.87620E-01
  7.86657E-01  7.84697E-01  7.86542E-01  7.86872E-01  7.87217E-01  7.84192E-01
  7.86497E-01  7.88252E-01  7.84887E-01  7.87976E-01  7.85064E-01  7.86970E-01
  7.83869E-01  7.87910E-01  7.85491E-01  7.86969E-01  7.85810E-01  7.85416E-01
  7.84612E-01  7.84399E-01  7.83428E-01  7.83265E-01  7.83193E-01  7.84090E-01
  7.82467E-01  7.82082E-01  7.81742E-01  7.80565E-01  7.81186E-01  7.80344E-01
  7.78234E-01  7.79459E-01  7.79188E-01  7.78034E-01  7.76809E-01  7.76793E-01
  7.75144E-01  7.74946E-01  7.73546E-01  7.72612E-01  7.70469E-01  7.68846E-01
  7.67119E-01  7.65334E-01  7.64070E-01  7.61552E-01  7.59172E-01  7.57633E-01
  7.54142E-01  7.51231E-01  7.47562E-01  7.43455E-01  7.40167E-01  7.36395E-01
  7.33267E-01  7.30069E-01  7.22542E-01  7.16152E-01  7.08859E-01  7.02086E-01
  6.95800E-01  6.89378E-01  6.82919E-01  6.76686E-01  6.64033E-01  6.51395E-01
  6.38806E-01  6.26624E-01  6.14959E-01  6.03249E-01  5.91591E-01  5.80428E-01
  5.58366E-01  5.37693E-01  5.17635E-01  4.98517E-01  4.80238E-01  4.62792E-01
  4.46090E-01  4.29981E-01  3.99538E-01  3.70951E-01  3.44255E-01  3.20116E-01
  2.97776E-01  2.76914E-01  2.57314E-01  2.42495E-01  2.09703E-01  1.81851E-01
  1.58259E-01  1.38657E-01  1.21238E-01  1.06409E-01  9.34351E-02  8.21732E-02
  6.24443E-02  4.69495E-02  3.40013E-02  2.47171E-02  1.85504E-02  1.20456E-02
  5.23426E-03  1.51498E-03 -2.20310E-03 -4.33668E-03 -5.91816E-03 -5.65395E-03
 -7.07936E-03 -8.47529E-03 -4.21549E-03  3.53906E-03  3.59037E-03  2.36251E-03
  7.24084E-03  3.51950E-03  3.22192E-03  2.44441E-03  3.30110E-04 -2.74774E-03
 -1.09149E-02 -9.84696E-04  1.50265E-03  7.01868E-03 -3.85040E-03
