AutoSaveFileName0195.ASC
 IFORMY    0    .00
 (6E13.7)
 IFORMT    0    .00
 (6E13.7)
 IFORMW    0    .00
 (6E13.7)
 NINTT     0   -1.00
 DOUSNQ    0    1.00
 IQUAD          1.00
 PRWT      0    1.00
 PRY       0    1.00
 IPLRES    1    3.00
 IPLRES    2    3.00
 IPRINT    1    0.00
 IPRINT    2    2.00
 IPLFIT    1    0.00
 IPLFIT    2    0.00
 LINEPG    0   50.
 NONNEG    1    1.00
 IWT       0    5.00
 NQPROG    1    5.00
 NQPROG    2    5.00
 GMNMX     1    1.020E-05
 GMNMX     2    1.020E-02
 RUSER    10    -1.00
 NG        0    200.00
 NLINF     0    0.00
 IUSER    10    4.00
 RUSER    21    1.0
 RUSER    22   -1.0
 RUSER    23    0.0
 RUSER    18         292.23242
 RUSER    17         109.99900
 RUSER    19         1.02459
 RUSER    15         1.33200
 RUSER    16         632.80000
 RUSER    25         1
 RUSER    26         0
 END       0    0.00
 NY      188
  5.00000E-07  6.25000E-07  7.50000E-07  8.75000E-07  1.00000E-06  1.12500E-06
  1.25000E-06  1.37500E-06  1.50000E-06  1.62500E-06  1.75000E-06  1.87500E-06
  2.00000E-06  2.25000E-06  2.50000E-06  2.75000E-06  3.00000E-06  3.25000E-06
  3.50000E-06  3.75000E-06  4.00000E-06  4.50000E-06  5.00000E-06  5.50000E-06
  6.00000E-06  6.50000E-06  7.00000E-06  7.50000E-06  8.00000E-06  9.00000E-06
  1.00000E-05  1.10000E-05  1.20000E-05  1.30000E-05  1.40000E-05  1.50000E-05
  1.60000E-05  1.80000E-05  2.00000E-05  2.20000E-05  2.40000E-05  2.60000E-05
  2.80000E-05  3.00000E-05  3.20000E-05  3.60000E-05  4.00000E-05  4.40000E-05
  4.80000E-05  5.20000E-05  5.60000E-05  6.00000E-05  6.40000E-05  7.20000E-05
  8.00000E-05  8.80000E-05  9.60000E-05  1.04000E-04  1.12000E-04  1.20000E-04
  1.28000E-04  1.44000E-04  1.60000E-04  1.76000E-04  1.92000E-04  2.08000E-04
  2.24000E-04  2.40000E-04  2.56000E-04  2.88000E-04  3.20000E-04  3.52000E-04
  3.84000E-04  4.16000E-04  4.48000E-04  4.80000E-04  5.12000E-04  5.76000E-04
  6.40000E-04  7.04000E-04  7.68000E-04  8.32000E-04  8.96000E-04  9.60000E-04
  1.02400E-03  1.15200E-03  1.28000E-03  1.40800E-03  1.53600E-03  1.66400E-03
  1.79200E-03  1.92000E-03  2.01600E-03  2.27200E-03  2.52800E-03  2.78400E-03
  3.04000E-03  3.29600E-03  3.55200E-03  3.80800E-03  4.06400E-03  4.57600E-03
  5.08800E-03  5.60000E-03  6.11200E-03  6.62400E-03  7.13600E-03  7.64800E-03
  8.16000E-03  9.18400E-03  1.02080E-02  1.12320E-02  1.22560E-02  1.32800E-02
  1.43040E-02  1.53280E-02  1.63520E-02  1.84000E-02  2.04480E-02  2.24960E-02
  2.45440E-02  2.65920E-02  2.86400E-02  3.06880E-02  3.27360E-02  3.68320E-02
  4.09280E-02  4.50240E-02  4.91200E-02  5.32160E-02  5.73120E-02  6.14080E-02
  6.55040E-02  7.36960E-02  8.18880E-02  9.00800E-02  9.82720E-02  1.06464E-01
  1.14656E-01  1.22848E-01  1.31040E-01  1.47424E-01  1.63808E-01  1.80192E-01
  1.96576E-01  2.12960E-01  2.29344E-01  2.45728E-01  2.62112E-01  2.94880E-01
  3.27648E-01  3.60416E-01  3.93184E-01  4.25952E-01  4.58720E-01  4.91488E-01
  5.24256E-01  5.89792E-01  6.55328E-01  7.20864E-01  7.86400E-01  8.51936E-01
  9.17472E-01  9.83008E-01  1.04854E+00  1.17962E+00  1.31069E+00  1.44176E+00
  1.57283E+00  1.70390E+00  1.83498E+00  1.96605E+00  2.09712E+00  2.35926E+00
  2.62141E+00  2.88355E+00  3.14570E+00  3.40784E+00  3.66998E+00  3.93213E+00
  4.19427E+00  4.71856E+00  5.24285E+00  5.76714E+00  6.29142E+00  6.81571E+00
  7.34000E+00  7.86429E+00
  9.91366E-01  9.89104E-01  9.87918E-01  9.92690E-01  9.90528E-01  9.89890E-01
  9.88443E-01  9.87176E-01  9.85323E-01  9.85344E-01  9.86937E-01  9.87037E-01
  9.85988E-01  9.87585E-01  9.83938E-01  9.86385E-01  9.87626E-01  9.86740E-01
  9.84406E-01  9.83461E-01  9.84816E-01  9.85081E-01  9.84948E-01  9.85886E-01
  9.85998E-01  9.84262E-01  9.84282E-01  9.84253E-01  9.83844E-01  9.84306E-01
  9.84543E-01  9.83157E-01  9.83984E-01  9.81851E-01  9.82731E-01  9.80793E-01
  9.81608E-01  9.81592E-01  9.79795E-01  9.79287E-01  9.78036E-01  9.77355E-01
  9.77321E-01  9.76532E-01  9.76161E-01  9.74468E-01  9.72391E-01  9.71725E-01
  9.69962E-01  9.68743E-01  9.67235E-01  9.65719E-01  9.64307E-01  9.61603E-01
  9.58623E-01  9.55740E-01  9.53101E-01  9.50152E-01  9.47535E-01  9.44749E-01
  9.41833E-01  9.36219E-01  9.30499E-01  9.24734E-01  9.19460E-01  9.13817E-01
  9.08098E-01  9.02820E-01  8.97261E-01  8.86261E-01  8.75788E-01  8.65189E-01
  8.54857E-01  8.44643E-01  8.34605E-01  8.24552E-01  8.14408E-01  7.95032E-01
  7.75829E-01  7.57203E-01  7.38978E-01  7.21188E-01  7.03923E-01  6.86640E-01
  6.47517E-01  6.16605E-01  5.86862E-01  5.58723E-01  5.32117E-01  5.06786E-01
  4.82619E-01  4.59744E-01  4.59740E-01  4.17681E-01  3.79764E-01  3.45318E-01
  3.14373E-01  2.86279E-01  2.60645E-01  2.37670E-01  2.17556E-01  1.82047E-01
  1.53549E-01  1.29742E-01  1.10082E-01  9.37595E-02  8.08524E-02  7.01145E-02
  6.12229E-02  4.63092E-02  3.37374E-02  2.45917E-02  1.88815E-02  1.56376E-02
  1.55119E-02  1.36034E-02  1.04554E-02  7.23617E-03  5.70168E-03  4.68688E-03
  2.06126E-03  2.58580E-03  4.18779E-03  4.98944E-03  1.11000E-03 -4.51201E-03
 -5.74374E-03 -2.41632E-03 -2.21679E-03 -2.13580E-03  3.75334E-04  3.80864E-03
 -2.80459E-03 -7.39233E-03 -1.06648E-02 -7.29832E-03 -4.08119E-03 -5.68118E-04
 -9.15329E-03 -5.83787E-03 -3.42463E-03 -8.31509E-03  2.39730E-03  3.83453E-03
 -2.64641E-03 -2.37028E-03 -1.87929E-03 -9.65776E-04  1.20013E-03  1.41311E-03
  1.41609E-03  4.14789E-04  3.72998E-04 -1.02579E-03 -6.40639E-03  2.99016E-04
 -3.78472E-05  1.39990E-03 -3.86544E-03  2.23739E-03 -4.02384E-03 -1.17505E-03
  2.73406E-03 -3.43394E-03 -6.97261E-04 -1.69412E-04 -1.58984E-03  1.53031E-04
 -3.21283E-04  5.60732E-04 -2.86956E-03  2.14705E-03  1.24486E-03 -1.10649E-03
  6.90402E-04  1.62764E-03 -6.55483E-04 -1.40057E-03 -1.01168E-03 -8.25508E-04
  7.54527E-04 -6.18435E-04 -8.40323E-04  5.54166E-04  1.28517E-03 -7.62051E-05
 -9.04748E-04 -6.86829E-05
