AutoSaveFileName0171.ASC
 IFORMY    0    .00
 (6E13.7)
 IFORMT    0    .00
 (6E13.7)
 IFORMW    0    .00
 (6E13.7)
 NINTT     0   -1.00
 DOUSNQ    0    1.00
 IQUAD          1.00
 PRWT      0    1.00
 PRY       0    1.00
 IPLRES    1    3.00
 IPLRES    2    3.00
 IPRINT    1    0.00
 IPRINT    2    2.00
 IPLFIT    1    0.00
 IPLFIT    2    0.00
 LINEPG    0   50.
 NONNEG    1    1.00
 IWT       0    5.00
 NQPROG    1    5.00
 NQPROG    2    5.00
 GMNMX     1    1.166E-05
 GMNMX     2    1.166E-02
 RUSER    10    -1.00
 NG        0    200.00
 NLINF     0    0.00
 IUSER    10    4.00
 RUSER    21    1.0
 RUSER    22   -1.0
 RUSER    23    0.0
 RUSER    18         292.22393
 RUSER    17         99.99900
 RUSER    19         1.02480
 RUSER    15         1.33200
 RUSER    16         632.80000
 RUSER    25         1
 RUSER    26         0
 END       0    0.00
 NY      188
  5.00000E-07  6.25000E-07  7.50000E-07  8.75000E-07  1.00000E-06  1.12500E-06
  1.25000E-06  1.37500E-06  1.50000E-06  1.62500E-06  1.75000E-06  1.87500E-06
  2.00000E-06  2.25000E-06  2.50000E-06  2.75000E-06  3.00000E-06  3.25000E-06
  3.50000E-06  3.75000E-06  4.00000E-06  4.50000E-06  5.00000E-06  5.50000E-06
  6.00000E-06  6.50000E-06  7.00000E-06  7.50000E-06  8.00000E-06  9.00000E-06
  1.00000E-05  1.10000E-05  1.20000E-05  1.30000E-05  1.40000E-05  1.50000E-05
  1.60000E-05  1.80000E-05  2.00000E-05  2.20000E-05  2.40000E-05  2.60000E-05
  2.80000E-05  3.00000E-05  3.20000E-05  3.60000E-05  4.00000E-05  4.40000E-05
  4.80000E-05  5.20000E-05  5.60000E-05  6.00000E-05  6.40000E-05  7.20000E-05
  8.00000E-05  8.80000E-05  9.60000E-05  1.04000E-04  1.12000E-04  1.20000E-04
  1.28000E-04  1.44000E-04  1.60000E-04  1.76000E-04  1.92000E-04  2.08000E-04
  2.24000E-04  2.40000E-04  2.56000E-04  2.88000E-04  3.20000E-04  3.52000E-04
  3.84000E-04  4.16000E-04  4.48000E-04  4.80000E-04  5.12000E-04  5.76000E-04
  6.40000E-04  7.04000E-04  7.68000E-04  8.32000E-04  8.96000E-04  9.60000E-04
  1.02400E-03  1.15200E-03  1.28000E-03  1.40800E-03  1.53600E-03  1.66400E-03
  1.79200E-03  1.92000E-03  2.01600E-03  2.27200E-03  2.52800E-03  2.78400E-03
  3.04000E-03  3.29600E-03  3.55200E-03  3.80800E-03  4.06400E-03  4.57600E-03
  5.08800E-03  5.60000E-03  6.11200E-03  6.62400E-03  7.13600E-03  7.64800E-03
  8.16000E-03  9.18400E-03  1.02080E-02  1.12320E-02  1.22560E-02  1.32800E-02
  1.43040E-02  1.53280E-02  1.63520E-02  1.84000E-02  2.04480E-02  2.24960E-02
  2.45440E-02  2.65920E-02  2.86400E-02  3.06880E-02  3.27360E-02  3.68320E-02
  4.09280E-02  4.50240E-02  4.91200E-02  5.32160E-02  5.73120E-02  6.14080E-02
  6.55040E-02  7.36960E-02  8.18880E-02  9.00800E-02  9.82720E-02  1.06464E-01
  1.14656E-01  1.22848E-01  1.31040E-01  1.47424E-01  1.63808E-01  1.80192E-01
  1.96576E-01  2.12960E-01  2.29344E-01  2.45728E-01  2.62112E-01  2.94880E-01
  3.27648E-01  3.60416E-01  3.93184E-01  4.25952E-01  4.58720E-01  4.91488E-01
  5.24256E-01  5.89792E-01  6.55328E-01  7.20864E-01  7.86400E-01  8.51936E-01
  9.17472E-01  9.83008E-01  1.04854E+00  1.17962E+00  1.31069E+00  1.44176E+00
  1.57283E+00  1.70390E+00  1.83498E+00  1.96605E+00  2.09712E+00  2.35926E+00
  2.62141E+00  2.88355E+00  3.14570E+00  3.40784E+00  3.66998E+00  3.93213E+00
  4.19427E+00  4.71856E+00  5.24285E+00  5.76714E+00  6.29142E+00  6.81571E+00
  7.34000E+00  7.86429E+00
  9.94880E-01  9.94549E-01  9.93315E-01  9.90701E-01  9.90383E-01  9.91598E-01
  9.89779E-01  9.91681E-01  9.85734E-01  9.91522E-01  9.91572E-01  9.88220E-01
  9.89181E-01  9.88418E-01  9.91197E-01  9.91751E-01  9.90631E-01  9.91852E-01
  9.88481E-01  9.92743E-01  9.91471E-01  9.89353E-01  9.89442E-01  9.89919E-01
  9.88869E-01  9.89378E-01  9.88100E-01  9.88494E-01  9.88176E-01  9.88329E-01
  9.86904E-01  9.86649E-01  9.86726E-01  9.86548E-01  9.85804E-01  9.85664E-01
  9.86191E-01  9.85422E-01  9.85447E-01  9.83806E-01  9.82935E-01  9.83406E-01
  9.83654E-01  9.82420E-01  9.81682E-01  9.80060E-01  9.79787E-01  9.78355E-01
  9.76575E-01  9.76021E-01  9.74367E-01  9.73375E-01  9.72186E-01  9.70195E-01
  9.68198E-01  9.64445E-01  9.62461E-01  9.59859E-01  9.58117E-01  9.55369E-01
  9.52634E-01  9.47762E-01  9.43640E-01  9.38660E-01  9.34061E-01  9.29100E-01
  9.24845E-01  9.19859E-01  9.15565E-01  9.06750E-01  8.97851E-01  8.88642E-01
  8.79705E-01  8.71010E-01  8.62316E-01  8.53825E-01  8.45658E-01  8.29178E-01
  8.12940E-01  7.96733E-01  7.81182E-01  7.65758E-01  7.50525E-01  7.35463E-01
  7.17514E-01  6.89496E-01  6.62356E-01  6.36202E-01  6.11093E-01  5.86875E-01
  5.63574E-01  5.41363E-01  5.26963E-01  4.86689E-01  4.49431E-01  4.15391E-01
  3.83686E-01  3.54580E-01  3.27785E-01  3.03626E-01  2.82389E-01  2.43729E-01
  2.10962E-01  1.80720E-01  1.54419E-01  1.32303E-01  1.13789E-01  9.77001E-02
  8.38388E-02  5.96261E-02  4.24307E-02  3.20517E-02  2.54665E-02  2.24738E-02
  2.08422E-02  1.90595E-02  1.52316E-02  9.20673E-03  5.36565E-03  7.17183E-03
  1.05114E-02  3.92395E-03  2.42927E-06 -3.29559E-03 -5.76638E-03  2.16877E-03
  1.95495E-03 -2.99570E-03 -2.00822E-03 -2.95236E-03 -2.48994E-03  2.03218E-03
  7.24148E-03  3.40299E-03  1.20439E-02  4.10993E-03 -4.47616E-03 -1.56357E-03
  1.11704E-04  4.51032E-03  1.43752E-03  1.06086E-03  7.56783E-03 -9.89162E-03
 -8.96223E-04 -2.19245E-03 -1.46571E-02  5.74742E-03  1.28853E-03 -1.66594E-03
 -9.05592E-03  2.89476E-03  1.51867E-03 -6.93802E-03 -1.02126E-03 -1.55407E-03
  1.53047E-03  1.75565E-03 -4.60185E-03 -1.64139E-03  1.20915E-03 -2.43446E-03
  6.92403E-03  3.52525E-03  2.05844E-03  1.19035E-03  2.02273E-03 -2.16192E-03
 -1.92250E-03  7.65268E-04 -4.35444E-03 -5.76908E-03 -3.39275E-03  2.90749E-03
  1.36377E-03 -1.73511E-04 -3.56142E-03 -1.16699E-03  1.20958E-03 -1.05675E-03
 -4.71354E-04  2.79834E-04  3.00340E-03 -2.94809E-03  2.28864E-03 -1.93329E-03
  2.01712E-03  1.95158E-03
