AutoSaveFileName0226.ASC
 IFORMY    0    .00
 (6E13.7)
 IFORMT    0    .00
 (6E13.7)
 IFORMW    0    .00
 (6E13.7)
 NINTT     0   -1.00
 DOUSNQ    0    1.00
 IQUAD          1.00
 PRWT      0    1.00
 PRY       0    1.00
 IPLRES    1    3.00
 IPLRES    2    3.00
 IPRINT    1    0.00
 IPRINT    2    2.00
 IPLFIT    1    0.00
 IPLFIT    2    0.00
 LINEPG    0   50.
 NONNEG    1    1.00
 IWT       0    5.00
 NQPROG    1    5.00
 NQPROG    2    5.00
 GMNMX     1    8.693E-06
 GMNMX     2    8.693E-03
 RUSER    10    -1.00
 NG        0    200.00
 NLINF     0    0.00
 IUSER    10    4.00
 RUSER    21    1.0
 RUSER    22   -1.0
 RUSER    23    0.0
 RUSER    18         292.24129
 RUSER    17         124.99900
 RUSER    19         1.02437
 RUSER    15         1.33200
 RUSER    16         632.80000
 RUSER    25         1
 RUSER    26         0
 END       0    0.00
 NY      188
  5.00000E-07  6.25000E-07  7.50000E-07  8.75000E-07  1.00000E-06  1.12500E-06
  1.25000E-06  1.37500E-06  1.50000E-06  1.62500E-06  1.75000E-06  1.87500E-06
  2.00000E-06  2.25000E-06  2.50000E-06  2.75000E-06  3.00000E-06  3.25000E-06
  3.50000E-06  3.75000E-06  4.00000E-06  4.50000E-06  5.00000E-06  5.50000E-06
  6.00000E-06  6.50000E-06  7.00000E-06  7.50000E-06  8.00000E-06  9.00000E-06
  1.00000E-05  1.10000E-05  1.20000E-05  1.30000E-05  1.40000E-05  1.50000E-05
  1.60000E-05  1.80000E-05  2.00000E-05  2.20000E-05  2.40000E-05  2.60000E-05
  2.80000E-05  3.00000E-05  3.20000E-05  3.60000E-05  4.00000E-05  4.40000E-05
  4.80000E-05  5.20000E-05  5.60000E-05  6.00000E-05  6.40000E-05  7.20000E-05
  8.00000E-05  8.80000E-05  9.60000E-05  1.04000E-04  1.12000E-04  1.20000E-04
  1.28000E-04  1.44000E-04  1.60000E-04  1.76000E-04  1.92000E-04  2.08000E-04
  2.24000E-04  2.40000E-04  2.56000E-04  2.88000E-04  3.20000E-04  3.52000E-04
  3.84000E-04  4.16000E-04  4.48000E-04  4.80000E-04  5.12000E-04  5.76000E-04
  6.40000E-04  7.04000E-04  7.68000E-04  8.32000E-04  8.96000E-04  9.60000E-04
  1.02400E-03  1.15200E-03  1.28000E-03  1.40800E-03  1.53600E-03  1.66400E-03
  1.79200E-03  1.92000E-03  2.01600E-03  2.27200E-03  2.52800E-03  2.78400E-03
  3.04000E-03  3.29600E-03  3.55200E-03  3.80800E-03  4.06400E-03  4.57600E-03
  5.08800E-03  5.60000E-03  6.11200E-03  6.62400E-03  7.13600E-03  7.64800E-03
  8.16000E-03  9.18400E-03  1.02080E-02  1.12320E-02  1.22560E-02  1.32800E-02
  1.43040E-02  1.53280E-02  1.63520E-02  1.84000E-02  2.04480E-02  2.24960E-02
  2.45440E-02  2.65920E-02  2.86400E-02  3.06880E-02  3.27360E-02  3.68320E-02
  4.09280E-02  4.50240E-02  4.91200E-02  5.32160E-02  5.73120E-02  6.14080E-02
  6.55040E-02  7.36960E-02  8.18880E-02  9.00800E-02  9.82720E-02  1.06464E-01
  1.14656E-01  1.22848E-01  1.31040E-01  1.47424E-01  1.63808E-01  1.80192E-01
  1.96576E-01  2.12960E-01  2.29344E-01  2.45728E-01  2.62112E-01  2.94880E-01
  3.27648E-01  3.60416E-01  3.93184E-01  4.25952E-01  4.58720E-01  4.91488E-01
  5.24256E-01  5.89792E-01  6.55328E-01  7.20864E-01  7.86400E-01  8.51936E-01
  9.17472E-01  9.83008E-01  1.04854E+00  1.17962E+00  1.31069E+00  1.44176E+00
  1.57283E+00  1.70390E+00  1.83498E+00  1.96605E+00  2.09712E+00  2.35926E+00
  2.62141E+00  2.88355E+00  3.14570E+00  3.40784E+00  3.66998E+00  3.93213E+00
  4.19427E+00  4.71856E+00  5.24285E+00  5.76714E+00  6.29142E+00  6.81571E+00
  7.34000E+00  7.86429E+00
  9.95092E-01  9.93486E-01  9.91296E-01  9.92044E-01  9.92379E-01  9.91235E-01
  9.89693E-01  9.89607E-01  9.89702E-01  9.89493E-01  9.89692E-01  9.90777E-01
  9.89510E-01  9.89227E-01  9.90361E-01  9.89362E-01  9.88978E-01  9.89063E-01
  9.89052E-01  9.89425E-01  9.89175E-01  9.88624E-01  9.89005E-01  9.88766E-01
  9.88573E-01  9.88281E-01  9.87894E-01  9.87435E-01  9.87113E-01  9.87010E-01
  9.86797E-01  9.86403E-01  9.85328E-01  9.85168E-01  9.85395E-01  9.84822E-01
  9.84642E-01  9.83734E-01  9.82819E-01  9.82355E-01  9.81373E-01  9.80946E-01
  9.79887E-01  9.79026E-01  9.78510E-01  9.76667E-01  9.74960E-01  9.73287E-01
  9.71981E-01  9.70398E-01  9.68581E-01  9.67400E-01  9.65642E-01  9.62685E-01
  9.59600E-01  9.56277E-01  9.53266E-01  9.50280E-01  9.46794E-01  9.43916E-01
  9.40960E-01  9.34834E-01  9.28777E-01  9.22557E-01  9.16533E-01  9.10469E-01
  9.04476E-01  8.98491E-01  8.92779E-01  8.81044E-01  8.69412E-01  8.57951E-01
  8.46630E-01  8.35508E-01  8.24635E-01  8.13882E-01  8.03475E-01  7.82627E-01
  7.62345E-01  7.42501E-01  7.23228E-01  7.04484E-01  6.86066E-01  6.68316E-01
  6.51268E-01  6.18142E-01  5.86831E-01  5.57359E-01  5.29537E-01  5.03143E-01
  4.78092E-01  4.54287E-01  4.38418E-01  3.96166E-01  3.58455E-01  3.24589E-01
  2.93528E-01  2.65576E-01  2.40502E-01  2.17549E-01  1.97260E-01  1.61699E-01
  1.32982E-01  1.09871E-01  9.16796E-02  7.68207E-02  6.45089E-02  5.49848E-02
  4.74582E-02  3.63462E-02  2.98544E-02  2.27829E-02  1.58236E-02  9.94765E-03
  7.05067E-03  4.29033E-03  2.06529E-03  1.95909E-04  2.16022E-03  5.33135E-03
  5.22639E-03  3.02769E-03 -7.02753E-04 -2.90373E-03 -3.23699E-03 -1.46386E-04
  1.59186E-03  1.29604E-03  2.11152E-03 -8.35311E-04 -1.19250E-03  3.13875E-03
  3.85613E-03  8.01497E-03  3.61862E-03  5.75655E-04 -5.17175E-03  7.88152E-04
  4.02403E-03  2.74712E-03  1.86316E-03 -1.21087E-03 -1.96136E-03 -2.92042E-03
 -1.67588E-03 -3.29941E-03  4.04099E-04  1.04058E-03 -1.90798E-03  1.32563E-03
  2.14236E-05 -2.34521E-03  4.10374E-04  9.91278E-04  1.51378E-03  7.48547E-04
 -3.31673E-03  1.19330E-03  2.04712E-03 -1.50577E-04  2.54265E-03  9.10873E-04
  2.01429E-03  3.65298E-04  5.02156E-04 -2.00459E-03 -7.79386E-04  8.19009E-04
  1.54902E-03 -1.41816E-03 -3.40849E-03 -1.22759E-03 -2.63426E-04 -2.09562E-03
 -5.32550E-04  6.00362E-04  1.47614E-04  1.03676E-03 -2.21742E-03 -3.10071E-03
 -8.69687E-05  8.61288E-04 -8.60250E-04 -5.50606E-05  4.43066E-04 -7.25515E-04
  6.36562E-05  6.18538E-04
