AutoSaveFileName0372.ASC
 IFORMY    0    .00
 (6E13.7)
 IFORMT    0    .00
 (6E13.7)
 IFORMW    0    .00
 (6E13.7)
 NINTT     0   -1.00
 DOUSNQ    0    1.00
 IQUAD          1.00
 PRWT      0    1.00
 PRY       0    1.00
 IPLRES    1    3.00
 IPLRES    2    3.00
 IPRINT    1    0.00
 IPRINT    2    2.00
 IPLFIT    1    0.00
 IPLFIT    2    0.00
 LINEPG    0   50.
 NONNEG    1    1.00
 IWT       0    5.00
 NQPROG    1    5.00
 NQPROG    2    5.00
 GMNMX     1    7.782E-06
 GMNMX     2    7.782E-03
 RUSER    10    -1.00
 NG        0    200.00
 NLINF     0    0.00
 IUSER    10    4.00
 RUSER    21    1.0
 RUSER    22   -1.0
 RUSER    23    0.0
 RUSER    18         292.30191
 RUSER    17         138.99900
 RUSER    19         1.02283
 RUSER    15         1.33200
 RUSER    16         632.80000
 RUSER    25         1
 RUSER    26         0
 END       0    0.00
 NY      131
  3.75000E-07  5.00000E-07  6.25000E-07  7.50000E-07  8.75000E-07  1.00000E-06
  1.12500E-06  1.25000E-06  1.37500E-06  1.50000E-06  1.62500E-06  1.75000E-06
  1.87500E-06  2.00000E-06  2.25000E-06  2.50000E-06  2.75000E-06  3.00000E-06
  3.25000E-06  3.50000E-06  3.75000E-06  4.00000E-06  4.50000E-06  5.00000E-06
  5.50000E-06  6.00000E-06  6.50000E-06  7.00000E-06  7.50000E-06  8.00000E-06
  9.00000E-06  1.00000E-05  1.10000E-05  1.20000E-05  1.30000E-05  1.40000E-05
  1.50000E-05  1.60000E-05  1.80000E-05  2.00000E-05  2.20000E-05  2.40000E-05
  2.60000E-05  2.80000E-05  3.00000E-05  3.20000E-05  3.60000E-05  4.00000E-05
  4.40000E-05  4.80000E-05  5.20000E-05  5.60000E-05  6.00000E-05  6.40000E-05
  7.20000E-05  8.00000E-05  8.80000E-05  9.60000E-05  1.04000E-04  1.12000E-04
  1.20000E-04  1.28000E-04  1.44000E-04  1.60000E-04  1.76000E-04  1.92000E-04
  2.08000E-04  2.24000E-04  2.40000E-04  2.56000E-04  2.88000E-04  3.20000E-04
  3.52000E-04  3.84000E-04  4.16000E-04  4.48000E-04  4.80000E-04  5.12000E-04
  5.76000E-04  6.40000E-04  7.04000E-04  7.68000E-04  8.32000E-04  8.96000E-04
  9.60000E-04  1.02400E-03  1.15200E-03  1.28000E-03  1.40800E-03  1.53600E-03
  1.66400E-03  1.79200E-03  1.92000E-03  2.01600E-03  2.27200E-03  2.52800E-03
  2.78400E-03  3.04000E-03  3.29600E-03  3.55200E-03  3.80800E-03  4.06400E-03
  4.57600E-03  5.08800E-03  5.60000E-03  6.11200E-03  6.62400E-03  7.13600E-03
  7.64800E-03  8.16000E-03  9.18400E-03  1.02080E-02  1.12320E-02  1.22560E-02
  1.32800E-02  1.43040E-02  1.53280E-02  1.63520E-02  1.84000E-02  2.04480E-02
  2.24960E-02  2.45440E-02  2.65920E-02  2.86400E-02  3.06880E-02  3.27360E-02
  3.68320E-02  4.09280E-02  4.50240E-02  4.91200E-02  5.32160E-02
  8.45964E-01  8.43224E-01  8.38105E-01  8.45677E-01  8.41214E-01  8.39303E-01
  8.38409E-01  8.39393E-01  8.37490E-01  8.36112E-01  8.34447E-01  8.38261E-01
  8.32864E-01  8.36915E-01  8.36542E-01  8.36037E-01  8.41324E-01  8.38346E-01
  8.43732E-01  8.33523E-01  8.34573E-01  8.35859E-01  8.36444E-01  8.37668E-01
  8.36755E-01  8.35279E-01  8.35271E-01  8.35293E-01  8.33981E-01  8.35166E-01
  8.34261E-01  8.31534E-01  8.33099E-01  8.30671E-01  8.30229E-01  8.29814E-01
  8.28892E-01  8.29811E-01  8.28922E-01  8.26114E-01  8.26102E-01  8.23535E-01
  8.23848E-01  8.22297E-01  8.20838E-01  8.19704E-01  8.16680E-01  8.14027E-01
  8.12063E-01  8.09512E-01  8.06740E-01  8.04068E-01  8.01025E-01  7.99632E-01
  7.94935E-01  7.89321E-01  7.84817E-01  7.80227E-01  7.75709E-01  7.70607E-01
  7.64902E-01  7.61111E-01  7.51989E-01  7.42911E-01  7.33390E-01  7.24697E-01
  7.16006E-01  7.07247E-01  6.99157E-01  6.90831E-01  6.74651E-01  6.58147E-01
  6.43003E-01  6.27137E-01  6.12005E-01  5.97402E-01  5.82676E-01  5.69088E-01
  5.42344E-01  5.17427E-01  4.93513E-01  4.70847E-01  4.49574E-01  4.29511E-01
  4.09885E-01  3.91443E-01  3.57509E-01  3.27141E-01  2.99725E-01  2.75442E-01
  2.52905E-01  2.33263E-01  2.15337E-01  2.03789E-01  1.74602E-01  1.50937E-01
  1.30407E-01  1.13192E-01  9.78932E-02  8.50479E-02  7.38473E-02  6.54649E-02
  5.05268E-02  4.07189E-02  3.66412E-02  3.61002E-02  3.45319E-02  3.23107E-02
  2.85223E-02  2.68451E-02  2.49431E-02  2.38250E-02  2.21275E-02  2.04113E-02
  1.73655E-02  1.28391E-02  1.15012E-02  9.38886E-03  4.13125E-04 -3.00840E-04
 -4.41919E-03  2.93596E-03  1.05021E-02  1.40924E-02  1.10288E-02  2.81665E-03
 -3.49549E-03  9.00108E-03 -7.68228E-03 -1.05414E-03 -1.16321E-02
