AutoSaveFileName0235.ASC
 IFORMY    0    .00
 (6E13.7)
 IFORMT    0    .00
 (6E13.7)
 IFORMW    0    .00
 (6E13.7)
 NINTT     0   -1.00
 DOUSNQ    0    1.00
 IQUAD          1.00
 PRWT      0    1.00
 PRY       0    1.00
 IPLRES    1    3.00
 IPLRES    2    3.00
 IPRINT    1    0.00
 IPRINT    2    2.00
 IPLFIT    1    0.00
 IPLFIT    2    0.00
 LINEPG    0   50.
 NONNEG    1    1.00
 IWT       0    5.00
 NQPROG    1    5.00
 NQPROG    2    5.00
 GMNMX     1    8.326E-06
 GMNMX     2    8.326E-03
 RUSER    10    -1.00
 NG        0    200.00
 NLINF     0    0.00
 IUSER    10    4.00
 RUSER    21    1.0
 RUSER    22   -1.0
 RUSER    23    0.0
 RUSER    18         292.24367
 RUSER    17         129.99900
 RUSER    19         1.02430
 RUSER    15         1.33200
 RUSER    16         632.80000
 RUSER    25         1
 RUSER    26         0
 END       0    0.00
 NY      188
  5.00000E-07  6.25000E-07  7.50000E-07  8.75000E-07  1.00000E-06  1.12500E-06
  1.25000E-06  1.37500E-06  1.50000E-06  1.62500E-06  1.75000E-06  1.87500E-06
  2.00000E-06  2.25000E-06  2.50000E-06  2.75000E-06  3.00000E-06  3.25000E-06
  3.50000E-06  3.75000E-06  4.00000E-06  4.50000E-06  5.00000E-06  5.50000E-06
  6.00000E-06  6.50000E-06  7.00000E-06  7.50000E-06  8.00000E-06  9.00000E-06
  1.00000E-05  1.10000E-05  1.20000E-05  1.30000E-05  1.40000E-05  1.50000E-05
  1.60000E-05  1.80000E-05  2.00000E-05  2.20000E-05  2.40000E-05  2.60000E-05
  2.80000E-05  3.00000E-05  3.20000E-05  3.60000E-05  4.00000E-05  4.40000E-05
  4.80000E-05  5.20000E-05  5.60000E-05  6.00000E-05  6.40000E-05  7.20000E-05
  8.00000E-05  8.80000E-05  9.60000E-05  1.04000E-04  1.12000E-04  1.20000E-04
  1.28000E-04  1.44000E-04  1.60000E-04  1.76000E-04  1.92000E-04  2.08000E-04
  2.24000E-04  2.40000E-04  2.56000E-04  2.88000E-04  3.20000E-04  3.52000E-04
  3.84000E-04  4.16000E-04  4.48000E-04  4.80000E-04  5.12000E-04  5.76000E-04
  6.40000E-04  7.04000E-04  7.68000E-04  8.32000E-04  8.96000E-04  9.60000E-04
  1.02400E-03  1.15200E-03  1.28000E-03  1.40800E-03  1.53600E-03  1.66400E-03
  1.79200E-03  1.92000E-03  2.01600E-03  2.27200E-03  2.52800E-03  2.78400E-03
  3.04000E-03  3.29600E-03  3.55200E-03  3.80800E-03  4.06400E-03  4.57600E-03
  5.08800E-03  5.60000E-03  6.11200E-03  6.62400E-03  7.13600E-03  7.64800E-03
  8.16000E-03  9.18400E-03  1.02080E-02  1.12320E-02  1.22560E-02  1.32800E-02
  1.43040E-02  1.53280E-02  1.63520E-02  1.84000E-02  2.04480E-02  2.24960E-02
  2.45440E-02  2.65920E-02  2.86400E-02  3.06880E-02  3.27360E-02  3.68320E-02
  4.09280E-02  4.50240E-02  4.91200E-02  5.32160E-02  5.73120E-02  6.14080E-02
  6.55040E-02  7.36960E-02  8.18880E-02  9.00800E-02  9.82720E-02  1.06464E-01
  1.14656E-01  1.22848E-01  1.31040E-01  1.47424E-01  1.63808E-01  1.80192E-01
  1.96576E-01  2.12960E-01  2.29344E-01  2.45728E-01  2.62112E-01  2.94880E-01
  3.27648E-01  3.60416E-01  3.93184E-01  4.25952E-01  4.58720E-01  4.91488E-01
  5.24256E-01  5.89792E-01  6.55328E-01  7.20864E-01  7.86400E-01  8.51936E-01
  9.17472E-01  9.83008E-01  1.04854E+00  1.17962E+00  1.31069E+00  1.44176E+00
  1.57283E+00  1.70390E+00  1.83498E+00  1.96605E+00  2.09712E+00  2.35926E+00
  2.62141E+00  2.88355E+00  3.14570E+00  3.40784E+00  3.66998E+00  3.93213E+00
  4.19427E+00  4.71856E+00  5.24285E+00  5.76714E+00  6.29142E+00  6.81571E+00
  7.34000E+00  7.86429E+00
  9.94583E-01  9.93649E-01  9.91357E-01  9.93135E-01  9.93204E-01  9.89862E-01
  9.91787E-01  9.90746E-01  9.91147E-01  9.89226E-01  9.89323E-01  9.89884E-01
  9.90195E-01  9.90338E-01  9.89648E-01  9.90661E-01  9.88851E-01  9.89466E-01
  9.88445E-01  9.89578E-01  9.90189E-01  9.88816E-01  9.88598E-01  9.87054E-01
  9.88696E-01  9.88801E-01  9.87830E-01  9.87054E-01  9.87923E-01  9.87261E-01
  9.86764E-01  9.85699E-01  9.86130E-01  9.85426E-01  9.84937E-01  9.85061E-01
  9.84641E-01  9.83359E-01  9.82736E-01  9.82179E-01  9.81373E-01  9.80253E-01
  9.79785E-01  9.78652E-01  9.77982E-01  9.76725E-01  9.75118E-01  9.73297E-01
  9.71763E-01  9.70104E-01  9.68568E-01  9.67009E-01  9.65321E-01  9.62173E-01
  9.59167E-01  9.55721E-01  9.52855E-01  9.49751E-01  9.46462E-01  9.43302E-01
  9.40298E-01  9.34162E-01  9.27832E-01  9.21619E-01  9.15509E-01  9.09379E-01
  9.03616E-01  8.97329E-01  8.91624E-01  8.79993E-01  8.68303E-01  8.56713E-01
  8.45421E-01  8.34239E-01  8.23262E-01  8.12724E-01  8.02049E-01  7.81010E-01
  7.60775E-01  7.41049E-01  7.21913E-01  7.03514E-01  6.85593E-01  6.68385E-01
  6.51569E-01  6.19051E-01  5.88576E-01  5.59620E-01  5.31916E-01  5.05799E-01
  4.81091E-01  4.57420E-01  4.41164E-01  3.99267E-01  3.61775E-01  3.28150E-01
  2.98157E-01  2.70987E-01  2.46523E-01  2.24577E-01  2.04955E-01  1.71024E-01
  1.44323E-01  1.22912E-01  1.04997E-01  9.07236E-02  7.97701E-02  7.01687E-02
  6.19209E-02  4.73669E-02  3.59833E-02  2.74022E-02  2.00253E-02  1.55145E-02
  1.11607E-02  5.56137E-03  2.28818E-03  1.59044E-03  2.70250E-03  5.05468E-03
  3.68425E-03  7.90759E-04  5.82264E-04  4.43871E-03  4.77260E-03  4.79732E-04
  1.00221E-03  4.89235E-03 -1.57224E-03  8.00631E-05 -4.88746E-04  4.21070E-04
 -2.79881E-03 -9.30110E-04 -3.73869E-03 -2.98422E-04  2.68075E-03  1.27873E-03
  2.24353E-03 -3.34710E-03 -7.05253E-04  3.42265E-03  8.22931E-03  4.91579E-04
 -2.83886E-03 -2.60939E-03  2.93423E-03  5.08081E-03 -3.18921E-04 -6.76024E-03
  2.10727E-03 -1.69975E-03 -1.05370E-03  2.81320E-04  3.79677E-03  1.29495E-03
 -1.20320E-03 -5.11947E-04  1.47421E-03  5.26766E-04 -1.49742E-03 -2.21172E-03
 -2.16142E-04 -1.25305E-03 -1.38766E-03 -2.22684E-03 -1.29119E-03 -3.09588E-03
 -1.92456E-03 -9.03024E-04 -2.47334E-03  3.55399E-05  9.68336E-05 -1.86952E-04
  1.31303E-03 -1.97175E-03  5.48401E-04  3.17577E-04 -3.34220E-03  2.82869E-04
  2.42048E-04 -1.06533E-03  9.69651E-04  1.45353E-03  5.91140E-04 -1.16689E-03
 -9.18058E-04  9.03173E-04
