AutoSaveFileName0218.ASC
 IFORMY    0    .00
 (6E13.7)
 IFORMT    0    .00
 (6E13.7)
 IFORMW    0    .00
 (6E13.7)
 NINTT     0   -1.00
 DOUSNQ    0    1.00
 IQUAD          1.00
 PRWT      0    1.00
 PRY       0    1.00
 IPLRES    1    3.00
 IPLRES    2    3.00
 IPRINT    1    0.00
 IPRINT    2    2.00
 IPLFIT    1    0.00
 IPLFIT    2    0.00
 LINEPG    0   50.
 NONNEG    1    1.00
 IWT       0    5.00
 NQPROG    1    5.00
 NQPROG    2    5.00
 GMNMX     1    9.120E-06
 GMNMX     2    9.120E-03
 RUSER    10    -1.00
 NG        0    200.00
 NLINF     0    0.00
 IUSER    10    4.00
 RUSER    21    1.0
 RUSER    22   -1.0
 RUSER    23    0.0
 RUSER    18         292.23783
 RUSER    17         119.99900
 RUSER    19         1.02445
 RUSER    15         1.33200
 RUSER    16         632.80000
 RUSER    25         1
 RUSER    26         0
 END       0    0.00
 NY      188
  5.00000E-07  6.25000E-07  7.50000E-07  8.75000E-07  1.00000E-06  1.12500E-06
  1.25000E-06  1.37500E-06  1.50000E-06  1.62500E-06  1.75000E-06  1.87500E-06
  2.00000E-06  2.25000E-06  2.50000E-06  2.75000E-06  3.00000E-06  3.25000E-06
  3.50000E-06  3.75000E-06  4.00000E-06  4.50000E-06  5.00000E-06  5.50000E-06
  6.00000E-06  6.50000E-06  7.00000E-06  7.50000E-06  8.00000E-06  9.00000E-06
  1.00000E-05  1.10000E-05  1.20000E-05  1.30000E-05  1.40000E-05  1.50000E-05
  1.60000E-05  1.80000E-05  2.00000E-05  2.20000E-05  2.40000E-05  2.60000E-05
  2.80000E-05  3.00000E-05  3.20000E-05  3.60000E-05  4.00000E-05  4.40000E-05
  4.80000E-05  5.20000E-05  5.60000E-05  6.00000E-05  6.40000E-05  7.20000E-05
  8.00000E-05  8.80000E-05  9.60000E-05  1.04000E-04  1.12000E-04  1.20000E-04
  1.28000E-04  1.44000E-04  1.60000E-04  1.76000E-04  1.92000E-04  2.08000E-04
  2.24000E-04  2.40000E-04  2.56000E-04  2.88000E-04  3.20000E-04  3.52000E-04
  3.84000E-04  4.16000E-04  4.48000E-04  4.80000E-04  5.12000E-04  5.76000E-04
  6.40000E-04  7.04000E-04  7.68000E-04  8.32000E-04  8.96000E-04  9.60000E-04
  1.02400E-03  1.15200E-03  1.28000E-03  1.40800E-03  1.53600E-03  1.66400E-03
  1.79200E-03  1.92000E-03  2.01600E-03  2.27200E-03  2.52800E-03  2.78400E-03
  3.04000E-03  3.29600E-03  3.55200E-03  3.80800E-03  4.06400E-03  4.57600E-03
  5.08800E-03  5.60000E-03  6.11200E-03  6.62400E-03  7.13600E-03  7.64800E-03
  8.16000E-03  9.18400E-03  1.02080E-02  1.12320E-02  1.22560E-02  1.32800E-02
  1.43040E-02  1.53280E-02  1.63520E-02  1.84000E-02  2.04480E-02  2.24960E-02
  2.45440E-02  2.65920E-02  2.86400E-02  3.06880E-02  3.27360E-02  3.68320E-02
  4.09280E-02  4.50240E-02  4.91200E-02  5.32160E-02  5.73120E-02  6.14080E-02
  6.55040E-02  7.36960E-02  8.18880E-02  9.00800E-02  9.82720E-02  1.06464E-01
  1.14656E-01  1.22848E-01  1.31040E-01  1.47424E-01  1.63808E-01  1.80192E-01
  1.96576E-01  2.12960E-01  2.29344E-01  2.45728E-01  2.62112E-01  2.94880E-01
  3.27648E-01  3.60416E-01  3.93184E-01  4.25952E-01  4.58720E-01  4.91488E-01
  5.24256E-01  5.89792E-01  6.55328E-01  7.20864E-01  7.86400E-01  8.51936E-01
  9.17472E-01  9.83008E-01  1.04854E+00  1.17962E+00  1.31069E+00  1.44176E+00
  1.57283E+00  1.70390E+00  1.83498E+00  1.96605E+00  2.09712E+00  2.35926E+00
  2.62141E+00  2.88355E+00  3.14570E+00  3.40784E+00  3.66998E+00  3.93213E+00
  4.19427E+00  4.71856E+00  5.24285E+00  5.76714E+00  6.29142E+00  6.81571E+00
  7.34000E+00  7.86429E+00
  9.96164E-01  9.95502E-01  9.93825E-01  9.94246E-01  9.92003E-01  9.91646E-01
  9.90323E-01  9.91414E-01  9.92210E-01  9.90770E-01  9.91086E-01  9.90640E-01
  9.91614E-01  9.92010E-01  9.90742E-01  9.92005E-01  9.92242E-01  9.90154E-01
  9.91137E-01  9.90428E-01  9.90608E-01  9.90968E-01  9.89865E-01  9.89736E-01
  9.90739E-01  9.89093E-01  9.89633E-01  9.88979E-01  9.88919E-01  9.89290E-01
  9.88814E-01  9.88064E-01  9.86991E-01  9.87248E-01  9.87200E-01  9.85880E-01
  9.85481E-01  9.84710E-01  9.84376E-01  9.83658E-01  9.82504E-01  9.82182E-01
  9.81622E-01  9.80490E-01  9.79679E-01  9.78278E-01  9.76432E-01  9.75328E-01
  9.73571E-01  9.72002E-01  9.70475E-01  9.69093E-01  9.67532E-01  9.64535E-01
  9.61149E-01  9.58139E-01  9.55011E-01  9.51976E-01  9.48925E-01  9.46084E-01
  9.42868E-01  9.36628E-01  9.30706E-01  9.24640E-01  9.18541E-01  9.12497E-01
  9.06688E-01  9.00920E-01  8.94960E-01  8.83328E-01  8.71842E-01  8.60669E-01
  8.49393E-01  8.38390E-01  8.27689E-01  8.16951E-01  8.06455E-01  7.85770E-01
  7.65595E-01  7.45989E-01  7.26906E-01  7.08275E-01  6.90153E-01  6.72458E-01
  6.55206E-01  6.22204E-01  5.90979E-01  5.61348E-01  5.33333E-01  5.07008E-01
  4.81950E-01  4.58240E-01  4.41083E-01  3.98835E-01  3.60815E-01  3.26446E-01
  2.95585E-01  2.68065E-01  2.42837E-01  2.20171E-01  1.99964E-01  1.64243E-01
  1.35140E-01  1.11676E-01  9.29517E-02  7.77260E-02  6.50879E-02  5.47537E-02
  4.60512E-02  3.19086E-02  2.32214E-02  1.77012E-02  1.49577E-02  1.20650E-02
  8.33155E-03  6.29285E-03  4.21692E-03  2.53403E-04 -1.58191E-03 -2.49424E-03
 -3.46278E-04  8.89533E-05  1.38571E-04 -1.06385E-03  1.32987E-04 -1.51405E-03
 -3.67176E-03 -1.66202E-03  7.23359E-04 -1.78690E-03 -5.35535E-03 -2.98755E-03
 -1.39114E-03 -7.39332E-04 -2.27689E-03 -7.24380E-04 -2.41977E-04  5.47945E-04
 -1.34696E-03 -3.91542E-03  2.23180E-03 -3.47988E-03 -8.63885E-04 -1.85999E-03
 -2.46045E-03  2.20060E-03  7.98209E-04 -1.52258E-03 -8.62756E-04  1.50406E-03
 -5.07119E-04 -3.90017E-03 -2.66104E-04  3.20011E-03  1.49343E-03 -3.81829E-04
  1.27797E-03 -7.50721E-04  3.63302E-04 -1.03658E-03  1.06481E-03  7.13691E-05
 -1.52071E-03 -1.15413E-03  5.02749E-04  7.58166E-04 -4.33349E-04 -1.16001E-03
  2.04418E-04 -1.14489E-03  1.16704E-03 -4.79328E-04  3.28819E-04 -3.38573E-04
  4.10096E-04  3.22822E-04  6.13590E-04 -4.24398E-04  4.69261E-04  1.50956E-03
  4.09296E-04 -1.55550E-03 -3.47831E-04  9.58633E-04  5.93661E-04  3.68637E-04
  1.49750E-03 -1.43977E-03
