AutoSaveFileName0205.ASC
 IFORMY    0    .00
 (6E13.7)
 IFORMT    0    .00
 (6E13.7)
 IFORMW    0    .00
 (6E13.7)
 NINTT     0   -1.00
 DOUSNQ    0    1.00
 IQUAD          1.00
 PRWT      0    1.00
 PRY       0    1.00
 IPLRES    1    3.00
 IPLRES    2    3.00
 IPRINT    1    0.00
 IPRINT    2    2.00
 IPLFIT    1    0.00
 IPLFIT    2    0.00
 LINEPG    0   50.
 NONNEG    1    1.00
 IWT       0    5.00
 NQPROG    1    5.00
 NQPROG    2    5.00
 GMNMX     1    9.617E-06
 GMNMX     2    9.617E-03
 RUSER    10    -1.00
 NG        0    200.00
 NLINF     0    0.00
 IUSER    10    4.00
 RUSER    21    1.0
 RUSER    22   -1.0
 RUSER    23    0.0
 RUSER    18         292.23483
 RUSER    17         114.99900
 RUSER    19         1.02453
 RUSER    15         1.33200
 RUSER    16         632.80000
 RUSER    25         1
 RUSER    26         0
 END       0    0.00
 NY      188
  5.00000E-07  6.25000E-07  7.50000E-07  8.75000E-07  1.00000E-06  1.12500E-06
  1.25000E-06  1.37500E-06  1.50000E-06  1.62500E-06  1.75000E-06  1.87500E-06
  2.00000E-06  2.25000E-06  2.50000E-06  2.75000E-06  3.00000E-06  3.25000E-06
  3.50000E-06  3.75000E-06  4.00000E-06  4.50000E-06  5.00000E-06  5.50000E-06
  6.00000E-06  6.50000E-06  7.00000E-06  7.50000E-06  8.00000E-06  9.00000E-06
  1.00000E-05  1.10000E-05  1.20000E-05  1.30000E-05  1.40000E-05  1.50000E-05
  1.60000E-05  1.80000E-05  2.00000E-05  2.20000E-05  2.40000E-05  2.60000E-05
  2.80000E-05  3.00000E-05  3.20000E-05  3.60000E-05  4.00000E-05  4.40000E-05
  4.80000E-05  5.20000E-05  5.60000E-05  6.00000E-05  6.40000E-05  7.20000E-05
  8.00000E-05  8.80000E-05  9.60000E-05  1.04000E-04  1.12000E-04  1.20000E-04
  1.28000E-04  1.44000E-04  1.60000E-04  1.76000E-04  1.92000E-04  2.08000E-04
  2.24000E-04  2.40000E-04  2.56000E-04  2.88000E-04  3.20000E-04  3.52000E-04
  3.84000E-04  4.16000E-04  4.48000E-04  4.80000E-04  5.12000E-04  5.76000E-04
  6.40000E-04  7.04000E-04  7.68000E-04  8.32000E-04  8.96000E-04  9.60000E-04
  1.02400E-03  1.15200E-03  1.28000E-03  1.40800E-03  1.53600E-03  1.66400E-03
  1.79200E-03  1.92000E-03  2.01600E-03  2.27200E-03  2.52800E-03  2.78400E-03
  3.04000E-03  3.29600E-03  3.55200E-03  3.80800E-03  4.06400E-03  4.57600E-03
  5.08800E-03  5.60000E-03  6.11200E-03  6.62400E-03  7.13600E-03  7.64800E-03
  8.16000E-03  9.18400E-03  1.02080E-02  1.12320E-02  1.22560E-02  1.32800E-02
  1.43040E-02  1.53280E-02  1.63520E-02  1.84000E-02  2.04480E-02  2.24960E-02
  2.45440E-02  2.65920E-02  2.86400E-02  3.06880E-02  3.27360E-02  3.68320E-02
  4.09280E-02  4.50240E-02  4.91200E-02  5.32160E-02  5.73120E-02  6.14080E-02
  6.55040E-02  7.36960E-02  8.18880E-02  9.00800E-02  9.82720E-02  1.06464E-01
  1.14656E-01  1.22848E-01  1.31040E-01  1.47424E-01  1.63808E-01  1.80192E-01
  1.96576E-01  2.12960E-01  2.29344E-01  2.45728E-01  2.62112E-01  2.94880E-01
  3.27648E-01  3.60416E-01  3.93184E-01  4.25952E-01  4.58720E-01  4.91488E-01
  5.24256E-01  5.89792E-01  6.55328E-01  7.20864E-01  7.86400E-01  8.51936E-01
  9.17472E-01  9.83008E-01  1.04854E+00  1.17962E+00  1.31069E+00  1.44176E+00
  1.57283E+00  1.70390E+00  1.83498E+00  1.96605E+00  2.09712E+00  2.35926E+00
  2.62141E+00  2.88355E+00  3.14570E+00  3.40784E+00  3.66998E+00  3.93213E+00
  4.19427E+00  4.71856E+00  5.24285E+00  5.76714E+00  6.29142E+00  6.81571E+00
  7.34000E+00  7.86429E+00
  9.98344E-01  9.93585E-01  9.94333E-01  9.95106E-01  9.92316E-01  9.92941E-01
  9.91807E-01  9.94027E-01  9.92323E-01  9.92340E-01  9.91775E-01  9.92444E-01
  9.91965E-01  9.91719E-01  9.92092E-01  9.91929E-01  9.91816E-01  9.92271E-01
  9.90074E-01  9.91390E-01  9.91700E-01  9.91101E-01  9.90879E-01  9.91007E-01
  9.90720E-01  9.90414E-01  9.89426E-01  9.89054E-01  9.89518E-01  9.89638E-01
  9.89306E-01  9.89796E-01  9.88078E-01  9.88068E-01  9.87298E-01  9.87471E-01
  9.87212E-01  9.86021E-01  9.85935E-01  9.85321E-01  9.84498E-01  9.83379E-01
  9.82324E-01  9.81973E-01  9.81111E-01  9.79755E-01  9.78403E-01  9.76630E-01
  9.74978E-01  9.73729E-01  9.71964E-01  9.70683E-01  9.69357E-01  9.66037E-01
  9.63005E-01  9.60368E-01  9.57020E-01  9.54117E-01  9.51135E-01  9.48215E-01
  9.45111E-01  9.39019E-01  9.33318E-01  9.27440E-01  9.21634E-01  9.15886E-01
  9.10048E-01  9.04189E-01  8.98405E-01  8.87204E-01  8.75850E-01  8.64690E-01
  8.53720E-01  8.42887E-01  8.32194E-01  8.21588E-01  8.11228E-01  7.90888E-01
  7.71020E-01  7.51474E-01  7.32791E-01  7.14398E-01  6.96566E-01  6.79160E-01
  6.62458E-01  6.29758E-01  5.98841E-01  5.69727E-01  5.42262E-01  5.16220E-01
  4.91560E-01  4.67963E-01  4.50939E-01  4.09200E-01  3.71812E-01  3.37947E-01
  3.07731E-01  2.80157E-01  2.55243E-01  2.32358E-01  2.12240E-01  1.76152E-01
  1.46241E-01  1.21834E-01  1.01744E-01  8.55504E-02  7.21783E-02  6.09391E-02
  5.24064E-02  3.81432E-02  2.77346E-02  2.04169E-02  1.27538E-02  6.46330E-03
  2.78816E-03  1.45882E-03  5.12939E-04 -5.34831E-04 -1.31983E-03 -2.06185E-03
 -3.44411E-03 -2.61716E-03 -3.49665E-03 -2.22364E-03 -2.79822E-03 -3.77855E-03
 -4.16674E-03 -4.07872E-03 -1.86282E-03 -8.02583E-03 -6.63433E-03 -5.36724E-03
 -3.31461E-03  3.97734E-03  2.07671E-03 -1.52156E-03 -2.46592E-03  8.78998E-04
  1.79958E-03 -4.40122E-03  2.05010E-03 -1.27408E-03 -2.47071E-03 -2.59889E-03
  3.33125E-03  1.76938E-03  2.19332E-03  8.93523E-03  2.72942E-04  9.06127E-04
  3.72084E-04 -1.80897E-03  1.79315E-03  4.53389E-03  2.75402E-03  3.84580E-03
  3.03408E-03 -2.21955E-03  1.47636E-03 -3.15764E-03  1.13229E-03  5.16601E-04
  2.79139E-03  3.02362E-03  1.17837E-03 -2.35340E-03 -1.87372E-05 -9.63271E-04
 -2.10382E-03  6.79171E-04  1.63190E-03  2.53578E-04 -1.05385E-03 -1.42368E-03
 -2.80504E-03 -2.76288E-03 -3.68522E-04 -3.42914E-04  9.56744E-04  8.40506E-06
 -1.75347E-03  3.30229E-05 -6.63074E-04  1.03189E-03 -7.92568E-04  1.51251E-04
  2.13963E-03  8.92721E-04
