AutoSaveFileName0287.ASC
 IFORMY    0    .00
 (6E13.7)
 IFORMT    0    .00
 (6E13.7)
 IFORMW    0    .00
 (6E13.7)
 NINTT     0   -1.00
 DOUSNQ    0    1.00
 IQUAD          1.00
 PRWT      0    1.00
 PRY       0    1.00
 IPLRES    1    3.00
 IPLRES    2    3.00
 IPRINT    1    0.00
 IPRINT    2    2.00
 IPLFIT    1    0.00
 IPLFIT    2    0.00
 LINEPG    0   50.
 NONNEG    1    1.00
 IWT       0    5.00
 NQPROG    1    5.00
 NQPROG    2    5.00
 GMNMX     1    7.173E-06
 GMNMX     2    7.173E-03
 RUSER    10    -1.00
 NG        0    200.00
 NLINF     0    0.00
 IUSER    10    4.00
 RUSER    21    1.0
 RUSER    22   -1.0
 RUSER    23    0.0
 RUSER    18         292.25640
 RUSER    17         154.99900
 RUSER    19         1.02398
 RUSER    15         1.33200
 RUSER    16         632.80000
 RUSER    25         1
 RUSER    26         0
 END       0    0.00
 NY      188
  5.00000E-07  6.25000E-07  7.50000E-07  8.75000E-07  1.00000E-06  1.12500E-06
  1.25000E-06  1.37500E-06  1.50000E-06  1.62500E-06  1.75000E-06  1.87500E-06
  2.00000E-06  2.25000E-06  2.50000E-06  2.75000E-06  3.00000E-06  3.25000E-06
  3.50000E-06  3.75000E-06  4.00000E-06  4.50000E-06  5.00000E-06  5.50000E-06
  6.00000E-06  6.50000E-06  7.00000E-06  7.50000E-06  8.00000E-06  9.00000E-06
  1.00000E-05  1.10000E-05  1.20000E-05  1.30000E-05  1.40000E-05  1.50000E-05
  1.60000E-05  1.80000E-05  2.00000E-05  2.20000E-05  2.40000E-05  2.60000E-05
  2.80000E-05  3.00000E-05  3.20000E-05  3.60000E-05  4.00000E-05  4.40000E-05
  4.80000E-05  5.20000E-05  5.60000E-05  6.00000E-05  6.40000E-05  7.20000E-05
  8.00000E-05  8.80000E-05  9.60000E-05  1.04000E-04  1.12000E-04  1.20000E-04
  1.28000E-04  1.44000E-04  1.60000E-04  1.76000E-04  1.92000E-04  2.08000E-04
  2.24000E-04  2.40000E-04  2.56000E-04  2.88000E-04  3.20000E-04  3.52000E-04
  3.84000E-04  4.16000E-04  4.48000E-04  4.80000E-04  5.12000E-04  5.76000E-04
  6.40000E-04  7.04000E-04  7.68000E-04  8.32000E-04  8.96000E-04  9.60000E-04
  1.02400E-03  1.15200E-03  1.28000E-03  1.40800E-03  1.53600E-03  1.66400E-03
  1.79200E-03  1.92000E-03  2.01600E-03  2.27200E-03  2.52800E-03  2.78400E-03
  3.04000E-03  3.29600E-03  3.55200E-03  3.80800E-03  4.06400E-03  4.57600E-03
  5.08800E-03  5.60000E-03  6.11200E-03  6.62400E-03  7.13600E-03  7.64800E-03
  8.16000E-03  9.18400E-03  1.02080E-02  1.12320E-02  1.22560E-02  1.32800E-02
  1.43040E-02  1.53280E-02  1.63520E-02  1.84000E-02  2.04480E-02  2.24960E-02
  2.45440E-02  2.65920E-02  2.86400E-02  3.06880E-02  3.27360E-02  3.68320E-02
  4.09280E-02  4.50240E-02  4.91200E-02  5.32160E-02  5.73120E-02  6.14080E-02
  6.55040E-02  7.36960E-02  8.18880E-02  9.00800E-02  9.82720E-02  1.06464E-01
  1.14656E-01  1.22848E-01  1.31040E-01  1.47424E-01  1.63808E-01  1.80192E-01
  1.96576E-01  2.12960E-01  2.29344E-01  2.45728E-01  2.62112E-01  2.94880E-01
  3.27648E-01  3.60416E-01  3.93184E-01  4.25952E-01  4.58720E-01  4.91488E-01
  5.24256E-01  5.89792E-01  6.55328E-01  7.20864E-01  7.86400E-01  8.51936E-01
  9.17472E-01  9.83008E-01  1.04854E+00  1.17962E+00  1.31069E+00  1.44176E+00
  1.57283E+00  1.70390E+00  1.83498E+00  1.96605E+00  2.09712E+00  2.35926E+00
  2.62141E+00  2.88355E+00  3.14570E+00  3.40784E+00  3.66998E+00  3.93213E+00
  4.19427E+00  4.71856E+00  5.24285E+00  5.76714E+00  6.29142E+00  6.81571E+00
  7.34000E+00  7.86429E+00
  9.95643E-01  9.94672E-01  9.94283E-01  9.90546E-01  9.91487E-01  9.88438E-01
  9.90778E-01  9.90634E-01  9.87528E-01  9.88733E-01  9.91906E-01  9.87101E-01
  9.88293E-01  9.89549E-01  9.89549E-01  9.90494E-01  9.89383E-01  9.87045E-01
  9.87362E-01  9.87709E-01  9.87670E-01  9.87796E-01  9.87828E-01  9.87940E-01
  9.87160E-01  9.87057E-01  9.86872E-01  9.86146E-01  9.85578E-01  9.86006E-01
  9.85173E-01  9.84845E-01  9.84365E-01  9.83655E-01  9.83918E-01  9.83683E-01
  9.83564E-01  9.82330E-01  9.81356E-01  9.80815E-01  9.80389E-01  9.79350E-01
  9.78217E-01  9.77628E-01  9.76847E-01  9.74259E-01  9.72857E-01  9.70920E-01
  9.69257E-01  9.67884E-01  9.66446E-01  9.64401E-01  9.63048E-01  9.59564E-01
  9.56008E-01  9.52905E-01  9.49759E-01  9.45888E-01  9.42650E-01  9.39234E-01
  9.35978E-01  9.29540E-01  9.23030E-01  9.16620E-01  9.10255E-01  9.03711E-01
  8.97607E-01  8.91242E-01  8.84777E-01  8.72461E-01  8.60175E-01  8.48214E-01
  8.36440E-01  8.24796E-01  8.13486E-01  8.02336E-01  7.91459E-01  7.69933E-01
  7.49072E-01  7.28711E-01  7.09127E-01  6.90000E-01  6.71672E-01  6.53927E-01
  6.36647E-01  6.03871E-01  5.73281E-01  5.44166E-01  5.16742E-01  4.90878E-01
  4.66645E-01  4.43779E-01  4.28198E-01  3.88220E-01  3.52466E-01  3.20840E-01
  2.92644E-01  2.67398E-01  2.44899E-01  2.24674E-01  2.06988E-01  1.76351E-01
  1.52160E-01  1.32796E-01  1.16972E-01  1.03876E-01  9.25906E-02  8.38815E-02
  7.65191E-02  6.35284E-02  5.24968E-02  4.58018E-02  4.24658E-02  4.00800E-02
  3.69074E-02  3.34295E-02  3.12314E-02  2.77684E-02  2.50672E-02  2.28382E-02
  2.15445E-02  2.21341E-02  2.20543E-02  1.89042E-02  1.80290E-02  1.31777E-02
  9.15148E-03  9.82025E-03  6.99648E-03  5.34035E-03  5.11140E-03  1.49795E-03
  1.35751E-04 -6.80168E-03 -5.08431E-05  1.83280E-03  6.39520E-04 -2.15340E-03
  4.00751E-03  3.64193E-04  2.58190E-03  8.71344E-04 -2.30144E-04 -9.92693E-05
 -5.43714E-04 -1.29233E-04  3.32005E-03 -9.07136E-04 -4.80066E-04 -5.18052E-03
 -2.20272E-03  1.10824E-04 -1.33512E-03 -4.95530E-03 -1.82527E-03  1.95346E-03
 -2.84150E-03 -2.39621E-03 -1.26234E-04 -8.43841E-04  1.72551E-03  4.99640E-03
  1.31311E-03  9.76547E-04  1.61814E-03  4.29223E-04 -4.93679E-04 -2.86365E-03
 -3.40036E-03  1.73514E-04 -1.92542E-03 -1.85684E-03 -5.81400E-04 -2.49415E-03
  1.46187E-04 -1.87908E-04 -8.99690E-04 -7.37531E-04 -2.17061E-04 -3.41958E-04
 -4.49702E-04  6.13983E-04 -4.65676E-04  1.20072E-03  2.62649E-05  5.79016E-04
 -4.87338E-04 -1.04053E-03
