AutoSaveFileName0248.ASC
 IFORMY    0    .00
 (6E13.7)
 IFORMT    0    .00
 (6E13.7)
 IFORMW    0    .00
 (6E13.7)
 NINTT     0   -1.00
 DOUSNQ    0    1.00
 IQUAD          1.00
 PRWT      0    1.00
 PRY       0    1.00
 IPLRES    1    3.00
 IPLRES    2    3.00
 IPRINT    1    0.00
 IPRINT    2    2.00
 IPLFIT    1    0.00
 IPLFIT    2    0.00
 LINEPG    0   50.
 NONNEG    1    1.00
 IWT       0    5.00
 NQPROG    1    5.00
 NQPROG    2    5.00
 GMNMX     1    8.012E-06
 GMNMX     2    8.012E-03
 RUSER    10    -1.00
 NG        0    200.00
 NLINF     0    0.00
 IUSER    10    4.00
 RUSER    21    1.0
 RUSER    22   -1.0
 RUSER    23    0.0
 RUSER    18         292.24764
 RUSER    17         134.99900
 RUSER    19         1.02420
 RUSER    15         1.33200
 RUSER    16         632.80000
 RUSER    25         1
 RUSER    26         0
 END       0    0.00
 NY      188
  5.00000E-07  6.25000E-07  7.50000E-07  8.75000E-07  1.00000E-06  1.12500E-06
  1.25000E-06  1.37500E-06  1.50000E-06  1.62500E-06  1.75000E-06  1.87500E-06
  2.00000E-06  2.25000E-06  2.50000E-06  2.75000E-06  3.00000E-06  3.25000E-06
  3.50000E-06  3.75000E-06  4.00000E-06  4.50000E-06  5.00000E-06  5.50000E-06
  6.00000E-06  6.50000E-06  7.00000E-06  7.50000E-06  8.00000E-06  9.00000E-06
  1.00000E-05  1.10000E-05  1.20000E-05  1.30000E-05  1.40000E-05  1.50000E-05
  1.60000E-05  1.80000E-05  2.00000E-05  2.20000E-05  2.40000E-05  2.60000E-05
  2.80000E-05  3.00000E-05  3.20000E-05  3.60000E-05  4.00000E-05  4.40000E-05
  4.80000E-05  5.20000E-05  5.60000E-05  6.00000E-05  6.40000E-05  7.20000E-05
  8.00000E-05  8.80000E-05  9.60000E-05  1.04000E-04  1.12000E-04  1.20000E-04
  1.28000E-04  1.44000E-04  1.60000E-04  1.76000E-04  1.92000E-04  2.08000E-04
  2.24000E-04  2.40000E-04  2.56000E-04  2.88000E-04  3.20000E-04  3.52000E-04
  3.84000E-04  4.16000E-04  4.48000E-04  4.80000E-04  5.12000E-04  5.76000E-04
  6.40000E-04  7.04000E-04  7.68000E-04  8.32000E-04  8.96000E-04  9.60000E-04
  1.02400E-03  1.15200E-03  1.28000E-03  1.40800E-03  1.53600E-03  1.66400E-03
  1.79200E-03  1.92000E-03  2.01600E-03  2.27200E-03  2.52800E-03  2.78400E-03
  3.04000E-03  3.29600E-03  3.55200E-03  3.80800E-03  4.06400E-03  4.57600E-03
  5.08800E-03  5.60000E-03  6.11200E-03  6.62400E-03  7.13600E-03  7.64800E-03
  8.16000E-03  9.18400E-03  1.02080E-02  1.12320E-02  1.22560E-02  1.32800E-02
  1.43040E-02  1.53280E-02  1.63520E-02  1.84000E-02  2.04480E-02  2.24960E-02
  2.45440E-02  2.65920E-02  2.86400E-02  3.06880E-02  3.27360E-02  3.68320E-02
  4.09280E-02  4.50240E-02  4.91200E-02  5.32160E-02  5.73120E-02  6.14080E-02
  6.55040E-02  7.36960E-02  8.18880E-02  9.00800E-02  9.82720E-02  1.06464E-01
  1.14656E-01  1.22848E-01  1.31040E-01  1.47424E-01  1.63808E-01  1.80192E-01
  1.96576E-01  2.12960E-01  2.29344E-01  2.45728E-01  2.62112E-01  2.94880E-01
  3.27648E-01  3.60416E-01  3.93184E-01  4.25952E-01  4.58720E-01  4.91488E-01
  5.24256E-01  5.89792E-01  6.55328E-01  7.20864E-01  7.86400E-01  8.51936E-01
  9.17472E-01  9.83008E-01  1.04854E+00  1.17962E+00  1.31069E+00  1.44176E+00
  1.57283E+00  1.70390E+00  1.83498E+00  1.96605E+00  2.09712E+00  2.35926E+00
  2.62141E+00  2.88355E+00  3.14570E+00  3.40784E+00  3.66998E+00  3.93213E+00
  4.19427E+00  4.71856E+00  5.24285E+00  5.76714E+00  6.29142E+00  6.81571E+00
  7.34000E+00  7.86429E+00
  9.96335E-01  9.95479E-01  9.94217E-01  9.92031E-01  9.93631E-01  9.91931E-01
  9.92412E-01  9.91725E-01  9.91862E-01  9.90755E-01  9.91693E-01  9.91434E-01
  9.91120E-01  9.89984E-01  9.91192E-01  9.90819E-01  9.90331E-01  9.90098E-01
  9.90011E-01  9.89501E-01  9.89947E-01  9.89886E-01  9.89439E-01  9.89267E-01
  9.89254E-01  9.89558E-01  9.88705E-01  9.88478E-01  9.88147E-01  9.88374E-01
  9.87924E-01  9.87159E-01  9.87301E-01  9.86211E-01  9.86585E-01  9.85739E-01
  9.85365E-01  9.84238E-01  9.83272E-01  9.82845E-01  9.81579E-01  9.81244E-01
  9.80367E-01  9.79335E-01  9.78375E-01  9.76826E-01  9.75016E-01  9.73488E-01
  9.71727E-01  9.70185E-01  9.68238E-01  9.66990E-01  9.64959E-01  9.61558E-01
  9.58121E-01  9.55040E-01  9.51565E-01  9.48388E-01  9.44946E-01  9.41630E-01
  9.38162E-01  9.31627E-01  9.24874E-01  9.18435E-01  9.11983E-01  9.05551E-01
  8.99146E-01  8.92735E-01  8.86487E-01  8.73860E-01  8.61565E-01  8.49426E-01
  8.37487E-01  8.25826E-01  8.14342E-01  8.02845E-01  7.91664E-01  7.69552E-01
  7.48221E-01  7.27523E-01  7.07565E-01  6.88189E-01  6.69355E-01  6.50992E-01
  6.33371E-01  5.99393E-01  5.67310E-01  5.37018E-01  5.08478E-01  4.81606E-01
  4.56069E-01  4.31966E-01  4.14949E-01  3.72524E-01  3.35007E-01  3.01943E-01
  2.72369E-01  2.45958E-01  2.22210E-01  2.01029E-01  1.82655E-01  1.51204E-01
  1.26543E-01  1.06740E-01  9.08857E-02  7.75861E-02  6.67381E-02  5.75378E-02
  5.00792E-02  3.74302E-02  2.87220E-02  2.31745E-02  1.91507E-02  1.58692E-02
  1.17618E-02  7.63994E-03  6.23248E-03  5.77300E-03  6.41229E-03  4.36286E-03
  5.74491E-03  6.84572E-03  4.22878E-03  1.15948E-03  1.94248E-03  2.03781E-03
 -3.30348E-04 -2.40672E-03 -3.03229E-04  2.99703E-03  1.83739E-03 -1.41739E-03
 -2.05433E-03  6.55975E-04 -1.47547E-04 -1.66126E-03 -1.34486E-03  3.94449E-03
  4.68700E-03  6.77658E-03  3.28614E-03 -4.00816E-03 -3.31569E-03 -1.33774E-03
 -1.19420E-05  7.19034E-04  2.37978E-03 -2.11647E-04 -1.81299E-03  4.82386E-04
 -4.73371E-04 -6.37740E-04  2.72200E-03  3.20991E-03 -1.27721E-03 -1.23905E-03
 -3.03509E-03 -8.22230E-04 -2.46380E-03 -1.18663E-03  8.84203E-04 -1.85487E-03
 -1.53145E-03  1.17322E-03  1.38875E-04  5.44598E-04 -1.09075E-03 -6.67261E-06
  6.35053E-04  7.30443E-04 -2.40519E-04  1.16366E-04  7.70966E-04  4.15230E-04
 -1.58448E-03 -1.04219E-03  2.39264E-04 -1.26931E-03 -4.48746E-04 -9.85189E-04
 -1.58451E-04 -4.88931E-04 -1.92354E-05 -8.36818E-04  5.45812E-04  2.73518E-04
  7.99319E-04  4.39915E-04
