AutoSaveFileName0013.ASC
 IFORMY    0    .00
 (6E13.7)
 IFORMT    0    .00
 (6E13.7)
 IFORMW    0    .00
 (6E13.7)
 NINTT     0   -1.00
 DOUSNQ    0    1.00
 IQUAD     0    1.00
 PRWT      0    1.00
 PRY       0    1.00
 IPLRES    1    3.00
 IPLRES    2    3.00
 IPRINT    1    0.00
 IPRINT    2    2.00
 IPLFIT    1    0.00
 IPLFIT    2    0.00
 LINEPG    0   50.
 NONNEG    1    1.00
 IWT       0    5.00
 NQPROG    1    5.00
 NQPROG    2    5.00
 GMNMX     1    8.93338E-02
 GMNMX     2    3.20686E-02
 RUSER    10    -1.00
 NG        0    500.00
 NLINF     0    1.00
 IUSER    10    4.00
 RUSER    21    1.0
 RUSER    22   -1.0
 RUSER    23    0.0
 RUSER    18         291.90037
 RUSER    17         19.99800
 RUSER    19         1.03305
 RUSER    15         1.33200
 RUSER    16         632.80000
 RUSER    25         1
 RUSER    26         0
 END       0    0.00
 NY      162
  7.50000E-07  8.75000E-07  1.00000E-06  1.12500E-06  1.25000E-06  1.37500E-06
  1.50000E-06  1.62500E-06  1.75000E-06  1.87500E-06  2.00000E-06  2.25000E-06
  2.50000E-06  2.75000E-06  3.00000E-06  3.25000E-06  3.50000E-06  3.75000E-06
  4.00000E-06  4.50000E-06  5.00000E-06  5.50000E-06  6.00000E-06  6.50000E-06
  7.00000E-06  7.50000E-06  8.00000E-06  9.00000E-06  1.00000E-05  1.10000E-05
  1.20000E-05  1.30000E-05  1.40000E-05  1.50000E-05  1.60000E-05  1.80000E-05
  2.00000E-05  2.20000E-05  2.40000E-05  2.60000E-05  2.80000E-05  3.00000E-05
  3.20000E-05  3.60000E-05  4.00000E-05  4.40000E-05  4.80000E-05  5.20000E-05
  5.60000E-05  6.00000E-05  6.40000E-05  7.20000E-05  8.00000E-05  8.80000E-05
  9.60000E-05  1.04000E-04  1.12000E-04  1.20000E-04  1.28000E-04  1.44000E-04
  1.60000E-04  1.76000E-04  1.92000E-04  2.08000E-04  2.24000E-04  2.40000E-04
  2.56000E-04  2.88000E-04  3.20000E-04  3.52000E-04  3.84000E-04  4.16000E-04
  4.48000E-04  4.80000E-04  5.12000E-04  5.76000E-04  6.40000E-04  7.04000E-04
  7.68000E-04  8.32000E-04  8.96000E-04  9.60000E-04  1.02400E-03  1.15200E-03
  1.28000E-03  1.40800E-03  1.53600E-03  1.66400E-03  1.79200E-03  1.92000E-03
  2.01600E-03  2.27200E-03  2.52800E-03  2.78400E-03  3.04000E-03  3.29600E-03
  3.55200E-03  3.80800E-03  4.06400E-03  4.57600E-03  5.08800E-03  5.60000E-03
  6.11200E-03  6.62400E-03  7.13600E-03  7.64800E-03  8.16000E-03  9.18400E-03
  1.02080E-02  1.12320E-02  1.22560E-02  1.32800E-02  1.43040E-02  1.53280E-02
  1.63520E-02  1.84000E-02  2.04480E-02  2.24960E-02  2.45440E-02  2.65920E-02
  2.86400E-02  3.06880E-02  3.27360E-02  3.68320E-02  4.09280E-02  4.50240E-02
  4.91200E-02  5.32160E-02  5.73120E-02  6.14080E-02  6.55040E-02  7.36960E-02
  8.18880E-02  9.00800E-02  9.82720E-02  1.06464E-01  1.14656E-01  1.22848E-01
  1.31040E-01  1.47424E-01  1.63808E-01  1.80192E-01  1.96576E-01  2.12960E-01
  2.29344E-01  2.45728E-01  2.62112E-01  2.94880E-01  3.27648E-01  3.60416E-01
  3.93184E-01  4.25952E-01  4.58720E-01  4.91488E-01  5.24256E-01  5.89792E-01
  6.55328E-01  7.20864E-01  7.86400E-01  8.51936E-01  9.17472E-01  9.83008E-01
  9.99287E-01  1.00000E+00  9.97655E-01  9.97583E-01  9.98271E-01  9.99637E-01
  9.98496E-01  9.98271E-01  9.97689E-01  9.97476E-01  9.97214E-01  9.98418E-01
  9.95775E-01  9.98536E-01  9.98662E-01  9.97214E-01  9.97658E-01  9.98637E-01
  9.98618E-01  9.98149E-01  9.96232E-01  9.96301E-01  9.96676E-01  9.96848E-01
  9.96351E-01  9.97464E-01  9.96260E-01  9.96535E-01  9.96363E-01  9.96135E-01
  9.95950E-01  9.95794E-01  9.95519E-01  9.95134E-01  9.95378E-01  9.94850E-01
  9.94340E-01  9.94058E-01  9.93292E-01  9.93280E-01  9.92426E-01  9.92157E-01
  9.92348E-01  9.91810E-01  9.91194E-01  9.90356E-01  9.89715E-01  9.88992E-01
  9.88436E-01  9.87491E-01  9.86953E-01  9.85846E-01  9.84492E-01  9.82922E-01
  9.81678E-01  9.80164E-01  9.78963E-01  9.78138E-01  9.76365E-01  9.73960E-01
  9.71361E-01  9.68960E-01  9.66433E-01  9.63753E-01  9.61486E-01  9.58924E-01
  9.56635E-01  9.51891E-01  9.47097E-01  9.42478E-01  9.37872E-01  9.33679E-01
  9.28953E-01  9.24704E-01  9.20310E-01  9.11763E-01  9.03320E-01  8.95005E-01
  8.86833E-01  8.78775E-01  8.70957E-01  8.63076E-01  8.27182E-01  8.12481E-01
  7.98146E-01  7.84055E-01  7.70130E-01  7.56383E-01  7.42967E-01  7.29773E-01
  7.45037E-01  7.19710E-01  6.95165E-01  6.71711E-01  6.49061E-01  6.27095E-01
  6.05934E-01  5.85613E-01  5.65984E-01  5.28876E-01  4.94527E-01  4.62887E-01
  4.33607E-01  4.06497E-01  3.81314E-01  3.57760E-01  3.36207E-01  2.97510E-01
  2.64259E-01  2.35952E-01  2.11612E-01  1.90220E-01  1.70890E-01  1.54300E-01
  1.39746E-01  1.10349E-01  8.68649E-02  6.97760E-02  5.84934E-02  5.16862E-02
  4.60382E-02  4.23152E-02  3.70197E-02  3.18639E-02  2.81389E-02  2.53706E-02
  2.45322E-02  2.36668E-02  2.84538E-02  2.78075E-02  2.16000E-02  1.75897E-02
  2.57957E-02  2.78339E-02  2.44388E-02  2.34071E-02  1.45346E-02  1.23673E-02
  1.98319E-02  2.62192E-02  2.51323E-02  9.35436E-03  4.38213E-03  5.08956E-03
  1.48237E-02  3.72711E-03 -3.43428E-03  3.03596E-03  1.17682E-02  7.25670E-03
 -3.63189E-03 -7.22515E-03 -7.81879E-05 -2.36784E-03  1.11047E-03 -3.18648E-03
  1.45614E-02 -3.79444E-03 -1.66799E-03 -9.28428E-03  2.00609E-04 -1.50136E-03
