AutoSaveFileName0086.ASC
 IFORMY    0    .00
 (6E13.7)
 IFORMT    0    .00
 (6E13.7)
 IFORMW    0    .00
 (6E13.7)
 NINTT     0   -1.00
 DOUSNQ    0    1.00
 IQUAD     0    1.00
 PRWT      0    1.00
 PRY       0    1.00
 IPLRES    1    3.00
 IPLRES    2    3.00
 IPRINT    1    0.00
 IPRINT    2    2.00
 IPLFIT    1    0.00
 IPLFIT    2    0.00
 LINEPG    0   50.
 NONNEG    1    1.00
 IWT       0    5.00
 NQPROG    1    5.00
 NQPROG    2    5.00
 GMNMX     1    1.26141E-02
 GMNMX     2    4.52815E-03
 RUSER    10    -1.00
 NG        0    500.00
 NLINF     0    1.00
 IUSER    10    4.00
 RUSER    21    1.0
 RUSER    22   -1.0
 RUSER    23    0.0
 RUSER    18         291.95288
 RUSER    17         54.99700
 RUSER    19         1.03170
 RUSER    15         1.33200
 RUSER    16         632.80000
 RUSER    25         1
 RUSER    26         0
 END       0    0.00
 NY      162
  7.50000E-07  8.75000E-07  1.00000E-06  1.12500E-06  1.25000E-06  1.37500E-06
  1.50000E-06  1.62500E-06  1.75000E-06  1.87500E-06  2.00000E-06  2.25000E-06
  2.50000E-06  2.75000E-06  3.00000E-06  3.25000E-06  3.50000E-06  3.75000E-06
  4.00000E-06  4.50000E-06  5.00000E-06  5.50000E-06  6.00000E-06  6.50000E-06
  7.00000E-06  7.50000E-06  8.00000E-06  9.00000E-06  1.00000E-05  1.10000E-05
  1.20000E-05  1.30000E-05  1.40000E-05  1.50000E-05  1.60000E-05  1.80000E-05
  2.00000E-05  2.20000E-05  2.40000E-05  2.60000E-05  2.80000E-05  3.00000E-05
  3.20000E-05  3.60000E-05  4.00000E-05  4.40000E-05  4.80000E-05  5.20000E-05
  5.60000E-05  6.00000E-05  6.40000E-05  7.20000E-05  8.00000E-05  8.80000E-05
  9.60000E-05  1.04000E-04  1.12000E-04  1.20000E-04  1.28000E-04  1.44000E-04
  1.60000E-04  1.76000E-04  1.92000E-04  2.08000E-04  2.24000E-04  2.40000E-04
  2.56000E-04  2.88000E-04  3.20000E-04  3.52000E-04  3.84000E-04  4.16000E-04
  4.48000E-04  4.80000E-04  5.12000E-04  5.76000E-04  6.40000E-04  7.04000E-04
  7.68000E-04  8.32000E-04  8.96000E-04  9.60000E-04  1.02400E-03  1.15200E-03
  1.28000E-03  1.40800E-03  1.53600E-03  1.66400E-03  1.79200E-03  1.92000E-03
  2.01600E-03  2.27200E-03  2.52800E-03  2.78400E-03  3.04000E-03  3.29600E-03
  3.55200E-03  3.80800E-03  4.06400E-03  4.57600E-03  5.08800E-03  5.60000E-03
  6.11200E-03  6.62400E-03  7.13600E-03  7.64800E-03  8.16000E-03  9.18400E-03
  1.02080E-02  1.12320E-02  1.22560E-02  1.32800E-02  1.43040E-02  1.53280E-02
  1.63520E-02  1.84000E-02  2.04480E-02  2.24960E-02  2.45440E-02  2.65920E-02
  2.86400E-02  3.06880E-02  3.27360E-02  3.68320E-02  4.09280E-02  4.50240E-02
  4.91200E-02  5.32160E-02  5.73120E-02  6.14080E-02  6.55040E-02  7.36960E-02
  8.18880E-02  9.00800E-02  9.82720E-02  1.06464E-01  1.14656E-01  1.22848E-01
  1.31040E-01  1.47424E-01  1.63808E-01  1.80192E-01  1.96576E-01  2.12960E-01
  2.29344E-01  2.45728E-01  2.62112E-01  2.94880E-01  3.27648E-01  3.60416E-01
  3.93184E-01  4.25952E-01  4.58720E-01  4.91488E-01  5.24256E-01  5.89792E-01
  6.55328E-01  7.20864E-01  7.86400E-01  8.51936E-01  9.17472E-01  9.83008E-01
  1.00000E+00  9.98885E-01  9.98295E-01  9.95969E-01  9.96053E-01  9.95953E-01
  9.97730E-01  9.95027E-01  9.95267E-01  9.94018E-01  9.93797E-01  9.93034E-01
  9.94113E-01  9.93058E-01  9.93540E-01  9.93968E-01  9.90202E-01  9.91068E-01
  9.92262E-01  9.90923E-01  9.89695E-01  9.88569E-01  9.89332E-01  9.88112E-01
  9.86653E-01  9.86275E-01  9.85868E-01  9.84149E-01  9.83129E-01  9.81663E-01
  9.80764E-01  9.78625E-01  9.77315E-01  9.76052E-01  9.74775E-01  9.72459E-01
  9.69818E-01  9.66852E-01  9.64197E-01  9.62047E-01  9.58466E-01  9.56639E-01
  9.53384E-01  9.48532E-01  9.42988E-01  9.37707E-01  9.32404E-01  9.27106E-01
  9.22551E-01  9.17284E-01  9.12141E-01  9.02059E-01  8.92231E-01  8.81730E-01
  8.72629E-01  8.63059E-01  8.53211E-01  8.43870E-01  8.34714E-01  8.16524E-01
  7.99008E-01  7.81692E-01  7.64516E-01  7.48045E-01  7.31447E-01  7.15610E-01
  7.00129E-01  6.70105E-01  6.41319E-01  6.14086E-01  5.88014E-01  5.63121E-01
  5.39137E-01  5.16560E-01  4.95101E-01  4.54285E-01  4.16871E-01  3.82807E-01
  3.51676E-01  3.23006E-01  2.96690E-01  2.72643E-01  2.50334E-01  2.11328E-01
  1.78592E-01  1.51198E-01  1.28052E-01  1.08981E-01  9.31664E-02  7.98433E-02
  7.17421E-02  5.34719E-02  4.14473E-02  3.29069E-02  2.60598E-02  2.02141E-02
  1.55663E-02  1.23385E-02  9.82671E-03  5.16291E-03  4.54479E-04 -1.48426E-03
  1.03659E-04  1.07764E-03  1.32900E-04  5.05733E-04 -6.87497E-04  2.70893E-04
  2.91109E-03  3.93101E-03  1.07916E-03 -1.16682E-03  7.18392E-04 -1.10582E-03
 -1.25460E-03 -1.45606E-03 -8.04514E-04 -1.74277E-03 -3.03947E-03 -5.59169E-04
 -1.19633E-03  6.95170E-04 -1.45054E-03 -2.46387E-03 -7.30631E-04 -1.52474E-03
 -1.02046E-03  4.45395E-04  1.11242E-03 -4.71153E-03 -1.39220E-03 -5.99567E-04
 -7.88069E-05 -8.88213E-04 -1.59305E-03 -1.13601E-04  2.17927E-03  1.13995E-03
  1.98754E-03 -4.75963E-04  1.00550E-03  2.16062E-03  5.16512E-04 -4.27060E-04
  7.88560E-04 -2.98407E-04 -3.26885E-04 -2.00127E-05 -1.23401E-03  3.83108E-04
 -1.29950E-03  6.49382E-05 -4.66632E-04 -7.75428E-04 -9.84225E-04 -1.46886E-04
 -6.36434E-04  4.40603E-04 -8.38173E-04 -3.10264E-04  5.09563E-05 -5.64635E-04
