AutoSaveFileName0290.ASC
 IFORMY    0    .00
 (6E13.7)
 IFORMT    0    .00
 (6E13.7)
 IFORMW    0    .00
 (6E13.7)
 NINTT     0   -1.00
 DOUSNQ    0    1.00
 IQUAD          1.00
 PRWT      0    1.00
 PRY       0    1.00
 IPLRES    1    3.00
 IPLRES    2    3.00
 IPRINT    1    0.00
 IPRINT    2    2.00
 IPLFIT    1    0.00
 IPLFIT    2    0.00
 LINEPG    0   50.
 NONNEG    1    1.00
 IWT       0    5.00
 NQPROG    1    5.00
 NQPROG    2    5.00
 GMNMX     1    1.009E-05
 GMNMX     2    1.009E-02
 RUSER    10    -1.00
 NG        0    200.00
 NLINF     0    0.00
 IUSER    10    4.00
 RUSER    21    1.0
 RUSER    22   -1.0
 RUSER    23    0.0
 RUSER    18         292.15946
 RUSER    17         110.99900
 RUSER    19         1.02644
 RUSER    15         1.33200
 RUSER    16         632.80000
 RUSER    25         1
 RUSER    26         0
 END       0    0.00
 NY      131
  3.75000E-07  5.00000E-07  6.25000E-07  7.50000E-07  8.75000E-07  1.00000E-06
  1.12500E-06  1.25000E-06  1.37500E-06  1.50000E-06  1.62500E-06  1.75000E-06
  1.87500E-06  2.00000E-06  2.25000E-06  2.50000E-06  2.75000E-06  3.00000E-06
  3.25000E-06  3.50000E-06  3.75000E-06  4.00000E-06  4.50000E-06  5.00000E-06
  5.50000E-06  6.00000E-06  6.50000E-06  7.00000E-06  7.50000E-06  8.00000E-06
  9.00000E-06  1.00000E-05  1.10000E-05  1.20000E-05  1.30000E-05  1.40000E-05
  1.50000E-05  1.60000E-05  1.80000E-05  2.00000E-05  2.20000E-05  2.40000E-05
  2.60000E-05  2.80000E-05  3.00000E-05  3.20000E-05  3.60000E-05  4.00000E-05
  4.40000E-05  4.80000E-05  5.20000E-05  5.60000E-05  6.00000E-05  6.40000E-05
  7.20000E-05  8.00000E-05  8.80000E-05  9.60000E-05  1.04000E-04  1.12000E-04
  1.20000E-04  1.28000E-04  1.44000E-04  1.60000E-04  1.76000E-04  1.92000E-04
  2.08000E-04  2.24000E-04  2.40000E-04  2.56000E-04  2.88000E-04  3.20000E-04
  3.52000E-04  3.84000E-04  4.16000E-04  4.48000E-04  4.80000E-04  5.12000E-04
  5.76000E-04  6.40000E-04  7.04000E-04  7.68000E-04  8.32000E-04  8.96000E-04
  9.60000E-04  1.02400E-03  1.15200E-03  1.28000E-03  1.40800E-03  1.53600E-03
  1.66400E-03  1.79200E-03  1.92000E-03  2.01600E-03  2.27200E-03  2.52800E-03
  2.78400E-03  3.04000E-03  3.29600E-03  3.55200E-03  3.80800E-03  4.06400E-03
  4.57600E-03  5.08800E-03  5.60000E-03  6.11200E-03  6.62400E-03  7.13600E-03
  7.64800E-03  8.16000E-03  9.18400E-03  1.02080E-02  1.12320E-02  1.22560E-02
  1.32800E-02  1.43040E-02  1.53280E-02  1.63520E-02  1.84000E-02  2.04480E-02
  2.24960E-02  2.45440E-02  2.65920E-02  2.86400E-02  3.06880E-02  3.27360E-02
  3.68320E-02  4.09280E-02  4.50240E-02  4.91200E-02  5.32160E-02
  2.37898E+00  2.38119E+00  2.37250E+00  2.37538E+00  2.37468E+00  2.37248E+00
  2.36720E+00  2.36974E+00  2.36749E+00  2.36621E+00  2.36765E+00  2.37069E+00
  2.36759E+00  2.36991E+00  2.36500E+00  2.36451E+00  2.36584E+00  2.36535E+00
  2.36571E+00  2.36509E+00  2.36435E+00  2.36275E+00  2.36165E+00  2.35977E+00
  2.35956E+00  2.35846E+00  2.35562E+00  2.35954E+00  2.35884E+00  2.35532E+00
  2.35396E+00  2.35268E+00  2.35101E+00  2.34857E+00  2.34569E+00  2.34446E+00
  2.34252E+00  2.34126E+00  2.33891E+00  2.33492E+00  2.33144E+00  2.32836E+00
  2.32431E+00  2.32055E+00  2.31891E+00  2.31451E+00  2.30724E+00  2.29976E+00
  2.29325E+00  2.28702E+00  2.28004E+00  2.27374E+00  2.26669E+00  2.25953E+00
  2.24666E+00  2.23282E+00  2.22027E+00  2.20616E+00  2.19357E+00  2.18013E+00
  2.16768E+00  2.15489E+00  2.12934E+00  2.10385E+00  2.07904E+00  2.05407E+00
  2.02889E+00  2.00523E+00  1.98152E+00  1.95812E+00  1.91231E+00  1.86760E+00
  1.82399E+00  1.78195E+00  1.74033E+00  1.70016E+00  1.66048E+00  1.62234E+00
  1.54809E+00  1.47770E+00  1.41029E+00  1.34584E+00  1.28437E+00  1.22563E+00
  1.16947E+00  1.11627E+00  1.01691E+00  9.27294E-01  8.46226E-01  7.73107E-01
  7.06092E-01  6.45752E-01  5.92080E-01  5.57769E-01  4.69977E-01  3.94766E-01
  3.31960E-01  2.77647E-01  2.32118E-01  1.95567E-01  1.65408E-01  1.40788E-01
  1.00180E-01  6.81800E-02  4.19088E-02  2.44114E-02  1.47644E-02  8.85058E-03
  7.03205E-03  5.26361E-03 -2.18411E-03  1.21178E-03  4.07752E-03  5.75027E-03
  3.51706E-03 -2.77540E-03 -5.03374E-03 -8.96457E-03 -1.24046E-02 -1.64089E-02
 -1.09592E-02  1.18369E-03  9.51941E-03 -3.38910E-03 -8.50003E-03 -4.06955E-03
  7.78775E-03 -5.33890E-03  3.40052E-03 -7.28301E-03 -1.25301E-03
