AutoSaveFileName0063.ASC
 IFORMY    0    .00
 (6E13.7)
 IFORMT    0    .00
 (6E13.7)
 IFORMW    0    .00
 (6E13.7)
 NINTT     0   -1.00
 DOUSNQ    0    1.00
 IQUAD          1.00
 PRWT      0    1.00
 PRY       0    1.00
 IPLRES    1    3.00
 IPLRES    2    3.00
 IPRINT    1    0.00
 IPRINT    2    2.00
 IPLFIT    1    0.00
 IPLFIT    2    0.00
 LINEPG    0   50.
 NONNEG    1    1.00
 IWT       0    5.00
 NQPROG    1    5.00
 NQPROG    2    5.00
 GMNMX     1    7.241E-05
 GMNMX     2    7.241E-02
 RUSER    10    -1.00
 NG        0    200.00
 NLINF     0    0.00
 IUSER    10    4.00
 RUSER    21    1.0
 RUSER    22   -1.0
 RUSER    23    0.0
 RUSER    18         291.85491
 RUSER    17         35.99900
 RUSER    19         1.03421
 RUSER    15         1.33200
 RUSER    16         632.80000
 RUSER    25         1
 RUSER    26         0
 END       0    0.00
 NY      131
  3.75000E-07  5.00000E-07  6.25000E-07  7.50000E-07  8.75000E-07  1.00000E-06
  1.12500E-06  1.25000E-06  1.37500E-06  1.50000E-06  1.62500E-06  1.75000E-06
  1.87500E-06  2.00000E-06  2.25000E-06  2.50000E-06  2.75000E-06  3.00000E-06
  3.25000E-06  3.50000E-06  3.75000E-06  4.00000E-06  4.50000E-06  5.00000E-06
  5.50000E-06  6.00000E-06  6.50000E-06  7.00000E-06  7.50000E-06  8.00000E-06
  9.00000E-06  1.00000E-05  1.10000E-05  1.20000E-05  1.30000E-05  1.40000E-05
  1.50000E-05  1.60000E-05  1.80000E-05  2.00000E-05  2.20000E-05  2.40000E-05
  2.60000E-05  2.80000E-05  3.00000E-05  3.20000E-05  3.60000E-05  4.00000E-05
  4.40000E-05  4.80000E-05  5.20000E-05  5.60000E-05  6.00000E-05  6.40000E-05
  7.20000E-05  8.00000E-05  8.80000E-05  9.60000E-05  1.04000E-04  1.12000E-04
  1.20000E-04  1.28000E-04  1.44000E-04  1.60000E-04  1.76000E-04  1.92000E-04
  2.08000E-04  2.24000E-04  2.40000E-04  2.56000E-04  2.88000E-04  3.20000E-04
  3.52000E-04  3.84000E-04  4.16000E-04  4.48000E-04  4.80000E-04  5.12000E-04
  5.76000E-04  6.40000E-04  7.04000E-04  7.68000E-04  8.32000E-04  8.96000E-04
  9.60000E-04  1.02400E-03  1.15200E-03  1.28000E-03  1.40800E-03  1.53600E-03
  1.66400E-03  1.79200E-03  1.92000E-03  2.01600E-03  2.27200E-03  2.52800E-03
  2.78400E-03  3.04000E-03  3.29600E-03  3.55200E-03  3.80800E-03  4.06400E-03
  4.57600E-03  5.08800E-03  5.60000E-03  6.11200E-03  6.62400E-03  7.13600E-03
  7.64800E-03  8.16000E-03  9.18400E-03  1.02080E-02  1.12320E-02  1.22560E-02
  1.32800E-02  1.43040E-02  1.53280E-02  1.63520E-02  1.84000E-02  2.04480E-02
  2.24960E-02  2.45440E-02  2.65920E-02  2.86400E-02  3.06880E-02  3.27360E-02
  3.68320E-02  4.09280E-02  4.50240E-02  4.91200E-02  5.32160E-02
  8.19124E-01  8.31193E-01  8.15833E-01  8.20889E-01  8.22281E-01  8.22617E-01
  8.20851E-01  8.25400E-01  8.27299E-01  8.20261E-01  8.23456E-01  8.19835E-01
  8.21791E-01  8.21309E-01  8.22211E-01  8.19797E-01  8.22633E-01  8.22458E-01
  8.22732E-01  8.20337E-01  8.18606E-01  8.19603E-01  8.19788E-01  8.19821E-01
  8.19584E-01  8.20112E-01  8.21520E-01  8.20440E-01  8.19031E-01  8.19540E-01
  8.20415E-01  8.21445E-01  8.21042E-01  8.21526E-01  8.21970E-01  8.22268E-01
  8.18967E-01  8.19091E-01  8.18423E-01  8.19497E-01  8.18629E-01  8.21430E-01
  8.20498E-01  8.18730E-01  8.19825E-01  8.19455E-01  8.18868E-01  8.18833E-01
  8.16989E-01  8.17190E-01  8.18479E-01  8.16126E-01  8.15681E-01  8.16195E-01
  8.15574E-01  8.15187E-01  8.14092E-01  8.12593E-01  8.12527E-01  8.12607E-01
  8.11326E-01  8.10574E-01  8.09085E-01  8.07483E-01  8.06300E-01  8.05265E-01
  8.03691E-01  8.02310E-01  8.00475E-01  7.99386E-01  7.96652E-01  7.93961E-01
  7.91234E-01  7.88529E-01  7.86051E-01  7.83063E-01  7.80594E-01  7.77847E-01
  7.72847E-01  7.67249E-01  7.61694E-01  7.56496E-01  7.51254E-01  7.45871E-01
  7.40876E-01  7.35640E-01  7.25330E-01  7.15247E-01  7.05231E-01  6.94898E-01
  6.84911E-01  6.75239E-01  6.65438E-01  6.55650E-01  6.36604E-01  6.18042E-01
  6.00025E-01  5.83019E-01  5.66354E-01  5.49792E-01  5.33451E-01  5.17258E-01
  4.86307E-01  4.56850E-01  4.28928E-01  4.02583E-01  3.78049E-01  3.55010E-01
  3.33387E-01  3.13904E-01  2.77247E-01  2.43294E-01  2.13010E-01  1.87143E-01
  1.65153E-01  1.46144E-01  1.29633E-01  1.15315E-01  8.96868E-02  6.79987E-02
  5.21398E-02  3.85352E-02  2.63090E-02  1.65593E-02  1.10953E-02  9.97385E-03
  1.32465E-02  1.32781E-02  6.01192E-03 -1.51264E-03 -4.08039E-03
