AutoSaveFileName0055.ASC
 IFORMY    0    .00
 (6E13.7)
 IFORMT    0    .00
 (6E13.7)
 IFORMW    0    .00
 (6E13.7)
 NINTT     0   -1.00
 DOUSNQ    0    1.00
 IQUAD          1.00
 PRWT      0    1.00
 PRY       0    1.00
 IPLRES    1    3.00
 IPLRES    2    3.00
 IPRINT    1    0.00
 IPRINT    2    2.00
 IPLFIT    1    0.00
 IPLFIT    2    0.00
 LINEPG    0   50.
 NONNEG    1    1.00
 IWT       0    5.00
 NQPROG    1    5.00
 NQPROG    2    5.00
 GMNMX     1    5.858E-05
 GMNMX     2    5.858E-02
 RUSER    10    -1.00
 NG        0    200.00
 NLINF     0    0.00
 IUSER    10    4.00
 RUSER    21    1.0
 RUSER    22   -1.0
 RUSER    23    0.0
 RUSER    18         292.17663
 RUSER    17         39.99800
 RUSER    19         1.02600
 RUSER    15         1.33200
 RUSER    16         632.80000
 RUSER    25         1
 RUSER    26         0
 END       0    0.00
 NY      188
  5.00000E-07  6.25000E-07  7.50000E-07  8.75000E-07  1.00000E-06  1.12500E-06
  1.25000E-06  1.37500E-06  1.50000E-06  1.62500E-06  1.75000E-06  1.87500E-06
  2.00000E-06  2.25000E-06  2.50000E-06  2.75000E-06  3.00000E-06  3.25000E-06
  3.50000E-06  3.75000E-06  4.00000E-06  4.50000E-06  5.00000E-06  5.50000E-06
  6.00000E-06  6.50000E-06  7.00000E-06  7.50000E-06  8.00000E-06  9.00000E-06
  1.00000E-05  1.10000E-05  1.20000E-05  1.30000E-05  1.40000E-05  1.50000E-05
  1.60000E-05  1.80000E-05  2.00000E-05  2.20000E-05  2.40000E-05  2.60000E-05
  2.80000E-05  3.00000E-05  3.20000E-05  3.60000E-05  4.00000E-05  4.40000E-05
  4.80000E-05  5.20000E-05  5.60000E-05  6.00000E-05  6.40000E-05  7.20000E-05
  8.00000E-05  8.80000E-05  9.60000E-05  1.04000E-04  1.12000E-04  1.20000E-04
  1.28000E-04  1.44000E-04  1.60000E-04  1.76000E-04  1.92000E-04  2.08000E-04
  2.24000E-04  2.40000E-04  2.56000E-04  2.88000E-04  3.20000E-04  3.52000E-04
  3.84000E-04  4.16000E-04  4.48000E-04  4.80000E-04  5.12000E-04  5.76000E-04
  6.40000E-04  7.04000E-04  7.68000E-04  8.32000E-04  8.96000E-04  9.60000E-04
  1.02400E-03  1.15200E-03  1.28000E-03  1.40800E-03  1.53600E-03  1.66400E-03
  1.79200E-03  1.92000E-03  2.01600E-03  2.27200E-03  2.52800E-03  2.78400E-03
  3.04000E-03  3.29600E-03  3.55200E-03  3.80800E-03  4.06400E-03  4.57600E-03
  5.08800E-03  5.60000E-03  6.11200E-03  6.62400E-03  7.13600E-03  7.64800E-03
  8.16000E-03  9.18400E-03  1.02080E-02  1.12320E-02  1.22560E-02  1.32800E-02
  1.43040E-02  1.53280E-02  1.63520E-02  1.84000E-02  2.04480E-02  2.24960E-02
  2.45440E-02  2.65920E-02  2.86400E-02  3.06880E-02  3.27360E-02  3.68320E-02
  4.09280E-02  4.50240E-02  4.91200E-02  5.32160E-02  5.73120E-02  6.14080E-02
  6.55040E-02  7.36960E-02  8.18880E-02  9.00800E-02  9.82720E-02  1.06464E-01
  1.14656E-01  1.22848E-01  1.31040E-01  1.47424E-01  1.63808E-01  1.80192E-01
  1.96576E-01  2.12960E-01  2.29344E-01  2.45728E-01  2.62112E-01  2.94880E-01
  3.27648E-01  3.60416E-01  3.93184E-01  4.25952E-01  4.58720E-01  4.91488E-01
  5.24256E-01  5.89792E-01  6.55328E-01  7.20864E-01  7.86400E-01  8.51936E-01
  9.17472E-01  9.83008E-01  1.04854E+00  1.17962E+00  1.31069E+00  1.44176E+00
  1.57283E+00  1.70390E+00  1.83498E+00  1.96605E+00  2.09712E+00  2.35926E+00
  2.62141E+00  2.88355E+00  3.14570E+00  3.40784E+00  3.66998E+00  3.93213E+00
  4.19427E+00  4.71856E+00  5.24285E+00  5.76714E+00  6.29142E+00  6.81571E+00
  7.34000E+00  7.86429E+00
  9.96452E-01  9.98374E-01  9.90555E-01  9.94480E-01  9.92436E-01  9.90042E-01
  9.90394E-01  9.91911E-01  9.90369E-01  9.90444E-01  9.88621E-01  9.90032E-01
  9.91054E-01  9.91302E-01  9.88998E-01  9.90721E-01  9.89904E-01  9.88091E-01
  9.88904E-01  9.88441E-01  9.89418E-01  9.90255E-01  9.89889E-01  9.89680E-01
  9.90171E-01  9.89935E-01  9.90162E-01  9.89738E-01  9.89662E-01  9.90493E-01
  9.89529E-01  9.90011E-01  9.89569E-01  9.88379E-01  9.89049E-01  9.88956E-01
  9.89459E-01  9.89082E-01  9.89144E-01  9.89306E-01  9.88716E-01  9.88598E-01
  9.88300E-01  9.89500E-01  9.88904E-01  9.88222E-01  9.88354E-01  9.88056E-01
  9.88042E-01  9.87773E-01  9.87529E-01  9.87498E-01  9.87102E-01  9.87249E-01
  9.86422E-01  9.85944E-01  9.85890E-01  9.85197E-01  9.84535E-01  9.84525E-01
  9.84280E-01  9.83387E-01  9.82646E-01  9.81920E-01  9.81088E-01  9.80227E-01
  9.79417E-01  9.78630E-01  9.77865E-01  9.76268E-01  9.74807E-01  9.73137E-01
  9.71453E-01  9.70077E-01  9.68470E-01  9.66906E-01  9.65269E-01  9.62087E-01
  9.59090E-01  9.56119E-01  9.52903E-01  9.49966E-01  9.46726E-01  9.43701E-01
  9.38560E-01  9.32516E-01  9.26660E-01  9.20718E-01  9.14821E-01  9.08987E-01
  9.03179E-01  8.97453E-01  8.92663E-01  8.81431E-01  8.70249E-01  8.59213E-01
  8.48302E-01  8.37655E-01  8.27027E-01  8.16664E-01  8.06624E-01  7.86508E-01
  7.67073E-01  7.48244E-01  7.29865E-01  7.11837E-01  6.94237E-01  6.77110E-01
  6.60704E-01  6.28766E-01  5.98670E-01  5.70128E-01  5.43004E-01  5.17128E-01
  4.92351E-01  4.69055E-01  4.47779E-01  4.08141E-01  3.72973E-01  3.40972E-01
  3.11682E-01  2.84743E-01  2.60225E-01  2.37622E-01  2.17798E-01  1.82805E-01
  1.52265E-01  1.27886E-01  1.08260E-01  9.15243E-02  7.57702E-02  6.06344E-02
  4.68187E-02  2.59769E-02  1.16341E-02  3.44116E-03  6.20967E-04 -2.54845E-03
 -3.94554E-03 -2.54278E-03 -1.36151E-03 -1.27943E-02 -1.61581E-02 -1.13442E-02
 -9.90347E-03 -7.72193E-03 -3.56424E-03 -5.39566E-03 -3.85424E-03 -9.18994E-04
 -6.00784E-03 -1.80738E-02 -8.32102E-03  9.69926E-03  1.02402E-02  1.17240E-02
  1.75772E-02  3.63752E-02  8.12692E-03 -6.59806E-04 -1.29241E-02 -1.55983E-02
 -3.34608E-02 -1.88098E-02 -1.32776E-02  1.39881E-02 -8.56788E-03 -8.39886E-03
  1.28004E-02  1.32221E-04 -5.25321E-04 -1.76349E-02  2.91984E-03  1.03478E-04
 -3.59515E-03  1.79621E-03 -9.57416E-03  4.93367E-03 -2.97740E-03  1.51945E-03
  2.44879E-02 -1.69552E-03 -7.89212E-03 -1.37274E-03  4.92062E-03 -6.92050E-03
 -8.25190E-03 -5.59876E-03
