AutoSaveFileName0396.ASC
 IFORMY    0    .00
 (6E13.7)
 IFORMT    0    .00
 (6E13.7)
 IFORMW    0    .00
 (6E13.7)
 NINTT     0   -1.00
 DOUSNQ    0    1.00
 IQUAD          1.00
 PRWT      0    1.00
 PRY       0    1.00
 IPLRES    1    3.00
 IPLRES    2    3.00
 IPRINT    1    0.00
 IPRINT    2    2.00
 IPLFIT    1    0.00
 IPLFIT    2    0.00
 LINEPG    0   50.
 NONNEG    1    1.00
 IWT       0    5.00
 NQPROG    1    5.00
 NQPROG    2    5.00
 GMNMX     1    7.420E-06
 GMNMX     2    7.420E-03
 RUSER    10    -1.00
 NG        0    200.00
 NLINF     0    0.00
 IUSER    10    4.00
 RUSER    21    1.0
 RUSER    22   -1.0
 RUSER    23    0.0
 RUSER    18         292.33368
 RUSER    17         146.99900
 RUSER    19         1.02203
 RUSER    15         1.33200
 RUSER    16         632.80000
 RUSER    25         1
 RUSER    26         0
 END       0    0.00
 NY      131
  3.75000E-07  5.00000E-07  6.25000E-07  7.50000E-07  8.75000E-07  1.00000E-06
  1.12500E-06  1.25000E-06  1.37500E-06  1.50000E-06  1.62500E-06  1.75000E-06
  1.87500E-06  2.00000E-06  2.25000E-06  2.50000E-06  2.75000E-06  3.00000E-06
  3.25000E-06  3.50000E-06  3.75000E-06  4.00000E-06  4.50000E-06  5.00000E-06
  5.50000E-06  6.00000E-06  6.50000E-06  7.00000E-06  7.50000E-06  8.00000E-06
  9.00000E-06  1.00000E-05  1.10000E-05  1.20000E-05  1.30000E-05  1.40000E-05
  1.50000E-05  1.60000E-05  1.80000E-05  2.00000E-05  2.20000E-05  2.40000E-05
  2.60000E-05  2.80000E-05  3.00000E-05  3.20000E-05  3.60000E-05  4.00000E-05
  4.40000E-05  4.80000E-05  5.20000E-05  5.60000E-05  6.00000E-05  6.40000E-05
  7.20000E-05  8.00000E-05  8.80000E-05  9.60000E-05  1.04000E-04  1.12000E-04
  1.20000E-04  1.28000E-04  1.44000E-04  1.60000E-04  1.76000E-04  1.92000E-04
  2.08000E-04  2.24000E-04  2.40000E-04  2.56000E-04  2.88000E-04  3.20000E-04
  3.52000E-04  3.84000E-04  4.16000E-04  4.48000E-04  4.80000E-04  5.12000E-04
  5.76000E-04  6.40000E-04  7.04000E-04  7.68000E-04  8.32000E-04  8.96000E-04
  9.60000E-04  1.02400E-03  1.15200E-03  1.28000E-03  1.40800E-03  1.53600E-03
  1.66400E-03  1.79200E-03  1.92000E-03  2.01600E-03  2.27200E-03  2.52800E-03
  2.78400E-03  3.04000E-03  3.29600E-03  3.55200E-03  3.80800E-03  4.06400E-03
  4.57600E-03  5.08800E-03  5.60000E-03  6.11200E-03  6.62400E-03  7.13600E-03
  7.64800E-03  8.16000E-03  9.18400E-03  1.02080E-02  1.12320E-02  1.22560E-02
  1.32800E-02  1.43040E-02  1.53280E-02  1.63520E-02  1.84000E-02  2.04480E-02
  2.24960E-02  2.45440E-02  2.65920E-02  2.86400E-02  3.06880E-02  3.27360E-02
  3.68320E-02  4.09280E-02  4.50240E-02  4.91200E-02  5.32160E-02
  7.65452E-01  7.64739E-01  7.68148E-01  7.62400E-01  7.59100E-01  7.63632E-01
  7.62741E-01  7.60107E-01  7.61006E-01  7.54151E-01  7.59697E-01  7.54414E-01
  7.57691E-01  7.60711E-01  7.60192E-01  7.57868E-01  7.60579E-01  7.60057E-01
  7.60847E-01  7.58263E-01  7.59232E-01  7.60449E-01  7.60007E-01  7.59665E-01
  7.60476E-01  7.59574E-01  7.58456E-01  7.55766E-01  7.56814E-01  7.56930E-01
  7.56734E-01  7.58224E-01  7.55531E-01  7.55945E-01  7.53897E-01  7.54525E-01
  7.54623E-01  7.54167E-01  7.51402E-01  7.51182E-01  7.50632E-01  7.48290E-01
  7.47344E-01  7.47479E-01  7.45705E-01  7.45814E-01  7.44624E-01  7.41548E-01
  7.39939E-01  7.36685E-01  7.34769E-01  7.33921E-01  7.32686E-01  7.29869E-01
  7.26260E-01  7.22402E-01  7.19602E-01  7.15824E-01  7.11625E-01  7.07466E-01
  7.04259E-01  7.00625E-01  6.93158E-01  6.86340E-01  6.78620E-01  6.72864E-01
  6.65877E-01  6.59062E-01  6.52429E-01  6.45965E-01  6.32567E-01  6.20446E-01
  6.07919E-01  5.96195E-01  5.84549E-01  5.73348E-01  5.62235E-01  5.51564E-01
  5.31220E-01  5.11303E-01  4.92735E-01  4.74579E-01  4.57337E-01  4.41046E-01
  4.25498E-01  4.11073E-01  3.84466E-01  3.60039E-01  3.38525E-01  3.18081E-01
  2.99323E-01  2.81965E-01  2.66190E-01  2.55083E-01  2.28760E-01  2.06630E-01
  1.86756E-01  1.69868E-01  1.55420E-01  1.43798E-01  1.34625E-01  1.27269E-01
  1.14104E-01  1.03128E-01  9.40752E-02  8.58144E-02  7.73198E-02  7.02035E-02
  6.66497E-02  6.20853E-02  5.40813E-02  4.89575E-02  4.41873E-02  4.01970E-02
  3.70144E-02  3.42545E-02  3.09948E-02  3.03238E-02  2.85573E-02  2.16955E-02
  8.52234E-03  4.35450E-03  3.15607E-03 -1.05130E-03  2.75823E-03  4.11780E-03
  1.18518E-02  1.27354E-02  1.57463E-03 -3.36850E-03 -1.23467E-02
