AutoSaveFileName0123.ASC
 IFORMY    0    .00
 (6E13.7)
 IFORMT    0    .00
 (6E13.7)
 IFORMW    0    .00
 (6E13.7)
 NINTT     0   -1.00
 DOUSNQ    0    1.00
 IQUAD          1.00
 PRWT      0    1.00
 PRY       0    1.00
 IPLRES    1    3.00
 IPLRES    2    3.00
 IPRINT    1    0.00
 IPRINT    2    2.00
 IPLFIT    1    0.00
 IPLFIT    2    0.00
 LINEPG    0   50.
 NONNEG    1    1.00
 IWT       0    5.00
 NQPROG    1    5.00
 NQPROG    2    5.00
 GMNMX     1    1.848E-05
 GMNMX     2    1.848E-02
 RUSER    10    -1.00
 NG        0    200.00
 NLINF     0    0.00
 IUSER    10    4.00
 RUSER    21    1.0
 RUSER    22   -1.0
 RUSER    23    0.0
 RUSER    18         292.20555
 RUSER    17         74.99800
 RUSER    19         1.02527
 RUSER    15         1.33200
 RUSER    16         632.80000
 RUSER    25         1
 RUSER    26         0
 END       0    0.00
 NY      188
  5.00000E-07  6.25000E-07  7.50000E-07  8.75000E-07  1.00000E-06  1.12500E-06
  1.25000E-06  1.37500E-06  1.50000E-06  1.62500E-06  1.75000E-06  1.87500E-06
  2.00000E-06  2.25000E-06  2.50000E-06  2.75000E-06  3.00000E-06  3.25000E-06
  3.50000E-06  3.75000E-06  4.00000E-06  4.50000E-06  5.00000E-06  5.50000E-06
  6.00000E-06  6.50000E-06  7.00000E-06  7.50000E-06  8.00000E-06  9.00000E-06
  1.00000E-05  1.10000E-05  1.20000E-05  1.30000E-05  1.40000E-05  1.50000E-05
  1.60000E-05  1.80000E-05  2.00000E-05  2.20000E-05  2.40000E-05  2.60000E-05
  2.80000E-05  3.00000E-05  3.20000E-05  3.60000E-05  4.00000E-05  4.40000E-05
  4.80000E-05  5.20000E-05  5.60000E-05  6.00000E-05  6.40000E-05  7.20000E-05
  8.00000E-05  8.80000E-05  9.60000E-05  1.04000E-04  1.12000E-04  1.20000E-04
  1.28000E-04  1.44000E-04  1.60000E-04  1.76000E-04  1.92000E-04  2.08000E-04
  2.24000E-04  2.40000E-04  2.56000E-04  2.88000E-04  3.20000E-04  3.52000E-04
  3.84000E-04  4.16000E-04  4.48000E-04  4.80000E-04  5.12000E-04  5.76000E-04
  6.40000E-04  7.04000E-04  7.68000E-04  8.32000E-04  8.96000E-04  9.60000E-04
  1.02400E-03  1.15200E-03  1.28000E-03  1.40800E-03  1.53600E-03  1.66400E-03
  1.79200E-03  1.92000E-03  2.01600E-03  2.27200E-03  2.52800E-03  2.78400E-03
  3.04000E-03  3.29600E-03  3.55200E-03  3.80800E-03  4.06400E-03  4.57600E-03
  5.08800E-03  5.60000E-03  6.11200E-03  6.62400E-03  7.13600E-03  7.64800E-03
  8.16000E-03  9.18400E-03  1.02080E-02  1.12320E-02  1.22560E-02  1.32800E-02
  1.43040E-02  1.53280E-02  1.63520E-02  1.84000E-02  2.04480E-02  2.24960E-02
  2.45440E-02  2.65920E-02  2.86400E-02  3.06880E-02  3.27360E-02  3.68320E-02
  4.09280E-02  4.50240E-02  4.91200E-02  5.32160E-02  5.73120E-02  6.14080E-02
  6.55040E-02  7.36960E-02  8.18880E-02  9.00800E-02  9.82720E-02  1.06464E-01
  1.14656E-01  1.22848E-01  1.31040E-01  1.47424E-01  1.63808E-01  1.80192E-01
  1.96576E-01  2.12960E-01  2.29344E-01  2.45728E-01  2.62112E-01  2.94880E-01
  3.27648E-01  3.60416E-01  3.93184E-01  4.25952E-01  4.58720E-01  4.91488E-01
  5.24256E-01  5.89792E-01  6.55328E-01  7.20864E-01  7.86400E-01  8.51936E-01
  9.17472E-01  9.83008E-01  1.04854E+00  1.17962E+00  1.31069E+00  1.44176E+00
  1.57283E+00  1.70390E+00  1.83498E+00  1.96605E+00  2.09712E+00  2.35926E+00
  2.62141E+00  2.88355E+00  3.14570E+00  3.40784E+00  3.66998E+00  3.93213E+00
  4.19427E+00  4.71856E+00  5.24285E+00  5.76714E+00  6.29142E+00  6.81571E+00
  7.34000E+00  7.86429E+00
  9.95876E-01  9.94956E-01  9.92018E-01  9.92365E-01  9.88243E-01  9.89253E-01
  9.90748E-01  9.88726E-01  9.89073E-01  9.91637E-01  9.90903E-01  9.88906E-01
  9.88652E-01  9.90504E-01  9.88027E-01  9.90792E-01  9.88699E-01  9.88132E-01
  9.90420E-01  9.89547E-01  9.88770E-01  9.88544E-01  9.88408E-01  9.89854E-01
  9.89058E-01  9.87649E-01  9.88742E-01  9.88089E-01  9.88017E-01  9.88692E-01
  9.88361E-01  9.87500E-01  9.88408E-01  9.87315E-01  9.87383E-01  9.86962E-01
  9.87519E-01  9.86184E-01  9.86506E-01  9.85692E-01  9.85791E-01  9.86079E-01
  9.85274E-01  9.84754E-01  9.84122E-01  9.83909E-01  9.82927E-01  9.81936E-01
  9.80846E-01  9.80450E-01  9.79942E-01  9.79004E-01  9.78298E-01  9.77084E-01
  9.75601E-01  9.74245E-01  9.72635E-01  9.71254E-01  9.69316E-01  9.68012E-01
  9.66607E-01  9.63560E-01  9.60764E-01  9.57593E-01  9.54609E-01  9.51896E-01
  9.48825E-01  9.46029E-01  9.42864E-01  9.37192E-01  9.31445E-01  9.25720E-01
  9.19881E-01  9.14143E-01  9.08626E-01  9.03012E-01  8.97455E-01  8.86478E-01
  8.75737E-01  8.65030E-01  8.54289E-01  8.43768E-01  8.33393E-01  8.23277E-01
  8.12936E-01  7.92993E-01  7.73585E-01  7.55023E-01  7.36609E-01  7.18673E-01
  7.01318E-01  6.84385E-01  6.71383E-01  6.39578E-01  6.09733E-01  5.81613E-01
  5.55103E-01  5.30212E-01  5.06445E-01  4.83805E-01  4.62921E-01  4.23462E-01
  3.87588E-01  3.54737E-01  3.24972E-01  2.97670E-01  2.72139E-01  2.49114E-01
  2.28563E-01  1.91600E-01  1.61305E-01  1.36223E-01  1.16334E-01  1.00434E-01
  8.59426E-02  7.35312E-02  6.44155E-02  4.79557E-02  3.67596E-02  3.07433E-02
  2.68249E-02  2.13025E-02  1.67383E-02  1.39732E-02  7.90128E-03  8.63606E-04
 -2.12750E-03 -1.39145E-03 -3.72559E-03 -5.23769E-03 -7.85208E-03 -6.25512E-03
 -5.59642E-03 -6.04491E-03 -3.81442E-03 -6.44096E-03 -1.48932E-03 -4.22130E-03
 -4.56025E-03 -5.52412E-03 -6.88840E-03 -5.88948E-03 -3.59490E-03  1.12849E-03
  1.49670E-03  5.83440E-03 -1.20185E-02 -4.64760E-03 -6.04306E-03 -1.19305E-03
  3.60675E-04 -4.88360E-03  3.84625E-03 -3.93415E-03 -1.39415E-02 -5.03212E-03
 -5.85270E-03 -3.28292E-03  7.11078E-03 -6.11600E-03  1.13402E-02 -3.08225E-03
  7.42050E-04  5.94456E-03  6.26057E-03 -6.69891E-03 -1.00940E-03  1.14796E-03
 -3.30468E-03 -3.43423E-04 -1.14236E-03  4.69048E-03  1.67326E-03 -2.18170E-03
  2.91765E-03 -1.75784E-03 -1.76569E-04  4.05349E-03  2.50780E-03  1.08179E-03
 -6.94726E-04 -1.10636E-03 -1.98875E-03 -2.55370E-03  2.99833E-03 -1.39303E-03
  6.68457E-04 -2.63388E-03
