AutoSaveFileName0039.ASC
 IFORMY    0    .00
 (6E13.7)
 IFORMT    0    .00
 (6E13.7)
 IFORMW    0    .00
 (6E13.7)
 NINTT     0   -1.00
 DOUSNQ    0    1.00
 IQUAD          1.00
 PRWT      0    1.00
 PRY       0    1.00
 IPLRES    1    3.00
 IPLRES    2    3.00
 IPRINT    1    0.00
 IPRINT    2    2.00
 IPLFIT    1    0.00
 IPLFIT    2    0.00
 LINEPG    0   50.
 NONNEG    1    1.00
 IWT       0    5.00
 NQPROG    1    5.00
 NQPROG    2    5.00
 GMNMX     1    1.182E-04
 GMNMX     2    1.182E-01
 RUSER    10    -1.00
 NG        0    200.00
 NLINF     0    0.00
 IUSER    10    4.00
 RUSER    21    1.0
 RUSER    22   -1.0
 RUSER    23    0.0
 RUSER    18         291.82996
 RUSER    17         27.99900
 RUSER    19         1.03485
 RUSER    15         1.33200
 RUSER    16         632.80000
 RUSER    25         1
 RUSER    26         0
 END       0    0.00
 NY      131
  3.75000E-07  5.00000E-07  6.25000E-07  7.50000E-07  8.75000E-07  1.00000E-06
  1.12500E-06  1.25000E-06  1.37500E-06  1.50000E-06  1.62500E-06  1.75000E-06
  1.87500E-06  2.00000E-06  2.25000E-06  2.50000E-06  2.75000E-06  3.00000E-06
  3.25000E-06  3.50000E-06  3.75000E-06  4.00000E-06  4.50000E-06  5.00000E-06
  5.50000E-06  6.00000E-06  6.50000E-06  7.00000E-06  7.50000E-06  8.00000E-06
  9.00000E-06  1.00000E-05  1.10000E-05  1.20000E-05  1.30000E-05  1.40000E-05
  1.50000E-05  1.60000E-05  1.80000E-05  2.00000E-05  2.20000E-05  2.40000E-05
  2.60000E-05  2.80000E-05  3.00000E-05  3.20000E-05  3.60000E-05  4.00000E-05
  4.40000E-05  4.80000E-05  5.20000E-05  5.60000E-05  6.00000E-05  6.40000E-05
  7.20000E-05  8.00000E-05  8.80000E-05  9.60000E-05  1.04000E-04  1.12000E-04
  1.20000E-04  1.28000E-04  1.44000E-04  1.60000E-04  1.76000E-04  1.92000E-04
  2.08000E-04  2.24000E-04  2.40000E-04  2.56000E-04  2.88000E-04  3.20000E-04
  3.52000E-04  3.84000E-04  4.16000E-04  4.48000E-04  4.80000E-04  5.12000E-04
  5.76000E-04  6.40000E-04  7.04000E-04  7.68000E-04  8.32000E-04  8.96000E-04
  9.60000E-04  1.02400E-03  1.15200E-03  1.28000E-03  1.40800E-03  1.53600E-03
  1.66400E-03  1.79200E-03  1.92000E-03  2.01600E-03  2.27200E-03  2.52800E-03
  2.78400E-03  3.04000E-03  3.29600E-03  3.55200E-03  3.80800E-03  4.06400E-03
  4.57600E-03  5.08800E-03  5.60000E-03  6.11200E-03  6.62400E-03  7.13600E-03
  7.64800E-03  8.16000E-03  9.18400E-03  1.02080E-02  1.12320E-02  1.22560E-02
  1.32800E-02  1.43040E-02  1.53280E-02  1.63520E-02  1.84000E-02  2.04480E-02
  2.24960E-02  2.45440E-02  2.65920E-02  2.86400E-02  3.06880E-02  3.27360E-02
  3.68320E-02  4.09280E-02  4.50240E-02  4.91200E-02  5.32160E-02
  8.05490E-01  8.05731E-01  8.04825E-01  8.04955E-01  8.02701E-01  8.03419E-01
  8.03047E-01  8.06224E-01  8.02541E-01  8.03051E-01  8.03064E-01  8.04347E-01
  8.03755E-01  8.02295E-01  8.02343E-01  8.03182E-01  8.03533E-01  8.03113E-01
  8.03460E-01  8.04629E-01  8.01906E-01  8.03392E-01  8.02884E-01  8.02935E-01
  8.02102E-01  8.02208E-01  8.01374E-01  8.02744E-01  8.03140E-01  8.02975E-01
  8.02942E-01  8.02758E-01  8.02433E-01  8.02816E-01  8.03159E-01  8.01938E-01
  8.02654E-01  8.03442E-01  8.02522E-01  8.01891E-01  8.02359E-01  8.02086E-01
  8.01971E-01  8.02155E-01  8.02054E-01  8.01720E-01  8.01546E-01  8.01055E-01
  8.01186E-01  8.01027E-01  8.00641E-01  8.00343E-01  8.00462E-01  8.00078E-01
  7.99978E-01  7.99349E-01  7.98779E-01  7.98598E-01  7.98238E-01  7.97704E-01
  7.97584E-01  7.96873E-01  7.96158E-01  7.95338E-01  7.94553E-01  7.93897E-01
  7.93169E-01  7.92430E-01  7.91495E-01  7.90667E-01  7.89222E-01  7.87684E-01
  7.86234E-01  7.84613E-01  7.83369E-01  7.81605E-01  7.79989E-01  7.78551E-01
  7.75489E-01  7.72528E-01  7.69551E-01  7.66727E-01  7.63688E-01  7.60805E-01
  7.57736E-01  7.07278E-01  7.01849E-01  6.96341E-01  6.90949E-01  6.85502E-01
  6.80037E-01  6.74771E-01  6.69585E-01  7.18600E-01  7.07886E-01  6.97284E-01
  6.86843E-01  6.76615E-01  6.66622E-01  6.56684E-01  6.46853E-01  6.37230E-01
  6.18579E-01  6.00433E-01  5.82528E-01  5.65116E-01  5.47753E-01  5.30881E-01
  5.14544E-01  4.98576E-01  4.67419E-01  4.38834E-01  4.12711E-01  3.88485E-01
  3.64982E-01  3.42521E-01  3.21792E-01  3.03283E-01  2.69487E-01  2.38334E-01
  2.11331E-01  1.88717E-01  1.69741E-01  1.52914E-01  1.36547E-01  1.23666E-01
  1.02732E-01  9.06224E-02  7.92988E-02  7.02232E-02  6.12327E-02
