AutoSaveFileName0098.ASC
 IFORMY    0    .00
 (6E13.7)
 IFORMT    0    .00
 (6E13.7)
 IFORMW    0    .00
 (6E13.7)
 NINTT     0   -1.00
 DOUSNQ    0    1.00
 IQUAD          1.00
 PRWT      0    1.00
 PRY       0    1.00
 IPLRES    1    3.00
 IPLRES    2    3.00
 IPRINT    1    0.00
 IPRINT    2    2.00
 IPLFIT    1    0.00
 IPLFIT    2    0.00
 LINEPG    0   50.
 NONNEG    1    1.00
 IWT       0    5.00
 NQPROG    1    5.00
 NQPROG    2    5.00
 GMNMX     1    2.740E-05
 GMNMX     2    2.740E-02
 RUSER    10    -1.00
 NG        0    200.00
 NLINF     0    0.00
 IUSER    10    4.00
 RUSER    21    1.0
 RUSER    22   -1.0
 RUSER    23    0.0
 RUSER    18         292.19434
 RUSER    17         59.99800
 RUSER    19         1.02555
 RUSER    15         1.33200
 RUSER    16         632.80000
 RUSER    25         1
 RUSER    26         0
 END       0    0.00
 NY      188
  5.00000E-07  6.25000E-07  7.50000E-07  8.75000E-07  1.00000E-06  1.12500E-06
  1.25000E-06  1.37500E-06  1.50000E-06  1.62500E-06  1.75000E-06  1.87500E-06
  2.00000E-06  2.25000E-06  2.50000E-06  2.75000E-06  3.00000E-06  3.25000E-06
  3.50000E-06  3.75000E-06  4.00000E-06  4.50000E-06  5.00000E-06  5.50000E-06
  6.00000E-06  6.50000E-06  7.00000E-06  7.50000E-06  8.00000E-06  9.00000E-06
  1.00000E-05  1.10000E-05  1.20000E-05  1.30000E-05  1.40000E-05  1.50000E-05
  1.60000E-05  1.80000E-05  2.00000E-05  2.20000E-05  2.40000E-05  2.60000E-05
  2.80000E-05  3.00000E-05  3.20000E-05  3.60000E-05  4.00000E-05  4.40000E-05
  4.80000E-05  5.20000E-05  5.60000E-05  6.00000E-05  6.40000E-05  7.20000E-05
  8.00000E-05  8.80000E-05  9.60000E-05  1.04000E-04  1.12000E-04  1.20000E-04
  1.28000E-04  1.44000E-04  1.60000E-04  1.76000E-04  1.92000E-04  2.08000E-04
  2.24000E-04  2.40000E-04  2.56000E-04  2.88000E-04  3.20000E-04  3.52000E-04
  3.84000E-04  4.16000E-04  4.48000E-04  4.80000E-04  5.12000E-04  5.76000E-04
  6.40000E-04  7.04000E-04  7.68000E-04  8.32000E-04  8.96000E-04  9.60000E-04
  1.02400E-03  1.15200E-03  1.28000E-03  1.40800E-03  1.53600E-03  1.66400E-03
  1.79200E-03  1.92000E-03  2.01600E-03  2.27200E-03  2.52800E-03  2.78400E-03
  3.04000E-03  3.29600E-03  3.55200E-03  3.80800E-03  4.06400E-03  4.57600E-03
  5.08800E-03  5.60000E-03  6.11200E-03  6.62400E-03  7.13600E-03  7.64800E-03
  8.16000E-03  9.18400E-03  1.02080E-02  1.12320E-02  1.22560E-02  1.32800E-02
  1.43040E-02  1.53280E-02  1.63520E-02  1.84000E-02  2.04480E-02  2.24960E-02
  2.45440E-02  2.65920E-02  2.86400E-02  3.06880E-02  3.27360E-02  3.68320E-02
  4.09280E-02  4.50240E-02  4.91200E-02  5.32160E-02  5.73120E-02  6.14080E-02
  6.55040E-02  7.36960E-02  8.18880E-02  9.00800E-02  9.82720E-02  1.06464E-01
  1.14656E-01  1.22848E-01  1.31040E-01  1.47424E-01  1.63808E-01  1.80192E-01
  1.96576E-01  2.12960E-01  2.29344E-01  2.45728E-01  2.62112E-01  2.94880E-01
  3.27648E-01  3.60416E-01  3.93184E-01  4.25952E-01  4.58720E-01  4.91488E-01
  5.24256E-01  5.89792E-01  6.55328E-01  7.20864E-01  7.86400E-01  8.51936E-01
  9.17472E-01  9.83008E-01  1.04854E+00  1.17962E+00  1.31069E+00  1.44176E+00
  1.57283E+00  1.70390E+00  1.83498E+00  1.96605E+00  2.09712E+00  2.35926E+00
  2.62141E+00  2.88355E+00  3.14570E+00  3.40784E+00  3.66998E+00  3.93213E+00
  4.19427E+00  4.71856E+00  5.24285E+00  5.76714E+00  6.29142E+00  6.81571E+00
  7.34000E+00  7.86429E+00
  9.92328E-01  9.90764E-01  9.91273E-01  9.88930E-01  9.90740E-01  9.89849E-01
  9.89786E-01  9.89406E-01  9.87299E-01  9.86603E-01  9.87738E-01  9.87443E-01
  9.87957E-01  9.86739E-01  9.87922E-01  9.87666E-01  9.86906E-01  9.86449E-01
  9.86437E-01  9.87126E-01  9.86683E-01  9.86786E-01  9.86755E-01  9.87458E-01
  9.87159E-01  9.88056E-01  9.88054E-01  9.86707E-01  9.87036E-01  9.86421E-01
  9.86039E-01  9.86444E-01  9.85999E-01  9.85864E-01  9.86274E-01  9.85885E-01
  9.85593E-01  9.85350E-01  9.85499E-01  9.85689E-01  9.85431E-01  9.84349E-01
  9.84745E-01  9.84583E-01  9.84132E-01  9.84124E-01  9.83202E-01  9.82646E-01
  9.82485E-01  9.81814E-01  9.81274E-01  9.81156E-01  9.80819E-01  9.79765E-01
  9.78429E-01  9.77623E-01  9.76876E-01  9.75849E-01  9.74782E-01  9.74173E-01
  9.73071E-01  9.71091E-01  9.69120E-01  9.67438E-01  9.65746E-01  9.63894E-01
  9.61987E-01  9.60082E-01  9.58278E-01  9.54596E-01  9.51013E-01  9.47278E-01
  9.43661E-01  9.39875E-01  9.36455E-01  9.32678E-01  9.29078E-01  9.22121E-01
  9.14851E-01  9.07870E-01  9.00790E-01  8.93885E-01  8.86995E-01  8.80206E-01
  8.69736E-01  8.56350E-01  8.43302E-01  8.30427E-01  8.17819E-01  8.05363E-01
  7.93121E-01  7.81092E-01  7.74627E-01  7.51442E-01  7.29071E-01  7.07318E-01
  6.86237E-01  6.65928E-01  6.46293E-01  6.27296E-01  6.09111E-01  5.74104E-01
  5.41129E-01  5.10263E-01  4.81562E-01  4.54756E-01  4.29593E-01  4.05712E-01
  3.83357E-01  3.41782E-01  3.05096E-01  2.72451E-01  2.43667E-01  2.18262E-01
  1.95533E-01  1.75323E-01  1.57730E-01  1.26790E-01  1.03066E-01  8.45540E-02
  7.00763E-02  5.91199E-02  5.10794E-02  4.34227E-02  3.64487E-02  2.61947E-02
  1.88055E-02  1.33914E-02  9.03273E-03  5.99878E-03  4.79531E-03  4.61248E-03
  1.14426E-03 -5.31724E-03 -5.01760E-03 -2.92973E-05  6.52035E-03  2.49541E-03
  1.75299E-03  1.58979E-03 -6.12229E-04 -3.61857E-03 -5.08449E-03 -2.59353E-03
  1.90223E-03  3.53296E-03 -7.82839E-03 -1.35313E-03 -2.96723E-03  1.33573E-03
 -7.71349E-03 -5.86321E-03 -1.56801E-03 -1.41562E-03 -1.52800E-02 -6.07248E-03
  1.06061E-03 -2.25022E-03 -2.32786E-03  3.77893E-03 -6.03611E-03  2.04610E-03
  5.47544E-03 -4.31219E-03 -4.74330E-03 -1.89333E-04  2.14022E-03 -2.67675E-03
  2.66539E-04 -8.31372E-04  6.66698E-03 -1.73460E-03  2.21352E-03 -7.68912E-04
 -3.55387E-03 -4.85368E-03  1.49600E-03  4.86734E-03 -2.05126E-04 -2.98614E-04
  5.69037E-04 -8.88485E-04  1.81011E-04 -1.26893E-03 -3.57712E-04  2.54842E-04
 -3.81784E-04 -2.08523E-03
