AutoSaveFileName0167.ASC
 IFORMY    0    .00
 (6E13.7)
 IFORMT    0    .00
 (6E13.7)
 IFORMW    0    .00
 (6E13.7)
 NINTT     0   -1.00
 DOUSNQ    0    1.00
 IQUAD          1.00
 PRWT      0    1.00
 PRY       0    1.00
 IPLRES    1    3.00
 IPLRES    2    3.00
 IPRINT    1    0.00
 IPRINT    2    2.00
 IPLFIT    1    0.00
 IPLFIT    2    0.00
 LINEPG    0   50.
 NONNEG    1    1.00
 IWT       0    5.00
 NQPROG    1    5.00
 NQPROG    2    5.00
 GMNMX     1    2.094E-05
 GMNMX     2    2.094E-02
 RUSER    10    -1.00
 NG        0    200.00
 NLINF     0    0.00
 IUSER    10    4.00
 RUSER    21    1.0
 RUSER    22   -1.0
 RUSER    23    0.0
 RUSER    18         291.98005
 RUSER    17         69.99900
 RUSER    19         1.03101
 RUSER    15         1.33200
 RUSER    16         632.80000
 RUSER    25         1
 RUSER    26         0
 END       0    0.00
 NY      131
  3.75000E-07  5.00000E-07  6.25000E-07  7.50000E-07  8.75000E-07  1.00000E-06
  1.12500E-06  1.25000E-06  1.37500E-06  1.50000E-06  1.62500E-06  1.75000E-06
  1.87500E-06  2.00000E-06  2.25000E-06  2.50000E-06  2.75000E-06  3.00000E-06
  3.25000E-06  3.50000E-06  3.75000E-06  4.00000E-06  4.50000E-06  5.00000E-06
  5.50000E-06  6.00000E-06  6.50000E-06  7.00000E-06  7.50000E-06  8.00000E-06
  9.00000E-06  1.00000E-05  1.10000E-05  1.20000E-05  1.30000E-05  1.40000E-05
  1.50000E-05  1.60000E-05  1.80000E-05  2.00000E-05  2.20000E-05  2.40000E-05
  2.60000E-05  2.80000E-05  3.00000E-05  3.20000E-05  3.60000E-05  4.00000E-05
  4.40000E-05  4.80000E-05  5.20000E-05  5.60000E-05  6.00000E-05  6.40000E-05
  7.20000E-05  8.00000E-05  8.80000E-05  9.60000E-05  1.04000E-04  1.12000E-04
  1.20000E-04  1.28000E-04  1.44000E-04  1.60000E-04  1.76000E-04  1.92000E-04
  2.08000E-04  2.24000E-04  2.40000E-04  2.56000E-04  2.88000E-04  3.20000E-04
  3.52000E-04  3.84000E-04  4.16000E-04  4.48000E-04  4.80000E-04  5.12000E-04
  5.76000E-04  6.40000E-04  7.04000E-04  7.68000E-04  8.32000E-04  8.96000E-04
  9.60000E-04  1.02400E-03  1.15200E-03  1.28000E-03  1.40800E-03  1.53600E-03
  1.66400E-03  1.79200E-03  1.92000E-03  2.01600E-03  2.27200E-03  2.52800E-03
  2.78400E-03  3.04000E-03  3.29600E-03  3.55200E-03  3.80800E-03  4.06400E-03
  4.57600E-03  5.08800E-03  5.60000E-03  6.11200E-03  6.62400E-03  7.13600E-03
  7.64800E-03  8.16000E-03  9.18400E-03  1.02080E-02  1.12320E-02  1.22560E-02
  1.32800E-02  1.43040E-02  1.53280E-02  1.63520E-02  1.84000E-02  2.04480E-02
  2.24960E-02  2.45440E-02  2.65920E-02  2.86400E-02  3.06880E-02  3.27360E-02
  3.68320E-02  4.09280E-02  4.50240E-02  4.91200E-02  5.32160E-02
  2.38767E+00  2.38595E+00  2.38058E+00  2.37488E+00  2.37576E+00  2.37986E+00
  2.37816E+00  2.37496E+00  2.37260E+00  2.36798E+00  2.37469E+00  2.37139E+00
  2.37224E+00  2.37486E+00  2.37197E+00  2.37257E+00  2.37074E+00  2.36976E+00
  2.37257E+00  2.36845E+00  2.37435E+00  2.37177E+00  2.36755E+00  2.37022E+00
  2.36988E+00  2.36469E+00  2.36744E+00  2.37045E+00  2.36937E+00  2.37004E+00
  2.37049E+00  2.36598E+00  2.36715E+00  2.36460E+00  2.36503E+00  2.36596E+00
  2.36120E+00  2.36079E+00  2.36003E+00  2.35929E+00  2.35740E+00  2.35511E+00
  2.35477E+00  2.35444E+00  2.35232E+00  2.35182E+00  2.34831E+00  2.34565E+00
  2.34288E+00  2.34005E+00  2.33759E+00  2.33350E+00  2.33143E+00  2.32791E+00
  2.32220E+00  2.31641E+00  2.31077E+00  2.30516E+00  2.29971E+00  2.29362E+00
  2.28783E+00  2.28250E+00  2.27134E+00  2.26070E+00  2.24920E+00  2.23831E+00
  2.22690E+00  2.21691E+00  2.20583E+00  2.19512E+00  2.17408E+00  2.15306E+00
  2.13213E+00  2.11140E+00  2.09068E+00  2.07065E+00  2.05047E+00  2.03102E+00
  1.99238E+00  1.95419E+00  1.91665E+00  1.88019E+00  1.84411E+00  1.80841E+00
  1.77408E+00  1.70261E+00  1.63793E+00  1.57587E+00  1.51628E+00  1.45937E+00
  1.40490E+00  1.35306E+00  1.30297E+00  1.30198E+00  1.20963E+00  1.12357E+00
  1.04382E+00  9.69618E-01  9.01809E-01  8.39122E-01  7.80844E-01  7.27747E-01
  6.30488E-01  5.47347E-01  4.74727E-01  4.13400E-01  3.61197E-01  3.14739E-01
  2.74077E-01  2.40599E-01  1.83047E-01  1.43043E-01  1.09785E-01  8.29913E-02
  6.62679E-02  5.05408E-02  3.24626E-02  1.77922E-02 -2.78100E-03 -1.15780E-02
 -8.57176E-03 -3.24967E-03 -8.51468E-03 -1.44215E-02 -5.66115E-03 -4.24011E-04
  4.76496E-03  2.02895E-02  1.19167E-02  8.99923E-03 -3.04668E-03
