AutoSaveFileName0179.ASC
 IFORMY    0    .00
 (6E13.7)
 IFORMT    0    .00
 (6E13.7)
 IFORMW    0    .00
 (6E13.7)
 NINTT     0   -1.00
 DOUSNQ    0    1.00
 IQUAD     0    1.00
 PRWT      0    1.00
 PRY       0    1.00
 IPLRES    1    3.00
 IPLRES    2    3.00
 IPRINT    1    0.00
 IPRINT    2    2.00
 IPLFIT    1    0.00
 IPLFIT    2    0.00
 LINEPG    0   50.
 NONNEG    1    1.00
 IWT       0    5.00
 NQPROG    1    5.00
 NQPROG    2    5.00
 GMNMX     1    4.57169E-03
 GMNMX     2    1.64112E-03
 RUSER    10    -1.00
 NG        0    500.00
 NLINF     0    1.00
 IUSER    10    4.00
 RUSER    21    1.0
 RUSER    22   -1.0
 RUSER    23    0.0
 RUSER    18         292.03844
 RUSER    17         99.99900
 RUSER    19         1.02952
 RUSER    15         1.33200
 RUSER    16         632.80000
 RUSER    25         1
 RUSER    26         0
 END       0    0.00
 NY      162
  7.50000E-07  8.75000E-07  1.00000E-06  1.12500E-06  1.25000E-06  1.37500E-06
  1.50000E-06  1.62500E-06  1.75000E-06  1.87500E-06  2.00000E-06  2.25000E-06
  2.50000E-06  2.75000E-06  3.00000E-06  3.25000E-06  3.50000E-06  3.75000E-06
  4.00000E-06  4.50000E-06  5.00000E-06  5.50000E-06  6.00000E-06  6.50000E-06
  7.00000E-06  7.50000E-06  8.00000E-06  9.00000E-06  1.00000E-05  1.10000E-05
  1.20000E-05  1.30000E-05  1.40000E-05  1.50000E-05  1.60000E-05  1.80000E-05
  2.00000E-05  2.20000E-05  2.40000E-05  2.60000E-05  2.80000E-05  3.00000E-05
  3.20000E-05  3.60000E-05  4.00000E-05  4.40000E-05  4.80000E-05  5.20000E-05
  5.60000E-05  6.00000E-05  6.40000E-05  7.20000E-05  8.00000E-05  8.80000E-05
  9.60000E-05  1.04000E-04  1.12000E-04  1.20000E-04  1.28000E-04  1.44000E-04
  1.60000E-04  1.76000E-04  1.92000E-04  2.08000E-04  2.24000E-04  2.40000E-04
  2.56000E-04  2.88000E-04  3.20000E-04  3.52000E-04  3.84000E-04  4.16000E-04
  4.48000E-04  4.80000E-04  5.12000E-04  5.76000E-04  6.40000E-04  7.04000E-04
  7.68000E-04  8.32000E-04  8.96000E-04  9.60000E-04  1.02400E-03  1.15200E-03
  1.28000E-03  1.40800E-03  1.53600E-03  1.66400E-03  1.79200E-03  1.92000E-03
  2.01600E-03  2.27200E-03  2.52800E-03  2.78400E-03  3.04000E-03  3.29600E-03
  3.55200E-03  3.80800E-03  4.06400E-03  4.57600E-03  5.08800E-03  5.60000E-03
  6.11200E-03  6.62400E-03  7.13600E-03  7.64800E-03  8.16000E-03  9.18400E-03
  1.02080E-02  1.12320E-02  1.22560E-02  1.32800E-02  1.43040E-02  1.53280E-02
  1.63520E-02  1.84000E-02  2.04480E-02  2.24960E-02  2.45440E-02  2.65920E-02
  2.86400E-02  3.06880E-02  3.27360E-02  3.68320E-02  4.09280E-02  4.50240E-02
  4.91200E-02  5.32160E-02  5.73120E-02  6.14080E-02  6.55040E-02  7.36960E-02
  8.18880E-02  9.00800E-02  9.82720E-02  1.06464E-01  1.14656E-01  1.22848E-01
  1.31040E-01  1.47424E-01  1.63808E-01  1.80192E-01  1.96576E-01  2.12960E-01
  2.29344E-01  2.45728E-01  2.62112E-01  2.94880E-01  3.27648E-01  3.60416E-01
  3.93184E-01  4.25952E-01  4.58720E-01  4.91488E-01  5.24256E-01  5.89792E-01
  6.55328E-01  7.20864E-01  7.86400E-01  8.51936E-01  9.17472E-01  9.83008E-01
  1.00000E+00  9.99314E-01  9.93031E-01  9.98025E-01  9.94448E-01  9.93514E-01
  9.92578E-01  9.92958E-01  9.90647E-01  9.92068E-01  9.92477E-01  9.88154E-01
  9.87925E-01  9.87565E-01  9.87162E-01  9.85549E-01  9.85842E-01  9.84167E-01
  9.80974E-01  9.81547E-01  9.79459E-01  9.76187E-01  9.75600E-01  9.72709E-01
  9.72294E-01  9.69703E-01  9.67225E-01  9.63669E-01  9.59302E-01  9.56218E-01
  9.52510E-01  9.49877E-01  9.44039E-01  9.41616E-01  9.38142E-01  9.30285E-01
  9.23528E-01  9.15923E-01  9.08594E-01  9.01548E-01  8.94383E-01  8.87408E-01
  8.81113E-01  8.67312E-01  8.53766E-01  8.40220E-01  8.27346E-01  8.14170E-01
  8.01462E-01  7.89011E-01  7.76994E-01  7.52762E-01  7.29885E-01  7.07386E-01
  6.85906E-01  6.64703E-01  6.44151E-01  6.24343E-01  6.05452E-01  5.68931E-01
  5.34856E-01  5.02500E-01  4.72252E-01  4.44206E-01  4.17311E-01  3.92488E-01
  3.69143E-01  3.26484E-01  2.88412E-01  2.55184E-01  2.25754E-01  1.99923E-01
  1.77080E-01  1.56682E-01  1.39170E-01  1.09021E-01  8.55396E-02  6.74430E-02
  5.35424E-02  4.25596E-02  3.34454E-02  2.64344E-02  2.09824E-02  1.28917E-02
  7.35264E-03  4.03411E-03  2.75069E-03  2.11980E-03  1.43971E-03  8.80694E-04
  1.95892E-04 -2.06175E-04 -2.08406E-04  7.43231E-05 -6.40257E-04 -8.81194E-05
  5.48721E-04  1.57720E-03  9.22623E-04  5.81504E-05  5.43479E-05  7.72400E-04
  5.53939E-04  6.85101E-04  6.36729E-04 -4.63361E-04 -1.35138E-04 -1.14299E-03
  1.97109E-05  6.68692E-04  7.77515E-04  6.78196E-04 -1.14576E-03 -8.90027E-04
 -4.57929E-04 -4.52922E-04 -8.38035E-04 -4.58526E-04  1.06120E-04 -2.00291E-04
  2.87531E-04  2.00592E-04  3.29215E-04 -1.93908E-04  2.98459E-04  2.63070E-04
 -1.16407E-04  2.07389E-04  2.75267E-04 -1.63713E-04 -3.93221E-04 -4.03706E-04
 -1.22554E-04 -1.18901E-04  6.20981E-04  1.12473E-04 -5.28084E-04  4.76992E-04
 -5.84546E-05  8.39354E-05 -6.93588E-05  1.98915E-04  2.08691E-04  1.05969E-04
 -1.20481E-03  5.06716E-04  2.02296E-04 -3.00274E-04 -3.26189E-04 -2.98759E-04
  1.22000E-04  1.91611E-04 -2.15867E-04 -2.23676E-04 -6.54462E-06 -1.71747E-06
 -4.64412E-05  1.88879E-04 -1.39405E-04 -1.76467E-05 -8.67850E-05 -2.59945E-05
