AutoSaveFileName0229.ASC
 IFORMY    0    .00
 (6E13.7)
 IFORMT    0    .00
 (6E13.7)
 IFORMW    0    .00
 (6E13.7)
 NINTT     0   -1.00
 DOUSNQ    0    1.00
 IQUAD          1.00
 PRWT      0    1.00
 PRY       0    1.00
 IPLRES    1    3.00
 IPLRES    2    3.00
 IPRINT    1    0.00
 IPRINT    2    2.00
 IPLFIT    1    0.00
 IPLFIT    2    0.00
 LINEPG    0   50.
 NONNEG    1    1.00
 IWT       0    5.00
 NQPROG    1    5.00
 NQPROG    2    5.00
 GMNMX     1    1.351E-05
 GMNMX     2    1.351E-02
 RUSER    10    -1.00
 NG        0    200.00
 NLINF     0    0.00
 IUSER    10    4.00
 RUSER    21    1.0
 RUSER    22   -1.0
 RUSER    23    0.0
 RUSER    18         292.06810
 RUSER    17         90.99900
 RUSER    19         1.02876
 RUSER    15         1.33200
 RUSER    16         632.80000
 RUSER    25         1
 RUSER    26         0
 END       0    0.00
 NY      131
  3.75000E-07  5.00000E-07  6.25000E-07  7.50000E-07  8.75000E-07  1.00000E-06
  1.12500E-06  1.25000E-06  1.37500E-06  1.50000E-06  1.62500E-06  1.75000E-06
  1.87500E-06  2.00000E-06  2.25000E-06  2.50000E-06  2.75000E-06  3.00000E-06
  3.25000E-06  3.50000E-06  3.75000E-06  4.00000E-06  4.50000E-06  5.00000E-06
  5.50000E-06  6.00000E-06  6.50000E-06  7.00000E-06  7.50000E-06  8.00000E-06
  9.00000E-06  1.00000E-05  1.10000E-05  1.20000E-05  1.30000E-05  1.40000E-05
  1.50000E-05  1.60000E-05  1.80000E-05  2.00000E-05  2.20000E-05  2.40000E-05
  2.60000E-05  2.80000E-05  3.00000E-05  3.20000E-05  3.60000E-05  4.00000E-05
  4.40000E-05  4.80000E-05  5.20000E-05  5.60000E-05  6.00000E-05  6.40000E-05
  7.20000E-05  8.00000E-05  8.80000E-05  9.60000E-05  1.04000E-04  1.12000E-04
  1.20000E-04  1.28000E-04  1.44000E-04  1.60000E-04  1.76000E-04  1.92000E-04
  2.08000E-04  2.24000E-04  2.40000E-04  2.56000E-04  2.88000E-04  3.20000E-04
  3.52000E-04  3.84000E-04  4.16000E-04  4.48000E-04  4.80000E-04  5.12000E-04
  5.76000E-04  6.40000E-04  7.04000E-04  7.68000E-04  8.32000E-04  8.96000E-04
  9.60000E-04  1.02400E-03  1.15200E-03  1.28000E-03  1.40800E-03  1.53600E-03
  1.66400E-03  1.79200E-03  1.92000E-03  2.01600E-03  2.27200E-03  2.52800E-03
  2.78400E-03  3.04000E-03  3.29600E-03  3.55200E-03  3.80800E-03  4.06400E-03
  4.57600E-03  5.08800E-03  5.60000E-03  6.11200E-03  6.62400E-03  7.13600E-03
  7.64800E-03  8.16000E-03  9.18400E-03  1.02080E-02  1.12320E-02  1.22560E-02
  1.32800E-02  1.43040E-02  1.53280E-02  1.63520E-02  1.84000E-02  2.04480E-02
  2.24960E-02  2.45440E-02  2.65920E-02  2.86400E-02  3.06880E-02  3.27360E-02
  3.68320E-02  4.09280E-02  4.50240E-02  4.91200E-02  5.32160E-02
  1.63179E+00  1.62706E+00  1.62604E+00  1.62869E+00  1.63018E+00  1.62487E+00
  1.62306E+00  1.61943E+00  1.62309E+00  1.62064E+00  1.61463E+00  1.61990E+00
  1.62061E+00  1.62195E+00  1.62017E+00  1.61839E+00  1.61976E+00  1.61741E+00
  1.61711E+00  1.61591E+00  1.61652E+00  1.61587E+00  1.61725E+00  1.61624E+00
  1.61629E+00  1.61558E+00  1.61452E+00  1.61429E+00  1.61418E+00  1.61413E+00
  1.61416E+00  1.61239E+00  1.61034E+00  1.61200E+00  1.61004E+00  1.60913E+00
  1.60879E+00  1.60761E+00  1.60576E+00  1.60310E+00  1.60330E+00  1.60193E+00
  1.59851E+00  1.59606E+00  1.59625E+00  1.59344E+00  1.59043E+00  1.58645E+00
  1.58312E+00  1.57842E+00  1.57562E+00  1.57315E+00  1.56862E+00  1.56518E+00
  1.55851E+00  1.55145E+00  1.54426E+00  1.53838E+00  1.53124E+00  1.52436E+00
  1.51789E+00  1.51090E+00  1.49795E+00  1.48419E+00  1.47169E+00  1.45834E+00
  1.44592E+00  1.43354E+00  1.42109E+00  1.40856E+00  1.38370E+00  1.35954E+00
  1.33585E+00  1.31214E+00  1.28939E+00  1.26680E+00  1.24491E+00  1.22285E+00
  1.18060E+00  1.13953E+00  1.09945E+00  1.06137E+00  1.02499E+00  9.89804E-01
  9.55741E-01  9.22778E-01  8.60645E-01  8.03409E-01  7.49626E-01  6.99970E-01
  6.54387E-01  6.12029E-01  5.71875E-01  5.46418E-01  4.78680E-01  4.18224E-01
  3.64903E-01  3.16313E-01  2.73920E-01  2.37744E-01  2.05800E-01  1.79154E-01
  1.36280E-01  1.02137E-01  7.55481E-02  5.95024E-02  4.90035E-02  4.00389E-02
  3.30961E-02  2.69736E-02  1.32895E-02  6.54614E-03  5.85854E-03  1.57501E-03
  1.06737E-03  4.47507E-04 -3.66465E-03 -8.88110E-03 -1.16215E-02 -6.98020E-03
 -9.68737E-03 -2.48352E-03 -3.99367E-03 -1.02478E-02 -1.44432E-02 -1.09885E-02
 -9.57448E-03 -4.36104E-03 -4.43174E-03 -2.86351E-03 -2.92713E-03
