AutoSaveFileName0141.ASC
 IFORMY    0    .00
 (6E13.7)
 IFORMT    0    .00
 (6E13.7)
 IFORMW    0    .00
 (6E13.7)
 NINTT     0   -1.00
 DOUSNQ    0    1.00
 IQUAD          1.00
 PRWT      0    1.00
 PRY       0    1.00
 IPLRES    1    3.00
 IPLRES    2    3.00
 IPRINT    1    0.00
 IPRINT    2    2.00
 IPLFIT    1    0.00
 IPLFIT    2    0.00
 LINEPG    0   50.
 NONNEG    1    1.00
 IWT       0    5.00
 NQPROG    1    5.00
 NQPROG    2    5.00
 GMNMX     1    2.600E-05
 GMNMX     2    2.600E-02
 RUSER    10    -1.00
 NG        0    200.00
 NLINF     0    0.00
 IUSER    10    4.00
 RUSER    21    1.0
 RUSER    22   -1.0
 RUSER    23    0.0
 RUSER    18         291.94490
 RUSER    17         61.99900
 RUSER    19         1.03191
 RUSER    15         1.33200
 RUSER    16         632.80000
 RUSER    25         1
 RUSER    26         0
 END       0    0.00
 NY      131
  3.75000E-07  5.00000E-07  6.25000E-07  7.50000E-07  8.75000E-07  1.00000E-06
  1.12500E-06  1.25000E-06  1.37500E-06  1.50000E-06  1.62500E-06  1.75000E-06
  1.87500E-06  2.00000E-06  2.25000E-06  2.50000E-06  2.75000E-06  3.00000E-06
  3.25000E-06  3.50000E-06  3.75000E-06  4.00000E-06  4.50000E-06  5.00000E-06
  5.50000E-06  6.00000E-06  6.50000E-06  7.00000E-06  7.50000E-06  8.00000E-06
  9.00000E-06  1.00000E-05  1.10000E-05  1.20000E-05  1.30000E-05  1.40000E-05
  1.50000E-05  1.60000E-05  1.80000E-05  2.00000E-05  2.20000E-05  2.40000E-05
  2.60000E-05  2.80000E-05  3.00000E-05  3.20000E-05  3.60000E-05  4.00000E-05
  4.40000E-05  4.80000E-05  5.20000E-05  5.60000E-05  6.00000E-05  6.40000E-05
  7.20000E-05  8.00000E-05  8.80000E-05  9.60000E-05  1.04000E-04  1.12000E-04
  1.20000E-04  1.28000E-04  1.44000E-04  1.60000E-04  1.76000E-04  1.92000E-04
  2.08000E-04  2.24000E-04  2.40000E-04  2.56000E-04  2.88000E-04  3.20000E-04
  3.52000E-04  3.84000E-04  4.16000E-04  4.48000E-04  4.80000E-04  5.12000E-04
  5.76000E-04  6.40000E-04  7.04000E-04  7.68000E-04  8.32000E-04  8.96000E-04
  9.60000E-04  1.02400E-03  1.15200E-03  1.28000E-03  1.40800E-03  1.53600E-03
  1.66400E-03  1.79200E-03  1.92000E-03  2.01600E-03  2.27200E-03  2.52800E-03
  2.78400E-03  3.04000E-03  3.29600E-03  3.55200E-03  3.80800E-03  4.06400E-03
  4.57600E-03  5.08800E-03  5.60000E-03  6.11200E-03  6.62400E-03  7.13600E-03
  7.64800E-03  8.16000E-03  9.18400E-03  1.02080E-02  1.12320E-02  1.22560E-02
  1.32800E-02  1.43040E-02  1.53280E-02  1.63520E-02  1.84000E-02  2.04480E-02
  2.24960E-02  2.45440E-02  2.65920E-02  2.86400E-02  3.06880E-02  3.27360E-02
  3.68320E-02  4.09280E-02  4.50240E-02  4.91200E-02  5.32160E-02
  8.11168E-01  8.11062E-01  8.05812E-01  8.10287E-01  8.08030E-01  8.05589E-01
  8.09608E-01  8.05694E-01  8.08150E-01  8.06050E-01  8.06321E-01  8.05366E-01
  8.05855E-01  8.06828E-01  8.09405E-01  8.04972E-01  8.05893E-01  8.05366E-01
  8.06775E-01  8.06744E-01  8.06949E-01  8.07654E-01  8.05948E-01  8.03872E-01
  8.06096E-01  8.04969E-01  8.03807E-01  8.04958E-01  8.04433E-01  8.04768E-01
  8.04282E-01  8.03534E-01  8.04650E-01  8.03585E-01  8.04772E-01  8.04104E-01
  8.04694E-01  8.04330E-01  8.03148E-01  8.02776E-01  8.02629E-01  8.01598E-01
  8.01012E-01  8.01204E-01  8.00700E-01  8.00263E-01  7.99073E-01  7.98608E-01
  7.97281E-01  7.96748E-01  7.96505E-01  7.94851E-01  7.95101E-01  7.93708E-01
  7.92650E-01  7.90468E-01  7.88799E-01  7.87180E-01  7.85729E-01  7.83799E-01
  7.82868E-01  7.80890E-01  7.77894E-01  7.74614E-01  7.70897E-01  7.67968E-01
  7.64919E-01  7.61669E-01  7.58288E-01  7.55204E-01  7.48918E-01  7.42722E-01
  7.36641E-01  7.30511E-01  7.24699E-01  7.18647E-01  7.12639E-01  7.06945E-01
  6.95252E-01  6.83937E-01  6.72741E-01  6.61863E-01  6.51105E-01  6.40471E-01
  6.29893E-01  6.20175E-01  5.99908E-01  5.80494E-01  5.61579E-01  5.43209E-01
  5.25302E-01  5.07812E-01  4.90765E-01  4.79533E-01  4.48692E-01  4.20454E-01
  3.94552E-01  3.70199E-01  3.47129E-01  3.25605E-01  3.06471E-01  2.88512E-01
  2.56188E-01  2.27765E-01  2.01619E-01  1.78184E-01  1.58515E-01  1.41852E-01
  1.26239E-01  1.12450E-01  8.75863E-02  6.85026E-02  5.49289E-02  4.43972E-02
  3.32324E-02  2.32544E-02  1.86431E-02  1.46775E-02  8.45694E-03  1.96100E-03
 -2.75815E-03 -7.40457E-03 -1.17947E-02 -1.59434E-02 -1.04321E-02 -9.60242E-04
 -5.32288E-03 -1.10120E-02 -8.77494E-03  5.04898E-03  1.30287E-02
