AutoSaveFileName0059.ASC
 IFORMY    0    .00
 (6E13.7)
 IFORMT    0    .00
 (6E13.7)
 IFORMW    0    .00
 (6E13.7)
 NINTT     0   -1.00
 DOUSNQ    0    1.00
 IQUAD          1.00
 PRWT      0    1.00
 PRY       0    1.00
 IPLRES    1    3.00
 IPLRES    2    3.00
 IPRINT    1    0.00
 IPRINT    2    2.00
 IPLFIT    1    0.00
 IPLFIT    2    0.00
 LINEPG    0   50.
 NONNEG    1    1.00
 IWT       0    5.00
 NQPROG    1    5.00
 NQPROG    2    5.00
 GMNMX     1    5.858E-05
 GMNMX     2    5.858E-02
 RUSER    10    -1.00
 NG        0    200.00
 NLINF     0    0.00
 IUSER    10    4.00
 RUSER    21    1.0
 RUSER    22   -1.0
 RUSER    23    0.0
 RUSER    18         292.17807
 RUSER    17         39.99800
 RUSER    19         1.02597
 RUSER    15         1.33200
 RUSER    16         632.80000
 RUSER    25         1
 RUSER    26         0
 END       0    0.00
 NY      188
  5.00000E-07  6.25000E-07  7.50000E-07  8.75000E-07  1.00000E-06  1.12500E-06
  1.25000E-06  1.37500E-06  1.50000E-06  1.62500E-06  1.75000E-06  1.87500E-06
  2.00000E-06  2.25000E-06  2.50000E-06  2.75000E-06  3.00000E-06  3.25000E-06
  3.50000E-06  3.75000E-06  4.00000E-06  4.50000E-06  5.00000E-06  5.50000E-06
  6.00000E-06  6.50000E-06  7.00000E-06  7.50000E-06  8.00000E-06  9.00000E-06
  1.00000E-05  1.10000E-05  1.20000E-05  1.30000E-05  1.40000E-05  1.50000E-05
  1.60000E-05  1.80000E-05  2.00000E-05  2.20000E-05  2.40000E-05  2.60000E-05
  2.80000E-05  3.00000E-05  3.20000E-05  3.60000E-05  4.00000E-05  4.40000E-05
  4.80000E-05  5.20000E-05  5.60000E-05  6.00000E-05  6.40000E-05  7.20000E-05
  8.00000E-05  8.80000E-05  9.60000E-05  1.04000E-04  1.12000E-04  1.20000E-04
  1.28000E-04  1.44000E-04  1.60000E-04  1.76000E-04  1.92000E-04  2.08000E-04
  2.24000E-04  2.40000E-04  2.56000E-04  2.88000E-04  3.20000E-04  3.52000E-04
  3.84000E-04  4.16000E-04  4.48000E-04  4.80000E-04  5.12000E-04  5.76000E-04
  6.40000E-04  7.04000E-04  7.68000E-04  8.32000E-04  8.96000E-04  9.60000E-04
  1.02400E-03  1.15200E-03  1.28000E-03  1.40800E-03  1.53600E-03  1.66400E-03
  1.79200E-03  1.92000E-03  2.01600E-03  2.27200E-03  2.52800E-03  2.78400E-03
  3.04000E-03  3.29600E-03  3.55200E-03  3.80800E-03  4.06400E-03  4.57600E-03
  5.08800E-03  5.60000E-03  6.11200E-03  6.62400E-03  7.13600E-03  7.64800E-03
  8.16000E-03  9.18400E-03  1.02080E-02  1.12320E-02  1.22560E-02  1.32800E-02
  1.43040E-02  1.53280E-02  1.63520E-02  1.84000E-02  2.04480E-02  2.24960E-02
  2.45440E-02  2.65920E-02  2.86400E-02  3.06880E-02  3.27360E-02  3.68320E-02
  4.09280E-02  4.50240E-02  4.91200E-02  5.32160E-02  5.73120E-02  6.14080E-02
  6.55040E-02  7.36960E-02  8.18880E-02  9.00800E-02  9.82720E-02  1.06464E-01
  1.14656E-01  1.22848E-01  1.31040E-01  1.47424E-01  1.63808E-01  1.80192E-01
  1.96576E-01  2.12960E-01  2.29344E-01  2.45728E-01  2.62112E-01  2.94880E-01
  3.27648E-01  3.60416E-01  3.93184E-01  4.25952E-01  4.58720E-01  4.91488E-01
  5.24256E-01  5.89792E-01  6.55328E-01  7.20864E-01  7.86400E-01  8.51936E-01
  9.17472E-01  9.83008E-01  1.04854E+00  1.17962E+00  1.31069E+00  1.44176E+00
  1.57283E+00  1.70390E+00  1.83498E+00  1.96605E+00  2.09712E+00  2.35926E+00
  2.62141E+00  2.88355E+00  3.14570E+00  3.40784E+00  3.66998E+00  3.93213E+00
  4.19427E+00  4.71856E+00  5.24285E+00  5.76714E+00  6.29142E+00  6.81571E+00
  7.34000E+00  7.86429E+00
  9.94180E-01  9.94915E-01  9.90312E-01  9.93030E-01  9.91643E-01  9.89003E-01
  9.88784E-01  9.90054E-01  9.88032E-01  9.89755E-01  9.87305E-01  9.89005E-01
  9.88440E-01  9.89691E-01  9.87244E-01  9.89931E-01  9.88197E-01  9.87765E-01
  9.88223E-01  9.87924E-01  9.87554E-01  9.89028E-01  9.88178E-01  9.88166E-01
  9.89376E-01  9.88516E-01  9.89400E-01  9.88022E-01  9.88456E-01  9.88506E-01
  9.88205E-01  9.88752E-01  9.88277E-01  9.87136E-01  9.87277E-01  9.87457E-01
  9.88133E-01  9.87699E-01  9.87540E-01  9.87616E-01  9.87529E-01  9.87100E-01
  9.87383E-01  9.87934E-01  9.87198E-01  9.86886E-01  9.86791E-01  9.86676E-01
  9.86691E-01  9.86169E-01  9.86073E-01  9.85856E-01  9.85600E-01  9.85450E-01
  9.84734E-01  9.84500E-01  9.84208E-01  9.83871E-01  9.83161E-01  9.82713E-01
  9.82500E-01  9.81794E-01  9.80929E-01  9.80184E-01  9.79242E-01  9.78362E-01
  9.77549E-01  9.76817E-01  9.76004E-01  9.74319E-01  9.72780E-01  9.71010E-01
  9.69404E-01  9.68036E-01  9.66342E-01  9.64685E-01  9.62956E-01  9.59620E-01
  9.56492E-01  9.53410E-01  9.50112E-01  9.47005E-01  9.43773E-01  9.40672E-01
  9.35882E-01  9.29628E-01  9.23526E-01  9.17393E-01  9.11255E-01  9.05287E-01
  8.99301E-01  8.93387E-01  8.88710E-01  8.77077E-01  8.65511E-01  8.54160E-01
  8.42906E-01  8.31890E-01  8.21011E-01  8.10275E-01  7.99856E-01  7.79069E-01
  7.58977E-01  7.39561E-01  7.20567E-01  7.01941E-01  6.83796E-01  6.66181E-01
  6.49174E-01  6.16289E-01  5.85115E-01  5.55730E-01  5.28224E-01  5.02228E-01
  4.77420E-01  4.54109E-01  4.32615E-01  3.92740E-01  3.57268E-01  3.25210E-01
  2.96089E-01  2.69486E-01  2.45344E-01  2.23058E-01  2.04258E-01  1.71731E-01
  1.44716E-01  1.22613E-01  1.05326E-01  9.04524E-02  7.68358E-02  6.38211E-02
  5.12331E-02  3.06619E-02  1.66548E-02  8.57348E-03  7.04495E-03  2.90918E-03
 -1.60107E-03 -3.39489E-03 -2.82694E-03 -9.71112E-03 -1.02941E-02 -9.59628E-03
 -7.40585E-03 -4.74475E-03  1.62692E-03  4.57083E-03  4.95561E-03  2.77963E-05
 -1.97213E-03 -1.20537E-02 -9.63095E-03  7.87907E-03  8.88880E-03  5.89208E-03
  7.55273E-03  2.38743E-02  7.36837E-03 -4.98493E-03 -1.89641E-02 -1.56704E-02
 -2.19748E-02 -1.52209E-02 -3.66275E-03  1.00055E-02  2.03895E-04 -4.65656E-03
  2.38850E-03 -3.22792E-03 -4.46414E-03 -8.53527E-03  4.58143E-03 -1.15334E-03
  4.24149E-04 -5.19753E-03 -9.44740E-03 -2.42983E-03 -2.41072E-03 -1.33000E-03
  1.66725E-02 -3.05004E-03 -8.96649E-03 -7.67561E-04  2.11069E-03 -4.49416E-03
 -1.14715E-02 -1.83878E-03
