AutoSaveFileName0193.ASC
 IFORMY    0    .00
 (6E13.7)
 IFORMT    0    .00
 (6E13.7)
 IFORMW    0    .00
 (6E13.7)
 NINTT     0   -1.00
 DOUSNQ    0    1.00
 IQUAD          1.00
 PRWT      0    1.00
 PRY       0    1.00
 IPLRES    1    3.00
 IPLRES    2    3.00
 IPRINT    1    0.00
 IPRINT    2    2.00
 IPLFIT    1    0.00
 IPLFIT    2    0.00
 LINEPG    0   50.
 NONNEG    1    1.00
 IWT       0    5.00
 NQPROG    1    5.00
 NQPROG    2    5.00
 GMNMX     1    1.701E-05
 GMNMX     2    1.701E-02
 RUSER    10    -1.00
 NG        0    200.00
 NLINF     0    0.00
 IUSER    10    4.00
 RUSER    21    1.0
 RUSER    22   -1.0
 RUSER    23    0.0
 RUSER    18         292.01831
 RUSER    17         78.99900
 RUSER    19         1.03003
 RUSER    15         1.33200
 RUSER    16         632.80000
 RUSER    25         1
 RUSER    26         0
 END       0    0.00
 NY      131
  3.75000E-07  5.00000E-07  6.25000E-07  7.50000E-07  8.75000E-07  1.00000E-06
  1.12500E-06  1.25000E-06  1.37500E-06  1.50000E-06  1.62500E-06  1.75000E-06
  1.87500E-06  2.00000E-06  2.25000E-06  2.50000E-06  2.75000E-06  3.00000E-06
  3.25000E-06  3.50000E-06  3.75000E-06  4.00000E-06  4.50000E-06  5.00000E-06
  5.50000E-06  6.00000E-06  6.50000E-06  7.00000E-06  7.50000E-06  8.00000E-06
  9.00000E-06  1.00000E-05  1.10000E-05  1.20000E-05  1.30000E-05  1.40000E-05
  1.50000E-05  1.60000E-05  1.80000E-05  2.00000E-05  2.20000E-05  2.40000E-05
  2.60000E-05  2.80000E-05  3.00000E-05  3.20000E-05  3.60000E-05  4.00000E-05
  4.40000E-05  4.80000E-05  5.20000E-05  5.60000E-05  6.00000E-05  6.40000E-05
  7.20000E-05  8.00000E-05  8.80000E-05  9.60000E-05  1.04000E-04  1.12000E-04
  1.20000E-04  1.28000E-04  1.44000E-04  1.60000E-04  1.76000E-04  1.92000E-04
  2.08000E-04  2.24000E-04  2.40000E-04  2.56000E-04  2.88000E-04  3.20000E-04
  3.52000E-04  3.84000E-04  4.16000E-04  4.48000E-04  4.80000E-04  5.12000E-04
  5.76000E-04  6.40000E-04  7.04000E-04  7.68000E-04  8.32000E-04  8.96000E-04
  9.60000E-04  1.02400E-03  1.15200E-03  1.28000E-03  1.40800E-03  1.53600E-03
  1.66400E-03  1.79200E-03  1.92000E-03  2.01600E-03  2.27200E-03  2.52800E-03
  2.78400E-03  3.04000E-03  3.29600E-03  3.55200E-03  3.80800E-03  4.06400E-03
  4.57600E-03  5.08800E-03  5.60000E-03  6.11200E-03  6.62400E-03  7.13600E-03
  7.64800E-03  8.16000E-03  9.18400E-03  1.02080E-02  1.12320E-02  1.22560E-02
  1.32800E-02  1.43040E-02  1.53280E-02  1.63520E-02  1.84000E-02  2.04480E-02
  2.24960E-02  2.45440E-02  2.65920E-02  2.86400E-02  3.06880E-02  3.27360E-02
  3.68320E-02  4.09280E-02  4.50240E-02  4.91200E-02  5.32160E-02
  1.34375E+00  1.34153E+00  1.34003E+00  1.34021E+00  1.33751E+00  1.33868E+00
  1.33821E+00  1.33909E+00  1.34036E+00  1.33761E+00  1.33896E+00  1.33857E+00
  1.33860E+00  1.33822E+00  1.33862E+00  1.33747E+00  1.33700E+00  1.33667E+00
  1.33771E+00  1.33724E+00  1.33732E+00  1.33698E+00  1.33760E+00  1.33689E+00
  1.33579E+00  1.33549E+00  1.33541E+00  1.33540E+00  1.33480E+00  1.33513E+00
  1.33486E+00  1.33384E+00  1.33364E+00  1.33333E+00  1.33253E+00  1.33235E+00
  1.33165E+00  1.33121E+00  1.33001E+00  1.32906E+00  1.32809E+00  1.32733E+00
  1.32622E+00  1.32535E+00  1.32441E+00  1.32324E+00  1.32108E+00  1.31905E+00
  1.31697E+00  1.31485E+00  1.31322E+00  1.31109E+00  1.30929E+00  1.30706E+00
  1.30303E+00  1.29922E+00  1.29529E+00  1.29141E+00  1.28709E+00  1.28334E+00
  1.27944E+00  1.27562E+00  1.26797E+00  1.26005E+00  1.25241E+00  1.24468E+00
  1.23705E+00  1.22967E+00  1.22214E+00  1.21503E+00  1.20049E+00  1.18612E+00
  1.17193E+00  1.15804E+00  1.14416E+00  1.13064E+00  1.11714E+00  1.10414E+00
  1.07826E+00  1.05311E+00  1.02865E+00  1.00452E+00  9.81264E-01  9.58331E-01
  9.36278E-01  9.15035E-01  8.73864E-01  8.34756E-01  7.97930E-01  7.62975E-01
  7.29829E-01  6.98083E-01  6.67342E-01  6.46519E-01  5.91903E-01  5.42605E-01
  4.98499E-01  4.58645E-01  4.22166E-01  3.88591E-01  3.57712E-01  3.30289E-01
  2.81715E-01  2.40461E-01  2.04700E-01  1.74404E-01  1.49987E-01  1.28375E-01
  1.10216E-01  9.54533E-02  7.04562E-02  4.92734E-02  3.25947E-02  2.34661E-02
  1.82538E-02  1.21030E-02  8.21127E-03  9.35619E-03  4.42455E-03 -6.85494E-03
 -7.70954E-03 -2.73032E-04  8.96404E-03  1.27815E-02  1.41804E-02  1.92437E-02
  1.46595E-02  1.25481E-02  3.39401E-03 -5.40411E-03 -5.48841E-03
