AutoSaveFileName0215.ASC
 IFORMY    0    .00
 (6E13.7)
 IFORMT    0    .00
 (6E13.7)
 IFORMW    0    .00
 (6E13.7)
 NINTT     0   -1.00
 DOUSNQ    0    1.00
 IQUAD     0    1.00
 PRWT      0    1.00
 PRY       0    1.00
 IPLRES    1    3.00
 IPLRES    2    3.00
 IPRINT    1    0.00
 IPRINT    2    2.00
 IPLFIT    1    0.00
 IPLFIT    2    0.00
 LINEPG    0   50.
 NONNEG    1    1.00
 IWT       0    5.00
 NQPROG    1    5.00
 NQPROG    2    5.00
 GMNMX     1    3.57208E-03
 GMNMX     2    1.28228E-03
 RUSER    10    -1.00
 NG        0    500.00
 NLINF     0    1.00
 IUSER    10    4.00
 RUSER    21    1.0
 RUSER    22   -1.0
 RUSER    23    0.0
 RUSER    18         292.08752
 RUSER    17         119.99900
 RUSER    19         1.02827
 RUSER    15         1.33200
 RUSER    16         632.80000
 RUSER    25         1
 RUSER    26         0
 END       0    0.00
 NY      162
  7.50000E-07  8.75000E-07  1.00000E-06  1.12500E-06  1.25000E-06  1.37500E-06
  1.50000E-06  1.62500E-06  1.75000E-06  1.87500E-06  2.00000E-06  2.25000E-06
  2.50000E-06  2.75000E-06  3.00000E-06  3.25000E-06  3.50000E-06  3.75000E-06
  4.00000E-06  4.50000E-06  5.00000E-06  5.50000E-06  6.00000E-06  6.50000E-06
  7.00000E-06  7.50000E-06  8.00000E-06  9.00000E-06  1.00000E-05  1.10000E-05
  1.20000E-05  1.30000E-05  1.40000E-05  1.50000E-05  1.60000E-05  1.80000E-05
  2.00000E-05  2.20000E-05  2.40000E-05  2.60000E-05  2.80000E-05  3.00000E-05
  3.20000E-05  3.60000E-05  4.00000E-05  4.40000E-05  4.80000E-05  5.20000E-05
  5.60000E-05  6.00000E-05  6.40000E-05  7.20000E-05  8.00000E-05  8.80000E-05
  9.60000E-05  1.04000E-04  1.12000E-04  1.20000E-04  1.28000E-04  1.44000E-04
  1.60000E-04  1.76000E-04  1.92000E-04  2.08000E-04  2.24000E-04  2.40000E-04
  2.56000E-04  2.88000E-04  3.20000E-04  3.52000E-04  3.84000E-04  4.16000E-04
  4.48000E-04  4.80000E-04  5.12000E-04  5.76000E-04  6.40000E-04  7.04000E-04
  7.68000E-04  8.32000E-04  8.96000E-04  9.60000E-04  1.02400E-03  1.15200E-03
  1.28000E-03  1.40800E-03  1.53600E-03  1.66400E-03  1.79200E-03  1.92000E-03
  2.01600E-03  2.27200E-03  2.52800E-03  2.78400E-03  3.04000E-03  3.29600E-03
  3.55200E-03  3.80800E-03  4.06400E-03  4.57600E-03  5.08800E-03  5.60000E-03
  6.11200E-03  6.62400E-03  7.13600E-03  7.64800E-03  8.16000E-03  9.18400E-03
  1.02080E-02  1.12320E-02  1.22560E-02  1.32800E-02  1.43040E-02  1.53280E-02
  1.63520E-02  1.84000E-02  2.04480E-02  2.24960E-02  2.45440E-02  2.65920E-02
  2.86400E-02  3.06880E-02  3.27360E-02  3.68320E-02  4.09280E-02  4.50240E-02
  4.91200E-02  5.32160E-02  5.73120E-02  6.14080E-02  6.55040E-02  7.36960E-02
  8.18880E-02  9.00800E-02  9.82720E-02  1.06464E-01  1.14656E-01  1.22848E-01
  1.31040E-01  1.47424E-01  1.63808E-01  1.80192E-01  1.96576E-01  2.12960E-01
  2.29344E-01  2.45728E-01  2.62112E-01  2.94880E-01  3.27648E-01  3.60416E-01
  3.93184E-01  4.25952E-01  4.58720E-01  4.91488E-01  5.24256E-01  5.89792E-01
  6.55328E-01  7.20864E-01  7.86400E-01  8.51936E-01  9.17472E-01  9.83008E-01
  9.98802E-01  1.00000E+00  9.99700E-01  9.96438E-01  9.96391E-01  9.96852E-01
  9.96941E-01  9.96405E-01  9.91824E-01  9.94280E-01  9.91933E-01  9.88805E-01
  9.90807E-01  9.87843E-01  9.90068E-01  9.86631E-01  9.86089E-01  9.84869E-01
  9.82242E-01  9.79429E-01  9.78446E-01  9.75264E-01  9.73973E-01  9.69738E-01
  9.68279E-01  9.65303E-01  9.62112E-01  9.57790E-01  9.53292E-01  9.48964E-01
  9.44969E-01  9.38579E-01  9.34113E-01  9.29737E-01  9.25021E-01  9.15621E-01
  9.06401E-01  8.97195E-01  8.88938E-01  8.79381E-01  8.69168E-01  8.61889E-01
  8.53420E-01  8.36105E-01  8.19338E-01  8.03026E-01  7.87379E-01  7.71852E-01
  7.56368E-01  7.40620E-01  7.26245E-01  6.97426E-01  6.69955E-01  6.43132E-01
  6.18635E-01  5.93996E-01  5.70169E-01  5.48012E-01  5.26660E-01  4.86328E-01
  4.48604E-01  4.14142E-01  3.82492E-01  3.52906E-01  3.25987E-01  3.00901E-01
  2.78008E-01  2.36748E-01  2.01720E-01  1.72004E-01  1.46795E-01  1.25130E-01
  1.07096E-01  9.13301E-02  7.83847E-02  5.67619E-02  4.13799E-02  3.00930E-02
  2.15329E-02  1.61091E-02  1.18455E-02  8.23599E-03  6.04996E-03  3.89702E-03
  3.62714E-03  2.56932E-03  2.27671E-03  2.25352E-03  1.64398E-03  7.38574E-04
  3.62044E-04 -5.49104E-04 -8.29189E-04  2.43000E-04 -5.13439E-04 -6.83070E-04
 -1.75727E-03 -1.84597E-03 -4.48510E-04  7.83774E-04 -9.34314E-04 -9.18595E-04
 -1.29884E-04  1.87321E-03  9.86247E-05  1.58976E-03  9.43694E-04  1.00925E-03
 -4.40228E-04 -2.85793E-03 -1.59873E-03 -4.55511E-04  2.17255E-05  1.35136E-03
  2.27857E-04 -1.57643E-04  7.69707E-06 -7.18226E-04 -1.75893E-03 -3.08532E-04
 -8.86264E-04  4.42670E-05 -5.75077E-04  5.39038E-04  7.90753E-04  1.85939E-03
 -8.37552E-04  1.79126E-04 -1.58397E-04 -3.45557E-04 -5.39322E-04 -5.55982E-04
 -1.20717E-04  1.35343E-04 -1.06016E-04 -4.95598E-04  3.73081E-04  6.35315E-04
  1.79532E-04 -4.68099E-05 -4.90446E-04 -2.21400E-04 -7.99823E-06 -5.64788E-04
 -5.62059E-06  1.61602E-05 -9.13108E-05  6.24217E-05  1.36251E-04  1.90356E-04
  2.55799E-04 -1.79489E-04  2.60326E-04  6.66531E-05  3.94089E-05  5.93695E-05
  6.70946E-05 -2.41123E-04 -1.24568E-04  4.75108E-06 -6.75196E-05  1.56089E-04
