AutoSaveFileName0195.ASC
 IFORMY    0    .00
 (6E13.7)
 IFORMT    0    .00
 (6E13.7)
 IFORMW    0    .00
 (6E13.7)
 NINTT     0   -1.00
 DOUSNQ    0    1.00
 IQUAD     0    1.00
 PRWT      0    1.00
 PRY       0    1.00
 IPLRES    1    3.00
 IPLRES    2    3.00
 IPRINT    1    0.00
 IPRINT    2    2.00
 IPLFIT    1    0.00
 IPLFIT    2    0.00
 LINEPG    0   50.
 NONNEG    1    1.00
 IWT       0    5.00
 NQPROG    1    5.00
 NQPROG    2    5.00
 GMNMX     1    3.99559E-03
 GMNMX     2    1.43432E-03
 RUSER    10    -1.00
 NG        0    500.00
 NLINF     0    1.00
 IUSER    10    4.00
 RUSER    21    1.0
 RUSER    22   -1.0
 RUSER    23    0.0
 RUSER    18         292.06062
 RUSER    17         109.99900
 RUSER    19         1.02895
 RUSER    15         1.33200
 RUSER    16         632.80000
 RUSER    25         1
 RUSER    26         0
 END       0    0.00
 NY      162
  7.50000E-07  8.75000E-07  1.00000E-06  1.12500E-06  1.25000E-06  1.37500E-06
  1.50000E-06  1.62500E-06  1.75000E-06  1.87500E-06  2.00000E-06  2.25000E-06
  2.50000E-06  2.75000E-06  3.00000E-06  3.25000E-06  3.50000E-06  3.75000E-06
  4.00000E-06  4.50000E-06  5.00000E-06  5.50000E-06  6.00000E-06  6.50000E-06
  7.00000E-06  7.50000E-06  8.00000E-06  9.00000E-06  1.00000E-05  1.10000E-05
  1.20000E-05  1.30000E-05  1.40000E-05  1.50000E-05  1.60000E-05  1.80000E-05
  2.00000E-05  2.20000E-05  2.40000E-05  2.60000E-05  2.80000E-05  3.00000E-05
  3.20000E-05  3.60000E-05  4.00000E-05  4.40000E-05  4.80000E-05  5.20000E-05
  5.60000E-05  6.00000E-05  6.40000E-05  7.20000E-05  8.00000E-05  8.80000E-05
  9.60000E-05  1.04000E-04  1.12000E-04  1.20000E-04  1.28000E-04  1.44000E-04
  1.60000E-04  1.76000E-04  1.92000E-04  2.08000E-04  2.24000E-04  2.40000E-04
  2.56000E-04  2.88000E-04  3.20000E-04  3.52000E-04  3.84000E-04  4.16000E-04
  4.48000E-04  4.80000E-04  5.12000E-04  5.76000E-04  6.40000E-04  7.04000E-04
  7.68000E-04  8.32000E-04  8.96000E-04  9.60000E-04  1.02400E-03  1.15200E-03
  1.28000E-03  1.40800E-03  1.53600E-03  1.66400E-03  1.79200E-03  1.92000E-03
  2.01600E-03  2.27200E-03  2.52800E-03  2.78400E-03  3.04000E-03  3.29600E-03
  3.55200E-03  3.80800E-03  4.06400E-03  4.57600E-03  5.08800E-03  5.60000E-03
  6.11200E-03  6.62400E-03  7.13600E-03  7.64800E-03  8.16000E-03  9.18400E-03
  1.02080E-02  1.12320E-02  1.22560E-02  1.32800E-02  1.43040E-02  1.53280E-02
  1.63520E-02  1.84000E-02  2.04480E-02  2.24960E-02  2.45440E-02  2.65920E-02
  2.86400E-02  3.06880E-02  3.27360E-02  3.68320E-02  4.09280E-02  4.50240E-02
  4.91200E-02  5.32160E-02  5.73120E-02  6.14080E-02  6.55040E-02  7.36960E-02
  8.18880E-02  9.00800E-02  9.82720E-02  1.06464E-01  1.14656E-01  1.22848E-01
  1.31040E-01  1.47424E-01  1.63808E-01  1.80192E-01  1.96576E-01  2.12960E-01
  2.29344E-01  2.45728E-01  2.62112E-01  2.94880E-01  3.27648E-01  3.60416E-01
  3.93184E-01  4.25952E-01  4.58720E-01  4.91488E-01  5.24256E-01  5.89792E-01
  6.55328E-01  7.20864E-01  7.86400E-01  8.51936E-01  9.17472E-01  9.83008E-01
  9.98004E-01  1.00000E+00  9.95671E-01  9.97114E-01  9.95473E-01  9.96322E-01
  9.90928E-01  9.92656E-01  9.91656E-01  9.92609E-01  9.92858E-01  9.88864E-01
  9.90201E-01  9.89156E-01  9.86323E-01  9.84792E-01  9.84439E-01  9.84462E-01
  9.80100E-01  9.78783E-01  9.78114E-01  9.75971E-01  9.73956E-01  9.68921E-01
  9.68317E-01  9.65639E-01  9.63392E-01  9.59853E-01  9.54220E-01  9.50370E-01
  9.47444E-01  9.42655E-01  9.36520E-01  9.34238E-01  9.29833E-01  9.21320E-01
  9.13277E-01  9.03949E-01  8.97106E-01  8.88468E-01  8.81033E-01  8.73164E-01
  8.64923E-01  8.48827E-01  8.34636E-01  8.19708E-01  8.04159E-01  7.90378E-01
  7.76191E-01  7.62208E-01  7.48970E-01  7.22283E-01  6.96850E-01  6.72321E-01
  6.48045E-01  6.25483E-01  6.03204E-01  5.81934E-01  5.61328E-01  5.22426E-01
  4.86065E-01  4.52437E-01  4.21040E-01  3.91835E-01  3.65260E-01  3.39829E-01
  3.16472E-01  2.74137E-01  2.37257E-01  2.05930E-01  1.78771E-01  1.55294E-01
  1.34925E-01  1.17287E-01  1.02232E-01  7.67894E-02  5.78393E-02  4.30032E-02
  3.19729E-02  2.33159E-02  1.71721E-02  1.28609E-02  9.85807E-03  5.05053E-03
  1.63100E-03 -1.12256E-03 -2.53735E-03 -3.00509E-03 -2.92175E-03 -2.69336E-03
 -1.85035E-03 -6.53793E-04 -7.27463E-05 -1.42632E-03 -1.55472E-03 -1.82326E-03
 -2.51002E-03 -9.70356E-04  2.77988E-04  1.24098E-03  2.95951E-04  1.28960E-05
 -5.19903E-04 -3.76472E-04  8.71872E-04  5.43501E-04  1.10368E-03  4.31888E-04
 -6.10923E-04  1.11730E-03 -2.52000E-03 -1.86737E-03 -1.19009E-04 -7.27476E-04
  5.68082E-04 -7.10801E-04 -5.39132E-04 -4.29924E-04  6.76483E-04 -4.57635E-05
  4.57037E-04 -1.16898E-03 -3.47759E-04 -1.39366E-03 -1.29258E-04  9.14136E-04
 -6.55907E-04 -5.98911E-05 -4.36421E-04  1.93015E-04  1.22673E-04  7.17246E-04
 -1.27667E-04  3.60170E-04 -5.93096E-05  8.98898E-04  3.95139E-04 -1.39866E-04
 -2.53016E-05 -1.73693E-04 -3.42009E-04 -6.09708E-04  1.39076E-04 -3.07301E-04
  3.85407E-04  2.87093E-04 -4.67536E-05 -8.53760E-06 -1.09423E-04  5.64644E-05
 -1.23890E-04  5.15211E-05  2.44723E-05 -2.94310E-04  1.58152E-04 -1.27731E-04
 -3.02378E-04 -1.79117E-04 -5.61481E-06 -4.39836E-05 -2.59503E-04 -1.20573E-04
