AutoSaveFileName0244.ASC
 IFORMY    0    .00
 (6E13.7)
 IFORMT    0    .00
 (6E13.7)
 IFORMW    0    .00
 (6E13.7)
 NINTT     0   -1.00
 DOUSNQ    0    1.00
 IQUAD     0    1.00
 PRWT      0    1.00
 PRY       0    1.00
 IPLRES    1    3.00
 IPLRES    2    3.00
 IPRINT    1    0.00
 IPRINT    2    2.00
 IPLFIT    1    0.00
 IPLFIT    2    0.00
 LINEPG    0   50.
 NONNEG    1    1.00
 IWT       0    5.00
 NQPROG    1    5.00
 NQPROG    2    5.00
 GMNMX     1    3.13547E-03
 GMNMX     2    1.12556E-03
 RUSER    10    -1.00
 NG        0    500.00
 NLINF     0    1.00
 IUSER    10    4.00
 RUSER    21    1.0
 RUSER    22   -1.0
 RUSER    23    0.0
 RUSER    18         292.12388
 RUSER    17         134.99900
 RUSER    19         1.02734
 RUSER    15         1.33200
 RUSER    16         632.80000
 RUSER    25         1
 RUSER    26         0
 END       0    0.00
 NY      162
  7.50000E-07  8.75000E-07  1.00000E-06  1.12500E-06  1.25000E-06  1.37500E-06
  1.50000E-06  1.62500E-06  1.75000E-06  1.87500E-06  2.00000E-06  2.25000E-06
  2.50000E-06  2.75000E-06  3.00000E-06  3.25000E-06  3.50000E-06  3.75000E-06
  4.00000E-06  4.50000E-06  5.00000E-06  5.50000E-06  6.00000E-06  6.50000E-06
  7.00000E-06  7.50000E-06  8.00000E-06  9.00000E-06  1.00000E-05  1.10000E-05
  1.20000E-05  1.30000E-05  1.40000E-05  1.50000E-05  1.60000E-05  1.80000E-05
  2.00000E-05  2.20000E-05  2.40000E-05  2.60000E-05  2.80000E-05  3.00000E-05
  3.20000E-05  3.60000E-05  4.00000E-05  4.40000E-05  4.80000E-05  5.20000E-05
  5.60000E-05  6.00000E-05  6.40000E-05  7.20000E-05  8.00000E-05  8.80000E-05
  9.60000E-05  1.04000E-04  1.12000E-04  1.20000E-04  1.28000E-04  1.44000E-04
  1.60000E-04  1.76000E-04  1.92000E-04  2.08000E-04  2.24000E-04  2.40000E-04
  2.56000E-04  2.88000E-04  3.20000E-04  3.52000E-04  3.84000E-04  4.16000E-04
  4.48000E-04  4.80000E-04  5.12000E-04  5.76000E-04  6.40000E-04  7.04000E-04
  7.68000E-04  8.32000E-04  8.96000E-04  9.60000E-04  1.02400E-03  1.15200E-03
  1.28000E-03  1.40800E-03  1.53600E-03  1.66400E-03  1.79200E-03  1.92000E-03
  2.01600E-03  2.27200E-03  2.52800E-03  2.78400E-03  3.04000E-03  3.29600E-03
  3.55200E-03  3.80800E-03  4.06400E-03  4.57600E-03  5.08800E-03  5.60000E-03
  6.11200E-03  6.62400E-03  7.13600E-03  7.64800E-03  8.16000E-03  9.18400E-03
  1.02080E-02  1.12320E-02  1.22560E-02  1.32800E-02  1.43040E-02  1.53280E-02
  1.63520E-02  1.84000E-02  2.04480E-02  2.24960E-02  2.45440E-02  2.65920E-02
  2.86400E-02  3.06880E-02  3.27360E-02  3.68320E-02  4.09280E-02  4.50240E-02
  4.91200E-02  5.32160E-02  5.73120E-02  6.14080E-02  6.55040E-02  7.36960E-02
  8.18880E-02  9.00800E-02  9.82720E-02  1.06464E-01  1.14656E-01  1.22848E-01
  1.31040E-01  1.47424E-01  1.63808E-01  1.80192E-01  1.96576E-01  2.12960E-01
  2.29344E-01  2.45728E-01  2.62112E-01  2.94880E-01  3.27648E-01  3.60416E-01
  3.93184E-01  4.25952E-01  4.58720E-01  4.91488E-01  5.24256E-01  5.89792E-01
  6.55328E-01  7.20864E-01  7.86400E-01  8.51936E-01  9.17472E-01  9.83008E-01
  1.00000E+00  9.99406E-01  9.95142E-01  9.97167E-01  9.90681E-01  9.94749E-01
  9.93764E-01  9.93883E-01  9.91773E-01  9.89305E-01  9.89667E-01  9.88532E-01
  9.86586E-01  9.83088E-01  9.81974E-01  9.83052E-01  9.79678E-01  9.77596E-01
  9.77276E-01  9.73933E-01  9.72559E-01  9.69052E-01  9.66808E-01  9.63841E-01
  9.60476E-01  9.56856E-01  9.55423E-01  9.49833E-01  9.43977E-01  9.39095E-01
  9.33412E-01  9.28273E-01  9.22579E-01  9.18181E-01  9.12081E-01  9.01243E-01
  8.91439E-01  8.80985E-01  8.70633E-01  8.60663E-01  8.50752E-01  8.41173E-01
  8.31414E-01  8.11731E-01  7.93510E-01  7.74895E-01  7.56860E-01  7.39268E-01
  7.22635E-01  7.06562E-01  6.90250E-01  6.59121E-01  6.28866E-01  6.00381E-01
  5.72938E-01  5.46964E-01  5.21832E-01  4.98738E-01  4.76435E-01  4.33956E-01
  3.95851E-01  3.60667E-01  3.28896E-01  2.99703E-01  2.73459E-01  2.49519E-01
  2.28137E-01  1.89479E-01  1.57430E-01  1.30569E-01  1.08096E-01  9.01274E-02
  7.49560E-02  6.28864E-02  5.32441E-02  3.77093E-02  2.67646E-02  1.85888E-02
  1.29555E-02  8.88938E-03  6.83704E-03  5.37740E-03  3.79077E-03  1.78756E-03
  1.10026E-03  3.55030E-04 -1.03957E-04  3.46963E-05  2.28020E-05  5.21899E-04
  4.67594E-04  1.49377E-03  1.34309E-03  9.53723E-04  5.65338E-04 -1.14946E-03
 -1.94014E-03 -9.20714E-04 -1.25250E-03 -2.49543E-03 -9.67392E-04 -5.94527E-04
 -2.14755E-04 -2.51551E-04 -2.13401E-04 -1.72599E-03 -1.19757E-03  8.83076E-04
  9.16963E-04 -7.17102E-05  1.57499E-04  1.40689E-03  1.42229E-03  1.07606E-03
  1.57989E-04 -9.83219E-04  2.54079E-04 -1.55836E-04 -6.09867E-04  1.26447E-04
 -4.79129E-04  3.01475E-04  5.09725E-05  4.38807E-04 -1.52327E-03 -3.27551E-05
  7.85123E-04  2.27219E-04 -5.42109E-04  7.32767E-05 -3.62229E-04  2.48797E-04
 -4.74014E-04  3.63109E-04 -1.27305E-04 -1.04510E-04  1.29822E-05 -4.30317E-04
 -2.70839E-04 -3.53504E-04 -5.01681E-05  1.44793E-05 -3.08169E-04 -1.00238E-04
  3.10157E-05 -2.52691E-04 -1.90050E-04  7.08958E-07  3.07398E-04 -5.06515E-05
  1.47967E-04 -1.33847E-04 -2.02682E-05  2.17822E-04  5.04247E-05 -9.83221E-06
 -1.58789E-05  7.94232E-05 -9.52416E-05 -1.89129E-04 -4.20561E-05  1.80129E-04
