AutoSaveFileName0028.ASC
 IFORMY    0    .00
 (6E13.7)
 IFORMT    0    .00
 (6E13.7)
 IFORMW    0    .00
 (6E13.7)
 NINTT     0   -1.00
 DOUSNQ    0    1.00
 IQUAD     0    1.00
 PRWT      0    1.00
 PRY       0    1.00
 IPLRES    1    3.00
 IPLRES    2    3.00
 IPRINT    1    0.00
 IPRINT    2    2.00
 IPLFIT    1    0.00
 IPLFIT    2    0.00
 LINEPG    0   50.
 NONNEG    1    1.00
 IWT       0    5.00
 NQPROG    1    5.00
 NQPROG    2    5.00
 GMNMX     1    5.74819E-02
 GMNMX     2    2.06345E-02
 RUSER    10    -1.00
 NG        0    500.00
 NLINF     0    1.00
 IUSER    10    4.00
 RUSER    21    1.0
 RUSER    22   -1.0
 RUSER    23    0.0
 RUSER    18         291.91131
 RUSER    17         24.99800
 RUSER    19         1.03277
 RUSER    15         1.33200
 RUSER    16         632.80000
 RUSER    25         1
 RUSER    26         0
 END       0    0.00
 NY      162
  7.50000E-07  8.75000E-07  1.00000E-06  1.12500E-06  1.25000E-06  1.37500E-06
  1.50000E-06  1.62500E-06  1.75000E-06  1.87500E-06  2.00000E-06  2.25000E-06
  2.50000E-06  2.75000E-06  3.00000E-06  3.25000E-06  3.50000E-06  3.75000E-06
  4.00000E-06  4.50000E-06  5.00000E-06  5.50000E-06  6.00000E-06  6.50000E-06
  7.00000E-06  7.50000E-06  8.00000E-06  9.00000E-06  1.00000E-05  1.10000E-05
  1.20000E-05  1.30000E-05  1.40000E-05  1.50000E-05  1.60000E-05  1.80000E-05
  2.00000E-05  2.20000E-05  2.40000E-05  2.60000E-05  2.80000E-05  3.00000E-05
  3.20000E-05  3.60000E-05  4.00000E-05  4.40000E-05  4.80000E-05  5.20000E-05
  5.60000E-05  6.00000E-05  6.40000E-05  7.20000E-05  8.00000E-05  8.80000E-05
  9.60000E-05  1.04000E-04  1.12000E-04  1.20000E-04  1.28000E-04  1.44000E-04
  1.60000E-04  1.76000E-04  1.92000E-04  2.08000E-04  2.24000E-04  2.40000E-04
  2.56000E-04  2.88000E-04  3.20000E-04  3.52000E-04  3.84000E-04  4.16000E-04
  4.48000E-04  4.80000E-04  5.12000E-04  5.76000E-04  6.40000E-04  7.04000E-04
  7.68000E-04  8.32000E-04  8.96000E-04  9.60000E-04  1.02400E-03  1.15200E-03
  1.28000E-03  1.40800E-03  1.53600E-03  1.66400E-03  1.79200E-03  1.92000E-03
  2.01600E-03  2.27200E-03  2.52800E-03  2.78400E-03  3.04000E-03  3.29600E-03
  3.55200E-03  3.80800E-03  4.06400E-03  4.57600E-03  5.08800E-03  5.60000E-03
  6.11200E-03  6.62400E-03  7.13600E-03  7.64800E-03  8.16000E-03  9.18400E-03
  1.02080E-02  1.12320E-02  1.22560E-02  1.32800E-02  1.43040E-02  1.53280E-02
  1.63520E-02  1.84000E-02  2.04480E-02  2.24960E-02  2.45440E-02  2.65920E-02
  2.86400E-02  3.06880E-02  3.27360E-02  3.68320E-02  4.09280E-02  4.50240E-02
  4.91200E-02  5.32160E-02  5.73120E-02  6.14080E-02  6.55040E-02  7.36960E-02
  8.18880E-02  9.00800E-02  9.82720E-02  1.06464E-01  1.14656E-01  1.22848E-01
  1.31040E-01  1.47424E-01  1.63808E-01  1.80192E-01  1.96576E-01  2.12960E-01
  2.29344E-01  2.45728E-01  2.62112E-01  2.94880E-01  3.27648E-01  3.60416E-01
  3.93184E-01  4.25952E-01  4.58720E-01  4.91488E-01  5.24256E-01  5.89792E-01
  6.55328E-01  7.20864E-01  7.86400E-01  8.51936E-01  9.17472E-01  9.83008E-01
  9.98274E-01  1.00000E+00  9.98627E-01  9.97397E-01  9.96504E-01  9.95036E-01
  9.98051E-01  9.95436E-01  9.95984E-01  9.93225E-01  9.94968E-01  9.93878E-01
  9.95408E-01  9.94792E-01  9.92565E-01  9.94432E-01  9.94515E-01  9.95071E-01
  9.94996E-01  9.94453E-01  9.93956E-01  9.94444E-01  9.93756E-01  9.93711E-01
  9.94814E-01  9.92913E-01  9.93058E-01  9.93227E-01  9.91719E-01  9.92826E-01
  9.92232E-01  9.91819E-01  9.91624E-01  9.91283E-01  9.90589E-01  9.90928E-01
  9.89466E-01  9.89669E-01  9.88472E-01  9.88468E-01  9.87816E-01  9.86921E-01
  9.86364E-01  9.85270E-01  9.84428E-01  9.83029E-01  9.82167E-01  9.80877E-01
  9.79576E-01  9.78934E-01  9.77681E-01  9.75544E-01  9.73322E-01  9.71180E-01
  9.68969E-01  9.66660E-01  9.64522E-01  9.62351E-01  9.60352E-01  9.56163E-01
  9.52033E-01  9.48127E-01  9.43683E-01  9.39838E-01  9.36003E-01  9.31823E-01
  9.27901E-01  9.20166E-01  9.12386E-01  9.04879E-01  8.97468E-01  8.90054E-01
  8.82935E-01  8.75752E-01  8.68965E-01  8.55017E-01  8.41335E-01  8.28026E-01
  8.14938E-01  8.02097E-01  7.89693E-01  7.77468E-01  7.62073E-01  7.38580E-01
  7.16130E-01  6.94340E-01  6.73314E-01  6.52981E-01  6.33426E-01  6.14551E-01
  6.03088E-01  5.67322E-01  5.33869E-01  5.02491E-01  4.73350E-01  4.46104E-01
  4.20717E-01  3.97098E-01  3.75131E-01  3.34653E-01  2.99219E-01  2.68057E-01
  2.40622E-01  2.16560E-01  1.95585E-01  1.77080E-01  1.61044E-01  1.32828E-01
  1.10848E-01  9.20337E-02  7.51584E-02  6.16171E-02  5.10632E-02  4.36310E-02
  3.86616E-02  3.19167E-02  2.67407E-02  2.16664E-02  1.84329E-02  1.65768E-02
  1.58779E-02  1.68601E-02  1.65683E-02  1.65870E-02  1.31229E-02  6.79150E-03
  3.81379E-03  7.57394E-03  1.29341E-02  1.02414E-02  8.73367E-03  7.14023E-03
  1.77197E-03  6.42921E-04 -1.91956E-03 -5.37698E-03 -1.95197E-03 -3.74991E-03
 -3.13259E-03 -2.87876E-04 -2.89656E-03 -5.94029E-03 -3.25651E-03  2.72598E-03
  2.23470E-03  2.55665E-03 -1.44313E-03  2.39845E-03  1.73754E-05 -5.95200E-03
 -6.95179E-03  4.43225E-03  1.09731E-03  2.60792E-04 -6.15334E-05  2.09096E-03
 -1.29462E-03  1.83642E-04  2.45851E-04 -4.35087E-04  2.94632E-04 -8.97523E-05
