AutoSaveFileName0304.ASC
 IFORMY    0    .00
 (6E13.7)
 IFORMT    0    .00
 (6E13.7)
 IFORMW    0    .00
 (6E13.7)
 NINTT     0   -1.00
 DOUSNQ    0    1.00
 IQUAD          1.00
 PRWT      0    1.00
 PRY       0    1.00
 IPLRES    1    3.00
 IPLRES    2    3.00
 IPRINT    1    0.00
 IPRINT    2    2.00
 IPLFIT    1    0.00
 IPLFIT    2    0.00
 LINEPG    0   50.
 NONNEG    1    1.00
 IWT       0    5.00
 NQPROG    1    5.00
 NQPROG    2    5.00
 GMNMX     1    9.525E-06
 GMNMX     2    9.525E-03
 RUSER    10    -1.00
 NG        0    200.00
 NLINF     0    0.00
 IUSER    10    4.00
 RUSER    21    1.0
 RUSER    22   -1.0
 RUSER    23    0.0
 RUSER    18         292.18496
 RUSER    17         115.99900
 RUSER    19         1.02579
 RUSER    15         1.33200
 RUSER    16         632.80000
 RUSER    25         1
 RUSER    26         0
 END       0    0.00
 NY      131
  3.75000E-07  5.00000E-07  6.25000E-07  7.50000E-07  8.75000E-07  1.00000E-06
  1.12500E-06  1.25000E-06  1.37500E-06  1.50000E-06  1.62500E-06  1.75000E-06
  1.87500E-06  2.00000E-06  2.25000E-06  2.50000E-06  2.75000E-06  3.00000E-06
  3.25000E-06  3.50000E-06  3.75000E-06  4.00000E-06  4.50000E-06  5.00000E-06
  5.50000E-06  6.00000E-06  6.50000E-06  7.00000E-06  7.50000E-06  8.00000E-06
  9.00000E-06  1.00000E-05  1.10000E-05  1.20000E-05  1.30000E-05  1.40000E-05
  1.50000E-05  1.60000E-05  1.80000E-05  2.00000E-05  2.20000E-05  2.40000E-05
  2.60000E-05  2.80000E-05  3.00000E-05  3.20000E-05  3.60000E-05  4.00000E-05
  4.40000E-05  4.80000E-05  5.20000E-05  5.60000E-05  6.00000E-05  6.40000E-05
  7.20000E-05  8.00000E-05  8.80000E-05  9.60000E-05  1.04000E-04  1.12000E-04
  1.20000E-04  1.28000E-04  1.44000E-04  1.60000E-04  1.76000E-04  1.92000E-04
  2.08000E-04  2.24000E-04  2.40000E-04  2.56000E-04  2.88000E-04  3.20000E-04
  3.52000E-04  3.84000E-04  4.16000E-04  4.48000E-04  4.80000E-04  5.12000E-04
  5.76000E-04  6.40000E-04  7.04000E-04  7.68000E-04  8.32000E-04  8.96000E-04
  9.60000E-04  1.02400E-03  1.15200E-03  1.28000E-03  1.40800E-03  1.53600E-03
  1.66400E-03  1.79200E-03  1.92000E-03  2.01600E-03  2.27200E-03  2.52800E-03
  2.78400E-03  3.04000E-03  3.29600E-03  3.55200E-03  3.80800E-03  4.06400E-03
  4.57600E-03  5.08800E-03  5.60000E-03  6.11200E-03  6.62400E-03  7.13600E-03
  7.64800E-03  8.16000E-03  9.18400E-03  1.02080E-02  1.12320E-02  1.22560E-02
  1.32800E-02  1.43040E-02  1.53280E-02  1.63520E-02  1.84000E-02  2.04480E-02
  2.24960E-02  2.45440E-02  2.65920E-02  2.86400E-02  3.06880E-02  3.27360E-02
  3.68320E-02  4.09280E-02  4.50240E-02  4.91200E-02  5.32160E-02
  1.63925E+00  1.64400E+00  1.63425E+00  1.62828E+00  1.63302E+00  1.63000E+00
  1.63416E+00  1.63376E+00  1.63061E+00  1.62728E+00  1.62845E+00  1.62526E+00
  1.63118E+00  1.62984E+00  1.62912E+00  1.62420E+00  1.62904E+00  1.62600E+00
  1.62846E+00  1.62739E+00  1.62554E+00  1.62568E+00  1.62633E+00  1.62592E+00
  1.62062E+00  1.62109E+00  1.62376E+00  1.62045E+00  1.62082E+00  1.62012E+00
  1.62057E+00  1.61585E+00  1.61889E+00  1.61567E+00  1.61578E+00  1.61238E+00
  1.61182E+00  1.61083E+00  1.60925E+00  1.60558E+00  1.60512E+00  1.60093E+00
  1.59856E+00  1.59563E+00  1.59326E+00  1.59110E+00  1.58677E+00  1.58124E+00
  1.57692E+00  1.57159E+00  1.56691E+00  1.56282E+00  1.55764E+00  1.55265E+00
  1.54267E+00  1.53303E+00  1.52441E+00  1.51467E+00  1.50495E+00  1.49657E+00
  1.48703E+00  1.47776E+00  1.45934E+00  1.44149E+00  1.42395E+00  1.40590E+00
  1.38857E+00  1.37173E+00  1.35460E+00  1.33804E+00  1.30527E+00  1.27329E+00
  1.24195E+00  1.21205E+00  1.18186E+00  1.15338E+00  1.12519E+00  1.09806E+00
  1.04555E+00  9.95513E-01  9.48056E-01  9.02846E-01  8.60169E-01  8.19869E-01
  7.80995E-01  7.44530E-01  6.76810E-01  6.15402E-01  5.59646E-01  5.08933E-01
  4.62933E-01  4.21204E-01  3.83223E-01  3.57847E-01  2.98073E-01  2.49340E-01
  2.08491E-01  1.72711E-01  1.42682E-01  1.17570E-01  9.56065E-02  7.86922E-02
  5.15225E-02  3.65853E-02  2.94825E-02  2.54137E-02  2.07843E-02  1.93778E-02
  1.62970E-02  1.20208E-02  7.14107E-03  6.02458E-03 -3.40551E-03 -1.12311E-02
 -1.59456E-02 -1.35273E-02 -1.14826E-02 -1.07897E-02 -1.03279E-02 -1.63176E-02
 -1.70858E-02 -4.64395E-03  5.01742E-03  8.54972E-03  1.16792E-02  5.97521E-03
  1.68402E-03 -3.88838E-04 -1.45240E-02 -7.47593E-03  5.87190E-03
