AutoSaveFileName0189.ASC
 IFORMY    0    .00
 (6E13.7)
 IFORMT    0    .00
 (6E13.7)
 IFORMW    0    .00
 (6E13.7)
 NINTT     0   -1.00
 DOUSNQ    0    1.00
 IQUAD          1.00
 PRWT      0    1.00
 PRY       0    1.00
 IPLRES    1    3.00
 IPLRES    2    3.00
 IPRINT    1    0.00
 IPRINT    2    2.00
 IPLFIT    1    0.00
 IPLFIT    2    0.00
 LINEPG    0   50.
 NONNEG    1    1.00
 IWT       0    5.00
 NQPROG    1    5.00
 NQPROG    2    5.00
 GMNMX     1    1.087E-05
 GMNMX     2    1.087E-02
 RUSER    10    -1.00
 NG        0    200.00
 NLINF     0    0.00
 IUSER    10    4.00
 RUSER    21    1.0
 RUSER    22   -1.0
 RUSER    23    0.0
 RUSER    18         292.22981
 RUSER    17         104.99900
 RUSER    19         1.02466
 RUSER    15         1.33200
 RUSER    16         632.80000
 RUSER    25         1
 RUSER    26         0
 END       0    0.00
 NY      188
  5.00000E-07  6.25000E-07  7.50000E-07  8.75000E-07  1.00000E-06  1.12500E-06
  1.25000E-06  1.37500E-06  1.50000E-06  1.62500E-06  1.75000E-06  1.87500E-06
  2.00000E-06  2.25000E-06  2.50000E-06  2.75000E-06  3.00000E-06  3.25000E-06
  3.50000E-06  3.75000E-06  4.00000E-06  4.50000E-06  5.00000E-06  5.50000E-06
  6.00000E-06  6.50000E-06  7.00000E-06  7.50000E-06  8.00000E-06  9.00000E-06
  1.00000E-05  1.10000E-05  1.20000E-05  1.30000E-05  1.40000E-05  1.50000E-05
  1.60000E-05  1.80000E-05  2.00000E-05  2.20000E-05  2.40000E-05  2.60000E-05
  2.80000E-05  3.00000E-05  3.20000E-05  3.60000E-05  4.00000E-05  4.40000E-05
  4.80000E-05  5.20000E-05  5.60000E-05  6.00000E-05  6.40000E-05  7.20000E-05
  8.00000E-05  8.80000E-05  9.60000E-05  1.04000E-04  1.12000E-04  1.20000E-04
  1.28000E-04  1.44000E-04  1.60000E-04  1.76000E-04  1.92000E-04  2.08000E-04
  2.24000E-04  2.40000E-04  2.56000E-04  2.88000E-04  3.20000E-04  3.52000E-04
  3.84000E-04  4.16000E-04  4.48000E-04  4.80000E-04  5.12000E-04  5.76000E-04
  6.40000E-04  7.04000E-04  7.68000E-04  8.32000E-04  8.96000E-04  9.60000E-04
  1.02400E-03  1.15200E-03  1.28000E-03  1.40800E-03  1.53600E-03  1.66400E-03
  1.79200E-03  1.92000E-03  2.01600E-03  2.27200E-03  2.52800E-03  2.78400E-03
  3.04000E-03  3.29600E-03  3.55200E-03  3.80800E-03  4.06400E-03  4.57600E-03
  5.08800E-03  5.60000E-03  6.11200E-03  6.62400E-03  7.13600E-03  7.64800E-03
  8.16000E-03  9.18400E-03  1.02080E-02  1.12320E-02  1.22560E-02  1.32800E-02
  1.43040E-02  1.53280E-02  1.63520E-02  1.84000E-02  2.04480E-02  2.24960E-02
  2.45440E-02  2.65920E-02  2.86400E-02  3.06880E-02  3.27360E-02  3.68320E-02
  4.09280E-02  4.50240E-02  4.91200E-02  5.32160E-02  5.73120E-02  6.14080E-02
  6.55040E-02  7.36960E-02  8.18880E-02  9.00800E-02  9.82720E-02  1.06464E-01
  1.14656E-01  1.22848E-01  1.31040E-01  1.47424E-01  1.63808E-01  1.80192E-01
  1.96576E-01  2.12960E-01  2.29344E-01  2.45728E-01  2.62112E-01  2.94880E-01
  3.27648E-01  3.60416E-01  3.93184E-01  4.25952E-01  4.58720E-01  4.91488E-01
  5.24256E-01  5.89792E-01  6.55328E-01  7.20864E-01  7.86400E-01  8.51936E-01
  9.17472E-01  9.83008E-01  1.04854E+00  1.17962E+00  1.31069E+00  1.44176E+00
  1.57283E+00  1.70390E+00  1.83498E+00  1.96605E+00  2.09712E+00  2.35926E+00
  2.62141E+00  2.88355E+00  3.14570E+00  3.40784E+00  3.66998E+00  3.93213E+00
  4.19427E+00  4.71856E+00  5.24285E+00  5.76714E+00  6.29142E+00  6.81571E+00
  7.34000E+00  7.86429E+00
  9.96154E-01  9.95350E-01  9.94193E-01  9.93230E-01  9.92809E-01  9.92418E-01
  9.91837E-01  9.92256E-01  9.91745E-01  9.91122E-01  9.91955E-01  9.92712E-01
  9.91617E-01  9.92314E-01  9.90997E-01  9.91999E-01  9.91044E-01  9.90703E-01
  9.90759E-01  9.90799E-01  9.90808E-01  9.90178E-01  9.90346E-01  9.90785E-01
  9.89905E-01  9.89589E-01  9.89523E-01  9.90138E-01  9.89126E-01  9.88824E-01
  9.88152E-01  9.88606E-01  9.88267E-01  9.87568E-01  9.87159E-01  9.87376E-01
  9.86885E-01  9.86033E-01  9.85347E-01  9.84651E-01  9.84073E-01  9.83473E-01
  9.82724E-01  9.82263E-01  9.81548E-01  9.80361E-01  9.78811E-01  9.77728E-01
  9.76197E-01  9.74859E-01  9.73590E-01  9.72226E-01  9.71039E-01  9.68288E-01
  9.65705E-01  9.63118E-01  9.60487E-01  9.57731E-01  9.55061E-01  9.52559E-01
  9.49871E-01  9.44714E-01  9.39470E-01  9.34268E-01  9.29103E-01  9.24054E-01
  9.19089E-01  9.14024E-01  9.08927E-01  8.98884E-01  8.88949E-01  8.79171E-01
  8.69471E-01  8.60036E-01  8.50636E-01  8.41297E-01  8.31775E-01  8.13718E-01
  7.95984E-01  7.78581E-01  7.61632E-01  7.45035E-01  7.28883E-01  7.12967E-01
  6.67102E-01  6.38060E-01  6.10337E-01  5.83980E-01  5.58775E-01  5.34794E-01
  5.11835E-01  4.90032E-01  4.99323E-01  4.58270E-01  4.20654E-01  3.86157E-01
  3.54606E-01  3.25750E-01  2.99274E-01  2.75254E-01  2.53474E-01  2.14515E-01
  1.81652E-01  1.53352E-01  1.29127E-01  1.08459E-01  9.15377E-02  7.78880E-02
  6.71576E-02  4.87658E-02  3.59249E-02  2.82011E-02  2.23904E-02  1.72734E-02
  1.36685E-02  1.20242E-02  1.07980E-02  5.02251E-03 -1.05147E-03 -4.46818E-03
 -7.51981E-03 -5.74423E-03 -1.79169E-03  1.37496E-03  3.36397E-03  6.50458E-03
  6.88150E-03 -5.99629E-04 -1.09197E-03 -4.33375E-04  3.79066E-03  1.27326E-03
 -2.29049E-03 -2.68925E-03  3.68286E-03  2.64253E-03  4.91970E-03  7.21090E-04
  6.14120E-04 -1.96916E-03 -3.49191E-03  1.24716E-04  3.66672E-03  2.64701E-05
 -1.17585E-03 -7.64978E-04 -7.32277E-04 -2.18228E-03  1.16472E-03  5.95152E-04
  3.37019E-04  6.77979E-04  5.79732E-04 -3.09152E-03  1.77226E-03 -8.55218E-04
  6.98742E-04  1.20994E-03  2.49463E-03 -1.65007E-03 -1.19810E-03 -1.12154E-03
  2.79933E-03 -1.08857E-03 -1.00624E-03 -6.75997E-04 -3.68351E-04 -2.04465E-03
 -9.21644E-04  6.20110E-04 -5.27876E-04  3.20314E-04 -3.47685E-04 -2.28043E-03
  4.31275E-04 -6.70915E-05  1.56357E-05 -1.64269E-03 -5.06435E-04 -1.17742E-03
  2.77733E-04  1.28915E-04 -1.32670E-03 -3.77139E-04 -2.70419E-05  1.35761E-04
  4.89829E-04  1.77163E-04
