AutoSaveFileName0399.ASC
 IFORMY    0    .00
 (6E13.7)
 IFORMT    0    .00
 (6E13.7)
 IFORMW    0    .00
 (6E13.7)
 NINTT     0   -1.00
 DOUSNQ    0    1.00
 IQUAD          1.00
 PRWT      0    1.00
 PRY       0    1.00
 IPLRES    1    3.00
 IPLRES    2    3.00
 IPRINT    1    0.00
 IPRINT    2    2.00
 IPLFIT    1    0.00
 IPLFIT    2    0.00
 LINEPG    0   50.
 NONNEG    1    1.00
 IWT       0    5.00
 NQPROG    1    5.00
 NQPROG    2    5.00
 GMNMX     1    7.382E-06
 GMNMX     2    7.382E-03
 RUSER    10    -1.00
 NG        0    200.00
 NLINF     0    0.00
 IUSER    10    4.00
 RUSER    21    1.0
 RUSER    22   -1.0
 RUSER    23    0.0
 RUSER    18         292.33722
 RUSER    17         147.99900
 RUSER    19         1.02194
 RUSER    15         1.33200
 RUSER    16         632.80000
 RUSER    25         1
 RUSER    26         0
 END       0    0.00
 NY      131
  3.75000E-07  5.00000E-07  6.25000E-07  7.50000E-07  8.75000E-07  1.00000E-06
  1.12500E-06  1.25000E-06  1.37500E-06  1.50000E-06  1.62500E-06  1.75000E-06
  1.87500E-06  2.00000E-06  2.25000E-06  2.50000E-06  2.75000E-06  3.00000E-06
  3.25000E-06  3.50000E-06  3.75000E-06  4.00000E-06  4.50000E-06  5.00000E-06
  5.50000E-06  6.00000E-06  6.50000E-06  7.00000E-06  7.50000E-06  8.00000E-06
  9.00000E-06  1.00000E-05  1.10000E-05  1.20000E-05  1.30000E-05  1.40000E-05
  1.50000E-05  1.60000E-05  1.80000E-05  2.00000E-05  2.20000E-05  2.40000E-05
  2.60000E-05  2.80000E-05  3.00000E-05  3.20000E-05  3.60000E-05  4.00000E-05
  4.40000E-05  4.80000E-05  5.20000E-05  5.60000E-05  6.00000E-05  6.40000E-05
  7.20000E-05  8.00000E-05  8.80000E-05  9.60000E-05  1.04000E-04  1.12000E-04
  1.20000E-04  1.28000E-04  1.44000E-04  1.60000E-04  1.76000E-04  1.92000E-04
  2.08000E-04  2.24000E-04  2.40000E-04  2.56000E-04  2.88000E-04  3.20000E-04
  3.52000E-04  3.84000E-04  4.16000E-04  4.48000E-04  4.80000E-04  5.12000E-04
  5.76000E-04  6.40000E-04  7.04000E-04  7.68000E-04  8.32000E-04  8.96000E-04
  9.60000E-04  1.02400E-03  1.15200E-03  1.28000E-03  1.40800E-03  1.53600E-03
  1.66400E-03  1.79200E-03  1.92000E-03  2.01600E-03  2.27200E-03  2.52800E-03
  2.78400E-03  3.04000E-03  3.29600E-03  3.55200E-03  3.80800E-03  4.06400E-03
  4.57600E-03  5.08800E-03  5.60000E-03  6.11200E-03  6.62400E-03  7.13600E-03
  7.64800E-03  8.16000E-03  9.18400E-03  1.02080E-02  1.12320E-02  1.22560E-02
  1.32800E-02  1.43040E-02  1.53280E-02  1.63520E-02  1.84000E-02  2.04480E-02
  2.24960E-02  2.45440E-02  2.65920E-02  2.86400E-02  3.06880E-02  3.27360E-02
  3.68320E-02  4.09280E-02  4.50240E-02  4.91200E-02  5.32160E-02
  5.97595E-01  5.97217E-01  5.97265E-01  5.96584E-01  5.96535E-01  5.96617E-01
  5.96673E-01  5.96647E-01  5.96365E-01  5.95738E-01  5.95648E-01  5.96022E-01
  5.96890E-01  5.96206E-01  5.95201E-01  5.95979E-01  5.95603E-01  5.95531E-01
  5.95998E-01  5.94978E-01  5.94890E-01  5.95020E-01  5.94576E-01  5.94867E-01
  5.94761E-01  5.94654E-01  5.94115E-01  5.93867E-01  5.93817E-01  5.93293E-01
  5.93316E-01  5.92972E-01  5.92490E-01  5.92019E-01  5.91953E-01  5.91397E-01
  5.90721E-01  5.90453E-01  5.89835E-01  5.89184E-01  5.88436E-01  5.87631E-01
  5.87080E-01  5.86289E-01  5.85663E-01  5.84853E-01  5.83284E-01  5.81977E-01
  5.80341E-01  5.79006E-01  5.77583E-01  5.76285E-01  5.74818E-01  5.73355E-01
  5.70674E-01  5.67876E-01  5.65004E-01  5.62216E-01  5.59558E-01  5.56849E-01
  5.54120E-01  5.51368E-01  5.46055E-01  5.40724E-01  5.35433E-01  5.30250E-01
  5.25176E-01  5.20231E-01  5.15217E-01  5.10433E-01  5.00805E-01  4.91450E-01
  4.82424E-01  4.73651E-01  4.65043E-01  4.56661E-01  4.48468E-01  4.40367E-01
  4.25054E-01  4.10412E-01  3.96486E-01  3.83319E-01  3.70697E-01  3.58639E-01
  3.46977E-01  3.35846E-01  3.14650E-01  2.95256E-01  2.77512E-01  2.61251E-01
  2.46276E-01  2.32729E-01  2.20277E-01  2.11186E-01  1.90664E-01  1.73520E-01
  1.59478E-01  1.47059E-01  1.36125E-01  1.26095E-01  1.16834E-01  1.09071E-01
  9.56521E-02  8.50304E-02  7.68422E-02  7.06834E-02  6.60135E-02  6.28092E-02
  5.82999E-02  5.42746E-02  4.62072E-02  3.85877E-02  2.97862E-02  2.18718E-02
  1.75884E-02  1.57652E-02  1.81715E-02  1.70777E-02  1.80458E-02  1.91465E-02
  1.90643E-02  1.65501E-02  1.87307E-02  1.63910E-02  1.60161E-02  1.08674E-02
 -3.82173E-03 -1.09424E-02 -5.07250E-03 -4.19353E-03 -1.26626E-03
