AutoSaveFileName0201.ASC
 IFORMY    0    .00
 (6E13.7)
 IFORMT    0    .00
 (6E13.7)
 IFORMW    0    .00
 (6E13.7)
 NINTT     0   -1.00
 DOUSNQ    0    1.00
 IQUAD     0    1.00
 PRWT      0    1.00
 PRY       0    1.00
 IPLRES    1    3.00
 IPLRES    2    3.00
 IPRINT    1    0.00
 IPRINT    2    2.00
 IPLFIT    1    0.00
 IPLFIT    2    0.00
 LINEPG    0   50.
 NONNEG    1    1.00
 IWT       0    5.00
 NQPROG    1    5.00
 NQPROG    2    5.00
 GMNMX     1    3.76839E-03
 GMNMX     2    1.35275E-03
 RUSER    10    -1.00
 NG        0    500.00
 NLINF     0    1.00
 IUSER    10    4.00
 RUSER    21    1.0
 RUSER    22   -1.0
 RUSER    23    0.0
 RUSER    18         292.06853
 RUSER    17         114.99900
 RUSER    19         1.02875
 RUSER    15         1.33200
 RUSER    16         632.80000
 RUSER    25         1
 RUSER    26         0
 END       0    0.00
 NY      162
  7.50000E-07  8.75000E-07  1.00000E-06  1.12500E-06  1.25000E-06  1.37500E-06
  1.50000E-06  1.62500E-06  1.75000E-06  1.87500E-06  2.00000E-06  2.25000E-06
  2.50000E-06  2.75000E-06  3.00000E-06  3.25000E-06  3.50000E-06  3.75000E-06
  4.00000E-06  4.50000E-06  5.00000E-06  5.50000E-06  6.00000E-06  6.50000E-06
  7.00000E-06  7.50000E-06  8.00000E-06  9.00000E-06  1.00000E-05  1.10000E-05
  1.20000E-05  1.30000E-05  1.40000E-05  1.50000E-05  1.60000E-05  1.80000E-05
  2.00000E-05  2.20000E-05  2.40000E-05  2.60000E-05  2.80000E-05  3.00000E-05
  3.20000E-05  3.60000E-05  4.00000E-05  4.40000E-05  4.80000E-05  5.20000E-05
  5.60000E-05  6.00000E-05  6.40000E-05  7.20000E-05  8.00000E-05  8.80000E-05
  9.60000E-05  1.04000E-04  1.12000E-04  1.20000E-04  1.28000E-04  1.44000E-04
  1.60000E-04  1.76000E-04  1.92000E-04  2.08000E-04  2.24000E-04  2.40000E-04
  2.56000E-04  2.88000E-04  3.20000E-04  3.52000E-04  3.84000E-04  4.16000E-04
  4.48000E-04  4.80000E-04  5.12000E-04  5.76000E-04  6.40000E-04  7.04000E-04
  7.68000E-04  8.32000E-04  8.96000E-04  9.60000E-04  1.02400E-03  1.15200E-03
  1.28000E-03  1.40800E-03  1.53600E-03  1.66400E-03  1.79200E-03  1.92000E-03
  2.01600E-03  2.27200E-03  2.52800E-03  2.78400E-03  3.04000E-03  3.29600E-03
  3.55200E-03  3.80800E-03  4.06400E-03  4.57600E-03  5.08800E-03  5.60000E-03
  6.11200E-03  6.62400E-03  7.13600E-03  7.64800E-03  8.16000E-03  9.18400E-03
  1.02080E-02  1.12320E-02  1.22560E-02  1.32800E-02  1.43040E-02  1.53280E-02
  1.63520E-02  1.84000E-02  2.04480E-02  2.24960E-02  2.45440E-02  2.65920E-02
  2.86400E-02  3.06880E-02  3.27360E-02  3.68320E-02  4.09280E-02  4.50240E-02
  4.91200E-02  5.32160E-02  5.73120E-02  6.14080E-02  6.55040E-02  7.36960E-02
  8.18880E-02  9.00800E-02  9.82720E-02  1.06464E-01  1.14656E-01  1.22848E-01
  1.31040E-01  1.47424E-01  1.63808E-01  1.80192E-01  1.96576E-01  2.12960E-01
  2.29344E-01  2.45728E-01  2.62112E-01  2.94880E-01  3.27648E-01  3.60416E-01
  3.93184E-01  4.25952E-01  4.58720E-01  4.91488E-01  5.24256E-01  5.89792E-01
  6.55328E-01  7.20864E-01  7.86400E-01  8.51936E-01  9.17472E-01  9.83008E-01
  9.96417E-01  1.00000E+00  9.98328E-01  9.88267E-01  9.91716E-01  9.92775E-01
  9.93985E-01  9.87648E-01  9.88115E-01  9.88267E-01  9.85771E-01  9.86069E-01
  9.83959E-01  9.85263E-01  9.84129E-01  9.85356E-01  9.80884E-01  9.80077E-01
  9.75693E-01  9.77295E-01  9.70087E-01  9.71846E-01  9.71385E-01  9.67871E-01
  9.64299E-01  9.61055E-01  9.58541E-01  9.55431E-01  9.48919E-01  9.47943E-01
  9.42565E-01  9.37379E-01  9.34041E-01  9.29622E-01  9.24466E-01  9.15785E-01
  9.05789E-01  8.98095E-01  8.91349E-01  8.80640E-01  8.72175E-01  8.64032E-01
  8.56467E-01  8.39754E-01  8.23397E-01  8.09508E-01  7.93934E-01  7.77776E-01
  7.63846E-01  7.49833E-01  7.35581E-01  7.07515E-01  6.81513E-01  6.55721E-01
  6.31046E-01  6.07832E-01  5.84539E-01  5.62604E-01  5.42490E-01  5.02730E-01
  4.66071E-01  4.31805E-01  3.99762E-01  3.70876E-01  3.44086E-01  3.18167E-01
  2.95889E-01  2.54847E-01  2.19502E-01  1.89012E-01  1.62570E-01  1.40043E-01
  1.19947E-01  1.03787E-01  8.98008E-02  6.63379E-02  4.85661E-02  3.50082E-02
  2.54709E-02  1.81836E-02  1.19973E-02  8.03171E-03  4.86696E-03  1.45891E-04
 -1.10378E-03 -9.14511E-04  1.14329E-03  3.03458E-03  3.96789E-03  2.98059E-03
  3.11164E-03  2.76929E-03  1.59488E-03  2.35140E-03  1.85861E-03  1.12384E-03
  6.23604E-04 -2.18910E-03 -2.55295E-03  7.88632E-04  2.63894E-03  3.54950E-03
  2.61159E-03  3.11121E-04  5.49474E-04  3.21477E-04 -6.44497E-04 -1.18848E-04
  3.15185E-03  1.52165E-03  2.84214E-03 -6.22476E-04 -1.32773E-03 -1.17886E-03
 -1.38959E-03  3.91926E-07 -7.60707E-04  1.63644E-03  7.18067E-04  1.82813E-04
 -3.69159E-04  1.42483E-03 -1.20115E-03 -1.06422E-03 -1.34601E-04  4.96588E-04
  6.98039E-04 -1.27237E-03 -1.99736E-03  3.11299E-04  1.74158E-03  4.97253E-04
  6.87073E-04  2.37265E-05  2.90213E-05 -1.21917E-03 -4.80650E-05 -1.31344E-03
 -4.81281E-05 -3.27133E-04 -2.81573E-04  4.02983E-04 -7.95700E-04 -1.01771E-03
  1.35521E-04  1.21834E-04  8.50376E-05 -3.32403E-04  1.03844E-03  1.47706E-04
 -4.02921E-04 -1.75825E-04 -6.20220E-04 -6.20354E-04  2.72537E-05 -3.46825E-05
  1.39537E-04  3.29819E-04 -1.07838E-04  4.65749E-04 -2.57179E-04  2.74413E-04
