AutoSaveFileName0075.ASC
 IFORMY    0    .00
 (6E13.7)
 IFORMT    0    .00
 (6E13.7)
 IFORMW    0    .00
 (6E13.7)
 NINTT     0   -1.00
 DOUSNQ    0    1.00
 IQUAD          1.00
 PRWT      0    1.00
 PRY       0    1.00
 IPLRES    1    3.00
 IPLRES    2    3.00
 IPRINT    1    0.00
 IPRINT    2    2.00
 IPLFIT    1    0.00
 IPLFIT    2    0.00
 LINEPG    0   50.
 NONNEG    1    1.00
 IWT       0    5.00
 NQPROG    1    5.00
 NQPROG    2    5.00
 GMNMX     1    5.909E-05
 GMNMX     2    5.909E-02
 RUSER    10    -1.00
 NG        0    200.00
 NLINF     0    0.00
 IUSER    10    4.00
 RUSER    21    1.0
 RUSER    22   -1.0
 RUSER    23    0.0
 RUSER    18         291.86554
 RUSER    17         39.99900
 RUSER    19         1.03394
 RUSER    15         1.33200
 RUSER    16         632.80000
 RUSER    25         1
 RUSER    26         0
 END       0    0.00
 NY      131
  3.75000E-07  5.00000E-07  6.25000E-07  7.50000E-07  8.75000E-07  1.00000E-06
  1.12500E-06  1.25000E-06  1.37500E-06  1.50000E-06  1.62500E-06  1.75000E-06
  1.87500E-06  2.00000E-06  2.25000E-06  2.50000E-06  2.75000E-06  3.00000E-06
  3.25000E-06  3.50000E-06  3.75000E-06  4.00000E-06  4.50000E-06  5.00000E-06
  5.50000E-06  6.00000E-06  6.50000E-06  7.00000E-06  7.50000E-06  8.00000E-06
  9.00000E-06  1.00000E-05  1.10000E-05  1.20000E-05  1.30000E-05  1.40000E-05
  1.50000E-05  1.60000E-05  1.80000E-05  2.00000E-05  2.20000E-05  2.40000E-05
  2.60000E-05  2.80000E-05  3.00000E-05  3.20000E-05  3.60000E-05  4.00000E-05
  4.40000E-05  4.80000E-05  5.20000E-05  5.60000E-05  6.00000E-05  6.40000E-05
  7.20000E-05  8.00000E-05  8.80000E-05  9.60000E-05  1.04000E-04  1.12000E-04
  1.20000E-04  1.28000E-04  1.44000E-04  1.60000E-04  1.76000E-04  1.92000E-04
  2.08000E-04  2.24000E-04  2.40000E-04  2.56000E-04  2.88000E-04  3.20000E-04
  3.52000E-04  3.84000E-04  4.16000E-04  4.48000E-04  4.80000E-04  5.12000E-04
  5.76000E-04  6.40000E-04  7.04000E-04  7.68000E-04  8.32000E-04  8.96000E-04
  9.60000E-04  1.02400E-03  1.15200E-03  1.28000E-03  1.40800E-03  1.53600E-03
  1.66400E-03  1.79200E-03  1.92000E-03  2.01600E-03  2.27200E-03  2.52800E-03
  2.78400E-03  3.04000E-03  3.29600E-03  3.55200E-03  3.80800E-03  4.06400E-03
  4.57600E-03  5.08800E-03  5.60000E-03  6.11200E-03  6.62400E-03  7.13600E-03
  7.64800E-03  8.16000E-03  9.18400E-03  1.02080E-02  1.12320E-02  1.22560E-02
  1.32800E-02  1.43040E-02  1.53280E-02  1.63520E-02  1.84000E-02  2.04480E-02
  2.24960E-02  2.45440E-02  2.65920E-02  2.86400E-02  3.06880E-02  3.27360E-02
  3.68320E-02  4.09280E-02  4.50240E-02  4.91200E-02  5.32160E-02
  9.07267E-01  9.08061E-01  9.08177E-01  9.08893E-01  9.02696E-01  9.04264E-01
  9.05831E-01  9.05146E-01  9.07532E-01  9.07111E-01  9.05699E-01  9.03649E-01
  9.03870E-01  9.01807E-01  9.04999E-01  9.03421E-01  9.06321E-01  9.06319E-01
  9.07145E-01  9.06387E-01  9.03175E-01  9.04849E-01  9.01315E-01  9.04542E-01
  9.02332E-01  9.04447E-01  9.03091E-01  9.02488E-01  9.04024E-01  9.02946E-01
  9.03288E-01  9.04000E-01  9.04653E-01  9.03673E-01  9.02992E-01  9.03567E-01
  9.02564E-01  9.03683E-01  9.03042E-01  9.02261E-01  9.03291E-01  9.02186E-01
  9.02262E-01  9.01864E-01  9.01551E-01  9.01121E-01  9.01013E-01  9.00716E-01
  9.00002E-01  8.99573E-01  8.99296E-01  8.99475E-01  8.98886E-01  8.98120E-01
  8.97543E-01  8.96890E-01  8.96055E-01  8.94746E-01  8.94608E-01  8.93388E-01
  8.93112E-01  8.91963E-01  8.90676E-01  8.88459E-01  8.87015E-01  8.85742E-01
  8.84146E-01  8.82247E-01  8.80963E-01  8.79206E-01  8.75975E-01  8.72801E-01
  8.69487E-01  8.66241E-01  8.63517E-01  8.60027E-01  8.56892E-01  8.53510E-01
  8.47595E-01  8.41639E-01  8.35739E-01  8.29845E-01  8.23962E-01  8.18259E-01
  8.12707E-01  7.91698E-01  7.80617E-01  7.69653E-01  7.58819E-01  7.48304E-01
  7.37687E-01  7.27326E-01  7.17004E-01  7.21626E-01  7.01576E-01  6.81855E-01
  6.62899E-01  6.44518E-01  6.26628E-01  6.09731E-01  5.93378E-01  5.77155E-01
  5.46121E-01  5.16815E-01  4.89306E-01  4.64197E-01  4.40315E-01  4.17749E-01
  3.96516E-01  3.76045E-01  3.37973E-01  3.02312E-01  2.70549E-01  2.42965E-01
  2.19354E-01  1.99734E-01  1.83569E-01  1.70795E-01  1.45495E-01  1.20502E-01
  9.67517E-02  7.63602E-02  5.88332E-02  4.41948E-02  3.31057E-02  2.06677E-02
  3.80135E-04 -1.38115E-02 -1.73665E-02 -7.82929E-03  1.06385E-02
