AutoSaveFileName0018.ASC
 IFORMY    0    .00
 (6E13.7)
 IFORMT    0    .00
 (6E13.7)
 IFORMW    0    .00
 (6E13.7)
 NINTT     0   -1.00
 DOUSNQ    0    1.00
 IQUAD          1.00
 PRWT      0    1.00
 PRY       0    1.00
 IPLRES    1    3.00
 IPLRES    2    3.00
 IPRINT    1    0.00
 IPRINT    2    2.00
 IPLFIT    1    0.00
 IPLFIT    2    0.00
 LINEPG    0   50.
 NONNEG    1    1.00
 IWT       0    5.00
 NQPROG    1    5.00
 NQPROG    2    5.00
 GMNMX     1    2.274E-04
 GMNMX     2    2.274E-01
 RUSER    10    -1.00
 NG        0    200.00
 NLINF     0    0.00
 IUSER    10    4.00
 RUSER    21    1.0
 RUSER    22   -1.0
 RUSER    23    0.0
 RUSER    18         292.15818
 RUSER    17         19.99800
 RUSER    19         1.02647
 RUSER    15         1.33200
 RUSER    16         632.80000
 RUSER    25         1
 RUSER    26         0
 END       0    0.00
 NY      188
  5.00000E-07  6.25000E-07  7.50000E-07  8.75000E-07  1.00000E-06  1.12500E-06
  1.25000E-06  1.37500E-06  1.50000E-06  1.62500E-06  1.75000E-06  1.87500E-06
  2.00000E-06  2.25000E-06  2.50000E-06  2.75000E-06  3.00000E-06  3.25000E-06
  3.50000E-06  3.75000E-06  4.00000E-06  4.50000E-06  5.00000E-06  5.50000E-06
  6.00000E-06  6.50000E-06  7.00000E-06  7.50000E-06  8.00000E-06  9.00000E-06
  1.00000E-05  1.10000E-05  1.20000E-05  1.30000E-05  1.40000E-05  1.50000E-05
  1.60000E-05  1.80000E-05  2.00000E-05  2.20000E-05  2.40000E-05  2.60000E-05
  2.80000E-05  3.00000E-05  3.20000E-05  3.60000E-05  4.00000E-05  4.40000E-05
  4.80000E-05  5.20000E-05  5.60000E-05  6.00000E-05  6.40000E-05  7.20000E-05
  8.00000E-05  8.80000E-05  9.60000E-05  1.04000E-04  1.12000E-04  1.20000E-04
  1.28000E-04  1.44000E-04  1.60000E-04  1.76000E-04  1.92000E-04  2.08000E-04
  2.24000E-04  2.40000E-04  2.56000E-04  2.88000E-04  3.20000E-04  3.52000E-04
  3.84000E-04  4.16000E-04  4.48000E-04  4.80000E-04  5.12000E-04  5.76000E-04
  6.40000E-04  7.04000E-04  7.68000E-04  8.32000E-04  8.96000E-04  9.60000E-04
  1.02400E-03  1.15200E-03  1.28000E-03  1.40800E-03  1.53600E-03  1.66400E-03
  1.79200E-03  1.92000E-03  2.01600E-03  2.27200E-03  2.52800E-03  2.78400E-03
  3.04000E-03  3.29600E-03  3.55200E-03  3.80800E-03  4.06400E-03  4.57600E-03
  5.08800E-03  5.60000E-03  6.11200E-03  6.62400E-03  7.13600E-03  7.64800E-03
  8.16000E-03  9.18400E-03  1.02080E-02  1.12320E-02  1.22560E-02  1.32800E-02
  1.43040E-02  1.53280E-02  1.63520E-02  1.84000E-02  2.04480E-02  2.24960E-02
  2.45440E-02  2.65920E-02  2.86400E-02  3.06880E-02  3.27360E-02  3.68320E-02
  4.09280E-02  4.50240E-02  4.91200E-02  5.32160E-02  5.73120E-02  6.14080E-02
  6.55040E-02  7.36960E-02  8.18880E-02  9.00800E-02  9.82720E-02  1.06464E-01
  1.14656E-01  1.22848E-01  1.31040E-01  1.47424E-01  1.63808E-01  1.80192E-01
  1.96576E-01  2.12960E-01  2.29344E-01  2.45728E-01  2.62112E-01  2.94880E-01
  3.27648E-01  3.60416E-01  3.93184E-01  4.25952E-01  4.58720E-01  4.91488E-01
  5.24256E-01  5.89792E-01  6.55328E-01  7.20864E-01  7.86400E-01  8.51936E-01
  9.17472E-01  9.83008E-01  1.04854E+00  1.17962E+00  1.31069E+00  1.44176E+00
  1.57283E+00  1.70390E+00  1.83498E+00  1.96605E+00  2.09712E+00  2.35926E+00
  2.62141E+00  2.88355E+00  3.14570E+00  3.40784E+00  3.66998E+00  3.93213E+00
  4.19427E+00  4.71856E+00  5.24285E+00  5.76714E+00  6.29142E+00  6.81571E+00
  7.34000E+00  7.86429E+00
  9.99275E-01  9.98815E-01  9.98637E-01  9.98369E-01  9.98352E-01  9.97896E-01
  9.98316E-01  9.98098E-01  9.97891E-01  9.97955E-01  9.98062E-01  9.97680E-01
  9.97860E-01  9.97693E-01  9.97889E-01  9.97822E-01  9.97583E-01  9.97672E-01
  9.97348E-01  9.97441E-01  9.97490E-01  9.97441E-01  9.97232E-01  9.97040E-01
  9.96959E-01  9.97019E-01  9.96911E-01  9.96537E-01  9.96617E-01  9.96313E-01
  9.96119E-01  9.95943E-01  9.95702E-01  9.95449E-01  9.95282E-01  9.95096E-01
  9.94834E-01  9.94523E-01  9.94316E-01  9.94164E-01  9.93930E-01  9.93777E-01
  9.93528E-01  9.93277E-01  9.93163E-01  9.92734E-01  9.92510E-01  9.92136E-01
  9.91814E-01  9.91428E-01  9.91193E-01  9.90876E-01  9.90616E-01  9.90033E-01
  9.89433E-01  9.88892E-01  9.88347E-01  9.87834E-01  9.87289E-01  9.86803E-01
  9.86350E-01  9.85389E-01  9.84474E-01  9.83566E-01  9.82668E-01  9.81820E-01
  9.81015E-01  9.80174E-01  9.79515E-01  9.77979E-01  9.76466E-01  9.75010E-01
  9.73563E-01  9.72151E-01  9.70778E-01  9.69601E-01  9.70345E-01  9.69620E-01
  9.68232E-01  9.66569E-01  9.64792E-01  9.63000E-01  9.61215E-01  9.59448E-01
  9.58768E-01  9.56251E-01  9.53276E-01  9.50103E-01  9.47460E-01  9.44723E-01
  9.41710E-01  9.38718E-01  9.37224E-01  9.32124E-01  9.27093E-01  9.21965E-01
  9.16625E-01  9.11531E-01  9.06409E-01  9.01338E-01  8.96210E-01  8.86256E-01
  8.76650E-01  8.66948E-01  8.57883E-01  8.48580E-01  8.39570E-01  8.30514E-01
  8.21900E-01  8.04531E-01  7.87579E-01  7.71181E-01  7.54985E-01  7.39096E-01
  7.23692E-01  7.08623E-01  6.94217E-01  6.66028E-01  6.39800E-01  6.14286E-01
  5.90378E-01  5.67030E-01  5.44462E-01  5.23408E-01  5.03496E-01  4.64886E-01
  4.30504E-01  3.99476E-01  3.70805E-01  3.44146E-01  3.20020E-01  2.98147E-01
  2.77812E-01  2.40143E-01  2.06672E-01  1.78511E-01  1.54891E-01  1.36054E-01
  1.22439E-01  1.08269E-01  9.04510E-02  6.36981E-02  4.30608E-02  2.72832E-02
  1.78209E-02  1.27498E-02  1.00203E-02  8.56284E-03  5.02665E-03  9.28724E-04
 -7.97440E-04 -2.32601E-04 -1.34733E-03  9.86657E-03  2.15913E-02  2.86410E-02
  3.19632E-02  2.73022E-02  1.36652E-02 -1.16939E-03 -9.36312E-03 -8.91654E-03
 -8.88958E-03 -2.21511E-03  4.70253E-03 -2.59689E-02 -4.09992E-02 -3.22746E-02
 -2.44800E-02 -1.01047E-02 -1.07016E-02 -1.98174E-02 -1.30513E-02 -2.08981E-02
 -1.13175E-02  1.56035E-02  3.38828E-03  7.97132E-03 -4.42985E-03 -7.71176E-04
 -3.11769E-02 -2.41467E-02  1.48600E-02  3.54250E-02  2.93754E-02 -7.01358E-03
 -1.85552E-02 -2.97236E-02
