AutoSaveFileName0070.ASC
 IFORMY    0    .00
 (6E13.7)
 IFORMT    0    .00
 (6E13.7)
 IFORMW    0    .00
 (6E13.7)
 NINTT     0   -1.00
 DOUSNQ    0    1.00
 IQUAD          1.00
 PRWT      0    1.00
 PRY       0    1.00
 IPLRES    1    3.00
 IPLRES    2    3.00
 IPRINT    1    0.00
 IPRINT    2    2.00
 IPLFIT    1    0.00
 IPLFIT    2    0.00
 LINEPG    0   50.
 NONNEG    1    1.00
 IWT       0    5.00
 NQPROG    1    5.00
 NQPROG    2    5.00
 GMNMX     1    3.836E-05
 GMNMX     2    3.836E-02
 RUSER    10    -1.00
 NG        0    200.00
 NLINF     0    0.00
 IUSER    10    4.00
 RUSER    21    1.0
 RUSER    22   -1.0
 RUSER    23    0.0
 RUSER    18         292.18262
 RUSER    17         49.99800
 RUSER    19         1.02585
 RUSER    15         1.33200
 RUSER    16         632.80000
 RUSER    25         1
 RUSER    26         0
 END       0    0.00
 NY      188
  5.00000E-07  6.25000E-07  7.50000E-07  8.75000E-07  1.00000E-06  1.12500E-06
  1.25000E-06  1.37500E-06  1.50000E-06  1.62500E-06  1.75000E-06  1.87500E-06
  2.00000E-06  2.25000E-06  2.50000E-06  2.75000E-06  3.00000E-06  3.25000E-06
  3.50000E-06  3.75000E-06  4.00000E-06  4.50000E-06  5.00000E-06  5.50000E-06
  6.00000E-06  6.50000E-06  7.00000E-06  7.50000E-06  8.00000E-06  9.00000E-06
  1.00000E-05  1.10000E-05  1.20000E-05  1.30000E-05  1.40000E-05  1.50000E-05
  1.60000E-05  1.80000E-05  2.00000E-05  2.20000E-05  2.40000E-05  2.60000E-05
  2.80000E-05  3.00000E-05  3.20000E-05  3.60000E-05  4.00000E-05  4.40000E-05
  4.80000E-05  5.20000E-05  5.60000E-05  6.00000E-05  6.40000E-05  7.20000E-05
  8.00000E-05  8.80000E-05  9.60000E-05  1.04000E-04  1.12000E-04  1.20000E-04
  1.28000E-04  1.44000E-04  1.60000E-04  1.76000E-04  1.92000E-04  2.08000E-04
  2.24000E-04  2.40000E-04  2.56000E-04  2.88000E-04  3.20000E-04  3.52000E-04
  3.84000E-04  4.16000E-04  4.48000E-04  4.80000E-04  5.12000E-04  5.76000E-04
  6.40000E-04  7.04000E-04  7.68000E-04  8.32000E-04  8.96000E-04  9.60000E-04
  1.02400E-03  1.15200E-03  1.28000E-03  1.40800E-03  1.53600E-03  1.66400E-03
  1.79200E-03  1.92000E-03  2.01600E-03  2.27200E-03  2.52800E-03  2.78400E-03
  3.04000E-03  3.29600E-03  3.55200E-03  3.80800E-03  4.06400E-03  4.57600E-03
  5.08800E-03  5.60000E-03  6.11200E-03  6.62400E-03  7.13600E-03  7.64800E-03
  8.16000E-03  9.18400E-03  1.02080E-02  1.12320E-02  1.22560E-02  1.32800E-02
  1.43040E-02  1.53280E-02  1.63520E-02  1.84000E-02  2.04480E-02  2.24960E-02
  2.45440E-02  2.65920E-02  2.86400E-02  3.06880E-02  3.27360E-02  3.68320E-02
  4.09280E-02  4.50240E-02  4.91200E-02  5.32160E-02  5.73120E-02  6.14080E-02
  6.55040E-02  7.36960E-02  8.18880E-02  9.00800E-02  9.82720E-02  1.06464E-01
  1.14656E-01  1.22848E-01  1.31040E-01  1.47424E-01  1.63808E-01  1.80192E-01
  1.96576E-01  2.12960E-01  2.29344E-01  2.45728E-01  2.62112E-01  2.94880E-01
  3.27648E-01  3.60416E-01  3.93184E-01  4.25952E-01  4.58720E-01  4.91488E-01
  5.24256E-01  5.89792E-01  6.55328E-01  7.20864E-01  7.86400E-01  8.51936E-01
  9.17472E-01  9.83008E-01  1.04854E+00  1.17962E+00  1.31069E+00  1.44176E+00
  1.57283E+00  1.70390E+00  1.83498E+00  1.96605E+00  2.09712E+00  2.35926E+00
  2.62141E+00  2.88355E+00  3.14570E+00  3.40784E+00  3.66998E+00  3.93213E+00
  4.19427E+00  4.71856E+00  5.24285E+00  5.76714E+00  6.29142E+00  6.81571E+00
  7.34000E+00  7.86429E+00
  9.92024E-01  9.94853E-01  9.92818E-01  9.92028E-01  9.91954E-01  9.90921E-01
  9.90961E-01  9.91862E-01  9.93949E-01  9.92720E-01  9.93014E-01  9.91535E-01
  9.90679E-01  9.90902E-01  9.91866E-01  9.91328E-01  9.91338E-01  9.93150E-01
  9.92320E-01  9.90951E-01  9.90488E-01  9.91493E-01  9.91260E-01  9.90945E-01
  9.90845E-01  9.90629E-01  9.91327E-01  9.90574E-01  9.91170E-01  9.91155E-01
  9.91007E-01  9.91305E-01  9.90548E-01  9.90557E-01  9.90836E-01  9.89829E-01
  9.89229E-01  9.90370E-01  9.90016E-01  9.90051E-01  9.89836E-01  9.89508E-01
  9.89705E-01  9.88735E-01  9.88733E-01  9.88720E-01  9.88451E-01  9.87638E-01
  9.87476E-01  9.87073E-01  9.87111E-01  9.86646E-01  9.85963E-01  9.85198E-01
  9.84726E-01  9.83674E-01  9.82847E-01  9.82396E-01  9.81574E-01  9.81190E-01
  9.80180E-01  9.78624E-01  9.77183E-01  9.75785E-01  9.74273E-01  9.72826E-01
  9.71401E-01  9.69838E-01  9.68361E-01  9.65263E-01  9.62429E-01  9.59702E-01
  9.56828E-01  9.53884E-01  9.51168E-01  9.48346E-01  9.45989E-01  9.40213E-01
  9.34762E-01  9.29260E-01  9.23735E-01  9.18113E-01  9.12640E-01  9.07109E-01
  9.02346E-01  8.91715E-01  8.81227E-01  8.70885E-01  8.60692E-01  8.50603E-01
  8.40506E-01  8.30584E-01  8.24980E-01  8.05510E-01  7.86365E-01  7.67755E-01
  7.49726E-01  7.32249E-01  7.15205E-01  6.98852E-01  6.82882E-01  6.52314E-01
  6.23722E-01  5.97059E-01  5.72170E-01  5.48804E-01  5.26783E-01  5.06357E-01
  4.86330E-01  4.48486E-01  4.14821E-01  3.83412E-01  3.54949E-01  3.27926E-01
  3.02752E-01  2.80608E-01  2.59138E-01  2.20263E-01  1.83417E-01  1.52078E-01
  1.30383E-01  1.15657E-01  1.05519E-01  9.74646E-02  9.08599E-02  8.22992E-02
  7.15047E-02  5.67002E-02  4.28752E-02  3.00138E-02  1.74760E-02  3.48910E-03
  3.80941E-03  1.72933E-02  3.13016E-02  2.68636E-02  1.31714E-02 -5.00579E-03
 -8.72573E-03 -2.07614E-02 -3.09025E-02 -6.68780E-03 -7.15683E-03 -1.03497E-02
 -9.45068E-03 -1.96570E-02 -1.38744E-02  2.27422E-03 -5.42266E-03  2.87699E-04
 -3.22823E-04 -2.64729E-02 -2.47357E-02 -2.73656E-02  5.02922E-03  3.50210E-02
  1.13840E-02  2.29183E-02  1.81944E-02  1.30130E-02  1.56875E-02 -2.66486E-02
 -8.05983E-04  6.23109E-03 -2.35769E-03  3.63690E-03  4.07989E-03 -2.05643E-03
  2.09093E-02  1.71640E-03 -1.28904E-02 -2.85887E-03 -1.79708E-03  8.53302E-03
 -2.85068E-03 -5.37356E-03 -1.25052E-02 -6.59347E-03 -2.83935E-03 -1.79163E-03
 -5.14221E-03  3.03608E-04  3.91927E-03  5.74974E-03 -1.36170E-03 -2.84230E-03
 -9.54100E-04 -1.18850E-02
