AutoSaveFileName0139.ASC
 IFORMY    0    .00
 (6E13.7)
 IFORMT    0    .00
 (6E13.7)
 IFORMW    0    .00
 (6E13.7)
 NINTT     0   -1.00
 DOUSNQ    0    1.00
 IQUAD          1.00
 PRWT      0    1.00
 PRY       0    1.00
 IPLRES    1    3.00
 IPLRES    2    3.00
 IPRINT    1    0.00
 IPRINT    2    2.00
 IPLFIT    1    0.00
 IPLFIT    2    0.00
 LINEPG    0   50.
 NONNEG    1    1.00
 IWT       0    5.00
 NQPROG    1    5.00
 NQPROG    2    5.00
 GMNMX     1    2.678E-05
 GMNMX     2    2.678E-02
 RUSER    10    -1.00
 NG        0    200.00
 NLINF     0    0.00
 IUSER    10    4.00
 RUSER    21    1.0
 RUSER    22   -1.0
 RUSER    23    0.0
 RUSER    18         291.94120
 RUSER    17         60.99900
 RUSER    19         1.03200
 RUSER    15         1.33200
 RUSER    16         632.80000
 RUSER    25         1
 RUSER    26         0
 END       0    0.00
 NY      131
  3.75000E-07  5.00000E-07  6.25000E-07  7.50000E-07  8.75000E-07  1.00000E-06
  1.12500E-06  1.25000E-06  1.37500E-06  1.50000E-06  1.62500E-06  1.75000E-06
  1.87500E-06  2.00000E-06  2.25000E-06  2.50000E-06  2.75000E-06  3.00000E-06
  3.25000E-06  3.50000E-06  3.75000E-06  4.00000E-06  4.50000E-06  5.00000E-06
  5.50000E-06  6.00000E-06  6.50000E-06  7.00000E-06  7.50000E-06  8.00000E-06
  9.00000E-06  1.00000E-05  1.10000E-05  1.20000E-05  1.30000E-05  1.40000E-05
  1.50000E-05  1.60000E-05  1.80000E-05  2.00000E-05  2.20000E-05  2.40000E-05
  2.60000E-05  2.80000E-05  3.00000E-05  3.20000E-05  3.60000E-05  4.00000E-05
  4.40000E-05  4.80000E-05  5.20000E-05  5.60000E-05  6.00000E-05  6.40000E-05
  7.20000E-05  8.00000E-05  8.80000E-05  9.60000E-05  1.04000E-04  1.12000E-04
  1.20000E-04  1.28000E-04  1.44000E-04  1.60000E-04  1.76000E-04  1.92000E-04
  2.08000E-04  2.24000E-04  2.40000E-04  2.56000E-04  2.88000E-04  3.20000E-04
  3.52000E-04  3.84000E-04  4.16000E-04  4.48000E-04  4.80000E-04  5.12000E-04
  5.76000E-04  6.40000E-04  7.04000E-04  7.68000E-04  8.32000E-04  8.96000E-04
  9.60000E-04  1.02400E-03  1.15200E-03  1.28000E-03  1.40800E-03  1.53600E-03
  1.66400E-03  1.79200E-03  1.92000E-03  2.01600E-03  2.27200E-03  2.52800E-03
  2.78400E-03  3.04000E-03  3.29600E-03  3.55200E-03  3.80800E-03  4.06400E-03
  4.57600E-03  5.08800E-03  5.60000E-03  6.11200E-03  6.62400E-03  7.13600E-03
  7.64800E-03  8.16000E-03  9.18400E-03  1.02080E-02  1.12320E-02  1.22560E-02
  1.32800E-02  1.43040E-02  1.53280E-02  1.63520E-02  1.84000E-02  2.04480E-02
  2.24960E-02  2.45440E-02  2.65920E-02  2.86400E-02  3.06880E-02  3.27360E-02
  3.68320E-02  4.09280E-02  4.50240E-02  4.91200E-02  5.32160E-02
  1.59183E+00  1.59450E+00  1.59321E+00  1.59077E+00  1.58708E+00  1.58963E+00
  1.58660E+00  1.58620E+00  1.58909E+00  1.58634E+00  1.58555E+00  1.57918E+00
  1.58556E+00  1.58424E+00  1.58526E+00  1.58375E+00  1.58408E+00  1.58360E+00
  1.58605E+00  1.58568E+00  1.58146E+00  1.58362E+00  1.58272E+00  1.58234E+00
  1.58162E+00  1.58163E+00  1.58179E+00  1.58215E+00  1.58084E+00  1.58203E+00
  1.58054E+00  1.58078E+00  1.58015E+00  1.58017E+00  1.57873E+00  1.58041E+00
  1.57840E+00  1.57914E+00  1.57696E+00  1.57607E+00  1.57629E+00  1.57527E+00
  1.57463E+00  1.57330E+00  1.57254E+00  1.57189E+00  1.56991E+00  1.56829E+00
  1.56702E+00  1.56501E+00  1.56377E+00  1.56194E+00  1.56138E+00  1.55881E+00
  1.55567E+00  1.55240E+00  1.54973E+00  1.54539E+00  1.54263E+00  1.53943E+00
  1.53663E+00  1.53311E+00  1.52656E+00  1.52003E+00  1.51376E+00  1.50738E+00
  1.50116E+00  1.49466E+00  1.48840E+00  1.48216E+00  1.46992E+00  1.45771E+00
  1.44580E+00  1.43347E+00  1.42164E+00  1.40992E+00  1.39807E+00  1.38672E+00
  1.36396E+00  1.34159E+00  1.31956E+00  1.29770E+00  1.27611E+00  1.25524E+00
  1.23457E+00  1.16008E+00  1.12170E+00  1.08441E+00  1.04794E+00  1.01284E+00
  9.78531E-01  9.45445E-01  9.13467E-01  9.33832E-01  8.72314E-01  8.14542E-01
  7.60799E-01  7.10971E-01  6.64118E-01  6.20446E-01  5.79370E-01  5.40804E-01
  4.69263E-01  4.07828E-01  3.54990E-01  3.08320E-01  2.68346E-01  2.31908E-01
  2.00902E-01  1.77861E-01  1.43254E-01  1.21984E-01  1.07080E-01  9.25490E-02
  7.88551E-02  6.84452E-02  6.08661E-02  5.16218E-02  3.28202E-02  1.05222E-02
  9.38219E-05  4.66649E-03  1.09468E-02  2.19095E-02  1.92764E-02  9.96241E-03
 -1.42276E-02 -2.00644E-02 -7.63719E-04  3.08264E-04 -2.62889E-02
