AutoSaveFileName0151.ASC
 IFORMY    0    .00
 (6E13.7)
 IFORMT    0    .00
 (6E13.7)
 IFORMW    0    .00
 (6E13.7)
 NINTT     0   -1.00
 DOUSNQ    0    1.00
 IQUAD          1.00
 PRWT      0    1.00
 PRY       0    1.00
 IPLRES    1    3.00
 IPLRES    2    3.00
 IPRINT    1    0.00
 IPRINT    2    2.00
 IPLFIT    1    0.00
 IPLFIT    2    0.00
 LINEPG    0   50.
 NONNEG    1    1.00
 IWT       0    5.00
 NQPROG    1    5.00
 NQPROG    2    5.00
 GMNMX     1    2.388E-05
 GMNMX     2    2.388E-02
 RUSER    10    -1.00
 NG        0    200.00
 NLINF     0    0.00
 IUSER    10    4.00
 RUSER    21    1.0
 RUSER    22   -1.0
 RUSER    23    0.0
 RUSER    18         291.95735
 RUSER    17         64.99900
 RUSER    19         1.03159
 RUSER    15         1.33200
 RUSER    16         632.80000
 RUSER    25         1
 RUSER    26         0
 END       0    0.00
 NY      131
  3.75000E-07  5.00000E-07  6.25000E-07  7.50000E-07  8.75000E-07  1.00000E-06
  1.12500E-06  1.25000E-06  1.37500E-06  1.50000E-06  1.62500E-06  1.75000E-06
  1.87500E-06  2.00000E-06  2.25000E-06  2.50000E-06  2.75000E-06  3.00000E-06
  3.25000E-06  3.50000E-06  3.75000E-06  4.00000E-06  4.50000E-06  5.00000E-06
  5.50000E-06  6.00000E-06  6.50000E-06  7.00000E-06  7.50000E-06  8.00000E-06
  9.00000E-06  1.00000E-05  1.10000E-05  1.20000E-05  1.30000E-05  1.40000E-05
  1.50000E-05  1.60000E-05  1.80000E-05  2.00000E-05  2.20000E-05  2.40000E-05
  2.60000E-05  2.80000E-05  3.00000E-05  3.20000E-05  3.60000E-05  4.00000E-05
  4.40000E-05  4.80000E-05  5.20000E-05  5.60000E-05  6.00000E-05  6.40000E-05
  7.20000E-05  8.00000E-05  8.80000E-05  9.60000E-05  1.04000E-04  1.12000E-04
  1.20000E-04  1.28000E-04  1.44000E-04  1.60000E-04  1.76000E-04  1.92000E-04
  2.08000E-04  2.24000E-04  2.40000E-04  2.56000E-04  2.88000E-04  3.20000E-04
  3.52000E-04  3.84000E-04  4.16000E-04  4.48000E-04  4.80000E-04  5.12000E-04
  5.76000E-04  6.40000E-04  7.04000E-04  7.68000E-04  8.32000E-04  8.96000E-04
  9.60000E-04  1.02400E-03  1.15200E-03  1.28000E-03  1.40800E-03  1.53600E-03
  1.66400E-03  1.79200E-03  1.92000E-03  2.01600E-03  2.27200E-03  2.52800E-03
  2.78400E-03  3.04000E-03  3.29600E-03  3.55200E-03  3.80800E-03  4.06400E-03
  4.57600E-03  5.08800E-03  5.60000E-03  6.11200E-03  6.62400E-03  7.13600E-03
  7.64800E-03  8.16000E-03  9.18400E-03  1.02080E-02  1.12320E-02  1.22560E-02
  1.32800E-02  1.43040E-02  1.53280E-02  1.63520E-02  1.84000E-02  2.04480E-02
  2.24960E-02  2.45440E-02  2.65920E-02  2.86400E-02  3.06880E-02  3.27360E-02
  3.68320E-02  4.09280E-02  4.50240E-02  4.91200E-02  5.32160E-02
  1.69994E+00  1.70273E+00  1.69379E+00  1.69568E+00  1.69497E+00  1.69066E+00
  1.68640E+00  1.69473E+00  1.68597E+00  1.68421E+00  1.68832E+00  1.69075E+00
  1.68780E+00  1.68958E+00  1.68605E+00  1.68772E+00  1.68853E+00  1.67995E+00
  1.69199E+00  1.68946E+00  1.68868E+00  1.68861E+00  1.68693E+00  1.68747E+00
  1.68601E+00  1.68920E+00  1.68408E+00  1.68495E+00  1.68731E+00  1.68521E+00
  1.68598E+00  1.68610E+00  1.68378E+00  1.68171E+00  1.68375E+00  1.68188E+00
  1.68167E+00  1.68078E+00  1.68123E+00  1.68037E+00  1.67835E+00  1.67753E+00
  1.67665E+00  1.67699E+00  1.67517E+00  1.67409E+00  1.67242E+00  1.67063E+00
  1.67033E+00  1.66898E+00  1.66564E+00  1.66344E+00  1.66152E+00  1.66021E+00
  1.65657E+00  1.65251E+00  1.64886E+00  1.64598E+00  1.64244E+00  1.63891E+00
  1.63546E+00  1.63185E+00  1.62475E+00  1.61714E+00  1.61028E+00  1.60401E+00
  1.59752E+00  1.59031E+00  1.58358E+00  1.57650E+00  1.56357E+00  1.55040E+00
  1.53720E+00  1.52442E+00  1.51118E+00  1.49817E+00  1.48563E+00  1.47289E+00
  1.44789E+00  1.42377E+00  1.39990E+00  1.37625E+00  1.35330E+00  1.33079E+00
  1.30850E+00  1.28617E+00  1.24368E+00  1.20242E+00  1.16306E+00  1.12556E+00
  1.08888E+00  1.05413E+00  1.02058E+00  9.97937E-01  9.36895E-01  8.78880E-01
  8.24513E-01  7.74434E-01  7.27090E-01  6.83168E-01  6.41568E-01  6.03296E-01
  5.33417E-01  4.70238E-01  4.14645E-01  3.67123E-01  3.27946E-01  2.95326E-01
  2.66674E-01  2.42692E-01  2.00402E-01  1.64925E-01  1.38052E-01  1.15213E-01
  9.41023E-02  8.03059E-02  6.88776E-02  5.97917E-02  5.01032E-02  3.97032E-02
  3.38151E-02  2.46222E-02  2.15683E-02  9.80473E-03 -1.51282E-03 -8.31107E-03
 -1.21408E-02 -1.91867E-02 -1.18984E-02 -1.81282E-03  1.24474E-02
