AutoSaveFileName0174.ASC
 IFORMY    0    .00
 (6E13.7)
 IFORMT    0    .00
 (6E13.7)
 IFORMW    0    .00
 (6E13.7)
 NINTT     0   -1.00
 DOUSNQ    0    1.00
 IQUAD          1.00
 PRWT      0    1.00
 PRY       0    1.00
 IPLRES    1    3.00
 IPLRES    2    3.00
 IPRINT    1    0.00
 IPRINT    2    2.00
 IPLFIT    1    0.00
 IPLFIT    2    0.00
 LINEPG    0   50.
 NONNEG    1    1.00
 IWT       0    5.00
 NQPROG    1    5.00
 NQPROG    2    5.00
 GMNMX     1    1.172E-05
 GMNMX     2    3.517E-03
 RUSER    10    -1.00
 NG        0    200.00
 NLINF     0    0.00
 IUSER    10    4.00
 RUSER    21    1.0
 RUSER    22   -1.0
 RUSER    23    0.0
 RUSER    18         292.03470
 RUSER    17         99.99900
 RUSER    19         0.00103
 RUSER    15         1.33200
 RUSER    16         0.00000
 RUSER    25         1
 RUSER    26         0
 END       0    0.00
 NY      131
  3.75000E-07  5.00000E-07  6.25000E-07  7.50000E-07  8.75000E-07  1.00000E-06
  1.12500E-06  1.25000E-06  1.37500E-06  1.50000E-06  1.62500E-06  1.75000E-06
  1.87500E-06  2.00000E-06  2.25000E-06  2.50000E-06  2.75000E-06  3.00000E-06
  3.25000E-06  3.50000E-06  3.75000E-06  4.00000E-06  4.50000E-06  5.00000E-06
  5.50000E-06  6.00000E-06  6.50000E-06  7.00000E-06  7.50000E-06  8.00000E-06
  9.00000E-06  1.00000E-05  1.10000E-05  1.20000E-05  1.30000E-05  1.40000E-05
  1.50000E-05  1.60000E-05  1.80000E-05  2.00000E-05  2.20000E-05  2.40000E-05
  2.60000E-05  2.80000E-05  3.00000E-05  3.20000E-05  3.60000E-05  4.00000E-05
  4.40000E-05  4.80000E-05  5.20000E-05  5.60000E-05  6.00000E-05  6.40000E-05
  7.20000E-05  8.00000E-05  8.80000E-05  9.60000E-05  1.04000E-04  1.12000E-04
  1.20000E-04  1.28000E-04  1.44000E-04  1.60000E-04  1.76000E-04  1.92000E-04
  2.08000E-04  2.24000E-04  2.40000E-04  2.56000E-04  2.88000E-04  3.20000E-04
  3.52000E-04  3.84000E-04  4.16000E-04  4.48000E-04  4.80000E-04  5.12000E-04
  5.76000E-04  6.40000E-04  7.04000E-04  7.68000E-04  8.32000E-04  8.96000E-04
  9.60000E-04  1.02400E-03  1.15200E-03  1.28000E-03  1.40800E-03  1.53600E-03
  1.66400E-03  1.79200E-03  1.92000E-03  2.01600E-03  2.27200E-03  2.52800E-03
  2.78400E-03  3.04000E-03  3.29600E-03  3.55200E-03  3.80800E-03  4.06400E-03
  4.57600E-03  5.08800E-03  5.60000E-03  6.11200E-03  6.62400E-03  7.13600E-03
  7.64800E-03  8.16000E-03  9.18400E-03  1.02080E-02  1.12320E-02  1.22560E-02
  1.32800E-02  1.43040E-02  1.53280E-02  1.63520E-02  1.84000E-02  2.04480E-02
  2.24960E-02  2.45440E-02  2.65920E-02  2.86400E-02  3.06880E-02  3.27360E-02
  3.68320E-02  4.09280E-02  4.50240E-02  4.91200E-02  5.32160E-02
  5.31071E+00  5.30887E+00  5.28995E+00  5.28811E+00  5.28471E+00  5.24607E+00
  5.26690E+00  5.24889E+00  5.26333E+00  5.24845E+00  5.24925E+00  5.24030E+00
  5.25948E+00  5.24983E+00  5.24311E+00  5.22817E+00  5.23605E+00  5.22748E+00
  5.22461E+00  5.22482E+00  5.21233E+00  5.20121E+00  5.21048E+00  5.19046E+00
  5.18532E+00  5.17712E+00  5.16817E+00  5.16590E+00  5.15613E+00  5.14472E+00
  5.12984E+00  5.11241E+00  5.09852E+00  5.08266E+00  5.07186E+00  5.04612E+00
  5.03609E+00  5.01893E+00  4.98586E+00  4.95951E+00  4.92496E+00  4.89247E+00
  4.86733E+00  4.83280E+00  4.80055E+00  4.77616E+00  4.71923E+00  4.66004E+00
  4.60277E+00  4.54836E+00  4.49233E+00  4.43856E+00  4.38489E+00  4.33390E+00
  4.23210E+00  4.13145E+00  4.03827E+00  3.94546E+00  3.85651E+00  3.76996E+00
  3.68375E+00  3.60229E+00  3.44701E+00  3.30113E+00  3.16259E+00  3.03228E+00
  2.91125E+00  2.79576E+00  2.68883E+00  2.58891E+00  2.40688E+00  2.24453E+00
  2.10406E+00  1.97711E+00  1.86703E+00  1.76871E+00  1.68086E+00  1.60458E+00
  1.47216E+00  1.37012E+00  1.29247E+00  1.23220E+00  1.18488E+00  1.14749E+00
  1.11818E+00  1.09491E+00  1.05746E+00  1.03312E+00  1.01813E+00  1.01261E+00
  1.01115E+00  1.00760E+00  1.00442E+00  1.00053E+00  9.99435E-01  9.97655E-01
  9.96178E-01  9.94848E-01  9.95065E-01  9.94864E-01  1.00463E+00  1.00481E+00
  1.00209E+00  9.98461E-01  9.95743E-01  9.91439E-01  9.93509E-01  9.97961E-01
  9.94564E-01  9.98692E-01  9.93780E-01  9.96909E-01  1.00917E+00  1.00620E+00
  1.00140E+00  9.96016E-01  9.93744E-01  9.98481E-01  1.00073E+00  9.94923E-01
  9.94505E-01  9.97971E-01  9.95541E-01  9.95263E-01  9.98219E-01  9.99396E-01
  1.00448E+00  1.00909E+00  1.00428E+00  1.00426E+00  9.99156E-01
