AutoSaveFileName0180.ASC
 IFORMY    0    .00
 (6E13.7)
 IFORMT    0    .00
 (6E13.7)
 IFORMW    0    .00
 (6E13.7)
 NINTT     0   -1.00
 DOUSNQ    0    1.00
 IQUAD          1.00
 PRWT      0    1.00
 PRY       0    1.00
 IPLRES    1    3.00
 IPLRES    2    3.00
 IPRINT    1    0.00
 IPRINT    2    2.00
 IPLFIT    1    0.00
 IPLFIT    2    0.00
 LINEPG    0   50.
 NONNEG    1    1.00
 IWT       0    5.00
 NQPROG    1    5.00
 NQPROG    2    5.00
 GMNMX     1    1.858E-05
 GMNMX     2    1.858E-02
 RUSER    10    -1.00
 NG        0    200.00
 NLINF     0    0.00
 IUSER    10    4.00
 RUSER    21    1.0
 RUSER    22   -1.0
 RUSER    23    0.0
 RUSER    18         291.99877
 RUSER    17         74.99900
 RUSER    19         1.03053
 RUSER    15         1.33200
 RUSER    16         632.80000
 RUSER    25         1
 RUSER    26         0
 END       0    0.00
 NY      131
  3.75000E-07  5.00000E-07  6.25000E-07  7.50000E-07  8.75000E-07  1.00000E-06
  1.12500E-06  1.25000E-06  1.37500E-06  1.50000E-06  1.62500E-06  1.75000E-06
  1.87500E-06  2.00000E-06  2.25000E-06  2.50000E-06  2.75000E-06  3.00000E-06
  3.25000E-06  3.50000E-06  3.75000E-06  4.00000E-06  4.50000E-06  5.00000E-06
  5.50000E-06  6.00000E-06  6.50000E-06  7.00000E-06  7.50000E-06  8.00000E-06
  9.00000E-06  1.00000E-05  1.10000E-05  1.20000E-05  1.30000E-05  1.40000E-05
  1.50000E-05  1.60000E-05  1.80000E-05  2.00000E-05  2.20000E-05  2.40000E-05
  2.60000E-05  2.80000E-05  3.00000E-05  3.20000E-05  3.60000E-05  4.00000E-05
  4.40000E-05  4.80000E-05  5.20000E-05  5.60000E-05  6.00000E-05  6.40000E-05
  7.20000E-05  8.00000E-05  8.80000E-05  9.60000E-05  1.04000E-04  1.12000E-04
  1.20000E-04  1.28000E-04  1.44000E-04  1.60000E-04  1.76000E-04  1.92000E-04
  2.08000E-04  2.24000E-04  2.40000E-04  2.56000E-04  2.88000E-04  3.20000E-04
  3.52000E-04  3.84000E-04  4.16000E-04  4.48000E-04  4.80000E-04  5.12000E-04
  5.76000E-04  6.40000E-04  7.04000E-04  7.68000E-04  8.32000E-04  8.96000E-04
  9.60000E-04  1.02400E-03  1.15200E-03  1.28000E-03  1.40800E-03  1.53600E-03
  1.66400E-03  1.79200E-03  1.92000E-03  2.01600E-03  2.27200E-03  2.52800E-03
  2.78400E-03  3.04000E-03  3.29600E-03  3.55200E-03  3.80800E-03  4.06400E-03
  4.57600E-03  5.08800E-03  5.60000E-03  6.11200E-03  6.62400E-03  7.13600E-03
  7.64800E-03  8.16000E-03  9.18400E-03  1.02080E-02  1.12320E-02  1.22560E-02
  1.32800E-02  1.43040E-02  1.53280E-02  1.63520E-02  1.84000E-02  2.04480E-02
  2.24960E-02  2.45440E-02  2.65920E-02  2.86400E-02  3.06880E-02  3.27360E-02
  3.68320E-02  4.09280E-02  4.50240E-02  4.91200E-02  5.32160E-02
  6.81529E-01  6.81277E-01  6.80436E-01  6.80315E-01  6.80386E-01  6.79852E-01
  6.80718E-01  6.79965E-01  6.79007E-01  6.79502E-01  6.78795E-01  6.78327E-01
  6.79271E-01  6.79316E-01  6.80242E-01  6.78961E-01  6.79396E-01  6.78857E-01
  6.79086E-01  6.79711E-01  6.79311E-01  6.79054E-01  6.78866E-01  6.78978E-01
  6.78597E-01  6.78394E-01  6.78024E-01  6.78323E-01  6.78602E-01  6.77985E-01
  6.78205E-01  6.77925E-01  6.77556E-01  6.77277E-01  6.76995E-01  6.76770E-01
  6.76350E-01  6.76397E-01  6.76092E-01  6.75422E-01  6.75084E-01  6.74549E-01
  6.74267E-01  6.73928E-01  6.73436E-01  6.72914E-01  6.72006E-01  6.71255E-01
  6.70520E-01  6.69514E-01  6.68778E-01  6.67914E-01  6.66977E-01  6.65960E-01
  6.64197E-01  6.62626E-01  6.60773E-01  6.59185E-01  6.57394E-01  6.55628E-01
  6.54087E-01  6.52320E-01  6.49016E-01  6.45721E-01  6.42374E-01  6.39049E-01
  6.35753E-01  6.32493E-01  6.29183E-01  6.25762E-01  6.19399E-01  6.13128E-01
  6.06825E-01  6.00654E-01  5.94598E-01  5.88541E-01  5.82569E-01  5.76393E-01
  5.64994E-01  5.53777E-01  5.42797E-01  5.32116E-01  5.21704E-01  5.11529E-01
  5.01769E-01  4.91990E-01  4.73537E-01  4.55912E-01  4.38779E-01  4.22393E-01
  4.06659E-01  3.91407E-01  3.76677E-01  3.67193E-01  3.40593E-01  3.15928E-01
  2.92982E-01  2.71547E-01  2.51841E-01  2.33473E-01  2.16218E-01  2.00488E-01
  1.72027E-01  1.46612E-01  1.23265E-01  1.03828E-01  8.77395E-02  7.41723E-02
  6.27316E-02  5.26281E-02  3.76546E-02  2.57933E-02  1.81537E-02  1.31099E-02
  1.16920E-02  1.22681E-02  1.37473E-02  1.78028E-02  2.55947E-02  2.43491E-02
  1.37379E-02  6.56322E-04 -2.82696E-03 -3.67278E-03  4.03725E-04 -1.17413E-03
 -1.54365E-03 -2.02376E-03 -3.84625E-03 -7.19550E-03 -3.08881E-03
