AutoSaveFileName0190.ASC
 IFORMY    0    .00
 (6E13.7)
 IFORMT    0    .00
 (6E13.7)
 IFORMW    0    .00
 (6E13.7)
 NINTT     0   -1.00
 DOUSNQ    0    1.00
 IQUAD          1.00
 PRWT      0    1.00
 PRY       0    1.00
 IPLRES    1    3.00
 IPLRES    2    3.00
 IPRINT    1    0.00
 IPRINT    2    2.00
 IPLFIT    1    0.00
 IPLFIT    2    0.00
 LINEPG    0   50.
 NONNEG    1    1.00
 IWT       0    5.00
 NQPROG    1    5.00
 NQPROG    2    5.00
 GMNMX     1    1.020E-05
 GMNMX     2    1.020E-02
 RUSER    10    -1.00
 NG        0    200.00
 NLINF     0    0.00
 IUSER    10    4.00
 RUSER    21    1.0
 RUSER    22   -1.0
 RUSER    23    0.0
 RUSER    18         292.23016
 RUSER    17         109.99900
 RUSER    19         1.02465
 RUSER    15         1.33200
 RUSER    16         632.80000
 RUSER    25         1
 RUSER    26         0
 END       0    0.00
 NY      188
  5.00000E-07  6.25000E-07  7.50000E-07  8.75000E-07  1.00000E-06  1.12500E-06
  1.25000E-06  1.37500E-06  1.50000E-06  1.62500E-06  1.75000E-06  1.87500E-06
  2.00000E-06  2.25000E-06  2.50000E-06  2.75000E-06  3.00000E-06  3.25000E-06
  3.50000E-06  3.75000E-06  4.00000E-06  4.50000E-06  5.00000E-06  5.50000E-06
  6.00000E-06  6.50000E-06  7.00000E-06  7.50000E-06  8.00000E-06  9.00000E-06
  1.00000E-05  1.10000E-05  1.20000E-05  1.30000E-05  1.40000E-05  1.50000E-05
  1.60000E-05  1.80000E-05  2.00000E-05  2.20000E-05  2.40000E-05  2.60000E-05
  2.80000E-05  3.00000E-05  3.20000E-05  3.60000E-05  4.00000E-05  4.40000E-05
  4.80000E-05  5.20000E-05  5.60000E-05  6.00000E-05  6.40000E-05  7.20000E-05
  8.00000E-05  8.80000E-05  9.60000E-05  1.04000E-04  1.12000E-04  1.20000E-04
  1.28000E-04  1.44000E-04  1.60000E-04  1.76000E-04  1.92000E-04  2.08000E-04
  2.24000E-04  2.40000E-04  2.56000E-04  2.88000E-04  3.20000E-04  3.52000E-04
  3.84000E-04  4.16000E-04  4.48000E-04  4.80000E-04  5.12000E-04  5.76000E-04
  6.40000E-04  7.04000E-04  7.68000E-04  8.32000E-04  8.96000E-04  9.60000E-04
  1.02400E-03  1.15200E-03  1.28000E-03  1.40800E-03  1.53600E-03  1.66400E-03
  1.79200E-03  1.92000E-03  2.01600E-03  2.27200E-03  2.52800E-03  2.78400E-03
  3.04000E-03  3.29600E-03  3.55200E-03  3.80800E-03  4.06400E-03  4.57600E-03
  5.08800E-03  5.60000E-03  6.11200E-03  6.62400E-03  7.13600E-03  7.64800E-03
  8.16000E-03  9.18400E-03  1.02080E-02  1.12320E-02  1.22560E-02  1.32800E-02
  1.43040E-02  1.53280E-02  1.63520E-02  1.84000E-02  2.04480E-02  2.24960E-02
  2.45440E-02  2.65920E-02  2.86400E-02  3.06880E-02  3.27360E-02  3.68320E-02
  4.09280E-02  4.50240E-02  4.91200E-02  5.32160E-02  5.73120E-02  6.14080E-02
  6.55040E-02  7.36960E-02  8.18880E-02  9.00800E-02  9.82720E-02  1.06464E-01
  1.14656E-01  1.22848E-01  1.31040E-01  1.47424E-01  1.63808E-01  1.80192E-01
  1.96576E-01  2.12960E-01  2.29344E-01  2.45728E-01  2.62112E-01  2.94880E-01
  3.27648E-01  3.60416E-01  3.93184E-01  4.25952E-01  4.58720E-01  4.91488E-01
  5.24256E-01  5.89792E-01  6.55328E-01  7.20864E-01  7.86400E-01  8.51936E-01
  9.17472E-01  9.83008E-01  1.04854E+00  1.17962E+00  1.31069E+00  1.44176E+00
  1.57283E+00  1.70390E+00  1.83498E+00  1.96605E+00  2.09712E+00  2.35926E+00
  2.62141E+00  2.88355E+00  3.14570E+00  3.40784E+00  3.66998E+00  3.93213E+00
  4.19427E+00  4.71856E+00  5.24285E+00  5.76714E+00  6.29142E+00  6.81571E+00
  7.34000E+00  7.86429E+00
  9.95591E-01  9.84907E-01  9.87279E-01  9.95928E-01  9.92151E-01  9.83067E-01
  9.86325E-01  9.81817E-01  9.83951E-01  9.83067E-01  9.74853E-01  9.90958E-01
  9.87022E-01  9.86214E-01  9.75845E-01  9.80794E-01  9.86699E-01  9.78758E-01
  9.83785E-01  9.81490E-01  9.80879E-01  9.78874E-01  9.78965E-01  9.83680E-01
  9.82276E-01  9.80731E-01  9.80769E-01  9.79358E-01  9.79450E-01  9.82981E-01
  9.83428E-01  9.81162E-01  9.81343E-01  9.77382E-01  9.77853E-01  9.77385E-01
  9.77829E-01  9.79357E-01  9.75142E-01  9.75573E-01  9.74662E-01  9.74024E-01
  9.74433E-01  9.72027E-01  9.74542E-01  9.71268E-01  9.68584E-01  9.68660E-01
  9.66011E-01  9.65626E-01  9.62953E-01  9.62452E-01  9.61902E-01  9.59280E-01
  9.55178E-01  9.53251E-01  9.50443E-01  9.46965E-01  9.45059E-01  9.42602E-01
  9.39783E-01  9.34460E-01  9.28632E-01  9.22676E-01  9.17271E-01  9.12198E-01
  9.06859E-01  9.01355E-01  8.95504E-01  8.84361E-01  8.73993E-01  8.63450E-01
  8.53365E-01  8.43229E-01  8.33789E-01  8.23427E-01  8.13511E-01  7.94502E-01
  7.75158E-01  7.56813E-01  7.38924E-01  7.20670E-01  7.03712E-01  6.86681E-01
  6.70653E-01  6.39456E-01  6.08719E-01  5.79895E-01  5.52496E-01  5.25953E-01
  5.01070E-01  4.77382E-01  4.60071E-01  4.17297E-01  3.78320E-01  3.43596E-01
  3.11588E-01  2.82779E-01  2.58318E-01  2.36187E-01  2.16543E-01  1.81730E-01
  1.52621E-01  1.25823E-01  1.04879E-01  8.80298E-02  7.39451E-02  6.26409E-02
  5.45208E-02  4.40007E-02  3.24170E-02  1.83802E-02  1.03938E-02  9.32980E-03
  1.65002E-02  2.22390E-02  2.00074E-02  1.17861E-02  7.87521E-03  1.00887E-02
  1.05605E-02  1.61148E-02  2.17708E-02  2.45166E-02  1.11729E-02 -1.32698E-02
 -9.29696E-03 -4.14347E-03  5.41277E-03 -7.69643E-03 -7.07912E-03 -1.11690E-02
 -1.60703E-02 -2.02426E-03 -5.43008E-03 -1.43425E-03 -1.91651E-03  8.61885E-03
 -9.90093E-03 -1.62663E-02 -8.14837E-03 -1.44734E-03 -7.80348E-03 -4.06489E-03
 -2.29653E-03  2.31882E-03 -1.61195E-03 -1.46213E-02 -1.25070E-02  9.88766E-04
  7.74894E-03  4.11264E-03  2.81181E-03 -1.61671E-03 -6.25880E-03  4.06335E-03
  2.88416E-03 -4.42327E-03  4.65621E-03 -4.61600E-03 -5.87221E-03  1.40712E-03
  2.57836E-03 -2.98688E-04 -4.73496E-03  4.76665E-03  2.01987E-03 -5.08425E-03
 -1.30235E-03  2.23111E-03  9.83275E-04  2.36425E-03  2.62074E-03 -2.75187E-03
 -3.80553E-03  4.69376E-03  1.43802E-03 -2.19424E-03  2.94688E-03 -4.34731E-03
 -1.09608E-03  1.98932E-03 -8.97834E-04 -1.90123E-03  1.63045E-03  6.23133E-04
 -1.72296E-03  2.09115E-03
