AutoSaveFileName0109.ASC
 IFORMY    0    .00
 (6E13.7)
 IFORMT    0    .00
 (6E13.7)
 IFORMW    0    .00
 (6E13.7)
 NINTT     0   -1.00
 DOUSNQ    0    1.00
 IQUAD     0    1.00
 PRWT      0    1.00
 PRY       0    1.00
 IPLRES    1    3.00
 IPLRES    2    3.00
 IPRINT    1    0.00
 IPRINT    2    2.00
 IPLFIT    1    0.00
 IPLFIT    2    0.00
 LINEPG    0   50.
 NONNEG    1    1.00
 IWT       0    5.00
 NQPROG    1    5.00
 NQPROG    2    5.00
 GMNMX     1    9.31050E-03
 GMNMX     2    3.34223E-03
 RUSER    10    -1.00
 NG        0    500.00
 NLINF     0    1.00
 IUSER    10    4.00
 RUSER    21    1.0
 RUSER    22   -1.0
 RUSER    23    0.0
 RUSER    18         291.97180
 RUSER    17         64.99900
 RUSER    19         1.03122
 RUSER    15         1.33200
 RUSER    16         632.80000
 RUSER    25         1
 RUSER    26         0
 END       0    0.00
 NY      162
  7.50000E-07  8.75000E-07  1.00000E-06  1.12500E-06  1.25000E-06  1.37500E-06
  1.50000E-06  1.62500E-06  1.75000E-06  1.87500E-06  2.00000E-06  2.25000E-06
  2.50000E-06  2.75000E-06  3.00000E-06  3.25000E-06  3.50000E-06  3.75000E-06
  4.00000E-06  4.50000E-06  5.00000E-06  5.50000E-06  6.00000E-06  6.50000E-06
  7.00000E-06  7.50000E-06  8.00000E-06  9.00000E-06  1.00000E-05  1.10000E-05
  1.20000E-05  1.30000E-05  1.40000E-05  1.50000E-05  1.60000E-05  1.80000E-05
  2.00000E-05  2.20000E-05  2.40000E-05  2.60000E-05  2.80000E-05  3.00000E-05
  3.20000E-05  3.60000E-05  4.00000E-05  4.40000E-05  4.80000E-05  5.20000E-05
  5.60000E-05  6.00000E-05  6.40000E-05  7.20000E-05  8.00000E-05  8.80000E-05
  9.60000E-05  1.04000E-04  1.12000E-04  1.20000E-04  1.28000E-04  1.44000E-04
  1.60000E-04  1.76000E-04  1.92000E-04  2.08000E-04  2.24000E-04  2.40000E-04
  2.56000E-04  2.88000E-04  3.20000E-04  3.52000E-04  3.84000E-04  4.16000E-04
  4.48000E-04  4.80000E-04  5.12000E-04  5.76000E-04  6.40000E-04  7.04000E-04
  7.68000E-04  8.32000E-04  8.96000E-04  9.60000E-04  1.02400E-03  1.15200E-03
  1.28000E-03  1.40800E-03  1.53600E-03  1.66400E-03  1.79200E-03  1.92000E-03
  2.01600E-03  2.27200E-03  2.52800E-03  2.78400E-03  3.04000E-03  3.29600E-03
  3.55200E-03  3.80800E-03  4.06400E-03  4.57600E-03  5.08800E-03  5.60000E-03
  6.11200E-03  6.62400E-03  7.13600E-03  7.64800E-03  8.16000E-03  9.18400E-03
  1.02080E-02  1.12320E-02  1.22560E-02  1.32800E-02  1.43040E-02  1.53280E-02
  1.63520E-02  1.84000E-02  2.04480E-02  2.24960E-02  2.45440E-02  2.65920E-02
  2.86400E-02  3.06880E-02  3.27360E-02  3.68320E-02  4.09280E-02  4.50240E-02
  4.91200E-02  5.32160E-02  5.73120E-02  6.14080E-02  6.55040E-02  7.36960E-02
  8.18880E-02  9.00800E-02  9.82720E-02  1.06464E-01  1.14656E-01  1.22848E-01
  1.31040E-01  1.47424E-01  1.63808E-01  1.80192E-01  1.96576E-01  2.12960E-01
  2.29344E-01  2.45728E-01  2.62112E-01  2.94880E-01  3.27648E-01  3.60416E-01
  3.93184E-01  4.25952E-01  4.58720E-01  4.91488E-01  5.24256E-01  5.89792E-01
  6.55328E-01  7.20864E-01  7.86400E-01  8.51936E-01  9.17472E-01  9.83008E-01
  1.00000E+00  9.99064E-01  9.99457E-01  9.95667E-01  9.97039E-01  9.95269E-01
  9.95951E-01  9.92747E-01  9.96691E-01  9.93985E-01  9.93609E-01  9.95479E-01
  9.94475E-01  9.93731E-01  9.93768E-01  9.93326E-01  9.92481E-01  9.90491E-01
  9.90688E-01  9.90152E-01  9.89572E-01  9.89073E-01  9.87262E-01  9.85998E-01
  9.84726E-01  9.84023E-01  9.83536E-01  9.81993E-01  9.80044E-01  9.78299E-01
  9.75540E-01  9.74192E-01  9.72076E-01  9.70844E-01  9.68639E-01  9.64969E-01
  9.61474E-01  9.57679E-01  9.54165E-01  9.50366E-01  9.46955E-01  9.42823E-01
  9.39546E-01  9.32528E-01  9.26010E-01  9.18288E-01  9.11268E-01  9.04488E-01
  8.97923E-01  8.90658E-01  8.84167E-01  8.70908E-01  8.58071E-01  8.44971E-01
  8.32454E-01  8.19680E-01  8.07558E-01  7.95950E-01  7.84092E-01  7.60592E-01
  7.38053E-01  7.16237E-01  6.94998E-01  6.74493E-01  6.54441E-01  6.35438E-01
  6.16921E-01  5.81342E-01  5.47742E-01  5.16333E-01  4.86883E-01  4.58869E-01
  4.32829E-01  4.08189E-01  3.85414E-01  3.42910E-01  3.05368E-01  2.72091E-01
  2.42403E-01  2.16050E-01  1.92560E-01  1.71705E-01  1.53598E-01  1.22125E-01
  9.76791E-02  7.81728E-02  6.24722E-02  4.95946E-02  3.89610E-02  3.04815E-02
  2.59333E-02  1.64751E-02  1.09946E-02  6.68996E-03  3.31014E-03  1.64065E-03
  1.05759E-03  1.08782E-03  1.50526E-03  2.22014E-03  3.58642E-03  4.56352E-03
  2.73131E-03  4.01927E-04  2.51270E-04  1.60027E-03  2.48586E-03  1.72031E-03
 -2.76279E-04  1.29420E-03  2.09617E-03 -2.48591E-04  1.66469E-03  3.40731E-03
  1.65133E-03  2.70814E-03  1.77303E-03 -3.44512E-04 -2.12756E-04  5.25494E-04
  1.82260E-03  6.41150E-04  9.25830E-04  1.25283E-03  2.71431E-04  1.69983E-03
 -4.15802E-04 -1.02438E-04  1.79440E-03 -1.10577E-04  2.24871E-04 -5.01421E-04
  4.62394E-04 -6.62518E-04 -1.03285E-03 -1.13792E-03  1.63891E-04  1.68080E-04
  4.79673E-05 -6.60611E-04 -6.58841E-04 -3.64235E-04  5.06543E-04  1.50903E-04
 -6.52094E-05 -4.46754E-04  2.72501E-04  5.96543E-04 -5.35615E-04 -1.75448E-04
 -4.74032E-04 -4.46358E-04 -7.92257E-04 -3.30568E-04 -2.37176E-04  9.74108E-05
 -2.67003E-04 -1.00093E-04  2.01348E-04  5.06433E-04 -2.00564E-04  7.68190E-05
