AutoSaveFileName0078.ASC
 IFORMY    0    .00
 (6E13.7)
 IFORMT    0    .00
 (6E13.7)
 IFORMW    0    .00
 (6E13.7)
 NINTT     0   -1.00
 DOUSNQ    0    1.00
 IQUAD          1.00
 PRWT      0    1.00
 PRY       0    1.00
 IPLRES    1    3.00
 IPLRES    2    3.00
 IPRINT    1    0.00
 IPRINT    2    2.00
 IPLFIT    1    0.00
 IPLFIT    2    0.00
 LINEPG    0   50.
 NONNEG    1    1.00
 IWT       0    5.00
 NQPROG    1    5.00
 NQPROG    2    5.00
 GMNMX     1    3.836E-05
 GMNMX     2    3.836E-02
 RUSER    10    -1.00
 NG        0    200.00
 NLINF     0    0.00
 IUSER    10    4.00
 RUSER    21    1.0
 RUSER    22   -1.0
 RUSER    23    0.0
 RUSER    18         292.18617
 RUSER    17         49.99800
 RUSER    19         1.02576
 RUSER    15         1.33200
 RUSER    16         632.80000
 RUSER    25         1
 RUSER    26         0
 END       0    0.00
 NY      188
  5.00000E-07  6.25000E-07  7.50000E-07  8.75000E-07  1.00000E-06  1.12500E-06
  1.25000E-06  1.37500E-06  1.50000E-06  1.62500E-06  1.75000E-06  1.87500E-06
  2.00000E-06  2.25000E-06  2.50000E-06  2.75000E-06  3.00000E-06  3.25000E-06
  3.50000E-06  3.75000E-06  4.00000E-06  4.50000E-06  5.00000E-06  5.50000E-06
  6.00000E-06  6.50000E-06  7.00000E-06  7.50000E-06  8.00000E-06  9.00000E-06
  1.00000E-05  1.10000E-05  1.20000E-05  1.30000E-05  1.40000E-05  1.50000E-05
  1.60000E-05  1.80000E-05  2.00000E-05  2.20000E-05  2.40000E-05  2.60000E-05
  2.80000E-05  3.00000E-05  3.20000E-05  3.60000E-05  4.00000E-05  4.40000E-05
  4.80000E-05  5.20000E-05  5.60000E-05  6.00000E-05  6.40000E-05  7.20000E-05
  8.00000E-05  8.80000E-05  9.60000E-05  1.04000E-04  1.12000E-04  1.20000E-04
  1.28000E-04  1.44000E-04  1.60000E-04  1.76000E-04  1.92000E-04  2.08000E-04
  2.24000E-04  2.40000E-04  2.56000E-04  2.88000E-04  3.20000E-04  3.52000E-04
  3.84000E-04  4.16000E-04  4.48000E-04  4.80000E-04  5.12000E-04  5.76000E-04
  6.40000E-04  7.04000E-04  7.68000E-04  8.32000E-04  8.96000E-04  9.60000E-04
  1.02400E-03  1.15200E-03  1.28000E-03  1.40800E-03  1.53600E-03  1.66400E-03
  1.79200E-03  1.92000E-03  2.01600E-03  2.27200E-03  2.52800E-03  2.78400E-03
  3.04000E-03  3.29600E-03  3.55200E-03  3.80800E-03  4.06400E-03  4.57600E-03
  5.08800E-03  5.60000E-03  6.11200E-03  6.62400E-03  7.13600E-03  7.64800E-03
  8.16000E-03  9.18400E-03  1.02080E-02  1.12320E-02  1.22560E-02  1.32800E-02
  1.43040E-02  1.53280E-02  1.63520E-02  1.84000E-02  2.04480E-02  2.24960E-02
  2.45440E-02  2.65920E-02  2.86400E-02  3.06880E-02  3.27360E-02  3.68320E-02
  4.09280E-02  4.50240E-02  4.91200E-02  5.32160E-02  5.73120E-02  6.14080E-02
  6.55040E-02  7.36960E-02  8.18880E-02  9.00800E-02  9.82720E-02  1.06464E-01
  1.14656E-01  1.22848E-01  1.31040E-01  1.47424E-01  1.63808E-01  1.80192E-01
  1.96576E-01  2.12960E-01  2.29344E-01  2.45728E-01  2.62112E-01  2.94880E-01
  3.27648E-01  3.60416E-01  3.93184E-01  4.25952E-01  4.58720E-01  4.91488E-01
  5.24256E-01  5.89792E-01  6.55328E-01  7.20864E-01  7.86400E-01  8.51936E-01
  9.17472E-01  9.83008E-01  1.04854E+00  1.17962E+00  1.31069E+00  1.44176E+00
  1.57283E+00  1.70390E+00  1.83498E+00  1.96605E+00  2.09712E+00  2.35926E+00
  2.62141E+00  2.88355E+00  3.14570E+00  3.40784E+00  3.66998E+00  3.93213E+00
  4.19427E+00  4.71856E+00  5.24285E+00  5.76714E+00  6.29142E+00  6.81571E+00
  7.34000E+00  7.86429E+00
  9.95459E-01  9.93684E-01  9.95020E-01  9.93162E-01  9.91509E-01  9.93422E-01
  9.90810E-01  9.92708E-01  9.92897E-01  9.92264E-01  9.90497E-01  9.91408E-01
  9.92192E-01  9.91647E-01  9.93257E-01  9.93212E-01  9.91887E-01  9.91440E-01
  9.93547E-01  9.91246E-01  9.91386E-01  9.92314E-01  9.92962E-01  9.91282E-01
  9.91372E-01  9.92598E-01  9.92196E-01  9.91891E-01  9.91267E-01  9.91350E-01
  9.92413E-01  9.91724E-01  9.91067E-01  9.91162E-01  9.91271E-01  9.91175E-01
  9.90801E-01  9.91029E-01  9.90653E-01  9.90342E-01  9.90053E-01  9.90187E-01
  9.90116E-01  9.90056E-01  9.89829E-01  9.89159E-01  9.89272E-01  9.88821E-01
  9.88490E-01  9.88150E-01  9.87639E-01  9.87166E-01  9.87021E-01  9.86294E-01
  9.85751E-01  9.84833E-01  9.84122E-01  9.83495E-01  9.82651E-01  9.82282E-01
  9.81512E-01  9.80038E-01  9.78600E-01  9.77179E-01  9.75678E-01  9.74546E-01
  9.73095E-01  9.71564E-01  9.70276E-01  9.67394E-01  9.64601E-01  9.61930E-01
  9.59242E-01  9.56504E-01  9.53700E-01  9.50981E-01  9.48270E-01  9.42917E-01
  9.37547E-01  9.32048E-01  9.26726E-01  9.21519E-01  9.16084E-01  9.10845E-01
  9.05860E-01  8.95531E-01  8.85343E-01  8.75353E-01  8.65505E-01  8.55648E-01
  8.46015E-01  8.36428E-01  8.29849E-01  8.11141E-01  7.92905E-01  7.75177E-01
  7.57889E-01  7.40918E-01  7.24503E-01  7.08518E-01  6.92956E-01  6.62773E-01
  6.34032E-01  6.06606E-01  5.80420E-01  5.55582E-01  5.31974E-01  5.09563E-01
  4.88322E-01  4.48210E-01  4.11194E-01  3.77451E-01  3.46950E-01  3.19511E-01
  2.94644E-01  2.72038E-01  2.51518E-01  2.15000E-01  1.83665E-01  1.56038E-01
  1.32221E-01  1.13194E-01  9.83165E-02  8.60110E-02  7.59603E-02  5.96990E-02
  4.54007E-02  3.27592E-02  2.52762E-02  2.06512E-02  1.62629E-02  1.22057E-02
  1.15911E-02  1.68366E-02  2.08820E-02  1.54066E-02  7.70196E-03  2.26079E-03
 -7.72165E-04 -5.48639E-03 -9.23242E-03  2.76373E-03  7.02774E-03  3.46113E-03
  6.05284E-03 -3.75802E-03 -1.04716E-02 -1.10208E-02 -1.03782E-02 -1.58154E-03
  1.26836E-03 -3.87553E-03 -8.42685E-03 -7.13701E-03 -1.03394E-02 -3.90791E-03
 -1.77779E-03  6.92284E-03  6.86589E-03 -5.45999E-03  1.30188E-03 -3.03711E-03
 -7.87021E-03 -5.12259E-03 -3.35840E-03  5.82231E-03  9.05626E-03  7.17442E-04
  3.27499E-04  2.24333E-03 -5.55881E-03  2.28821E-03  6.92428E-03 -2.21045E-03
 -4.38063E-03 -5.81724E-03 -4.39537E-04 -2.85777E-03 -5.15105E-03 -1.12071E-02
 -5.83477E-03 -7.51846E-04 -9.57721E-04 -5.33290E-03 -7.21055E-03  4.53831E-03
 -3.21264E-03  2.95606E-03
