AutoSaveFileName0223.ASC
 IFORMY    0    .00
 (6E13.7)
 IFORMT    0    .00
 (6E13.7)
 IFORMW    0    .00
 (6E13.7)
 NINTT     0   -1.00
 DOUSNQ    0    1.00
 IQUAD     0    1.00
 PRWT      0    1.00
 PRY       0    1.00
 IPLRES    1    3.00
 IPLRES    2    3.00
 IPRINT    1    0.00
 IPRINT    2    2.00
 IPLFIT    1    0.00
 IPLFIT    2    0.00
 LINEPG    0   50.
 NONNEG    1    1.00
 IWT       0    5.00
 NQPROG    1    5.00
 NQPROG    2    5.00
 GMNMX     1    3.40404E-03
 GMNMX     2    1.22196E-03
 RUSER    10    -1.00
 NG        0    500.00
 NLINF     0    1.00
 IUSER    10    4.00
 RUSER    21    1.0
 RUSER    22   -1.0
 RUSER    23    0.0
 RUSER    18         292.09784
 RUSER    17         124.99900
 RUSER    19         1.02800
 RUSER    15         1.33200
 RUSER    16         632.80000
 RUSER    25         1
 RUSER    26         0
 END       0    0.00
 NY      162
  7.50000E-07  8.75000E-07  1.00000E-06  1.12500E-06  1.25000E-06  1.37500E-06
  1.50000E-06  1.62500E-06  1.75000E-06  1.87500E-06  2.00000E-06  2.25000E-06
  2.50000E-06  2.75000E-06  3.00000E-06  3.25000E-06  3.50000E-06  3.75000E-06
  4.00000E-06  4.50000E-06  5.00000E-06  5.50000E-06  6.00000E-06  6.50000E-06
  7.00000E-06  7.50000E-06  8.00000E-06  9.00000E-06  1.00000E-05  1.10000E-05
  1.20000E-05  1.30000E-05  1.40000E-05  1.50000E-05  1.60000E-05  1.80000E-05
  2.00000E-05  2.20000E-05  2.40000E-05  2.60000E-05  2.80000E-05  3.00000E-05
  3.20000E-05  3.60000E-05  4.00000E-05  4.40000E-05  4.80000E-05  5.20000E-05
  5.60000E-05  6.00000E-05  6.40000E-05  7.20000E-05  8.00000E-05  8.80000E-05
  9.60000E-05  1.04000E-04  1.12000E-04  1.20000E-04  1.28000E-04  1.44000E-04
  1.60000E-04  1.76000E-04  1.92000E-04  2.08000E-04  2.24000E-04  2.40000E-04
  2.56000E-04  2.88000E-04  3.20000E-04  3.52000E-04  3.84000E-04  4.16000E-04
  4.48000E-04  4.80000E-04  5.12000E-04  5.76000E-04  6.40000E-04  7.04000E-04
  7.68000E-04  8.32000E-04  8.96000E-04  9.60000E-04  1.02400E-03  1.15200E-03
  1.28000E-03  1.40800E-03  1.53600E-03  1.66400E-03  1.79200E-03  1.92000E-03
  2.01600E-03  2.27200E-03  2.52800E-03  2.78400E-03  3.04000E-03  3.29600E-03
  3.55200E-03  3.80800E-03  4.06400E-03  4.57600E-03  5.08800E-03  5.60000E-03
  6.11200E-03  6.62400E-03  7.13600E-03  7.64800E-03  8.16000E-03  9.18400E-03
  1.02080E-02  1.12320E-02  1.22560E-02  1.32800E-02  1.43040E-02  1.53280E-02
  1.63520E-02  1.84000E-02  2.04480E-02  2.24960E-02  2.45440E-02  2.65920E-02
  2.86400E-02  3.06880E-02  3.27360E-02  3.68320E-02  4.09280E-02  4.50240E-02
  4.91200E-02  5.32160E-02  5.73120E-02  6.14080E-02  6.55040E-02  7.36960E-02
  8.18880E-02  9.00800E-02  9.82720E-02  1.06464E-01  1.14656E-01  1.22848E-01
  1.31040E-01  1.47424E-01  1.63808E-01  1.80192E-01  1.96576E-01  2.12960E-01
  2.29344E-01  2.45728E-01  2.62112E-01  2.94880E-01  3.27648E-01  3.60416E-01
  3.93184E-01  4.25952E-01  4.58720E-01  4.91488E-01  5.24256E-01  5.89792E-01
  6.55328E-01  7.20864E-01  7.86400E-01  8.51936E-01  9.17472E-01  9.83008E-01
  1.00000E+00  9.93585E-01  9.93776E-01  9.92121E-01  9.94249E-01  9.91763E-01
  9.86608E-01  9.89135E-01  9.89197E-01  9.85741E-01  9.84081E-01  9.86405E-01
  9.83664E-01  9.82785E-01  9.81677E-01  9.81789E-01  9.77381E-01  9.78071E-01
  9.76746E-01  9.73951E-01  9.70589E-01  9.67794E-01  9.64920E-01  9.62881E-01
  9.59924E-01  9.55440E-01  9.53777E-01  9.50829E-01  9.45845E-01  9.40682E-01
  9.35312E-01  9.30678E-01  9.25812E-01  9.20501E-01  9.15658E-01  9.05890E-01
  8.95975E-01  8.87537E-01  8.77569E-01  8.68771E-01  8.59772E-01  8.49822E-01
  8.40935E-01  8.23285E-01  8.06481E-01  7.88902E-01  7.73456E-01  7.56946E-01
  7.40733E-01  7.25081E-01  7.10343E-01  6.80295E-01  6.52318E-01  6.25008E-01
  5.98677E-01  5.73895E-01  5.50220E-01  5.27330E-01  5.05678E-01  4.64609E-01
  4.27169E-01  3.92151E-01  3.60601E-01  3.31181E-01  3.04656E-01  2.80083E-01
  2.58025E-01  2.18515E-01  1.84503E-01  1.55690E-01  1.31610E-01  1.10931E-01
  9.35133E-02  7.86648E-02  6.69709E-02  4.78909E-02  3.44215E-02  2.45259E-02
  1.70964E-02  1.19347E-02  8.83438E-03  7.21084E-03  5.30748E-03  3.50030E-03
  3.20672E-03  2.85860E-03  2.53001E-03  1.18264E-03 -8.18383E-04 -1.05545E-03
 -7.97115E-04 -5.12936E-04 -1.12165E-03 -7.66579E-04 -1.76380E-04  1.62770E-03
  1.61855E-03  3.84164E-04 -8.40329E-04 -6.69994E-04  9.48934E-04  2.81007E-03
 -4.14947E-04 -1.49879E-03 -1.03614E-03 -4.66237E-04 -1.41859E-03 -1.47334E-03
  4.22996E-04  1.01364E-03  2.57145E-05 -4.42536E-05  6.45982E-04  2.45126E-03
  1.33532E-03 -3.21498E-04 -6.81714E-04  7.62218E-04 -8.83776E-04 -1.72117E-04
 -3.21372E-04  1.43529E-04  6.10197E-04  1.94984E-04 -5.87283E-04 -1.39659E-04
 -1.95071E-04  8.17992E-04 -5.38154E-04 -9.07497E-04  2.00172E-04  9.71988E-05
 -2.62342E-04  4.76860E-04  4.38166E-04  6.86701E-05 -2.44478E-04 -6.93298E-04
  2.82278E-04  6.78608E-05 -2.36134E-04  2.46534E-04 -4.48084E-05  2.04033E-04
 -5.65460E-04  5.60271E-04  3.98681E-04  2.80402E-04 -1.34775E-06  1.55008E-04
 -1.29526E-04 -2.13789E-04  3.66957E-04 -1.38585E-04 -4.87322E-06 -3.87293E-05
 -1.58963E-04 -1.38716E-04  7.74070E-05 -6.32446E-05 -6.17406E-05  4.29047E-04
