AutoSaveFileName0196.ASC
 IFORMY    0    .00
 (6E13.7)
 IFORMT    0    .00
 (6E13.7)
 IFORMW    0    .00
 (6E13.7)
 NINTT     0   -1.00
 DOUSNQ    0    1.00
 IQUAD          1.00
 PRWT      0    1.00
 PRY       0    1.00
 IPLRES    1    3.00
 IPLRES    2    3.00
 IPRINT    1    0.00
 IPRINT    2    2.00
 IPLFIT    1    0.00
 IPLFIT    2    0.00
 LINEPG    0   50.
 NONNEG    1    1.00
 IWT       0    5.00
 NQPROG    1    5.00
 NQPROG    2    5.00
 GMNMX     1    1.666E-05
 GMNMX     2    1.666E-02
 RUSER    10    -1.00
 NG        0    200.00
 NLINF     0    0.00
 IUSER    10    4.00
 RUSER    21    1.0
 RUSER    22   -1.0
 RUSER    23    0.0
 RUSER    18         292.02248
 RUSER    17         79.99900
 RUSER    19         1.02992
 RUSER    15         1.33200
 RUSER    16         632.80000
 RUSER    25         1
 RUSER    26         0
 END       0    0.00
 NY      131
  3.75000E-07  5.00000E-07  6.25000E-07  7.50000E-07  8.75000E-07  1.00000E-06
  1.12500E-06  1.25000E-06  1.37500E-06  1.50000E-06  1.62500E-06  1.75000E-06
  1.87500E-06  2.00000E-06  2.25000E-06  2.50000E-06  2.75000E-06  3.00000E-06
  3.25000E-06  3.50000E-06  3.75000E-06  4.00000E-06  4.50000E-06  5.00000E-06
  5.50000E-06  6.00000E-06  6.50000E-06  7.00000E-06  7.50000E-06  8.00000E-06
  9.00000E-06  1.00000E-05  1.10000E-05  1.20000E-05  1.30000E-05  1.40000E-05
  1.50000E-05  1.60000E-05  1.80000E-05  2.00000E-05  2.20000E-05  2.40000E-05
  2.60000E-05  2.80000E-05  3.00000E-05  3.20000E-05  3.60000E-05  4.00000E-05
  4.40000E-05  4.80000E-05  5.20000E-05  5.60000E-05  6.00000E-05  6.40000E-05
  7.20000E-05  8.00000E-05  8.80000E-05  9.60000E-05  1.04000E-04  1.12000E-04
  1.20000E-04  1.28000E-04  1.44000E-04  1.60000E-04  1.76000E-04  1.92000E-04
  2.08000E-04  2.24000E-04  2.40000E-04  2.56000E-04  2.88000E-04  3.20000E-04
  3.52000E-04  3.84000E-04  4.16000E-04  4.48000E-04  4.80000E-04  5.12000E-04
  5.76000E-04  6.40000E-04  7.04000E-04  7.68000E-04  8.32000E-04  8.96000E-04
  9.60000E-04  1.02400E-03  1.15200E-03  1.28000E-03  1.40800E-03  1.53600E-03
  1.66400E-03  1.79200E-03  1.92000E-03  2.01600E-03  2.27200E-03  2.52800E-03
  2.78400E-03  3.04000E-03  3.29600E-03  3.55200E-03  3.80800E-03  4.06400E-03
  4.57600E-03  5.08800E-03  5.60000E-03  6.11200E-03  6.62400E-03  7.13600E-03
  7.64800E-03  8.16000E-03  9.18400E-03  1.02080E-02  1.12320E-02  1.22560E-02
  1.32800E-02  1.43040E-02  1.53280E-02  1.63520E-02  1.84000E-02  2.04480E-02
  2.24960E-02  2.45440E-02  2.65920E-02  2.86400E-02  3.06880E-02  3.27360E-02
  3.68320E-02  4.09280E-02  4.50240E-02  4.91200E-02  5.32160E-02
  1.35295E+00  1.35139E+00  1.34949E+00  1.34952E+00  1.34979E+00  1.34823E+00
  1.34805E+00  1.34854E+00  1.34828E+00  1.34784E+00  1.34789E+00  1.34693E+00
  1.34608E+00  1.34841E+00  1.34768E+00  1.34754E+00  1.34730E+00  1.34648E+00
  1.34646E+00  1.34687E+00  1.34802E+00  1.34687E+00  1.34594E+00  1.34567E+00
  1.34588E+00  1.34614E+00  1.34549E+00  1.34520E+00  1.34551E+00  1.34450E+00
  1.34436E+00  1.34329E+00  1.34272E+00  1.34274E+00  1.34198E+00  1.34205E+00
  1.34111E+00  1.34026E+00  1.33956E+00  1.33837E+00  1.33713E+00  1.33622E+00
  1.33502E+00  1.33409E+00  1.33306E+00  1.33199E+00  1.33000E+00  1.32771E+00
  1.32609E+00  1.32373E+00  1.32146E+00  1.31968E+00  1.31754E+00  1.31533E+00
  1.31119E+00  1.30683E+00  1.30289E+00  1.29869E+00  1.29462E+00  1.29050E+00
  1.28639E+00  1.28251E+00  1.27441E+00  1.26625E+00  1.25813E+00  1.25022E+00
  1.24239E+00  1.23444E+00  1.22645E+00  1.21875E+00  1.20342E+00  1.18821E+00
  1.17329E+00  1.15839E+00  1.14380E+00  1.12963E+00  1.11551E+00  1.10188E+00
  1.07460E+00  1.04831E+00  1.02280E+00  9.98080E-01  9.73938E-01  9.50344E-01
  9.27322E-01  9.05277E-01  8.62210E-01  8.21080E-01  7.81814E-01  7.44106E-01
  7.08281E-01  6.74137E-01  6.41700E-01  6.19020E-01  5.61489E-01  5.08544E-01
  4.60648E-01  4.17550E-01  3.78757E-01  3.43189E-01  3.10782E-01  2.82003E-01
  2.31581E-01  1.90604E-01  1.56356E-01  1.27156E-01  1.03386E-01  8.48280E-02
  7.02078E-02  5.77986E-02  3.62619E-02  1.97878E-02  6.99425E-03 -9.61015E-04
 -4.43400E-03 -6.78330E-03 -9.14483E-03 -9.19045E-03 -1.21679E-02 -4.16320E-03
 -1.72206E-04 -1.98567E-03  9.52984E-04  5.50275E-03  4.87519E-03  3.64555E-03
  4.93947E-03  9.28745E-03 -2.18479E-04  8.89515E-03  2.76260E-03
