AutoSaveFileName0046.ASC
 IFORMY    0    .00
 (6E13.7)
 IFORMT    0    .00
 (6E13.7)
 IFORMW    0    .00
 (6E13.7)
 NINTT     0   -1.00
 DOUSNQ    0    1.00
 IQUAD          1.00
 PRWT      0    1.00
 PRY       0    1.00
 IPLRES    1    3.00
 IPLRES    2    3.00
 IPRINT    1    0.00
 IPRINT    2    2.00
 IPLFIT    1    0.00
 IPLFIT    2    0.00
 LINEPG    0   50.
 NONNEG    1    1.00
 IWT       0    5.00
 NQPROG    1    5.00
 NQPROG    2    5.00
 GMNMX     1    7.580E-05
 GMNMX     2    7.580E-02
 RUSER    10    -1.00
 NG        0    200.00
 NLINF     0    0.00
 IUSER    10    4.00
 RUSER    21    1.0
 RUSER    22   -1.0
 RUSER    23    0.0
 RUSER    18         292.17215
 RUSER    17         34.99800
 RUSER    19         1.02612
 RUSER    15         1.33200
 RUSER    16         632.80000
 RUSER    25         1
 RUSER    26         0
 END       0    0.00
 NY      188
  5.00000E-07  6.25000E-07  7.50000E-07  8.75000E-07  1.00000E-06  1.12500E-06
  1.25000E-06  1.37500E-06  1.50000E-06  1.62500E-06  1.75000E-06  1.87500E-06
  2.00000E-06  2.25000E-06  2.50000E-06  2.75000E-06  3.00000E-06  3.25000E-06
  3.50000E-06  3.75000E-06  4.00000E-06  4.50000E-06  5.00000E-06  5.50000E-06
  6.00000E-06  6.50000E-06  7.00000E-06  7.50000E-06  8.00000E-06  9.00000E-06
  1.00000E-05  1.10000E-05  1.20000E-05  1.30000E-05  1.40000E-05  1.50000E-05
  1.60000E-05  1.80000E-05  2.00000E-05  2.20000E-05  2.40000E-05  2.60000E-05
  2.80000E-05  3.00000E-05  3.20000E-05  3.60000E-05  4.00000E-05  4.40000E-05
  4.80000E-05  5.20000E-05  5.60000E-05  6.00000E-05  6.40000E-05  7.20000E-05
  8.00000E-05  8.80000E-05  9.60000E-05  1.04000E-04  1.12000E-04  1.20000E-04
  1.28000E-04  1.44000E-04  1.60000E-04  1.76000E-04  1.92000E-04  2.08000E-04
  2.24000E-04  2.40000E-04  2.56000E-04  2.88000E-04  3.20000E-04  3.52000E-04
  3.84000E-04  4.16000E-04  4.48000E-04  4.80000E-04  5.12000E-04  5.76000E-04
  6.40000E-04  7.04000E-04  7.68000E-04  8.32000E-04  8.96000E-04  9.60000E-04
  1.02400E-03  1.15200E-03  1.28000E-03  1.40800E-03  1.53600E-03  1.66400E-03
  1.79200E-03  1.92000E-03  2.01600E-03  2.27200E-03  2.52800E-03  2.78400E-03
  3.04000E-03  3.29600E-03  3.55200E-03  3.80800E-03  4.06400E-03  4.57600E-03
  5.08800E-03  5.60000E-03  6.11200E-03  6.62400E-03  7.13600E-03  7.64800E-03
  8.16000E-03  9.18400E-03  1.02080E-02  1.12320E-02  1.22560E-02  1.32800E-02
  1.43040E-02  1.53280E-02  1.63520E-02  1.84000E-02  2.04480E-02  2.24960E-02
  2.45440E-02  2.65920E-02  2.86400E-02  3.06880E-02  3.27360E-02  3.68320E-02
  4.09280E-02  4.50240E-02  4.91200E-02  5.32160E-02  5.73120E-02  6.14080E-02
  6.55040E-02  7.36960E-02  8.18880E-02  9.00800E-02  9.82720E-02  1.06464E-01
  1.14656E-01  1.22848E-01  1.31040E-01  1.47424E-01  1.63808E-01  1.80192E-01
  1.96576E-01  2.12960E-01  2.29344E-01  2.45728E-01  2.62112E-01  2.94880E-01
  3.27648E-01  3.60416E-01  3.93184E-01  4.25952E-01  4.58720E-01  4.91488E-01
  5.24256E-01  5.89792E-01  6.55328E-01  7.20864E-01  7.86400E-01  8.51936E-01
  9.17472E-01  9.83008E-01  1.04854E+00  1.17962E+00  1.31069E+00  1.44176E+00
  1.57283E+00  1.70390E+00  1.83498E+00  1.96605E+00  2.09712E+00  2.35926E+00
  2.62141E+00  2.88355E+00  3.14570E+00  3.40784E+00  3.66998E+00  3.93213E+00
  4.19427E+00  4.71856E+00  5.24285E+00  5.76714E+00  6.29142E+00  6.81571E+00
  7.34000E+00  7.86429E+00
  9.93602E-01  9.92579E-01  9.90087E-01  9.93354E-01  9.88993E-01  9.90557E-01
  9.90739E-01  9.88909E-01  9.88942E-01  9.88691E-01  9.90714E-01  9.89496E-01
  9.89473E-01  9.89009E-01  9.88958E-01  9.89188E-01  9.89726E-01  9.90641E-01
  9.88930E-01  9.87375E-01  9.89031E-01  9.88005E-01  9.89183E-01  9.89867E-01
  9.89454E-01  9.89007E-01  9.88960E-01  9.88553E-01  9.88398E-01  9.88972E-01
  9.89106E-01  9.88701E-01  9.89363E-01  9.88275E-01  9.89304E-01  9.88062E-01
  9.88626E-01  9.88769E-01  9.88254E-01  9.87827E-01  9.88141E-01  9.88066E-01
  9.88439E-01  9.87708E-01  9.88101E-01  9.88001E-01  9.88418E-01  9.87970E-01
  9.87577E-01  9.87607E-01  9.87331E-01  9.87118E-01  9.87095E-01  9.86844E-01
  9.86351E-01  9.86119E-01  9.85777E-01  9.85515E-01  9.85229E-01  9.84999E-01
  9.84515E-01  9.84164E-01  9.83551E-01  9.82785E-01  9.82139E-01  9.81776E-01
  9.80775E-01  9.80533E-01  9.79763E-01  9.78417E-01  9.77289E-01  9.76032E-01
  9.74836E-01  9.73691E-01  9.72410E-01  9.71301E-01  9.69840E-01  9.67413E-01
  9.65034E-01  9.62680E-01  9.60221E-01  9.57832E-01  9.55512E-01  9.53115E-01
  9.18006E-01  9.13373E-01  9.08750E-01  9.04040E-01  8.99490E-01  8.95000E-01
  8.90367E-01  8.86008E-01  9.18236E-01  9.09181E-01  9.00402E-01  8.91669E-01
  8.83101E-01  8.74527E-01  8.66118E-01  8.57745E-01  8.49578E-01  8.33254E-01
  8.17486E-01  8.02186E-01  7.87210E-01  7.72439E-01  7.58089E-01  7.43985E-01
  7.30399E-01  7.03780E-01  6.78396E-01  6.53903E-01  6.30548E-01  6.08193E-01
  5.86767E-01  5.66125E-01  5.46516E-01  5.08828E-01  4.74341E-01  4.42272E-01
  4.12522E-01  3.84992E-01  3.58705E-01  3.33882E-01  3.09511E-01  2.69124E-01
  2.36324E-01  2.07514E-01  1.83597E-01  1.64936E-01  1.48529E-01  1.33563E-01
  1.07897E-01  8.32360E-02  6.43950E-02  4.79644E-02  3.34170E-02  2.71987E-02
  2.44210E-02  2.16190E-02  1.60506E-02  2.67897E-03 -7.23268E-03 -1.60566E-02
 -2.20134E-02 -2.41712E-02 -1.77162E-02 -1.43916E-02 -5.67462E-03 -5.80356E-03
  1.73590E-03  1.87959E-03 -4.65151E-03 -2.30455E-02 -2.00934E-02 -2.09406E-02
 -1.59199E-02 -1.95201E-02 -7.51684E-03  9.78675E-03 -8.81722E-03 -2.80943E-03
  2.51005E-03  3.00276E-02  7.83300E-03 -1.75514E-02  1.98909E-03 -3.25176E-02
 -2.03663E-02 -7.19916E-03 -1.12393E-02 -2.09055E-03 -1.42241E-02 -1.31983E-02
  1.16284E-02 -8.44149E-03 -5.89778E-03 -5.71481E-03  9.85035E-04  8.55106E-03
  2.85009E-03 -2.00405E-03  3.46186E-03 -3.68030E-03  7.48831E-03 -3.06074E-03
 -1.24665E-02  2.21859E-04
