AutoSaveFileName0178.ASC
 IFORMY    0    .00
 (6E13.7)
 IFORMT    0    .00
 (6E13.7)
 IFORMW    0    .00
 (6E13.7)
 NINTT     0   -1.00
 DOUSNQ    0    1.00
 IQUAD     0    1.00
 PRWT      0    1.00
 PRY       0    1.00
 IPLRES    1    3.00
 IPLRES    2    3.00
 IPRINT    1    0.00
 IPRINT    2    2.00
 IPLFIT    1    0.00
 IPLFIT    2    0.00
 LINEPG    0   50.
 NONNEG    1    1.00
 IWT       0    5.00
 NQPROG    1    5.00
 NQPROG    2    5.00
 GMNMX     1    4.57175E-03
 GMNMX     2    1.64114E-03
 RUSER    10    -1.00
 NG        0    500.00
 NLINF     0    1.00
 IUSER    10    4.00
 RUSER    21    1.0
 RUSER    22   -1.0
 RUSER    23    0.0
 RUSER    18         292.03781
 RUSER    17         99.99900
 RUSER    19         1.02953
 RUSER    15         1.33200
 RUSER    16         632.80000
 RUSER    25         1
 RUSER    26         0
 END       0    0.00
 NY      162
  7.50000E-07  8.75000E-07  1.00000E-06  1.12500E-06  1.25000E-06  1.37500E-06
  1.50000E-06  1.62500E-06  1.75000E-06  1.87500E-06  2.00000E-06  2.25000E-06
  2.50000E-06  2.75000E-06  3.00000E-06  3.25000E-06  3.50000E-06  3.75000E-06
  4.00000E-06  4.50000E-06  5.00000E-06  5.50000E-06  6.00000E-06  6.50000E-06
  7.00000E-06  7.50000E-06  8.00000E-06  9.00000E-06  1.00000E-05  1.10000E-05
  1.20000E-05  1.30000E-05  1.40000E-05  1.50000E-05  1.60000E-05  1.80000E-05
  2.00000E-05  2.20000E-05  2.40000E-05  2.60000E-05  2.80000E-05  3.00000E-05
  3.20000E-05  3.60000E-05  4.00000E-05  4.40000E-05  4.80000E-05  5.20000E-05
  5.60000E-05  6.00000E-05  6.40000E-05  7.20000E-05  8.00000E-05  8.80000E-05
  9.60000E-05  1.04000E-04  1.12000E-04  1.20000E-04  1.28000E-04  1.44000E-04
  1.60000E-04  1.76000E-04  1.92000E-04  2.08000E-04  2.24000E-04  2.40000E-04
  2.56000E-04  2.88000E-04  3.20000E-04  3.52000E-04  3.84000E-04  4.16000E-04
  4.48000E-04  4.80000E-04  5.12000E-04  5.76000E-04  6.40000E-04  7.04000E-04
  7.68000E-04  8.32000E-04  8.96000E-04  9.60000E-04  1.02400E-03  1.15200E-03
  1.28000E-03  1.40800E-03  1.53600E-03  1.66400E-03  1.79200E-03  1.92000E-03
  2.01600E-03  2.27200E-03  2.52800E-03  2.78400E-03  3.04000E-03  3.29600E-03
  3.55200E-03  3.80800E-03  4.06400E-03  4.57600E-03  5.08800E-03  5.60000E-03
  6.11200E-03  6.62400E-03  7.13600E-03  7.64800E-03  8.16000E-03  9.18400E-03
  1.02080E-02  1.12320E-02  1.22560E-02  1.32800E-02  1.43040E-02  1.53280E-02
  1.63520E-02  1.84000E-02  2.04480E-02  2.24960E-02  2.45440E-02  2.65920E-02
  2.86400E-02  3.06880E-02  3.27360E-02  3.68320E-02  4.09280E-02  4.50240E-02
  4.91200E-02  5.32160E-02  5.73120E-02  6.14080E-02  6.55040E-02  7.36960E-02
  8.18880E-02  9.00800E-02  9.82720E-02  1.06464E-01  1.14656E-01  1.22848E-01
  1.31040E-01  1.47424E-01  1.63808E-01  1.80192E-01  1.96576E-01  2.12960E-01
  2.29344E-01  2.45728E-01  2.62112E-01  2.94880E-01  3.27648E-01  3.60416E-01
  3.93184E-01  4.25952E-01  4.58720E-01  4.91488E-01  5.24256E-01  5.89792E-01
  6.55328E-01  7.20864E-01  7.86400E-01  8.51936E-01  9.17472E-01  9.83008E-01
  9.99745E-01  1.00000E+00  9.93066E-01  9.97894E-01  9.94246E-01  9.94156E-01
  9.93455E-01  9.93378E-01  9.89844E-01  9.93087E-01  9.92868E-01  9.88315E-01
  9.87565E-01  9.87575E-01  9.87502E-01  9.85270E-01  9.86075E-01  9.84573E-01
  9.80769E-01  9.81933E-01  9.79586E-01  9.76552E-01  9.75443E-01  9.72877E-01
  9.72616E-01  9.69572E-01  9.67368E-01  9.63845E-01  9.59465E-01  9.56384E-01
  9.53046E-01  9.49948E-01  9.44156E-01  9.41609E-01  9.38237E-01  9.30434E-01
  9.23613E-01  9.15908E-01  9.08564E-01  9.01804E-01  8.94492E-01  8.87500E-01
  8.81279E-01  8.67501E-01  8.53885E-01  8.40302E-01  8.27537E-01  8.14095E-01
  8.01513E-01  7.89157E-01  7.77186E-01  7.52833E-01  7.29960E-01  7.07585E-01
  6.86019E-01  6.64923E-01  6.44242E-01  6.24509E-01  6.05610E-01  5.69016E-01
  5.34928E-01  5.02537E-01  4.72314E-01  4.44109E-01  4.17265E-01  3.92444E-01
  3.69139E-01  3.26566E-01  2.88479E-01  2.55363E-01  2.25942E-01  2.00246E-01
  1.77471E-01  1.56951E-01  1.39351E-01  1.09017E-01  8.56510E-02  6.76384E-02
  5.36745E-02  4.27065E-02  3.36447E-02  2.66503E-02  2.11776E-02  1.31272E-02
  7.72417E-03  4.32799E-03  3.07263E-03  2.45783E-03  1.85598E-03  1.32994E-03
  5.99704E-04 -4.23468E-05 -3.30264E-04  3.50305E-04 -2.51057E-04 -2.97666E-04
  1.75141E-04  2.04784E-03  1.73676E-03  4.78782E-04  3.57437E-04  9.93601E-04
  3.89320E-04  9.92539E-04  6.20126E-04 -4.92361E-04 -7.63802E-04 -1.20927E-03
  1.71101E-04  4.10687E-04  6.62859E-04  7.33427E-04 -1.49940E-03 -8.81974E-04
 -4.10171E-04 -5.13942E-04 -9.62198E-04 -1.68782E-04 -7.33828E-05 -2.26919E-04
  2.67768E-04  5.28396E-04  2.94023E-04 -1.76040E-04  6.35711E-04  5.16186E-04
 -4.72063E-04  2.93771E-04  9.52916E-06 -4.85491E-04 -5.24164E-04 -2.34954E-04
 -1.60178E-04 -1.47138E-04  6.75569E-04  2.63214E-04 -5.44629E-04  1.89053E-04
  6.53341E-05  1.21339E-04  6.39081E-05  2.21577E-04  1.70454E-04  2.39113E-04
 -1.29009E-03  5.21223E-04  1.14986E-04 -3.11093E-04 -3.54393E-04 -2.30851E-04
  2.46517E-04  2.02452E-04 -1.93446E-04 -2.84917E-04 -2.07816E-05 -4.23764E-09
 -6.52192E-05  1.83402E-04 -1.28985E-04 -3.61223E-06 -1.52171E-04 -4.59873E-05
