AutoSaveFileName0109.ASC
 IFORMY    0    .00
 (6E13.7)
 IFORMT    0    .00
 (6E13.7)
 IFORMW    0    .00
 (6E13.7)
 NINTT     0   -1.00
 DOUSNQ    0    1.00
 IQUAD          1.00
 PRWT      0    1.00
 PRY       0    1.00
 IPLRES    1    3.00
 IPLRES    2    3.00
 IPRINT    1    0.00
 IPRINT    2    2.00
 IPLFIT    1    0.00
 IPLFIT    2    0.00
 LINEPG    0   50.
 NONNEG    1    1.00
 IWT       0    5.00
 NQPROG    1    5.00
 NQPROG    2    5.00
 GMNMX     1    2.372E-05
 GMNMX     2    2.372E-02
 RUSER    10    -1.00
 NG        0    200.00
 NLINF     0    0.00
 IUSER    10    4.00
 RUSER    21    1.0
 RUSER    22   -1.0
 RUSER    23    0.0
 RUSER    18         292.19894
 RUSER    17         64.99800
 RUSER    19         1.02544
 RUSER    15         1.33200
 RUSER    16         632.80000
 RUSER    25         1
 RUSER    26         0
 END       0    0.00
 NY      188
  5.00000E-07  6.25000E-07  7.50000E-07  8.75000E-07  1.00000E-06  1.12500E-06
  1.25000E-06  1.37500E-06  1.50000E-06  1.62500E-06  1.75000E-06  1.87500E-06
  2.00000E-06  2.25000E-06  2.50000E-06  2.75000E-06  3.00000E-06  3.25000E-06
  3.50000E-06  3.75000E-06  4.00000E-06  4.50000E-06  5.00000E-06  5.50000E-06
  6.00000E-06  6.50000E-06  7.00000E-06  7.50000E-06  8.00000E-06  9.00000E-06
  1.00000E-05  1.10000E-05  1.20000E-05  1.30000E-05  1.40000E-05  1.50000E-05
  1.60000E-05  1.80000E-05  2.00000E-05  2.20000E-05  2.40000E-05  2.60000E-05
  2.80000E-05  3.00000E-05  3.20000E-05  3.60000E-05  4.00000E-05  4.40000E-05
  4.80000E-05  5.20000E-05  5.60000E-05  6.00000E-05  6.40000E-05  7.20000E-05
  8.00000E-05  8.80000E-05  9.60000E-05  1.04000E-04  1.12000E-04  1.20000E-04
  1.28000E-04  1.44000E-04  1.60000E-04  1.76000E-04  1.92000E-04  2.08000E-04
  2.24000E-04  2.40000E-04  2.56000E-04  2.88000E-04  3.20000E-04  3.52000E-04
  3.84000E-04  4.16000E-04  4.48000E-04  4.80000E-04  5.12000E-04  5.76000E-04
  6.40000E-04  7.04000E-04  7.68000E-04  8.32000E-04  8.96000E-04  9.60000E-04
  1.02400E-03  1.15200E-03  1.28000E-03  1.40800E-03  1.53600E-03  1.66400E-03
  1.79200E-03  1.92000E-03  2.01600E-03  2.27200E-03  2.52800E-03  2.78400E-03
  3.04000E-03  3.29600E-03  3.55200E-03  3.80800E-03  4.06400E-03  4.57600E-03
  5.08800E-03  5.60000E-03  6.11200E-03  6.62400E-03  7.13600E-03  7.64800E-03
  8.16000E-03  9.18400E-03  1.02080E-02  1.12320E-02  1.22560E-02  1.32800E-02
  1.43040E-02  1.53280E-02  1.63520E-02  1.84000E-02  2.04480E-02  2.24960E-02
  2.45440E-02  2.65920E-02  2.86400E-02  3.06880E-02  3.27360E-02  3.68320E-02
  4.09280E-02  4.50240E-02  4.91200E-02  5.32160E-02  5.73120E-02  6.14080E-02
  6.55040E-02  7.36960E-02  8.18880E-02  9.00800E-02  9.82720E-02  1.06464E-01
  1.14656E-01  1.22848E-01  1.31040E-01  1.47424E-01  1.63808E-01  1.80192E-01
  1.96576E-01  2.12960E-01  2.29344E-01  2.45728E-01  2.62112E-01  2.94880E-01
  3.27648E-01  3.60416E-01  3.93184E-01  4.25952E-01  4.58720E-01  4.91488E-01
  5.24256E-01  5.89792E-01  6.55328E-01  7.20864E-01  7.86400E-01  8.51936E-01
  9.17472E-01  9.83008E-01  1.04854E+00  1.17962E+00  1.31069E+00  1.44176E+00
  1.57283E+00  1.70390E+00  1.83498E+00  1.96605E+00  2.09712E+00  2.35926E+00
  2.62141E+00  2.88355E+00  3.14570E+00  3.40784E+00  3.66998E+00  3.93213E+00
  4.19427E+00  4.71856E+00  5.24285E+00  5.76714E+00  6.29142E+00  6.81571E+00
  7.34000E+00  7.86429E+00
  9.97088E-01  9.94430E-01  9.94932E-01  9.93177E-01  9.92213E-01  9.92060E-01
  9.90867E-01  9.91977E-01  9.92937E-01  9.91092E-01  9.92250E-01  9.90064E-01
  9.90728E-01  9.91844E-01  9.91442E-01  9.90902E-01  9.91298E-01  9.91151E-01
  9.91119E-01  9.91187E-01  9.91329E-01  9.91704E-01  9.90406E-01  9.90585E-01
  9.91637E-01  9.90848E-01  9.90652E-01  9.91023E-01  9.90973E-01  9.90021E-01
  9.89759E-01  9.90173E-01  9.90614E-01  9.89814E-01  9.89533E-01  9.89814E-01
  9.89773E-01  9.89173E-01  9.89482E-01  9.88660E-01  9.88727E-01  9.88276E-01
  9.88559E-01  9.87922E-01  9.87484E-01  9.86814E-01  9.86466E-01  9.86011E-01
  9.85395E-01  9.84909E-01  9.84219E-01  9.83728E-01  9.83042E-01  9.82074E-01
  9.81013E-01  9.79995E-01  9.78932E-01  9.77558E-01  9.76767E-01  9.75674E-01
  9.74576E-01  9.72255E-01  9.70113E-01  9.67920E-01  9.65787E-01  9.63605E-01
  9.61478E-01  9.59411E-01  9.57167E-01  9.52908E-01  9.48591E-01  9.44399E-01
  9.40128E-01  9.36094E-01  9.31887E-01  9.27731E-01  9.23589E-01  9.15278E-01
  9.07200E-01  8.99247E-01  8.91228E-01  8.83341E-01  8.75491E-01  8.67748E-01
  8.42711E-01  8.27858E-01  8.13281E-01  7.98928E-01  7.84902E-01  7.70977E-01
  7.57487E-01  7.44229E-01  7.49862E-01  7.24234E-01  6.99646E-01  6.76091E-01
  6.53189E-01  6.31130E-01  6.10123E-01  5.89883E-01  5.70594E-01  5.33379E-01
  4.98784E-01  4.66665E-01  4.36694E-01  4.08954E-01  3.82916E-01  3.58617E-01
  3.36271E-01  2.95007E-01  2.59199E-01  2.28251E-01  2.01426E-01  1.77848E-01
  1.56815E-01  1.38255E-01  1.22690E-01  9.57024E-02  7.34568E-02  5.66376E-02
  4.43213E-02  3.40222E-02  2.82185E-02  2.35565E-02  1.99580E-02  1.72318E-02
  1.43560E-02  1.04406E-02  7.04004E-03  2.57917E-03 -4.25507E-04 -3.99754E-03
 -5.10977E-03 -3.12864E-03 -8.22557E-04 -2.52904E-05 -2.59096E-03 -1.33330E-03
  7.84473E-04  3.61911E-03 -9.65257E-05 -2.15254E-03 -3.12681E-03  7.26845E-04
 -6.13084E-03 -8.21751E-03 -3.21232E-03 -6.59700E-03  1.55483E-03  4.88494E-04
 -2.10501E-03  1.49060E-03 -8.45169E-04 -4.31377E-03 -2.11475E-04 -8.07566E-04
  1.01125E-03  6.23166E-04 -2.92513E-03  6.83060E-03  6.22233E-03 -4.07549E-04
 -2.45955E-03 -9.31100E-04  4.71431E-03  7.80307E-04 -1.33891E-03  1.19892E-03
 -6.20311E-03  1.97678E-03 -2.46058E-03  6.94605E-03  2.71139E-03 -3.71438E-03
 -2.22339E-03 -4.24719E-03 -3.93486E-03  8.87064E-04 -3.87415E-03  2.73813E-04
 -2.64839E-03 -8.06183E-04 -6.39416E-04 -2.47373E-03 -1.32056E-03  5.38335E-04
  1.75513E-03  3.01003E-03
