AutoSaveFileName0140.ASC
 IFORMY    0    .00
 (6E13.7)
 IFORMT    0    .00
 (6E13.7)
 IFORMW    0    .00
 (6E13.7)
 NINTT     0   -1.00
 DOUSNQ    0    1.00
 IQUAD          1.00
 PRWT      0    1.00
 PRY       0    1.00
 IPLRES    1    3.00
 IPLRES    2    3.00
 IPRINT    1    0.00
 IPRINT    2    2.00
 IPLFIT    1    0.00
 IPLFIT    2    0.00
 LINEPG    0   50.
 NONNEG    1    1.00
 IWT       0    5.00
 NQPROG    1    5.00
 NQPROG    2    5.00
 GMNMX     1    2.678E-05
 GMNMX     2    2.678E-02
 RUSER    10    -1.00
 NG        0    200.00
 NLINF     0    0.00
 IUSER    10    4.00
 RUSER    21    1.0
 RUSER    22   -1.0
 RUSER    23    0.0
 RUSER    18         291.94249
 RUSER    17         60.99900
 RUSER    19         1.03197
 RUSER    15         1.33200
 RUSER    16         632.80000
 RUSER    25         1
 RUSER    26         0
 END       0    0.00
 NY      131
  3.75000E-07  5.00000E-07  6.25000E-07  7.50000E-07  8.75000E-07  1.00000E-06
  1.12500E-06  1.25000E-06  1.37500E-06  1.50000E-06  1.62500E-06  1.75000E-06
  1.87500E-06  2.00000E-06  2.25000E-06  2.50000E-06  2.75000E-06  3.00000E-06
  3.25000E-06  3.50000E-06  3.75000E-06  4.00000E-06  4.50000E-06  5.00000E-06
  5.50000E-06  6.00000E-06  6.50000E-06  7.00000E-06  7.50000E-06  8.00000E-06
  9.00000E-06  1.00000E-05  1.10000E-05  1.20000E-05  1.30000E-05  1.40000E-05
  1.50000E-05  1.60000E-05  1.80000E-05  2.00000E-05  2.20000E-05  2.40000E-05
  2.60000E-05  2.80000E-05  3.00000E-05  3.20000E-05  3.60000E-05  4.00000E-05
  4.40000E-05  4.80000E-05  5.20000E-05  5.60000E-05  6.00000E-05  6.40000E-05
  7.20000E-05  8.00000E-05  8.80000E-05  9.60000E-05  1.04000E-04  1.12000E-04
  1.20000E-04  1.28000E-04  1.44000E-04  1.60000E-04  1.76000E-04  1.92000E-04
  2.08000E-04  2.24000E-04  2.40000E-04  2.56000E-04  2.88000E-04  3.20000E-04
  3.52000E-04  3.84000E-04  4.16000E-04  4.48000E-04  4.80000E-04  5.12000E-04
  5.76000E-04  6.40000E-04  7.04000E-04  7.68000E-04  8.32000E-04  8.96000E-04
  9.60000E-04  1.02400E-03  1.15200E-03  1.28000E-03  1.40800E-03  1.53600E-03
  1.66400E-03  1.79200E-03  1.92000E-03  2.01600E-03  2.27200E-03  2.52800E-03
  2.78400E-03  3.04000E-03  3.29600E-03  3.55200E-03  3.80800E-03  4.06400E-03
  4.57600E-03  5.08800E-03  5.60000E-03  6.11200E-03  6.62400E-03  7.13600E-03
  7.64800E-03  8.16000E-03  9.18400E-03  1.02080E-02  1.12320E-02  1.22560E-02
  1.32800E-02  1.43040E-02  1.53280E-02  1.63520E-02  1.84000E-02  2.04480E-02
  2.24960E-02  2.45440E-02  2.65920E-02  2.86400E-02  3.06880E-02  3.27360E-02
  3.68320E-02  4.09280E-02  4.50240E-02  4.91200E-02  5.32160E-02
  2.37826E+00  2.38057E+00  2.37946E+00  2.37663E+00  2.37106E+00  2.37047E+00
  2.36776E+00  2.36950E+00  2.36992E+00  2.37055E+00  2.37059E+00  2.36035E+00
  2.36900E+00  2.36696E+00  2.36586E+00  2.36575E+00  2.36764E+00  2.36382E+00
  2.36844E+00  2.36867E+00  2.36579E+00  2.36560E+00  2.36434E+00  2.36587E+00
  2.36205E+00  2.36245E+00  2.36293E+00  2.36465E+00  2.36218E+00  2.36315E+00
  2.36130E+00  2.36157E+00  2.36071E+00  2.36098E+00  2.35819E+00  2.36034E+00
  2.35767E+00  2.35878E+00  2.35580E+00  2.35474E+00  2.35408E+00  2.35288E+00
  2.35222E+00  2.35070E+00  2.34963E+00  2.34815E+00  2.34474E+00  2.34226E+00
  2.34084E+00  2.33718E+00  2.33499E+00  2.33276E+00  2.33137E+00  2.32816E+00
  2.32338E+00  2.31828E+00  2.31431E+00  2.30824E+00  2.30382E+00  2.29871E+00
  2.29477E+00  2.28954E+00  2.27939E+00  2.26977E+00  2.26046E+00  2.25093E+00
  2.24118E+00  2.23178E+00  2.22250E+00  2.21259E+00  2.19419E+00  2.17596E+00
  2.15816E+00  2.13958E+00  2.12170E+00  2.10407E+00  2.08619E+00  2.06954E+00
  2.03554E+00  2.00217E+00  1.96899E+00  1.93644E+00  1.90443E+00  1.87334E+00
  1.84265E+00  1.73949E+00  1.68261E+00  1.62777E+00  1.57420E+00  1.52257E+00
  1.47213E+00  1.42365E+00  1.37692E+00  1.40029E+00  1.31062E+00  1.22703E+00
  1.14909E+00  1.07651E+00  1.00865E+00  9.45469E-01  8.86098E-01  8.30160E-01
  7.27708E-01  6.40446E-01  5.64348E-01  4.96278E-01  4.36902E-01  3.83677E-01
  3.37430E-01  3.01721E-01  2.45060E-01  2.06395E-01  1.78683E-01  1.54953E-01
  1.33115E-01  1.14509E-01  9.89098E-02  8.54732E-02  5.87447E-02  2.79807E-02
  1.00482E-02  9.63875E-03  9.32870E-03  1.25852E-02  4.09868E-03  1.27155E-03
 -1.64984E-02 -3.54410E-02 -2.42054E-02 -2.09230E-02 -2.59152E-02
