AutoSaveFileName0144.ASC
 IFORMY    0    .00
 (6E13.7)
 IFORMT    0    .00
 (6E13.7)
 IFORMW    0    .00
 (6E13.7)
 NINTT     0   -1.00
 DOUSNQ    0    1.00
 IQUAD          1.00
 PRWT      0    1.00
 PRY       0    1.00
 IPLRES    1    3.00
 IPLRES    2    3.00
 IPRINT    1    0.00
 IPRINT    2    2.00
 IPLFIT    1    0.00
 IPLFIT    2    0.00
 LINEPG    0   50.
 NONNEG    1    1.00
 IWT       0    5.00
 NQPROG    1    5.00
 NQPROG    2    5.00
 GMNMX     1    1.500E-05
 GMNMX     2    1.500E-02
 RUSER    10    -1.00
 NG        0    200.00
 NLINF     0    0.00
 IUSER    10    4.00
 RUSER    21    1.0
 RUSER    22   -1.0
 RUSER    23    0.0
 RUSER    18         292.21283
 RUSER    17         84.99800
 RUSER    19         1.02509
 RUSER    15         1.33200
 RUSER    16         632.80000
 RUSER    25         1
 RUSER    26         0
 END       0    0.00
 NY      188
  5.00000E-07  6.25000E-07  7.50000E-07  8.75000E-07  1.00000E-06  1.12500E-06
  1.25000E-06  1.37500E-06  1.50000E-06  1.62500E-06  1.75000E-06  1.87500E-06
  2.00000E-06  2.25000E-06  2.50000E-06  2.75000E-06  3.00000E-06  3.25000E-06
  3.50000E-06  3.75000E-06  4.00000E-06  4.50000E-06  5.00000E-06  5.50000E-06
  6.00000E-06  6.50000E-06  7.00000E-06  7.50000E-06  8.00000E-06  9.00000E-06
  1.00000E-05  1.10000E-05  1.20000E-05  1.30000E-05  1.40000E-05  1.50000E-05
  1.60000E-05  1.80000E-05  2.00000E-05  2.20000E-05  2.40000E-05  2.60000E-05
  2.80000E-05  3.00000E-05  3.20000E-05  3.60000E-05  4.00000E-05  4.40000E-05
  4.80000E-05  5.20000E-05  5.60000E-05  6.00000E-05  6.40000E-05  7.20000E-05
  8.00000E-05  8.80000E-05  9.60000E-05  1.04000E-04  1.12000E-04  1.20000E-04
  1.28000E-04  1.44000E-04  1.60000E-04  1.76000E-04  1.92000E-04  2.08000E-04
  2.24000E-04  2.40000E-04  2.56000E-04  2.88000E-04  3.20000E-04  3.52000E-04
  3.84000E-04  4.16000E-04  4.48000E-04  4.80000E-04  5.12000E-04  5.76000E-04
  6.40000E-04  7.04000E-04  7.68000E-04  8.32000E-04  8.96000E-04  9.60000E-04
  1.02400E-03  1.15200E-03  1.28000E-03  1.40800E-03  1.53600E-03  1.66400E-03
  1.79200E-03  1.92000E-03  2.01600E-03  2.27200E-03  2.52800E-03  2.78400E-03
  3.04000E-03  3.29600E-03  3.55200E-03  3.80800E-03  4.06400E-03  4.57600E-03
  5.08800E-03  5.60000E-03  6.11200E-03  6.62400E-03  7.13600E-03  7.64800E-03
  8.16000E-03  9.18400E-03  1.02080E-02  1.12320E-02  1.22560E-02  1.32800E-02
  1.43040E-02  1.53280E-02  1.63520E-02  1.84000E-02  2.04480E-02  2.24960E-02
  2.45440E-02  2.65920E-02  2.86400E-02  3.06880E-02  3.27360E-02  3.68320E-02
  4.09280E-02  4.50240E-02  4.91200E-02  5.32160E-02  5.73120E-02  6.14080E-02
  6.55040E-02  7.36960E-02  8.18880E-02  9.00800E-02  9.82720E-02  1.06464E-01
  1.14656E-01  1.22848E-01  1.31040E-01  1.47424E-01  1.63808E-01  1.80192E-01
  1.96576E-01  2.12960E-01  2.29344E-01  2.45728E-01  2.62112E-01  2.94880E-01
  3.27648E-01  3.60416E-01  3.93184E-01  4.25952E-01  4.58720E-01  4.91488E-01
  5.24256E-01  5.89792E-01  6.55328E-01  7.20864E-01  7.86400E-01  8.51936E-01
  9.17472E-01  9.83008E-01  1.04854E+00  1.17962E+00  1.31069E+00  1.44176E+00
  1.57283E+00  1.70390E+00  1.83498E+00  1.96605E+00  2.09712E+00  2.35926E+00
  2.62141E+00  2.88355E+00  3.14570E+00  3.40784E+00  3.66998E+00  3.93213E+00
  4.19427E+00  4.71856E+00  5.24285E+00  5.76714E+00  6.29142E+00  6.81571E+00
  7.34000E+00  7.86429E+00
  9.95363E-01  9.94338E-01  9.89407E-01  9.92273E-01  9.87652E-01  9.90137E-01
  9.90095E-01  9.88074E-01  9.87130E-01  9.86988E-01  9.84558E-01  9.84047E-01
  9.86136E-01  9.87250E-01  9.87782E-01  9.87280E-01  9.91289E-01  9.87441E-01
  9.88166E-01  9.87118E-01  9.87278E-01  9.86661E-01  9.87170E-01  9.85983E-01
  9.87092E-01  9.87111E-01  9.86612E-01  9.85698E-01  9.85804E-01  9.86741E-01
  9.86289E-01  9.85792E-01  9.85420E-01  9.85410E-01  9.85910E-01  9.85345E-01
  9.84711E-01  9.83927E-01  9.82733E-01  9.82255E-01  9.82690E-01  9.83741E-01
  9.82547E-01  9.80999E-01  9.80550E-01  9.79982E-01  9.79111E-01  9.78218E-01
  9.76763E-01  9.75898E-01  9.75797E-01  9.74290E-01  9.73484E-01  9.71271E-01
  9.69742E-01  9.67693E-01  9.65906E-01  9.63709E-01  9.62211E-01  9.60016E-01
  9.58384E-01  9.54691E-01  9.50989E-01  9.47325E-01  9.43700E-01  9.40078E-01
  9.36345E-01  9.32415E-01  9.28960E-01  9.21852E-01  9.14785E-01  9.07628E-01
  9.00407E-01  8.93691E-01  8.86788E-01  8.79972E-01  8.73053E-01  8.59653E-01
  8.46519E-01  8.33573E-01  8.20769E-01  8.08226E-01  7.95921E-01  7.83769E-01
  7.71362E-01  7.48002E-01  7.25483E-01  7.03845E-01  6.82814E-01  6.62516E-01
  6.42642E-01  6.23486E-01  6.09419E-01  5.73625E-01  5.40119E-01  5.08776E-01
  4.79691E-01  4.52229E-01  4.26674E-01  4.02726E-01  3.80819E-01  3.39057E-01
  3.01440E-01  2.68165E-01  2.38835E-01  2.13012E-01  1.90375E-01  1.70339E-01
  1.52930E-01  1.21882E-01  9.66059E-02  7.65783E-02  6.15999E-02  4.99563E-02
  4.04209E-02  3.26457E-02  2.51760E-02  1.45449E-02  6.00501E-03 -4.51565E-05
 -3.28264E-03 -3.89333E-03 -3.70803E-03 -1.37892E-03  8.94030E-04  4.47608E-03
  5.12047E-03  1.62083E-03  4.06680E-03  5.08315E-03  4.41735E-06 -4.40491E-03
 -6.59539E-03  2.48223E-03  5.45409E-03 -4.28735E-04 -1.15580E-03  1.40376E-04
 -1.55293E-03  1.89289E-03  4.67812E-03  3.99087E-03  1.03986E-03  1.19007E-03
  7.06094E-04 -1.33449E-04  6.26022E-03  3.49240E-03  6.70396E-04 -1.51629E-03
  1.07242E-03  2.57852E-04  1.11506E-02  1.05690E-04 -1.21538E-03  7.22690E-03
  2.14974E-03 -3.08076E-03 -2.18731E-03 -5.99198E-03  2.23715E-04  4.21279E-04
  1.08212E-03 -8.13174E-03 -1.61929E-03  2.57645E-03 -1.33886E-03 -1.82116E-03
 -3.92594E-04 -5.53451E-03 -3.49287E-03 -2.96960E-04 -9.22396E-04 -1.27448E-03
 -2.01393E-03  1.20276E-03 -2.49242E-03  4.20992E-03  1.45875E-05 -6.23408E-04
 -7.21951E-04  2.56712E-03  1.38541E-03 -3.14967E-03 -2.09103E-03 -3.42531E-04
  1.72872E-03  3.01574E-03
