AutoSaveFileName0266.ASC
 IFORMY    0    .00
 (6E13.7)
 IFORMT    0    .00
 (6E13.7)
 IFORMW    0    .00
 (6E13.7)
 NINTT     0   -1.00
 DOUSNQ    0    1.00
 IQUAD     0    1.00
 PRWT      0    1.00
 PRY       0    1.00
 IPLRES    1    3.00
 IPLRES    2    3.00
 IPRINT    1    0.00
 IPRINT    2    2.00
 IPLFIT    1    0.00
 IPLFIT    2    0.00
 LINEPG    0   50.
 NONNEG    1    1.00
 IWT       0    5.00
 NQPROG    1    5.00
 NQPROG    2    5.00
 GMNMX     1    2.94052E-03
 GMNMX     2    1.05557E-03
 RUSER    10    -1.00
 NG        0    500.00
 NLINF     0    1.00
 IUSER    10    4.00
 RUSER    21    1.0
 RUSER    22   -1.0
 RUSER    23    0.0
 RUSER    18         292.14591
 RUSER    17         144.99900
 RUSER    19         1.02678
 RUSER    15         1.33200
 RUSER    16         632.80000
 RUSER    25         1
 RUSER    26         0
 END       0    0.00
 NY      162
  7.50000E-07  8.75000E-07  1.00000E-06  1.12500E-06  1.25000E-06  1.37500E-06
  1.50000E-06  1.62500E-06  1.75000E-06  1.87500E-06  2.00000E-06  2.25000E-06
  2.50000E-06  2.75000E-06  3.00000E-06  3.25000E-06  3.50000E-06  3.75000E-06
  4.00000E-06  4.50000E-06  5.00000E-06  5.50000E-06  6.00000E-06  6.50000E-06
  7.00000E-06  7.50000E-06  8.00000E-06  9.00000E-06  1.00000E-05  1.10000E-05
  1.20000E-05  1.30000E-05  1.40000E-05  1.50000E-05  1.60000E-05  1.80000E-05
  2.00000E-05  2.20000E-05  2.40000E-05  2.60000E-05  2.80000E-05  3.00000E-05
  3.20000E-05  3.60000E-05  4.00000E-05  4.40000E-05  4.80000E-05  5.20000E-05
  5.60000E-05  6.00000E-05  6.40000E-05  7.20000E-05  8.00000E-05  8.80000E-05
  9.60000E-05  1.04000E-04  1.12000E-04  1.20000E-04  1.28000E-04  1.44000E-04
  1.60000E-04  1.76000E-04  1.92000E-04  2.08000E-04  2.24000E-04  2.40000E-04
  2.56000E-04  2.88000E-04  3.20000E-04  3.52000E-04  3.84000E-04  4.16000E-04
  4.48000E-04  4.80000E-04  5.12000E-04  5.76000E-04  6.40000E-04  7.04000E-04
  7.68000E-04  8.32000E-04  8.96000E-04  9.60000E-04  1.02400E-03  1.15200E-03
  1.28000E-03  1.40800E-03  1.53600E-03  1.66400E-03  1.79200E-03  1.92000E-03
  2.01600E-03  2.27200E-03  2.52800E-03  2.78400E-03  3.04000E-03  3.29600E-03
  3.55200E-03  3.80800E-03  4.06400E-03  4.57600E-03  5.08800E-03  5.60000E-03
  6.11200E-03  6.62400E-03  7.13600E-03  7.64800E-03  8.16000E-03  9.18400E-03
  1.02080E-02  1.12320E-02  1.22560E-02  1.32800E-02  1.43040E-02  1.53280E-02
  1.63520E-02  1.84000E-02  2.04480E-02  2.24960E-02  2.45440E-02  2.65920E-02
  2.86400E-02  3.06880E-02  3.27360E-02  3.68320E-02  4.09280E-02  4.50240E-02
  4.91200E-02  5.32160E-02  5.73120E-02  6.14080E-02  6.55040E-02  7.36960E-02
  8.18880E-02  9.00800E-02  9.82720E-02  1.06464E-01  1.14656E-01  1.22848E-01
  1.31040E-01  1.47424E-01  1.63808E-01  1.80192E-01  1.96576E-01  2.12960E-01
  2.29344E-01  2.45728E-01  2.62112E-01  2.94880E-01  3.27648E-01  3.60416E-01
  3.93184E-01  4.25952E-01  4.58720E-01  4.91488E-01  5.24256E-01  5.89792E-01
  6.55328E-01  7.20864E-01  7.86400E-01  8.51936E-01  9.17472E-01  9.83008E-01
  9.98466E-01  1.00000E+00  9.97850E-01  9.96044E-01  9.96857E-01  9.92829E-01
  9.92018E-01  9.91954E-01  9.93310E-01  9.90947E-01  9.90378E-01  9.89140E-01
  9.87741E-01  9.84890E-01  9.82483E-01  9.82405E-01  9.79971E-01  9.79679E-01
  9.77463E-01  9.74534E-01  9.71965E-01  9.68850E-01  9.66555E-01  9.64101E-01
  9.59595E-01  9.56423E-01  9.53979E-01  9.47990E-01  9.42446E-01  9.36009E-01
  9.30123E-01  9.25251E-01  9.18777E-01  9.13977E-01  9.07744E-01  8.97473E-01
  8.85505E-01  8.75229E-01  8.64004E-01  8.53343E-01  8.42670E-01  8.31977E-01
  8.22164E-01  8.01952E-01  7.82847E-01  7.62865E-01  7.44612E-01  7.26282E-01
  7.08163E-01  6.91490E-01  6.74438E-01  6.41935E-01  6.10754E-01  5.81426E-01
  5.53488E-01  5.26921E-01  5.01425E-01  4.77121E-01  4.54491E-01  4.11967E-01
  3.73347E-01  3.38282E-01  3.06549E-01  2.77869E-01  2.51629E-01  2.28079E-01
  2.07129E-01  1.69990E-01  1.39275E-01  1.14172E-01  9.33734E-02  7.66514E-02
  6.29935E-02  5.17100E-02  4.30005E-02  2.89511E-02  1.91694E-02  1.19788E-02
  6.37082E-03  3.11613E-03  1.46755E-03  5.12424E-04  1.10002E-04 -5.33288E-04
 -1.04559E-03 -8.09809E-04 -8.66687E-04 -2.17354E-04  8.89434E-04  1.59139E-03
  7.22209E-04 -2.92005E-04  2.93101E-04 -1.47639E-04 -6.35904E-04  1.06171E-04
  4.06884E-04 -8.37010E-04 -9.80532E-04 -9.37050E-04 -1.62521E-03  9.92954E-04
  3.11402E-05 -3.66061E-04  2.46591E-05  2.17926E-03  5.54402E-04 -1.61095E-03
 -6.46899E-04 -1.85644E-03 -1.09303E-03 -3.64509E-04  9.66600E-04 -2.57705E-04
 -1.21715E-04 -4.11196E-04 -4.58697E-04  2.30712E-04 -9.46544E-04  2.82646E-04
 -2.07226E-04 -3.02159E-04  2.77983E-04  6.67704E-04  2.32417E-04 -2.77909E-04
 -1.97618E-04 -8.23930E-04 -2.72713E-04 -4.22418E-04  2.90370E-04  2.79329E-04
 -3.74027E-04  6.90514E-04  2.77722E-04 -2.13314E-04 -4.52122E-04 -7.51667E-05
  3.49538E-05  1.41789E-04  2.83661E-04 -3.62064E-04  2.19274E-04 -3.92866E-04
 -4.72195E-05  2.01482E-04 -3.77249E-05  2.07201E-04  1.19313E-04 -1.08875E-05
  1.99913E-04 -3.94639E-04 -1.58309E-04  1.44124E-04 -2.00477E-04 -9.79861E-06
  7.75494E-05  6.89359E-05  7.66187E-05 -5.86763E-05 -9.40440E-05  1.05215E-04
