AutoSaveFileName0129.ASC
 IFORMY    0    .00
 (6E13.7)
 IFORMT    0    .00
 (6E13.7)
 IFORMW    0    .00
 (6E13.7)
 NINTT     0   -1.00
 DOUSNQ    0    1.00
 IQUAD          1.00
 PRWT      0    1.00
 PRY       0    1.00
 IPLRES    1    3.00
 IPLRES    2    3.00
 IPRINT    1    0.00
 IPRINT    2    2.00
 IPLFIT    1    0.00
 IPLFIT    2    0.00
 LINEPG    0   50.
 NONNEG    1    1.00
 IWT       0    5.00
 NQPROG    1    5.00
 NQPROG    2    5.00
 GMNMX     1    1.859E-05
 GMNMX     2    5.577E-03
 RUSER    10    -1.00
 NG        0    200.00
 NLINF     0    0.00
 IUSER    10    4.00
 RUSER    21    1.0
 RUSER    22   -1.0
 RUSER    23    0.0
 RUSER    18         291.98760
 RUSER    17         74.99900
 RUSER    19         0.00103
 RUSER    15         1.33200
 RUSER    16         0.00000
 RUSER    25         1
 RUSER    26         0
 END       0    0.00
 NY      131
  3.75000E-07  5.00000E-07  6.25000E-07  7.50000E-07  8.75000E-07  1.00000E-06
  1.12500E-06  1.25000E-06  1.37500E-06  1.50000E-06  1.62500E-06  1.75000E-06
  1.87500E-06  2.00000E-06  2.25000E-06  2.50000E-06  2.75000E-06  3.00000E-06
  3.25000E-06  3.50000E-06  3.75000E-06  4.00000E-06  4.50000E-06  5.00000E-06
  5.50000E-06  6.00000E-06  6.50000E-06  7.00000E-06  7.50000E-06  8.00000E-06
  9.00000E-06  1.00000E-05  1.10000E-05  1.20000E-05  1.30000E-05  1.40000E-05
  1.50000E-05  1.60000E-05  1.80000E-05  2.00000E-05  2.20000E-05  2.40000E-05
  2.60000E-05  2.80000E-05  3.00000E-05  3.20000E-05  3.60000E-05  4.00000E-05
  4.40000E-05  4.80000E-05  5.20000E-05  5.60000E-05  6.00000E-05  6.40000E-05
  7.20000E-05  8.00000E-05  8.80000E-05  9.60000E-05  1.04000E-04  1.12000E-04
  1.20000E-04  1.28000E-04  1.44000E-04  1.60000E-04  1.76000E-04  1.92000E-04
  2.08000E-04  2.24000E-04  2.40000E-04  2.56000E-04  2.88000E-04  3.20000E-04
  3.52000E-04  3.84000E-04  4.16000E-04  4.48000E-04  4.80000E-04  5.12000E-04
  5.76000E-04  6.40000E-04  7.04000E-04  7.68000E-04  8.32000E-04  8.96000E-04
  9.60000E-04  1.02400E-03  1.15200E-03  1.28000E-03  1.40800E-03  1.53600E-03
  1.66400E-03  1.79200E-03  1.92000E-03  2.01600E-03  2.27200E-03  2.52800E-03
  2.78400E-03  3.04000E-03  3.29600E-03  3.55200E-03  3.80800E-03  4.06400E-03
  4.57600E-03  5.08800E-03  5.60000E-03  6.11200E-03  6.62400E-03  7.13600E-03
  7.64800E-03  8.16000E-03  9.18400E-03  1.02080E-02  1.12320E-02  1.22560E-02
  1.32800E-02  1.43040E-02  1.53280E-02  1.63520E-02  1.84000E-02  2.04480E-02
  2.24960E-02  2.45440E-02  2.65920E-02  2.86400E-02  3.06880E-02  3.27360E-02
  3.68320E-02  4.09280E-02  4.50240E-02  4.91200E-02  5.32160E-02
  9.54421E+00  9.53066E+00  9.51264E+00  9.48215E+00  9.49769E+00  9.45672E+00
  9.47977E+00  9.44849E+00  9.44793E+00  9.44981E+00  9.43932E+00  9.44745E+00
  9.42103E+00  9.43730E+00  9.41702E+00  9.43020E+00  9.41706E+00  9.40694E+00
  9.40604E+00  9.40685E+00  9.38968E+00  9.38930E+00  9.37595E+00  9.36432E+00
  9.35343E+00  9.34723E+00  9.33250E+00  9.33195E+00  9.31968E+00  9.31178E+00
  9.29073E+00  9.27078E+00  9.24782E+00  9.23573E+00  9.20831E+00  9.18218E+00
  9.17065E+00  9.14555E+00  9.10661E+00  9.06911E+00  9.02632E+00  8.98749E+00
  8.95086E+00  8.91477E+00  8.86913E+00  8.82895E+00  8.75789E+00  8.68098E+00
  8.60638E+00  8.53290E+00  8.46137E+00  8.38616E+00  8.31542E+00  8.24608E+00
  8.10353E+00  7.96695E+00  7.83154E+00  7.69842E+00  7.57399E+00  7.44284E+00
  7.31668E+00  7.19410E+00  6.95787E+00  6.72895E+00  6.51137E+00  6.30086E+00
  6.09769E+00  5.90284E+00  5.71405E+00  5.53738E+00  5.19795E+00  4.88535E+00
  4.59555E+00  4.33001E+00  4.08412E+00  3.85506E+00  3.64467E+00  3.45392E+00
  3.10598E+00  2.80987E+00  2.55701E+00  2.33949E+00  2.15431E+00  1.99425E+00
  1.85640E+00  1.73829E+00  1.54512E+00  1.40580E+00  1.30239E+00  1.23186E+00
  1.17632E+00  1.13288E+00  1.10196E+00  1.08380E+00  1.05032E+00  1.03193E+00
  1.02013E+00  1.01598E+00  1.01353E+00  1.01312E+00  1.01654E+00  1.01823E+00
  1.00884E+00  1.01459E+00  1.02519E+00  1.03161E+00  1.02323E+00  1.01476E+00
  9.94437E-01  1.00056E+00  9.87941E-01  9.80088E-01  9.94587E-01  1.00610E+00
  1.02607E+00  1.02088E+00  1.00029E+00  1.00298E+00  1.00014E+00  9.80847E-01
  9.88228E-01  9.95043E-01  9.94052E-01  9.92292E-01  9.83514E-01  9.86529E-01
  9.99384E-01  9.96157E-01  9.96325E-01  9.94852E-01  1.00523E+00
