AutoSaveFileName0328.ASC
 IFORMY    0    .00
 (6E13.7)
 IFORMT    0    .00
 (6E13.7)
 IFORMW    0    .00
 (6E13.7)
 NINTT     0   -1.00
 DOUSNQ    0    1.00
 IQUAD          1.00
 PRWT      0    1.00
 PRY       0    1.00
 IPLRES    1    3.00
 IPLRES    2    3.00
 IPRINT    1    0.00
 IPRINT    2    2.00
 IPLFIT    1    0.00
 IPLFIT    2    0.00
 LINEPG    0   50.
 NONNEG    1    1.00
 IWT       0    5.00
 NQPROG    1    5.00
 NQPROG    2    5.00
 GMNMX     1    8.777E-06
 GMNMX     2    8.777E-03
 RUSER    10    -1.00
 NG        0    200.00
 NLINF     0    0.00
 IUSER    10    4.00
 RUSER    21    1.0
 RUSER    22   -1.0
 RUSER    23    0.0
 RUSER    18         292.22790
 RUSER    17         123.99900
 RUSER    19         1.02470
 RUSER    15         1.33200
 RUSER    16         632.80000
 RUSER    25         1
 RUSER    26         0
 END       0    0.00
 NY      131
  3.75000E-07  5.00000E-07  6.25000E-07  7.50000E-07  8.75000E-07  1.00000E-06
  1.12500E-06  1.25000E-06  1.37500E-06  1.50000E-06  1.62500E-06  1.75000E-06
  1.87500E-06  2.00000E-06  2.25000E-06  2.50000E-06  2.75000E-06  3.00000E-06
  3.25000E-06  3.50000E-06  3.75000E-06  4.00000E-06  4.50000E-06  5.00000E-06
  5.50000E-06  6.00000E-06  6.50000E-06  7.00000E-06  7.50000E-06  8.00000E-06
  9.00000E-06  1.00000E-05  1.10000E-05  1.20000E-05  1.30000E-05  1.40000E-05
  1.50000E-05  1.60000E-05  1.80000E-05  2.00000E-05  2.20000E-05  2.40000E-05
  2.60000E-05  2.80000E-05  3.00000E-05  3.20000E-05  3.60000E-05  4.00000E-05
  4.40000E-05  4.80000E-05  5.20000E-05  5.60000E-05  6.00000E-05  6.40000E-05
  7.20000E-05  8.00000E-05  8.80000E-05  9.60000E-05  1.04000E-04  1.12000E-04
  1.20000E-04  1.28000E-04  1.44000E-04  1.60000E-04  1.76000E-04  1.92000E-04
  2.08000E-04  2.24000E-04  2.40000E-04  2.56000E-04  2.88000E-04  3.20000E-04
  3.52000E-04  3.84000E-04  4.16000E-04  4.48000E-04  4.80000E-04  5.12000E-04
  5.76000E-04  6.40000E-04  7.04000E-04  7.68000E-04  8.32000E-04  8.96000E-04
  9.60000E-04  1.02400E-03  1.15200E-03  1.28000E-03  1.40800E-03  1.53600E-03
  1.66400E-03  1.79200E-03  1.92000E-03  2.01600E-03  2.27200E-03  2.52800E-03
  2.78400E-03  3.04000E-03  3.29600E-03  3.55200E-03  3.80800E-03  4.06400E-03
  4.57600E-03  5.08800E-03  5.60000E-03  6.11200E-03  6.62400E-03  7.13600E-03
  7.64800E-03  8.16000E-03  9.18400E-03  1.02080E-02  1.12320E-02  1.22560E-02
  1.32800E-02  1.43040E-02  1.53280E-02  1.63520E-02  1.84000E-02  2.04480E-02
  2.24960E-02  2.45440E-02  2.65920E-02  2.86400E-02  3.06880E-02  3.27360E-02
  3.68320E-02  4.09280E-02  4.50240E-02  4.91200E-02  5.32160E-02
  1.61865E+00  1.61229E+00  1.60892E+00  1.61298E+00  1.60762E+00  1.61746E+00
  1.60459E+00  1.61169E+00  1.60785E+00  1.60931E+00  1.60775E+00  1.61218E+00
  1.60267E+00  1.60830E+00  1.60515E+00  1.60215E+00  1.60794E+00  1.60984E+00
  1.60798E+00  1.60515E+00  1.61062E+00  1.60616E+00  1.60601E+00  1.60425E+00
  1.60375E+00  1.60373E+00  1.59997E+00  1.60167E+00  1.60402E+00  1.60109E+00
  1.59739E+00  1.59594E+00  1.59662E+00  1.59452E+00  1.59376E+00  1.59132E+00
  1.58968E+00  1.58960E+00  1.58730E+00  1.58362E+00  1.58135E+00  1.57795E+00
  1.57598E+00  1.57310E+00  1.57075E+00  1.56771E+00  1.56304E+00  1.55697E+00
  1.55323E+00  1.54618E+00  1.54153E+00  1.53671E+00  1.53110E+00  1.52633E+00
  1.51638E+00  1.50662E+00  1.49651E+00  1.48657E+00  1.47741E+00  1.46649E+00
  1.45661E+00  1.44696E+00  1.42784E+00  1.40969E+00  1.39073E+00  1.37276E+00
  1.35374E+00  1.33639E+00  1.31804E+00  1.30004E+00  1.26607E+00  1.23199E+00
  1.19922E+00  1.16750E+00  1.13635E+00  1.10589E+00  1.07666E+00  1.04799E+00
  9.93241E-01  9.42318E-01  8.94549E-01  8.48442E-01  8.04938E-01  7.63524E-01
  7.24200E-01  6.88234E-01  6.20842E-01  5.60655E-01  5.06079E-01  4.57076E-01
  4.13537E-01  3.74881E-01  3.40210E-01  3.16184E-01  2.62193E-01  2.19873E-01
  1.84655E-01  1.54475E-01  1.28224E-01  1.06498E-01  8.66969E-02  7.10186E-02
  4.69170E-02  2.97515E-02  1.60348E-02  9.04754E-03  7.21585E-03  5.27482E-03
  1.22132E-03  2.31459E-03 -3.10419E-03 -1.02925E-02 -1.05449E-02 -5.96603E-03
 -3.32049E-03  1.45575E-03 -7.97107E-03 -5.43736E-03  1.74229E-04 -1.81001E-03
 -1.03362E-03  7.86718E-04  3.16183E-03  8.94177E-03  1.03050E-02 -2.70753E-04
 -1.51242E-04  2.51386E-03  6.84002E-03  3.43280E-03  4.78987E-03
