AutoSaveFileName0029.ASC
 IFORMY    0    .00
 (6E13.7)
 IFORMT    0    .00
 (6E13.7)
 IFORMW    0    .00
 (6E13.7)
 NINTT     0   -1.00
 DOUSNQ    0    1.00
 IQUAD          1.00
 PRWT      0    1.00
 PRY       0    1.00
 IPLRES    1    3.00
 IPLRES    2    3.00
 IPRINT    1    0.00
 IPRINT    2    2.00
 IPLFIT    1    0.00
 IPLFIT    2    0.00
 LINEPG    0   50.
 NONNEG    1    1.00
 IWT       0    5.00
 NQPROG    1    5.00
 NQPROG    2    5.00
 GMNMX     1    1.463E-04
 GMNMX     2    1.463E-01
 RUSER    10    -1.00
 NG        0    200.00
 NLINF     0    0.00
 IUSER    10    4.00
 RUSER    21    1.0
 RUSER    22   -1.0
 RUSER    23    0.0
 RUSER    18         292.16359
 RUSER    17         24.99800
 RUSER    19         1.02633
 RUSER    15         1.33200
 RUSER    16         632.80000
 RUSER    25         1
 RUSER    26         0
 END       0    0.00
 NY      188
  5.00000E-07  6.25000E-07  7.50000E-07  8.75000E-07  1.00000E-06  1.12500E-06
  1.25000E-06  1.37500E-06  1.50000E-06  1.62500E-06  1.75000E-06  1.87500E-06
  2.00000E-06  2.25000E-06  2.50000E-06  2.75000E-06  3.00000E-06  3.25000E-06
  3.50000E-06  3.75000E-06  4.00000E-06  4.50000E-06  5.00000E-06  5.50000E-06
  6.00000E-06  6.50000E-06  7.00000E-06  7.50000E-06  8.00000E-06  9.00000E-06
  1.00000E-05  1.10000E-05  1.20000E-05  1.30000E-05  1.40000E-05  1.50000E-05
  1.60000E-05  1.80000E-05  2.00000E-05  2.20000E-05  2.40000E-05  2.60000E-05
  2.80000E-05  3.00000E-05  3.20000E-05  3.60000E-05  4.00000E-05  4.40000E-05
  4.80000E-05  5.20000E-05  5.60000E-05  6.00000E-05  6.40000E-05  7.20000E-05
  8.00000E-05  8.80000E-05  9.60000E-05  1.04000E-04  1.12000E-04  1.20000E-04
  1.28000E-04  1.44000E-04  1.60000E-04  1.76000E-04  1.92000E-04  2.08000E-04
  2.24000E-04  2.40000E-04  2.56000E-04  2.88000E-04  3.20000E-04  3.52000E-04
  3.84000E-04  4.16000E-04  4.48000E-04  4.80000E-04  5.12000E-04  5.76000E-04
  6.40000E-04  7.04000E-04  7.68000E-04  8.32000E-04  8.96000E-04  9.60000E-04
  1.02400E-03  1.15200E-03  1.28000E-03  1.40800E-03  1.53600E-03  1.66400E-03
  1.79200E-03  1.92000E-03  2.01600E-03  2.27200E-03  2.52800E-03  2.78400E-03
  3.04000E-03  3.29600E-03  3.55200E-03  3.80800E-03  4.06400E-03  4.57600E-03
  5.08800E-03  5.60000E-03  6.11200E-03  6.62400E-03  7.13600E-03  7.64800E-03
  8.16000E-03  9.18400E-03  1.02080E-02  1.12320E-02  1.22560E-02  1.32800E-02
  1.43040E-02  1.53280E-02  1.63520E-02  1.84000E-02  2.04480E-02  2.24960E-02
  2.45440E-02  2.65920E-02  2.86400E-02  3.06880E-02  3.27360E-02  3.68320E-02
  4.09280E-02  4.50240E-02  4.91200E-02  5.32160E-02  5.73120E-02  6.14080E-02
  6.55040E-02  7.36960E-02  8.18880E-02  9.00800E-02  9.82720E-02  1.06464E-01
  1.14656E-01  1.22848E-01  1.31040E-01  1.47424E-01  1.63808E-01  1.80192E-01
  1.96576E-01  2.12960E-01  2.29344E-01  2.45728E-01  2.62112E-01  2.94880E-01
  3.27648E-01  3.60416E-01  3.93184E-01  4.25952E-01  4.58720E-01  4.91488E-01
  5.24256E-01  5.89792E-01  6.55328E-01  7.20864E-01  7.86400E-01  8.51936E-01
  9.17472E-01  9.83008E-01  1.04854E+00  1.17962E+00  1.31069E+00  1.44176E+00
  1.57283E+00  1.70390E+00  1.83498E+00  1.96605E+00  2.09712E+00  2.35926E+00
  2.62141E+00  2.88355E+00  3.14570E+00  3.40784E+00  3.66998E+00  3.93213E+00
  4.19427E+00  4.71856E+00  5.24285E+00  5.76714E+00  6.29142E+00  6.81571E+00
  7.34000E+00  7.86429E+00
  9.97365E-01  9.96961E-01  9.97093E-01  9.96124E-01  9.96283E-01  9.95973E-01
  9.96045E-01  9.96127E-01  9.96212E-01  9.95700E-01  9.95427E-01  9.95852E-01
  9.96057E-01  9.95868E-01  9.95899E-01  9.95719E-01  9.95857E-01  9.95606E-01
  9.95577E-01  9.95472E-01  9.95700E-01  9.95706E-01  9.95732E-01  9.95738E-01
  9.95555E-01  9.95542E-01  9.95510E-01  9.95430E-01  9.95507E-01  9.95479E-01
  9.95636E-01  9.95611E-01  9.95633E-01  9.95353E-01  9.95497E-01  9.95601E-01
  9.95492E-01  9.95337E-01  9.95336E-01  9.95318E-01  9.95372E-01  9.95038E-01
  9.95105E-01  9.95131E-01  9.95106E-01  9.94918E-01  9.94886E-01  9.94841E-01
  9.94744E-01  9.94545E-01  9.94504E-01  9.94480E-01  9.94365E-01  9.94170E-01
  9.93973E-01  9.93773E-01  9.93509E-01  9.93336E-01  9.93142E-01  9.92989E-01
  9.92731E-01  9.92330E-01  9.91877E-01  9.91470E-01  9.91084E-01  9.90673E-01
  9.90246E-01  9.89841E-01  9.89387E-01  9.88604E-01  9.87756E-01  9.86952E-01
  9.86134E-01  9.85302E-01  9.84483E-01  9.83636E-01  9.82759E-01  9.81130E-01
  9.79491E-01  9.77870E-01  9.76227E-01  9.74622E-01  9.72969E-01  9.71383E-01
  9.69582E-01  9.66342E-01  9.63113E-01  9.59901E-01  9.56690E-01  9.53517E-01
  9.50364E-01  9.47200E-01  9.45389E-01  9.39153E-01  9.32991E-01  9.26847E-01
  9.20735E-01  9.14671E-01  9.08654E-01  9.02700E-01  8.96774E-01  8.85076E-01
  8.73552E-01  8.62261E-01  8.51136E-01  8.40157E-01  8.29295E-01  8.18540E-01
  8.08004E-01  7.87189E-01  7.67014E-01  7.47479E-01  7.28515E-01  7.10003E-01
  6.91800E-01  6.74005E-01  6.57117E-01  6.24311E-01  5.93511E-01  5.64257E-01
  5.36665E-01  5.10439E-01  4.85727E-01  4.62239E-01  4.40031E-01  3.99217E-01
  3.62930E-01  3.29391E-01  2.98247E-01  2.69532E-01  2.43982E-01  2.20742E-01
  1.99029E-01  1.61378E-01  1.30082E-01  1.05057E-01  8.32837E-02  6.30108E-02
  4.51250E-02  3.02752E-02  2.19736E-02  9.95864E-03  2.92335E-03 -5.00461E-03
 -1.13514E-02 -1.06396E-02 -1.07201E-02 -9.11848E-03 -4.98544E-03  2.20394E-03
  1.49024E-02  1.64399E-02  1.91227E-02  1.31124E-02  1.10892E-02  1.78308E-02
  1.94205E-02  1.83524E-02 -1.82399E-03 -1.60554E-02 -2.12220E-02 -3.05591E-02
 -2.37554E-02 -9.61975E-03 -1.67956E-02  6.79237E-03  2.27065E-02 -4.24036E-03
 -1.34003E-02 -1.35869E-02  2.79447E-02 -2.12116E-02 -1.35936E-02 -2.78988E-03
  4.00054E-04 -4.08027E-03  1.35915E-02  8.68951E-03 -8.52647E-03 -8.02132E-03
 -2.61005E-03 -3.04885E-02 -1.43412E-03  7.68851E-03  5.91800E-03  3.43878E-03
 -4.05458E-03 -1.81360E-04
