AutoSaveFileName0033.ASC
 IFORMY    0    .00
 (6E13.7)
 IFORMT    0    .00
 (6E13.7)
 IFORMW    0    .00
 (6E13.7)
 NINTT     0   -1.00
 DOUSNQ    0    1.00
 IQUAD     0    1.00
 PRWT      0    1.00
 PRY       0    1.00
 IPLRES    1    3.00
 IPLRES    2    3.00
 IPRINT    1    0.00
 IPRINT    2    2.00
 IPLFIT    1    0.00
 IPLFIT    2    0.00
 LINEPG    0   50.
 NONNEG    1    1.00
 IWT       0    5.00
 NQPROG    1    5.00
 NQPROG    2    5.00
 GMNMX     1    4.01937E-02
 GMNMX     2    1.44285E-02
 RUSER    10    -1.00
 NG        0    500.00
 NLINF     0    1.00
 IUSER    10    4.00
 RUSER    21    1.0
 RUSER    22   -1.0
 RUSER    23    0.0
 RUSER    18         291.91454
 RUSER    17         29.99800
 RUSER    19         1.03268
 RUSER    15         1.33200
 RUSER    16         632.80000
 RUSER    25         1
 RUSER    26         0
 END       0    0.00
 NY      162
  7.50000E-07  8.75000E-07  1.00000E-06  1.12500E-06  1.25000E-06  1.37500E-06
  1.50000E-06  1.62500E-06  1.75000E-06  1.87500E-06  2.00000E-06  2.25000E-06
  2.50000E-06  2.75000E-06  3.00000E-06  3.25000E-06  3.50000E-06  3.75000E-06
  4.00000E-06  4.50000E-06  5.00000E-06  5.50000E-06  6.00000E-06  6.50000E-06
  7.00000E-06  7.50000E-06  8.00000E-06  9.00000E-06  1.00000E-05  1.10000E-05
  1.20000E-05  1.30000E-05  1.40000E-05  1.50000E-05  1.60000E-05  1.80000E-05
  2.00000E-05  2.20000E-05  2.40000E-05  2.60000E-05  2.80000E-05  3.00000E-05
  3.20000E-05  3.60000E-05  4.00000E-05  4.40000E-05  4.80000E-05  5.20000E-05
  5.60000E-05  6.00000E-05  6.40000E-05  7.20000E-05  8.00000E-05  8.80000E-05
  9.60000E-05  1.04000E-04  1.12000E-04  1.20000E-04  1.28000E-04  1.44000E-04
  1.60000E-04  1.76000E-04  1.92000E-04  2.08000E-04  2.24000E-04  2.40000E-04
  2.56000E-04  2.88000E-04  3.20000E-04  3.52000E-04  3.84000E-04  4.16000E-04
  4.48000E-04  4.80000E-04  5.12000E-04  5.76000E-04  6.40000E-04  7.04000E-04
  7.68000E-04  8.32000E-04  8.96000E-04  9.60000E-04  1.02400E-03  1.15200E-03
  1.28000E-03  1.40800E-03  1.53600E-03  1.66400E-03  1.79200E-03  1.92000E-03
  2.01600E-03  2.27200E-03  2.52800E-03  2.78400E-03  3.04000E-03  3.29600E-03
  3.55200E-03  3.80800E-03  4.06400E-03  4.57600E-03  5.08800E-03  5.60000E-03
  6.11200E-03  6.62400E-03  7.13600E-03  7.64800E-03  8.16000E-03  9.18400E-03
  1.02080E-02  1.12320E-02  1.22560E-02  1.32800E-02  1.43040E-02  1.53280E-02
  1.63520E-02  1.84000E-02  2.04480E-02  2.24960E-02  2.45440E-02  2.65920E-02
  2.86400E-02  3.06880E-02  3.27360E-02  3.68320E-02  4.09280E-02  4.50240E-02
  4.91200E-02  5.32160E-02  5.73120E-02  6.14080E-02  6.55040E-02  7.36960E-02
  8.18880E-02  9.00800E-02  9.82720E-02  1.06464E-01  1.14656E-01  1.22848E-01
  1.31040E-01  1.47424E-01  1.63808E-01  1.80192E-01  1.96576E-01  2.12960E-01
  2.29344E-01  2.45728E-01  2.62112E-01  2.94880E-01  3.27648E-01  3.60416E-01
  3.93184E-01  4.25952E-01  4.58720E-01  4.91488E-01  5.24256E-01  5.89792E-01
  6.55328E-01  7.20864E-01  7.86400E-01  8.51936E-01  9.17472E-01  9.83008E-01
  9.99839E-01  9.95693E-01  9.97827E-01  1.00000E+00  9.94516E-01  9.96070E-01
  9.94827E-01  9.95586E-01  9.92194E-01  9.90589E-01  9.94166E-01  9.91551E-01
  9.91752E-01  9.92792E-01  9.94549E-01  9.93452E-01  9.93443E-01  9.93132E-01
  9.93150E-01  9.93255E-01  9.92723E-01  9.93518E-01  9.93171E-01  9.91823E-01
  9.91919E-01  9.88643E-01  9.89713E-01  9.90792E-01  9.90356E-01  9.88700E-01
  9.89791E-01  9.89145E-01  9.88554E-01  9.87860E-01  9.86817E-01  9.86229E-01
  9.85724E-01  9.85544E-01  9.84196E-01  9.83835E-01  9.82687E-01  9.81011E-01
  9.80559E-01  9.79241E-01  9.77619E-01  9.75619E-01  9.74346E-01  9.72840E-01
  9.71701E-01  9.69812E-01  9.67732E-01  9.64403E-01  9.61654E-01  9.57810E-01
  9.54986E-01  9.51788E-01  9.48570E-01  9.45446E-01  9.42598E-01  9.36047E-01
  9.29924E-01  9.24165E-01  9.18065E-01  9.12282E-01  9.06353E-01  9.00450E-01
  8.94769E-01  8.83619E-01  8.72477E-01  8.61817E-01  8.51022E-01  8.40625E-01
  8.29971E-01  8.19932E-01  8.09914E-01  7.90339E-01  7.71272E-01  7.52605E-01
  7.34731E-01  7.17086E-01  6.99914E-01  6.83351E-01  6.66642E-01  6.35841E-01
  6.06772E-01  5.78903E-01  5.52343E-01  5.27021E-01  5.02903E-01  4.80226E-01
  4.64931E-01  4.24635E-01  3.87688E-01  3.54210E-01  3.23989E-01  2.96561E-01
  2.72163E-01  2.50087E-01  2.30203E-01  1.95457E-01  1.66823E-01  1.42205E-01
  1.22261E-01  1.06483E-01  9.28190E-02  8.06720E-02  7.05296E-02  5.36854E-02
  4.23046E-02  3.37874E-02  2.84778E-02  2.59414E-02  2.42667E-02  2.45410E-02
  2.35259E-02  2.12163E-02  1.58115E-02  1.18819E-02  7.03611E-03  3.68032E-03
 -1.28244E-03 -2.60236E-03 -1.70794E-03  2.67652E-03  5.62621E-04  2.52872E-03
  6.39849E-04 -2.10549E-03 -6.44171E-03 -6.69908E-03 -5.09789E-03 -6.89821E-03
 -3.46899E-03 -3.33068E-03 -6.40163E-03 -1.83399E-04  1.62169E-05 -5.84112E-03
 -2.70789E-03  2.74761E-04  2.37924E-04  2.11726E-03 -3.60886E-04  1.11193E-03
  1.51843E-03  1.53831E-03  3.30830E-03  1.21538E-03  2.32745E-03 -1.38161E-03
 -2.02140E-03  1.03090E-02  3.66140E-03 -1.42083E-03 -1.21423E-03 -2.25811E-03
  4.60065E-04 -1.25263E-03  5.37816E-03 -3.95563E-03 -1.05854E-05  2.71236E-03
