AutoSaveFileName0205.ASC
 IFORMY    0    .00
 (6E13.7)
 IFORMT    0    .00
 (6E13.7)
 IFORMW    0    .00
 (6E13.7)
 NINTT     0   -1.00
 DOUSNQ    0    1.00
 IQUAD     0    1.00
 PRWT      0    1.00
 PRY       0    1.00
 IPLRES    1    3.00
 IPLRES    2    3.00
 IPRINT    1    0.00
 IPRINT    2    2.00
 IPLFIT    1    0.00
 IPLFIT    2    0.00
 LINEPG    0   50.
 NONNEG    1    1.00
 IWT       0    5.00
 NQPROG    1    5.00
 NQPROG    2    5.00
 GMNMX     1    3.76788E-03
 GMNMX     2    1.35257E-03
 RUSER    10    -1.00
 NG        0    500.00
 NLINF     0    1.00
 IUSER    10    4.00
 RUSER    21    1.0
 RUSER    22   -1.0
 RUSER    23    0.0
 RUSER    18         292.07331
 RUSER    17         114.99900
 RUSER    19         1.02863
 RUSER    15         1.33200
 RUSER    16         632.80000
 RUSER    25         1
 RUSER    26         0
 END       0    0.00
 NY      162
  7.50000E-07  8.75000E-07  1.00000E-06  1.12500E-06  1.25000E-06  1.37500E-06
  1.50000E-06  1.62500E-06  1.75000E-06  1.87500E-06  2.00000E-06  2.25000E-06
  2.50000E-06  2.75000E-06  3.00000E-06  3.25000E-06  3.50000E-06  3.75000E-06
  4.00000E-06  4.50000E-06  5.00000E-06  5.50000E-06  6.00000E-06  6.50000E-06
  7.00000E-06  7.50000E-06  8.00000E-06  9.00000E-06  1.00000E-05  1.10000E-05
  1.20000E-05  1.30000E-05  1.40000E-05  1.50000E-05  1.60000E-05  1.80000E-05
  2.00000E-05  2.20000E-05  2.40000E-05  2.60000E-05  2.80000E-05  3.00000E-05
  3.20000E-05  3.60000E-05  4.00000E-05  4.40000E-05  4.80000E-05  5.20000E-05
  5.60000E-05  6.00000E-05  6.40000E-05  7.20000E-05  8.00000E-05  8.80000E-05
  9.60000E-05  1.04000E-04  1.12000E-04  1.20000E-04  1.28000E-04  1.44000E-04
  1.60000E-04  1.76000E-04  1.92000E-04  2.08000E-04  2.24000E-04  2.40000E-04
  2.56000E-04  2.88000E-04  3.20000E-04  3.52000E-04  3.84000E-04  4.16000E-04
  4.48000E-04  4.80000E-04  5.12000E-04  5.76000E-04  6.40000E-04  7.04000E-04
  7.68000E-04  8.32000E-04  8.96000E-04  9.60000E-04  1.02400E-03  1.15200E-03
  1.28000E-03  1.40800E-03  1.53600E-03  1.66400E-03  1.79200E-03  1.92000E-03
  2.01600E-03  2.27200E-03  2.52800E-03  2.78400E-03  3.04000E-03  3.29600E-03
  3.55200E-03  3.80800E-03  4.06400E-03  4.57600E-03  5.08800E-03  5.60000E-03
  6.11200E-03  6.62400E-03  7.13600E-03  7.64800E-03  8.16000E-03  9.18400E-03
  1.02080E-02  1.12320E-02  1.22560E-02  1.32800E-02  1.43040E-02  1.53280E-02
  1.63520E-02  1.84000E-02  2.04480E-02  2.24960E-02  2.45440E-02  2.65920E-02
  2.86400E-02  3.06880E-02  3.27360E-02  3.68320E-02  4.09280E-02  4.50240E-02
  4.91200E-02  5.32160E-02  5.73120E-02  6.14080E-02  6.55040E-02  7.36960E-02
  8.18880E-02  9.00800E-02  9.82720E-02  1.06464E-01  1.14656E-01  1.22848E-01
  1.31040E-01  1.47424E-01  1.63808E-01  1.80192E-01  1.96576E-01  2.12960E-01
  2.29344E-01  2.45728E-01  2.62112E-01  2.94880E-01  3.27648E-01  3.60416E-01
  3.93184E-01  4.25952E-01  4.58720E-01  4.91488E-01  5.24256E-01  5.89792E-01
  6.55328E-01  7.20864E-01  7.86400E-01  8.51936E-01  9.17472E-01  9.83008E-01
  9.98915E-01  1.00000E+00  9.98013E-01  9.92723E-01  9.94753E-01  9.92806E-01
  9.95161E-01  9.91011E-01  9.93029E-01  9.89700E-01  9.90325E-01  9.89032E-01
  9.87292E-01  9.88773E-01  9.86681E-01  9.85104E-01  9.83818E-01  9.83726E-01
  9.79996E-01  9.78428E-01  9.75977E-01  9.74357E-01  9.70799E-01  9.69316E-01
  9.67835E-01  9.63693E-01  9.61577E-01  9.57398E-01  9.52668E-01  9.49122E-01
  9.44388E-01  9.39357E-01  9.35503E-01  9.29725E-01  9.25941E-01  9.17861E-01
  9.07822E-01  9.00208E-01  8.92387E-01  8.82694E-01  8.74330E-01  8.65864E-01
  8.57702E-01  8.41800E-01  8.25450E-01  8.10818E-01  7.94774E-01  7.79691E-01
  7.64770E-01  7.50898E-01  7.36378E-01  7.08648E-01  6.82427E-01  6.56819E-01
  6.31594E-01  6.08092E-01  5.85092E-01  5.63150E-01  5.42609E-01  5.03230E-01
  4.66636E-01  4.32361E-01  4.00821E-01  3.71610E-01  3.44348E-01  3.18766E-01
  2.95970E-01  2.54351E-01  2.18300E-01  1.87197E-01  1.60401E-01  1.37642E-01
  1.17893E-01  1.01494E-01  8.72986E-02  6.39503E-02  4.70530E-02  3.43616E-02
  2.50832E-02  1.83518E-02  1.30326E-02  9.52088E-03  6.91169E-03  3.02338E-03
  1.41124E-03  6.24360E-04  9.63759E-04  2.00816E-03  2.72165E-03  1.58663E-03
  1.37265E-03  7.53737E-04 -4.66948E-05 -6.23490E-04 -1.08363E-03 -6.56857E-04
  3.07410E-04  5.10628E-04  1.70906E-03  1.15041E-03  1.29111E-03  1.26248E-03
  6.46445E-06 -1.27171E-03 -1.04944E-03 -2.44864E-04  2.21954E-04  4.85199E-04
  4.42720E-04  5.04141E-04  2.20179E-03 -4.75923E-04 -9.81573E-05  5.13144E-05
 -3.39476E-04  8.95516E-04 -1.15532E-04  2.35946E-04  2.09015E-04  2.94469E-04
  5.22272E-04  7.72054E-04 -2.85386E-04 -4.28995E-04  1.89301E-04  5.01206E-04
  1.01244E-03 -5.60072E-04 -1.33127E-03  6.17105E-05  5.62333E-04  4.69936E-05
  6.14583E-04 -5.72187E-04 -1.62579E-04 -4.26064E-04 -7.61368E-06 -3.66355E-04
 -1.30511E-04 -3.02804E-04 -2.33810E-04  1.85534E-04 -5.68866E-04 -2.52215E-04
  4.90379E-05  4.10515E-04  1.80424E-04 -3.37636E-05  1.39417E-04  1.16554E-04
 -1.82991E-04  1.51383E-04 -2.09264E-04 -9.06903E-05 -2.18804E-05 -1.17620E-04
  3.47325E-05  5.77300E-05 -7.43827E-05 -4.45809E-06  1.13113E-04 -1.82453E-04
