AutoSaveFileName0319.ASC
 IFORMY    0    .00
 (6E13.7)
 IFORMT    0    .00
 (6E13.7)
 IFORMW    0    .00
 (6E13.7)
 NINTT     0   -1.00
 DOUSNQ    0    1.00
 IQUAD          1.00
 PRWT      0    1.00
 PRY       0    1.00
 IPLRES    1    3.00
 IPLRES    2    3.00
 IPRINT    1    0.00
 IPRINT    2    2.00
 IPLFIT    1    0.00
 IPLFIT    2    0.00
 LINEPG    0   50.
 NONNEG    1    1.00
 IWT       0    5.00
 NQPROG    1    5.00
 NQPROG    2    5.00
 GMNMX     1    9.037E-06
 GMNMX     2    9.037E-03
 RUSER    10    -1.00
 NG        0    200.00
 NLINF     0    0.00
 IUSER    10    4.00
 RUSER    21    1.0
 RUSER    22   -1.0
 RUSER    23    0.0
 RUSER    18         292.21139
 RUSER    17         120.99900
 RUSER    19         1.02512
 RUSER    15         1.33200
 RUSER    16         632.80000
 RUSER    25         1
 RUSER    26         0
 END       0    0.00
 NY      131
  3.75000E-07  5.00000E-07  6.25000E-07  7.50000E-07  8.75000E-07  1.00000E-06
  1.12500E-06  1.25000E-06  1.37500E-06  1.50000E-06  1.62500E-06  1.75000E-06
  1.87500E-06  2.00000E-06  2.25000E-06  2.50000E-06  2.75000E-06  3.00000E-06
  3.25000E-06  3.50000E-06  3.75000E-06  4.00000E-06  4.50000E-06  5.00000E-06
  5.50000E-06  6.00000E-06  6.50000E-06  7.00000E-06  7.50000E-06  8.00000E-06
  9.00000E-06  1.00000E-05  1.10000E-05  1.20000E-05  1.30000E-05  1.40000E-05
  1.50000E-05  1.60000E-05  1.80000E-05  2.00000E-05  2.20000E-05  2.40000E-05
  2.60000E-05  2.80000E-05  3.00000E-05  3.20000E-05  3.60000E-05  4.00000E-05
  4.40000E-05  4.80000E-05  5.20000E-05  5.60000E-05  6.00000E-05  6.40000E-05
  7.20000E-05  8.00000E-05  8.80000E-05  9.60000E-05  1.04000E-04  1.12000E-04
  1.20000E-04  1.28000E-04  1.44000E-04  1.60000E-04  1.76000E-04  1.92000E-04
  2.08000E-04  2.24000E-04  2.40000E-04  2.56000E-04  2.88000E-04  3.20000E-04
  3.52000E-04  3.84000E-04  4.16000E-04  4.48000E-04  4.80000E-04  5.12000E-04
  5.76000E-04  6.40000E-04  7.04000E-04  7.68000E-04  8.32000E-04  8.96000E-04
  9.60000E-04  1.02400E-03  1.15200E-03  1.28000E-03  1.40800E-03  1.53600E-03
  1.66400E-03  1.79200E-03  1.92000E-03  2.01600E-03  2.27200E-03  2.52800E-03
  2.78400E-03  3.04000E-03  3.29600E-03  3.55200E-03  3.80800E-03  4.06400E-03
  4.57600E-03  5.08800E-03  5.60000E-03  6.11200E-03  6.62400E-03  7.13600E-03
  7.64800E-03  8.16000E-03  9.18400E-03  1.02080E-02  1.12320E-02  1.22560E-02
  1.32800E-02  1.43040E-02  1.53280E-02  1.63520E-02  1.84000E-02  2.04480E-02
  2.24960E-02  2.45440E-02  2.65920E-02  2.86400E-02  3.06880E-02  3.27360E-02
  3.68320E-02  4.09280E-02  4.50240E-02  4.91200E-02  5.32160E-02
  1.64621E+00  1.63743E+00  1.64203E+00  1.64243E+00  1.62960E+00  1.63461E+00
  1.63719E+00  1.63690E+00  1.63296E+00  1.62977E+00  1.63320E+00  1.62999E+00
  1.63654E+00  1.63476E+00  1.63207E+00  1.63235E+00  1.63004E+00  1.63043E+00
  1.63131E+00  1.62990E+00  1.63124E+00  1.63072E+00  1.62988E+00  1.62727E+00
  1.62732E+00  1.62849E+00  1.62727E+00  1.62661E+00  1.62674E+00  1.62495E+00
  1.62319E+00  1.62288E+00  1.62160E+00  1.62137E+00  1.61987E+00  1.61728E+00
  1.61724E+00  1.61553E+00  1.61198E+00  1.60952E+00  1.60696E+00  1.60413E+00
  1.60076E+00  1.59934E+00  1.59635E+00  1.59432E+00  1.58920E+00  1.58355E+00
  1.57915E+00  1.57295E+00  1.56757E+00  1.56368E+00  1.55743E+00  1.55275E+00
  1.54280E+00  1.53278E+00  1.52379E+00  1.51292E+00  1.50316E+00  1.49367E+00
  1.48400E+00  1.47416E+00  1.45454E+00  1.43658E+00  1.41747E+00  1.39988E+00
  1.38126E+00  1.36341E+00  1.34512E+00  1.32814E+00  1.29383E+00  1.26077E+00
  1.22805E+00  1.19634E+00  1.16580E+00  1.13546E+00  1.10644E+00  1.07801E+00
  1.02298E+00  9.70982E-01  9.21498E-01  8.74535E-01  8.30160E-01  7.88582E-01
  7.48294E-01  7.10214E-01  6.40432E-01  5.77353E-01  5.21381E-01  4.70892E-01
  4.24814E-01  3.83398E-01  3.46417E-01  3.21818E-01  2.61000E-01  2.11355E-01
  1.69625E-01  1.37352E-01  1.12872E-01  9.41919E-02  7.91742E-02  6.75947E-02
  4.95885E-02  3.86742E-02  3.19233E-02  2.60298E-02  1.92753E-02  1.40382E-02
  8.89529E-03  5.83114E-03  1.02148E-03 -7.44915E-03 -8.59490E-03 -5.86648E-03
 -3.88890E-05  5.34532E-03  1.77717E-04 -5.52401E-03 -4.44868E-03 -4.10582E-03
 -5.27320E-04  1.74346E-03 -3.84398E-03 -3.75211E-03 -5.89257E-03 -1.00782E-02
 -4.78844E-03  3.04817E-03  2.40721E-03 -1.81551E-02 -3.16478E-03
