AutoSaveFileName0209.ASC
 IFORMY    0    .00
 (6E13.7)
 IFORMT    0    .00
 (6E13.7)
 IFORMW    0    .00
 (6E13.7)
 NINTT     0   -1.00
 DOUSNQ    0    1.00
 IQUAD          1.00
 PRWT      0    1.00
 PRY       0    1.00
 IPLRES    1    3.00
 IPLRES    2    3.00
 IPRINT    1    0.00
 IPRINT    2    2.00
 IPLFIT    1    0.00
 IPLFIT    2    0.00
 LINEPG    0   50.
 NONNEG    1    1.00
 IWT       0    5.00
 NQPROG    1    5.00
 NQPROG    2    5.00
 GMNMX     1    9.617E-06
 GMNMX     2    9.617E-03
 RUSER    10    -1.00
 NG        0    200.00
 NLINF     0    0.00
 IUSER    10    4.00
 RUSER    21    1.0
 RUSER    22   -1.0
 RUSER    23    0.0
 RUSER    18         292.23561
 RUSER    17         114.99900
 RUSER    19         1.02451
 RUSER    15         1.33200
 RUSER    16         632.80000
 RUSER    25         1
 RUSER    26         0
 END       0    0.00
 NY      188
  5.00000E-07  6.25000E-07  7.50000E-07  8.75000E-07  1.00000E-06  1.12500E-06
  1.25000E-06  1.37500E-06  1.50000E-06  1.62500E-06  1.75000E-06  1.87500E-06
  2.00000E-06  2.25000E-06  2.50000E-06  2.75000E-06  3.00000E-06  3.25000E-06
  3.50000E-06  3.75000E-06  4.00000E-06  4.50000E-06  5.00000E-06  5.50000E-06
  6.00000E-06  6.50000E-06  7.00000E-06  7.50000E-06  8.00000E-06  9.00000E-06
  1.00000E-05  1.10000E-05  1.20000E-05  1.30000E-05  1.40000E-05  1.50000E-05
  1.60000E-05  1.80000E-05  2.00000E-05  2.20000E-05  2.40000E-05  2.60000E-05
  2.80000E-05  3.00000E-05  3.20000E-05  3.60000E-05  4.00000E-05  4.40000E-05
  4.80000E-05  5.20000E-05  5.60000E-05  6.00000E-05  6.40000E-05  7.20000E-05
  8.00000E-05  8.80000E-05  9.60000E-05  1.04000E-04  1.12000E-04  1.20000E-04
  1.28000E-04  1.44000E-04  1.60000E-04  1.76000E-04  1.92000E-04  2.08000E-04
  2.24000E-04  2.40000E-04  2.56000E-04  2.88000E-04  3.20000E-04  3.52000E-04
  3.84000E-04  4.16000E-04  4.48000E-04  4.80000E-04  5.12000E-04  5.76000E-04
  6.40000E-04  7.04000E-04  7.68000E-04  8.32000E-04  8.96000E-04  9.60000E-04
  1.02400E-03  1.15200E-03  1.28000E-03  1.40800E-03  1.53600E-03  1.66400E-03
  1.79200E-03  1.92000E-03  2.01600E-03  2.27200E-03  2.52800E-03  2.78400E-03
  3.04000E-03  3.29600E-03  3.55200E-03  3.80800E-03  4.06400E-03  4.57600E-03
  5.08800E-03  5.60000E-03  6.11200E-03  6.62400E-03  7.13600E-03  7.64800E-03
  8.16000E-03  9.18400E-03  1.02080E-02  1.12320E-02  1.22560E-02  1.32800E-02
  1.43040E-02  1.53280E-02  1.63520E-02  1.84000E-02  2.04480E-02  2.24960E-02
  2.45440E-02  2.65920E-02  2.86400E-02  3.06880E-02  3.27360E-02  3.68320E-02
  4.09280E-02  4.50240E-02  4.91200E-02  5.32160E-02  5.73120E-02  6.14080E-02
  6.55040E-02  7.36960E-02  8.18880E-02  9.00800E-02  9.82720E-02  1.06464E-01
  1.14656E-01  1.22848E-01  1.31040E-01  1.47424E-01  1.63808E-01  1.80192E-01
  1.96576E-01  2.12960E-01  2.29344E-01  2.45728E-01  2.62112E-01  2.94880E-01
  3.27648E-01  3.60416E-01  3.93184E-01  4.25952E-01  4.58720E-01  4.91488E-01
  5.24256E-01  5.89792E-01  6.55328E-01  7.20864E-01  7.86400E-01  8.51936E-01
  9.17472E-01  9.83008E-01  1.04854E+00  1.17962E+00  1.31069E+00  1.44176E+00
  1.57283E+00  1.70390E+00  1.83498E+00  1.96605E+00  2.09712E+00  2.35926E+00
  2.62141E+00  2.88355E+00  3.14570E+00  3.40784E+00  3.66998E+00  3.93213E+00
  4.19427E+00  4.71856E+00  5.24285E+00  5.76714E+00  6.29142E+00  6.81571E+00
  7.34000E+00  7.86429E+00
  9.98086E-01  9.93924E-01  9.93887E-01  9.94415E-01  9.92071E-01  9.92967E-01
  9.91779E-01  9.93121E-01  9.92343E-01  9.91766E-01  9.91488E-01  9.91405E-01
  9.91814E-01  9.91311E-01  9.92004E-01  9.91959E-01  9.92012E-01  9.92118E-01
  9.90700E-01  9.91183E-01  9.91330E-01  9.91014E-01  9.90681E-01  9.90667E-01
  9.90824E-01  9.90368E-01  9.89479E-01  9.89088E-01  9.89506E-01  9.89515E-01
  9.88946E-01  9.88986E-01  9.87926E-01  9.87938E-01  9.87262E-01  9.87231E-01
  9.86889E-01  9.85720E-01  9.85493E-01  9.84823E-01  9.84171E-01  9.83006E-01
  9.82008E-01  9.81658E-01  9.80773E-01  9.79416E-01  9.77921E-01  9.76265E-01
  9.74744E-01  9.73282E-01  9.71707E-01  9.70369E-01  9.68837E-01  9.65625E-01
  9.62584E-01  9.59821E-01  9.56542E-01  9.53734E-01  9.50586E-01  9.47772E-01
  9.44667E-01  9.38650E-01  9.32894E-01  9.27011E-01  9.21149E-01  9.15385E-01
  9.09530E-01  9.03695E-01  8.97943E-01  8.86659E-01  8.75368E-01  8.64208E-01
  8.53261E-01  8.42415E-01  8.31749E-01  8.21193E-01  8.10751E-01  7.90398E-01
  7.70506E-01  7.50985E-01  7.32185E-01  7.13735E-01  6.95848E-01  6.78376E-01
  6.61601E-01  6.28845E-01  5.97861E-01  5.68620E-01  5.40918E-01  5.14578E-01
  4.89642E-01  4.65929E-01  4.48829E-01  4.06775E-01  3.68965E-01  3.34854E-01
  3.04284E-01  2.76373E-01  2.51114E-01  2.28014E-01  2.07773E-01  1.71793E-01
  1.42409E-01  1.18401E-01  9.88826E-02  8.32197E-02  7.03317E-02  5.96196E-02
  5.11933E-02  3.68900E-02  2.64093E-02  1.91659E-02  1.29052E-02  8.10265E-03
  5.41529E-03  3.83099E-03  1.54306E-03 -1.21386E-04 -6.43604E-04 -1.75208E-03
 -2.86123E-03 -3.74496E-03 -4.67281E-03 -2.12339E-03 -1.49345E-03 -2.35016E-03
  2.46839E-04 -4.83987E-04  3.32758E-04 -4.26243E-03 -4.45469E-03 -4.32636E-03
 -3.59678E-03  2.27858E-03 -1.42887E-03 -1.79815E-03 -8.98227E-04  2.76761E-03
  1.66589E-03 -2.43002E-03  1.02010E-03 -1.44272E-03 -2.71483E-03 -1.93118E-03
  1.62132E-03  5.61792E-04 -1.50161E-03  3.90840E-03  3.00766E-04  8.67190E-04
  2.60601E-04 -1.18497E-03  8.78467E-05  2.07459E-03  2.83168E-03  1.63516E-03
  1.29431E-03 -2.23335E-03  1.02201E-03 -2.07775E-03  4.54683E-04 -1.59920E-04
  1.25096E-03  1.30464E-03  1.05025E-04 -2.41759E-03  3.24861E-04 -1.04939E-03
 -9.77988E-04 -7.70258E-04  1.97614E-03 -9.69105E-04 -1.25849E-03 -9.28453E-04
 -1.38970E-03 -1.83369E-03 -4.31087E-04  5.51069E-05  5.87299E-04 -9.14546E-05
 -1.02049E-03  1.03122E-03  5.11176E-04  6.87800E-04 -9.92995E-04 -6.33265E-04
  1.44238E-03  4.12126E-04
