AutoSaveFileName0191.ASC
 IFORMY    0    .00
 (6E13.7)
 IFORMT    0    .00
 (6E13.7)
 IFORMW    0    .00
 (6E13.7)
 NINTT     0   -1.00
 DOUSNQ    0    1.00
 IQUAD     0    1.00
 PRWT      0    1.00
 PRY       0    1.00
 IPLRES    1    3.00
 IPLRES    2    3.00
 IPRINT    1    0.00
 IPRINT    2    2.00
 IPLFIT    1    0.00
 IPLFIT    2    0.00
 LINEPG    0   50.
 NONNEG    1    1.00
 IWT       0    5.00
 NQPROG    1    5.00
 NQPROG    2    5.00
 GMNMX     1    3.99621E-03
 GMNMX     2    1.43454E-03
 RUSER    10    -1.00
 NG        0    500.00
 NLINF     0    1.00
 IUSER    10    4.00
 RUSER    21    1.0
 RUSER    22   -1.0
 RUSER    23    0.0
 RUSER    18         292.05506
 RUSER    17         109.99900
 RUSER    19         1.02909
 RUSER    15         1.33200
 RUSER    16         632.80000
 RUSER    25         1
 RUSER    26         0
 END       0    0.00
 NY      162
  7.50000E-07  8.75000E-07  1.00000E-06  1.12500E-06  1.25000E-06  1.37500E-06
  1.50000E-06  1.62500E-06  1.75000E-06  1.87500E-06  2.00000E-06  2.25000E-06
  2.50000E-06  2.75000E-06  3.00000E-06  3.25000E-06  3.50000E-06  3.75000E-06
  4.00000E-06  4.50000E-06  5.00000E-06  5.50000E-06  6.00000E-06  6.50000E-06
  7.00000E-06  7.50000E-06  8.00000E-06  9.00000E-06  1.00000E-05  1.10000E-05
  1.20000E-05  1.30000E-05  1.40000E-05  1.50000E-05  1.60000E-05  1.80000E-05
  2.00000E-05  2.20000E-05  2.40000E-05  2.60000E-05  2.80000E-05  3.00000E-05
  3.20000E-05  3.60000E-05  4.00000E-05  4.40000E-05  4.80000E-05  5.20000E-05
  5.60000E-05  6.00000E-05  6.40000E-05  7.20000E-05  8.00000E-05  8.80000E-05
  9.60000E-05  1.04000E-04  1.12000E-04  1.20000E-04  1.28000E-04  1.44000E-04
  1.60000E-04  1.76000E-04  1.92000E-04  2.08000E-04  2.24000E-04  2.40000E-04
  2.56000E-04  2.88000E-04  3.20000E-04  3.52000E-04  3.84000E-04  4.16000E-04
  4.48000E-04  4.80000E-04  5.12000E-04  5.76000E-04  6.40000E-04  7.04000E-04
  7.68000E-04  8.32000E-04  8.96000E-04  9.60000E-04  1.02400E-03  1.15200E-03
  1.28000E-03  1.40800E-03  1.53600E-03  1.66400E-03  1.79200E-03  1.92000E-03
  2.01600E-03  2.27200E-03  2.52800E-03  2.78400E-03  3.04000E-03  3.29600E-03
  3.55200E-03  3.80800E-03  4.06400E-03  4.57600E-03  5.08800E-03  5.60000E-03
  6.11200E-03  6.62400E-03  7.13600E-03  7.64800E-03  8.16000E-03  9.18400E-03
  1.02080E-02  1.12320E-02  1.22560E-02  1.32800E-02  1.43040E-02  1.53280E-02
  1.63520E-02  1.84000E-02  2.04480E-02  2.24960E-02  2.45440E-02  2.65920E-02
  2.86400E-02  3.06880E-02  3.27360E-02  3.68320E-02  4.09280E-02  4.50240E-02
  4.91200E-02  5.32160E-02  5.73120E-02  6.14080E-02  6.55040E-02  7.36960E-02
  8.18880E-02  9.00800E-02  9.82720E-02  1.06464E-01  1.14656E-01  1.22848E-01
  1.31040E-01  1.47424E-01  1.63808E-01  1.80192E-01  1.96576E-01  2.12960E-01
  2.29344E-01  2.45728E-01  2.62112E-01  2.94880E-01  3.27648E-01  3.60416E-01
  3.93184E-01  4.25952E-01  4.58720E-01  4.91488E-01  5.24256E-01  5.89792E-01
  6.55328E-01  7.20864E-01  7.86400E-01  8.51936E-01  9.17472E-01  9.83008E-01
  1.00000E+00  9.98837E-01  9.90712E-01  9.95700E-01  9.98461E-01  9.92874E-01
  9.86558E-01  9.89014E-01  9.94107E-01  9.90806E-01  9.95764E-01  9.87569E-01
  9.87921E-01  9.88080E-01  9.87193E-01  9.86253E-01  9.86558E-01  9.81341E-01
  9.79802E-01  9.77364E-01  9.76283E-01  9.74573E-01  9.71994E-01  9.66578E-01
  9.67118E-01  9.63893E-01  9.60597E-01  9.59963E-01  9.53624E-01  9.49646E-01
  9.45322E-01  9.42168E-01  9.35934E-01  9.33667E-01  9.28550E-01  9.21000E-01
  9.13005E-01  9.03552E-01  8.96038E-01  8.88377E-01  8.80687E-01  8.72756E-01
  8.63550E-01  8.47858E-01  8.33876E-01  8.18636E-01  8.04137E-01  7.89473E-01
  7.75879E-01  7.62308E-01  7.48596E-01  7.22112E-01  6.95828E-01  6.72158E-01
  6.47724E-01  6.25012E-01  6.02734E-01  5.81549E-01  5.60513E-01  5.21972E-01
  4.85466E-01  4.51188E-01  4.19590E-01  3.90031E-01  3.63526E-01  3.38295E-01
  3.14998E-01  2.71981E-01  2.34947E-01  2.04056E-01  1.76721E-01  1.52654E-01
  1.32201E-01  1.14536E-01  9.95964E-02  7.46739E-02  5.60567E-02  4.21991E-02
  3.23583E-02  2.43187E-02  1.83148E-02  1.41362E-02  1.13769E-02  7.10955E-03
  4.66935E-03  1.89732E-03 -6.31697E-04 -3.09005E-03 -2.61770E-03 -1.11013E-03
 -1.35744E-04  1.26634E-03  4.52667E-04 -7.62202E-04 -1.90794E-03 -1.67890E-03
 -2.03950E-03 -2.29020E-03 -2.11423E-03  4.17596E-04  2.72713E-04  2.29261E-03
  2.17725E-03  1.36735E-03  2.98606E-03  1.65218E-03  2.47299E-03  1.47313E-04
  2.04793E-04  1.87906E-03 -2.01491E-03 -2.28396E-03 -4.30681E-03 -3.60584E-03
 -2.25604E-03 -1.20547E-03 -9.72676E-04 -5.14873E-04  1.41339E-03 -8.40808E-04
  8.66711E-04 -2.41692E-03 -1.26028E-03 -7.12036E-04 -1.44616E-03  3.08701E-03
  9.87798E-05 -1.89521E-03 -1.07136E-03  8.45567E-04  6.14513E-05  4.27510E-04
 -4.47562E-04  8.25210E-04 -1.31118E-03  1.97057E-03  6.26146E-04 -9.46309E-04
 -5.49594E-04 -1.12208E-03 -2.82823E-04 -5.34260E-04 -2.86359E-04 -4.82864E-04
  4.52809E-04  8.62763E-04  4.75172E-04  1.73465E-04  4.04653E-04  3.51710E-04
 -2.74441E-04 -4.73833E-04  2.92404E-04 -7.99719E-04 -1.50971E-04  2.25026E-05
 -5.71565E-04  3.35846E-06 -4.62992E-05  2.40815E-05 -4.39716E-04 -3.58928E-04
