AutoSaveFileName0059.ASC
 IFORMY    0    .00
 (6E13.7)
 IFORMT    0    .00
 (6E13.7)
 IFORMW    0    .00
 (6E13.7)
 NINTT     0   -1.00
 DOUSNQ    0    1.00
 IQUAD     0    1.00
 PRWT      0    1.00
 PRY       0    1.00
 IPLRES    1    3.00
 IPLRES    2    3.00
 IPRINT    1    0.00
 IPRINT    2    2.00
 IPLFIT    1    0.00
 IPLFIT    2    0.00
 LINEPG    0   50.
 NONNEG    1    1.00
 IWT       0    5.00
 NQPROG    1    5.00
 NQPROG    2    5.00
 GMNMX     1    2.30037E-02
 GMNMX     2    8.25774E-03
 RUSER    10    -1.00
 NG        0    500.00
 NLINF     0    1.00
 IUSER    10    4.00
 RUSER    21    1.0
 RUSER    22   -1.0
 RUSER    23    0.0
 RUSER    18         291.93365
 RUSER    17         39.99800
 RUSER    19         1.03219
 RUSER    15         1.33200
 RUSER    16         632.80000
 RUSER    25         1
 RUSER    26         0
 END       0    0.00
 NY      162
  7.50000E-07  8.75000E-07  1.00000E-06  1.12500E-06  1.25000E-06  1.37500E-06
  1.50000E-06  1.62500E-06  1.75000E-06  1.87500E-06  2.00000E-06  2.25000E-06
  2.50000E-06  2.75000E-06  3.00000E-06  3.25000E-06  3.50000E-06  3.75000E-06
  4.00000E-06  4.50000E-06  5.00000E-06  5.50000E-06  6.00000E-06  6.50000E-06
  7.00000E-06  7.50000E-06  8.00000E-06  9.00000E-06  1.00000E-05  1.10000E-05
  1.20000E-05  1.30000E-05  1.40000E-05  1.50000E-05  1.60000E-05  1.80000E-05
  2.00000E-05  2.20000E-05  2.40000E-05  2.60000E-05  2.80000E-05  3.00000E-05
  3.20000E-05  3.60000E-05  4.00000E-05  4.40000E-05  4.80000E-05  5.20000E-05
  5.60000E-05  6.00000E-05  6.40000E-05  7.20000E-05  8.00000E-05  8.80000E-05
  9.60000E-05  1.04000E-04  1.12000E-04  1.20000E-04  1.28000E-04  1.44000E-04
  1.60000E-04  1.76000E-04  1.92000E-04  2.08000E-04  2.24000E-04  2.40000E-04
  2.56000E-04  2.88000E-04  3.20000E-04  3.52000E-04  3.84000E-04  4.16000E-04
  4.48000E-04  4.80000E-04  5.12000E-04  5.76000E-04  6.40000E-04  7.04000E-04
  7.68000E-04  8.32000E-04  8.96000E-04  9.60000E-04  1.02400E-03  1.15200E-03
  1.28000E-03  1.40800E-03  1.53600E-03  1.66400E-03  1.79200E-03  1.92000E-03
  2.01600E-03  2.27200E-03  2.52800E-03  2.78400E-03  3.04000E-03  3.29600E-03
  3.55200E-03  3.80800E-03  4.06400E-03  4.57600E-03  5.08800E-03  5.60000E-03
  6.11200E-03  6.62400E-03  7.13600E-03  7.64800E-03  8.16000E-03  9.18400E-03
  1.02080E-02  1.12320E-02  1.22560E-02  1.32800E-02  1.43040E-02  1.53280E-02
  1.63520E-02  1.84000E-02  2.04480E-02  2.24960E-02  2.45440E-02  2.65920E-02
  2.86400E-02  3.06880E-02  3.27360E-02  3.68320E-02  4.09280E-02  4.50240E-02
  4.91200E-02  5.32160E-02  5.73120E-02  6.14080E-02  6.55040E-02  7.36960E-02
  8.18880E-02  9.00800E-02  9.82720E-02  1.06464E-01  1.14656E-01  1.22848E-01
  1.31040E-01  1.47424E-01  1.63808E-01  1.80192E-01  1.96576E-01  2.12960E-01
  2.29344E-01  2.45728E-01  2.62112E-01  2.94880E-01  3.27648E-01  3.60416E-01
  3.93184E-01  4.25952E-01  4.58720E-01  4.91488E-01  5.24256E-01  5.89792E-01
  6.55328E-01  7.20864E-01  7.86400E-01  8.51936E-01  9.17472E-01  9.83008E-01
  1.00000E+00  9.97059E-01  9.97016E-01  9.97795E-01  9.95343E-01  9.96564E-01
  9.94805E-01  9.96718E-01  9.95803E-01  9.94463E-01  9.95273E-01  9.94959E-01
  9.94938E-01  9.95211E-01  9.94565E-01  9.94073E-01  9.94153E-01  9.93741E-01
  9.93458E-01  9.93677E-01  9.92657E-01  9.93217E-01  9.92574E-01  9.92147E-01
  9.92359E-01  9.91039E-01  9.90728E-01  9.89748E-01  9.89886E-01  9.88826E-01
  9.88113E-01  9.87235E-01  9.86447E-01  9.85931E-01  9.85027E-01  9.83201E-01
  9.82126E-01  9.80756E-01  9.78850E-01  9.77600E-01  9.76160E-01  9.74186E-01
  9.73000E-01  9.70507E-01  9.67523E-01  9.64661E-01  9.61857E-01  9.58893E-01
  9.56020E-01  9.53145E-01  9.50316E-01  9.44809E-01  9.39127E-01  9.33704E-01
  9.28316E-01  9.22750E-01  9.17158E-01  9.11810E-01  9.06592E-01  8.95858E-01
  8.85510E-01  8.75086E-01  8.65104E-01  8.55037E-01  8.45223E-01  8.35465E-01
  8.25940E-01  8.07012E-01  7.88651E-01  7.70632E-01  7.53274E-01  7.36176E-01
  7.19666E-01  7.03588E-01  6.87927E-01  6.57616E-01  6.28682E-01  6.00998E-01
  5.74630E-01  5.49506E-01  5.25687E-01  5.02698E-01  4.80882E-01  4.40176E-01
  4.03265E-01  3.69740E-01  3.39198E-01  3.11599E-01  2.86331E-01  2.63371E-01
  2.48328E-01  2.11147E-01  1.79747E-01  1.53253E-01  1.30888E-01  1.11822E-01
  9.56874E-02  8.21342E-02  7.10466E-02  5.31553E-02  4.08114E-02  3.17438E-02
  2.45565E-02  1.99926E-02  1.73595E-02  1.55780E-02  1.23468E-02  7.26281E-03
  6.07991E-03  5.84004E-03  7.79043E-03  9.78095E-03  8.50764E-03  5.30091E-03
  3.68309E-03  1.43448E-03  1.08828E-04  8.91490E-05 -1.00306E-03 -7.64589E-04
 -1.07503E-03 -2.45228E-03 -1.57257E-03 -2.46890E-03  1.32951E-03  4.12792E-04
  1.52350E-03  1.81659E-03  4.71988E-03  8.21567E-04 -1.08673E-03 -1.01179E-03
  3.20851E-04 -1.44932E-03  3.06714E-03 -3.45457E-04 -2.28109E-03 -1.33941E-03
 -4.22827E-03 -1.41889E-03 -2.70611E-04  9.24414E-04 -1.42373E-03  2.18829E-03
  2.08899E-05 -9.22292E-04 -3.35013E-05  1.54665E-03  8.24978E-04 -1.54706E-05
  1.26357E-03 -1.55176E-03 -2.58139E-05  2.31803E-03  1.41396E-03  7.98415E-06
 -7.53438E-05  9.88657E-05  1.03125E-03  9.03023E-04  2.10874E-03 -5.57106E-04
