AutoSaveFileName0232.ASC
 IFORMY    0    .00
 (6E13.7)
 IFORMT    0    .00
 (6E13.7)
 IFORMW    0    .00
 (6E13.7)
 NINTT     0   -1.00
 DOUSNQ    0    1.00
 IQUAD          1.00
 PRWT      0    1.00
 PRY       0    1.00
 IPLRES    1    3.00
 IPLRES    2    3.00
 IPRINT    1    0.00
 IPRINT    2    2.00
 IPLFIT    1    0.00
 IPLFIT    2    0.00
 LINEPG    0   50.
 NONNEG    1    1.00
 IWT       0    5.00
 NQPROG    1    5.00
 NQPROG    2    5.00
 GMNMX     1    1.328E-05
 GMNMX     2    1.328E-02
 RUSER    10    -1.00
 NG        0    200.00
 NLINF     0    0.00
 IUSER    10    4.00
 RUSER    21    1.0
 RUSER    22   -1.0
 RUSER    23    0.0
 RUSER    18         292.07211
 RUSER    17         91.99900
 RUSER    19         1.02866
 RUSER    15         1.33200
 RUSER    16         632.80000
 RUSER    25         1
 RUSER    26         0
 END       0    0.00
 NY      131
  3.75000E-07  5.00000E-07  6.25000E-07  7.50000E-07  8.75000E-07  1.00000E-06
  1.12500E-06  1.25000E-06  1.37500E-06  1.50000E-06  1.62500E-06  1.75000E-06
  1.87500E-06  2.00000E-06  2.25000E-06  2.50000E-06  2.75000E-06  3.00000E-06
  3.25000E-06  3.50000E-06  3.75000E-06  4.00000E-06  4.50000E-06  5.00000E-06
  5.50000E-06  6.00000E-06  6.50000E-06  7.00000E-06  7.50000E-06  8.00000E-06
  9.00000E-06  1.00000E-05  1.10000E-05  1.20000E-05  1.30000E-05  1.40000E-05
  1.50000E-05  1.60000E-05  1.80000E-05  2.00000E-05  2.20000E-05  2.40000E-05
  2.60000E-05  2.80000E-05  3.00000E-05  3.20000E-05  3.60000E-05  4.00000E-05
  4.40000E-05  4.80000E-05  5.20000E-05  5.60000E-05  6.00000E-05  6.40000E-05
  7.20000E-05  8.00000E-05  8.80000E-05  9.60000E-05  1.04000E-04  1.12000E-04
  1.20000E-04  1.28000E-04  1.44000E-04  1.60000E-04  1.76000E-04  1.92000E-04
  2.08000E-04  2.24000E-04  2.40000E-04  2.56000E-04  2.88000E-04  3.20000E-04
  3.52000E-04  3.84000E-04  4.16000E-04  4.48000E-04  4.80000E-04  5.12000E-04
  5.76000E-04  6.40000E-04  7.04000E-04  7.68000E-04  8.32000E-04  8.96000E-04
  9.60000E-04  1.02400E-03  1.15200E-03  1.28000E-03  1.40800E-03  1.53600E-03
  1.66400E-03  1.79200E-03  1.92000E-03  2.01600E-03  2.27200E-03  2.52800E-03
  2.78400E-03  3.04000E-03  3.29600E-03  3.55200E-03  3.80800E-03  4.06400E-03
  4.57600E-03  5.08800E-03  5.60000E-03  6.11200E-03  6.62400E-03  7.13600E-03
  7.64800E-03  8.16000E-03  9.18400E-03  1.02080E-02  1.12320E-02  1.22560E-02
  1.32800E-02  1.43040E-02  1.53280E-02  1.63520E-02  1.84000E-02  2.04480E-02
  2.24960E-02  2.45440E-02  2.65920E-02  2.86400E-02  3.06880E-02  3.27360E-02
  3.68320E-02  4.09280E-02  4.50240E-02  4.91200E-02  5.32160E-02
  1.62729E+00  1.62646E+00  1.62270E+00  1.62960E+00  1.62358E+00  1.62432E+00
  1.62168E+00  1.61623E+00  1.62126E+00  1.62070E+00  1.62182E+00  1.61815E+00
  1.61910E+00  1.62146E+00  1.62086E+00  1.61926E+00  1.61592E+00  1.61544E+00
  1.61887E+00  1.62201E+00  1.61657E+00  1.61944E+00  1.61968E+00  1.61672E+00
  1.61529E+00  1.61540E+00  1.61346E+00  1.61785E+00  1.61754E+00  1.61436E+00
  1.61222E+00  1.61087E+00  1.61159E+00  1.60930E+00  1.60888E+00  1.60845E+00
  1.60706E+00  1.60702E+00  1.60348E+00  1.60305E+00  1.60073E+00  1.60071E+00
  1.59747E+00  1.59621E+00  1.59490E+00  1.59293E+00  1.58868E+00  1.58507E+00
  1.58166E+00  1.57826E+00  1.57475E+00  1.57165E+00  1.56870E+00  1.56537E+00
  1.55876E+00  1.55160E+00  1.54469E+00  1.53740E+00  1.53127E+00  1.52352E+00
  1.51674E+00  1.51075E+00  1.49708E+00  1.48389E+00  1.47032E+00  1.45704E+00
  1.44443E+00  1.43153E+00  1.41881E+00  1.40775E+00  1.38248E+00  1.35831E+00
  1.33475E+00  1.31079E+00  1.28785E+00  1.26518E+00  1.24329E+00  1.22129E+00
  1.17900E+00  1.13859E+00  1.09932E+00  1.06134E+00  1.02540E+00  9.90552E-01
  9.56755E-01  9.24197E-01  8.62442E-01  8.04431E-01  7.50162E-01  6.99624E-01
  6.53089E-01  6.09654E-01  5.68304E-01  5.40458E-01  4.69402E-01  4.08563E-01
  3.56779E-01  3.13334E-01  2.75936E-01  2.42990E-01  2.13561E-01  1.88749E-01
  1.45436E-01  1.11558E-01  8.76318E-02  7.11335E-02  5.74042E-02  4.75987E-02
  3.98520E-02  3.36271E-02  2.11561E-02  1.27901E-02  9.41135E-03  6.27529E-03
 -8.71027E-04 -1.66433E-03 -1.19952E-03 -2.36529E-03 -1.27857E-02 -2.38415E-02
 -3.34164E-02 -1.52960E-02 -1.03500E-02 -1.85768E-03 -1.92747E-03 -5.23859E-03
  1.11583E-02  1.18138E-02  5.83980E-03  1.22656E-02  4.11474E-03
