AutoSaveFileName0137.ASC
 IFORMY    0    .00
 (6E13.7)
 IFORMT    0    .00
 (6E13.7)
 IFORMW    0    .00
 (6E13.7)
 NINTT     0   -1.00
 DOUSNQ    0    1.00
 IQUAD          1.00
 PRWT      0    1.00
 PRY       0    1.00
 IPLRES    1    3.00
 IPLRES    2    3.00
 IPRINT    1    0.00
 IPRINT    2    2.00
 IPLFIT    1    0.00
 IPLFIT    2    0.00
 LINEPG    0   50.
 NONNEG    1    1.00
 IWT       0    5.00
 NQPROG    1    5.00
 NQPROG    2    5.00
 GMNMX     1    2.759E-05
 GMNMX     2    2.759E-02
 RUSER    10    -1.00
 NG        0    200.00
 NLINF     0    0.00
 IUSER    10    4.00
 RUSER    21    1.0
 RUSER    22   -1.0
 RUSER    23    0.0
 RUSER    18         291.93820
 RUSER    17         59.99900
 RUSER    19         1.03208
 RUSER    15         1.33200
 RUSER    16         632.80000
 RUSER    25         1
 RUSER    26         0
 END       0    0.00
 NY      131
  3.75000E-07  5.00000E-07  6.25000E-07  7.50000E-07  8.75000E-07  1.00000E-06
  1.12500E-06  1.25000E-06  1.37500E-06  1.50000E-06  1.62500E-06  1.75000E-06
  1.87500E-06  2.00000E-06  2.25000E-06  2.50000E-06  2.75000E-06  3.00000E-06
  3.25000E-06  3.50000E-06  3.75000E-06  4.00000E-06  4.50000E-06  5.00000E-06
  5.50000E-06  6.00000E-06  6.50000E-06  7.00000E-06  7.50000E-06  8.00000E-06
  9.00000E-06  1.00000E-05  1.10000E-05  1.20000E-05  1.30000E-05  1.40000E-05
  1.50000E-05  1.60000E-05  1.80000E-05  2.00000E-05  2.20000E-05  2.40000E-05
  2.60000E-05  2.80000E-05  3.00000E-05  3.20000E-05  3.60000E-05  4.00000E-05
  4.40000E-05  4.80000E-05  5.20000E-05  5.60000E-05  6.00000E-05  6.40000E-05
  7.20000E-05  8.00000E-05  8.80000E-05  9.60000E-05  1.04000E-04  1.12000E-04
  1.20000E-04  1.28000E-04  1.44000E-04  1.60000E-04  1.76000E-04  1.92000E-04
  2.08000E-04  2.24000E-04  2.40000E-04  2.56000E-04  2.88000E-04  3.20000E-04
  3.52000E-04  3.84000E-04  4.16000E-04  4.48000E-04  4.80000E-04  5.12000E-04
  5.76000E-04  6.40000E-04  7.04000E-04  7.68000E-04  8.32000E-04  8.96000E-04
  9.60000E-04  1.02400E-03  1.15200E-03  1.28000E-03  1.40800E-03  1.53600E-03
  1.66400E-03  1.79200E-03  1.92000E-03  2.01600E-03  2.27200E-03  2.52800E-03
  2.78400E-03  3.04000E-03  3.29600E-03  3.55200E-03  3.80800E-03  4.06400E-03
  4.57600E-03  5.08800E-03  5.60000E-03  6.11200E-03  6.62400E-03  7.13600E-03
  7.64800E-03  8.16000E-03  9.18400E-03  1.02080E-02  1.12320E-02  1.22560E-02
  1.32800E-02  1.43040E-02  1.53280E-02  1.63520E-02  1.84000E-02  2.04480E-02
  2.24960E-02  2.45440E-02  2.65920E-02  2.86400E-02  3.06880E-02  3.27360E-02
  3.68320E-02  4.09280E-02  4.50240E-02  4.91200E-02  5.32160E-02
  2.42984E+00  2.42811E+00  2.42341E+00  2.42610E+00  2.42182E+00  2.41123E+00
  2.41227E+00  2.41667E+00  2.41168E+00  2.41403E+00  2.40862E+00  2.40627E+00
  2.41080E+00  2.41726E+00  2.41395E+00  2.40622E+00  2.42064E+00  2.41607E+00
  2.40465E+00  2.41371E+00  2.41069E+00  2.41058E+00  2.41180E+00  2.40916E+00
  2.41448E+00  2.41050E+00  2.41172E+00  2.40897E+00  2.40600E+00  2.41019E+00
  2.40939E+00  2.40748E+00  2.40783E+00  2.40650E+00  2.40390E+00  2.40607E+00
  2.40591E+00  2.40540E+00  2.40068E+00  2.40385E+00  2.40178E+00  2.39871E+00
  2.39796E+00  2.39797E+00  2.39603E+00  2.39537E+00  2.39242E+00  2.39124E+00
  2.38732E+00  2.38366E+00  2.38173E+00  2.38096E+00  2.37981E+00  2.37618E+00
  2.37088E+00  2.36598E+00  2.36094E+00  2.35644E+00  2.35118E+00  2.34681E+00
  2.34318E+00  2.33756E+00  2.32799E+00  2.31846E+00  2.30882E+00  2.29966E+00
  2.29006E+00  2.28030E+00  2.27075E+00  2.26144E+00  2.24391E+00  2.22545E+00
  2.20752E+00  2.19005E+00  2.17233E+00  2.15485E+00  2.13768E+00  2.12068E+00
  2.08699E+00  2.05415E+00  2.02068E+00  1.98932E+00  1.95762E+00  1.92653E+00
  1.89595E+00  1.86579E+00  1.80743E+00  1.75091E+00  1.69594E+00  1.64358E+00
  1.59336E+00  1.54447E+00  1.49764E+00  1.46396E+00  1.37584E+00  1.29325E+00
  1.21603E+00  1.14417E+00  1.07715E+00  1.01410E+00  9.54302E-01  8.98024E-01
  7.93469E-01  7.00968E-01  6.20257E-01  5.48249E-01  4.86027E-01  4.31321E-01
  3.83788E-01  3.43443E-01  2.72721E-01  2.17249E-01  1.75097E-01  1.42398E-01
  1.17357E-01  9.90332E-02  8.39339E-02  7.36338E-02  6.81151E-02  7.21584E-02
  7.66759E-02  7.64086E-02  6.92267E-02  5.16942E-02  3.58730E-02  3.06052E-02
  3.62854E-03 -3.29887E-02 -2.91753E-02 -2.09660E-02 -9.88331E-03
