AutoSaveFileName0101.ASC
 IFORMY    0    .00
 (6E13.7)
 IFORMT    0    .00
 (6E13.7)
 IFORMW    0    .00
 (6E13.7)
 NINTT     0   -1.00
 DOUSNQ    0    1.00
 IQUAD          1.00
 PRWT      0    1.00
 PRY       0    1.00
 IPLRES    1    3.00
 IPLRES    2    3.00
 IPRINT    1    0.00
 IPRINT    2    2.00
 IPLFIT    1    0.00
 IPLFIT    2    0.00
 LINEPG    0   50.
 NONNEG    1    1.00
 IWT       0    5.00
 NQPROG    1    5.00
 NQPROG    2    5.00
 GMNMX     1    4.175E-05
 GMNMX     2    4.175E-02
 RUSER    10    -1.00
 NG        0    200.00
 NLINF     0    0.00
 IUSER    10    4.00
 RUSER    21    1.0
 RUSER    22   -1.0
 RUSER    23    0.0
 RUSER    18         291.89473
 RUSER    17         47.99900
 RUSER    19         1.03319
 RUSER    15         1.33200
 RUSER    16         632.80000
 RUSER    25         1
 RUSER    26         0
 END       0    0.00
 NY      131
  3.75000E-07  5.00000E-07  6.25000E-07  7.50000E-07  8.75000E-07  1.00000E-06
  1.12500E-06  1.25000E-06  1.37500E-06  1.50000E-06  1.62500E-06  1.75000E-06
  1.87500E-06  2.00000E-06  2.25000E-06  2.50000E-06  2.75000E-06  3.00000E-06
  3.25000E-06  3.50000E-06  3.75000E-06  4.00000E-06  4.50000E-06  5.00000E-06
  5.50000E-06  6.00000E-06  6.50000E-06  7.00000E-06  7.50000E-06  8.00000E-06
  9.00000E-06  1.00000E-05  1.10000E-05  1.20000E-05  1.30000E-05  1.40000E-05
  1.50000E-05  1.60000E-05  1.80000E-05  2.00000E-05  2.20000E-05  2.40000E-05
  2.60000E-05  2.80000E-05  3.00000E-05  3.20000E-05  3.60000E-05  4.00000E-05
  4.40000E-05  4.80000E-05  5.20000E-05  5.60000E-05  6.00000E-05  6.40000E-05
  7.20000E-05  8.00000E-05  8.80000E-05  9.60000E-05  1.04000E-04  1.12000E-04
  1.20000E-04  1.28000E-04  1.44000E-04  1.60000E-04  1.76000E-04  1.92000E-04
  2.08000E-04  2.24000E-04  2.40000E-04  2.56000E-04  2.88000E-04  3.20000E-04
  3.52000E-04  3.84000E-04  4.16000E-04  4.48000E-04  4.80000E-04  5.12000E-04
  5.76000E-04  6.40000E-04  7.04000E-04  7.68000E-04  8.32000E-04  8.96000E-04
  9.60000E-04  1.02400E-03  1.15200E-03  1.28000E-03  1.40800E-03  1.53600E-03
  1.66400E-03  1.79200E-03  1.92000E-03  2.01600E-03  2.27200E-03  2.52800E-03
  2.78400E-03  3.04000E-03  3.29600E-03  3.55200E-03  3.80800E-03  4.06400E-03
  4.57600E-03  5.08800E-03  5.60000E-03  6.11200E-03  6.62400E-03  7.13600E-03
  7.64800E-03  8.16000E-03  9.18400E-03  1.02080E-02  1.12320E-02  1.22560E-02
  1.32800E-02  1.43040E-02  1.53280E-02  1.63520E-02  1.84000E-02  2.04480E-02
  2.24960E-02  2.45440E-02  2.65920E-02  2.86400E-02  3.06880E-02  3.27360E-02
  3.68320E-02  4.09280E-02  4.50240E-02  4.91200E-02  5.32160E-02
  2.16963E+00  2.16867E+00  2.16983E+00  2.16641E+00  2.16294E+00  2.16476E+00
  2.16370E+00  2.16249E+00  2.16444E+00  2.16477E+00  2.16356E+00  2.16363E+00
  2.16361E+00  2.16163E+00  2.16436E+00  2.16277E+00  2.16265E+00  2.16225E+00
  2.16122E+00  2.16155E+00  2.16293E+00  2.16239E+00  2.16201E+00  2.16268E+00
  2.16178E+00  2.16294E+00  2.16066E+00  2.16072E+00  2.16221E+00  2.16099E+00
  2.15990E+00  2.15979E+00  2.15934E+00  2.15968E+00  2.15861E+00  2.15954E+00
  2.15832E+00  2.15829E+00  2.15665E+00  2.15627E+00  2.15578E+00  2.15526E+00
  2.15380E+00  2.15259E+00  2.15243E+00  2.15173E+00  2.15005E+00  2.14862E+00
  2.14692E+00  2.14544E+00  2.14408E+00  2.14190E+00  2.14136E+00  2.13957E+00
  2.13675E+00  2.13335E+00  2.13036E+00  2.12724E+00  2.12393E+00  2.12133E+00
  2.11832E+00  2.11509E+00  2.10875E+00  2.10294E+00  2.09697E+00  2.09099E+00
  2.08462E+00  2.07885E+00  2.07292E+00  2.06686E+00  2.05504E+00  2.04332E+00
  2.03153E+00  2.02018E+00  2.00859E+00  1.99741E+00  1.98586E+00  1.97490E+00
  1.95256E+00  1.93049E+00  1.90886E+00  1.88725E+00  1.86600E+00  1.84522E+00
  1.82444E+00  1.80340E+00  1.76317E+00  1.72413E+00  1.68580E+00  1.64852E+00
  1.61213E+00  1.57690E+00  1.54243E+00  1.51573E+00  1.44986E+00  1.38637E+00
  1.32483E+00  1.26562E+00  1.20851E+00  1.15390E+00  1.10185E+00  1.05300E+00
  9.60301E-01  8.76445E-01  8.00496E-01  7.32000E-01  6.69669E-01  6.12372E-01
  5.60626E-01  5.12481E-01  4.25706E-01  3.51346E-01  2.87750E-01  2.34722E-01
  1.93468E-01  1.61745E-01  1.35514E-01  1.16376E-01  8.78779E-02  6.46585E-02
  3.88656E-02  2.47930E-02  1.67611E-02  1.24960E-02  3.31112E-03 -2.19389E-03
  1.39118E-02  3.10214E-02  2.96242E-02  9.91771E-03  2.49112E-04
