AutoSaveFileName0161.ASC
 IFORMY    0    .00
 (6E13.7)
 IFORMT    0    .00
 (6E13.7)
 IFORMW    0    .00
 (6E13.7)
 NINTT     0   -1.00
 DOUSNQ    0    1.00
 IQUAD          1.00
 PRWT      0    1.00
 PRY       0    1.00
 IPLRES    1    3.00
 IPLRES    2    3.00
 IPRINT    1    0.00
 IPRINT    2    2.00
 IPLFIT    1    0.00
 IPLFIT    2    0.00
 LINEPG    0   50.
 NONNEG    1    1.00
 IWT       0    5.00
 NQPROG    1    5.00
 NQPROG    2    5.00
 GMNMX     1    1.259E-05
 GMNMX     2    1.259E-02
 RUSER    10    -1.00
 NG        0    200.00
 NLINF     0    0.00
 IUSER    10    4.00
 RUSER    21    1.0
 RUSER    22   -1.0
 RUSER    23    0.0
 RUSER    18         292.22085
 RUSER    17         94.99900
 RUSER    19         1.02488
 RUSER    15         1.33200
 RUSER    16         632.80000
 RUSER    25         1
 RUSER    26         0
 END       0    0.00
 NY      188
  5.00000E-07  6.25000E-07  7.50000E-07  8.75000E-07  1.00000E-06  1.12500E-06
  1.25000E-06  1.37500E-06  1.50000E-06  1.62500E-06  1.75000E-06  1.87500E-06
  2.00000E-06  2.25000E-06  2.50000E-06  2.75000E-06  3.00000E-06  3.25000E-06
  3.50000E-06  3.75000E-06  4.00000E-06  4.50000E-06  5.00000E-06  5.50000E-06
  6.00000E-06  6.50000E-06  7.00000E-06  7.50000E-06  8.00000E-06  9.00000E-06
  1.00000E-05  1.10000E-05  1.20000E-05  1.30000E-05  1.40000E-05  1.50000E-05
  1.60000E-05  1.80000E-05  2.00000E-05  2.20000E-05  2.40000E-05  2.60000E-05
  2.80000E-05  3.00000E-05  3.20000E-05  3.60000E-05  4.00000E-05  4.40000E-05
  4.80000E-05  5.20000E-05  5.60000E-05  6.00000E-05  6.40000E-05  7.20000E-05
  8.00000E-05  8.80000E-05  9.60000E-05  1.04000E-04  1.12000E-04  1.20000E-04
  1.28000E-04  1.44000E-04  1.60000E-04  1.76000E-04  1.92000E-04  2.08000E-04
  2.24000E-04  2.40000E-04  2.56000E-04  2.88000E-04  3.20000E-04  3.52000E-04
  3.84000E-04  4.16000E-04  4.48000E-04  4.80000E-04  5.12000E-04  5.76000E-04
  6.40000E-04  7.04000E-04  7.68000E-04  8.32000E-04  8.96000E-04  9.60000E-04
  1.02400E-03  1.15200E-03  1.28000E-03  1.40800E-03  1.53600E-03  1.66400E-03
  1.79200E-03  1.92000E-03  2.01600E-03  2.27200E-03  2.52800E-03  2.78400E-03
  3.04000E-03  3.29600E-03  3.55200E-03  3.80800E-03  4.06400E-03  4.57600E-03
  5.08800E-03  5.60000E-03  6.11200E-03  6.62400E-03  7.13600E-03  7.64800E-03
  8.16000E-03  9.18400E-03  1.02080E-02  1.12320E-02  1.22560E-02  1.32800E-02
  1.43040E-02  1.53280E-02  1.63520E-02  1.84000E-02  2.04480E-02  2.24960E-02
  2.45440E-02  2.65920E-02  2.86400E-02  3.06880E-02  3.27360E-02  3.68320E-02
  4.09280E-02  4.50240E-02  4.91200E-02  5.32160E-02  5.73120E-02  6.14080E-02
  6.55040E-02  7.36960E-02  8.18880E-02  9.00800E-02  9.82720E-02  1.06464E-01
  1.14656E-01  1.22848E-01  1.31040E-01  1.47424E-01  1.63808E-01  1.80192E-01
  1.96576E-01  2.12960E-01  2.29344E-01  2.45728E-01  2.62112E-01  2.94880E-01
  3.27648E-01  3.60416E-01  3.93184E-01  4.25952E-01  4.58720E-01  4.91488E-01
  5.24256E-01  5.89792E-01  6.55328E-01  7.20864E-01  7.86400E-01  8.51936E-01
  9.17472E-01  9.83008E-01  1.04854E+00  1.17962E+00  1.31069E+00  1.44176E+00
  1.57283E+00  1.70390E+00  1.83498E+00  1.96605E+00  2.09712E+00  2.35926E+00
  2.62141E+00  2.88355E+00  3.14570E+00  3.40784E+00  3.66998E+00  3.93213E+00
  4.19427E+00  4.71856E+00  5.24285E+00  5.76714E+00  6.29142E+00  6.81571E+00
  7.34000E+00  7.86429E+00
  9.96185E-01  9.93480E-01  9.93933E-01  9.91972E-01  9.87648E-01  9.92524E-01
  9.91544E-01  9.88212E-01  9.89441E-01  9.93542E-01  9.92375E-01  9.91867E-01
  9.90458E-01  9.89360E-01  9.90868E-01  9.87877E-01  9.88051E-01  9.89813E-01
  9.89137E-01  9.89255E-01  9.90055E-01  9.88585E-01  9.89875E-01  9.87220E-01
  9.89708E-01  9.88740E-01  9.88913E-01  9.86109E-01  9.87493E-01  9.88386E-01
  9.88783E-01  9.87338E-01  9.86581E-01  9.88051E-01  9.86084E-01  9.86221E-01
  9.85582E-01  9.86258E-01  9.85197E-01  9.84527E-01  9.84105E-01  9.84236E-01
  9.82412E-01  9.82201E-01  9.81754E-01  9.80699E-01  9.79000E-01  9.78528E-01
  9.77262E-01  9.76282E-01  9.75581E-01  9.74440E-01  9.73596E-01  9.71164E-01
  9.68310E-01  9.66008E-01  9.64495E-01  9.61988E-01  9.59612E-01  9.57751E-01
  9.55251E-01  9.50778E-01  9.46820E-01  9.42626E-01  9.37867E-01  9.33481E-01
  9.29126E-01  9.24845E-01  9.20453E-01  9.12052E-01  9.03261E-01  8.94911E-01
  8.86473E-01  8.78253E-01  8.70225E-01  8.61974E-01  8.54058E-01  8.38461E-01
  8.22932E-01  8.07931E-01  7.93085E-01  7.78704E-01  7.64503E-01  7.50662E-01
  7.36641E-01  7.10026E-01  6.84590E-01  6.59985E-01  6.36317E-01  6.13472E-01
  5.91688E-01  5.70812E-01  5.57268E-01  5.18667E-01  4.82936E-01  4.49356E-01
  4.17673E-01  3.88709E-01  3.62447E-01  3.38370E-01  3.16683E-01  2.76399E-01
  2.40862E-01  2.10315E-01  1.84403E-01  1.62627E-01  1.42782E-01  1.25641E-01
  1.10546E-01  8.44448E-02  6.34127E-02  4.76514E-02  3.46114E-02  2.43945E-02
  1.98043E-02  1.67600E-02  1.52556E-02  1.27723E-02  7.59416E-03  1.62473E-03
 -1.17251E-03 -3.54884E-03 -2.26031E-03 -4.72667E-05  4.51037E-03 -2.99133E-03
 -6.23704E-03 -1.43725E-03  3.93827E-03  5.40303E-03  2.16704E-03 -4.63115E-03
 -6.97711E-03  3.08537E-03  1.22090E-02  1.30705E-02 -2.62968E-03  6.94727E-03
  6.93164E-03 -2.47867E-03 -4.66948E-03 -1.03439E-02 -7.76266E-03 -6.08883E-03
 -8.42630E-03 -4.05052E-03 -5.77148E-03 -1.74854E-03  4.97822E-03 -3.85003E-03
  4.21384E-03  4.42052E-03  7.93705E-03 -1.08941E-02  3.01401E-03  3.27382E-03
  1.39910E-03 -1.56489E-03  5.36066E-03 -3.46337E-03 -8.63513E-03 -3.05928E-03
 -4.44976E-03 -5.96109E-03 -5.67885E-04  1.93996E-03 -5.80204E-03  2.26149E-03
  1.25117E-03  4.41569E-03  1.00509E-03  1.03498E-03 -9.10719E-04  2.95313E-03
 -4.44465E-04 -2.78212E-04 -4.02671E-04 -9.30211E-05 -1.31034E-03 -6.75762E-03
 -1.05789E-03  1.21411E-03  1.28438E-03 -5.25556E-03  1.01151E-03  3.07010E-03
  9.33630E-04 -1.45050E-03
