AutoSaveFileName0049.ASC
 IFORMY    0    .00
 (6E13.7)
 IFORMT    0    .00
 (6E13.7)
 IFORMW    0    .00
 (6E13.7)
 NINTT     0   -1.00
 DOUSNQ    0    1.00
 IQUAD          1.00
 PRWT      0    1.00
 PRY       0    1.00
 IPLRES    1    3.00
 IPLRES    2    3.00
 IPRINT    1    0.00
 IPRINT    2    2.00
 IPLFIT    1    0.00
 IPLFIT    2    0.00
 LINEPG    0   50.
 NONNEG    1    1.00
 IWT       0    5.00
 NQPROG    1    5.00
 NQPROG    2    5.00
 GMNMX     1    7.579E-05
 GMNMX     2    7.579E-02
 RUSER    10    -1.00
 NG        0    200.00
 NLINF     0    0.00
 IUSER    10    4.00
 RUSER    21    1.0
 RUSER    22   -1.0
 RUSER    23    0.0
 RUSER    18         292.17285
 RUSER    17         34.99800
 RUSER    19         1.02610
 RUSER    15         1.33200
 RUSER    16         632.80000
 RUSER    25         1
 RUSER    26         0
 END       0    0.00
 NY      188
  5.00000E-07  6.25000E-07  7.50000E-07  8.75000E-07  1.00000E-06  1.12500E-06
  1.25000E-06  1.37500E-06  1.50000E-06  1.62500E-06  1.75000E-06  1.87500E-06
  2.00000E-06  2.25000E-06  2.50000E-06  2.75000E-06  3.00000E-06  3.25000E-06
  3.50000E-06  3.75000E-06  4.00000E-06  4.50000E-06  5.00000E-06  5.50000E-06
  6.00000E-06  6.50000E-06  7.00000E-06  7.50000E-06  8.00000E-06  9.00000E-06
  1.00000E-05  1.10000E-05  1.20000E-05  1.30000E-05  1.40000E-05  1.50000E-05
  1.60000E-05  1.80000E-05  2.00000E-05  2.20000E-05  2.40000E-05  2.60000E-05
  2.80000E-05  3.00000E-05  3.20000E-05  3.60000E-05  4.00000E-05  4.40000E-05
  4.80000E-05  5.20000E-05  5.60000E-05  6.00000E-05  6.40000E-05  7.20000E-05
  8.00000E-05  8.80000E-05  9.60000E-05  1.04000E-04  1.12000E-04  1.20000E-04
  1.28000E-04  1.44000E-04  1.60000E-04  1.76000E-04  1.92000E-04  2.08000E-04
  2.24000E-04  2.40000E-04  2.56000E-04  2.88000E-04  3.20000E-04  3.52000E-04
  3.84000E-04  4.16000E-04  4.48000E-04  4.80000E-04  5.12000E-04  5.76000E-04
  6.40000E-04  7.04000E-04  7.68000E-04  8.32000E-04  8.96000E-04  9.60000E-04
  1.02400E-03  1.15200E-03  1.28000E-03  1.40800E-03  1.53600E-03  1.66400E-03
  1.79200E-03  1.92000E-03  2.01600E-03  2.27200E-03  2.52800E-03  2.78400E-03
  3.04000E-03  3.29600E-03  3.55200E-03  3.80800E-03  4.06400E-03  4.57600E-03
  5.08800E-03  5.60000E-03  6.11200E-03  6.62400E-03  7.13600E-03  7.64800E-03
  8.16000E-03  9.18400E-03  1.02080E-02  1.12320E-02  1.22560E-02  1.32800E-02
  1.43040E-02  1.53280E-02  1.63520E-02  1.84000E-02  2.04480E-02  2.24960E-02
  2.45440E-02  2.65920E-02  2.86400E-02  3.06880E-02  3.27360E-02  3.68320E-02
  4.09280E-02  4.50240E-02  4.91200E-02  5.32160E-02  5.73120E-02  6.14080E-02
  6.55040E-02  7.36960E-02  8.18880E-02  9.00800E-02  9.82720E-02  1.06464E-01
  1.14656E-01  1.22848E-01  1.31040E-01  1.47424E-01  1.63808E-01  1.80192E-01
  1.96576E-01  2.12960E-01  2.29344E-01  2.45728E-01  2.62112E-01  2.94880E-01
  3.27648E-01  3.60416E-01  3.93184E-01  4.25952E-01  4.58720E-01  4.91488E-01
  5.24256E-01  5.89792E-01  6.55328E-01  7.20864E-01  7.86400E-01  8.51936E-01
  9.17472E-01  9.83008E-01  1.04854E+00  1.17962E+00  1.31069E+00  1.44176E+00
  1.57283E+00  1.70390E+00  1.83498E+00  1.96605E+00  2.09712E+00  2.35926E+00
  2.62141E+00  2.88355E+00  3.14570E+00  3.40784E+00  3.66998E+00  3.93213E+00
  4.19427E+00  4.71856E+00  5.24285E+00  5.76714E+00  6.29142E+00  6.81571E+00
  7.34000E+00  7.86429E+00
  9.92892E-01  9.93143E-01  9.90647E-01  9.91832E-01  9.89685E-01  9.90423E-01
  9.90449E-01  9.89319E-01  9.88479E-01  9.89392E-01  9.89897E-01  9.90050E-01
  9.88955E-01  9.89098E-01  9.89595E-01  9.88855E-01  9.89380E-01  9.90319E-01
  9.88771E-01  9.87949E-01  9.89072E-01  9.88133E-01  9.89132E-01  9.89719E-01
  9.89173E-01  9.89191E-01  9.89085E-01  9.88553E-01  9.88798E-01  9.89173E-01
  9.89133E-01  9.89058E-01  9.89417E-01  9.88328E-01  9.89256E-01  9.88108E-01
  9.88507E-01  9.88828E-01  9.88417E-01  9.88119E-01  9.88309E-01  9.88279E-01
  9.88503E-01  9.87893E-01  9.88220E-01  9.88179E-01  9.88375E-01  9.87899E-01
  9.87731E-01  9.87642E-01  9.87363E-01  9.87245E-01  9.87140E-01  9.86749E-01
  9.86373E-01  9.86045E-01  9.85742E-01  9.85505E-01  9.85183E-01  9.84895E-01
  9.84478E-01  9.84032E-01  9.83424E-01  9.82635E-01  9.82008E-01  9.81583E-01
  9.80600E-01  9.80323E-01  9.79568E-01  9.78148E-01  9.77001E-01  9.75704E-01
  9.74490E-01  9.73322E-01  9.71940E-01  9.70758E-01  9.69449E-01  9.66905E-01
  9.64438E-01  9.61974E-01  9.59450E-01  9.56930E-01  9.54501E-01  9.52002E-01
  9.23344E-01  9.18517E-01  9.13718E-01  9.08805E-01  9.04086E-01  8.99405E-01
  8.94578E-01  8.90041E-01  9.14663E-01  9.05265E-01  8.96174E-01  8.87115E-01
  8.78215E-01  8.69383E-01  8.60695E-01  8.52073E-01  8.43660E-01  8.26838E-01
  8.10543E-01  7.94659E-01  7.79130E-01  7.63897E-01  7.49060E-01  7.34593E-01
  7.20731E-01  6.93449E-01  6.67396E-01  6.42308E-01  6.18432E-01  5.95659E-01
  5.73844E-01  5.52809E-01  5.33065E-01  4.95218E-01  4.60473E-01  4.28319E-01
  3.98266E-01  3.70259E-01  3.43749E-01  3.18799E-01  2.95212E-01  2.55283E-01
  2.21890E-01  1.92700E-01  1.67934E-01  1.47715E-01  1.29627E-01  1.14160E-01
  9.32313E-02  7.16680E-02  5.54346E-02  4.07536E-02  2.96305E-02  2.57494E-02
  2.53514E-02  2.39823E-02  1.98447E-02  8.32327E-03 -1.72704E-04 -5.65281E-03
 -1.24014E-02 -1.60820E-02 -1.34395E-02 -1.31768E-02 -8.79078E-03 -1.05774E-02
 -6.42835E-03 -2.39537E-03 -6.01090E-03 -1.57333E-02 -1.04978E-02 -1.03655E-02
 -8.50265E-03 -1.90477E-02 -1.76842E-03  1.12264E-02 -6.76100E-03 -3.15833E-03
  3.45590E-03  2.23739E-02  4.18389E-03 -1.14995E-02  2.80066E-03 -2.15147E-02
 -6.69468E-03  6.85073E-04 -6.40825E-03 -3.80702E-04 -1.38446E-02 -7.49619E-03
  1.20545E-02 -1.37018E-02 -9.49620E-03 -4.65830E-03 -4.46528E-05  5.08774E-03
 -2.65763E-05 -9.02182E-04  4.90298E-03  2.32412E-03  2.44205E-03 -1.10277E-04
 -3.92964E-03 -4.93438E-03
