AutoSaveFileName0126.ASC
 IFORMY    0    .00
 (6E13.7)
 IFORMT    0    .00
 (6E13.7)
 IFORMW    0    .00
 (6E13.7)
 NINTT     0   -1.00
 DOUSNQ    0    1.00
 IQUAD          1.00
 PRWT      0    1.00
 PRY       0    1.00
 IPLRES    1    3.00
 IPLRES    2    3.00
 IPRINT    1    0.00
 IPRINT    2    2.00
 IPLFIT    1    0.00
 IPLFIT    2    0.00
 LINEPG    0   50.
 NONNEG    1    1.00
 IWT       0    5.00
 NQPROG    1    5.00
 NQPROG    2    5.00
 GMNMX     1    3.031E-05
 GMNMX     2    3.031E-02
 RUSER    10    -1.00
 NG        0    200.00
 NLINF     0    0.00
 IUSER    10    4.00
 RUSER    21    1.0
 RUSER    22   -1.0
 RUSER    23    0.0
 RUSER    18         291.92587
 RUSER    17         56.99900
 RUSER    19         1.03239
 RUSER    15         1.33200
 RUSER    16         632.80000
 RUSER    25         1
 RUSER    26         0
 END       0    0.00
 NY      131
  3.75000E-07  5.00000E-07  6.25000E-07  7.50000E-07  8.75000E-07  1.00000E-06
  1.12500E-06  1.25000E-06  1.37500E-06  1.50000E-06  1.62500E-06  1.75000E-06
  1.87500E-06  2.00000E-06  2.25000E-06  2.50000E-06  2.75000E-06  3.00000E-06
  3.25000E-06  3.50000E-06  3.75000E-06  4.00000E-06  4.50000E-06  5.00000E-06
  5.50000E-06  6.00000E-06  6.50000E-06  7.00000E-06  7.50000E-06  8.00000E-06
  9.00000E-06  1.00000E-05  1.10000E-05  1.20000E-05  1.30000E-05  1.40000E-05
  1.50000E-05  1.60000E-05  1.80000E-05  2.00000E-05  2.20000E-05  2.40000E-05
  2.60000E-05  2.80000E-05  3.00000E-05  3.20000E-05  3.60000E-05  4.00000E-05
  4.40000E-05  4.80000E-05  5.20000E-05  5.60000E-05  6.00000E-05  6.40000E-05
  7.20000E-05  8.00000E-05  8.80000E-05  9.60000E-05  1.04000E-04  1.12000E-04
  1.20000E-04  1.28000E-04  1.44000E-04  1.60000E-04  1.76000E-04  1.92000E-04
  2.08000E-04  2.24000E-04  2.40000E-04  2.56000E-04  2.88000E-04  3.20000E-04
  3.52000E-04  3.84000E-04  4.16000E-04  4.48000E-04  4.80000E-04  5.12000E-04
  5.76000E-04  6.40000E-04  7.04000E-04  7.68000E-04  8.32000E-04  8.96000E-04
  9.60000E-04  1.02400E-03  1.15200E-03  1.28000E-03  1.40800E-03  1.53600E-03
  1.66400E-03  1.79200E-03  1.92000E-03  2.01600E-03  2.27200E-03  2.52800E-03
  2.78400E-03  3.04000E-03  3.29600E-03  3.55200E-03  3.80800E-03  4.06400E-03
  4.57600E-03  5.08800E-03  5.60000E-03  6.11200E-03  6.62400E-03  7.13600E-03
  7.64800E-03  8.16000E-03  9.18400E-03  1.02080E-02  1.12320E-02  1.22560E-02
  1.32800E-02  1.43040E-02  1.53280E-02  1.63520E-02  1.84000E-02  2.04480E-02
  2.24960E-02  2.45440E-02  2.65920E-02  2.86400E-02  3.06880E-02  3.27360E-02
  3.68320E-02  4.09280E-02  4.50240E-02  4.91200E-02  5.32160E-02
  8.51379E-01  8.46751E-01  8.47294E-01  8.47545E-01  8.49245E-01  8.50107E-01
  8.45472E-01  8.45203E-01  8.47912E-01  8.47739E-01  8.44337E-01  8.48361E-01
  8.43514E-01  8.46566E-01  8.45265E-01  8.45425E-01  8.45608E-01  8.45436E-01
  8.42948E-01  8.43751E-01  8.46936E-01  8.45151E-01  8.44451E-01  8.41811E-01
  8.43967E-01  8.43250E-01  8.43655E-01  8.43383E-01  8.45072E-01  8.42766E-01
  8.42384E-01  8.43168E-01  8.42303E-01  8.43650E-01  8.42235E-01  8.42916E-01
  8.42315E-01  8.42561E-01  8.41695E-01  8.41862E-01  8.41782E-01  8.40788E-01
  8.40012E-01  8.38871E-01  8.40211E-01  8.39625E-01  8.38776E-01  8.37922E-01
  8.37137E-01  8.36037E-01  8.35573E-01  8.34217E-01  8.33599E-01  8.33551E-01
  8.31335E-01  8.29662E-01  8.27987E-01  8.26693E-01  8.25535E-01  8.23935E-01
  8.22348E-01  8.21040E-01  8.17954E-01  8.15296E-01  8.11587E-01  8.09048E-01
  8.05913E-01  8.02909E-01  8.00069E-01  7.97041E-01  7.91447E-01  7.85369E-01
  7.79472E-01  7.73488E-01  7.67871E-01  7.62395E-01  7.56819E-01  7.50764E-01
  7.39660E-01  7.28896E-01  7.18234E-01  7.07609E-01  6.97175E-01  6.86530E-01
  6.76668E-01  6.58931E-01  6.39335E-01  6.20660E-01  6.02762E-01  5.84939E-01
  5.68045E-01  5.51628E-01  5.35973E-01  5.29467E-01  5.00008E-01  4.72310E-01
  4.46413E-01  4.21838E-01  3.98705E-01  3.77067E-01  3.56989E-01  3.38653E-01
  3.05048E-01  2.74983E-01  2.47691E-01  2.25742E-01  2.07393E-01  1.89628E-01
  1.71580E-01  1.55685E-01  1.27998E-01  1.04208E-01  8.47337E-02  7.04265E-02
  5.92922E-02  4.96805E-02  4.17158E-02  3.64925E-02  3.22530E-02  3.18345E-02
  2.91686E-02  2.66652E-02  2.19470E-02  1.51669E-02  7.98870E-03 -1.61669E-03
 -5.21461E-04  1.11993E-03  2.94507E-03  4.32743E-03 -3.06374E-04
