AutoSaveFileName0240.ASC
 IFORMY    0    .00
 (6E13.7)
 IFORMT    0    .00
 (6E13.7)
 IFORMW    0    .00
 (6E13.7)
 NINTT     0   -1.00
 DOUSNQ    0    1.00
 IQUAD          1.00
 PRWT      0    1.00
 PRY       0    1.00
 IPLRES    1    3.00
 IPLRES    2    3.00
 IPRINT    1    0.00
 IPRINT    2    2.00
 IPLFIT    1    0.00
 IPLFIT    2    0.00
 LINEPG    0   50.
 NONNEG    1    1.00
 IWT       0    5.00
 NQPROG    1    5.00
 NQPROG    2    5.00
 GMNMX     1    1.264E-05
 GMNMX     2    1.264E-02
 RUSER    10    -1.00
 NG        0    200.00
 NLINF     0    0.00
 IUSER    10    4.00
 RUSER    21    1.0
 RUSER    22   -1.0
 RUSER    23    0.0
 RUSER    18         292.08340
 RUSER    17         94.99900
 RUSER    19         1.02837
 RUSER    15         1.33200
 RUSER    16         632.80000
 RUSER    25         1
 RUSER    26         0
 END       0    0.00
 NY      131
  3.75000E-07  5.00000E-07  6.25000E-07  7.50000E-07  8.75000E-07  1.00000E-06
  1.12500E-06  1.25000E-06  1.37500E-06  1.50000E-06  1.62500E-06  1.75000E-06
  1.87500E-06  2.00000E-06  2.25000E-06  2.50000E-06  2.75000E-06  3.00000E-06
  3.25000E-06  3.50000E-06  3.75000E-06  4.00000E-06  4.50000E-06  5.00000E-06
  5.50000E-06  6.00000E-06  6.50000E-06  7.00000E-06  7.50000E-06  8.00000E-06
  9.00000E-06  1.00000E-05  1.10000E-05  1.20000E-05  1.30000E-05  1.40000E-05
  1.50000E-05  1.60000E-05  1.80000E-05  2.00000E-05  2.20000E-05  2.40000E-05
  2.60000E-05  2.80000E-05  3.00000E-05  3.20000E-05  3.60000E-05  4.00000E-05
  4.40000E-05  4.80000E-05  5.20000E-05  5.60000E-05  6.00000E-05  6.40000E-05
  7.20000E-05  8.00000E-05  8.80000E-05  9.60000E-05  1.04000E-04  1.12000E-04
  1.20000E-04  1.28000E-04  1.44000E-04  1.60000E-04  1.76000E-04  1.92000E-04
  2.08000E-04  2.24000E-04  2.40000E-04  2.56000E-04  2.88000E-04  3.20000E-04
  3.52000E-04  3.84000E-04  4.16000E-04  4.48000E-04  4.80000E-04  5.12000E-04
  5.76000E-04  6.40000E-04  7.04000E-04  7.68000E-04  8.32000E-04  8.96000E-04
  9.60000E-04  1.02400E-03  1.15200E-03  1.28000E-03  1.40800E-03  1.53600E-03
  1.66400E-03  1.79200E-03  1.92000E-03  2.01600E-03  2.27200E-03  2.52800E-03
  2.78400E-03  3.04000E-03  3.29600E-03  3.55200E-03  3.80800E-03  4.06400E-03
  4.57600E-03  5.08800E-03  5.60000E-03  6.11200E-03  6.62400E-03  7.13600E-03
  7.64800E-03  8.16000E-03  9.18400E-03  1.02080E-02  1.12320E-02  1.22560E-02
  1.32800E-02  1.43040E-02  1.53280E-02  1.63520E-02  1.84000E-02  2.04480E-02
  2.24960E-02  2.45440E-02  2.65920E-02  2.86400E-02  3.06880E-02  3.27360E-02
  3.68320E-02  4.09280E-02  4.50240E-02  4.91200E-02  5.32160E-02
  7.98725E-01  8.01505E-01  7.98018E-01  7.93533E-01  7.95915E-01  7.96831E-01
  7.99052E-01  7.96642E-01  7.95383E-01  7.95227E-01  7.94037E-01  7.91753E-01
  7.93089E-01  7.94105E-01  7.94907E-01  7.94256E-01  7.92873E-01  7.92686E-01
  7.94355E-01  7.93975E-01  7.93203E-01  7.93315E-01  7.90824E-01  7.92176E-01
  7.93999E-01  7.91012E-01  7.92435E-01  7.91611E-01  7.91742E-01  7.92038E-01
  7.90979E-01  7.90262E-01  7.90182E-01  7.88505E-01  7.89347E-01  7.88324E-01
  7.87646E-01  7.88112E-01  7.87229E-01  7.85354E-01  7.85839E-01  7.83542E-01
  7.82620E-01  7.83050E-01  7.81776E-01  7.80649E-01  7.78988E-01  7.76455E-01
  7.74842E-01  7.73658E-01  7.71409E-01  7.69297E-01  7.68237E-01  7.66381E-01
  7.62780E-01  7.59237E-01  7.55863E-01  7.51779E-01  7.48869E-01  7.44914E-01
  7.41655E-01  7.38374E-01  7.31640E-01  7.24752E-01  7.18197E-01  7.11435E-01
  7.05234E-01  6.98365E-01  6.91819E-01  6.85759E-01  6.73267E-01  6.60905E-01
  6.48903E-01  6.37085E-01  6.25359E-01  6.14383E-01  6.03570E-01  5.92925E-01
  5.71880E-01  5.51660E-01  5.32189E-01  5.13134E-01  4.95054E-01  4.77651E-01
  4.60754E-01  4.37543E-01  4.07420E-01  3.79865E-01  3.53987E-01  3.30175E-01
  3.07748E-01  2.86785E-01  2.67294E-01  2.57180E-01  2.23647E-01  1.95394E-01
  1.72053E-01  1.52602E-01  1.35426E-01  1.20532E-01  1.08581E-01  9.86770E-02
  8.22374E-02  6.76993E-02  5.75296E-02  4.76291E-02  3.73325E-02  2.91296E-02
  2.24542E-02  1.69056E-02  1.20680E-02  9.86590E-03  8.46386E-03  6.10958E-03
  2.72341E-03 -1.43840E-03 -1.87819E-03 -5.56476E-06  4.88650E-03  3.98154E-03
  3.89773E-03  7.29518E-03  1.24400E-02  7.69847E-03  4.51601E-03  2.15511E-04
 -1.06669E-02 -1.99782E-02 -9.95087E-03 -4.10559E-03  9.34741E-05
