AutoSaveFileName0094.ASC
 IFORMY    0    .00
 (6E13.7)
 IFORMT    0    .00
 (6E13.7)
 IFORMW    0    .00
 (6E13.7)
 NINTT     0   -1.00
 DOUSNQ    0    1.00
 IQUAD          1.00
 PRWT      0    1.00
 PRY       0    1.00
 IPLRES    1    3.00
 IPLRES    2    3.00
 IPRINT    1    0.00
 IPRINT    2    2.00
 IPLFIT    1    0.00
 IPLFIT    2    0.00
 LINEPG    0   50.
 NONNEG    1    1.00
 IWT       0    5.00
 NQPROG    1    5.00
 NQPROG    2    5.00
 GMNMX     1    2.740E-05
 GMNMX     2    2.740E-02
 RUSER    10    -1.00
 NG        0    200.00
 NLINF     0    0.00
 IUSER    10    4.00
 RUSER    21    1.0
 RUSER    22   -1.0
 RUSER    23    0.0
 RUSER    18         292.19337
 RUSER    17         59.99800
 RUSER    19         1.02558
 RUSER    15         1.33200
 RUSER    16         632.80000
 RUSER    25         1
 RUSER    26         0
 END       0    0.00
 NY      188
  5.00000E-07  6.25000E-07  7.50000E-07  8.75000E-07  1.00000E-06  1.12500E-06
  1.25000E-06  1.37500E-06  1.50000E-06  1.62500E-06  1.75000E-06  1.87500E-06
  2.00000E-06  2.25000E-06  2.50000E-06  2.75000E-06  3.00000E-06  3.25000E-06
  3.50000E-06  3.75000E-06  4.00000E-06  4.50000E-06  5.00000E-06  5.50000E-06
  6.00000E-06  6.50000E-06  7.00000E-06  7.50000E-06  8.00000E-06  9.00000E-06
  1.00000E-05  1.10000E-05  1.20000E-05  1.30000E-05  1.40000E-05  1.50000E-05
  1.60000E-05  1.80000E-05  2.00000E-05  2.20000E-05  2.40000E-05  2.60000E-05
  2.80000E-05  3.00000E-05  3.20000E-05  3.60000E-05  4.00000E-05  4.40000E-05
  4.80000E-05  5.20000E-05  5.60000E-05  6.00000E-05  6.40000E-05  7.20000E-05
  8.00000E-05  8.80000E-05  9.60000E-05  1.04000E-04  1.12000E-04  1.20000E-04
  1.28000E-04  1.44000E-04  1.60000E-04  1.76000E-04  1.92000E-04  2.08000E-04
  2.24000E-04  2.40000E-04  2.56000E-04  2.88000E-04  3.20000E-04  3.52000E-04
  3.84000E-04  4.16000E-04  4.48000E-04  4.80000E-04  5.12000E-04  5.76000E-04
  6.40000E-04  7.04000E-04  7.68000E-04  8.32000E-04  8.96000E-04  9.60000E-04
  1.02400E-03  1.15200E-03  1.28000E-03  1.40800E-03  1.53600E-03  1.66400E-03
  1.79200E-03  1.92000E-03  2.01600E-03  2.27200E-03  2.52800E-03  2.78400E-03
  3.04000E-03  3.29600E-03  3.55200E-03  3.80800E-03  4.06400E-03  4.57600E-03
  5.08800E-03  5.60000E-03  6.11200E-03  6.62400E-03  7.13600E-03  7.64800E-03
  8.16000E-03  9.18400E-03  1.02080E-02  1.12320E-02  1.22560E-02  1.32800E-02
  1.43040E-02  1.53280E-02  1.63520E-02  1.84000E-02  2.04480E-02  2.24960E-02
  2.45440E-02  2.65920E-02  2.86400E-02  3.06880E-02  3.27360E-02  3.68320E-02
  4.09280E-02  4.50240E-02  4.91200E-02  5.32160E-02  5.73120E-02  6.14080E-02
  6.55040E-02  7.36960E-02  8.18880E-02  9.00800E-02  9.82720E-02  1.06464E-01
  1.14656E-01  1.22848E-01  1.31040E-01  1.47424E-01  1.63808E-01  1.80192E-01
  1.96576E-01  2.12960E-01  2.29344E-01  2.45728E-01  2.62112E-01  2.94880E-01
  3.27648E-01  3.60416E-01  3.93184E-01  4.25952E-01  4.58720E-01  4.91488E-01
  5.24256E-01  5.89792E-01  6.55328E-01  7.20864E-01  7.86400E-01  8.51936E-01
  9.17472E-01  9.83008E-01  1.04854E+00  1.17962E+00  1.31069E+00  1.44176E+00
  1.57283E+00  1.70390E+00  1.83498E+00  1.96605E+00  2.09712E+00  2.35926E+00
  2.62141E+00  2.88355E+00  3.14570E+00  3.40784E+00  3.66998E+00  3.93213E+00
  4.19427E+00  4.71856E+00  5.24285E+00  5.76714E+00  6.29142E+00  6.81571E+00
  7.34000E+00  7.86429E+00
  9.89786E-01  9.89432E-01  9.90422E-01  9.89512E-01  9.92027E-01  9.87491E-01
  9.86833E-01  9.87305E-01  9.83870E-01  9.86349E-01  9.85920E-01  9.86175E-01
  9.86591E-01  9.84855E-01  9.86494E-01  9.86240E-01  9.85482E-01  9.85112E-01
  9.85197E-01  9.85908E-01  9.85402E-01  9.85330E-01  9.85427E-01  9.86126E-01
  9.84964E-01  9.87760E-01  9.86789E-01  9.84444E-01  9.86421E-01  9.84962E-01
  9.84504E-01  9.84393E-01  9.84190E-01  9.84877E-01  9.84722E-01  9.84565E-01
  9.84175E-01  9.83834E-01  9.83916E-01  9.83914E-01  9.83662E-01  9.82413E-01
  9.82706E-01  9.83055E-01  9.82546E-01  9.82631E-01  9.81549E-01  9.81019E-01
  9.80356E-01  9.80479E-01  9.79538E-01  9.79451E-01  9.78901E-01  9.77950E-01
  9.76263E-01  9.75568E-01  9.74687E-01  9.73915E-01  9.72703E-01  9.72146E-01
  9.71001E-01  9.68907E-01  9.66833E-01  9.65332E-01  9.63563E-01  9.61765E-01
  9.59647E-01  9.57640E-01  9.55794E-01  9.51851E-01  9.48353E-01  9.44432E-01
  9.40753E-01  9.36638E-01  9.33213E-01  9.29416E-01  9.25737E-01  9.18570E-01
  9.11001E-01  9.03914E-01  8.96530E-01  8.89334E-01  8.82346E-01  8.75397E-01
  8.67192E-01  8.53502E-01  8.40049E-01  8.26950E-01  8.13974E-01  8.01228E-01
  7.88671E-01  7.76416E-01  7.66999E-01  7.43370E-01  7.20563E-01  6.98317E-01
  6.76763E-01  6.56001E-01  6.35964E-01  6.16596E-01  5.98148E-01  5.62611E-01
  5.29357E-01  4.98613E-01  4.70282E-01  4.43720E-01  4.18892E-01  3.95210E-01
  3.73323E-01  3.32773E-01  2.97438E-01  2.66902E-01  2.39561E-01  2.15486E-01
  1.93929E-01  1.74619E-01  1.57190E-01  1.25664E-01  1.02613E-01  8.40507E-02
  6.93275E-02  5.87488E-02  5.12148E-02  4.33083E-02  3.56467E-02  2.42414E-02
  1.20811E-02  2.02998E-03  1.90373E-04  3.70338E-03  9.09493E-03  1.15974E-02
  6.05724E-03 -4.83878E-03 -8.49595E-03 -1.97926E-03  9.77587E-03  1.57139E-03
  7.54713E-04  3.34744E-03  4.17348E-03  5.96993E-03 -5.28467E-04 -7.88947E-03
 -4.11560E-04  9.34869E-03 -1.36098E-03  5.25698E-03 -4.95808E-04  1.81496E-03
 -1.16530E-02 -5.98545E-03 -2.54952E-03  2.46130E-03 -1.79993E-02 -1.45142E-02
 -4.54968E-03 -2.55811E-03 -3.97931E-04  5.20803E-03  1.89504E-04  2.00413E-03
  4.36750E-03 -3.42782E-03 -6.57751E-03 -2.57312E-04 -2.60749E-03 -1.01384E-03
  2.83823E-03 -1.41326E-03  7.82025E-03  5.45303E-04  2.89274E-03 -1.09031E-03
 -1.71240E-03 -7.25012E-03  5.24361E-03  6.57465E-03 -5.54157E-04 -2.49886E-03
  3.74114E-03 -2.38633E-03 -1.07656E-03  8.09201E-04 -7.40648E-04  2.02318E-03
  3.74376E-04 -2.63232E-03
