AutoSaveFileName0294.ASC
 IFORMY    0    .00
 (6E13.7)
 IFORMT    0    .00
 (6E13.7)
 IFORMW    0    .00
 (6E13.7)
 NINTT     0   -1.00
 DOUSNQ    0    1.00
 IQUAD          1.00
 PRWT      0    1.00
 PRY       0    1.00
 IPLRES    1    3.00
 IPLRES    2    3.00
 IPRINT    1    0.00
 IPRINT    2    2.00
 IPLFIT    1    0.00
 IPLFIT    2    0.00
 LINEPG    0   50.
 NONNEG    1    1.00
 IWT       0    5.00
 NQPROG    1    5.00
 NQPROG    2    5.00
 GMNMX     1    9.857E-06
 GMNMX     2    9.857E-03
 RUSER    10    -1.00
 NG        0    200.00
 NLINF     0    0.00
 IUSER    10    4.00
 RUSER    21    1.0
 RUSER    22   -1.0
 RUSER    23    0.0
 RUSER    18         292.16756
 RUSER    17         112.99900
 RUSER    19         1.02623
 RUSER    15         1.33200
 RUSER    16         632.80000
 RUSER    25         1
 RUSER    26         0
 END       0    0.00
 NY      131
  3.75000E-07  5.00000E-07  6.25000E-07  7.50000E-07  8.75000E-07  1.00000E-06
  1.12500E-06  1.25000E-06  1.37500E-06  1.50000E-06  1.62500E-06  1.75000E-06
  1.87500E-06  2.00000E-06  2.25000E-06  2.50000E-06  2.75000E-06  3.00000E-06
  3.25000E-06  3.50000E-06  3.75000E-06  4.00000E-06  4.50000E-06  5.00000E-06
  5.50000E-06  6.00000E-06  6.50000E-06  7.00000E-06  7.50000E-06  8.00000E-06
  9.00000E-06  1.00000E-05  1.10000E-05  1.20000E-05  1.30000E-05  1.40000E-05
  1.50000E-05  1.60000E-05  1.80000E-05  2.00000E-05  2.20000E-05  2.40000E-05
  2.60000E-05  2.80000E-05  3.00000E-05  3.20000E-05  3.60000E-05  4.00000E-05
  4.40000E-05  4.80000E-05  5.20000E-05  5.60000E-05  6.00000E-05  6.40000E-05
  7.20000E-05  8.00000E-05  8.80000E-05  9.60000E-05  1.04000E-04  1.12000E-04
  1.20000E-04  1.28000E-04  1.44000E-04  1.60000E-04  1.76000E-04  1.92000E-04
  2.08000E-04  2.24000E-04  2.40000E-04  2.56000E-04  2.88000E-04  3.20000E-04
  3.52000E-04  3.84000E-04  4.16000E-04  4.48000E-04  4.80000E-04  5.12000E-04
  5.76000E-04  6.40000E-04  7.04000E-04  7.68000E-04  8.32000E-04  8.96000E-04
  9.60000E-04  1.02400E-03  1.15200E-03  1.28000E-03  1.40800E-03  1.53600E-03
  1.66400E-03  1.79200E-03  1.92000E-03  2.01600E-03  2.27200E-03  2.52800E-03
  2.78400E-03  3.04000E-03  3.29600E-03  3.55200E-03  3.80800E-03  4.06400E-03
  4.57600E-03  5.08800E-03  5.60000E-03  6.11200E-03  6.62400E-03  7.13600E-03
  7.64800E-03  8.16000E-03  9.18400E-03  1.02080E-02  1.12320E-02  1.22560E-02
  1.32800E-02  1.43040E-02  1.53280E-02  1.63520E-02  1.84000E-02  2.04480E-02
  2.24960E-02  2.45440E-02  2.65920E-02  2.86400E-02  3.06880E-02  3.27360E-02
  3.68320E-02  4.09280E-02  4.50240E-02  4.91200E-02  5.32160E-02
  8.31894E-01  8.28405E-01  8.26505E-01  8.26019E-01  8.25300E-01  8.27731E-01
  8.25193E-01  8.21581E-01  8.22734E-01  8.24729E-01  8.24392E-01  8.23713E-01
  8.22046E-01  8.23122E-01  8.25084E-01  8.23660E-01  8.22422E-01  8.23810E-01
  8.22170E-01  8.24371E-01  8.23198E-01  8.22398E-01  8.22683E-01  8.22188E-01
  8.21529E-01  8.22417E-01  8.20520E-01  8.19904E-01  8.18775E-01  8.19504E-01
  8.20346E-01  8.20455E-01  8.19362E-01  8.18300E-01  8.15931E-01  8.17324E-01
  8.15845E-01  8.15404E-01  8.14361E-01  8.13070E-01  8.12283E-01  8.11331E-01
  8.10656E-01  8.08125E-01  8.07851E-01  8.06178E-01  8.04413E-01  8.01857E-01
  7.99680E-01  7.97477E-01  7.94960E-01  7.92465E-01  7.89438E-01  7.87919E-01
  7.82725E-01  7.78404E-01  7.74010E-01  7.70050E-01  7.65115E-01  7.60346E-01
  7.56366E-01  7.52183E-01  7.43321E-01  7.34367E-01  7.25806E-01  7.17828E-01
  7.09438E-01  7.00715E-01  6.92645E-01  6.84453E-01  6.68571E-01  6.53116E-01
  6.37891E-01  6.23152E-01  6.08808E-01  5.94742E-01  5.81289E-01  5.68244E-01
  5.42383E-01  5.18108E-01  4.95204E-01  4.73139E-01  4.51974E-01  4.31332E-01
  4.12293E-01  3.94213E-01  3.59467E-01  3.27229E-01  2.97925E-01  2.70781E-01
  2.46014E-01  2.24088E-01  2.04495E-01  1.92221E-01  1.61101E-01  1.35500E-01
  1.14476E-01  9.65553E-02  8.21905E-02  6.92165E-02  5.81610E-02  4.89674E-02
  3.44312E-02  2.60077E-02  1.88044E-02  1.21655E-02  7.94580E-03  5.51899E-03
  6.19511E-03  6.60976E-03  5.29676E-03  1.06728E-03  9.39452E-04 -2.03960E-03
 -4.51050E-03 -1.05136E-03  6.57404E-04 -3.83207E-03 -1.30647E-02 -7.78802E-03
 -5.01349E-03 -4.47491E-03 -2.87002E-05 -2.44556E-04  9.41598E-03  7.50195E-03
  1.61850E-02  4.26593E-03  6.04341E-04  4.52664E-03  8.24896E-03
