AutoSaveFileName0110.ASC
 IFORMY    0    .00
 (6E13.7)
 IFORMT    0    .00
 (6E13.7)
 IFORMW    0    .00
 (6E13.7)
 NINTT     0   -1.00
 DOUSNQ    0    1.00
 IQUAD     0    1.00
 PRWT      0    1.00
 PRY       0    1.00
 IPLRES    1    3.00
 IPLRES    2    3.00
 IPRINT    1    0.00
 IPRINT    2    2.00
 IPLFIT    1    0.00
 IPLFIT    2    0.00
 LINEPG    0   50.
 NONNEG    1    1.00
 IWT       0    5.00
 NQPROG    1    5.00
 NQPROG    2    5.00
 GMNMX     1    8.16992E-03
 GMNMX     2    2.93279E-03
 RUSER    10    -1.00
 NG        0    500.00
 NLINF     0    1.00
 IUSER    10    4.00
 RUSER    21    1.0
 RUSER    22   -1.0
 RUSER    23    0.0
 RUSER    18         291.97218
 RUSER    17         69.99900
 RUSER    19         1.03121
 RUSER    15         1.33200
 RUSER    16         632.80000
 RUSER    25         1
 RUSER    26         0
 END       0    0.00
 NY      162
  7.50000E-07  8.75000E-07  1.00000E-06  1.12500E-06  1.25000E-06  1.37500E-06
  1.50000E-06  1.62500E-06  1.75000E-06  1.87500E-06  2.00000E-06  2.25000E-06
  2.50000E-06  2.75000E-06  3.00000E-06  3.25000E-06  3.50000E-06  3.75000E-06
  4.00000E-06  4.50000E-06  5.00000E-06  5.50000E-06  6.00000E-06  6.50000E-06
  7.00000E-06  7.50000E-06  8.00000E-06  9.00000E-06  1.00000E-05  1.10000E-05
  1.20000E-05  1.30000E-05  1.40000E-05  1.50000E-05  1.60000E-05  1.80000E-05
  2.00000E-05  2.20000E-05  2.40000E-05  2.60000E-05  2.80000E-05  3.00000E-05
  3.20000E-05  3.60000E-05  4.00000E-05  4.40000E-05  4.80000E-05  5.20000E-05
  5.60000E-05  6.00000E-05  6.40000E-05  7.20000E-05  8.00000E-05  8.80000E-05
  9.60000E-05  1.04000E-04  1.12000E-04  1.20000E-04  1.28000E-04  1.44000E-04
  1.60000E-04  1.76000E-04  1.92000E-04  2.08000E-04  2.24000E-04  2.40000E-04
  2.56000E-04  2.88000E-04  3.20000E-04  3.52000E-04  3.84000E-04  4.16000E-04
  4.48000E-04  4.80000E-04  5.12000E-04  5.76000E-04  6.40000E-04  7.04000E-04
  7.68000E-04  8.32000E-04  8.96000E-04  9.60000E-04  1.02400E-03  1.15200E-03
  1.28000E-03  1.40800E-03  1.53600E-03  1.66400E-03  1.79200E-03  1.92000E-03
  2.01600E-03  2.27200E-03  2.52800E-03  2.78400E-03  3.04000E-03  3.29600E-03
  3.55200E-03  3.80800E-03  4.06400E-03  4.57600E-03  5.08800E-03  5.60000E-03
  6.11200E-03  6.62400E-03  7.13600E-03  7.64800E-03  8.16000E-03  9.18400E-03
  1.02080E-02  1.12320E-02  1.22560E-02  1.32800E-02  1.43040E-02  1.53280E-02
  1.63520E-02  1.84000E-02  2.04480E-02  2.24960E-02  2.45440E-02  2.65920E-02
  2.86400E-02  3.06880E-02  3.27360E-02  3.68320E-02  4.09280E-02  4.50240E-02
  4.91200E-02  5.32160E-02  5.73120E-02  6.14080E-02  6.55040E-02  7.36960E-02
  8.18880E-02  9.00800E-02  9.82720E-02  1.06464E-01  1.14656E-01  1.22848E-01
  1.31040E-01  1.47424E-01  1.63808E-01  1.80192E-01  1.96576E-01  2.12960E-01
  2.29344E-01  2.45728E-01  2.62112E-01  2.94880E-01  3.27648E-01  3.60416E-01
  3.93184E-01  4.25952E-01  4.58720E-01  4.91488E-01  5.24256E-01  5.89792E-01
  6.55328E-01  7.20864E-01  7.86400E-01  8.51936E-01  9.17472E-01  9.83008E-01
  9.97576E-01  9.94356E-01  9.93458E-01  9.99975E-01  9.94214E-01  9.94795E-01
  9.92753E-01  1.00000E+00  9.90445E-01  9.87698E-01  9.91641E-01  9.95704E-01
  9.85100E-01  9.91140E-01  9.89790E-01  9.91393E-01  9.95970E-01  9.89757E-01
  9.86876E-01  9.84662E-01  9.85718E-01  9.84378E-01  9.85179E-01  9.83424E-01
  9.84438E-01  9.77424E-01  9.78642E-01  9.80316E-01  9.75719E-01  9.72421E-01
  9.72881E-01  9.68031E-01  9.67092E-01  9.64776E-01  9.63023E-01  9.57651E-01
  9.55208E-01  9.49776E-01  9.45863E-01  9.42012E-01  9.37176E-01  9.31602E-01
  9.28978E-01  9.21386E-01  9.13236E-01  9.05723E-01  8.97122E-01  8.89578E-01
  8.81438E-01  8.75386E-01  8.66964E-01  8.51552E-01  8.38311E-01  8.23740E-01
  8.09902E-01  7.96701E-01  7.82083E-01  7.69560E-01  7.55717E-01  7.30724E-01
  7.06488E-01  6.82688E-01  6.59841E-01  6.38444E-01  6.16367E-01  5.96246E-01
  5.76097E-01  5.37481E-01  5.01316E-01  4.68707E-01  4.37420E-01  4.08848E-01
  3.81577E-01  3.56033E-01  3.32896E-01  2.91132E-01  2.55375E-01  2.22932E-01
  1.94840E-01  1.70731E-01  1.50106E-01  1.31115E-01  1.13767E-01  8.72672E-02
  6.91637E-02  5.52090E-02  4.42411E-02  3.66211E-02  3.10154E-02  2.55884E-02
  2.33020E-02  1.71226E-02  1.38779E-02  1.23938E-02  1.16135E-02  9.47929E-03
  6.91056E-03  6.17866E-03  6.03739E-03  7.59787E-03  5.31390E-03  2.08166E-03
  2.88879E-03  5.39784E-03  5.76355E-03  2.50050E-03 -2.22327E-03 -5.69042E-03
 -2.10584E-03  7.70545E-05  6.37649E-06 -6.24960E-03 -5.47410E-03 -2.95478E-03
 -1.49053E-03  8.33447E-05 -1.92487E-03  5.81755E-03 -2.17654E-04 -7.00042E-03
 -4.07813E-03 -1.07885E-03 -1.92376E-03  1.90643E-03 -2.72799E-03 -6.79914E-04
  2.56281E-03  6.94209E-04  1.63828E-03  3.52673E-03  8.69785E-04  1.85347E-03
  2.14808E-03  1.54266E-03 -1.40270E-03  6.84916E-06  4.00402E-03 -6.82634E-04
 -1.85248E-03  1.99851E-03 -3.77236E-04 -4.32243E-04  2.59754E-03 -1.95438E-03
 -5.58935E-04 -1.33059E-03 -1.51446E-03 -1.03499E-04  1.01226E-03  8.10580E-04
 -1.15187E-03 -6.80730E-04 -1.93851E-04 -2.43004E-03 -9.25218E-04 -2.18025E-03
  4.27041E-04 -7.57792E-04 -1.25196E-03  1.11837E-03  6.57772E-04  1.85700E-03
