AutoSaveFileName0329.ASC
 IFORMY    0    .00
 (6E13.7)
 IFORMT    0    .00
 (6E13.7)
 IFORMW    0    .00
 (6E13.7)
 NINTT     0   -1.00
 DOUSNQ    0    1.00
 IQUAD          1.00
 PRWT      0    1.00
 PRY       0    1.00
 IPLRES    1    3.00
 IPLRES    2    3.00
 IPRINT    1    0.00
 IPRINT    2    2.00
 IPLFIT    1    0.00
 IPLFIT    2    0.00
 LINEPG    0   50.
 NONNEG    1    1.00
 IWT       0    5.00
 NQPROG    1    5.00
 NQPROG    2    5.00
 GMNMX     1    8.776E-06
 GMNMX     2    8.776E-03
 RUSER    10    -1.00
 NG        0    200.00
 NLINF     0    0.00
 IUSER    10    4.00
 RUSER    21    1.0
 RUSER    22   -1.0
 RUSER    23    0.0
 RUSER    18         292.22969
 RUSER    17         123.99900
 RUSER    19         1.02466
 RUSER    15         1.33200
 RUSER    16         632.80000
 RUSER    25         1
 RUSER    26         0
 END       0    0.00
 NY      131
  3.75000E-07  5.00000E-07  6.25000E-07  7.50000E-07  8.75000E-07  1.00000E-06
  1.12500E-06  1.25000E-06  1.37500E-06  1.50000E-06  1.62500E-06  1.75000E-06
  1.87500E-06  2.00000E-06  2.25000E-06  2.50000E-06  2.75000E-06  3.00000E-06
  3.25000E-06  3.50000E-06  3.75000E-06  4.00000E-06  4.50000E-06  5.00000E-06
  5.50000E-06  6.00000E-06  6.50000E-06  7.00000E-06  7.50000E-06  8.00000E-06
  9.00000E-06  1.00000E-05  1.10000E-05  1.20000E-05  1.30000E-05  1.40000E-05
  1.50000E-05  1.60000E-05  1.80000E-05  2.00000E-05  2.20000E-05  2.40000E-05
  2.60000E-05  2.80000E-05  3.00000E-05  3.20000E-05  3.60000E-05  4.00000E-05
  4.40000E-05  4.80000E-05  5.20000E-05  5.60000E-05  6.00000E-05  6.40000E-05
  7.20000E-05  8.00000E-05  8.80000E-05  9.60000E-05  1.04000E-04  1.12000E-04
  1.20000E-04  1.28000E-04  1.44000E-04  1.60000E-04  1.76000E-04  1.92000E-04
  2.08000E-04  2.24000E-04  2.40000E-04  2.56000E-04  2.88000E-04  3.20000E-04
  3.52000E-04  3.84000E-04  4.16000E-04  4.48000E-04  4.80000E-04  5.12000E-04
  5.76000E-04  6.40000E-04  7.04000E-04  7.68000E-04  8.32000E-04  8.96000E-04
  9.60000E-04  1.02400E-03  1.15200E-03  1.28000E-03  1.40800E-03  1.53600E-03
  1.66400E-03  1.79200E-03  1.92000E-03  2.01600E-03  2.27200E-03  2.52800E-03
  2.78400E-03  3.04000E-03  3.29600E-03  3.55200E-03  3.80800E-03  4.06400E-03
  4.57600E-03  5.08800E-03  5.60000E-03  6.11200E-03  6.62400E-03  7.13600E-03
  7.64800E-03  8.16000E-03  9.18400E-03  1.02080E-02  1.12320E-02  1.22560E-02
  1.32800E-02  1.43040E-02  1.53280E-02  1.63520E-02  1.84000E-02  2.04480E-02
  2.24960E-02  2.45440E-02  2.65920E-02  2.86400E-02  3.06880E-02  3.27360E-02
  3.68320E-02  4.09280E-02  4.50240E-02  4.91200E-02  5.32160E-02
  2.44616E+00  2.44128E+00  2.43604E+00  2.43717E+00  2.43392E+00  2.43988E+00
  2.42567E+00  2.43454E+00  2.42930E+00  2.43183E+00  2.43353E+00  2.43831E+00
  2.42586E+00  2.43128E+00  2.42637E+00  2.42388E+00  2.42858E+00  2.42982E+00
  2.43023E+00  2.42473E+00  2.43276E+00  2.42870E+00  2.42662E+00  2.42280E+00
  2.42146E+00  2.42380E+00  2.42166E+00  2.41779E+00  2.41960E+00  2.41841E+00
  2.41477E+00  2.41306E+00  2.41128E+00  2.40920E+00  2.40999E+00  2.40627E+00
  2.40390E+00  2.40288E+00  2.39880E+00  2.39349E+00  2.39128E+00  2.38508E+00
  2.38267E+00  2.37783E+00  2.37398E+00  2.37119E+00  2.36291E+00  2.35421E+00
  2.34845E+00  2.33874E+00  2.33117E+00  2.32397E+00  2.31486E+00  2.30819E+00
  2.29324E+00  2.27771E+00  2.26277E+00  2.24816E+00  2.23405E+00  2.21807E+00
  2.20335E+00  2.18817E+00  2.15938E+00  2.13176E+00  2.10343E+00  2.07633E+00
  2.04777E+00  2.02164E+00  1.99455E+00  1.96778E+00  1.91653E+00  1.86572E+00
  1.81696E+00  1.76959E+00  1.72290E+00  1.67784E+00  1.63391E+00  1.59115E+00
  1.50911E+00  1.43195E+00  1.35972E+00  1.29085E+00  1.22533E+00  1.16309E+00
  1.10400E+00  1.04962E+00  9.47185E-01  8.56029E-01  7.73816E-01  7.00120E-01
  6.34818E-01  5.76948E-01  5.24411E-01  4.88352E-01  4.05915E-01  3.38648E-01
  2.82962E-01  2.35353E-01  1.94661E-01  1.61745E-01  1.32622E-01  1.10380E-01
  7.56608E-02  5.15505E-02  3.04907E-02  1.91281E-02  1.18976E-02  4.56017E-03
 -3.74491E-03 -6.19977E-03 -1.40616E-02 -1.70072E-02 -1.40652E-02 -7.70533E-03
 -4.70970E-03  3.34803E-03 -4.43442E-03 -3.14303E-03 -2.96500E-03 -6.18000E-04
  6.56223E-03  6.23359E-03 -6.78490E-04  4.75953E-03  8.91340E-03 -6.95828E-03
 -1.18084E-02 -6.55910E-03  3.97703E-03 -4.24286E-04 -4.92380E-03
