AutoSaveFileName0135.ASC
 IFORMY    0    .00
 (6E13.7)
 IFORMT    0    .00
 (6E13.7)
 IFORMW    0    .00
 (6E13.7)
 NINTT     0   -1.00
 DOUSNQ    0    1.00
 IQUAD     0    1.00
 PRWT      0    1.00
 PRY       0    1.00
 IPLRES    1    3.00
 IPLRES    2    3.00
 IPRINT    1    0.00
 IPRINT    2    2.00
 IPLFIT    1    0.00
 IPLFIT    2    0.00
 LINEPG    0   50.
 NONNEG    1    1.00
 IWT       0    5.00
 NQPROG    1    5.00
 NQPROG    2    5.00
 GMNMX     1    6.50137E-03
 GMNMX     2    2.33382E-03
 RUSER    10    -1.00
 NG        0    500.00
 NLINF     0    1.00
 IUSER    10    4.00
 RUSER    21    1.0
 RUSER    22   -1.0
 RUSER    23    0.0
 RUSER    18         291.99324
 RUSER    17         79.99900
 RUSER    19         1.03067
 RUSER    15         1.33200
 RUSER    16         632.80000
 RUSER    25         1
 RUSER    26         0
 END       0    0.00
 NY      162
  7.50000E-07  8.75000E-07  1.00000E-06  1.12500E-06  1.25000E-06  1.37500E-06
  1.50000E-06  1.62500E-06  1.75000E-06  1.87500E-06  2.00000E-06  2.25000E-06
  2.50000E-06  2.75000E-06  3.00000E-06  3.25000E-06  3.50000E-06  3.75000E-06
  4.00000E-06  4.50000E-06  5.00000E-06  5.50000E-06  6.00000E-06  6.50000E-06
  7.00000E-06  7.50000E-06  8.00000E-06  9.00000E-06  1.00000E-05  1.10000E-05
  1.20000E-05  1.30000E-05  1.40000E-05  1.50000E-05  1.60000E-05  1.80000E-05
  2.00000E-05  2.20000E-05  2.40000E-05  2.60000E-05  2.80000E-05  3.00000E-05
  3.20000E-05  3.60000E-05  4.00000E-05  4.40000E-05  4.80000E-05  5.20000E-05
  5.60000E-05  6.00000E-05  6.40000E-05  7.20000E-05  8.00000E-05  8.80000E-05
  9.60000E-05  1.04000E-04  1.12000E-04  1.20000E-04  1.28000E-04  1.44000E-04
  1.60000E-04  1.76000E-04  1.92000E-04  2.08000E-04  2.24000E-04  2.40000E-04
  2.56000E-04  2.88000E-04  3.20000E-04  3.52000E-04  3.84000E-04  4.16000E-04
  4.48000E-04  4.80000E-04  5.12000E-04  5.76000E-04  6.40000E-04  7.04000E-04
  7.68000E-04  8.32000E-04  8.96000E-04  9.60000E-04  1.02400E-03  1.15200E-03
  1.28000E-03  1.40800E-03  1.53600E-03  1.66400E-03  1.79200E-03  1.92000E-03
  2.01600E-03  2.27200E-03  2.52800E-03  2.78400E-03  3.04000E-03  3.29600E-03
  3.55200E-03  3.80800E-03  4.06400E-03  4.57600E-03  5.08800E-03  5.60000E-03
  6.11200E-03  6.62400E-03  7.13600E-03  7.64800E-03  8.16000E-03  9.18400E-03
  1.02080E-02  1.12320E-02  1.22560E-02  1.32800E-02  1.43040E-02  1.53280E-02
  1.63520E-02  1.84000E-02  2.04480E-02  2.24960E-02  2.45440E-02  2.65920E-02
  2.86400E-02  3.06880E-02  3.27360E-02  3.68320E-02  4.09280E-02  4.50240E-02
  4.91200E-02  5.32160E-02  5.73120E-02  6.14080E-02  6.55040E-02  7.36960E-02
  8.18880E-02  9.00800E-02  9.82720E-02  1.06464E-01  1.14656E-01  1.22848E-01
  1.31040E-01  1.47424E-01  1.63808E-01  1.80192E-01  1.96576E-01  2.12960E-01
  2.29344E-01  2.45728E-01  2.62112E-01  2.94880E-01  3.27648E-01  3.60416E-01
  3.93184E-01  4.25952E-01  4.58720E-01  4.91488E-01  5.24256E-01  5.89792E-01
  6.55328E-01  7.20864E-01  7.86400E-01  8.51936E-01  9.17472E-01  9.83008E-01
  1.00000E+00  9.95114E-01  9.96980E-01  9.97329E-01  9.92615E-01  9.93249E-01
  9.94697E-01  9.92326E-01  9.94298E-01  9.88308E-01  9.90981E-01  9.90613E-01
  9.88901E-01  9.90418E-01  9.87831E-01  9.88599E-01  9.86010E-01  9.87891E-01
  9.85926E-01  9.84308E-01  9.81965E-01  9.81758E-01  9.79793E-01  9.78578E-01
  9.77592E-01  9.75675E-01  9.73808E-01  9.72759E-01  9.70002E-01  9.66224E-01
  9.63798E-01  9.61295E-01  9.59332E-01  9.56915E-01  9.54168E-01  9.48594E-01
  9.43459E-01  9.38515E-01  9.32759E-01  9.28377E-01  9.23088E-01  9.19073E-01
  9.13090E-01  9.03506E-01  8.93148E-01  8.83693E-01  8.73323E-01  8.64135E-01
  8.54956E-01  8.45308E-01  8.36168E-01  8.18203E-01  8.00198E-01  7.83153E-01
  7.66206E-01  7.49812E-01  7.33740E-01  7.17991E-01  7.02432E-01  6.72588E-01
  6.43250E-01  6.15997E-01  5.89737E-01  5.64484E-01  5.40559E-01  5.17363E-01
  4.95518E-01  4.54439E-01  4.16685E-01  3.82036E-01  3.50170E-01  3.21158E-01
  2.94514E-01  2.70013E-01  2.48260E-01  2.09358E-01  1.76475E-01  1.49444E-01
  1.26401E-01  1.07214E-01  9.09411E-02  7.73099E-02  6.62171E-02  4.79859E-02
  3.50066E-02  2.58983E-02  1.84224E-02  1.30633E-02  9.16828E-03  6.83913E-03
  5.90396E-03  4.02208E-03  3.45087E-03  3.77542E-03  2.77001E-03  1.36139E-03
  9.42486E-04  1.90186E-03  1.90442E-03  8.81683E-04  6.00715E-04 -3.96564E-04
 -2.56557E-04 -9.03403E-04 -1.94982E-03 -8.88738E-04  1.83818E-04 -8.14130E-04
  5.75632E-04  7.83844E-04 -3.76152E-04 -1.29905E-03 -8.23611E-04  1.54958E-03
  1.72742E-03  6.49372E-04  6.25160E-04  5.27855E-04 -1.85806E-03 -1.81373E-03
 -4.25228E-05 -7.53321E-04  6.87597E-04  6.48115E-04  5.11358E-04  1.91442E-04
  2.28470E-04  1.36386E-03  6.55490E-04  1.25533E-03  3.50014E-04  5.50619E-04
 -9.07511E-04 -2.86511E-04  1.59310E-04 -2.03944E-03 -7.49013E-05  1.69687E-04
  4.07555E-04  4.38193E-04  3.06745E-04 -4.86328E-04 -1.21889E-03  8.47557E-04
  8.09642E-05 -1.54744E-04 -2.87969E-05 -3.11578E-05 -6.95596E-04 -6.82066E-04
  6.66019E-04  1.91980E-04  6.30278E-04  1.92237E-04 -2.50927E-04  3.75826E-04
  1.72974E-04  3.36768E-04 -3.18232E-04 -2.12402E-05 -4.15977E-04 -1.58568E-04
