AutoSaveFileName0103.ASC
 IFORMY    0    .00
 (6E13.7)
 IFORMT    0    .00
 (6E13.7)
 IFORMW    0    .00
 (6E13.7)
 NINTT     0   -1.00
 DOUSNQ    0    1.00
 IQUAD     0    1.00
 PRWT      0    1.00
 PRY       0    1.00
 IPLRES    1    3.00
 IPLRES    2    3.00
 IPRINT    1    0.00
 IPRINT    2    2.00
 IPLFIT    1    0.00
 IPLFIT    2    0.00
 LINEPG    0   50.
 NONNEG    1    1.00
 IWT       0    5.00
 NQPROG    1    5.00
 NQPROG    2    5.00
 GMNMX     1    9.31183E-03
 GMNMX     2    3.34271E-03
 RUSER    10    -1.00
 NG        0    500.00
 NLINF     0    1.00
 IUSER    10    4.00
 RUSER    21    1.0
 RUSER    22   -1.0
 RUSER    23    0.0
 RUSER    18         291.96685
 RUSER    17         64.99900
 RUSER    19         1.03135
 RUSER    15         1.33200
 RUSER    16         632.80000
 RUSER    25         1
 RUSER    26         0
 END       0    0.00
 NY      162
  7.50000E-07  8.75000E-07  1.00000E-06  1.12500E-06  1.25000E-06  1.37500E-06
  1.50000E-06  1.62500E-06  1.75000E-06  1.87500E-06  2.00000E-06  2.25000E-06
  2.50000E-06  2.75000E-06  3.00000E-06  3.25000E-06  3.50000E-06  3.75000E-06
  4.00000E-06  4.50000E-06  5.00000E-06  5.50000E-06  6.00000E-06  6.50000E-06
  7.00000E-06  7.50000E-06  8.00000E-06  9.00000E-06  1.00000E-05  1.10000E-05
  1.20000E-05  1.30000E-05  1.40000E-05  1.50000E-05  1.60000E-05  1.80000E-05
  2.00000E-05  2.20000E-05  2.40000E-05  2.60000E-05  2.80000E-05  3.00000E-05
  3.20000E-05  3.60000E-05  4.00000E-05  4.40000E-05  4.80000E-05  5.20000E-05
  5.60000E-05  6.00000E-05  6.40000E-05  7.20000E-05  8.00000E-05  8.80000E-05
  9.60000E-05  1.04000E-04  1.12000E-04  1.20000E-04  1.28000E-04  1.44000E-04
  1.60000E-04  1.76000E-04  1.92000E-04  2.08000E-04  2.24000E-04  2.40000E-04
  2.56000E-04  2.88000E-04  3.20000E-04  3.52000E-04  3.84000E-04  4.16000E-04
  4.48000E-04  4.80000E-04  5.12000E-04  5.76000E-04  6.40000E-04  7.04000E-04
  7.68000E-04  8.32000E-04  8.96000E-04  9.60000E-04  1.02400E-03  1.15200E-03
  1.28000E-03  1.40800E-03  1.53600E-03  1.66400E-03  1.79200E-03  1.92000E-03
  2.01600E-03  2.27200E-03  2.52800E-03  2.78400E-03  3.04000E-03  3.29600E-03
  3.55200E-03  3.80800E-03  4.06400E-03  4.57600E-03  5.08800E-03  5.60000E-03
  6.11200E-03  6.62400E-03  7.13600E-03  7.64800E-03  8.16000E-03  9.18400E-03
  1.02080E-02  1.12320E-02  1.22560E-02  1.32800E-02  1.43040E-02  1.53280E-02
  1.63520E-02  1.84000E-02  2.04480E-02  2.24960E-02  2.45440E-02  2.65920E-02
  2.86400E-02  3.06880E-02  3.27360E-02  3.68320E-02  4.09280E-02  4.50240E-02
  4.91200E-02  5.32160E-02  5.73120E-02  6.14080E-02  6.55040E-02  7.36960E-02
  8.18880E-02  9.00800E-02  9.82720E-02  1.06464E-01  1.14656E-01  1.22848E-01
  1.31040E-01  1.47424E-01  1.63808E-01  1.80192E-01  1.96576E-01  2.12960E-01
  2.29344E-01  2.45728E-01  2.62112E-01  2.94880E-01  3.27648E-01  3.60416E-01
  3.93184E-01  4.25952E-01  4.58720E-01  4.91488E-01  5.24256E-01  5.89792E-01
  6.55328E-01  7.20864E-01  7.86400E-01  8.51936E-01  9.17472E-01  9.83008E-01
  1.00000E+00  9.97090E-01  9.97351E-01  9.94390E-01  9.98262E-01  9.93756E-01
  9.93153E-01  9.92397E-01  9.94061E-01  9.91925E-01  9.93417E-01  9.95746E-01
  9.96001E-01  9.93483E-01  9.91946E-01  9.92824E-01  9.93527E-01  9.89763E-01
  9.91086E-01  9.89125E-01  9.88110E-01  9.88146E-01  9.87078E-01  9.84052E-01
  9.84592E-01  9.83874E-01  9.83934E-01  9.81136E-01  9.79048E-01  9.78265E-01
  9.74640E-01  9.74150E-01  9.71922E-01  9.70564E-01  9.68475E-01  9.64150E-01
  9.61187E-01  9.56847E-01  9.54171E-01  9.50158E-01  9.46420E-01  9.42525E-01
  9.39368E-01  9.32448E-01  9.25432E-01  9.18129E-01  9.10944E-01  9.03878E-01
  8.97518E-01  8.90235E-01  8.83997E-01  8.70683E-01  8.57904E-01  8.44851E-01
  8.32431E-01  8.19696E-01  8.07486E-01  7.96038E-01  7.84288E-01  7.61078E-01
  7.38536E-01  7.16860E-01  6.95466E-01  6.75261E-01  6.55072E-01  6.36306E-01
  6.17694E-01  5.81993E-01  5.48484E-01  5.17051E-01  4.87579E-01  4.59564E-01
  4.33803E-01  4.09031E-01  3.86450E-01  3.44276E-01  3.06993E-01  2.73665E-01
  2.43968E-01  2.17662E-01  1.94215E-01  1.73339E-01  1.55276E-01  1.23939E-01
  9.98953E-02  8.04750E-02  6.49898E-02  5.20457E-02  4.09455E-02  3.25005E-02
  2.78263E-02  1.81942E-02  1.15721E-02  6.52948E-03  3.36391E-03  1.12188E-03
  6.12079E-04  1.82593E-03  2.54485E-03  2.92164E-03  4.57962E-03  6.73535E-03
  3.45955E-03 -9.80229E-04 -1.31050E-03 -7.15448E-04 -5.44856E-04 -2.16967E-03
 -3.11114E-03  4.30511E-04  3.29078E-03  1.32166E-03  1.60902E-03  2.43008E-03
  9.06637E-04 -1.04975E-03  3.49126E-05  1.55659E-03  1.53257E-03  4.23869E-03
  1.01090E-03  1.38105E-03  8.49313E-04  4.48152E-03 -3.74729E-05  2.93787E-05
 -1.07185E-03 -1.16657E-03  1.38197E-04 -6.07303E-04  5.17143E-04  3.68526E-04
  5.69688E-04 -1.76472E-03 -4.71386E-04 -1.37717E-03 -4.86322E-04 -1.02647E-03
 -1.43131E-03  2.49305E-04 -8.78888E-04 -1.36862E-03  7.51689E-04 -5.35639E-04
  6.10886E-04  7.06896E-04  1.27817E-03  8.87776E-04 -5.61370E-04  3.36228E-04
 -6.02877E-04 -6.44929E-04 -1.01144E-03  1.87761E-04 -1.01936E-03  2.99604E-06
  2.72134E-04 -3.06240E-04  6.41049E-04  4.67591E-04 -1.68124E-04  5.12581E-04
