AutoSaveFileName0192.ASC
 IFORMY    0    .00
 (6E13.7)
 IFORMT    0    .00
 (6E13.7)
 IFORMW    0    .00
 (6E13.7)
 NINTT     0   -1.00
 DOUSNQ    0    1.00
 IQUAD          1.00
 PRWT      0    1.00
 PRY       0    1.00
 IPLRES    1    3.00
 IPLRES    2    3.00
 IPRINT    1    0.00
 IPRINT    2    2.00
 IPLFIT    1    0.00
 IPLFIT    2    0.00
 LINEPG    0   50.
 NONNEG    1    1.00
 IWT       0    5.00
 NQPROG    1    5.00
 NQPROG    2    5.00
 GMNMX     1    1.020E-05
 GMNMX     2    1.020E-02
 RUSER    10    -1.00
 NG        0    200.00
 NLINF     0    0.00
 IUSER    10    4.00
 RUSER    21    1.0
 RUSER    22   -1.0
 RUSER    23    0.0
 RUSER    18         292.23090
 RUSER    17         109.99900
 RUSER    19         1.02463
 RUSER    15         1.33200
 RUSER    16         632.80000
 RUSER    25         1
 RUSER    26         0
 END       0    0.00
 NY      188
  5.00000E-07  6.25000E-07  7.50000E-07  8.75000E-07  1.00000E-06  1.12500E-06
  1.25000E-06  1.37500E-06  1.50000E-06  1.62500E-06  1.75000E-06  1.87500E-06
  2.00000E-06  2.25000E-06  2.50000E-06  2.75000E-06  3.00000E-06  3.25000E-06
  3.50000E-06  3.75000E-06  4.00000E-06  4.50000E-06  5.00000E-06  5.50000E-06
  6.00000E-06  6.50000E-06  7.00000E-06  7.50000E-06  8.00000E-06  9.00000E-06
  1.00000E-05  1.10000E-05  1.20000E-05  1.30000E-05  1.40000E-05  1.50000E-05
  1.60000E-05  1.80000E-05  2.00000E-05  2.20000E-05  2.40000E-05  2.60000E-05
  2.80000E-05  3.00000E-05  3.20000E-05  3.60000E-05  4.00000E-05  4.40000E-05
  4.80000E-05  5.20000E-05  5.60000E-05  6.00000E-05  6.40000E-05  7.20000E-05
  8.00000E-05  8.80000E-05  9.60000E-05  1.04000E-04  1.12000E-04  1.20000E-04
  1.28000E-04  1.44000E-04  1.60000E-04  1.76000E-04  1.92000E-04  2.08000E-04
  2.24000E-04  2.40000E-04  2.56000E-04  2.88000E-04  3.20000E-04  3.52000E-04
  3.84000E-04  4.16000E-04  4.48000E-04  4.80000E-04  5.12000E-04  5.76000E-04
  6.40000E-04  7.04000E-04  7.68000E-04  8.32000E-04  8.96000E-04  9.60000E-04
  1.02400E-03  1.15200E-03  1.28000E-03  1.40800E-03  1.53600E-03  1.66400E-03
  1.79200E-03  1.92000E-03  2.01600E-03  2.27200E-03  2.52800E-03  2.78400E-03
  3.04000E-03  3.29600E-03  3.55200E-03  3.80800E-03  4.06400E-03  4.57600E-03
  5.08800E-03  5.60000E-03  6.11200E-03  6.62400E-03  7.13600E-03  7.64800E-03
  8.16000E-03  9.18400E-03  1.02080E-02  1.12320E-02  1.22560E-02  1.32800E-02
  1.43040E-02  1.53280E-02  1.63520E-02  1.84000E-02  2.04480E-02  2.24960E-02
  2.45440E-02  2.65920E-02  2.86400E-02  3.06880E-02  3.27360E-02  3.68320E-02
  4.09280E-02  4.50240E-02  4.91200E-02  5.32160E-02  5.73120E-02  6.14080E-02
  6.55040E-02  7.36960E-02  8.18880E-02  9.00800E-02  9.82720E-02  1.06464E-01
  1.14656E-01  1.22848E-01  1.31040E-01  1.47424E-01  1.63808E-01  1.80192E-01
  1.96576E-01  2.12960E-01  2.29344E-01  2.45728E-01  2.62112E-01  2.94880E-01
  3.27648E-01  3.60416E-01  3.93184E-01  4.25952E-01  4.58720E-01  4.91488E-01
  5.24256E-01  5.89792E-01  6.55328E-01  7.20864E-01  7.86400E-01  8.51936E-01
  9.17472E-01  9.83008E-01  1.04854E+00  1.17962E+00  1.31069E+00  1.44176E+00
  1.57283E+00  1.70390E+00  1.83498E+00  1.96605E+00  2.09712E+00  2.35926E+00
  2.62141E+00  2.88355E+00  3.14570E+00  3.40784E+00  3.66998E+00  3.93213E+00
  4.19427E+00  4.71856E+00  5.24285E+00  5.76714E+00  6.29142E+00  6.81571E+00
  7.34000E+00  7.86429E+00
  9.91265E-01  9.85312E-01  9.85785E-01  9.93341E-01  9.90558E-01  9.88131E-01
  9.85704E-01  9.84456E-01  9.85631E-01  9.85849E-01  9.82970E-01  9.86843E-01
  9.86459E-01  9.86677E-01  9.81363E-01  9.83947E-01  9.88220E-01  9.84840E-01
  9.82308E-01  9.81520E-01  9.83103E-01  9.83224E-01  9.81492E-01  9.83358E-01
  9.84137E-01  9.81484E-01  9.81552E-01  9.82203E-01  9.82005E-01  9.83224E-01
  9.83196E-01  9.80890E-01  9.81775E-01  9.79691E-01  9.80890E-01  9.78564E-01
  9.79683E-01  9.80361E-01  9.77098E-01  9.76904E-01  9.76008E-01  9.75975E-01
  9.74978E-01  9.75261E-01  9.74929E-01  9.72248E-01  9.70265E-01  9.69805E-01
  9.68125E-01  9.67034E-01  9.64959E-01  9.63295E-01  9.62422E-01  9.59612E-01
  9.56324E-01  9.53534E-01  9.50743E-01  9.48066E-01  9.45522E-01  9.42937E-01
  9.39759E-01  9.34246E-01  9.28403E-01  9.22725E-01  9.17257E-01  9.11886E-01
  9.05771E-01  9.00719E-01  8.95061E-01  8.83826E-01  8.73290E-01  8.62730E-01
  8.52286E-01  8.42053E-01  8.31937E-01  8.21816E-01  8.11680E-01  7.92025E-01
  7.72317E-01  7.53494E-01  7.35079E-01  7.16817E-01  6.99254E-01  6.81634E-01
  6.48806E-01  6.17209E-01  5.86703E-01  5.57929E-01  5.30831E-01  5.05034E-01
  4.80585E-01  4.57619E-01  4.51868E-01  4.10022E-01  3.72211E-01  3.38147E-01
  3.07424E-01  2.79423E-01  2.54241E-01  2.31755E-01  2.12226E-01  1.78097E-01
  1.50935E-01  1.28102E-01  1.09676E-01  9.37166E-02  8.03793E-02  6.84679E-02
  5.90988E-02  4.40270E-02  3.01979E-02  1.92192E-02  1.11814E-02  7.50720E-03
  8.21057E-03  7.86456E-03  4.32629E-03  4.05018E-03  6.43928E-03  7.59810E-03
  6.42599E-03  1.08087E-02  1.49147E-02  1.33368E-02  4.15518E-03 -1.03188E-02
 -9.09277E-03 -2.95293E-03 -2.78621E-03 -6.68449E-03 -7.41238E-03 -8.26469E-03
 -1.08118E-02 -4.54440E-03 -8.72725E-03 -4.01993E-03 -5.70432E-03  5.22989E-03
 -6.00749E-03 -1.02583E-02 -4.27343E-03 -2.52653E-03  3.17923E-03 -1.72168E-03
 -5.75181E-03 -4.53071E-03 -3.67187E-03 -5.64520E-03 -3.54821E-03  2.62395E-03
  3.30994E-04  2.05391E-03  1.32668E-03  2.32756E-03 -5.71446E-03 -1.70314E-03
 -2.09668E-03 -4.23777E-04 -3.11704E-03  5.48411E-04 -5.97308E-03 -3.00500E-03
  3.32825E-03 -1.21004E-03 -2.07371E-04  1.21494E-03 -6.81364E-04  1.35314E-03
  1.40462E-03  3.09157E-04 -1.62416E-03  1.79799E-03  1.47580E-03 -9.84496E-04
 -1.15916E-03  2.09180E-03  5.42769E-04 -2.12487E-03  2.02776E-03 -2.69522E-03
  2.76061E-04 -7.19802E-04  8.33205E-04 -5.16087E-04  1.08613E-03 -6.08547E-04
 -3.36050E-04  6.65683E-04
