AutoSaveFileName0128.ASC
 IFORMY    0    .00
 (6E13.7)
 IFORMT    0    .00
 (6E13.7)
 IFORMW    0    .00
 (6E13.7)
 NINTT     0   -1.00
 DOUSNQ    0    1.00
 IQUAD     0    1.00
 PRWT      0    1.00
 PRY       0    1.00
 IPLRES    1    3.00
 IPLRES    2    3.00
 IPRINT    1    0.00
 IPRINT    2    2.00
 IPLFIT    1    0.00
 IPLFIT    2    0.00
 LINEPG    0   50.
 NONNEG    1    1.00
 IWT       0    5.00
 NQPROG    1    5.00
 NQPROG    2    5.00
 GMNMX     1    7.24974E-03
 GMNMX     2    2.60247E-03
 RUSER    10    -1.00
 NG        0    500.00
 NLINF     0    1.00
 IUSER    10    4.00
 RUSER    21    1.0
 RUSER    22   -1.0
 RUSER    23    0.0
 RUSER    18         291.98721
 RUSER    17         74.99900
 RUSER    19         1.03083
 RUSER    15         1.33200
 RUSER    16         632.80000
 RUSER    25         1
 RUSER    26         0
 END       0    0.00
 NY      162
  7.50000E-07  8.75000E-07  1.00000E-06  1.12500E-06  1.25000E-06  1.37500E-06
  1.50000E-06  1.62500E-06  1.75000E-06  1.87500E-06  2.00000E-06  2.25000E-06
  2.50000E-06  2.75000E-06  3.00000E-06  3.25000E-06  3.50000E-06  3.75000E-06
  4.00000E-06  4.50000E-06  5.00000E-06  5.50000E-06  6.00000E-06  6.50000E-06
  7.00000E-06  7.50000E-06  8.00000E-06  9.00000E-06  1.00000E-05  1.10000E-05
  1.20000E-05  1.30000E-05  1.40000E-05  1.50000E-05  1.60000E-05  1.80000E-05
  2.00000E-05  2.20000E-05  2.40000E-05  2.60000E-05  2.80000E-05  3.00000E-05
  3.20000E-05  3.60000E-05  4.00000E-05  4.40000E-05  4.80000E-05  5.20000E-05
  5.60000E-05  6.00000E-05  6.40000E-05  7.20000E-05  8.00000E-05  8.80000E-05
  9.60000E-05  1.04000E-04  1.12000E-04  1.20000E-04  1.28000E-04  1.44000E-04
  1.60000E-04  1.76000E-04  1.92000E-04  2.08000E-04  2.24000E-04  2.40000E-04
  2.56000E-04  2.88000E-04  3.20000E-04  3.52000E-04  3.84000E-04  4.16000E-04
  4.48000E-04  4.80000E-04  5.12000E-04  5.76000E-04  6.40000E-04  7.04000E-04
  7.68000E-04  8.32000E-04  8.96000E-04  9.60000E-04  1.02400E-03  1.15200E-03
  1.28000E-03  1.40800E-03  1.53600E-03  1.66400E-03  1.79200E-03  1.92000E-03
  2.01600E-03  2.27200E-03  2.52800E-03  2.78400E-03  3.04000E-03  3.29600E-03
  3.55200E-03  3.80800E-03  4.06400E-03  4.57600E-03  5.08800E-03  5.60000E-03
  6.11200E-03  6.62400E-03  7.13600E-03  7.64800E-03  8.16000E-03  9.18400E-03
  1.02080E-02  1.12320E-02  1.22560E-02  1.32800E-02  1.43040E-02  1.53280E-02
  1.63520E-02  1.84000E-02  2.04480E-02  2.24960E-02  2.45440E-02  2.65920E-02
  2.86400E-02  3.06880E-02  3.27360E-02  3.68320E-02  4.09280E-02  4.50240E-02
  4.91200E-02  5.32160E-02  5.73120E-02  6.14080E-02  6.55040E-02  7.36960E-02
  8.18880E-02  9.00800E-02  9.82720E-02  1.06464E-01  1.14656E-01  1.22848E-01
  1.31040E-01  1.47424E-01  1.63808E-01  1.80192E-01  1.96576E-01  2.12960E-01
  2.29344E-01  2.45728E-01  2.62112E-01  2.94880E-01  3.27648E-01  3.60416E-01
  3.93184E-01  4.25952E-01  4.58720E-01  4.91488E-01  5.24256E-01  5.89792E-01
  6.55328E-01  7.20864E-01  7.86400E-01  8.51936E-01  9.17472E-01  9.83008E-01
  9.98429E-01  1.00000E+00  9.95397E-01  9.97487E-01  9.93251E-01  9.94276E-01
  9.94824E-01  9.92054E-01  9.94172E-01  9.90429E-01  9.92584E-01  9.89842E-01
  9.91648E-01  9.90134E-01  9.89732E-01  9.89344E-01  9.88916E-01  9.87184E-01
  9.86804E-01  9.84963E-01  9.83871E-01  9.82911E-01  9.82383E-01  9.80596E-01
  9.80485E-01  9.78807E-01  9.78259E-01  9.75474E-01  9.73121E-01  9.70392E-01
  9.68880E-01  9.66173E-01  9.62709E-01  9.61570E-01  9.58526E-01  9.54058E-01
  9.49272E-01  9.44226E-01  9.39892E-01  9.35322E-01  9.31283E-01  9.25741E-01
  9.21080E-01  9.12697E-01  9.03851E-01  8.94985E-01  8.86178E-01  8.77857E-01
  8.69156E-01  8.60777E-01  8.52627E-01  8.35878E-01  8.19730E-01  8.03826E-01
  7.88135E-01  7.73348E-01  7.58007E-01  7.43200E-01  7.28773E-01  7.01062E-01
  6.74192E-01  6.48591E-01  6.23847E-01  5.99936E-01  5.77113E-01  5.54928E-01
  5.34166E-01  4.94315E-01  4.57571E-01  4.23554E-01  3.92376E-01  3.63440E-01
  3.36447E-01  3.11639E-01  2.89171E-01  2.48261E-01  2.13436E-01  1.83746E-01
  1.58143E-01  1.36345E-01  1.17574E-01  1.01378E-01  8.75598E-02  6.48613E-02
  4.83472E-02  3.61784E-02  2.79513E-02  2.13500E-02  1.60962E-02  1.22457E-02
  1.00839E-02  6.08767E-03  3.99646E-03  2.58454E-03  1.88576E-03  1.51337E-03
  1.08915E-03  1.53341E-03  1.58813E-03  9.40765E-04  2.05376E-03  3.20904E-03
  4.05011E-03  3.00004E-03  2.14541E-03  1.52492E-04  8.60807E-04 -1.19963E-03
 -2.44618E-03 -7.37890E-04  7.35025E-04  3.22741E-03  2.73249E-03  3.46324E-04
  2.11582E-04  2.55921E-04 -2.78901E-03 -2.15662E-03 -1.18532E-03 -9.47703E-04
 -1.22149E-03 -1.78622E-03 -1.88673E-03 -3.11636E-04 -4.12570E-04 -4.48663E-04
 -9.65167E-04  1.09547E-03  4.18659E-04 -9.62992E-04  8.55060E-05 -9.08771E-04
 -1.09374E-03 -2.13259E-04 -1.09308E-03 -2.27138E-04  3.28051E-06 -6.60673E-04
  8.10405E-05  3.53946E-04  2.25482E-04 -5.38319E-04  1.08655E-05  3.56656E-04
 -2.54359E-04  5.64604E-04  4.91753E-05 -2.98563E-04  9.84269E-05 -3.09811E-04
 -5.27610E-06 -1.36959E-04  2.83483E-04 -3.54709E-04  8.81077E-05  9.52870E-05
 -2.78805E-04 -2.56206E-04  2.09820E-04  8.08014E-05  2.40166E-04 -6.45768E-04
