AutoSaveFileName0185.ASC
 IFORMY    0    .00
 (6E13.7)
 IFORMT    0    .00
 (6E13.7)
 IFORMW    0    .00
 (6E13.7)
 NINTT     0   -1.00
 DOUSNQ    0    1.00
 IQUAD          1.00
 PRWT      0    1.00
 PRY       0    1.00
 IPLRES    1    3.00
 IPLRES    2    3.00
 IPRINT    1    0.00
 IPRINT    2    2.00
 IPLFIT    1    0.00
 IPLFIT    2    0.00
 LINEPG    0   50.
 NONNEG    1    1.00
 IWT       0    5.00
 NQPROG    1    5.00
 NQPROG    2    5.00
 GMNMX     1    1.087E-05
 GMNMX     2    1.087E-02
 RUSER    10    -1.00
 NG        0    200.00
 NLINF     0    0.00
 IUSER    10    4.00
 RUSER    21    1.0
 RUSER    22   -1.0
 RUSER    23    0.0
 RUSER    18         292.22876
 RUSER    17         104.99900
 RUSER    19         1.02468
 RUSER    15         1.33200
 RUSER    16         632.80000
 RUSER    25         1
 RUSER    26         0
 END       0    0.00
 NY      188
  5.00000E-07  6.25000E-07  7.50000E-07  8.75000E-07  1.00000E-06  1.12500E-06
  1.25000E-06  1.37500E-06  1.50000E-06  1.62500E-06  1.75000E-06  1.87500E-06
  2.00000E-06  2.25000E-06  2.50000E-06  2.75000E-06  3.00000E-06  3.25000E-06
  3.50000E-06  3.75000E-06  4.00000E-06  4.50000E-06  5.00000E-06  5.50000E-06
  6.00000E-06  6.50000E-06  7.00000E-06  7.50000E-06  8.00000E-06  9.00000E-06
  1.00000E-05  1.10000E-05  1.20000E-05  1.30000E-05  1.40000E-05  1.50000E-05
  1.60000E-05  1.80000E-05  2.00000E-05  2.20000E-05  2.40000E-05  2.60000E-05
  2.80000E-05  3.00000E-05  3.20000E-05  3.60000E-05  4.00000E-05  4.40000E-05
  4.80000E-05  5.20000E-05  5.60000E-05  6.00000E-05  6.40000E-05  7.20000E-05
  8.00000E-05  8.80000E-05  9.60000E-05  1.04000E-04  1.12000E-04  1.20000E-04
  1.28000E-04  1.44000E-04  1.60000E-04  1.76000E-04  1.92000E-04  2.08000E-04
  2.24000E-04  2.40000E-04  2.56000E-04  2.88000E-04  3.20000E-04  3.52000E-04
  3.84000E-04  4.16000E-04  4.48000E-04  4.80000E-04  5.12000E-04  5.76000E-04
  6.40000E-04  7.04000E-04  7.68000E-04  8.32000E-04  8.96000E-04  9.60000E-04
  1.02400E-03  1.15200E-03  1.28000E-03  1.40800E-03  1.53600E-03  1.66400E-03
  1.79200E-03  1.92000E-03  2.01600E-03  2.27200E-03  2.52800E-03  2.78400E-03
  3.04000E-03  3.29600E-03  3.55200E-03  3.80800E-03  4.06400E-03  4.57600E-03
  5.08800E-03  5.60000E-03  6.11200E-03  6.62400E-03  7.13600E-03  7.64800E-03
  8.16000E-03  9.18400E-03  1.02080E-02  1.12320E-02  1.22560E-02  1.32800E-02
  1.43040E-02  1.53280E-02  1.63520E-02  1.84000E-02  2.04480E-02  2.24960E-02
  2.45440E-02  2.65920E-02  2.86400E-02  3.06880E-02  3.27360E-02  3.68320E-02
  4.09280E-02  4.50240E-02  4.91200E-02  5.32160E-02  5.73120E-02  6.14080E-02
  6.55040E-02  7.36960E-02  8.18880E-02  9.00800E-02  9.82720E-02  1.06464E-01
  1.14656E-01  1.22848E-01  1.31040E-01  1.47424E-01  1.63808E-01  1.80192E-01
  1.96576E-01  2.12960E-01  2.29344E-01  2.45728E-01  2.62112E-01  2.94880E-01
  3.27648E-01  3.60416E-01  3.93184E-01  4.25952E-01  4.58720E-01  4.91488E-01
  5.24256E-01  5.89792E-01  6.55328E-01  7.20864E-01  7.86400E-01  8.51936E-01
  9.17472E-01  9.83008E-01  1.04854E+00  1.17962E+00  1.31069E+00  1.44176E+00
  1.57283E+00  1.70390E+00  1.83498E+00  1.96605E+00  2.09712E+00  2.35926E+00
  2.62141E+00  2.88355E+00  3.14570E+00  3.40784E+00  3.66998E+00  3.93213E+00
  4.19427E+00  4.71856E+00  5.24285E+00  5.76714E+00  6.29142E+00  6.81571E+00
  7.34000E+00  7.86429E+00
  9.96567E-01  9.95751E-01  9.94897E-01  9.94741E-01  9.93241E-01  9.93292E-01
  9.92346E-01  9.91909E-01  9.92674E-01  9.91234E-01  9.92589E-01  9.93949E-01
  9.92180E-01  9.92086E-01  9.91517E-01  9.92677E-01  9.92061E-01  9.91274E-01
  9.91334E-01  9.91323E-01  9.91187E-01  9.90793E-01  9.91179E-01  9.91066E-01
  9.90365E-01  9.90322E-01  9.90054E-01  9.91100E-01  9.89815E-01  9.89303E-01
  9.88862E-01  9.89263E-01  9.89174E-01  9.88138E-01  9.87324E-01  9.87878E-01
  9.87548E-01  9.86629E-01  9.85992E-01  9.85394E-01  9.84978E-01  9.84300E-01
  9.83623E-01  9.82939E-01  9.82268E-01  9.81111E-01  9.79402E-01  9.78560E-01
  9.76960E-01  9.75747E-01  9.74224E-01  9.73018E-01  9.71820E-01  9.69315E-01
  9.66717E-01  9.64077E-01  9.61392E-01  9.58838E-01  9.56193E-01  9.53436E-01
  9.50862E-01  9.45823E-01  9.40677E-01  9.35410E-01  9.30402E-01  9.25455E-01
  9.20522E-01  9.15427E-01  9.10392E-01  9.00586E-01  8.90764E-01  8.81032E-01
  8.71476E-01  8.62237E-01  8.52897E-01  8.43671E-01  8.34164E-01  8.16346E-01
  7.98842E-01  7.81599E-01  7.64866E-01  7.48295E-01  7.32178E-01  7.16383E-01
  6.66047E-01  6.37229E-01  6.09678E-01  5.83616E-01  5.58711E-01  5.35113E-01
  5.12642E-01  4.91321E-01  5.03507E-01  4.63421E-01  4.26735E-01  3.93124E-01
  3.62162E-01  3.33944E-01  3.08111E-01  2.84544E-01  2.63028E-01  2.24371E-01
  1.91629E-01  1.62874E-01  1.38475E-01  1.17965E-01  1.01090E-01  8.73016E-02
  7.64734E-02  5.74669E-02  4.39324E-02  3.51843E-02  2.72576E-02  2.08990E-02
  1.64862E-02  1.32498E-02  1.13835E-02  6.50810E-03  1.14584E-03 -2.77417E-03
 -4.20697E-03 -1.04112E-03  2.50396E-03  3.95935E-03  6.24646E-03  8.94539E-03
  7.59812E-03 -7.12281E-04  1.07406E-03  3.44523E-03  2.48455E-03 -3.30767E-03
 -5.88127E-03 -7.34633E-03  1.38094E-03  4.59673E-03  3.81733E-03  3.03687E-04
  4.86459E-03 -5.03298E-04 -2.94552E-03  2.48758E-03  7.37205E-03  1.05236E-03
 -1.31777E-03  9.42735E-04 -2.25377E-03 -3.31298E-03  2.17563E-03 -1.60766E-04
  1.14119E-05  3.36976E-03  8.46305E-04 -3.57287E-03  4.44052E-03 -5.63367E-04
  2.36830E-03 -4.07910E-04  2.14829E-03 -1.95991E-03 -1.20173E-03 -3.16615E-03
  2.57076E-03 -1.52577E-03 -3.92826E-04 -1.79350E-03 -1.34647E-03 -3.51657E-03
 -2.60575E-03  9.82091E-05  5.05335E-04 -6.74862E-04 -2.16155E-04 -2.83417E-03
  1.17082E-03  5.26292E-04 -9.66089E-05 -1.17822E-03  2.67183E-04 -4.76446E-04
 -3.56665E-04  1.14122E-03 -2.05449E-03 -1.65294E-03 -1.72168E-04  5.01558E-04
  6.48496E-04 -6.63171E-05
