AutoSaveFileName0154.ASC
 IFORMY    0    .00
 (6E13.7)
 IFORMT    0    .00
 (6E13.7)
 IFORMW    0    .00
 (6E13.7)
 NINTT     0   -1.00
 DOUSNQ    0    1.00
 IQUAD          1.00
 PRWT      0    1.00
 PRY       0    1.00
 IPLRES    1    3.00
 IPLRES    2    3.00
 IPRINT    1    0.00
 IPRINT    2    2.00
 IPLFIT    1    0.00
 IPLFIT    2    0.00
 LINEPG    0   50.
 NONNEG    1    1.00
 IWT       0    5.00
 NQPROG    1    5.00
 NQPROG    2    5.00
 GMNMX     1    1.369E-05
 GMNMX     2    1.369E-02
 RUSER    10    -1.00
 NG        0    200.00
 NLINF     0    0.00
 IUSER    10    4.00
 RUSER    21    1.0
 RUSER    22   -1.0
 RUSER    23    0.0
 RUSER    18         292.21626
 RUSER    17         89.99700
 RUSER    19         1.02500
 RUSER    15         1.33200
 RUSER    16         632.80000
 RUSER    25         1
 RUSER    26         0
 END       0    0.00
 NY      188
  5.00000E-07  6.25000E-07  7.50000E-07  8.75000E-07  1.00000E-06  1.12500E-06
  1.25000E-06  1.37500E-06  1.50000E-06  1.62500E-06  1.75000E-06  1.87500E-06
  2.00000E-06  2.25000E-06  2.50000E-06  2.75000E-06  3.00000E-06  3.25000E-06
  3.50000E-06  3.75000E-06  4.00000E-06  4.50000E-06  5.00000E-06  5.50000E-06
  6.00000E-06  6.50000E-06  7.00000E-06  7.50000E-06  8.00000E-06  9.00000E-06
  1.00000E-05  1.10000E-05  1.20000E-05  1.30000E-05  1.40000E-05  1.50000E-05
  1.60000E-05  1.80000E-05  2.00000E-05  2.20000E-05  2.40000E-05  2.60000E-05
  2.80000E-05  3.00000E-05  3.20000E-05  3.60000E-05  4.00000E-05  4.40000E-05
  4.80000E-05  5.20000E-05  5.60000E-05  6.00000E-05  6.40000E-05  7.20000E-05
  8.00000E-05  8.80000E-05  9.60000E-05  1.04000E-04  1.12000E-04  1.20000E-04
  1.28000E-04  1.44000E-04  1.60000E-04  1.76000E-04  1.92000E-04  2.08000E-04
  2.24000E-04  2.40000E-04  2.56000E-04  2.88000E-04  3.20000E-04  3.52000E-04
  3.84000E-04  4.16000E-04  4.48000E-04  4.80000E-04  5.12000E-04  5.76000E-04
  6.40000E-04  7.04000E-04  7.68000E-04  8.32000E-04  8.96000E-04  9.60000E-04
  1.02400E-03  1.15200E-03  1.28000E-03  1.40800E-03  1.53600E-03  1.66400E-03
  1.79200E-03  1.92000E-03  2.01600E-03  2.27200E-03  2.52800E-03  2.78400E-03
  3.04000E-03  3.29600E-03  3.55200E-03  3.80800E-03  4.06400E-03  4.57600E-03
  5.08800E-03  5.60000E-03  6.11200E-03  6.62400E-03  7.13600E-03  7.64800E-03
  8.16000E-03  9.18400E-03  1.02080E-02  1.12320E-02  1.22560E-02  1.32800E-02
  1.43040E-02  1.53280E-02  1.63520E-02  1.84000E-02  2.04480E-02  2.24960E-02
  2.45440E-02  2.65920E-02  2.86400E-02  3.06880E-02  3.27360E-02  3.68320E-02
  4.09280E-02  4.50240E-02  4.91200E-02  5.32160E-02  5.73120E-02  6.14080E-02
  6.55040E-02  7.36960E-02  8.18880E-02  9.00800E-02  9.82720E-02  1.06464E-01
  1.14656E-01  1.22848E-01  1.31040E-01  1.47424E-01  1.63808E-01  1.80192E-01
  1.96576E-01  2.12960E-01  2.29344E-01  2.45728E-01  2.62112E-01  2.94880E-01
  3.27648E-01  3.60416E-01  3.93184E-01  4.25952E-01  4.58720E-01  4.91488E-01
  5.24256E-01  5.89792E-01  6.55328E-01  7.20864E-01  7.86400E-01  8.51936E-01
  9.17472E-01  9.83008E-01  1.04854E+00  1.17962E+00  1.31069E+00  1.44176E+00
  1.57283E+00  1.70390E+00  1.83498E+00  1.96605E+00  2.09712E+00  2.35926E+00
  2.62141E+00  2.88355E+00  3.14570E+00  3.40784E+00  3.66998E+00  3.93213E+00
  4.19427E+00  4.71856E+00  5.24285E+00  5.76714E+00  6.29142E+00  6.81571E+00
  7.34000E+00  7.86429E+00
  9.98120E-01  9.96082E-01  9.92275E-01  9.93527E-01  9.94537E-01  9.94112E-01
  9.93761E-01  9.92041E-01  9.90349E-01  9.92899E-01  9.93896E-01  9.92479E-01
  9.93372E-01  9.91471E-01  9.92408E-01  9.93573E-01  9.90085E-01  9.91800E-01
  9.91507E-01  9.92352E-01  9.91784E-01  9.91240E-01  9.91398E-01  9.91685E-01
  9.92059E-01  9.91825E-01  9.91298E-01  9.89912E-01  9.90711E-01  9.90728E-01
  9.89978E-01  9.89805E-01  9.89589E-01  9.89260E-01  9.89087E-01  9.88782E-01
  9.88782E-01  9.87922E-01  9.87665E-01  9.87108E-01  9.86075E-01  9.85988E-01
  9.85859E-01  9.84851E-01  9.84589E-01  9.83368E-01  9.82444E-01  9.81381E-01
  9.80388E-01  9.79421E-01  9.78284E-01  9.77406E-01  9.76343E-01  9.74379E-01
  9.72371E-01  9.70043E-01  9.68086E-01  9.65756E-01  9.63606E-01  9.61723E-01
  9.59606E-01  9.55571E-01  9.51317E-01  9.47106E-01  9.43182E-01  9.39155E-01
  9.35102E-01  9.31158E-01  9.27077E-01  9.19261E-01  9.11348E-01  9.03387E-01
  8.95713E-01  8.87856E-01  8.80078E-01  8.72590E-01  8.64143E-01  8.49335E-01
  8.34944E-01  8.20665E-01  8.06702E-01  7.93090E-01  7.79561E-01  7.66135E-01
  7.53418E-01  7.28148E-01  7.03656E-01  6.80065E-01  6.57253E-01  6.35267E-01
  6.14195E-01  5.94008E-01  5.80561E-01  5.43302E-01  5.08646E-01  4.76287E-01
  4.45961E-01  4.17831E-01  3.91525E-01  3.66906E-01  3.44335E-01  3.02465E-01
  2.66122E-01  2.33853E-01  2.05234E-01  1.79738E-01  1.56951E-01  1.37169E-01
  1.20580E-01  9.14187E-02  6.87370E-02  5.12638E-02  3.86228E-02  3.00461E-02
  2.33106E-02  1.89910E-02  1.64642E-02  1.16877E-02  6.04618E-03  8.43060E-04
 -2.81795E-03 -1.18481E-03 -1.18542E-03 -8.88400E-04  5.51579E-04  9.36710E-04
 -2.76419E-03 -9.94438E-03 -5.62262E-03 -2.46970E-03  3.72514E-03  4.46482E-03
  2.46772E-03 -8.32608E-03 -3.49927E-03  2.14980E-03  3.69216E-03  5.71949E-03
  6.58446E-03 -6.35076E-04 -9.09936E-04  8.45274E-03  4.53869E-03 -6.61955E-06
 -6.47391E-03 -3.71806E-03  6.12610E-03  2.54782E-03  1.58750E-03  2.02664E-03
 -4.22064E-03  2.98807E-03  1.45514E-03  2.41241E-03  2.27597E-03 -7.22179E-03
 -4.43073E-04 -1.47197E-03  9.02992E-04  2.36163E-03 -1.92479E-03 -3.20988E-03
 -3.18385E-03 -2.91657E-03 -2.04085E-03  2.27536E-03  1.65324E-03 -1.06575E-03
 -2.21799E-03 -2.43460E-03  1.11321E-04 -5.83172E-05  5.32433E-04 -5.84164E-04
 -3.43992E-04 -1.08653E-03 -1.85520E-04 -1.52855E-03  1.51327E-03 -1.22358E-03
 -4.12727E-04 -8.34315E-04  1.08216E-03  3.66109E-04  9.64970E-04  2.37527E-03
  1.84276E-03 -2.53768E-03
