AutoSaveFileName0383.ASC
 IFORMY    0    .00
 (6E13.7)
 IFORMT    0    .00
 (6E13.7)
 IFORMW    0    .00
 (6E13.7)
 NINTT     0   -1.00
 DOUSNQ    0    1.00
 IQUAD          1.00
 PRWT      0    1.00
 PRY       0    1.00
 IPLRES    1    3.00
 IPLRES    2    3.00
 IPRINT    1    0.00
 IPRINT    2    2.00
 IPLFIT    1    0.00
 IPLFIT    2    0.00
 LINEPG    0   50.
 NONNEG    1    1.00
 IWT       0    5.00
 NQPROG    1    5.00
 NQPROG    2    5.00
 GMNMX     1    7.634E-06
 GMNMX     2    7.634E-03
 RUSER    10    -1.00
 NG        0    200.00
 NLINF     0    0.00
 IUSER    10    4.00
 RUSER    21    1.0
 RUSER    22   -1.0
 RUSER    23    0.0
 RUSER    18         292.31717
 RUSER    17         141.99900
 RUSER    19         1.02245
 RUSER    15         1.33200
 RUSER    16         632.80000
 RUSER    25         1
 RUSER    26         0
 END       0    0.00
 NY      131
  3.75000E-07  5.00000E-07  6.25000E-07  7.50000E-07  8.75000E-07  1.00000E-06
  1.12500E-06  1.25000E-06  1.37500E-06  1.50000E-06  1.62500E-06  1.75000E-06
  1.87500E-06  2.00000E-06  2.25000E-06  2.50000E-06  2.75000E-06  3.00000E-06
  3.25000E-06  3.50000E-06  3.75000E-06  4.00000E-06  4.50000E-06  5.00000E-06
  5.50000E-06  6.00000E-06  6.50000E-06  7.00000E-06  7.50000E-06  8.00000E-06
  9.00000E-06  1.00000E-05  1.10000E-05  1.20000E-05  1.30000E-05  1.40000E-05
  1.50000E-05  1.60000E-05  1.80000E-05  2.00000E-05  2.20000E-05  2.40000E-05
  2.60000E-05  2.80000E-05  3.00000E-05  3.20000E-05  3.60000E-05  4.00000E-05
  4.40000E-05  4.80000E-05  5.20000E-05  5.60000E-05  6.00000E-05  6.40000E-05
  7.20000E-05  8.00000E-05  8.80000E-05  9.60000E-05  1.04000E-04  1.12000E-04
  1.20000E-04  1.28000E-04  1.44000E-04  1.60000E-04  1.76000E-04  1.92000E-04
  2.08000E-04  2.24000E-04  2.40000E-04  2.56000E-04  2.88000E-04  3.20000E-04
  3.52000E-04  3.84000E-04  4.16000E-04  4.48000E-04  4.80000E-04  5.12000E-04
  5.76000E-04  6.40000E-04  7.04000E-04  7.68000E-04  8.32000E-04  8.96000E-04
  9.60000E-04  1.02400E-03  1.15200E-03  1.28000E-03  1.40800E-03  1.53600E-03
  1.66400E-03  1.79200E-03  1.92000E-03  2.01600E-03  2.27200E-03  2.52800E-03
  2.78400E-03  3.04000E-03  3.29600E-03  3.55200E-03  3.80800E-03  4.06400E-03
  4.57600E-03  5.08800E-03  5.60000E-03  6.11200E-03  6.62400E-03  7.13600E-03
  7.64800E-03  8.16000E-03  9.18400E-03  1.02080E-02  1.12320E-02  1.22560E-02
  1.32800E-02  1.43040E-02  1.53280E-02  1.63520E-02  1.84000E-02  2.04480E-02
  2.24960E-02  2.45440E-02  2.65920E-02  2.86400E-02  3.06880E-02  3.27360E-02
  3.68320E-02  4.09280E-02  4.50240E-02  4.91200E-02  5.32160E-02
  2.51773E+00  2.51632E+00  2.50592E+00  2.48159E+00  2.49352E+00  2.48271E+00
  2.50754E+00  2.48919E+00  2.49985E+00  2.49159E+00  2.48482E+00  2.48683E+00
  2.50149E+00  2.48691E+00  2.49088E+00  2.49591E+00  2.49240E+00  2.48923E+00
  2.48336E+00  2.47593E+00  2.47628E+00  2.48563E+00  2.48843E+00  2.48389E+00
  2.48211E+00  2.48153E+00  2.47931E+00  2.47849E+00  2.47706E+00  2.47614E+00
  2.47645E+00  2.47395E+00  2.47387E+00  2.47060E+00  2.46772E+00  2.47000E+00
  2.46400E+00  2.46067E+00  2.46218E+00  2.45713E+00  2.44990E+00  2.45140E+00
  2.44368E+00  2.44187E+00  2.43781E+00  2.43645E+00  2.43080E+00  2.42163E+00
  2.41374E+00  2.40717E+00  2.40183E+00  2.39509E+00  2.38785E+00  2.38075E+00
  2.36847E+00  2.35452E+00  2.34189E+00  2.32689E+00  2.31422E+00  2.30109E+00
  2.28859E+00  2.27523E+00  2.24975E+00  2.22552E+00  2.20085E+00  2.17542E+00
  2.15076E+00  2.12655E+00  2.10427E+00  2.08115E+00  2.03586E+00  1.99082E+00
  1.94844E+00  1.90665E+00  1.86588E+00  1.82650E+00  1.78817E+00  1.75027E+00
  1.67844E+00  1.60901E+00  1.54240E+00  1.47861E+00  1.41848E+00  1.36197E+00
  1.30741E+00  1.25692E+00  1.16150E+00  1.07578E+00  9.98718E-01  9.29205E-01
  8.66952E-01  8.09556E-01  7.56992E-01  7.18781E-01  6.30163E-01  5.57081E-01
  4.95791E-01  4.45525E-01  4.02045E-01  3.64974E-01  3.30319E-01  3.00269E-01
  2.49150E-01  2.09824E-01  1.79404E-01  1.55287E-01  1.36278E-01  1.22883E-01
  1.07988E-01  9.35747E-02  7.09082E-02  5.76407E-02  4.63211E-02  4.00681E-02
  3.50584E-02  2.47280E-02  1.62672E-02  1.64303E-02  3.06348E-02  3.75047E-02
  4.57096E-02  2.78958E-02  2.30896E-02  2.92045E-02  2.46714E-02  1.98134E-02
  6.30213E-03  1.44254E-02  2.25027E-02  2.44637E-02  6.91233E-03
