AutoSaveFileName0152.ASC
 IFORMY    0    .00
 (6E13.7)
 IFORMT    0    .00
 (6E13.7)
 IFORMW    0    .00
 (6E13.7)
 NINTT     0   -1.00
 DOUSNQ    0    1.00
 IQUAD          1.00
 PRWT      0    1.00
 PRY       0    1.00
 IPLRES    1    3.00
 IPLRES    2    3.00
 IPRINT    1    0.00
 IPRINT    2    2.00
 IPLFIT    1    0.00
 IPLFIT    2    0.00
 LINEPG    0   50.
 NONNEG    1    1.00
 IWT       0    5.00
 NQPROG    1    5.00
 NQPROG    2    5.00
 GMNMX     1    2.388E-05
 GMNMX     2    2.388E-02
 RUSER    10    -1.00
 NG        0    200.00
 NLINF     0    0.00
 IUSER    10    4.00
 RUSER    21    1.0
 RUSER    22   -1.0
 RUSER    23    0.0
 RUSER    18         291.95911
 RUSER    17         64.99900
 RUSER    19         1.03154
 RUSER    15         1.33200
 RUSER    16         632.80000
 RUSER    25         1
 RUSER    26         0
 END       0    0.00
 NY      131
  3.75000E-07  5.00000E-07  6.25000E-07  7.50000E-07  8.75000E-07  1.00000E-06
  1.12500E-06  1.25000E-06  1.37500E-06  1.50000E-06  1.62500E-06  1.75000E-06
  1.87500E-06  2.00000E-06  2.25000E-06  2.50000E-06  2.75000E-06  3.00000E-06
  3.25000E-06  3.50000E-06  3.75000E-06  4.00000E-06  4.50000E-06  5.00000E-06
  5.50000E-06  6.00000E-06  6.50000E-06  7.00000E-06  7.50000E-06  8.00000E-06
  9.00000E-06  1.00000E-05  1.10000E-05  1.20000E-05  1.30000E-05  1.40000E-05
  1.50000E-05  1.60000E-05  1.80000E-05  2.00000E-05  2.20000E-05  2.40000E-05
  2.60000E-05  2.80000E-05  3.00000E-05  3.20000E-05  3.60000E-05  4.00000E-05
  4.40000E-05  4.80000E-05  5.20000E-05  5.60000E-05  6.00000E-05  6.40000E-05
  7.20000E-05  8.00000E-05  8.80000E-05  9.60000E-05  1.04000E-04  1.12000E-04
  1.20000E-04  1.28000E-04  1.44000E-04  1.60000E-04  1.76000E-04  1.92000E-04
  2.08000E-04  2.24000E-04  2.40000E-04  2.56000E-04  2.88000E-04  3.20000E-04
  3.52000E-04  3.84000E-04  4.16000E-04  4.48000E-04  4.80000E-04  5.12000E-04
  5.76000E-04  6.40000E-04  7.04000E-04  7.68000E-04  8.32000E-04  8.96000E-04
  9.60000E-04  1.02400E-03  1.15200E-03  1.28000E-03  1.40800E-03  1.53600E-03
  1.66400E-03  1.79200E-03  1.92000E-03  2.01600E-03  2.27200E-03  2.52800E-03
  2.78400E-03  3.04000E-03  3.29600E-03  3.55200E-03  3.80800E-03  4.06400E-03
  4.57600E-03  5.08800E-03  5.60000E-03  6.11200E-03  6.62400E-03  7.13600E-03
  7.64800E-03  8.16000E-03  9.18400E-03  1.02080E-02  1.12320E-02  1.22560E-02
  1.32800E-02  1.43040E-02  1.53280E-02  1.63520E-02  1.84000E-02  2.04480E-02
  2.24960E-02  2.45440E-02  2.65920E-02  2.86400E-02  3.06880E-02  3.27360E-02
  3.68320E-02  4.09280E-02  4.50240E-02  4.91200E-02  5.32160E-02
  2.54910E+00  2.54524E+00  2.54172E+00  2.54160E+00  2.53754E+00  2.53695E+00
  2.53224E+00  2.53698E+00  2.53060E+00  2.52791E+00  2.52915E+00  2.53292E+00
  2.52737E+00  2.52907E+00  2.52422E+00  2.52839E+00  2.52899E+00  2.52118E+00
  2.53197E+00  2.52976E+00  2.52896E+00  2.52780E+00  2.52788E+00  2.52905E+00
  2.52627E+00  2.52955E+00  2.52601E+00  2.52481E+00  2.52989E+00  2.52585E+00
  2.52638E+00  2.52442E+00  2.52453E+00  2.52024E+00  2.52300E+00  2.52104E+00
  2.52012E+00  2.51953E+00  2.51788E+00  2.51754E+00  2.51571E+00  2.51471E+00
  2.51326E+00  2.51302E+00  2.50999E+00  2.50923E+00  2.50643E+00  2.50314E+00
  2.50129E+00  2.49966E+00  2.49510E+00  2.49231E+00  2.48879E+00  2.48688E+00
  2.48215E+00  2.47544E+00  2.46931E+00  2.46545E+00  2.45931E+00  2.45475E+00
  2.44831E+00  2.44310E+00  2.43271E+00  2.42122E+00  2.41075E+00  2.39966E+00
  2.39035E+00  2.37895E+00  2.36896E+00  2.35797E+00  2.33758E+00  2.31744E+00
  2.29696E+00  2.27681E+00  2.25663E+00  2.23639E+00  2.21677E+00  2.19711E+00
  2.15861E+00  2.12144E+00  2.08438E+00  2.04767E+00  2.01220E+00  1.97758E+00
  1.94377E+00  1.90880E+00  1.84354E+00  1.78092E+00  1.72102E+00  1.66373E+00
  1.60831E+00  1.55590E+00  1.50518E+00  1.46999E+00  1.37712E+00  1.28977E+00
  1.20826E+00  1.13307E+00  1.06215E+00  9.95632E-01  9.33066E-01  8.75239E-01
  7.70137E-01  6.77490E-01  5.96256E-01  5.25351E-01  4.64632E-01  4.11400E-01
  3.65441E-01  3.28092E-01  2.64594E-01  2.13551E-01  1.72377E-01  1.38267E-01
  1.08785E-01  9.06640E-02  7.82541E-02  6.81145E-02  6.06050E-02  5.21957E-02
  4.49981E-02  2.94703E-02  2.27112E-02  1.18024E-02  1.87887E-03 -6.04884E-04
  6.29283E-03 -9.49838E-03 -7.46269E-03  1.77943E-03  2.49091E-02
