AutoSaveFileName0265.ASC
 IFORMY    0    .00
 (6E13.7)
 IFORMT    0    .00
 (6E13.7)
 IFORMW    0    .00
 (6E13.7)
 NINTT     0   -1.00
 DOUSNQ    0    1.00
 IQUAD          1.00
 PRWT      0    1.00
 PRY       0    1.00
 IPLRES    1    3.00
 IPLRES    2    3.00
 IPRINT    1    0.00
 IPRINT    2    2.00
 IPLFIT    1    0.00
 IPLFIT    2    0.00
 LINEPG    0   50.
 NONNEG    1    1.00
 IWT       0    5.00
 NQPROG    1    5.00
 NQPROG    2    5.00
 GMNMX     1    7.518E-06
 GMNMX     2    7.518E-03
 RUSER    10    -1.00
 NG        0    200.00
 NLINF     0    0.00
 IUSER    10    4.00
 RUSER    21    1.0
 RUSER    22   -1.0
 RUSER    23    0.0
 RUSER    18         292.25110
 RUSER    17         144.99900
 RUSER    19         1.02412
 RUSER    15         1.33200
 RUSER    16         632.80000
 RUSER    25         1
 RUSER    26         0
 END       0    0.00
 NY      188
  5.00000E-07  6.25000E-07  7.50000E-07  8.75000E-07  1.00000E-06  1.12500E-06
  1.25000E-06  1.37500E-06  1.50000E-06  1.62500E-06  1.75000E-06  1.87500E-06
  2.00000E-06  2.25000E-06  2.50000E-06  2.75000E-06  3.00000E-06  3.25000E-06
  3.50000E-06  3.75000E-06  4.00000E-06  4.50000E-06  5.00000E-06  5.50000E-06
  6.00000E-06  6.50000E-06  7.00000E-06  7.50000E-06  8.00000E-06  9.00000E-06
  1.00000E-05  1.10000E-05  1.20000E-05  1.30000E-05  1.40000E-05  1.50000E-05
  1.60000E-05  1.80000E-05  2.00000E-05  2.20000E-05  2.40000E-05  2.60000E-05
  2.80000E-05  3.00000E-05  3.20000E-05  3.60000E-05  4.00000E-05  4.40000E-05
  4.80000E-05  5.20000E-05  5.60000E-05  6.00000E-05  6.40000E-05  7.20000E-05
  8.00000E-05  8.80000E-05  9.60000E-05  1.04000E-04  1.12000E-04  1.20000E-04
  1.28000E-04  1.44000E-04  1.60000E-04  1.76000E-04  1.92000E-04  2.08000E-04
  2.24000E-04  2.40000E-04  2.56000E-04  2.88000E-04  3.20000E-04  3.52000E-04
  3.84000E-04  4.16000E-04  4.48000E-04  4.80000E-04  5.12000E-04  5.76000E-04
  6.40000E-04  7.04000E-04  7.68000E-04  8.32000E-04  8.96000E-04  9.60000E-04
  1.02400E-03  1.15200E-03  1.28000E-03  1.40800E-03  1.53600E-03  1.66400E-03
  1.79200E-03  1.92000E-03  2.01600E-03  2.27200E-03  2.52800E-03  2.78400E-03
  3.04000E-03  3.29600E-03  3.55200E-03  3.80800E-03  4.06400E-03  4.57600E-03
  5.08800E-03  5.60000E-03  6.11200E-03  6.62400E-03  7.13600E-03  7.64800E-03
  8.16000E-03  9.18400E-03  1.02080E-02  1.12320E-02  1.22560E-02  1.32800E-02
  1.43040E-02  1.53280E-02  1.63520E-02  1.84000E-02  2.04480E-02  2.24960E-02
  2.45440E-02  2.65920E-02  2.86400E-02  3.06880E-02  3.27360E-02  3.68320E-02
  4.09280E-02  4.50240E-02  4.91200E-02  5.32160E-02  5.73120E-02  6.14080E-02
  6.55040E-02  7.36960E-02  8.18880E-02  9.00800E-02  9.82720E-02  1.06464E-01
  1.14656E-01  1.22848E-01  1.31040E-01  1.47424E-01  1.63808E-01  1.80192E-01
  1.96576E-01  2.12960E-01  2.29344E-01  2.45728E-01  2.62112E-01  2.94880E-01
  3.27648E-01  3.60416E-01  3.93184E-01  4.25952E-01  4.58720E-01  4.91488E-01
  5.24256E-01  5.89792E-01  6.55328E-01  7.20864E-01  7.86400E-01  8.51936E-01
  9.17472E-01  9.83008E-01  1.04854E+00  1.17962E+00  1.31069E+00  1.44176E+00
  1.57283E+00  1.70390E+00  1.83498E+00  1.96605E+00  2.09712E+00  2.35926E+00
  2.62141E+00  2.88355E+00  3.14570E+00  3.40784E+00  3.66998E+00  3.93213E+00
  4.19427E+00  4.71856E+00  5.24285E+00  5.76714E+00  6.29142E+00  6.81571E+00
  7.34000E+00  7.86429E+00
  9.96612E-01  9.95356E-01  9.94670E-01  9.94118E-01  9.95219E-01  9.94381E-01
  9.92828E-01  9.93977E-01  9.92963E-01  9.93145E-01  9.92961E-01  9.92350E-01
  9.92409E-01  9.91951E-01  9.91505E-01  9.92287E-01  9.92394E-01  9.91440E-01
  9.92007E-01  9.91473E-01  9.91577E-01  9.91638E-01  9.90723E-01  9.89998E-01
  9.90243E-01  9.90521E-01  9.89644E-01  9.90052E-01  9.89839E-01  9.88797E-01
  9.88853E-01  9.88888E-01  9.87817E-01  9.87363E-01  9.87081E-01  9.86818E-01
  9.86088E-01  9.85322E-01  9.84644E-01  9.83604E-01  9.82394E-01  9.81818E-01
  9.80732E-01  9.80018E-01  9.79166E-01  9.77368E-01  9.75446E-01  9.73563E-01
  9.71673E-01  9.69922E-01  9.68380E-01  9.66495E-01  9.64725E-01  9.60852E-01
  9.57386E-01  9.53802E-01  9.50412E-01  9.46708E-01  9.43192E-01  9.39810E-01
  9.36170E-01  9.29363E-01  9.22308E-01  9.15469E-01  9.08718E-01  9.01944E-01
  8.95159E-01  8.88504E-01  8.81947E-01  8.68661E-01  8.55761E-01  8.42920E-01
  8.30427E-01  8.17995E-01  8.05819E-01  7.93873E-01  7.81721E-01  7.58417E-01
  7.35990E-01  7.14342E-01  6.93458E-01  6.73185E-01  6.53574E-01  6.34582E-01
  6.16205E-01  5.81195E-01  5.48585E-01  5.17828E-01  4.88756E-01  4.61417E-01
  4.35925E-01  4.12076E-01  3.95352E-01  3.53769E-01  3.16720E-01  2.83869E-01
  2.54877E-01  2.29517E-01  2.07199E-01  1.87343E-01  1.70507E-01  1.41880E-01
  1.19101E-01  1.00722E-01  8.55970E-02  7.35468E-02  6.37931E-02  5.60164E-02
  4.91925E-02  3.79405E-02  2.99209E-02  2.30414E-02  1.69054E-02  1.12824E-02
  6.70263E-03  5.58202E-03  4.34256E-03  3.58741E-03  1.61728E-03  1.54646E-03
  3.30497E-03  7.65216E-03  9.87038E-03  1.05718E-02  7.49449E-03  4.12104E-03
 -3.80921E-03 -7.92919E-03 -3.92622E-03  6.09954E-04  1.03479E-03 -2.11538E-03
  1.16882E-03  1.81126E-03  2.71508E-03 -4.93543E-03 -2.74134E-04  5.72885E-03
 -1.00132E-03 -9.41220E-03 -5.98838E-03  3.88634E-03  3.63089E-03 -2.00708E-03
  2.72924E-03 -8.33637E-04  2.10778E-03  3.37319E-03  2.33600E-03 -2.56326E-03
 -2.30786E-03 -2.20923E-03 -3.31659E-03 -4.47532E-03 -4.45184E-04 -1.06302E-03
  9.75211E-04  1.20293E-03 -2.86099E-03  1.53750E-03  1.30118E-03  1.81906E-04
 -1.80599E-03  1.80193E-03 -2.20579E-04 -1.04805E-03  7.59382E-04 -6.96875E-04
 -1.49451E-03 -1.15023E-04 -2.53630E-03 -7.16003E-04  6.71252E-04  1.81660E-04
  1.58281E-03  1.59726E-03 -1.61252E-03 -7.93879E-04 -9.75526E-04  1.86212E-03
  4.87472E-04  4.94763E-04  1.48997E-03  7.60301E-06 -1.97480E-03  9.54451E-04
 -1.51692E-03  1.36028E-03
