AutoSaveFileName0089.ASC
 IFORMY    0    .00
 (6E13.7)
 IFORMT    0    .00
 (6E13.7)
 IFORMW    0    .00
 (6E13.7)
 NINTT     0   -1.00
 DOUSNQ    0    1.00
 IQUAD     0    1.00
 PRWT      0    1.00
 PRY       0    1.00
 IPLRES    1    3.00
 IPLRES    2    3.00
 IPRINT    1    0.00
 IPRINT    2    2.00
 IPLFIT    1    0.00
 IPLFIT    2    0.00
 LINEPG    0   50.
 NONNEG    1    1.00
 IWT       0    5.00
 NQPROG    1    5.00
 NQPROG    2    5.00
 GMNMX     1    1.26133E-02
 GMNMX     2    4.52784E-03
 RUSER    10    -1.00
 NG        0    500.00
 NLINF     0    1.00
 IUSER    10    4.00
 RUSER    21    1.0
 RUSER    22   -1.0
 RUSER    23    0.0
 RUSER    18         291.95529
 RUSER    17         54.99700
 RUSER    19         1.03164
 RUSER    15         1.33200
 RUSER    16         632.80000
 RUSER    25         1
 RUSER    26         0
 END       0    0.00
 NY      162
  7.50000E-07  8.75000E-07  1.00000E-06  1.12500E-06  1.25000E-06  1.37500E-06
  1.50000E-06  1.62500E-06  1.75000E-06  1.87500E-06  2.00000E-06  2.25000E-06
  2.50000E-06  2.75000E-06  3.00000E-06  3.25000E-06  3.50000E-06  3.75000E-06
  4.00000E-06  4.50000E-06  5.00000E-06  5.50000E-06  6.00000E-06  6.50000E-06
  7.00000E-06  7.50000E-06  8.00000E-06  9.00000E-06  1.00000E-05  1.10000E-05
  1.20000E-05  1.30000E-05  1.40000E-05  1.50000E-05  1.60000E-05  1.80000E-05
  2.00000E-05  2.20000E-05  2.40000E-05  2.60000E-05  2.80000E-05  3.00000E-05
  3.20000E-05  3.60000E-05  4.00000E-05  4.40000E-05  4.80000E-05  5.20000E-05
  5.60000E-05  6.00000E-05  6.40000E-05  7.20000E-05  8.00000E-05  8.80000E-05
  9.60000E-05  1.04000E-04  1.12000E-04  1.20000E-04  1.28000E-04  1.44000E-04
  1.60000E-04  1.76000E-04  1.92000E-04  2.08000E-04  2.24000E-04  2.40000E-04
  2.56000E-04  2.88000E-04  3.20000E-04  3.52000E-04  3.84000E-04  4.16000E-04
  4.48000E-04  4.80000E-04  5.12000E-04  5.76000E-04  6.40000E-04  7.04000E-04
  7.68000E-04  8.32000E-04  8.96000E-04  9.60000E-04  1.02400E-03  1.15200E-03
  1.28000E-03  1.40800E-03  1.53600E-03  1.66400E-03  1.79200E-03  1.92000E-03
  2.01600E-03  2.27200E-03  2.52800E-03  2.78400E-03  3.04000E-03  3.29600E-03
  3.55200E-03  3.80800E-03  4.06400E-03  4.57600E-03  5.08800E-03  5.60000E-03
  6.11200E-03  6.62400E-03  7.13600E-03  7.64800E-03  8.16000E-03  9.18400E-03
  1.02080E-02  1.12320E-02  1.22560E-02  1.32800E-02  1.43040E-02  1.53280E-02
  1.63520E-02  1.84000E-02  2.04480E-02  2.24960E-02  2.45440E-02  2.65920E-02
  2.86400E-02  3.06880E-02  3.27360E-02  3.68320E-02  4.09280E-02  4.50240E-02
  4.91200E-02  5.32160E-02  5.73120E-02  6.14080E-02  6.55040E-02  7.36960E-02
  8.18880E-02  9.00800E-02  9.82720E-02  1.06464E-01  1.14656E-01  1.22848E-01
  1.31040E-01  1.47424E-01  1.63808E-01  1.80192E-01  1.96576E-01  2.12960E-01
  2.29344E-01  2.45728E-01  2.62112E-01  2.94880E-01  3.27648E-01  3.60416E-01
  3.93184E-01  4.25952E-01  4.58720E-01  4.91488E-01  5.24256E-01  5.89792E-01
  6.55328E-01  7.20864E-01  7.86400E-01  8.51936E-01  9.17472E-01  9.83008E-01
  1.00000E+00  9.98895E-01  9.98322E-01  9.96570E-01  9.96406E-01  9.97258E-01
  9.97740E-01  9.95136E-01  9.94641E-01  9.95663E-01  9.94365E-01  9.93434E-01
  9.94145E-01  9.93255E-01  9.93967E-01  9.93900E-01  9.91368E-01  9.91450E-01
  9.92312E-01  9.91302E-01  9.90599E-01  9.89040E-01  9.89325E-01  9.88530E-01
  9.86976E-01  9.86484E-01  9.86210E-01  9.84550E-01  9.83284E-01  9.82041E-01
  9.80802E-01  9.78916E-01  9.77485E-01  9.76201E-01  9.74825E-01  9.72842E-01
  9.69908E-01  9.67233E-01  9.64569E-01  9.62122E-01  9.58894E-01  9.56401E-01
  9.53609E-01  9.48587E-01  9.43194E-01  9.37851E-01  9.32656E-01  9.27305E-01
  9.22514E-01  9.17388E-01  9.12184E-01  9.02093E-01  8.92311E-01  8.81881E-01
  8.72563E-01  8.62970E-01  8.53272E-01  8.43893E-01  8.34660E-01  8.16404E-01
  7.98779E-01  7.81462E-01  7.64231E-01  7.47642E-01  7.30977E-01  7.15176E-01
  6.99619E-01  6.69479E-01  6.40625E-01  6.13342E-01  5.87164E-01  5.62172E-01
  5.38112E-01  5.15429E-01  4.93868E-01  4.52998E-01  4.15645E-01  3.81613E-01
  3.50544E-01  3.21999E-01  2.95928E-01  2.72041E-01  2.49749E-01  2.11035E-01
  1.78560E-01  1.51514E-01  1.28746E-01  1.09858E-01  9.37678E-02  7.99726E-02
  7.16109E-02  5.26045E-02  3.94300E-02  3.01721E-02  2.33527E-02  1.83916E-02
  1.43250E-02  1.11834E-02  8.53031E-03  4.21307E-03  6.81116E-04 -6.60792E-04
  9.03847E-04  1.69317E-03  1.03371E-03  1.16750E-03 -3.69293E-04 -2.98791E-04
  2.05914E-03  2.44607E-03  3.61350E-04 -9.71744E-04  8.83537E-04  5.87999E-04
 -2.18795E-05 -1.22471E-03  6.82896E-04 -4.10115E-05 -3.11159E-03 -1.72119E-03
 -1.92973E-03  1.09649E-03 -4.09322E-04 -7.52481E-04  5.57451E-04 -7.29653E-04
 -3.38659E-05  5.56001E-04  7.66069E-04 -4.27104E-03 -6.12386E-04  1.18687E-04
  5.30702E-05 -6.84305E-04 -1.87880E-03  4.77119E-04  1.25340E-03  4.37969E-04
  7.73038E-04 -8.04129E-04  2.73358E-04  1.53764E-03  1.93175E-04  5.00132E-05
  1.29459E-03  2.13461E-04  2.36192E-04 -4.06635E-05 -8.63174E-04 -3.67928E-05
 -4.96505E-04  1.47625E-04 -4.09667E-04 -4.45395E-04 -3.74009E-04 -4.48131E-04
 -3.67376E-04  1.78568E-04 -4.81912E-05 -2.02535E-04 -3.51674E-04 -5.46391E-04
