AutoSaveFileName0063.ASC
 IFORMY    0    .00
 (6E13.7)
 IFORMT    0    .00
 (6E13.7)
 IFORMW    0    .00
 (6E13.7)
 NINTT     0   -1.00
 DOUSNQ    0    1.00
 IQUAD     0    1.00
 PRWT      0    1.00
 PRY       0    1.00
 IPLRES    1    3.00
 IPLRES    2    3.00
 IPRINT    1    0.00
 IPRINT    2    2.00
 IPLFIT    1    0.00
 IPLFIT    2    0.00
 LINEPG    0   50.
 NONNEG    1    1.00
 IWT       0    5.00
 NQPROG    1    5.00
 NQPROG    2    5.00
 GMNMX     1    1.83733E-02
 GMNMX     2    6.59555E-03
 RUSER    10    -1.00
 NG        0    500.00
 NLINF     0    1.00
 IUSER    10    4.00
 RUSER    21    1.0
 RUSER    22   -1.0
 RUSER    23    0.0
 RUSER    18         291.93634
 RUSER    17         44.99800
 RUSER    19         1.03213
 RUSER    15         1.33200
 RUSER    16         632.80000
 RUSER    25         1
 RUSER    26         0
 END       0    0.00
 NY      162
  7.50000E-07  8.75000E-07  1.00000E-06  1.12500E-06  1.25000E-06  1.37500E-06
  1.50000E-06  1.62500E-06  1.75000E-06  1.87500E-06  2.00000E-06  2.25000E-06
  2.50000E-06  2.75000E-06  3.00000E-06  3.25000E-06  3.50000E-06  3.75000E-06
  4.00000E-06  4.50000E-06  5.00000E-06  5.50000E-06  6.00000E-06  6.50000E-06
  7.00000E-06  7.50000E-06  8.00000E-06  9.00000E-06  1.00000E-05  1.10000E-05
  1.20000E-05  1.30000E-05  1.40000E-05  1.50000E-05  1.60000E-05  1.80000E-05
  2.00000E-05  2.20000E-05  2.40000E-05  2.60000E-05  2.80000E-05  3.00000E-05
  3.20000E-05  3.60000E-05  4.00000E-05  4.40000E-05  4.80000E-05  5.20000E-05
  5.60000E-05  6.00000E-05  6.40000E-05  7.20000E-05  8.00000E-05  8.80000E-05
  9.60000E-05  1.04000E-04  1.12000E-04  1.20000E-04  1.28000E-04  1.44000E-04
  1.60000E-04  1.76000E-04  1.92000E-04  2.08000E-04  2.24000E-04  2.40000E-04
  2.56000E-04  2.88000E-04  3.20000E-04  3.52000E-04  3.84000E-04  4.16000E-04
  4.48000E-04  4.80000E-04  5.12000E-04  5.76000E-04  6.40000E-04  7.04000E-04
  7.68000E-04  8.32000E-04  8.96000E-04  9.60000E-04  1.02400E-03  1.15200E-03
  1.28000E-03  1.40800E-03  1.53600E-03  1.66400E-03  1.79200E-03  1.92000E-03
  2.01600E-03  2.27200E-03  2.52800E-03  2.78400E-03  3.04000E-03  3.29600E-03
  3.55200E-03  3.80800E-03  4.06400E-03  4.57600E-03  5.08800E-03  5.60000E-03
  6.11200E-03  6.62400E-03  7.13600E-03  7.64800E-03  8.16000E-03  9.18400E-03
  1.02080E-02  1.12320E-02  1.22560E-02  1.32800E-02  1.43040E-02  1.53280E-02
  1.63520E-02  1.84000E-02  2.04480E-02  2.24960E-02  2.45440E-02  2.65920E-02
  2.86400E-02  3.06880E-02  3.27360E-02  3.68320E-02  4.09280E-02  4.50240E-02
  4.91200E-02  5.32160E-02  5.73120E-02  6.14080E-02  6.55040E-02  7.36960E-02
  8.18880E-02  9.00800E-02  9.82720E-02  1.06464E-01  1.14656E-01  1.22848E-01
  1.31040E-01  1.47424E-01  1.63808E-01  1.80192E-01  1.96576E-01  2.12960E-01
  2.29344E-01  2.45728E-01  2.62112E-01  2.94880E-01  3.27648E-01  3.60416E-01
  3.93184E-01  4.25952E-01  4.58720E-01  4.91488E-01  5.24256E-01  5.89792E-01
  6.55328E-01  7.20864E-01  7.86400E-01  8.51936E-01  9.17472E-01  9.83008E-01
  9.97803E-01  1.00000E+00  9.97509E-01  9.96123E-01  9.99784E-01  9.96995E-01
  9.94768E-01  9.98146E-01  9.95032E-01  9.93755E-01  9.94335E-01  9.94416E-01
  9.94642E-01  9.93611E-01  9.93848E-01  9.94257E-01  9.92688E-01  9.93491E-01
  9.94708E-01  9.92382E-01  9.91291E-01  9.90795E-01  9.90858E-01  9.91147E-01
  9.90242E-01  9.89494E-01  9.89001E-01  9.88319E-01  9.86657E-01  9.86308E-01
  9.85803E-01  9.85139E-01  9.83682E-01  9.82744E-01  9.81479E-01  9.79844E-01
  9.78080E-01  9.76010E-01  9.74309E-01  9.72472E-01  9.71048E-01  9.69302E-01
  9.67264E-01  9.63694E-01  9.60028E-01  9.56602E-01  9.52644E-01  9.49119E-01
  9.46267E-01  9.42417E-01  9.38976E-01  9.31860E-01  9.25035E-01  9.18075E-01
  9.11488E-01  9.04834E-01  8.97965E-01  8.91497E-01  8.85168E-01  8.71952E-01
  8.59763E-01  8.47069E-01  8.34750E-01  8.22570E-01  8.10477E-01  7.98802E-01
  7.87430E-01  7.64858E-01  7.42960E-01  7.21821E-01  7.01353E-01  6.81458E-01
  6.62108E-01  6.43488E-01  6.25559E-01  5.90822E-01  5.58245E-01  5.27532E-01
  4.98781E-01  4.71705E-01  4.46088E-01  4.21851E-01  3.99502E-01  3.58310E-01
  3.21769E-01  2.89599E-01  2.61156E-01  2.35722E-01  2.13134E-01  1.93130E-01
  1.80075E-01  1.48424E-01  1.22840E-01  1.02765E-01  8.66882E-02  7.34885E-02
  6.32095E-02  5.49798E-02  4.78517E-02  3.49321E-02  2.50479E-02  1.96724E-02
  1.65117E-02  1.42764E-02  1.20554E-02  9.14601E-03  7.00941E-03  4.43696E-03
  5.53761E-03  4.31985E-03  3.58598E-03  2.78751E-03  3.73786E-03  4.80732E-03
  8.15123E-03  7.54358E-03  8.88492E-03  8.78485E-03  5.81049E-03  6.37802E-03
  4.58377E-03 -1.15668E-03  1.29477E-03  3.87277E-03  3.87965E-03  1.82764E-03
  5.26477E-03  4.98249E-03 -6.67256E-04  4.00752E-03  2.07951E-03  1.76666E-03
 -3.70865E-03  3.24029E-03 -1.11341E-03 -7.10588E-04 -5.15502E-04 -1.80086E-03
  1.00399E-03  2.57523E-03  2.30833E-03 -2.98298E-03  8.65620E-05  4.83704E-04
  7.41298E-04 -1.77161E-03  6.56774E-04 -1.31378E-03 -1.68378E-04  3.67181E-05
 -8.71624E-04 -2.06446E-04  5.42507E-03  3.03074E-04 -4.73547E-04 -4.84011E-04
 -1.42216E-05 -2.09403E-04 -7.38668E-04 -9.89722E-04  1.07655E-03  2.38719E-04
