AutoSaveFileName0198.ASC
 IFORMY    0    .00
 (6E13.7)
 IFORMT    0    .00
 (6E13.7)
 IFORMW    0    .00
 (6E13.7)
 NINTT     0   -1.00
 DOUSNQ    0    1.00
 IQUAD          1.00
 PRWT      0    1.00
 PRY       0    1.00
 IPLRES    1    3.00
 IPLRES    2    3.00
 IPRINT    1    0.00
 IPRINT    2    2.00
 IPLFIT    1    0.00
 IPLFIT    2    0.00
 LINEPG    0   50.
 NONNEG    1    1.00
 IWT       0    5.00
 NQPROG    1    5.00
 NQPROG    2    5.00
 GMNMX     1    1.632E-05
 GMNMX     2    1.632E-02
 RUSER    10    -1.00
 NG        0    200.00
 NLINF     0    0.00
 IUSER    10    4.00
 RUSER    21    1.0
 RUSER    22   -1.0
 RUSER    23    0.0
 RUSER    18         292.02540
 RUSER    17         80.99900
 RUSER    19         1.02985
 RUSER    15         1.33200
 RUSER    16         632.80000
 RUSER    25         1
 RUSER    26         0
 END       0    0.00
 NY      131
  3.75000E-07  5.00000E-07  6.25000E-07  7.50000E-07  8.75000E-07  1.00000E-06
  1.12500E-06  1.25000E-06  1.37500E-06  1.50000E-06  1.62500E-06  1.75000E-06
  1.87500E-06  2.00000E-06  2.25000E-06  2.50000E-06  2.75000E-06  3.00000E-06
  3.25000E-06  3.50000E-06  3.75000E-06  4.00000E-06  4.50000E-06  5.00000E-06
  5.50000E-06  6.00000E-06  6.50000E-06  7.00000E-06  7.50000E-06  8.00000E-06
  9.00000E-06  1.00000E-05  1.10000E-05  1.20000E-05  1.30000E-05  1.40000E-05
  1.50000E-05  1.60000E-05  1.80000E-05  2.00000E-05  2.20000E-05  2.40000E-05
  2.60000E-05  2.80000E-05  3.00000E-05  3.20000E-05  3.60000E-05  4.00000E-05
  4.40000E-05  4.80000E-05  5.20000E-05  5.60000E-05  6.00000E-05  6.40000E-05
  7.20000E-05  8.00000E-05  8.80000E-05  9.60000E-05  1.04000E-04  1.12000E-04
  1.20000E-04  1.28000E-04  1.44000E-04  1.60000E-04  1.76000E-04  1.92000E-04
  2.08000E-04  2.24000E-04  2.40000E-04  2.56000E-04  2.88000E-04  3.20000E-04
  3.52000E-04  3.84000E-04  4.16000E-04  4.48000E-04  4.80000E-04  5.12000E-04
  5.76000E-04  6.40000E-04  7.04000E-04  7.68000E-04  8.32000E-04  8.96000E-04
  9.60000E-04  1.02400E-03  1.15200E-03  1.28000E-03  1.40800E-03  1.53600E-03
  1.66400E-03  1.79200E-03  1.92000E-03  2.01600E-03  2.27200E-03  2.52800E-03
  2.78400E-03  3.04000E-03  3.29600E-03  3.55200E-03  3.80800E-03  4.06400E-03
  4.57600E-03  5.08800E-03  5.60000E-03  6.11200E-03  6.62400E-03  7.13600E-03
  7.64800E-03  8.16000E-03  9.18400E-03  1.02080E-02  1.12320E-02  1.22560E-02
  1.32800E-02  1.43040E-02  1.53280E-02  1.63520E-02  1.84000E-02  2.04480E-02
  2.24960E-02  2.45440E-02  2.65920E-02  2.86400E-02  3.06880E-02  3.27360E-02
  3.68320E-02  4.09280E-02  4.50240E-02  4.91200E-02  5.32160E-02
  8.56983E-01  8.53134E-01  8.47191E-01  8.51076E-01  8.45815E-01  8.43700E-01
  8.48704E-01  8.49005E-01  8.55449E-01  8.42224E-01  8.50890E-01  8.49499E-01
  8.49664E-01  8.48363E-01  8.48220E-01  8.43106E-01  8.48181E-01  8.48138E-01
  8.48883E-01  8.45543E-01  8.47399E-01  8.45888E-01  8.47135E-01  8.44848E-01
  8.45599E-01  8.46971E-01  8.46994E-01  8.44332E-01  8.46842E-01  8.45519E-01
  8.45895E-01  8.44044E-01  8.44761E-01  8.44331E-01  8.44404E-01  8.43720E-01
  8.41984E-01  8.41501E-01  8.41305E-01  8.42278E-01  8.41690E-01  8.41091E-01
  8.39146E-01  8.40326E-01  8.38822E-01  8.37728E-01  8.36684E-01  8.35223E-01
  8.33758E-01  8.32412E-01  8.31606E-01  8.30457E-01  8.27779E-01  8.27790E-01
  8.25372E-01  8.22715E-01  8.20280E-01  8.17393E-01  8.16081E-01  8.12293E-01
  8.10218E-01  8.07758E-01  8.02349E-01  7.97478E-01  7.92820E-01  7.87588E-01
  7.82809E-01  7.78100E-01  7.72932E-01  7.68292E-01  7.58963E-01  7.49904E-01
  7.39922E-01  7.30893E-01  7.21570E-01  7.12659E-01  7.03487E-01  6.95214E-01
  6.78068E-01  6.61998E-01  6.46373E-01  6.30754E-01  6.15468E-01  6.00807E-01
  5.86825E-01  5.72742E-01  5.45669E-01  5.19913E-01  4.95958E-01  4.73569E-01
  4.52104E-01  4.31320E-01  4.12328E-01  3.97690E-01  3.63941E-01  3.32471E-01
  3.03395E-01  2.77374E-01  2.53882E-01  2.33582E-01  2.14642E-01  1.97975E-01
  1.65966E-01  1.38463E-01  1.16405E-01  9.83031E-02  8.32423E-02  7.03604E-02
  5.91565E-02  5.18689E-02  4.04491E-02  3.33816E-02  2.62889E-02  2.06432E-02
  1.92853E-02  1.62590E-02  1.24583E-02  1.17915E-02  1.60349E-02  1.41040E-02
  1.30738E-02  9.47826E-03  4.58004E-03  2.59778E-03  4.97399E-03  7.55122E-03
  2.86168E-03  5.43332E-03  1.58951E-02  1.08172E-02  1.15797E-02
