AutoSaveFileName0161.ASC
 IFORMY    0    .00
 (6E13.7)
 IFORMT    0    .00
 (6E13.7)
 IFORMW    0    .00
 (6E13.7)
 NINTT     0   -1.00
 DOUSNQ    0    1.00
 IQUAD     0    1.00
 PRWT      0    1.00
 PRY       0    1.00
 IPLRES    1    3.00
 IPLRES    2    3.00
 IPRINT    1    0.00
 IPRINT    2    2.00
 IPLFIT    1    0.00
 IPLFIT    2    0.00
 LINEPG    0   50.
 NONNEG    1    1.00
 IWT       0    5.00
 NQPROG    1    5.00
 NQPROG    2    5.00
 GMNMX     1    4.93809E-03
 GMNMX     2    1.77265E-03
 RUSER    10    -1.00
 NG        0    500.00
 NLINF     0    1.00
 IUSER    10    4.00
 RUSER    21    1.0
 RUSER    22   -1.0
 RUSER    23    0.0
 RUSER    18         292.01917
 RUSER    17         94.99900
 RUSER    19         1.03001
 RUSER    15         1.33200
 RUSER    16         632.80000
 RUSER    25         1
 RUSER    26         0
 END       0    0.00
 NY      162
  7.50000E-07  8.75000E-07  1.00000E-06  1.12500E-06  1.25000E-06  1.37500E-06
  1.50000E-06  1.62500E-06  1.75000E-06  1.87500E-06  2.00000E-06  2.25000E-06
  2.50000E-06  2.75000E-06  3.00000E-06  3.25000E-06  3.50000E-06  3.75000E-06
  4.00000E-06  4.50000E-06  5.00000E-06  5.50000E-06  6.00000E-06  6.50000E-06
  7.00000E-06  7.50000E-06  8.00000E-06  9.00000E-06  1.00000E-05  1.10000E-05
  1.20000E-05  1.30000E-05  1.40000E-05  1.50000E-05  1.60000E-05  1.80000E-05
  2.00000E-05  2.20000E-05  2.40000E-05  2.60000E-05  2.80000E-05  3.00000E-05
  3.20000E-05  3.60000E-05  4.00000E-05  4.40000E-05  4.80000E-05  5.20000E-05
  5.60000E-05  6.00000E-05  6.40000E-05  7.20000E-05  8.00000E-05  8.80000E-05
  9.60000E-05  1.04000E-04  1.12000E-04  1.20000E-04  1.28000E-04  1.44000E-04
  1.60000E-04  1.76000E-04  1.92000E-04  2.08000E-04  2.24000E-04  2.40000E-04
  2.56000E-04  2.88000E-04  3.20000E-04  3.52000E-04  3.84000E-04  4.16000E-04
  4.48000E-04  4.80000E-04  5.12000E-04  5.76000E-04  6.40000E-04  7.04000E-04
  7.68000E-04  8.32000E-04  8.96000E-04  9.60000E-04  1.02400E-03  1.15200E-03
  1.28000E-03  1.40800E-03  1.53600E-03  1.66400E-03  1.79200E-03  1.92000E-03
  2.01600E-03  2.27200E-03  2.52800E-03  2.78400E-03  3.04000E-03  3.29600E-03
  3.55200E-03  3.80800E-03  4.06400E-03  4.57600E-03  5.08800E-03  5.60000E-03
  6.11200E-03  6.62400E-03  7.13600E-03  7.64800E-03  8.16000E-03  9.18400E-03
  1.02080E-02  1.12320E-02  1.22560E-02  1.32800E-02  1.43040E-02  1.53280E-02
  1.63520E-02  1.84000E-02  2.04480E-02  2.24960E-02  2.45440E-02  2.65920E-02
  2.86400E-02  3.06880E-02  3.27360E-02  3.68320E-02  4.09280E-02  4.50240E-02
  4.91200E-02  5.32160E-02  5.73120E-02  6.14080E-02  6.55040E-02  7.36960E-02
  8.18880E-02  9.00800E-02  9.82720E-02  1.06464E-01  1.14656E-01  1.22848E-01
  1.31040E-01  1.47424E-01  1.63808E-01  1.80192E-01  1.96576E-01  2.12960E-01
  2.29344E-01  2.45728E-01  2.62112E-01  2.94880E-01  3.27648E-01  3.60416E-01
  3.93184E-01  4.25952E-01  4.58720E-01  4.91488E-01  5.24256E-01  5.89792E-01
  6.55328E-01  7.20864E-01  7.86400E-01  8.51936E-01  9.17472E-01  9.83008E-01
  9.98281E-01  9.97721E-01  1.00000E+00  9.90295E-01  9.96835E-01  9.96835E-01
  9.91426E-01  9.93122E-01  9.94008E-01  9.90534E-01  9.92627E-01  9.90021E-01
  9.90674E-01  9.85131E-01  9.91403E-01  9.86209E-01  9.85300E-01  9.84356E-01
  9.86285E-01  9.82024E-01  9.81389E-01  9.81447E-01  9.75683E-01  9.77466E-01
  9.73194E-01  9.72763E-01  9.68822E-01  9.65407E-01  9.63611E-01  9.60884E-01
  9.56302E-01  9.55772E-01  9.49570E-01  9.45933E-01  9.44348E-01  9.36310E-01
  9.30714E-01  9.22280E-01  9.14773E-01  9.09119E-01  9.04048E-01  8.96488E-01
  8.90112E-01  8.76053E-01  8.64570E-01  8.52464E-01  8.39612E-01  8.28112E-01
  8.16227E-01  8.02897E-01  7.91595E-01  7.68834E-01  7.47040E-01  7.26185E-01
  7.05453E-01  6.85134E-01  6.65847E-01  6.46828E-01  6.28561E-01  5.92120E-01
  5.59560E-01  5.28108E-01  4.98158E-01  4.70398E-01  4.44007E-01  4.20042E-01
  3.96932E-01  3.53677E-01  3.15216E-01  2.80950E-01  2.50588E-01  2.23639E-01
  2.00005E-01  1.78659E-01  1.60975E-01  1.29339E-01  1.04072E-01  8.42439E-02
  6.79591E-02  5.56183E-02  4.49082E-02  3.60671E-02  3.02562E-02  1.94078E-02
  1.21121E-02  7.24087E-03  3.50984E-03  1.54765E-03 -5.98758E-04 -3.05233E-03
 -2.65322E-03 -1.33208E-03 -1.04230E-03 -1.79956E-03 -1.34277E-03  1.91656E-04
 -2.14244E-04 -6.86230E-04 -1.43910E-03 -6.94023E-04 -1.37289E-03  8.74596E-04
  2.27767E-04 -2.04885E-03  1.13486E-03  1.96245E-03  8.27465E-04  2.11625E-03
  6.07239E-04  1.25563E-03  6.25978E-04  1.51639E-03 -9.91193E-04 -4.35514E-05
 -2.68904E-03 -2.50896E-03 -9.26454E-04 -2.07793E-03  5.30357E-04  1.68773E-03
 -8.08079E-04 -2.36883E-04  1.28347E-03  1.19604E-03  4.75987E-04  1.05364E-03
  1.43219E-03 -6.24690E-04 -2.20179E-03  1.38570E-04  4.68009E-04  7.72961E-04
  9.67068E-04 -4.69961E-04  2.44022E-03 -9.84093E-04 -1.06477E-04 -3.41436E-04
  1.00805E-04 -1.40929E-03  1.07326E-03 -9.40850E-04 -9.32923E-05  9.07796E-04
 -3.89192E-04  4.49483E-04  6.06044E-04  1.15690E-03  3.12660E-04  1.97960E-04
 -5.49695E-04 -1.87103E-04  6.26433E-05 -7.34981E-05  2.87749E-04  2.47158E-04
 -1.02730E-03 -4.44390E-04 -1.80361E-04  3.37172E-04  5.98082E-04 -2.16925E-04
