AutoSaveFileName0213.ASC
 IFORMY    0    .00
 (6E13.7)
 IFORMT    0    .00
 (6E13.7)
 IFORMW    0    .00
 (6E13.7)
 NINTT     0   -1.00
 DOUSNQ    0    1.00
 IQUAD          1.00
 PRWT      0    1.00
 PRY       0    1.00
 IPLRES    1    3.00
 IPLRES    2    3.00
 IPRINT    1    0.00
 IPRINT    2    2.00
 IPLFIT    1    0.00
 IPLFIT    2    0.00
 LINEPG    0   50.
 NONNEG    1    1.00
 IWT       0    5.00
 NQPROG    1    5.00
 NQPROG    2    5.00
 GMNMX     1    1.479E-05
 GMNMX     2    1.479E-02
 RUSER    10    -1.00
 NG        0    200.00
 NLINF     0    0.00
 IUSER    10    4.00
 RUSER    21    1.0
 RUSER    22   -1.0
 RUSER    23    0.0
 RUSER    18         292.04614
 RUSER    17         85.99900
 RUSER    19         1.02932
 RUSER    15         1.33200
 RUSER    16         632.80000
 RUSER    25         1
 RUSER    26         0
 END       0    0.00
 NY      131
  3.75000E-07  5.00000E-07  6.25000E-07  7.50000E-07  8.75000E-07  1.00000E-06
  1.12500E-06  1.25000E-06  1.37500E-06  1.50000E-06  1.62500E-06  1.75000E-06
  1.87500E-06  2.00000E-06  2.25000E-06  2.50000E-06  2.75000E-06  3.00000E-06
  3.25000E-06  3.50000E-06  3.75000E-06  4.00000E-06  4.50000E-06  5.00000E-06
  5.50000E-06  6.00000E-06  6.50000E-06  7.00000E-06  7.50000E-06  8.00000E-06
  9.00000E-06  1.00000E-05  1.10000E-05  1.20000E-05  1.30000E-05  1.40000E-05
  1.50000E-05  1.60000E-05  1.80000E-05  2.00000E-05  2.20000E-05  2.40000E-05
  2.60000E-05  2.80000E-05  3.00000E-05  3.20000E-05  3.60000E-05  4.00000E-05
  4.40000E-05  4.80000E-05  5.20000E-05  5.60000E-05  6.00000E-05  6.40000E-05
  7.20000E-05  8.00000E-05  8.80000E-05  9.60000E-05  1.04000E-04  1.12000E-04
  1.20000E-04  1.28000E-04  1.44000E-04  1.60000E-04  1.76000E-04  1.92000E-04
  2.08000E-04  2.24000E-04  2.40000E-04  2.56000E-04  2.88000E-04  3.20000E-04
  3.52000E-04  3.84000E-04  4.16000E-04  4.48000E-04  4.80000E-04  5.12000E-04
  5.76000E-04  6.40000E-04  7.04000E-04  7.68000E-04  8.32000E-04  8.96000E-04
  9.60000E-04  1.02400E-03  1.15200E-03  1.28000E-03  1.40800E-03  1.53600E-03
  1.66400E-03  1.79200E-03  1.92000E-03  2.01600E-03  2.27200E-03  2.52800E-03
  2.78400E-03  3.04000E-03  3.29600E-03  3.55200E-03  3.80800E-03  4.06400E-03
  4.57600E-03  5.08800E-03  5.60000E-03  6.11200E-03  6.62400E-03  7.13600E-03
  7.64800E-03  8.16000E-03  9.18400E-03  1.02080E-02  1.12320E-02  1.22560E-02
  1.32800E-02  1.43040E-02  1.53280E-02  1.63520E-02  1.84000E-02  2.04480E-02
  2.24960E-02  2.45440E-02  2.65920E-02  2.86400E-02  3.06880E-02  3.27360E-02
  3.68320E-02  4.09280E-02  4.50240E-02  4.91200E-02  5.32160E-02
  8.15289E-01  8.08599E-01  8.04746E-01  8.06755E-01  8.07147E-01  8.06483E-01
  8.09257E-01  8.07764E-01  8.07886E-01  8.06490E-01  8.08399E-01  8.04560E-01
  8.05579E-01  8.07003E-01  8.04063E-01  8.05542E-01  8.06247E-01  8.05057E-01
  8.05444E-01  8.06291E-01  8.05443E-01  8.05261E-01  8.04027E-01  8.04139E-01
  8.03562E-01  8.03683E-01  8.05820E-01  8.04509E-01  8.03278E-01  8.03568E-01
  8.03005E-01  8.03284E-01  8.02731E-01  8.01925E-01  8.01500E-01  8.00907E-01
  8.00985E-01  8.00954E-01  7.99788E-01  7.98799E-01  7.98084E-01  7.97537E-01
  7.96362E-01  7.96038E-01  7.95479E-01  7.94969E-01  7.92687E-01  7.91557E-01
  7.90150E-01  7.88173E-01  7.86675E-01  7.84948E-01  7.83891E-01  7.82531E-01
  7.79459E-01  7.76917E-01  7.73643E-01  7.70655E-01  7.67959E-01  7.64583E-01
  7.62125E-01  7.59123E-01  7.53615E-01  7.47907E-01  7.41963E-01  7.36493E-01
  7.31359E-01  7.25932E-01  7.20449E-01  7.15031E-01  7.04503E-01  6.94156E-01
  6.83843E-01  6.73641E-01  6.63672E-01  6.53764E-01  6.44095E-01  6.34246E-01
  6.15655E-01  5.97662E-01  5.80173E-01  5.63422E-01  5.47302E-01  5.31859E-01
  5.16742E-01  5.02266E-01  4.74260E-01  4.47890E-01  4.22926E-01  3.99391E-01
  3.76739E-01  3.54610E-01  3.33756E-01  3.19442E-01  2.84875E-01  2.54915E-01
  2.28561E-01  2.04517E-01  1.82503E-01  1.62484E-01  1.44751E-01  1.30466E-01
  1.07120E-01  8.82906E-02  7.33205E-02  6.08923E-02  5.07617E-02  4.09825E-02
  3.18535E-02  2.40206E-02  9.19423E-03  2.40075E-04 -3.56324E-03 -6.77395E-03
 -5.12200E-03 -4.94470E-03 -1.62651E-03  1.53151E-03  5.09534E-03  4.74122E-03
  7.04448E-03  9.05501E-03  9.64237E-03  1.03969E-02  9.09444E-03 -6.46332E-03
 -9.93619E-03 -5.28503E-03 -5.74004E-04 -2.00885E-03  1.03227E-03
