AutoSaveFileName0364.ASC
 IFORMY    0    .00
 (6E13.7)
 IFORMT    0    .00
 (6E13.7)
 IFORMW    0    .00
 (6E13.7)
 NINTT     0   -1.00
 DOUSNQ    0    1.00
 IQUAD          1.00
 PRWT      0    1.00
 PRY       0    1.00
 IPLRES    1    3.00
 IPLRES    2    3.00
 IPRINT    1    0.00
 IPRINT    2    2.00
 IPLFIT    1    0.00
 IPLFIT    2    0.00
 LINEPG    0   50.
 NONNEG    1    1.00
 IWT       0    5.00
 NQPROG    1    5.00
 NQPROG    2    5.00
 GMNMX     1    7.945E-06
 GMNMX     2    7.945E-03
 RUSER    10    -1.00
 NG        0    200.00
 NLINF     0    0.00
 IUSER    10    4.00
 RUSER    21    1.0
 RUSER    22   -1.0
 RUSER    23    0.0
 RUSER    18         292.29015
 RUSER    17         135.99900
 RUSER    19         1.02313
 RUSER    15         1.33200
 RUSER    16         632.80000
 RUSER    25         1
 RUSER    26         0
 END       0    0.00
 NY      131
  3.75000E-07  5.00000E-07  6.25000E-07  7.50000E-07  8.75000E-07  1.00000E-06
  1.12500E-06  1.25000E-06  1.37500E-06  1.50000E-06  1.62500E-06  1.75000E-06
  1.87500E-06  2.00000E-06  2.25000E-06  2.50000E-06  2.75000E-06  3.00000E-06
  3.25000E-06  3.50000E-06  3.75000E-06  4.00000E-06  4.50000E-06  5.00000E-06
  5.50000E-06  6.00000E-06  6.50000E-06  7.00000E-06  7.50000E-06  8.00000E-06
  9.00000E-06  1.00000E-05  1.10000E-05  1.20000E-05  1.30000E-05  1.40000E-05
  1.50000E-05  1.60000E-05  1.80000E-05  2.00000E-05  2.20000E-05  2.40000E-05
  2.60000E-05  2.80000E-05  3.00000E-05  3.20000E-05  3.60000E-05  4.00000E-05
  4.40000E-05  4.80000E-05  5.20000E-05  5.60000E-05  6.00000E-05  6.40000E-05
  7.20000E-05  8.00000E-05  8.80000E-05  9.60000E-05  1.04000E-04  1.12000E-04
  1.20000E-04  1.28000E-04  1.44000E-04  1.60000E-04  1.76000E-04  1.92000E-04
  2.08000E-04  2.24000E-04  2.40000E-04  2.56000E-04  2.88000E-04  3.20000E-04
  3.52000E-04  3.84000E-04  4.16000E-04  4.48000E-04  4.80000E-04  5.12000E-04
  5.76000E-04  6.40000E-04  7.04000E-04  7.68000E-04  8.32000E-04  8.96000E-04
  9.60000E-04  1.02400E-03  1.15200E-03  1.28000E-03  1.40800E-03  1.53600E-03
  1.66400E-03  1.79200E-03  1.92000E-03  2.01600E-03  2.27200E-03  2.52800E-03
  2.78400E-03  3.04000E-03  3.29600E-03  3.55200E-03  3.80800E-03  4.06400E-03
  4.57600E-03  5.08800E-03  5.60000E-03  6.11200E-03  6.62400E-03  7.13600E-03
  7.64800E-03  8.16000E-03  9.18400E-03  1.02080E-02  1.12320E-02  1.22560E-02
  1.32800E-02  1.43040E-02  1.53280E-02  1.63520E-02  1.84000E-02  2.04480E-02
  2.24960E-02  2.45440E-02  2.65920E-02  2.86400E-02  3.06880E-02  3.27360E-02
  3.68320E-02  4.09280E-02  4.50240E-02  4.91200E-02  5.32160E-02
  1.66717E+00  1.65085E+00  1.65369E+00  1.64753E+00  1.64430E+00  1.65505E+00
  1.63890E+00  1.64576E+00  1.64132E+00  1.64966E+00  1.64989E+00  1.64034E+00
  1.63420E+00  1.63716E+00  1.64161E+00  1.64100E+00  1.63922E+00  1.64193E+00
  1.64316E+00  1.63878E+00  1.64160E+00  1.64122E+00  1.64113E+00  1.63932E+00
  1.63951E+00  1.63881E+00  1.63464E+00  1.63493E+00  1.63555E+00  1.63483E+00
  1.63258E+00  1.63208E+00  1.63181E+00  1.62786E+00  1.62348E+00  1.62469E+00
  1.62542E+00  1.62268E+00  1.62281E+00  1.61919E+00  1.61658E+00  1.61273E+00
  1.60825E+00  1.60789E+00  1.60577E+00  1.60248E+00  1.59703E+00  1.59220E+00
  1.58650E+00  1.58156E+00  1.57604E+00  1.57171E+00  1.56557E+00  1.56118E+00
  1.55034E+00  1.54038E+00  1.53104E+00  1.52050E+00  1.51056E+00  1.50103E+00
  1.49158E+00  1.48113E+00  1.46238E+00  1.44312E+00  1.42446E+00  1.40543E+00
  1.38762E+00  1.36947E+00  1.35177E+00  1.33429E+00  1.29973E+00  1.26644E+00
  1.23430E+00  1.20246E+00  1.17180E+00  1.14294E+00  1.11385E+00  1.08560E+00
  1.03192E+00  9.80514E-01  9.32204E-01  8.86352E-01  8.42232E-01  8.01381E-01
  7.61650E-01  7.24566E-01  6.55581E-01  5.94883E-01  5.40622E-01  4.91652E-01
  4.48517E-01  4.09305E-01  3.74171E-01  3.50581E-01  2.95461E-01  2.52025E-01
  2.14474E-01  1.83024E-01  1.54462E-01  1.30340E-01  1.09205E-01  9.40374E-02
  6.75102E-02  5.06657E-02  4.18115E-02  3.75744E-02  3.59577E-02  3.27763E-02
  2.70528E-02  2.50219E-02  2.26462E-02  2.12857E-02  2.41277E-02  1.63513E-02
  8.58043E-03  3.40989E-03 -7.18334E-04 -4.92562E-03  1.51365E-03 -1.21868E-03
 -2.69720E-03 -3.00756E-03 -5.38434E-03 -1.08387E-02 -4.96435E-03 -3.03679E-03
  1.08004E-02  4.04889E-03 -6.12959E-03 -6.91674E-03 -1.31416E-02
