AutoSaveFileName0092.ASC
 IFORMY    0    .00
 (6E13.7)
 IFORMT    0    .00
 (6E13.7)
 IFORMW    0    .00
 (6E13.7)
 NINTT     0   -1.00
 DOUSNQ    0    1.00
 IQUAD     0    1.00
 PRWT      0    1.00
 PRY       0    1.00
 IPLRES    1    3.00
 IPLRES    2    3.00
 IPRINT    1    0.00
 IPRINT    2    2.00
 IPLFIT    1    0.00
 IPLFIT    2    0.00
 LINEPG    0   50.
 NONNEG    1    1.00
 IWT       0    5.00
 NQPROG    1    5.00
 NQPROG    2    5.00
 GMNMX     1    1.07554E-02
 GMNMX     2    3.86090E-03
 RUSER    10    -1.00
 NG        0    500.00
 NLINF     0    1.00
 IUSER    10    4.00
 RUSER    21    1.0
 RUSER    22   -1.0
 RUSER    23    0.0
 RUSER    18         291.95903
 RUSER    17         59.99900
 RUSER    19         1.03155
 RUSER    15         1.33200
 RUSER    16         632.80000
 RUSER    25         1
 RUSER    26         0
 END       0    0.00
 NY      162
  7.50000E-07  8.75000E-07  1.00000E-06  1.12500E-06  1.25000E-06  1.37500E-06
  1.50000E-06  1.62500E-06  1.75000E-06  1.87500E-06  2.00000E-06  2.25000E-06
  2.50000E-06  2.75000E-06  3.00000E-06  3.25000E-06  3.50000E-06  3.75000E-06
  4.00000E-06  4.50000E-06  5.00000E-06  5.50000E-06  6.00000E-06  6.50000E-06
  7.00000E-06  7.50000E-06  8.00000E-06  9.00000E-06  1.00000E-05  1.10000E-05
  1.20000E-05  1.30000E-05  1.40000E-05  1.50000E-05  1.60000E-05  1.80000E-05
  2.00000E-05  2.20000E-05  2.40000E-05  2.60000E-05  2.80000E-05  3.00000E-05
  3.20000E-05  3.60000E-05  4.00000E-05  4.40000E-05  4.80000E-05  5.20000E-05
  5.60000E-05  6.00000E-05  6.40000E-05  7.20000E-05  8.00000E-05  8.80000E-05
  9.60000E-05  1.04000E-04  1.12000E-04  1.20000E-04  1.28000E-04  1.44000E-04
  1.60000E-04  1.76000E-04  1.92000E-04  2.08000E-04  2.24000E-04  2.40000E-04
  2.56000E-04  2.88000E-04  3.20000E-04  3.52000E-04  3.84000E-04  4.16000E-04
  4.48000E-04  4.80000E-04  5.12000E-04  5.76000E-04  6.40000E-04  7.04000E-04
  7.68000E-04  8.32000E-04  8.96000E-04  9.60000E-04  1.02400E-03  1.15200E-03
  1.28000E-03  1.40800E-03  1.53600E-03  1.66400E-03  1.79200E-03  1.92000E-03
  2.01600E-03  2.27200E-03  2.52800E-03  2.78400E-03  3.04000E-03  3.29600E-03
  3.55200E-03  3.80800E-03  4.06400E-03  4.57600E-03  5.08800E-03  5.60000E-03
  6.11200E-03  6.62400E-03  7.13600E-03  7.64800E-03  8.16000E-03  9.18400E-03
  1.02080E-02  1.12320E-02  1.22560E-02  1.32800E-02  1.43040E-02  1.53280E-02
  1.63520E-02  1.84000E-02  2.04480E-02  2.24960E-02  2.45440E-02  2.65920E-02
  2.86400E-02  3.06880E-02  3.27360E-02  3.68320E-02  4.09280E-02  4.50240E-02
  4.91200E-02  5.32160E-02  5.73120E-02  6.14080E-02  6.55040E-02  7.36960E-02
  8.18880E-02  9.00800E-02  9.82720E-02  1.06464E-01  1.14656E-01  1.22848E-01
  1.31040E-01  1.47424E-01  1.63808E-01  1.80192E-01  1.96576E-01  2.12960E-01
  2.29344E-01  2.45728E-01  2.62112E-01  2.94880E-01  3.27648E-01  3.60416E-01
  3.93184E-01  4.25952E-01  4.58720E-01  4.91488E-01  5.24256E-01  5.89792E-01
  6.55328E-01  7.20864E-01  7.86400E-01  8.51936E-01  9.17472E-01  9.83008E-01
  1.00000E+00  9.97992E-01  9.94149E-01  9.99803E-01  9.96241E-01  9.96169E-01
  9.94542E-01  9.93563E-01  9.96450E-01  9.98651E-01  9.95956E-01  9.94032E-01
  9.92466E-01  9.92157E-01  9.89759E-01  9.91334E-01  9.91615E-01  9.91856E-01
  9.91065E-01  9.88438E-01  9.86145E-01  9.87976E-01  9.87061E-01  9.87523E-01
  9.86579E-01  9.84728E-01  9.83820E-01  9.82057E-01  9.81097E-01  9.80615E-01
  9.77647E-01  9.76278E-01  9.74322E-01  9.72905E-01  9.71788E-01  9.67539E-01
  9.63917E-01  9.60712E-01  9.57516E-01  9.55307E-01  9.52126E-01  9.48705E-01
  9.45010E-01  9.39267E-01  9.33264E-01  9.26686E-01  9.20626E-01  9.14987E-01
  9.08273E-01  9.02341E-01  8.96402E-01  8.84940E-01  8.73013E-01  8.61833E-01
  8.50649E-01  8.39858E-01  8.28778E-01  8.17915E-01  8.07160E-01  7.86250E-01
  7.65937E-01  7.46022E-01  7.26927E-01  7.08445E-01  6.89948E-01  6.72098E-01
  6.54765E-01  6.21606E-01  5.89916E-01  5.60006E-01  5.31649E-01  5.04703E-01
  4.79467E-01  4.55660E-01  4.33191E-01  3.91042E-01  3.53341E-01  3.19409E-01
  2.89227E-01  2.61145E-01  2.36406E-01  2.14026E-01  1.94475E-01  1.59478E-01
  1.31269E-01  1.09067E-01  9.09413E-02  7.58086E-02  6.30762E-02  5.24726E-02
  4.60548E-02  3.29764E-02  2.44700E-02  1.90522E-02  1.58984E-02  1.31481E-02
  1.02752E-02  7.38288E-03  6.10229E-03  4.74784E-03  4.65034E-03  1.67833E-03
 -3.09972E-03 -3.36957E-03 -2.75668E-03  1.18508E-03  1.10744E-03 -1.36480E-03
 -3.41413E-04  1.57246E-03  3.49283E-03  5.24192E-03  3.03124E-03  1.23960E-03
  2.06420E-03 -1.76042E-03 -1.09508E-03  1.04294E-03 -1.91915E-05 -5.12076E-04
 -8.32597E-03 -7.52400E-03 -4.71929E-03  1.68173E-04 -2.24132E-03 -4.32778E-03
  4.25834E-04  5.67539E-04  7.83651E-04 -1.92481E-03 -2.03801E-03 -1.49417E-03
  6.99052E-04  9.14738E-04 -4.06847E-04  1.46169E-03 -4.01831E-03  1.13526E-03
  6.94663E-04  1.67729E-03  1.83363E-04 -1.21377E-03  9.74362E-04  2.17228E-03
 -3.06205E-03 -6.30047E-04 -1.53367E-04 -6.72270E-04 -4.49327E-04 -1.55031E-04
 -6.15493E-04  8.32011E-04 -3.20773E-04 -8.76499E-04 -7.03201E-04 -2.50652E-04
 -4.66720E-04  6.34918E-04 -2.15838E-04 -2.11994E-05 -6.95394E-04 -1.32418E-03
