AutoSaveFileName0002.ASC
 IFORMY    0    .00
 (6E13.7)
 IFORMT    0    .00
 (6E13.7)
 IFORMW    0    .00
 (6E13.7)
 NINTT     0   -1.00
 DOUSNQ    0    1.00
 IQUAD     0    1.00
 PRWT      0    1.00
 PRY       0    1.00
 IPLRES    1    3.00
 IPLRES    2    3.00
 IPRINT    1    0.00
 IPRINT    2    2.00
 IPLFIT    1    0.00
 IPLFIT    2    0.00
 LINEPG    0   50.
 NONNEG    1    1.00
 IWT       0    5.00
 NQPROG    1    5.00
 NQPROG    2    5.00
 GMNMX     1    1.58029E-01
 GMNMX     2    5.67282E-02
 RUSER    10    -1.00
 NG        0    500.00
 NLINF     0    1.00
 IUSER    10    4.00
 RUSER    21    1.0
 RUSER    22   -1.0
 RUSER    23    0.0
 RUSER    18         291.89772
 RUSER    17         15.00300
 RUSER    19         1.03312
 RUSER    15         1.33200
 RUSER    16         632.80000
 RUSER    25         1
 RUSER    26         0
 END       0    0.00
 NY      162
  7.50000E-07  8.75000E-07  1.00000E-06  1.12500E-06  1.25000E-06  1.37500E-06
  1.50000E-06  1.62500E-06  1.75000E-06  1.87500E-06  2.00000E-06  2.25000E-06
  2.50000E-06  2.75000E-06  3.00000E-06  3.25000E-06  3.50000E-06  3.75000E-06
  4.00000E-06  4.50000E-06  5.00000E-06  5.50000E-06  6.00000E-06  6.50000E-06
  7.00000E-06  7.50000E-06  8.00000E-06  9.00000E-06  1.00000E-05  1.10000E-05
  1.20000E-05  1.30000E-05  1.40000E-05  1.50000E-05  1.60000E-05  1.80000E-05
  2.00000E-05  2.20000E-05  2.40000E-05  2.60000E-05  2.80000E-05  3.00000E-05
  3.20000E-05  3.60000E-05  4.00000E-05  4.40000E-05  4.80000E-05  5.20000E-05
  5.60000E-05  6.00000E-05  6.40000E-05  7.20000E-05  8.00000E-05  8.80000E-05
  9.60000E-05  1.04000E-04  1.12000E-04  1.20000E-04  1.28000E-04  1.44000E-04
  1.60000E-04  1.76000E-04  1.92000E-04  2.08000E-04  2.24000E-04  2.40000E-04
  2.56000E-04  2.88000E-04  3.20000E-04  3.52000E-04  3.84000E-04  4.16000E-04
  4.48000E-04  4.80000E-04  5.12000E-04  5.76000E-04  6.40000E-04  7.04000E-04
  7.68000E-04  8.32000E-04  8.96000E-04  9.60000E-04  1.02400E-03  1.15200E-03
  1.28000E-03  1.40800E-03  1.53600E-03  1.66400E-03  1.79200E-03  1.92000E-03
  2.01600E-03  2.27200E-03  2.52800E-03  2.78400E-03  3.04000E-03  3.29600E-03
  3.55200E-03  3.80800E-03  4.06400E-03  4.57600E-03  5.08800E-03  5.60000E-03
  6.11200E-03  6.62400E-03  7.13600E-03  7.64800E-03  8.16000E-03  9.18400E-03
  1.02080E-02  1.12320E-02  1.22560E-02  1.32800E-02  1.43040E-02  1.53280E-02
  1.63520E-02  1.84000E-02  2.04480E-02  2.24960E-02  2.45440E-02  2.65920E-02
  2.86400E-02  3.06880E-02  3.27360E-02  3.68320E-02  4.09280E-02  4.50240E-02
  4.91200E-02  5.32160E-02  5.73120E-02  6.14080E-02  6.55040E-02  7.36960E-02
  8.18880E-02  9.00800E-02  9.82720E-02  1.06464E-01  1.14656E-01  1.22848E-01
  1.31040E-01  1.47424E-01  1.63808E-01  1.80192E-01  1.96576E-01  2.12960E-01
  2.29344E-01  2.45728E-01  2.62112E-01  2.94880E-01  3.27648E-01  3.60416E-01
  3.93184E-01  4.25952E-01  4.58720E-01  4.91488E-01  5.24256E-01  5.89792E-01
  6.55328E-01  7.20864E-01  7.86400E-01  8.51936E-01  9.17472E-01  9.83008E-01
  9.94881E-01  9.94889E-01  9.93639E-01  9.85892E-01  1.00000E+00  9.92729E-01
  9.86811E-01  9.91012E-01  9.92840E-01  9.93886E-01  9.92942E-01  9.93673E-01
  9.91241E-01  9.92432E-01  9.90816E-01  9.93010E-01  9.91207E-01  9.95221E-01
  9.92942E-01  9.90595E-01  9.92474E-01  9.90195E-01  9.90008E-01  9.91921E-01
  9.89472E-01  9.88596E-01  9.91284E-01  9.90416E-01  9.91683E-01  9.91012E-01
  9.90705E-01  9.92891E-01  9.89778E-01  9.90841E-01  9.91811E-01  9.90782E-01
  9.90034E-01  9.91156E-01  9.91080E-01  9.92432E-01  9.90289E-01  9.90221E-01
  9.90008E-01  9.91258E-01  9.90450E-01  9.90102E-01  9.90170E-01  9.90008E-01
  9.89617E-01  9.89889E-01  9.89557E-01  9.89574E-01  9.88937E-01  9.89132E-01
  9.88477E-01  9.87857E-01  9.87261E-01  9.87295E-01  9.87100E-01  9.86947E-01
  9.85629E-01  9.85348E-01  9.84396E-01  9.84030E-01  9.83282E-01  9.82975E-01
  9.82202E-01  9.81232E-01  9.80135E-01  9.78936E-01  9.78094E-01  9.76853E-01
  9.75934E-01  9.74055E-01  9.73443E-01  9.71181E-01  9.69072E-01  9.67209E-01
  9.65228E-01  9.63578E-01  9.61214E-01  9.59309E-01  9.57294E-01  9.53501E-01
  9.49853E-01  9.45899E-01  9.42293E-01  9.38900E-01  9.35210E-01  9.31638E-01
  9.33790E-01  9.26851E-01  9.19733E-01  9.13100E-01  9.06399E-01  8.99953E-01
  8.93422E-01  8.87019E-01  8.80488E-01  8.68064E-01  8.55938E-01  8.44260E-01
  8.32944E-01  8.21955E-01  8.11114E-01  8.00621E-01  7.89809E-01  7.70407E-01
  7.52121E-01  7.34787E-01  7.18288E-01  7.02442E-01  6.87660E-01  6.73797E-01
  6.59687E-01  6.34903E-01  6.11836E-01  5.90773E-01  5.71694E-01  5.53875E-01
  5.37435E-01  5.22897E-01  5.09645E-01  4.87440E-01  4.66300E-01  4.46872E-01
  4.28624E-01  4.12450E-01  3.99639E-01  3.87624E-01  3.76586E-01  3.52760E-01
  3.31756E-01  3.13411E-01  3.00437E-01  2.89352E-01  2.75479E-01  2.67124E-01
  2.55263E-01  2.29744E-01  2.13822E-01  2.03904E-01  1.94599E-01  1.74540E-01
  1.40645E-01  1.20236E-01  1.04644E-01  8.12064E-02  6.79007E-02  4.91935E-02
  4.16632E-02  4.09882E-02  3.92602E-02  2.81571E-02  2.59058E-02  1.70376E-02
  1.29782E-02 -8.26368E-03 -2.53092E-02 -2.66787E-02 -1.93991E-02 -1.65307E-03
