AutoSaveFileName0308.ASC
 IFORMY    0    .00
 (6E13.7)
 IFORMT    0    .00
 (6E13.7)
 IFORMW    0    .00
 (6E13.7)
 NINTT     0   -1.00
 DOUSNQ    0    1.00
 IQUAD          1.00
 PRWT      0    1.00
 PRY       0    1.00
 IPLRES    1    3.00
 IPLRES    2    3.00
 IPRINT    1    0.00
 IPRINT    2    2.00
 IPLFIT    1    0.00
 IPLFIT    2    0.00
 LINEPG    0   50.
 NONNEG    1    1.00
 IWT       0    5.00
 NQPROG    1    5.00
 NQPROG    2    5.00
 GMNMX     1    9.422E-06
 GMNMX     2    9.422E-03
 RUSER    10    -1.00
 NG        0    200.00
 NLINF     0    0.00
 IUSER    10    4.00
 RUSER    21    1.0
 RUSER    22   -1.0
 RUSER    23    0.0
 RUSER    18         292.19095
 RUSER    17         116.99900
 RUSER    19         1.02564
 RUSER    15         1.33200
 RUSER    16         632.80000
 RUSER    25         1
 RUSER    26         0
 END       0    0.00
 NY      131
  3.75000E-07  5.00000E-07  6.25000E-07  7.50000E-07  8.75000E-07  1.00000E-06
  1.12500E-06  1.25000E-06  1.37500E-06  1.50000E-06  1.62500E-06  1.75000E-06
  1.87500E-06  2.00000E-06  2.25000E-06  2.50000E-06  2.75000E-06  3.00000E-06
  3.25000E-06  3.50000E-06  3.75000E-06  4.00000E-06  4.50000E-06  5.00000E-06
  5.50000E-06  6.00000E-06  6.50000E-06  7.00000E-06  7.50000E-06  8.00000E-06
  9.00000E-06  1.00000E-05  1.10000E-05  1.20000E-05  1.30000E-05  1.40000E-05
  1.50000E-05  1.60000E-05  1.80000E-05  2.00000E-05  2.20000E-05  2.40000E-05
  2.60000E-05  2.80000E-05  3.00000E-05  3.20000E-05  3.60000E-05  4.00000E-05
  4.40000E-05  4.80000E-05  5.20000E-05  5.60000E-05  6.00000E-05  6.40000E-05
  7.20000E-05  8.00000E-05  8.80000E-05  9.60000E-05  1.04000E-04  1.12000E-04
  1.20000E-04  1.28000E-04  1.44000E-04  1.60000E-04  1.76000E-04  1.92000E-04
  2.08000E-04  2.24000E-04  2.40000E-04  2.56000E-04  2.88000E-04  3.20000E-04
  3.52000E-04  3.84000E-04  4.16000E-04  4.48000E-04  4.80000E-04  5.12000E-04
  5.76000E-04  6.40000E-04  7.04000E-04  7.68000E-04  8.32000E-04  8.96000E-04
  9.60000E-04  1.02400E-03  1.15200E-03  1.28000E-03  1.40800E-03  1.53600E-03
  1.66400E-03  1.79200E-03  1.92000E-03  2.01600E-03  2.27200E-03  2.52800E-03
  2.78400E-03  3.04000E-03  3.29600E-03  3.55200E-03  3.80800E-03  4.06400E-03
  4.57600E-03  5.08800E-03  5.60000E-03  6.11200E-03  6.62400E-03  7.13600E-03
  7.64800E-03  8.16000E-03  9.18400E-03  1.02080E-02  1.12320E-02  1.22560E-02
  1.32800E-02  1.43040E-02  1.53280E-02  1.63520E-02  1.84000E-02  2.04480E-02
  2.24960E-02  2.45440E-02  2.65920E-02  2.86400E-02  3.06880E-02  3.27360E-02
  3.68320E-02  4.09280E-02  4.50240E-02  4.91200E-02  5.32160E-02
  2.41310E+00  2.40512E+00  2.40833E+00  2.40350E+00  2.40111E+00  2.40239E+00
  2.39677E+00  2.40088E+00  2.39793E+00  2.39439E+00  2.39635E+00  2.39981E+00
  2.39733E+00  2.39874E+00  2.39213E+00  2.39512E+00  2.39260E+00  2.39162E+00
  2.39053E+00  2.39538E+00  2.39356E+00  2.39214E+00  2.39216E+00  2.38877E+00
  2.38972E+00  2.38748E+00  2.38868E+00  2.38424E+00  2.38597E+00  2.38445E+00
  2.38368E+00  2.38190E+00  2.37977E+00  2.37571E+00  2.37556E+00  2.37479E+00
  2.37346E+00  2.37076E+00  2.36655E+00  2.36344E+00  2.35922E+00  2.35557E+00
  2.35103E+00  2.34744E+00  2.34460E+00  2.34053E+00  2.33373E+00  2.32633E+00
  2.31877E+00  2.31187E+00  2.30421E+00  2.29696E+00  2.28931E+00  2.28243E+00
  2.26887E+00  2.25424E+00  2.24078E+00  2.22662E+00  2.21219E+00  2.19824E+00
  2.18495E+00  2.17182E+00  2.14471E+00  2.11824E+00  2.09137E+00  2.06544E+00
  2.03994E+00  2.01495E+00  1.98907E+00  1.96371E+00  1.91532E+00  1.86838E+00
  1.82182E+00  1.77685E+00  1.73313E+00  1.69054E+00  1.64924E+00  1.60774E+00
  1.52949E+00  1.45502E+00  1.38474E+00  1.31854E+00  1.25510E+00  1.19462E+00
  1.13763E+00  1.08439E+00  9.83895E-01  8.92621E-01  8.10942E-01  7.38073E-01
  6.71374E-01  6.10489E-01  5.55003E-01  5.18794E-01  4.25854E-01  3.46828E-01
  2.84246E-01  2.34920E-01  1.94739E-01  1.61223E-01  1.34209E-01  1.11214E-01
  7.76346E-02  5.77206E-02  4.41198E-02  3.29558E-02  2.00651E-02  1.06456E-02
  4.94308E-03  1.24784E-03  2.94824E-03  1.33651E-03  4.83116E-03  7.73454E-03
  1.10218E-02  1.11252E-02  4.27192E-03  8.99365E-03  2.92858E-03  1.31572E-03
  3.79820E-03  3.91828E-03 -6.80556E-03 -1.25893E-02 -1.68874E-02 -2.10063E-02
  3.65688E-03 -1.07526E-03  8.20611E-03  7.17116E-03  4.19601E-03
