AutoSaveFileName0206.ASC
 IFORMY    0    .00
 (6E13.7)
 IFORMT    0    .00
 (6E13.7)
 IFORMW    0    .00
 (6E13.7)
 NINTT     0   -1.00
 DOUSNQ    0    1.00
 IQUAD          1.00
 PRWT      0    1.00
 PRY       0    1.00
 IPLRES    1    3.00
 IPLRES    2    3.00
 IPRINT    1    0.00
 IPRINT    2    2.00
 IPLFIT    1    0.00
 IPLFIT    2    0.00
 LINEPG    0   50.
 NONNEG    1    1.00
 IWT       0    5.00
 NQPROG    1    5.00
 NQPROG    2    5.00
 GMNMX     1    1.567E-05
 GMNMX     2    1.567E-02
 RUSER    10    -1.00
 NG        0    200.00
 NLINF     0    0.00
 IUSER    10    4.00
 RUSER    21    1.0
 RUSER    22   -1.0
 RUSER    23    0.0
 RUSER    18         292.03637
 RUSER    17         82.99900
 RUSER    19         1.02957
 RUSER    15         1.33200
 RUSER    16         632.80000
 RUSER    25         1
 RUSER    26         0
 END       0    0.00
 NY      131
  3.75000E-07  5.00000E-07  6.25000E-07  7.50000E-07  8.75000E-07  1.00000E-06
  1.12500E-06  1.25000E-06  1.37500E-06  1.50000E-06  1.62500E-06  1.75000E-06
  1.87500E-06  2.00000E-06  2.25000E-06  2.50000E-06  2.75000E-06  3.00000E-06
  3.25000E-06  3.50000E-06  3.75000E-06  4.00000E-06  4.50000E-06  5.00000E-06
  5.50000E-06  6.00000E-06  6.50000E-06  7.00000E-06  7.50000E-06  8.00000E-06
  9.00000E-06  1.00000E-05  1.10000E-05  1.20000E-05  1.30000E-05  1.40000E-05
  1.50000E-05  1.60000E-05  1.80000E-05  2.00000E-05  2.20000E-05  2.40000E-05
  2.60000E-05  2.80000E-05  3.00000E-05  3.20000E-05  3.60000E-05  4.00000E-05
  4.40000E-05  4.80000E-05  5.20000E-05  5.60000E-05  6.00000E-05  6.40000E-05
  7.20000E-05  8.00000E-05  8.80000E-05  9.60000E-05  1.04000E-04  1.12000E-04
  1.20000E-04  1.28000E-04  1.44000E-04  1.60000E-04  1.76000E-04  1.92000E-04
  2.08000E-04  2.24000E-04  2.40000E-04  2.56000E-04  2.88000E-04  3.20000E-04
  3.52000E-04  3.84000E-04  4.16000E-04  4.48000E-04  4.80000E-04  5.12000E-04
  5.76000E-04  6.40000E-04  7.04000E-04  7.68000E-04  8.32000E-04  8.96000E-04
  9.60000E-04  1.02400E-03  1.15200E-03  1.28000E-03  1.40800E-03  1.53600E-03
  1.66400E-03  1.79200E-03  1.92000E-03  2.01600E-03  2.27200E-03  2.52800E-03
  2.78400E-03  3.04000E-03  3.29600E-03  3.55200E-03  3.80800E-03  4.06400E-03
  4.57600E-03  5.08800E-03  5.60000E-03  6.11200E-03  6.62400E-03  7.13600E-03
  7.64800E-03  8.16000E-03  9.18400E-03  1.02080E-02  1.12320E-02  1.22560E-02
  1.32800E-02  1.43040E-02  1.53280E-02  1.63520E-02  1.84000E-02  2.04480E-02
  2.24960E-02  2.45440E-02  2.65920E-02  2.86400E-02  3.06880E-02  3.27360E-02
  3.68320E-02  4.09280E-02  4.50240E-02  4.91200E-02  5.32160E-02
  2.35458E+00  2.35520E+00  2.35018E+00  2.34352E+00  2.34798E+00  2.33912E+00
  2.34276E+00  2.34390E+00  2.34341E+00  2.34365E+00  2.34503E+00  2.34620E+00
  2.34000E+00  2.33887E+00  2.34289E+00  2.34106E+00  2.34244E+00  2.34222E+00
  2.34467E+00  2.34073E+00  2.34222E+00  2.33798E+00  2.34199E+00  2.33940E+00
  2.34079E+00  2.33971E+00  2.33914E+00  2.33660E+00  2.33576E+00  2.33583E+00
  2.33404E+00  2.33274E+00  2.33266E+00  2.33339E+00  2.32947E+00  2.32867E+00
  2.32928E+00  2.32842E+00  2.32681E+00  2.32292E+00  2.32025E+00  2.31941E+00
  2.31741E+00  2.31777E+00  2.31417E+00  2.31174E+00  2.30780E+00  2.30315E+00
  2.29974E+00  2.29658E+00  2.29211E+00  2.28832E+00  2.28491E+00  2.28093E+00
  2.27173E+00  2.26388E+00  2.25662E+00  2.24828E+00  2.24140E+00  2.23305E+00
  2.22476E+00  2.21699E+00  2.20196E+00  2.18705E+00  2.17188E+00  2.15630E+00
  2.14110E+00  2.12611E+00  2.11174E+00  2.09718E+00  2.06816E+00  2.04017E+00
  2.01191E+00  1.98441E+00  1.95632E+00  1.92970E+00  1.90272E+00  1.87705E+00
  1.82580E+00  1.77589E+00  1.72740E+00  1.68033E+00  1.63523E+00  1.59075E+00
  1.54813E+00  1.50660E+00  1.42628E+00  1.35078E+00  1.27972E+00  1.21329E+00
  1.15059E+00  1.09159E+00  1.03590E+00  9.96045E-01  8.98557E-01  8.10709E-01
  7.32347E-01  6.63897E-01  6.02931E-01  5.49140E-01  5.00330E-01  4.56853E-01
  3.78257E-01  3.13165E-01  2.59745E-01  2.14735E-01  1.77431E-01  1.48979E-01
  1.27669E-01  1.12998E-01  8.95048E-02  7.06648E-02  5.73510E-02  4.59438E-02
  3.65121E-02  2.17008E-02  7.64757E-03  2.84706E-03 -4.37139E-03 -1.00505E-02
 -1.65431E-02 -2.26935E-02 -2.63192E-02 -2.11161E-02  3.78623E-03  2.06702E-02
  1.18062E-02 -1.85393E-03  5.63714E-03  1.75238E-02  9.91643E-03
