AutoSaveFileName0261.ASC
 IFORMY    0    .00
 (6E13.7)
 IFORMT    0    .00
 (6E13.7)
 IFORMW    0    .00
 (6E13.7)
 NINTT     0   -1.00
 DOUSNQ    0    1.00
 IQUAD          1.00
 PRWT      0    1.00
 PRY       0    1.00
 IPLRES    1    3.00
 IPLRES    2    3.00
 IPRINT    1    0.00
 IPRINT    2    2.00
 IPLFIT    1    0.00
 IPLFIT    2    0.00
 LINEPG    0   50.
 NONNEG    1    1.00
 IWT       0    5.00
 NQPROG    1    5.00
 NQPROG    2    5.00
 GMNMX     1    1.137E-05
 GMNMX     2    1.137E-02
 RUSER    10    -1.00
 NG        0    200.00
 NLINF     0    0.00
 IUSER    10    4.00
 RUSER    21    1.0
 RUSER    22   -1.0
 RUSER    23    0.0
 RUSER    18         292.11485
 RUSER    17         101.99900
 RUSER    19         1.02757
 RUSER    15         1.33200
 RUSER    16         632.80000
 RUSER    25         1
 RUSER    26         0
 END       0    0.00
 NY      131
  3.75000E-07  5.00000E-07  6.25000E-07  7.50000E-07  8.75000E-07  1.00000E-06
  1.12500E-06  1.25000E-06  1.37500E-06  1.50000E-06  1.62500E-06  1.75000E-06
  1.87500E-06  2.00000E-06  2.25000E-06  2.50000E-06  2.75000E-06  3.00000E-06
  3.25000E-06  3.50000E-06  3.75000E-06  4.00000E-06  4.50000E-06  5.00000E-06
  5.50000E-06  6.00000E-06  6.50000E-06  7.00000E-06  7.50000E-06  8.00000E-06
  9.00000E-06  1.00000E-05  1.10000E-05  1.20000E-05  1.30000E-05  1.40000E-05
  1.50000E-05  1.60000E-05  1.80000E-05  2.00000E-05  2.20000E-05  2.40000E-05
  2.60000E-05  2.80000E-05  3.00000E-05  3.20000E-05  3.60000E-05  4.00000E-05
  4.40000E-05  4.80000E-05  5.20000E-05  5.60000E-05  6.00000E-05  6.40000E-05
  7.20000E-05  8.00000E-05  8.80000E-05  9.60000E-05  1.04000E-04  1.12000E-04
  1.20000E-04  1.28000E-04  1.44000E-04  1.60000E-04  1.76000E-04  1.92000E-04
  2.08000E-04  2.24000E-04  2.40000E-04  2.56000E-04  2.88000E-04  3.20000E-04
  3.52000E-04  3.84000E-04  4.16000E-04  4.48000E-04  4.80000E-04  5.12000E-04
  5.76000E-04  6.40000E-04  7.04000E-04  7.68000E-04  8.32000E-04  8.96000E-04
  9.60000E-04  1.02400E-03  1.15200E-03  1.28000E-03  1.40800E-03  1.53600E-03
  1.66400E-03  1.79200E-03  1.92000E-03  2.01600E-03  2.27200E-03  2.52800E-03
  2.78400E-03  3.04000E-03  3.29600E-03  3.55200E-03  3.80800E-03  4.06400E-03
  4.57600E-03  5.08800E-03  5.60000E-03  6.11200E-03  6.62400E-03  7.13600E-03
  7.64800E-03  8.16000E-03  9.18400E-03  1.02080E-02  1.12320E-02  1.22560E-02
  1.32800E-02  1.43040E-02  1.53280E-02  1.63520E-02  1.84000E-02  2.04480E-02
  2.24960E-02  2.45440E-02  2.65920E-02  2.86400E-02  3.06880E-02  3.27360E-02
  3.68320E-02  4.09280E-02  4.50240E-02  4.91200E-02  5.32160E-02
  7.98972E-01  7.95232E-01  7.95219E-01  7.97810E-01  7.95618E-01  7.95443E-01
  7.95827E-01  7.93187E-01  7.94563E-01  7.91754E-01  7.95075E-01  7.93971E-01
  7.93009E-01  7.94145E-01  7.92009E-01  7.96089E-01  7.93009E-01  7.92912E-01
  7.92022E-01  7.92963E-01  7.92575E-01  7.92225E-01  7.94275E-01  7.92884E-01
  7.91912E-01  7.92840E-01  7.92157E-01  7.90733E-01  7.90310E-01  7.90450E-01
  7.91021E-01  7.89701E-01  7.89370E-01  7.87817E-01  7.88691E-01  7.87351E-01
  7.87383E-01  7.87350E-01  7.86396E-01  7.85598E-01  7.83662E-01  7.83197E-01
  7.82229E-01  7.80930E-01  7.80414E-01  7.78956E-01  7.77195E-01  7.75505E-01
  7.73768E-01  7.71342E-01  7.69188E-01  7.67548E-01  7.65076E-01  7.63652E-01
  7.59201E-01  7.55627E-01  7.51812E-01  7.48094E-01  7.44401E-01  7.40416E-01
  7.36654E-01  7.32620E-01  7.25079E-01  7.17548E-01  7.10304E-01  7.02679E-01
  6.95882E-01  6.88918E-01  6.81383E-01  6.74616E-01  6.60752E-01  6.47201E-01
  6.33597E-01  6.20371E-01  6.07477E-01  5.94727E-01  5.82364E-01  5.69370E-01
  5.46235E-01  5.24197E-01  5.02778E-01  4.82371E-01  4.62770E-01  4.44028E-01
  4.26351E-01  4.09591E-01  3.77351E-01  3.47743E-01  3.20353E-01  2.94797E-01
  2.70783E-01  2.49017E-01  2.29435E-01  2.15852E-01  1.84310E-01  1.57547E-01
  1.34257E-01  1.13013E-01  9.45816E-02  7.94771E-02  6.71764E-02  5.74889E-02
  4.09953E-02  2.77248E-02  1.76441E-02  1.11100E-02  9.70010E-03  1.09587E-02
  1.42458E-02  1.65997E-02  1.83689E-02  1.70198E-02  1.46458E-02  1.19648E-02
  1.29530E-02  9.80911E-03  7.58203E-03  3.75359E-03  8.66067E-04  9.88314E-04
 -4.82697E-03 -2.27669E-03  3.48452E-03  5.29369E-03  3.00559E-03  5.05356E-03
  9.12801E-03 -7.04795E-03 -5.86956E-03  1.54532E-03  1.46433E-03
