AutoSaveFileName0009.ASC
 IFORMY    0    .00
 (6E13.7)
 IFORMT    0    .00
 (6E13.7)
 IFORMW    0    .00
 (6E13.7)
 NINTT     0   -1.00
 DOUSNQ    0    1.00
 IQUAD          1.00
 PRWT      0    1.00
 PRY       0    1.00
 IPLRES    1    3.00
 IPLRES    2    3.00
 IPRINT    1    0.00
 IPRINT    2    2.00
 IPLFIT    1    0.00
 IPLFIT    2    0.00
 LINEPG    0   50.
 NONNEG    1    1.00
 IWT       0    5.00
 NQPROG    1    5.00
 NQPROG    2    5.00
 GMNMX     1    2.830E-04
 GMNMX     2    2.830E-01
 RUSER    10    -1.00
 NG        0    200.00
 NLINF     0    0.00
 IUSER    10    4.00
 RUSER    21    1.0
 RUSER    22   -1.0
 RUSER    23    0.0
 RUSER    18         291.79735
 RUSER    17         17.99900
 RUSER    19         1.03569
 RUSER    15         1.33200
 RUSER    16         632.80000
 RUSER    25         1
 RUSER    26         0
 END       0    0.00
 NY      131
  3.75000E-07  5.00000E-07  6.25000E-07  7.50000E-07  8.75000E-07  1.00000E-06
  1.12500E-06  1.25000E-06  1.37500E-06  1.50000E-06  1.62500E-06  1.75000E-06
  1.87500E-06  2.00000E-06  2.25000E-06  2.50000E-06  2.75000E-06  3.00000E-06
  3.25000E-06  3.50000E-06  3.75000E-06  4.00000E-06  4.50000E-06  5.00000E-06
  5.50000E-06  6.00000E-06  6.50000E-06  7.00000E-06  7.50000E-06  8.00000E-06
  9.00000E-06  1.00000E-05  1.10000E-05  1.20000E-05  1.30000E-05  1.40000E-05
  1.50000E-05  1.60000E-05  1.80000E-05  2.00000E-05  2.20000E-05  2.40000E-05
  2.60000E-05  2.80000E-05  3.00000E-05  3.20000E-05  3.60000E-05  4.00000E-05
  4.40000E-05  4.80000E-05  5.20000E-05  5.60000E-05  6.00000E-05  6.40000E-05
  7.20000E-05  8.00000E-05  8.80000E-05  9.60000E-05  1.04000E-04  1.12000E-04
  1.20000E-04  1.28000E-04  1.44000E-04  1.60000E-04  1.76000E-04  1.92000E-04
  2.08000E-04  2.24000E-04  2.40000E-04  2.56000E-04  2.88000E-04  3.20000E-04
  3.52000E-04  3.84000E-04  4.16000E-04  4.48000E-04  4.80000E-04  5.12000E-04
  5.76000E-04  6.40000E-04  7.04000E-04  7.68000E-04  8.32000E-04  8.96000E-04
  9.60000E-04  1.02400E-03  1.15200E-03  1.28000E-03  1.40800E-03  1.53600E-03
  1.66400E-03  1.79200E-03  1.92000E-03  2.01600E-03  2.27200E-03  2.52800E-03
  2.78400E-03  3.04000E-03  3.29600E-03  3.55200E-03  3.80800E-03  4.06400E-03
  4.57600E-03  5.08800E-03  5.60000E-03  6.11200E-03  6.62400E-03  7.13600E-03
  7.64800E-03  8.16000E-03  9.18400E-03  1.02080E-02  1.12320E-02  1.22560E-02
  1.32800E-02  1.43040E-02  1.53280E-02  1.63520E-02  1.84000E-02  2.04480E-02
  2.24960E-02  2.45440E-02  2.65920E-02  2.86400E-02  3.06880E-02  3.27360E-02
  3.68320E-02  4.09280E-02  4.50240E-02  4.91200E-02  5.32160E-02
  6.29611E-01  6.28600E-01  6.27748E-01  6.27923E-01  6.28164E-01  6.27713E-01
  6.27573E-01  6.27383E-01  6.27062E-01  6.28108E-01  6.26484E-01  6.27069E-01
  6.27878E-01  6.27613E-01  6.27238E-01  6.26528E-01  6.27119E-01  6.27307E-01
  6.26613E-01  6.27529E-01  6.27103E-01  6.26883E-01  6.27545E-01  6.27319E-01
  6.27224E-01  6.26897E-01  6.27363E-01  6.27152E-01  6.26910E-01  6.27371E-01
  6.27034E-01  6.27366E-01  6.26765E-01  6.27083E-01  6.27118E-01  6.27479E-01
  6.27115E-01  6.27114E-01  6.26679E-01  6.26984E-01  6.26843E-01  6.26804E-01
  6.26654E-01  6.26852E-01  6.26554E-01  6.26574E-01  6.26641E-01  6.26458E-01
  6.26444E-01  6.26204E-01  6.26271E-01  6.26261E-01  6.26172E-01  6.26029E-01
  6.26112E-01  6.25953E-01  6.25664E-01  6.25513E-01  6.25438E-01  6.25424E-01
  6.24965E-01  6.24793E-01  6.24519E-01  6.24242E-01  6.23818E-01  6.23603E-01
  6.23341E-01  6.22962E-01  6.22674E-01  6.22236E-01  6.21627E-01  6.21001E-01
  6.20398E-01  6.19726E-01  6.19109E-01  6.18545E-01  6.17932E-01  6.17157E-01
  6.15941E-01  6.14699E-01  6.13478E-01  6.12212E-01  6.11115E-01  6.09849E-01
  6.08693E-01  6.06900E-01  6.04573E-01  6.02215E-01  5.99927E-01  5.97641E-01
  5.95365E-01  5.93068E-01  5.90811E-01  5.86841E-01  5.82313E-01  5.77747E-01
  5.73293E-01  5.68886E-01  5.64500E-01  5.60185E-01  5.55919E-01  5.51671E-01
  5.43306E-01  5.35201E-01  5.27227E-01  5.19500E-01  5.11897E-01  5.04332E-01
  4.96952E-01  4.89848E-01  4.75753E-01  4.61783E-01  4.48144E-01  4.35093E-01
  4.22294E-01  4.09518E-01  3.96889E-01  3.85473E-01  3.61620E-01  3.39192E-01
  3.18876E-01  2.99628E-01  2.81910E-01  2.66132E-01  2.51376E-01  2.38259E-01
  2.11752E-01  1.90644E-01  1.72336E-01  1.58808E-01  1.49174E-01
