AutoSaveFileName0188.ASC
 IFORMY    0    .00
 (6E13.7)
 IFORMT    0    .00
 (6E13.7)
 IFORMW    0    .00
 (6E13.7)
 NINTT     0   -1.00
 DOUSNQ    0    1.00
 IQUAD     0    1.00
 PRWT      0    1.00
 PRY       0    1.00
 IPLRES    1    3.00
 IPLRES    2    3.00
 IPRINT    1    0.00
 IPRINT    2    2.00
 IPLFIT    1    0.00
 IPLFIT    2    0.00
 LINEPG    0   50.
 NONNEG    1    1.00
 IWT       0    5.00
 NQPROG    1    5.00
 NQPROG    2    5.00
 GMNMX     1    4.26082E-03
 GMNMX     2    1.52952E-03
 RUSER    10    -1.00
 NG        0    500.00
 NLINF     0    1.00
 IUSER    10    4.00
 RUSER    21    1.0
 RUSER    22   -1.0
 RUSER    23    0.0
 RUSER    18         292.05128
 RUSER    17         104.99900
 RUSER    19         1.02919
 RUSER    15         1.33200
 RUSER    16         632.80000
 RUSER    25         1
 RUSER    26         0
 END       0    0.00
 NY      162
  7.50000E-07  8.75000E-07  1.00000E-06  1.12500E-06  1.25000E-06  1.37500E-06
  1.50000E-06  1.62500E-06  1.75000E-06  1.87500E-06  2.00000E-06  2.25000E-06
  2.50000E-06  2.75000E-06  3.00000E-06  3.25000E-06  3.50000E-06  3.75000E-06
  4.00000E-06  4.50000E-06  5.00000E-06  5.50000E-06  6.00000E-06  6.50000E-06
  7.00000E-06  7.50000E-06  8.00000E-06  9.00000E-06  1.00000E-05  1.10000E-05
  1.20000E-05  1.30000E-05  1.40000E-05  1.50000E-05  1.60000E-05  1.80000E-05
  2.00000E-05  2.20000E-05  2.40000E-05  2.60000E-05  2.80000E-05  3.00000E-05
  3.20000E-05  3.60000E-05  4.00000E-05  4.40000E-05  4.80000E-05  5.20000E-05
  5.60000E-05  6.00000E-05  6.40000E-05  7.20000E-05  8.00000E-05  8.80000E-05
  9.60000E-05  1.04000E-04  1.12000E-04  1.20000E-04  1.28000E-04  1.44000E-04
  1.60000E-04  1.76000E-04  1.92000E-04  2.08000E-04  2.24000E-04  2.40000E-04
  2.56000E-04  2.88000E-04  3.20000E-04  3.52000E-04  3.84000E-04  4.16000E-04
  4.48000E-04  4.80000E-04  5.12000E-04  5.76000E-04  6.40000E-04  7.04000E-04
  7.68000E-04  8.32000E-04  8.96000E-04  9.60000E-04  1.02400E-03  1.15200E-03
  1.28000E-03  1.40800E-03  1.53600E-03  1.66400E-03  1.79200E-03  1.92000E-03
  2.01600E-03  2.27200E-03  2.52800E-03  2.78400E-03  3.04000E-03  3.29600E-03
  3.55200E-03  3.80800E-03  4.06400E-03  4.57600E-03  5.08800E-03  5.60000E-03
  6.11200E-03  6.62400E-03  7.13600E-03  7.64800E-03  8.16000E-03  9.18400E-03
  1.02080E-02  1.12320E-02  1.22560E-02  1.32800E-02  1.43040E-02  1.53280E-02
  1.63520E-02  1.84000E-02  2.04480E-02  2.24960E-02  2.45440E-02  2.65920E-02
  2.86400E-02  3.06880E-02  3.27360E-02  3.68320E-02  4.09280E-02  4.50240E-02
  4.91200E-02  5.32160E-02  5.73120E-02  6.14080E-02  6.55040E-02  7.36960E-02
  8.18880E-02  9.00800E-02  9.82720E-02  1.06464E-01  1.14656E-01  1.22848E-01
  1.31040E-01  1.47424E-01  1.63808E-01  1.80192E-01  1.96576E-01  2.12960E-01
  2.29344E-01  2.45728E-01  2.62112E-01  2.94880E-01  3.27648E-01  3.60416E-01
  3.93184E-01  4.25952E-01  4.58720E-01  4.91488E-01  5.24256E-01  5.89792E-01
  6.55328E-01  7.20864E-01  7.86400E-01  8.51936E-01  9.17472E-01  9.83008E-01
  1.00000E+00  9.97634E-01  9.96095E-01  9.91337E-01  9.94160E-01  9.93939E-01
  9.88437E-01  9.92087E-01  9.89837E-01  9.89805E-01  9.89792E-01  9.89052E-01
  9.89822E-01  9.85931E-01  9.86122E-01  9.83431E-01  9.83277E-01  9.83925E-01
  9.80876E-01  9.79687E-01  9.77663E-01  9.76764E-01  9.72736E-01  9.70356E-01
  9.68377E-01  9.66442E-01  9.64408E-01  9.60612E-01  9.56544E-01  9.53176E-01
  9.49305E-01  9.45571E-01  9.41828E-01  9.36295E-01  9.32844E-01  9.25640E-01
  9.17057E-01  9.10143E-01  9.02119E-01  8.94562E-01  8.87606E-01  8.79015E-01
  8.72019E-01  8.57735E-01  8.43382E-01  8.29341E-01  8.15569E-01  8.02683E-01
  7.88748E-01  7.75977E-01  7.62873E-01  7.37993E-01  7.13517E-01  6.89915E-01
  6.67297E-01  6.45347E-01  6.24157E-01  6.03510E-01  5.83638E-01  5.46134E-01
  5.10752E-01  4.77688E-01  4.46871E-01  4.17953E-01  3.90937E-01  3.65714E-01
  3.42618E-01  2.99773E-01  2.62248E-01  2.29355E-01  2.00642E-01  1.75698E-01
  1.53683E-01  1.34945E-01  1.18999E-01  9.21220E-02  7.14821E-02  5.58493E-02
  4.35688E-02  3.38657E-02  2.66248E-02  2.06058E-02  1.65715E-02  1.01083E-02
  6.07474E-03  3.69816E-03  1.63505E-03  9.42948E-04  9.82932E-04  1.12534E-03
  1.00848E-03  9.01060E-04  5.71698E-04  7.18682E-04  8.17198E-04  1.13907E-03
  1.51120E-03  1.52098E-03  4.41036E-04 -8.00329E-04  1.37691E-03  1.64079E-03
  4.53707E-05 -7.00375E-04 -8.95822E-04 -2.55299E-03 -9.34212E-04  1.11650E-04
  8.38478E-04 -7.35947E-04 -4.64996E-04  9.41775E-04  8.85991E-05  1.07507E-03
 -5.55359E-04 -8.26611E-04 -3.39086E-05 -1.22540E-03 -1.37344E-04  2.58744E-05
  3.13033E-04 -5.66473E-04 -2.46867E-04 -9.41256E-05 -1.77142E-04 -9.36836E-05
 -6.51513E-04 -6.84491E-04  2.45245E-04  4.75304E-04  1.67338E-04  9.51089E-04
  4.29963E-04 -1.34030E-04  4.11211E-04 -8.22706E-05 -2.26738E-04 -6.80695E-04
 -2.51065E-04 -2.93624E-04  1.96295E-04 -2.44794E-04 -1.59185E-04 -2.11232E-04
 -5.09311E-04 -1.29393E-04 -2.06867E-04  3.86550E-04 -6.76182E-05  7.98561E-05
  2.32273E-04  7.93074E-05 -2.79008E-04  1.73252E-04  1.63970E-04  7.13381E-05
  6.36364E-05 -4.61820E-05 -8.33958E-06 -3.35379E-04 -1.04490E-04  2.29479E-04
