AutoSaveFileName0061.ASC
 IFORMY    0    .00
 (6E13.7)
 IFORMT    0    .00
 (6E13.7)
 IFORMW    0    .00
 (6E13.7)
 NINTT     0   -1.00
 DOUSNQ    0    1.00
 IQUAD          1.00
 PRWT      0    1.00
 PRY       0    1.00
 IPLRES    1    3.00
 IPLRES    2    3.00
 IPRINT    1    0.00
 IPRINT    2    2.00
 IPLFIT    1    0.00
 IPLFIT    2    0.00
 LINEPG    0   50.
 NONNEG    1    1.00
 IWT       0    5.00
 NQPROG    1    5.00
 NQPROG    2    5.00
 GMNMX     1    4.679E-05
 GMNMX     2    4.679E-02
 RUSER    10    -1.00
 NG        0    200.00
 NLINF     0    0.00
 IUSER    10    4.00
 RUSER    21    1.0
 RUSER    22   -1.0
 RUSER    23    0.0
 RUSER    18         292.17908
 RUSER    17         44.99800
 RUSER    19         1.02594
 RUSER    15         1.33200
 RUSER    16         632.80000
 RUSER    25         1
 RUSER    26         0
 END       0    0.00
 NY      188
  5.00000E-07  6.25000E-07  7.50000E-07  8.75000E-07  1.00000E-06  1.12500E-06
  1.25000E-06  1.37500E-06  1.50000E-06  1.62500E-06  1.75000E-06  1.87500E-06
  2.00000E-06  2.25000E-06  2.50000E-06  2.75000E-06  3.00000E-06  3.25000E-06
  3.50000E-06  3.75000E-06  4.00000E-06  4.50000E-06  5.00000E-06  5.50000E-06
  6.00000E-06  6.50000E-06  7.00000E-06  7.50000E-06  8.00000E-06  9.00000E-06
  1.00000E-05  1.10000E-05  1.20000E-05  1.30000E-05  1.40000E-05  1.50000E-05
  1.60000E-05  1.80000E-05  2.00000E-05  2.20000E-05  2.40000E-05  2.60000E-05
  2.80000E-05  3.00000E-05  3.20000E-05  3.60000E-05  4.00000E-05  4.40000E-05
  4.80000E-05  5.20000E-05  5.60000E-05  6.00000E-05  6.40000E-05  7.20000E-05
  8.00000E-05  8.80000E-05  9.60000E-05  1.04000E-04  1.12000E-04  1.20000E-04
  1.28000E-04  1.44000E-04  1.60000E-04  1.76000E-04  1.92000E-04  2.08000E-04
  2.24000E-04  2.40000E-04  2.56000E-04  2.88000E-04  3.20000E-04  3.52000E-04
  3.84000E-04  4.16000E-04  4.48000E-04  4.80000E-04  5.12000E-04  5.76000E-04
  6.40000E-04  7.04000E-04  7.68000E-04  8.32000E-04  8.96000E-04  9.60000E-04
  1.02400E-03  1.15200E-03  1.28000E-03  1.40800E-03  1.53600E-03  1.66400E-03
  1.79200E-03  1.92000E-03  2.01600E-03  2.27200E-03  2.52800E-03  2.78400E-03
  3.04000E-03  3.29600E-03  3.55200E-03  3.80800E-03  4.06400E-03  4.57600E-03
  5.08800E-03  5.60000E-03  6.11200E-03  6.62400E-03  7.13600E-03  7.64800E-03
  8.16000E-03  9.18400E-03  1.02080E-02  1.12320E-02  1.22560E-02  1.32800E-02
  1.43040E-02  1.53280E-02  1.63520E-02  1.84000E-02  2.04480E-02  2.24960E-02
  2.45440E-02  2.65920E-02  2.86400E-02  3.06880E-02  3.27360E-02  3.68320E-02
  4.09280E-02  4.50240E-02  4.91200E-02  5.32160E-02  5.73120E-02  6.14080E-02
  6.55040E-02  7.36960E-02  8.18880E-02  9.00800E-02  9.82720E-02  1.06464E-01
  1.14656E-01  1.22848E-01  1.31040E-01  1.47424E-01  1.63808E-01  1.80192E-01
  1.96576E-01  2.12960E-01  2.29344E-01  2.45728E-01  2.62112E-01  2.94880E-01
  3.27648E-01  3.60416E-01  3.93184E-01  4.25952E-01  4.58720E-01  4.91488E-01
  5.24256E-01  5.89792E-01  6.55328E-01  7.20864E-01  7.86400E-01  8.51936E-01
  9.17472E-01  9.83008E-01  1.04854E+00  1.17962E+00  1.31069E+00  1.44176E+00
  1.57283E+00  1.70390E+00  1.83498E+00  1.96605E+00  2.09712E+00  2.35926E+00
  2.62141E+00  2.88355E+00  3.14570E+00  3.40784E+00  3.66998E+00  3.93213E+00
  4.19427E+00  4.71856E+00  5.24285E+00  5.76714E+00  6.29142E+00  6.81571E+00
  7.34000E+00  7.86429E+00
  9.96610E-01  9.92832E-01  9.90028E-01  9.95680E-01  9.89350E-01  9.85061E-01
  9.83742E-01  9.92530E-01  9.92592E-01  9.83021E-01  9.88888E-01  9.84870E-01
  9.87828E-01  9.85609E-01  9.88795E-01  9.88783E-01  9.86108E-01  9.87544E-01
  9.89054E-01  9.84568E-01  9.84389E-01  9.87865E-01  9.84728E-01  9.87014E-01
  9.88074E-01  9.87871E-01  9.90256E-01  9.91329E-01  9.87316E-01  9.85350E-01
  9.86521E-01  9.84944E-01  9.83631E-01  9.86016E-01  9.86176E-01  9.86540E-01
  9.86293E-01  9.87027E-01  9.85412E-01  9.86238E-01  9.85467E-01  9.85005E-01
  9.85276E-01  9.83175E-01  9.83668E-01  9.84450E-01  9.83859E-01  9.84950E-01
  9.83175E-01  9.83273E-01  9.83434E-01  9.82713E-01  9.82293E-01  9.81683E-01
  9.81141E-01  9.81246E-01  9.80099E-01  9.79723E-01  9.78596E-01  9.78275E-01
  9.77190E-01  9.76870E-01  9.75249E-01  9.73887E-01  9.73271E-01  9.72007E-01
  9.70793E-01  9.69899E-01  9.67970E-01  9.66060E-01  9.64014E-01  9.61413E-01
  9.59237E-01  9.57012E-01  9.54529E-01  9.52427E-01  9.50208E-01  9.45457E-01
  9.41093E-01  9.36237E-01  9.31805E-01  9.27201E-01  9.22832E-01  9.18290E-01
  9.14481E-01  9.05643E-01  8.96441E-01  8.87665E-01  8.79228E-01  8.70353E-01
  8.61910E-01  8.53355E-01  8.46089E-01  8.29572E-01  8.13486E-01  7.97739E-01
  7.82270E-01  7.66696E-01  7.51448E-01  7.36454E-01  7.22254E-01  6.93614E-01
  6.66114E-01  6.39637E-01  6.14399E-01  5.90264E-01  5.67282E-01  5.45593E-01
  5.25534E-01  4.85941E-01  4.47522E-01  4.11375E-01  3.78464E-01  3.48318E-01
  3.20518E-01  2.94627E-01  2.71756E-01  2.29706E-01  1.91990E-01  1.59981E-01
  1.33803E-01  1.16765E-01  1.01067E-01  8.77213E-02  7.59830E-02  6.12287E-02
  5.12261E-02  4.17324E-02  3.91170E-02  3.66553E-02  3.62803E-02  3.27748E-02
  2.36527E-02  8.39007E-03 -6.10143E-03 -1.30016E-02 -1.48894E-02 -7.61580E-03
 -4.12379E-03 -5.07004E-03 -6.88646E-03  1.16317E-02  2.95335E-02  3.02598E-02
  3.11612E-02  9.20521E-03 -1.11961E-02 -2.42631E-02 -1.71343E-02  6.76924E-03
  2.86906E-03  2.34572E-03  1.12848E-02 -2.52427E-02 -5.54726E-03 -2.26819E-02
 -3.13722E-02 -6.38848E-03 -6.68493E-04 -5.64888E-03 -1.66249E-02 -5.07542E-03
 -1.53500E-02  5.07536E-03 -2.00719E-02 -2.36966E-02 -4.07759E-04  1.06773E-03
  1.60005E-02  8.08512E-03 -7.27579E-05  2.13276E-02 -9.74214E-03 -3.84578E-04
 -1.22293E-03 -8.62581E-03 -3.71307E-03  2.05364E-02 -1.76990E-02 -7.88452E-03
  1.77251E-03  3.79959E-03  9.01520E-04  2.03682E-03 -1.18008E-02 -1.07158E-02
  2.73545E-02 -2.75433E-03
