AutoSaveFileName0373.ASC
 IFORMY    0    .00
 (6E13.7)
 IFORMT    0    .00
 (6E13.7)
 IFORMW    0    .00
 (6E13.7)
 NINTT     0   -1.00
 DOUSNQ    0    1.00
 IQUAD          1.00
 PRWT      0    1.00
 PRY       0    1.00
 IPLRES    1    3.00
 IPLRES    2    3.00
 IPRINT    1    0.00
 IPRINT    2    2.00
 IPLFIT    1    0.00
 IPLFIT    2    0.00
 LINEPG    0   50.
 NONNEG    1    1.00
 IWT       0    5.00
 NQPROG    1    5.00
 NQPROG    2    5.00
 GMNMX     1    7.782E-06
 GMNMX     2    7.782E-03
 RUSER    10    -1.00
 NG        0    200.00
 NLINF     0    0.00
 IUSER    10    4.00
 RUSER    21    1.0
 RUSER    22   -1.0
 RUSER    23    0.0
 RUSER    18         292.30343
 RUSER    17         138.99900
 RUSER    19         1.02279
 RUSER    15         1.33200
 RUSER    16         632.80000
 RUSER    25         1
 RUSER    26         0
 END       0    0.00
 NY      131
  3.75000E-07  5.00000E-07  6.25000E-07  7.50000E-07  8.75000E-07  1.00000E-06
  1.12500E-06  1.25000E-06  1.37500E-06  1.50000E-06  1.62500E-06  1.75000E-06
  1.87500E-06  2.00000E-06  2.25000E-06  2.50000E-06  2.75000E-06  3.00000E-06
  3.25000E-06  3.50000E-06  3.75000E-06  4.00000E-06  4.50000E-06  5.00000E-06
  5.50000E-06  6.00000E-06  6.50000E-06  7.00000E-06  7.50000E-06  8.00000E-06
  9.00000E-06  1.00000E-05  1.10000E-05  1.20000E-05  1.30000E-05  1.40000E-05
  1.50000E-05  1.60000E-05  1.80000E-05  2.00000E-05  2.20000E-05  2.40000E-05
  2.60000E-05  2.80000E-05  3.00000E-05  3.20000E-05  3.60000E-05  4.00000E-05
  4.40000E-05  4.80000E-05  5.20000E-05  5.60000E-05  6.00000E-05  6.40000E-05
  7.20000E-05  8.00000E-05  8.80000E-05  9.60000E-05  1.04000E-04  1.12000E-04
  1.20000E-04  1.28000E-04  1.44000E-04  1.60000E-04  1.76000E-04  1.92000E-04
  2.08000E-04  2.24000E-04  2.40000E-04  2.56000E-04  2.88000E-04  3.20000E-04
  3.52000E-04  3.84000E-04  4.16000E-04  4.48000E-04  4.80000E-04  5.12000E-04
  5.76000E-04  6.40000E-04  7.04000E-04  7.68000E-04  8.32000E-04  8.96000E-04
  9.60000E-04  1.02400E-03  1.15200E-03  1.28000E-03  1.40800E-03  1.53600E-03
  1.66400E-03  1.79200E-03  1.92000E-03  2.01600E-03  2.27200E-03  2.52800E-03
  2.78400E-03  3.04000E-03  3.29600E-03  3.55200E-03  3.80800E-03  4.06400E-03
  4.57600E-03  5.08800E-03  5.60000E-03  6.11200E-03  6.62400E-03  7.13600E-03
  7.64800E-03  8.16000E-03  9.18400E-03  1.02080E-02  1.12320E-02  1.22560E-02
  1.32800E-02  1.43040E-02  1.53280E-02  1.63520E-02  1.84000E-02  2.04480E-02
  2.24960E-02  2.45440E-02  2.65920E-02  2.86400E-02  3.06880E-02  3.27360E-02
  3.68320E-02  4.09280E-02  4.50240E-02  4.91200E-02  5.32160E-02
  1.46813E+00  1.46428E+00  1.45861E+00  1.46528E+00  1.46073E+00  1.45866E+00
  1.45800E+00  1.45886E+00  1.45655E+00  1.45479E+00  1.45334E+00  1.45764E+00
  1.45127E+00  1.45570E+00  1.45528E+00  1.45448E+00  1.46028E+00  1.45718E+00
  1.46171E+00  1.45159E+00  1.45277E+00  1.45361E+00  1.45426E+00  1.45520E+00
  1.45384E+00  1.45193E+00  1.45233E+00  1.45157E+00  1.44998E+00  1.45101E+00
  1.44960E+00  1.44623E+00  1.44782E+00  1.44429E+00  1.44371E+00  1.44245E+00
  1.44142E+00  1.44164E+00  1.43973E+00  1.43599E+00  1.43487E+00  1.43129E+00
  1.43084E+00  1.42786E+00  1.42568E+00  1.42349E+00  1.41866E+00  1.41392E+00
  1.40997E+00  1.40555E+00  1.40089E+00  1.39622E+00  1.39120E+00  1.38788E+00
  1.37929E+00  1.36986E+00  1.36157E+00  1.35324E+00  1.34501E+00  1.33631E+00
  1.32680E+00  1.31955E+00  1.30318E+00  1.28690E+00  1.27042E+00  1.25479E+00
  1.23927E+00  1.22375E+00  1.20902E+00  1.19424E+00  1.16527E+00  1.13632E+00
  1.10904E+00  1.08137E+00  1.05477E+00  1.02898E+00  1.00353E+00  9.45414E-01
  8.99897E-01  8.57445E-01  8.16924E-01  7.78500E-01  7.42352E-01  7.08255E-01
  6.75305E-01  5.22341E-01  4.74544E-01  4.31969E-01  3.93771E-01  3.59779E-01
  3.28637E-01  3.01506E-01  2.76768E-01  3.39216E-01  2.89060E-01  2.48867E-01
  2.14307E-01  1.84399E-01  1.57324E-01  1.35134E-01  1.16821E-01  1.03053E-01
  7.95863E-02  6.14125E-02  5.44980E-02  5.55876E-02  5.41022E-02  4.89141E-02
  4.10556E-02  3.81690E-02  3.54170E-02  3.44536E-02  2.89219E-02  2.75267E-02
  2.61064E-02  2.35044E-02  2.14672E-02  1.68722E-02  7.53512E-03  6.11119E-03
  6.85253E-04  6.76386E-03  1.02127E-02  1.04136E-02  3.29004E-03 -2.73161E-03
 -3.82281E-03  1.23895E-02 -5.63178E-03 -3.28211E-03 -5.87657E-03
