AutoSaveFileName0167.ASC
 IFORMY    0    .00
 (6E13.7)
 IFORMT    0    .00
 (6E13.7)
 IFORMW    0    .00
 (6E13.7)
 NINTT     0   -1.00
 DOUSNQ    0    1.00
 IQUAD     0    1.00
 PRWT      0    1.00
 PRY       0    1.00
 IPLRES    1    3.00
 IPLRES    2    3.00
 IPRINT    1    0.00
 IPRINT    2    2.00
 IPLFIT    1    0.00
 IPLFIT    2    0.00
 LINEPG    0   50.
 NONNEG    1    1.00
 IWT       0    5.00
 NQPROG    1    5.00
 NQPROG    2    5.00
 GMNMX     1    4.93721E-03
 GMNMX     2    1.77233E-03
 RUSER    10    -1.00
 NG        0    500.00
 NLINF     0    1.00
 IUSER    10    4.00
 RUSER    21    1.0
 RUSER    22   -1.0
 RUSER    23    0.0
 RUSER    18         292.02559
 RUSER    17         94.99900
 RUSER    19         1.02985
 RUSER    15         1.33200
 RUSER    16         632.80000
 RUSER    25         1
 RUSER    26         0
 END       0    0.00
 NY      162
  7.50000E-07  8.75000E-07  1.00000E-06  1.12500E-06  1.25000E-06  1.37500E-06
  1.50000E-06  1.62500E-06  1.75000E-06  1.87500E-06  2.00000E-06  2.25000E-06
  2.50000E-06  2.75000E-06  3.00000E-06  3.25000E-06  3.50000E-06  3.75000E-06
  4.00000E-06  4.50000E-06  5.00000E-06  5.50000E-06  6.00000E-06  6.50000E-06
  7.00000E-06  7.50000E-06  8.00000E-06  9.00000E-06  1.00000E-05  1.10000E-05
  1.20000E-05  1.30000E-05  1.40000E-05  1.50000E-05  1.60000E-05  1.80000E-05
  2.00000E-05  2.20000E-05  2.40000E-05  2.60000E-05  2.80000E-05  3.00000E-05
  3.20000E-05  3.60000E-05  4.00000E-05  4.40000E-05  4.80000E-05  5.20000E-05
  5.60000E-05  6.00000E-05  6.40000E-05  7.20000E-05  8.00000E-05  8.80000E-05
  9.60000E-05  1.04000E-04  1.12000E-04  1.20000E-04  1.28000E-04  1.44000E-04
  1.60000E-04  1.76000E-04  1.92000E-04  2.08000E-04  2.24000E-04  2.40000E-04
  2.56000E-04  2.88000E-04  3.20000E-04  3.52000E-04  3.84000E-04  4.16000E-04
  4.48000E-04  4.80000E-04  5.12000E-04  5.76000E-04  6.40000E-04  7.04000E-04
  7.68000E-04  8.32000E-04  8.96000E-04  9.60000E-04  1.02400E-03  1.15200E-03
  1.28000E-03  1.40800E-03  1.53600E-03  1.66400E-03  1.79200E-03  1.92000E-03
  2.01600E-03  2.27200E-03  2.52800E-03  2.78400E-03  3.04000E-03  3.29600E-03
  3.55200E-03  3.80800E-03  4.06400E-03  4.57600E-03  5.08800E-03  5.60000E-03
  6.11200E-03  6.62400E-03  7.13600E-03  7.64800E-03  8.16000E-03  9.18400E-03
  1.02080E-02  1.12320E-02  1.22560E-02  1.32800E-02  1.43040E-02  1.53280E-02
  1.63520E-02  1.84000E-02  2.04480E-02  2.24960E-02  2.45440E-02  2.65920E-02
  2.86400E-02  3.06880E-02  3.27360E-02  3.68320E-02  4.09280E-02  4.50240E-02
  4.91200E-02  5.32160E-02  5.73120E-02  6.14080E-02  6.55040E-02  7.36960E-02
  8.18880E-02  9.00800E-02  9.82720E-02  1.06464E-01  1.14656E-01  1.22848E-01
  1.31040E-01  1.47424E-01  1.63808E-01  1.80192E-01  1.96576E-01  2.12960E-01
  2.29344E-01  2.45728E-01  2.62112E-01  2.94880E-01  3.27648E-01  3.60416E-01
  3.93184E-01  4.25952E-01  4.58720E-01  4.91488E-01  5.24256E-01  5.89792E-01
  6.55328E-01  7.20864E-01  7.86400E-01  8.51936E-01  9.17472E-01  9.83008E-01
  1.00000E+00  9.97515E-01  9.99454E-01  9.95369E-01  9.96000E-01  9.94207E-01
  9.94060E-01  9.94958E-01  9.92368E-01  9.90596E-01  9.92070E-01  9.90743E-01
  9.90784E-01  9.87577E-01  9.89178E-01  9.86838E-01  9.85939E-01  9.84617E-01
  9.84901E-01  9.83198E-01  9.80420E-01  9.79734E-01  9.76341E-01  9.75509E-01
  9.74561E-01  9.73312E-01  9.70350E-01  9.67531E-01  9.63263E-01  9.59344E-01
  9.57134E-01  9.53806E-01  9.49612E-01  9.46739E-01  9.43568E-01  9.36621E-01
  9.30134E-01  9.22956E-01  9.15496E-01  9.09416E-01  9.02932E-01  8.96217E-01
  8.90091E-01  8.76848E-01  8.64498E-01  8.52412E-01  8.39383E-01  8.28200E-01
  8.15774E-01  8.03472E-01  7.91970E-01  7.69507E-01  7.47495E-01  7.26611E-01
  7.05404E-01  6.85373E-01  6.65953E-01  6.46864E-01  6.28550E-01  5.92763E-01
  5.59732E-01  5.28419E-01  4.98615E-01  4.70959E-01  4.44550E-01  4.20155E-01
  3.97073E-01  3.53768E-01  3.15481E-01  2.81262E-01  2.50768E-01  2.23511E-01
  1.99481E-01  1.77737E-01  1.59190E-01  1.26609E-01  1.00558E-01  8.04874E-02
  6.44082E-02  5.19914E-02  4.22209E-02  3.44368E-02  2.84576E-02  1.84763E-02
  1.15828E-02  6.95863E-03  3.92089E-03  2.44417E-03  1.47804E-03  8.87401E-04
  6.48603E-04  4.50582E-04 -2.34033E-04 -1.12968E-03 -6.13260E-04  2.83110E-04
  3.71138E-04 -1.75282E-04  7.01720E-04  1.43040E-03  9.33652E-05  2.58796E-04
  4.09764E-04  4.12522E-04 -1.58110E-04  2.94790E-05  4.43014E-04  6.42094E-04
  6.30494E-05 -1.51439E-04  4.80349E-04 -5.46376E-05 -9.54019E-04  1.13105E-03
  5.75788E-05  2.15130E-04 -2.88932E-05 -1.41631E-03  1.03073E-04  1.26334E-03
 -1.53576E-03 -9.86008E-04  9.06272E-05  9.68846E-04  2.51927E-04  4.65212E-04
  5.18813E-04 -7.16878E-04 -1.51150E-03 -3.71839E-04 -5.81370E-04 -8.46623E-04
  1.81308E-04  4.98847E-04  1.00766E-03 -9.66362E-04  3.56823E-04 -6.36412E-05
  1.24743E-04 -1.20140E-05  1.34695E-04 -1.63451E-04 -1.36333E-04  2.44949E-04
  5.17028E-04  4.16450E-05  1.57349E-04  2.05784E-04 -1.10337E-04  3.89057E-04
 -4.15590E-04  1.77328E-05 -1.33959E-04  1.71581E-04 -5.07533E-05  1.53920E-04
 -2.48152E-05  2.26330E-04 -3.63973E-04 -3.87183E-05  4.66729E-05 -4.26243E-05
