AutoSaveFileName0181.ASC
 IFORMY    0    .00
 (6E13.7)
 IFORMT    0    .00
 (6E13.7)
 IFORMW    0    .00
 (6E13.7)
 NINTT     0   -1.00
 DOUSNQ    0    1.00
 IQUAD          1.00
 PRWT      0    1.00
 PRY       0    1.00
 IPLRES    1    3.00
 IPLRES    2    3.00
 IPRINT    1    0.00
 IPRINT    2    2.00
 IPLFIT    1    0.00
 IPLFIT    2    0.00
 LINEPG    0   50.
 NONNEG    1    1.00
 IWT       0    5.00
 NQPROG    1    5.00
 NQPROG    2    5.00
 GMNMX     1    1.087E-05
 GMNMX     2    1.087E-02
 RUSER    10    -1.00
 NG        0    200.00
 NLINF     0    0.00
 IUSER    10    4.00
 RUSER    21    1.0
 RUSER    22   -1.0
 RUSER    23    0.0
 RUSER    18         292.22712
 RUSER    17         104.99900
 RUSER    19         1.02472
 RUSER    15         1.33200
 RUSER    16         632.80000
 RUSER    25         1
 RUSER    26         0
 END       0    0.00
 NY      188
  5.00000E-07  6.25000E-07  7.50000E-07  8.75000E-07  1.00000E-06  1.12500E-06
  1.25000E-06  1.37500E-06  1.50000E-06  1.62500E-06  1.75000E-06  1.87500E-06
  2.00000E-06  2.25000E-06  2.50000E-06  2.75000E-06  3.00000E-06  3.25000E-06
  3.50000E-06  3.75000E-06  4.00000E-06  4.50000E-06  5.00000E-06  5.50000E-06
  6.00000E-06  6.50000E-06  7.00000E-06  7.50000E-06  8.00000E-06  9.00000E-06
  1.00000E-05  1.10000E-05  1.20000E-05  1.30000E-05  1.40000E-05  1.50000E-05
  1.60000E-05  1.80000E-05  2.00000E-05  2.20000E-05  2.40000E-05  2.60000E-05
  2.80000E-05  3.00000E-05  3.20000E-05  3.60000E-05  4.00000E-05  4.40000E-05
  4.80000E-05  5.20000E-05  5.60000E-05  6.00000E-05  6.40000E-05  7.20000E-05
  8.00000E-05  8.80000E-05  9.60000E-05  1.04000E-04  1.12000E-04  1.20000E-04
  1.28000E-04  1.44000E-04  1.60000E-04  1.76000E-04  1.92000E-04  2.08000E-04
  2.24000E-04  2.40000E-04  2.56000E-04  2.88000E-04  3.20000E-04  3.52000E-04
  3.84000E-04  4.16000E-04  4.48000E-04  4.80000E-04  5.12000E-04  5.76000E-04
  6.40000E-04  7.04000E-04  7.68000E-04  8.32000E-04  8.96000E-04  9.60000E-04
  1.02400E-03  1.15200E-03  1.28000E-03  1.40800E-03  1.53600E-03  1.66400E-03
  1.79200E-03  1.92000E-03  2.01600E-03  2.27200E-03  2.52800E-03  2.78400E-03
  3.04000E-03  3.29600E-03  3.55200E-03  3.80800E-03  4.06400E-03  4.57600E-03
  5.08800E-03  5.60000E-03  6.11200E-03  6.62400E-03  7.13600E-03  7.64800E-03
  8.16000E-03  9.18400E-03  1.02080E-02  1.12320E-02  1.22560E-02  1.32800E-02
  1.43040E-02  1.53280E-02  1.63520E-02  1.84000E-02  2.04480E-02  2.24960E-02
  2.45440E-02  2.65920E-02  2.86400E-02  3.06880E-02  3.27360E-02  3.68320E-02
  4.09280E-02  4.50240E-02  4.91200E-02  5.32160E-02  5.73120E-02  6.14080E-02
  6.55040E-02  7.36960E-02  8.18880E-02  9.00800E-02  9.82720E-02  1.06464E-01
  1.14656E-01  1.22848E-01  1.31040E-01  1.47424E-01  1.63808E-01  1.80192E-01
  1.96576E-01  2.12960E-01  2.29344E-01  2.45728E-01  2.62112E-01  2.94880E-01
  3.27648E-01  3.60416E-01  3.93184E-01  4.25952E-01  4.58720E-01  4.91488E-01
  5.24256E-01  5.89792E-01  6.55328E-01  7.20864E-01  7.86400E-01  8.51936E-01
  9.17472E-01  9.83008E-01  1.04854E+00  1.17962E+00  1.31069E+00  1.44176E+00
  1.57283E+00  1.70390E+00  1.83498E+00  1.96605E+00  2.09712E+00  2.35926E+00
  2.62141E+00  2.88355E+00  3.14570E+00  3.40784E+00  3.66998E+00  3.93213E+00
  4.19427E+00  4.71856E+00  5.24285E+00  5.76714E+00  6.29142E+00  6.81571E+00
  7.34000E+00  7.86429E+00
  9.97575E-01  9.97480E-01  9.95509E-01  9.95364E-01  9.93247E-01  9.94060E-01
  9.93209E-01  9.93505E-01  9.93197E-01  9.91402E-01  9.94589E-01  9.93776E-01
  9.93764E-01  9.93732E-01  9.92819E-01  9.91918E-01  9.91761E-01  9.91735E-01
  9.92189E-01  9.92435E-01  9.92202E-01  9.91603E-01  9.92258E-01  9.91559E-01
  9.91395E-01  9.90450E-01  9.90179E-01  9.91887E-01  9.89795E-01  9.90224E-01
  9.89424E-01  9.90079E-01  9.89455E-01  9.88132E-01  9.87345E-01  9.88718E-01
  9.88315E-01  9.87282E-01  9.86639E-01  9.86072E-01  9.85751E-01  9.84661E-01
  9.84466E-01  9.83370E-01  9.82601E-01  9.81518E-01  9.80088E-01  9.78772E-01
  9.77562E-01  9.76611E-01  9.74891E-01  9.73801E-01  9.72554E-01  9.70205E-01
  9.67748E-01  9.64938E-01  9.62658E-01  9.59697E-01  9.57140E-01  9.54595E-01
  9.52176E-01  9.47237E-01  9.42374E-01  9.36926E-01  9.32182E-01  9.27288E-01
  9.22431E-01  9.17322E-01  9.12403E-01  9.02941E-01  8.93303E-01  8.83647E-01
  8.74355E-01  8.65316E-01  8.56157E-01  8.46966E-01  8.38040E-01  8.20849E-01
  8.03734E-01  7.86777E-01  7.70449E-01  7.54329E-01  7.38694E-01  7.23305E-01
  6.66694E-01  6.38883E-01  6.12285E-01  5.87179E-01  5.63167E-01  5.40350E-01
  5.18336E-01  4.97531E-01  5.15933E-01  4.76247E-01  4.40405E-01  4.07773E-01
  3.78054E-01  3.50885E-01  3.26086E-01  3.03314E-01  2.82358E-01  2.43510E-01
  2.10069E-01  1.79490E-01  1.53740E-01  1.32181E-01  1.14273E-01  9.85972E-02
  8.48749E-02  5.95608E-02  4.06634E-02  2.72494E-02  1.53207E-02  7.72780E-03
  3.41270E-03  1.82629E-03  6.20655E-04 -9.07023E-03 -1.52394E-02 -1.32968E-02
 -8.92661E-03  2.91632E-05  6.25070E-03  1.08807E-02  1.28461E-02  9.69033E-03
  5.14195E-04 -1.13546E-02 -6.30700E-03  3.29372E-03  2.11778E-03 -7.42568E-03
 -1.52162E-02 -1.79847E-02  6.53793E-03  1.59932E-02  1.48128E-02  2.73868E-03
  1.45021E-02  1.21174E-02  3.61340E-03 -5.55409E-04  1.51681E-02  2.62416E-04
 -2.52766E-03  7.07683E-03  1.43914E-03  1.23664E-03  9.19401E-03  7.48843E-04
 -8.37486E-03 -5.13135E-04  7.04849E-03 -6.54518E-04  1.75570E-03  4.23804E-03
  2.21297E-03 -3.27726E-03  3.69318E-03  4.50920E-04 -1.79003E-03 -1.65087E-03
  3.33179E-04 -5.68220E-06  1.92525E-03 -1.32998E-03 -9.54589E-04 -4.71449E-03
 -5.85815E-03 -1.70379E-03 -1.88219E-04 -1.14998E-03 -2.63386E-03 -2.15849E-03
  3.68368E-03  1.54590E-04 -4.82299E-04  2.02215E-03  1.12027E-03 -1.88640E-03
 -1.01210E-04  2.72169E-03 -3.87771E-03 -5.99649E-03 -2.44803E-03 -8.65391E-04
  2.49343E-03  2.73954E-03
