AutoSaveFileName0097.ASC
 IFORMY    0    .00
 (6E13.7)
 IFORMT    0    .00
 (6E13.7)
 IFORMW    0    .00
 (6E13.7)
 NINTT     0   -1.00
 DOUSNQ    0    1.00
 IQUAD          1.00
 PRWT      0    1.00
 PRY       0    1.00
 IPLRES    1    3.00
 IPLRES    2    3.00
 IPRINT    1    0.00
 IPRINT    2    2.00
 IPLFIT    1    0.00
 IPLFIT    2    0.00
 LINEPG    0   50.
 NONNEG    1    1.00
 IWT       0    5.00
 NQPROG    1    5.00
 NQPROG    2    5.00
 GMNMX     1    4.345E-05
 GMNMX     2    4.345E-02
 RUSER    10    -1.00
 NG        0    200.00
 NLINF     0    0.00
 IUSER    10    4.00
 RUSER    21    1.0
 RUSER    22   -1.0
 RUSER    23    0.0
 RUSER    18         291.89041
 RUSER    17         46.99900
 RUSER    19         1.03330
 RUSER    15         1.33200
 RUSER    16         632.80000
 RUSER    25         1
 RUSER    26         0
 END       0    0.00
 NY      131
  3.75000E-07  5.00000E-07  6.25000E-07  7.50000E-07  8.75000E-07  1.00000E-06
  1.12500E-06  1.25000E-06  1.37500E-06  1.50000E-06  1.62500E-06  1.75000E-06
  1.87500E-06  2.00000E-06  2.25000E-06  2.50000E-06  2.75000E-06  3.00000E-06
  3.25000E-06  3.50000E-06  3.75000E-06  4.00000E-06  4.50000E-06  5.00000E-06
  5.50000E-06  6.00000E-06  6.50000E-06  7.00000E-06  7.50000E-06  8.00000E-06
  9.00000E-06  1.00000E-05  1.10000E-05  1.20000E-05  1.30000E-05  1.40000E-05
  1.50000E-05  1.60000E-05  1.80000E-05  2.00000E-05  2.20000E-05  2.40000E-05
  2.60000E-05  2.80000E-05  3.00000E-05  3.20000E-05  3.60000E-05  4.00000E-05
  4.40000E-05  4.80000E-05  5.20000E-05  5.60000E-05  6.00000E-05  6.40000E-05
  7.20000E-05  8.00000E-05  8.80000E-05  9.60000E-05  1.04000E-04  1.12000E-04
  1.20000E-04  1.28000E-04  1.44000E-04  1.60000E-04  1.76000E-04  1.92000E-04
  2.08000E-04  2.24000E-04  2.40000E-04  2.56000E-04  2.88000E-04  3.20000E-04
  3.52000E-04  3.84000E-04  4.16000E-04  4.48000E-04  4.80000E-04  5.12000E-04
  5.76000E-04  6.40000E-04  7.04000E-04  7.68000E-04  8.32000E-04  8.96000E-04
  9.60000E-04  1.02400E-03  1.15200E-03  1.28000E-03  1.40800E-03  1.53600E-03
  1.66400E-03  1.79200E-03  1.92000E-03  2.01600E-03  2.27200E-03  2.52800E-03
  2.78400E-03  3.04000E-03  3.29600E-03  3.55200E-03  3.80800E-03  4.06400E-03
  4.57600E-03  5.08800E-03  5.60000E-03  6.11200E-03  6.62400E-03  7.13600E-03
  7.64800E-03  8.16000E-03  9.18400E-03  1.02080E-02  1.12320E-02  1.22560E-02
  1.32800E-02  1.43040E-02  1.53280E-02  1.63520E-02  1.84000E-02  2.04480E-02
  2.24960E-02  2.45440E-02  2.65920E-02  2.86400E-02  3.06880E-02  3.27360E-02
  3.68320E-02  4.09280E-02  4.50240E-02  4.91200E-02  5.32160E-02
  1.62151E+00  1.62495E+00  1.62682E+00  1.61880E+00  1.62080E+00  1.60992E+00
  1.61881E+00  1.60609E+00  1.60808E+00  1.61880E+00  1.61580E+00  1.60627E+00
  1.61626E+00  1.61141E+00  1.61392E+00  1.60467E+00  1.60695E+00  1.62218E+00
  1.61051E+00  1.60337E+00  1.60636E+00  1.61224E+00  1.60820E+00  1.61333E+00
  1.60652E+00  1.60715E+00  1.60689E+00  1.61054E+00  1.61345E+00  1.61094E+00
  1.60795E+00  1.60783E+00  1.61040E+00  1.60912E+00  1.60931E+00  1.60904E+00
  1.60734E+00  1.60644E+00  1.60720E+00  1.60548E+00  1.60673E+00  1.60756E+00
  1.60478E+00  1.60592E+00  1.60636E+00  1.60418E+00  1.60307E+00  1.60089E+00
  1.59871E+00  1.60012E+00  1.59813E+00  1.59678E+00  1.59664E+00  1.59653E+00
  1.59478E+00  1.59144E+00  1.58982E+00  1.58692E+00  1.58554E+00  1.58254E+00
  1.58085E+00  1.57942E+00  1.57554E+00  1.57133E+00  1.56684E+00  1.56343E+00
  1.55893E+00  1.55504E+00  1.55052E+00  1.54653E+00  1.53846E+00  1.53084E+00
  1.52246E+00  1.51493E+00  1.50683E+00  1.49862E+00  1.49151E+00  1.45742E+00
  1.44188E+00  1.42698E+00  1.41192E+00  1.39730E+00  1.38266E+00  1.36833E+00
  1.35411E+00  1.14651E+00  1.12137E+00  1.09650E+00  1.07155E+00  1.04834E+00
  1.02575E+00  1.00345E+00  9.81974E-01  1.16236E+00  1.11702E+00  1.07319E+00
  1.03141E+00  9.91460E-01  9.53213E-01  9.15833E-01  8.80367E-01  8.46660E-01
  7.82693E-01  7.23972E-01  6.68988E-01  6.17281E-01  5.69357E-01  5.25731E-01
  4.85852E-01  4.49300E-01  3.82565E-01  3.25164E-01  2.76533E-01  2.35611E-01
  1.98813E-01  1.67655E-01  1.43384E-01  1.27015E-01  9.98911E-02  7.88454E-02
  6.15726E-02  4.95140E-02  3.91210E-02  3.27710E-02  2.60016E-02  1.81760E-02
  6.52173E-03 -1.00417E-02 -2.23033E-02 -3.12309E-02 -3.02588E-02
