AutoSaveFileName0094.ASC
 IFORMY    0    .00
 (6E13.7)
 IFORMT    0    .00
 (6E13.7)
 IFORMW    0    .00
 (6E13.7)
 NINTT     0   -1.00
 DOUSNQ    0    1.00
 IQUAD          1.00
 PRWT      0    1.00
 PRY       0    1.00
 IPLRES    1    3.00
 IPLRES    2    3.00
 IPRINT    1    0.00
 IPRINT    2    2.00
 IPLFIT    1    0.00
 IPLFIT    2    0.00
 LINEPG    0   50.
 NONNEG    1    1.00
 IWT       0    5.00
 NQPROG    1    5.00
 NQPROG    2    5.00
 GMNMX     1    4.525E-05
 GMNMX     2    4.525E-02
 RUSER    10    -1.00
 NG        0    200.00
 NLINF     0    0.00
 IUSER    10    4.00
 RUSER    21    1.0
 RUSER    22   -1.0
 RUSER    23    0.0
 RUSER    18         291.88683
 RUSER    17         45.99900
 RUSER    19         1.03339
 RUSER    15         1.33200
 RUSER    16         632.80000
 RUSER    25         1
 RUSER    26         0
 END       0    0.00
 NY      131
  3.75000E-07  5.00000E-07  6.25000E-07  7.50000E-07  8.75000E-07  1.00000E-06
  1.12500E-06  1.25000E-06  1.37500E-06  1.50000E-06  1.62500E-06  1.75000E-06
  1.87500E-06  2.00000E-06  2.25000E-06  2.50000E-06  2.75000E-06  3.00000E-06
  3.25000E-06  3.50000E-06  3.75000E-06  4.00000E-06  4.50000E-06  5.00000E-06
  5.50000E-06  6.00000E-06  6.50000E-06  7.00000E-06  7.50000E-06  8.00000E-06
  9.00000E-06  1.00000E-05  1.10000E-05  1.20000E-05  1.30000E-05  1.40000E-05
  1.50000E-05  1.60000E-05  1.80000E-05  2.00000E-05  2.20000E-05  2.40000E-05
  2.60000E-05  2.80000E-05  3.00000E-05  3.20000E-05  3.60000E-05  4.00000E-05
  4.40000E-05  4.80000E-05  5.20000E-05  5.60000E-05  6.00000E-05  6.40000E-05
  7.20000E-05  8.00000E-05  8.80000E-05  9.60000E-05  1.04000E-04  1.12000E-04
  1.20000E-04  1.28000E-04  1.44000E-04  1.60000E-04  1.76000E-04  1.92000E-04
  2.08000E-04  2.24000E-04  2.40000E-04  2.56000E-04  2.88000E-04  3.20000E-04
  3.52000E-04  3.84000E-04  4.16000E-04  4.48000E-04  4.80000E-04  5.12000E-04
  5.76000E-04  6.40000E-04  7.04000E-04  7.68000E-04  8.32000E-04  8.96000E-04
  9.60000E-04  1.02400E-03  1.15200E-03  1.28000E-03  1.40800E-03  1.53600E-03
  1.66400E-03  1.79200E-03  1.92000E-03  2.01600E-03  2.27200E-03  2.52800E-03
  2.78400E-03  3.04000E-03  3.29600E-03  3.55200E-03  3.80800E-03  4.06400E-03
  4.57600E-03  5.08800E-03  5.60000E-03  6.11200E-03  6.62400E-03  7.13600E-03
  7.64800E-03  8.16000E-03  9.18400E-03  1.02080E-02  1.12320E-02  1.22560E-02
  1.32800E-02  1.43040E-02  1.53280E-02  1.63520E-02  1.84000E-02  2.04480E-02
  2.24960E-02  2.45440E-02  2.65920E-02  2.86400E-02  3.06880E-02  3.27360E-02
  3.68320E-02  4.09280E-02  4.50240E-02  4.91200E-02  5.32160E-02
  1.52944E+00  1.54311E+00  1.53194E+00  1.53586E+00  1.52512E+00  1.52795E+00
  1.53222E+00  1.52950E+00  1.52631E+00  1.52558E+00  1.53620E+00  1.52433E+00
  1.52898E+00  1.52441E+00  1.52766E+00  1.52763E+00  1.52788E+00  1.52393E+00
  1.52797E+00  1.52841E+00  1.52680E+00  1.52890E+00  1.52673E+00  1.52757E+00
  1.52474E+00  1.52663E+00  1.52852E+00  1.52529E+00  1.52361E+00  1.52355E+00
  1.52607E+00  1.52619E+00  1.52543E+00  1.52344E+00  1.52477E+00  1.52252E+00
  1.52588E+00  1.52471E+00  1.52309E+00  1.52238E+00  1.52415E+00  1.52127E+00
  1.52135E+00  1.52075E+00  1.52103E+00  1.52059E+00  1.51898E+00  1.51941E+00
  1.51758E+00  1.51709E+00  1.51477E+00  1.51456E+00  1.51308E+00  1.51219E+00
  1.51091E+00  1.50940E+00  1.50729E+00  1.50466E+00  1.50294E+00  1.50083E+00
  1.49892E+00  1.49648E+00  1.49314E+00  1.48924E+00  1.48466E+00  1.48133E+00
  1.47687E+00  1.47369E+00  1.46959E+00  1.46525E+00  1.45795E+00  1.45024E+00
  1.44238E+00  1.43499E+00  1.42705E+00  1.41990E+00  1.41247E+00  1.37973E+00
  1.36496E+00  1.35056E+00  1.33646E+00  1.32202E+00  1.30782E+00  1.29437E+00
  1.28038E+00  1.08135E+00  1.05735E+00  1.03309E+00  1.00973E+00  9.87199E-01
  9.65507E-01  9.44161E-01  9.23228E-01  1.09691E+00  1.05298E+00  1.01028E+00
  9.69624E-01  9.31023E-01  8.93828E-01  8.58360E-01  8.24409E-01  7.92333E-01
  7.31325E-01  6.73929E-01  6.21775E-01  5.72069E-01  5.25441E-01  4.82675E-01
  4.42492E-01  4.06757E-01  3.43763E-01  2.89394E-01  2.42378E-01  2.04381E-01
  1.73838E-01  1.47699E-01  1.25172E-01  1.08117E-01  8.20036E-02  6.17089E-02
  4.40829E-02  3.17432E-02  2.23787E-02  2.13082E-02  1.80825E-02  1.33053E-02
 -6.50302E-03 -2.41819E-02 -3.42545E-02 -3.82551E-02 -3.21510E-02
