AutoSaveFileName0236.ASC
 IFORMY    0    .00
 (6E13.7)
 IFORMT    0    .00
 (6E13.7)
 IFORMW    0    .00
 (6E13.7)
 NINTT     0   -1.00
 DOUSNQ    0    1.00
 IQUAD          1.00
 PRWT      0    1.00
 PRY       0    1.00
 IPLRES    1    3.00
 IPLRES    2    3.00
 IPRINT    1    0.00
 IPRINT    2    2.00
 IPLFIT    1    0.00
 IPLFIT    2    0.00
 LINEPG    0   50.
 NONNEG    1    1.00
 IWT       0    5.00
 NQPROG    1    5.00
 NQPROG    2    5.00
 GMNMX     1    1.306E-05
 GMNMX     2    1.306E-02
 RUSER    10    -1.00
 NG        0    200.00
 NLINF     0    0.00
 IUSER    10    4.00
 RUSER    21    1.0
 RUSER    22   -1.0
 RUSER    23    0.0
 RUSER    18         292.07709
 RUSER    17         92.99900
 RUSER    19         1.02853
 RUSER    15         1.33200
 RUSER    16         632.80000
 RUSER    25         1
 RUSER    26         0
 END       0    0.00
 NY      131
  3.75000E-07  5.00000E-07  6.25000E-07  7.50000E-07  8.75000E-07  1.00000E-06
  1.12500E-06  1.25000E-06  1.37500E-06  1.50000E-06  1.62500E-06  1.75000E-06
  1.87500E-06  2.00000E-06  2.25000E-06  2.50000E-06  2.75000E-06  3.00000E-06
  3.25000E-06  3.50000E-06  3.75000E-06  4.00000E-06  4.50000E-06  5.00000E-06
  5.50000E-06  6.00000E-06  6.50000E-06  7.00000E-06  7.50000E-06  8.00000E-06
  9.00000E-06  1.00000E-05  1.10000E-05  1.20000E-05  1.30000E-05  1.40000E-05
  1.50000E-05  1.60000E-05  1.80000E-05  2.00000E-05  2.20000E-05  2.40000E-05
  2.60000E-05  2.80000E-05  3.00000E-05  3.20000E-05  3.60000E-05  4.00000E-05
  4.40000E-05  4.80000E-05  5.20000E-05  5.60000E-05  6.00000E-05  6.40000E-05
  7.20000E-05  8.00000E-05  8.80000E-05  9.60000E-05  1.04000E-04  1.12000E-04
  1.20000E-04  1.28000E-04  1.44000E-04  1.60000E-04  1.76000E-04  1.92000E-04
  2.08000E-04  2.24000E-04  2.40000E-04  2.56000E-04  2.88000E-04  3.20000E-04
  3.52000E-04  3.84000E-04  4.16000E-04  4.48000E-04  4.80000E-04  5.12000E-04
  5.76000E-04  6.40000E-04  7.04000E-04  7.68000E-04  8.32000E-04  8.96000E-04
  9.60000E-04  1.02400E-03  1.15200E-03  1.28000E-03  1.40800E-03  1.53600E-03
  1.66400E-03  1.79200E-03  1.92000E-03  2.01600E-03  2.27200E-03  2.52800E-03
  2.78400E-03  3.04000E-03  3.29600E-03  3.55200E-03  3.80800E-03  4.06400E-03
  4.57600E-03  5.08800E-03  5.60000E-03  6.11200E-03  6.62400E-03  7.13600E-03
  7.64800E-03  8.16000E-03  9.18400E-03  1.02080E-02  1.12320E-02  1.22560E-02
  1.32800E-02  1.43040E-02  1.53280E-02  1.63520E-02  1.84000E-02  2.04480E-02
  2.24960E-02  2.45440E-02  2.65920E-02  2.86400E-02  3.06880E-02  3.27360E-02
  3.68320E-02  4.09280E-02  4.50240E-02  4.91200E-02  5.32160E-02
  2.43567E+00  2.42639E+00  2.42798E+00  2.42489E+00  2.42561E+00  2.42213E+00
  2.41948E+00  2.41592E+00  2.41868E+00  2.41336E+00  2.41978E+00  2.41258E+00
  2.41976E+00  2.42144E+00  2.41575E+00  2.41510E+00  2.41669E+00  2.41517E+00
  2.41539E+00  2.41855E+00  2.41843E+00  2.41960E+00  2.41384E+00  2.41504E+00
  2.41227E+00  2.40897E+00  2.41247E+00  2.41245E+00  2.40930E+00  2.40998E+00
  2.40783E+00  2.40692E+00  2.40525E+00  2.40382E+00  2.40231E+00  2.39928E+00
  2.39732E+00  2.39774E+00  2.39750E+00  2.39323E+00  2.39092E+00  2.38818E+00
  2.38506E+00  2.38198E+00  2.37893E+00  2.37703E+00  2.37207E+00  2.36678E+00
  2.36164E+00  2.35616E+00  2.35116E+00  2.34578E+00  2.33992E+00  2.33425E+00
  2.32392E+00  2.31360E+00  2.30336E+00  2.29358E+00  2.28288E+00  2.27264E+00
  2.26283E+00  2.25257E+00  2.23220E+00  2.21230E+00  2.19214E+00  2.17293E+00
  2.15329E+00  2.13367E+00  2.11501E+00  2.09657E+00  2.05972E+00  2.02304E+00
  1.98644E+00  1.95146E+00  1.91693E+00  1.88304E+00  1.84991E+00  1.81734E+00
  1.75346E+00  1.69231E+00  1.63393E+00  1.57742E+00  1.52327E+00  1.47073E+00
  1.41996E+00  1.37168E+00  1.28001E+00  1.19429E+00  1.11384E+00  1.04009E+00
  9.71207E-01  9.07026E-01  8.46929E-01  8.03213E-01  7.00658E-01  6.11628E-01
  5.34313E-01  4.68148E-01  4.09950E-01  3.59628E-01  3.16633E-01  2.79758E-01
  2.20270E-01  1.79104E-01  1.43926E-01  1.14226E-01  9.06329E-02  7.12920E-02
  5.27869E-02  3.73532E-02  1.79842E-02  9.63730E-03  2.09195E-03  3.70718E-03
  2.62979E-03  2.68379E-03  9.33167E-03  1.47959E-02  1.09629E-02  7.66312E-03
  3.69984E-03 -3.21517E-03 -5.34348E-03 -7.55514E-04  6.43282E-03  1.16911E-02
 -1.19184E-03  1.38486E-02 -8.31828E-04  1.01233E-02  4.30947E-03
