AutoSaveFileName0022.ASC
 IFORMY    0    .00
 (6E13.7)
 IFORMT    0    .00
 (6E13.7)
 IFORMW    0    .00
 (6E13.7)
 NINTT     0   -1.00
 DOUSNQ    0    1.00
 IQUAD     0    1.00
 PRWT      0    1.00
 PRY       0    1.00
 IPLRES    1    3.00
 IPLRES    2    3.00
 IPRINT    1    0.00
 IPRINT    2    2.00
 IPLFIT    1    0.00
 IPLFIT    2    0.00
 LINEPG    0   50.
 NONNEG    1    1.00
 IWT       0    5.00
 NQPROG    1    5.00
 NQPROG    2    5.00
 GMNMX     1    5.74927E-02
 GMNMX     2    2.06384E-02
 RUSER    10    -1.00
 NG        0    500.00
 NLINF     0    1.00
 IUSER    10    4.00
 RUSER    21    1.0
 RUSER    22   -1.0
 RUSER    23    0.0
 RUSER    18         291.90454
 RUSER    17         24.99800
 RUSER    19         1.03294
 RUSER    15         1.33200
 RUSER    16         632.80000
 RUSER    25         1
 RUSER    26         0
 END       0    0.00
 NY      162
  7.50000E-07  8.75000E-07  1.00000E-06  1.12500E-06  1.25000E-06  1.37500E-06
  1.50000E-06  1.62500E-06  1.75000E-06  1.87500E-06  2.00000E-06  2.25000E-06
  2.50000E-06  2.75000E-06  3.00000E-06  3.25000E-06  3.50000E-06  3.75000E-06
  4.00000E-06  4.50000E-06  5.00000E-06  5.50000E-06  6.00000E-06  6.50000E-06
  7.00000E-06  7.50000E-06  8.00000E-06  9.00000E-06  1.00000E-05  1.10000E-05
  1.20000E-05  1.30000E-05  1.40000E-05  1.50000E-05  1.60000E-05  1.80000E-05
  2.00000E-05  2.20000E-05  2.40000E-05  2.60000E-05  2.80000E-05  3.00000E-05
  3.20000E-05  3.60000E-05  4.00000E-05  4.40000E-05  4.80000E-05  5.20000E-05
  5.60000E-05  6.00000E-05  6.40000E-05  7.20000E-05  8.00000E-05  8.80000E-05
  9.60000E-05  1.04000E-04  1.12000E-04  1.20000E-04  1.28000E-04  1.44000E-04
  1.60000E-04  1.76000E-04  1.92000E-04  2.08000E-04  2.24000E-04  2.40000E-04
  2.56000E-04  2.88000E-04  3.20000E-04  3.52000E-04  3.84000E-04  4.16000E-04
  4.48000E-04  4.80000E-04  5.12000E-04  5.76000E-04  6.40000E-04  7.04000E-04
  7.68000E-04  8.32000E-04  8.96000E-04  9.60000E-04  1.02400E-03  1.15200E-03
  1.28000E-03  1.40800E-03  1.53600E-03  1.66400E-03  1.79200E-03  1.92000E-03
  2.01600E-03  2.27200E-03  2.52800E-03  2.78400E-03  3.04000E-03  3.29600E-03
  3.55200E-03  3.80800E-03  4.06400E-03  4.57600E-03  5.08800E-03  5.60000E-03
  6.11200E-03  6.62400E-03  7.13600E-03  7.64800E-03  8.16000E-03  9.18400E-03
  1.02080E-02  1.12320E-02  1.22560E-02  1.32800E-02  1.43040E-02  1.53280E-02
  1.63520E-02  1.84000E-02  2.04480E-02  2.24960E-02  2.45440E-02  2.65920E-02
  2.86400E-02  3.06880E-02  3.27360E-02  3.68320E-02  4.09280E-02  4.50240E-02
  4.91200E-02  5.32160E-02  5.73120E-02  6.14080E-02  6.55040E-02  7.36960E-02
  8.18880E-02  9.00800E-02  9.82720E-02  1.06464E-01  1.14656E-01  1.22848E-01
  1.31040E-01  1.47424E-01  1.63808E-01  1.80192E-01  1.96576E-01  2.12960E-01
  2.29344E-01  2.45728E-01  2.62112E-01  2.94880E-01  3.27648E-01  3.60416E-01
  3.93184E-01  4.25952E-01  4.58720E-01  4.91488E-01  5.24256E-01  5.89792E-01
  6.55328E-01  7.20864E-01  7.86400E-01  8.51936E-01  9.17472E-01  9.83008E-01
  9.98586E-01  9.99542E-01  1.00000E+00  9.96622E-01  9.98458E-01  9.94180E-01
  9.99582E-01  9.97783E-01  9.97233E-01  9.92871E-01  9.95092E-01  9.94666E-01
  9.94269E-01  9.96811E-01  9.94453E-01  9.94879E-01  9.95112E-01  9.94658E-01
  9.95012E-01  9.95188E-01  9.94249E-01  9.95546E-01  9.94297E-01  9.94474E-01
  9.94550E-01  9.92566E-01  9.92361E-01  9.94470E-01  9.93401E-01  9.94441E-01
  9.93232E-01  9.92614E-01  9.92783E-01  9.92373E-01  9.91473E-01  9.91843E-01
  9.90445E-01  9.90730E-01  9.89413E-01  9.89369E-01  9.88718E-01  9.87545E-01
  9.87200E-01  9.86296E-01  9.85164E-01  9.83890E-01  9.83272E-01  9.81854E-01
  9.81360E-01  9.80284E-01  9.79159E-01  9.77251E-01  9.75243E-01  9.72492E-01
  9.70641E-01  9.68560E-01  9.65978E-01  9.64267E-01  9.62447E-01  9.58403E-01
  9.54386E-01  9.50547E-01  9.46394E-01  9.42783E-01  9.38763E-01  9.34823E-01
  9.31160E-01  9.23653E-01  9.16050E-01  9.08954E-01  9.01608E-01  8.94342E-01
  8.87306E-01  8.80405E-01  8.73819E-01  8.60268E-01  8.47086E-01  8.34097E-01
  8.21249E-01  8.08971E-01  7.96930E-01  7.85102E-01  7.69306E-01  7.46501E-01
  7.24961E-01  7.03783E-01  6.83476E-01  6.63776E-01  6.44976E-01  6.26822E-01
  6.16797E-01  5.82241E-01  5.49805E-01  5.19590E-01  4.91375E-01  4.64871E-01
  4.40279E-01  4.17145E-01  3.95393E-01  3.54787E-01  3.18718E-01  2.87275E-01
  2.59351E-01  2.34325E-01  2.12171E-01  1.92965E-01  1.76402E-01  1.47813E-01
  1.25546E-01  1.07711E-01  9.22955E-02  7.90488E-02  6.98076E-02  6.49325E-02
  6.13805E-02  5.58259E-02  5.05155E-02  4.26358E-02  3.39583E-02  2.66627E-02
  1.91286E-02  1.48093E-02  1.43017E-02  1.18796E-02  1.44000E-02  4.73141E-03
 -9.75231E-05  6.73271E-03  1.25492E-02  1.05938E-02  9.54282E-03  4.00506E-03
 -4.12366E-03  6.97313E-04  2.50687E-04 -8.38539E-03 -9.35220E-04  1.02032E-03
 -8.19867E-03 -3.56569E-04  7.17318E-03 -3.07185E-03 -6.25962E-03  8.12586E-03
  2.84534E-03  3.99865E-03 -2.71339E-03 -3.07716E-03  5.67890E-03 -1.15558E-02
 -5.05215E-03 -3.20959E-04  5.46242E-03  2.51681E-03  3.08632E-03  6.16994E-03
  1.46017E-04  3.34859E-03  2.27603E-04  2.33563E-03  6.35067E-03  4.22535E-03
