AutoSaveFileName0124.ASC
 IFORMY    0    .00
 (6E13.7)
 IFORMT    0    .00
 (6E13.7)
 IFORMW    0    .00
 (6E13.7)
 NINTT     0   -1.00
 DOUSNQ    0    1.00
 IQUAD     0    1.00
 PRWT      0    1.00
 PRY       0    1.00
 IPLRES    1    3.00
 IPLRES    2    3.00
 IPRINT    1    0.00
 IPRINT    2    2.00
 IPLFIT    1    0.00
 IPLFIT    2    0.00
 LINEPG    0   50.
 NONNEG    1    1.00
 IWT       0    5.00
 NQPROG    1    5.00
 NQPROG    2    5.00
 GMNMX     1    7.25046E-03
 GMNMX     2    2.60273E-03
 RUSER    10    -1.00
 NG        0    500.00
 NLINF     0    1.00
 IUSER    10    4.00
 RUSER    21    1.0
 RUSER    22   -1.0
 RUSER    23    0.0
 RUSER    18         291.98367
 RUSER    17         74.99900
 RUSER    19         1.03092
 RUSER    15         1.33200
 RUSER    16         632.80000
 RUSER    25         1
 RUSER    26         0
 END       0    0.00
 NY      162
  7.50000E-07  8.75000E-07  1.00000E-06  1.12500E-06  1.25000E-06  1.37500E-06
  1.50000E-06  1.62500E-06  1.75000E-06  1.87500E-06  2.00000E-06  2.25000E-06
  2.50000E-06  2.75000E-06  3.00000E-06  3.25000E-06  3.50000E-06  3.75000E-06
  4.00000E-06  4.50000E-06  5.00000E-06  5.50000E-06  6.00000E-06  6.50000E-06
  7.00000E-06  7.50000E-06  8.00000E-06  9.00000E-06  1.00000E-05  1.10000E-05
  1.20000E-05  1.30000E-05  1.40000E-05  1.50000E-05  1.60000E-05  1.80000E-05
  2.00000E-05  2.20000E-05  2.40000E-05  2.60000E-05  2.80000E-05  3.00000E-05
  3.20000E-05  3.60000E-05  4.00000E-05  4.40000E-05  4.80000E-05  5.20000E-05
  5.60000E-05  6.00000E-05  6.40000E-05  7.20000E-05  8.00000E-05  8.80000E-05
  9.60000E-05  1.04000E-04  1.12000E-04  1.20000E-04  1.28000E-04  1.44000E-04
  1.60000E-04  1.76000E-04  1.92000E-04  2.08000E-04  2.24000E-04  2.40000E-04
  2.56000E-04  2.88000E-04  3.20000E-04  3.52000E-04  3.84000E-04  4.16000E-04
  4.48000E-04  4.80000E-04  5.12000E-04  5.76000E-04  6.40000E-04  7.04000E-04
  7.68000E-04  8.32000E-04  8.96000E-04  9.60000E-04  1.02400E-03  1.15200E-03
  1.28000E-03  1.40800E-03  1.53600E-03  1.66400E-03  1.79200E-03  1.92000E-03
  2.01600E-03  2.27200E-03  2.52800E-03  2.78400E-03  3.04000E-03  3.29600E-03
  3.55200E-03  3.80800E-03  4.06400E-03  4.57600E-03  5.08800E-03  5.60000E-03
  6.11200E-03  6.62400E-03  7.13600E-03  7.64800E-03  8.16000E-03  9.18400E-03
  1.02080E-02  1.12320E-02  1.22560E-02  1.32800E-02  1.43040E-02  1.53280E-02
  1.63520E-02  1.84000E-02  2.04480E-02  2.24960E-02  2.45440E-02  2.65920E-02
  2.86400E-02  3.06880E-02  3.27360E-02  3.68320E-02  4.09280E-02  4.50240E-02
  4.91200E-02  5.32160E-02  5.73120E-02  6.14080E-02  6.55040E-02  7.36960E-02
  8.18880E-02  9.00800E-02  9.82720E-02  1.06464E-01  1.14656E-01  1.22848E-01
  1.31040E-01  1.47424E-01  1.63808E-01  1.80192E-01  1.96576E-01  2.12960E-01
  2.29344E-01  2.45728E-01  2.62112E-01  2.94880E-01  3.27648E-01  3.60416E-01
  3.93184E-01  4.25952E-01  4.58720E-01  4.91488E-01  5.24256E-01  5.89792E-01
  6.55328E-01  7.20864E-01  7.86400E-01  8.51936E-01  9.17472E-01  9.83008E-01
  9.97485E-01  1.00000E+00  9.93059E-01  9.95381E-01  9.89785E-01  9.91886E-01
  9.94724E-01  9.91053E-01  9.92468E-01  9.89227E-01  9.91331E-01  9.88349E-01
  9.90869E-01  9.87583E-01  9.88888E-01  9.87586E-01  9.86067E-01  9.84757E-01
  9.85381E-01  9.83594E-01  9.83163E-01  9.81837E-01  9.81512E-01  9.78148E-01
  9.79248E-01  9.76679E-01  9.76368E-01  9.72816E-01  9.71851E-01  9.68626E-01
  9.67651E-01  9.65265E-01  9.60760E-01  9.60944E-01  9.57470E-01  9.52830E-01
  9.47606E-01  9.42048E-01  9.38522E-01  9.32957E-01  9.29683E-01  9.24151E-01
  9.19480E-01  9.10604E-01  9.01491E-01  8.92970E-01  8.84692E-01  8.75886E-01
  8.67197E-01  8.58233E-01  8.50211E-01  8.34074E-01  8.17717E-01  8.01760E-01
  7.85940E-01  7.71409E-01  7.56338E-01  7.41309E-01  7.26721E-01  6.98894E-01
  6.72012E-01  6.46647E-01  6.21990E-01  5.97809E-01  5.74865E-01  5.52811E-01
  5.31882E-01  4.92112E-01  4.55315E-01  4.21393E-01  3.90200E-01  3.60866E-01
  3.33805E-01  3.08922E-01  2.86317E-01  2.45257E-01  2.10377E-01  1.80663E-01
  1.55125E-01  1.33590E-01  1.15213E-01  9.94998E-02  8.59863E-02  6.36098E-02
  4.73452E-02  3.55560E-02  2.77400E-02  2.16154E-02  1.70098E-02  1.31964E-02
  1.11228E-02  7.49760E-03  5.97378E-03  4.98269E-03  4.40326E-03  3.78634E-03
  3.10329E-03  2.48401E-03  2.52016E-03  2.28856E-03  1.69238E-03  2.91729E-03
  5.26571E-03  2.74174E-03  5.82995E-04 -1.69678E-03 -7.08725E-04 -1.65902E-03
 -1.96059E-03 -8.66243E-04  4.59768E-04  3.74016E-03  2.35631E-03  1.09946E-03
 -8.08859E-04  2.28749E-04 -1.20430E-03 -2.00414E-03 -5.25634E-04 -1.30230E-03
 -2.43026E-03 -1.37159E-03 -1.58941E-03  3.36756E-04 -8.53556E-04 -2.15083E-04
 -7.50827E-04  8.97596E-04 -1.15163E-03 -1.03262E-03  2.58191E-04  5.13799E-05
  2.07288E-04  7.89426E-04 -1.72139E-03 -1.26066E-03 -4.59151E-05 -8.24978E-04
 -1.38802E-04 -4.69583E-04 -2.66694E-04 -1.19692E-03  3.47574E-05  5.18517E-04
 -1.54409E-03  4.00563E-04  1.07846E-04 -7.70968E-04 -1.09530E-04 -9.49820E-04
 -2.47372E-04 -2.51371E-04  8.40489E-05  1.21020E-05  3.83568E-04 -1.03182E-04
 -1.64050E-05 -4.16642E-04  3.76863E-04 -3.93531E-04  7.07453E-04 -8.73601E-04
