AutoSaveFileName0228.ASC
 IFORMY    0    .00
 (6E13.7)
 IFORMT    0    .00
 (6E13.7)
 IFORMW    0    .00
 (6E13.7)
 NINTT     0   -1.00
 DOUSNQ    0    1.00
 IQUAD     0    1.00
 PRWT      0    1.00
 PRY       0    1.00
 IPLRES    1    3.00
 IPLRES    2    3.00
 IPRINT    1    0.00
 IPRINT    2    2.00
 IPLFIT    1    0.00
 IPLFIT    2    0.00
 LINEPG    0   50.
 NONNEG    1    1.00
 IWT       0    5.00
 NQPROG    1    5.00
 NQPROG    2    5.00
 GMNMX     1    3.40347E-03
 GMNMX     2    1.22176E-03
 RUSER    10    -1.00
 NG        0    500.00
 NLINF     0    1.00
 IUSER    10    4.00
 RUSER    21    1.0
 RUSER    22   -1.0
 RUSER    23    0.0
 RUSER    18         292.10387
 RUSER    17         124.99900
 RUSER    19         1.02785
 RUSER    15         1.33200
 RUSER    16         632.80000
 RUSER    25         1
 RUSER    26         0
 END       0    0.00
 NY      162
  7.50000E-07  8.75000E-07  1.00000E-06  1.12500E-06  1.25000E-06  1.37500E-06
  1.50000E-06  1.62500E-06  1.75000E-06  1.87500E-06  2.00000E-06  2.25000E-06
  2.50000E-06  2.75000E-06  3.00000E-06  3.25000E-06  3.50000E-06  3.75000E-06
  4.00000E-06  4.50000E-06  5.00000E-06  5.50000E-06  6.00000E-06  6.50000E-06
  7.00000E-06  7.50000E-06  8.00000E-06  9.00000E-06  1.00000E-05  1.10000E-05
  1.20000E-05  1.30000E-05  1.40000E-05  1.50000E-05  1.60000E-05  1.80000E-05
  2.00000E-05  2.20000E-05  2.40000E-05  2.60000E-05  2.80000E-05  3.00000E-05
  3.20000E-05  3.60000E-05  4.00000E-05  4.40000E-05  4.80000E-05  5.20000E-05
  5.60000E-05  6.00000E-05  6.40000E-05  7.20000E-05  8.00000E-05  8.80000E-05
  9.60000E-05  1.04000E-04  1.12000E-04  1.20000E-04  1.28000E-04  1.44000E-04
  1.60000E-04  1.76000E-04  1.92000E-04  2.08000E-04  2.24000E-04  2.40000E-04
  2.56000E-04  2.88000E-04  3.20000E-04  3.52000E-04  3.84000E-04  4.16000E-04
  4.48000E-04  4.80000E-04  5.12000E-04  5.76000E-04  6.40000E-04  7.04000E-04
  7.68000E-04  8.32000E-04  8.96000E-04  9.60000E-04  1.02400E-03  1.15200E-03
  1.28000E-03  1.40800E-03  1.53600E-03  1.66400E-03  1.79200E-03  1.92000E-03
  2.01600E-03  2.27200E-03  2.52800E-03  2.78400E-03  3.04000E-03  3.29600E-03
  3.55200E-03  3.80800E-03  4.06400E-03  4.57600E-03  5.08800E-03  5.60000E-03
  6.11200E-03  6.62400E-03  7.13600E-03  7.64800E-03  8.16000E-03  9.18400E-03
  1.02080E-02  1.12320E-02  1.22560E-02  1.32800E-02  1.43040E-02  1.53280E-02
  1.63520E-02  1.84000E-02  2.04480E-02  2.24960E-02  2.45440E-02  2.65920E-02
  2.86400E-02  3.06880E-02  3.27360E-02  3.68320E-02  4.09280E-02  4.50240E-02
  4.91200E-02  5.32160E-02  5.73120E-02  6.14080E-02  6.55040E-02  7.36960E-02
  8.18880E-02  9.00800E-02  9.82720E-02  1.06464E-01  1.14656E-01  1.22848E-01
  1.31040E-01  1.47424E-01  1.63808E-01  1.80192E-01  1.96576E-01  2.12960E-01
  2.29344E-01  2.45728E-01  2.62112E-01  2.94880E-01  3.27648E-01  3.60416E-01
  3.93184E-01  4.25952E-01  4.58720E-01  4.91488E-01  5.24256E-01  5.89792E-01
  6.55328E-01  7.20864E-01  7.86400E-01  8.51936E-01  9.17472E-01  9.83008E-01
  1.00000E+00  9.97138E-01  9.96027E-01  9.95297E-01  9.96945E-01  9.93499E-01
  9.90789E-01  9.93129E-01  9.92371E-01  9.90093E-01  9.88028E-01  9.88823E-01
  9.85978E-01  9.84653E-01  9.83593E-01  9.83050E-01  9.79876E-01  9.80747E-01
  9.79154E-01  9.76409E-01  9.73009E-01  9.70920E-01  9.68128E-01  9.65897E-01
  9.62020E-01  9.59346E-01  9.57641E-01  9.53969E-01  9.47879E-01  9.43302E-01
  9.37656E-01  9.33315E-01  9.28255E-01  9.22510E-01  9.17983E-01  9.08165E-01
  8.98020E-01  8.89592E-01  8.79341E-01  8.70688E-01  8.61765E-01  8.51967E-01
  8.43042E-01  8.25440E-01  8.08466E-01  7.90918E-01  7.74698E-01  7.58817E-01
  7.42442E-01  7.26742E-01  7.11905E-01  6.82061E-01  6.53954E-01  6.26724E-01
  6.00578E-01  5.75673E-01  5.51677E-01  5.28843E-01  5.07108E-01  4.65775E-01
  4.27963E-01  3.93302E-01  3.61388E-01  3.31926E-01  3.05272E-01  2.80530E-01
  2.58390E-01  2.18462E-01  1.84386E-01  1.55595E-01  1.31467E-01  1.10930E-01
  9.37923E-02  7.91465E-02  6.76582E-02  4.90620E-02  3.57998E-02  2.59497E-02
  1.88598E-02  1.37326E-02  1.02420E-02  8.12187E-03  6.10050E-03  3.40219E-03
  2.36559E-03  2.45498E-03  3.06689E-03  2.40562E-03  9.85508E-04 -1.26761E-05
 -4.47464E-04 -9.59539E-04 -8.18409E-04  7.78025E-05  6.79292E-04  1.03299E-03
  9.64712E-04  9.90695E-04 -2.67396E-04 -4.22644E-04  4.10121E-04  1.97687E-03
 -6.05974E-04 -1.64409E-03 -8.93064E-04 -5.49714E-04 -1.40718E-03 -1.08267E-03
 -4.49480E-04  9.14489E-04  4.08804E-04  1.07413E-04  8.83923E-04  1.19883E-03
  1.06165E-04 -3.81331E-04 -8.71226E-05  3.59272E-04 -7.15016E-04  1.43917E-04
 -1.25063E-04 -4.26031E-04  8.16268E-05  3.18551E-05 -8.60009E-04  1.12708E-04
  2.27045E-05  4.82238E-04 -5.22143E-05 -3.36532E-04  2.47808E-05 -2.62555E-04
  2.06591E-04 -3.60986E-04  9.59313E-05  2.17064E-05 -2.15756E-04 -2.73246E-04
  1.70020E-04 -1.70726E-04 -4.03247E-04 -3.19781E-05 -8.18350E-05  4.73655E-04
 -9.57654E-05  2.70809E-04  1.14319E-04  1.23622E-04  9.13695E-05  9.06904E-05
  1.11924E-04 -1.94266E-04  6.28491E-05 -9.44723E-05 -9.60303E-05 -6.93608E-05
 -3.22634E-05 -5.26722E-05  4.66463E-05 -1.21771E-04 -4.57912E-05  1.27725E-04
