AutoSaveFileName0257.ASC
 IFORMY    0    .00
 (6E13.7)
 IFORMT    0    .00
 (6E13.7)
 IFORMW    0    .00
 (6E13.7)
 NINTT     0   -1.00
 DOUSNQ    0    1.00
 IQUAD          1.00
 PRWT      0    1.00
 PRY       0    1.00
 IPLRES    1    3.00
 IPLRES    2    3.00
 IPRINT    1    0.00
 IPRINT    2    2.00
 IPLFIT    1    0.00
 IPLFIT    2    0.00
 LINEPG    0   50.
 NONNEG    1    1.00
 IWT       0    5.00
 NQPROG    1    5.00
 NQPROG    2    5.00
 GMNMX     1    1.170E-05
 GMNMX     2    1.170E-02
 RUSER    10    -1.00
 NG        0    200.00
 NLINF     0    0.00
 IUSER    10    4.00
 RUSER    21    1.0
 RUSER    22   -1.0
 RUSER    23    0.0
 RUSER    18         292.10835
 RUSER    17         99.99900
 RUSER    19         1.02774
 RUSER    15         1.33200
 RUSER    16         632.80000
 RUSER    25         1
 RUSER    26         0
 END       0    0.00
 NY      131
  3.75000E-07  5.00000E-07  6.25000E-07  7.50000E-07  8.75000E-07  1.00000E-06
  1.12500E-06  1.25000E-06  1.37500E-06  1.50000E-06  1.62500E-06  1.75000E-06
  1.87500E-06  2.00000E-06  2.25000E-06  2.50000E-06  2.75000E-06  3.00000E-06
  3.25000E-06  3.50000E-06  3.75000E-06  4.00000E-06  4.50000E-06  5.00000E-06
  5.50000E-06  6.00000E-06  6.50000E-06  7.00000E-06  7.50000E-06  8.00000E-06
  9.00000E-06  1.00000E-05  1.10000E-05  1.20000E-05  1.30000E-05  1.40000E-05
  1.50000E-05  1.60000E-05  1.80000E-05  2.00000E-05  2.20000E-05  2.40000E-05
  2.60000E-05  2.80000E-05  3.00000E-05  3.20000E-05  3.60000E-05  4.00000E-05
  4.40000E-05  4.80000E-05  5.20000E-05  5.60000E-05  6.00000E-05  6.40000E-05
  7.20000E-05  8.00000E-05  8.80000E-05  9.60000E-05  1.04000E-04  1.12000E-04
  1.20000E-04  1.28000E-04  1.44000E-04  1.60000E-04  1.76000E-04  1.92000E-04
  2.08000E-04  2.24000E-04  2.40000E-04  2.56000E-04  2.88000E-04  3.20000E-04
  3.52000E-04  3.84000E-04  4.16000E-04  4.48000E-04  4.80000E-04  5.12000E-04
  5.76000E-04  6.40000E-04  7.04000E-04  7.68000E-04  8.32000E-04  8.96000E-04
  9.60000E-04  1.02400E-03  1.15200E-03  1.28000E-03  1.40800E-03  1.53600E-03
  1.66400E-03  1.79200E-03  1.92000E-03  2.01600E-03  2.27200E-03  2.52800E-03
  2.78400E-03  3.04000E-03  3.29600E-03  3.55200E-03  3.80800E-03  4.06400E-03
  4.57600E-03  5.08800E-03  5.60000E-03  6.11200E-03  6.62400E-03  7.13600E-03
  7.64800E-03  8.16000E-03  9.18400E-03  1.02080E-02  1.12320E-02  1.22560E-02
  1.32800E-02  1.43040E-02  1.53280E-02  1.63520E-02  1.84000E-02  2.04480E-02
  2.24960E-02  2.45440E-02  2.65920E-02  2.86400E-02  3.06880E-02  3.27360E-02
  3.68320E-02  4.09280E-02  4.50240E-02  4.91200E-02  5.32160E-02
  2.44514E+00  2.43870E+00  2.44548E+00  2.43769E+00  2.43490E+00  2.42740E+00
  2.42572E+00  2.43208E+00  2.42240E+00  2.43571E+00  2.43589E+00  2.43383E+00
  2.43332E+00  2.42766E+00  2.42863E+00  2.42660E+00  2.42499E+00  2.42540E+00
  2.42234E+00  2.42431E+00  2.42493E+00  2.42275E+00  2.42517E+00  2.42173E+00
  2.42412E+00  2.42421E+00  2.42004E+00  2.41957E+00  2.41879E+00  2.41814E+00
  2.41777E+00  2.41483E+00  2.41453E+00  2.41261E+00  2.40952E+00  2.41121E+00
  2.40806E+00  2.40761E+00  2.40503E+00  2.40021E+00  2.39830E+00  2.39627E+00
  2.39181E+00  2.39004E+00  2.38527E+00  2.38339E+00  2.37780E+00  2.37136E+00
  2.36523E+00  2.35958E+00  2.35386E+00  2.34803E+00  2.34224E+00  2.33606E+00
  2.32423E+00  2.31252E+00  2.30114E+00  2.28976E+00  2.27887E+00  2.26715E+00
  2.25650E+00  2.24538E+00  2.22274E+00  2.20002E+00  2.17791E+00  2.15607E+00
  2.13468E+00  2.11248E+00  2.09198E+00  2.07100E+00  2.02955E+00  1.98891E+00
  1.94942E+00  1.91120E+00  1.87283E+00  1.83559E+00  1.79952E+00  1.76413E+00
  1.69531E+00  1.62881E+00  1.56489E+00  1.50366E+00  1.44518E+00  1.38853E+00
  1.33429E+00  1.28162E+00  1.18442E+00  1.09474E+00  1.01147E+00  9.35413E-01
  8.65588E-01  8.00626E-01  7.40801E-01  6.99752E-01  5.98318E-01  5.12569E-01
  4.40300E-01  3.79562E-01  3.25223E-01  2.79388E-01  2.40779E-01  2.08364E-01
  1.52942E-01  1.09927E-01  7.71069E-02  5.44205E-02  4.01107E-02  3.15417E-02
  2.99546E-02  2.80585E-02  2.45708E-02  1.60451E-02  5.68544E-03  2.66083E-03
  4.63391E-03  7.54673E-03  1.09661E-02  4.67692E-03  1.88394E-03  1.78392E-02
  1.87577E-02  7.32078E-03 -1.59384E-04 -1.63008E-03  9.58235E-03  1.11796E-02
 -1.12474E-02 -1.50947E-02 -1.23639E-02 -4.18799E-03 -9.76815E-03
