AutoSaveFileName0145.ASC
 IFORMY    0    .00
 (6E13.7)
 IFORMT    0    .00
 (6E13.7)
 IFORMW    0    .00
 (6E13.7)
 NINTT     0   -1.00
 DOUSNQ    0    1.00
 IQUAD          1.00
 PRWT      0    1.00
 PRY       0    1.00
 IPLRES    1    3.00
 IPLRES    2    3.00
 IPRINT    1    0.00
 IPRINT    2    2.00
 IPLFIT    1    0.00
 IPLFIT    2    0.00
 LINEPG    0   50.
 NONNEG    1    1.00
 IWT       0    5.00
 NQPROG    1    5.00
 NQPROG    2    5.00
 GMNMX     1    2.526E-05
 GMNMX     2    2.526E-02
 RUSER    10    -1.00
 NG        0    200.00
 NLINF     0    0.00
 IUSER    10    4.00
 RUSER    21    1.0
 RUSER    22   -1.0
 RUSER    23    0.0
 RUSER    18         291.95062
 RUSER    17         62.99900
 RUSER    19         1.03176
 RUSER    15         1.33200
 RUSER    16         632.80000
 RUSER    25         1
 RUSER    26         0
 END       0    0.00
 NY      131
  3.75000E-07  5.00000E-07  6.25000E-07  7.50000E-07  8.75000E-07  1.00000E-06
  1.12500E-06  1.25000E-06  1.37500E-06  1.50000E-06  1.62500E-06  1.75000E-06
  1.87500E-06  2.00000E-06  2.25000E-06  2.50000E-06  2.75000E-06  3.00000E-06
  3.25000E-06  3.50000E-06  3.75000E-06  4.00000E-06  4.50000E-06  5.00000E-06
  5.50000E-06  6.00000E-06  6.50000E-06  7.00000E-06  7.50000E-06  8.00000E-06
  9.00000E-06  1.00000E-05  1.10000E-05  1.20000E-05  1.30000E-05  1.40000E-05
  1.50000E-05  1.60000E-05  1.80000E-05  2.00000E-05  2.20000E-05  2.40000E-05
  2.60000E-05  2.80000E-05  3.00000E-05  3.20000E-05  3.60000E-05  4.00000E-05
  4.40000E-05  4.80000E-05  5.20000E-05  5.60000E-05  6.00000E-05  6.40000E-05
  7.20000E-05  8.00000E-05  8.80000E-05  9.60000E-05  1.04000E-04  1.12000E-04
  1.20000E-04  1.28000E-04  1.44000E-04  1.60000E-04  1.76000E-04  1.92000E-04
  2.08000E-04  2.24000E-04  2.40000E-04  2.56000E-04  2.88000E-04  3.20000E-04
  3.52000E-04  3.84000E-04  4.16000E-04  4.48000E-04  4.80000E-04  5.12000E-04
  5.76000E-04  6.40000E-04  7.04000E-04  7.68000E-04  8.32000E-04  8.96000E-04
  9.60000E-04  1.02400E-03  1.15200E-03  1.28000E-03  1.40800E-03  1.53600E-03
  1.66400E-03  1.79200E-03  1.92000E-03  2.01600E-03  2.27200E-03  2.52800E-03
  2.78400E-03  3.04000E-03  3.29600E-03  3.55200E-03  3.80800E-03  4.06400E-03
  4.57600E-03  5.08800E-03  5.60000E-03  6.11200E-03  6.62400E-03  7.13600E-03
  7.64800E-03  8.16000E-03  9.18400E-03  1.02080E-02  1.12320E-02  1.22560E-02
  1.32800E-02  1.43040E-02  1.53280E-02  1.63520E-02  1.84000E-02  2.04480E-02
  2.24960E-02  2.45440E-02  2.65920E-02  2.86400E-02  3.06880E-02  3.27360E-02
  3.68320E-02  4.09280E-02  4.50240E-02  4.91200E-02  5.32160E-02
  1.66155E+00  1.65157E+00  1.65094E+00  1.65397E+00  1.65156E+00  1.65519E+00
  1.64861E+00  1.65205E+00  1.65234E+00  1.65089E+00  1.65164E+00  1.65040E+00
  1.64868E+00  1.64900E+00  1.64889E+00  1.64711E+00  1.64587E+00  1.64867E+00
  1.65055E+00  1.64599E+00  1.65011E+00  1.64740E+00  1.64646E+00  1.64929E+00
  1.64443E+00  1.64481E+00  1.64928E+00  1.64651E+00  1.64794E+00  1.64646E+00
  1.64304E+00  1.64374E+00  1.64525E+00  1.64230E+00  1.64253E+00  1.64420E+00
  1.64181E+00  1.64197E+00  1.64091E+00  1.64129E+00  1.64059E+00  1.63957E+00
  1.63765E+00  1.63620E+00  1.63638E+00  1.63518E+00  1.63370E+00  1.63120E+00
  1.62944E+00  1.62807E+00  1.62637E+00  1.62488E+00  1.62288E+00  1.62133E+00
  1.61800E+00  1.61488E+00  1.61140E+00  1.60757E+00  1.60432E+00  1.60073E+00
  1.59743E+00  1.59411E+00  1.58766E+00  1.58093E+00  1.57440E+00  1.56760E+00
  1.56096E+00  1.55426E+00  1.54766E+00  1.54123E+00  1.52800E+00  1.51515E+00
  1.50235E+00  1.48952E+00  1.47721E+00  1.46413E+00  1.45214E+00  1.43913E+00
  1.41481E+00  1.39088E+00  1.36712E+00  1.34387E+00  1.32101E+00  1.29848E+00
  1.27667E+00  1.25424E+00  1.21208E+00  1.17111E+00  1.13127E+00  1.09353E+00
  1.05690E+00  1.02158E+00  9.87200E-01  9.67905E-01  9.04378E-01  8.45520E-01
  7.90543E-01  7.39170E-01  6.91880E-01  6.47390E-01  6.05526E-01  5.65116E-01
  4.93959E-01  4.31912E-01  3.80535E-01  3.35422E-01  2.96097E-01  2.65078E-01
  2.39552E-01  2.18557E-01  1.82327E-01  1.51946E-01  1.29714E-01  1.10808E-01
  9.39766E-02  7.69258E-02  6.15369E-02  4.89422E-02  4.41369E-02  4.02770E-02
  3.94516E-02  3.73499E-02  2.57340E-02  1.84622E-02  1.03197E-02  5.57332E-03
  3.38928E-03 -7.77404E-03 -1.06771E-02 -1.47294E-02 -2.20645E-02
