AutoSaveFileName0172.ASC
 IFORMY    0    .00
 (6E13.7)
 IFORMT    0    .00
 (6E13.7)
 IFORMW    0    .00
 (6E13.7)
 NINTT     0   -1.00
 DOUSNQ    0    1.00
 IQUAD          1.00
 PRWT      0    1.00
 PRY       0    1.00
 IPLRES    1    3.00
 IPLRES    2    3.00
 IPRINT    1    0.00
 IPRINT    2    2.00
 IPLFIT    1    0.00
 IPLFIT    2    0.00
 LINEPG    0   50.
 NONNEG    1    1.00
 IWT       0    5.00
 NQPROG    1    5.00
 NQPROG    2    5.00
 GMNMX     1    1.166E-05
 GMNMX     2    1.166E-02
 RUSER    10    -1.00
 NG        0    200.00
 NLINF     0    0.00
 IUSER    10    4.00
 RUSER    21    1.0
 RUSER    22   -1.0
 RUSER    23    0.0
 RUSER    18         292.22420
 RUSER    17         99.99900
 RUSER    19         1.02480
 RUSER    15         1.33200
 RUSER    16         632.80000
 RUSER    25         1
 RUSER    26         0
 END       0    0.00
 NY      188
  5.00000E-07  6.25000E-07  7.50000E-07  8.75000E-07  1.00000E-06  1.12500E-06
  1.25000E-06  1.37500E-06  1.50000E-06  1.62500E-06  1.75000E-06  1.87500E-06
  2.00000E-06  2.25000E-06  2.50000E-06  2.75000E-06  3.00000E-06  3.25000E-06
  3.50000E-06  3.75000E-06  4.00000E-06  4.50000E-06  5.00000E-06  5.50000E-06
  6.00000E-06  6.50000E-06  7.00000E-06  7.50000E-06  8.00000E-06  9.00000E-06
  1.00000E-05  1.10000E-05  1.20000E-05  1.30000E-05  1.40000E-05  1.50000E-05
  1.60000E-05  1.80000E-05  2.00000E-05  2.20000E-05  2.40000E-05  2.60000E-05
  2.80000E-05  3.00000E-05  3.20000E-05  3.60000E-05  4.00000E-05  4.40000E-05
  4.80000E-05  5.20000E-05  5.60000E-05  6.00000E-05  6.40000E-05  7.20000E-05
  8.00000E-05  8.80000E-05  9.60000E-05  1.04000E-04  1.12000E-04  1.20000E-04
  1.28000E-04  1.44000E-04  1.60000E-04  1.76000E-04  1.92000E-04  2.08000E-04
  2.24000E-04  2.40000E-04  2.56000E-04  2.88000E-04  3.20000E-04  3.52000E-04
  3.84000E-04  4.16000E-04  4.48000E-04  4.80000E-04  5.12000E-04  5.76000E-04
  6.40000E-04  7.04000E-04  7.68000E-04  8.32000E-04  8.96000E-04  9.60000E-04
  1.02400E-03  1.15200E-03  1.28000E-03  1.40800E-03  1.53600E-03  1.66400E-03
  1.79200E-03  1.92000E-03  2.01600E-03  2.27200E-03  2.52800E-03  2.78400E-03
  3.04000E-03  3.29600E-03  3.55200E-03  3.80800E-03  4.06400E-03  4.57600E-03
  5.08800E-03  5.60000E-03  6.11200E-03  6.62400E-03  7.13600E-03  7.64800E-03
  8.16000E-03  9.18400E-03  1.02080E-02  1.12320E-02  1.22560E-02  1.32800E-02
  1.43040E-02  1.53280E-02  1.63520E-02  1.84000E-02  2.04480E-02  2.24960E-02
  2.45440E-02  2.65920E-02  2.86400E-02  3.06880E-02  3.27360E-02  3.68320E-02
  4.09280E-02  4.50240E-02  4.91200E-02  5.32160E-02  5.73120E-02  6.14080E-02
  6.55040E-02  7.36960E-02  8.18880E-02  9.00800E-02  9.82720E-02  1.06464E-01
  1.14656E-01  1.22848E-01  1.31040E-01  1.47424E-01  1.63808E-01  1.80192E-01
  1.96576E-01  2.12960E-01  2.29344E-01  2.45728E-01  2.62112E-01  2.94880E-01
  3.27648E-01  3.60416E-01  3.93184E-01  4.25952E-01  4.58720E-01  4.91488E-01
  5.24256E-01  5.89792E-01  6.55328E-01  7.20864E-01  7.86400E-01  8.51936E-01
  9.17472E-01  9.83008E-01  1.04854E+00  1.17962E+00  1.31069E+00  1.44176E+00
  1.57283E+00  1.70390E+00  1.83498E+00  1.96605E+00  2.09712E+00  2.35926E+00
  2.62141E+00  2.88355E+00  3.14570E+00  3.40784E+00  3.66998E+00  3.93213E+00
  4.19427E+00  4.71856E+00  5.24285E+00  5.76714E+00  6.29142E+00  6.81571E+00
  7.34000E+00  7.86429E+00
  9.95319E-01  9.94852E-01  9.93322E-01  9.91872E-01  9.90017E-01  9.90925E-01
  9.90004E-01  9.92422E-01  9.86528E-01  9.91851E-01  9.91522E-01  9.90004E-01
  9.89708E-01  9.90388E-01  9.90800E-01  9.91463E-01  9.90275E-01  9.90771E-01
  9.90321E-01  9.91622E-01  9.91734E-01  9.89792E-01  9.89858E-01  9.88941E-01
  9.88491E-01  9.88754E-01  9.88020E-01  9.89241E-01  9.88662E-01  9.89062E-01
  9.87407E-01  9.87541E-01  9.87674E-01  9.86603E-01  9.86048E-01  9.85636E-01
  9.86311E-01  9.86036E-01  9.85215E-01  9.83831E-01  9.83772E-01  9.83193E-01
  9.83643E-01  9.82680E-01  9.81943E-01  9.80454E-01  9.80129E-01  9.78587E-01
  9.76803E-01  9.76257E-01  9.74806E-01  9.73664E-01  9.72622E-01  9.70546E-01
  9.68366E-01  9.65023E-01  9.63193E-01  9.60655E-01  9.58633E-01  9.56119E-01
  9.53393E-01  9.48879E-01  9.44631E-01  9.39988E-01  9.35202E-01  9.30471E-01
  9.26224E-01  9.21380E-01  9.17128E-01  9.08325E-01  8.99663E-01  8.90663E-01
  8.81972E-01  8.73273E-01  8.64694E-01  8.56407E-01  8.48162E-01  8.31814E-01
  8.15741E-01  7.99755E-01  7.84319E-01  7.68984E-01  7.53990E-01  7.39130E-01
  7.19530E-01  6.91756E-01  6.65083E-01  6.39543E-01  6.14854E-01  5.91002E-01
  5.68105E-01  5.46350E-01  5.33820E-01  4.94150E-01  4.57455E-01  4.23466E-01
  3.91986E-01  3.62921E-01  3.35763E-01  3.10894E-01  2.88472E-01  2.48021E-01
  2.14336E-01  1.84766E-01  1.59219E-01  1.37747E-01  1.19258E-01  1.03333E-01
  8.91455E-02  6.43582E-02  4.65100E-02  3.52403E-02  2.72055E-02  2.17508E-02
  1.86271E-02  1.53545E-02  1.10665E-02  5.48643E-03 -9.34936E-04 -2.56504E-03
  4.22954E-04 -1.79562E-03 -3.26269E-03 -4.74246E-03 -4.95359E-03  2.01541E-04
  1.43325E-03  1.74224E-04  1.40924E-03 -3.21727E-03 -3.71966E-03  9.14131E-04
  8.60622E-03  9.02981E-03  1.20307E-02  2.04129E-03 -4.42653E-03 -3.97172E-04
  3.70540E-03  8.13152E-03  4.90686E-03  1.45861E-03  8.07387E-03 -1.31211E-02
 -3.19688E-03 -1.12439E-03 -1.03653E-02 -1.42618E-03 -1.47838E-03 -1.73072E-03
 -6.15896E-03  5.52053E-03  1.54469E-06 -6.13845E-03  6.84753E-04  1.41808E-03
  3.05537E-03  2.67923E-04 -6.18689E-04  1.88243E-03  2.17428E-03 -1.23467E-03
  3.24487E-03 -2.39171E-04 -3.03163E-04 -1.87106E-03  3.84760E-03  8.43019E-04
  7.34036E-04 -1.16265E-04 -1.35845E-05 -4.54154E-03 -2.69654E-03  2.90943E-03
  1.23989E-03  3.30949E-04 -2.01435E-03  1.48494E-04 -3.82419E-04  3.66843E-03
 -1.49039E-03  8.75549E-05  2.53845E-03 -3.59192E-03  1.28884E-03  3.55317E-04
  1.87142E-03  2.07870E-03
