AutoSaveFileName0234.ASC
 IFORMY    0    .00
 (6E13.7)
 IFORMT    0    .00
 (6E13.7)
 IFORMW    0    .00
 (6E13.7)
 NINTT     0   -1.00
 DOUSNQ    0    1.00
 IQUAD          1.00
 PRWT      0    1.00
 PRY       0    1.00
 IPLRES    1    3.00
 IPLRES    2    3.00
 IPRINT    1    0.00
 IPRINT    2    2.00
 IPLFIT    1    0.00
 IPLFIT    2    0.00
 LINEPG    0   50.
 NONNEG    1    1.00
 IWT       0    5.00
 NQPROG    1    5.00
 NQPROG    2    5.00
 GMNMX     1    8.357E-06
 GMNMX     2    2.507E-03
 RUSER    10    -1.00
 NG        0    200.00
 NLINF     0    0.00
 IUSER    10    4.00
 RUSER    21    1.0
 RUSER    22   -1.0
 RUSER    23    0.0
 RUSER    18         292.11189
 RUSER    17         129.99900
 RUSER    19         0.00103
 RUSER    15         1.33200
 RUSER    16         0.00000
 RUSER    25         1
 RUSER    26         0
 END       0    0.00
 NY      131
  3.75000E-07  5.00000E-07  6.25000E-07  7.50000E-07  8.75000E-07  1.00000E-06
  1.12500E-06  1.25000E-06  1.37500E-06  1.50000E-06  1.62500E-06  1.75000E-06
  1.87500E-06  2.00000E-06  2.25000E-06  2.50000E-06  2.75000E-06  3.00000E-06
  3.25000E-06  3.50000E-06  3.75000E-06  4.00000E-06  4.50000E-06  5.00000E-06
  5.50000E-06  6.00000E-06  6.50000E-06  7.00000E-06  7.50000E-06  8.00000E-06
  9.00000E-06  1.00000E-05  1.10000E-05  1.20000E-05  1.30000E-05  1.40000E-05
  1.50000E-05  1.60000E-05  1.80000E-05  2.00000E-05  2.20000E-05  2.40000E-05
  2.60000E-05  2.80000E-05  3.00000E-05  3.20000E-05  3.60000E-05  4.00000E-05
  4.40000E-05  4.80000E-05  5.20000E-05  5.60000E-05  6.00000E-05  6.40000E-05
  7.20000E-05  8.00000E-05  8.80000E-05  9.60000E-05  1.04000E-04  1.12000E-04
  1.20000E-04  1.28000E-04  1.44000E-04  1.60000E-04  1.76000E-04  1.92000E-04
  2.08000E-04  2.24000E-04  2.40000E-04  2.56000E-04  2.88000E-04  3.20000E-04
  3.52000E-04  3.84000E-04  4.16000E-04  4.48000E-04  4.80000E-04  5.12000E-04
  5.76000E-04  6.40000E-04  7.04000E-04  7.68000E-04  8.32000E-04  8.96000E-04
  9.60000E-04  1.02400E-03  1.15200E-03  1.28000E-03  1.40800E-03  1.53600E-03
  1.66400E-03  1.79200E-03  1.92000E-03  2.01600E-03  2.27200E-03  2.52800E-03
  2.78400E-03  3.04000E-03  3.29600E-03  3.55200E-03  3.80800E-03  4.06400E-03
  4.57600E-03  5.08800E-03  5.60000E-03  6.11200E-03  6.62400E-03  7.13600E-03
  7.64800E-03  8.16000E-03  9.18400E-03  1.02080E-02  1.12320E-02  1.22560E-02
  1.32800E-02  1.43040E-02  1.53280E-02  1.63520E-02  1.84000E-02  2.04480E-02
  2.24960E-02  2.45440E-02  2.65920E-02  2.86400E-02  3.06880E-02  3.27360E-02
  3.68320E-02  4.09280E-02  4.50240E-02  4.91200E-02  5.32160E-02
  5.25271E+00  5.22215E+00  5.22672E+00  5.21155E+00  5.19692E+00  5.20900E+00
  5.20104E+00  5.18934E+00  5.17997E+00  5.17383E+00  5.17563E+00  5.17629E+00
  5.17228E+00  5.15901E+00  5.15338E+00  5.14804E+00  5.14733E+00  5.15107E+00
  5.13146E+00  5.13557E+00  5.12610E+00  5.11871E+00  5.10545E+00  5.09473E+00
  5.08245E+00  5.07462E+00  5.05857E+00  5.05359E+00  5.03940E+00  5.02660E+00
  4.99964E+00  4.98194E+00  4.96215E+00  4.93536E+00  4.91133E+00  4.89831E+00
  4.87822E+00  4.85439E+00  4.80573E+00  4.76818E+00  4.72601E+00  4.68885E+00
  4.64511E+00  4.60210E+00  4.56154E+00  4.52421E+00  4.44412E+00  4.36725E+00
  4.29698E+00  4.22339E+00  4.15095E+00  4.08311E+00  4.01496E+00  3.94818E+00
  3.81934E+00  3.69630E+00  3.57986E+00  3.46668E+00  3.36052E+00  3.25625E+00
  3.15818E+00  3.06492E+00  2.88772E+00  2.72809E+00  2.58030E+00  2.44558E+00
  2.32408E+00  2.21289E+00  2.11088E+00  2.01852E+00  1.85414E+00  1.71760E+00
  1.60282E+00  1.50432E+00  1.42239E+00  1.35202E+00  1.29390E+00  1.24791E+00
  1.17314E+00  1.12212E+00  1.08732E+00  1.06209E+00  1.04448E+00  1.03104E+00
  1.02377E+00  1.01869E+00  1.01459E+00  1.00953E+00  1.00282E+00  9.99169E-01
  9.97341E-01  9.94588E-01  9.98448E-01  1.00207E+00  1.00639E+00  1.00742E+00
  1.00562E+00  1.00578E+00  9.94800E-01  9.96134E-01  1.00258E+00  1.00169E+00
  1.00455E+00  9.96144E-01  9.94411E-01  1.00707E+00  1.01134E+00  9.98830E-01
  9.99145E-01  9.99083E-01  1.00055E+00  1.00114E+00  9.93878E-01  9.95194E-01
  9.99738E-01  1.00130E+00  1.00199E+00  9.99337E-01  9.97905E-01  1.00368E+00
  9.97930E-01  1.00368E+00  1.00468E+00  9.98850E-01  9.99546E-01  1.00286E+00
  1.00040E+00  9.99455E-01  1.00078E+00  9.98587E-01  1.00412E+00
