AutoSaveFileName0252.ASC
 IFORMY    0    .00
 (6E13.7)
 IFORMT    0    .00
 (6E13.7)
 IFORMW    0    .00
 (6E13.7)
 NINTT     0   -1.00
 DOUSNQ    0    1.00
 IQUAD          1.00
 PRWT      0    1.00
 PRY       0    1.00
 IPLRES    1    3.00
 IPLRES    2    3.00
 IPRINT    1    0.00
 IPRINT    2    2.00
 IPLFIT    1    0.00
 IPLFIT    2    0.00
 LINEPG    0   50.
 NONNEG    1    1.00
 IWT       0    5.00
 NQPROG    1    5.00
 NQPROG    2    5.00
 GMNMX     1    1.188E-05
 GMNMX     2    1.188E-02
 RUSER    10    -1.00
 NG        0    200.00
 NLINF     0    0.00
 IUSER    10    4.00
 RUSER    21    1.0
 RUSER    22   -1.0
 RUSER    23    0.0
 RUSER    18         292.10134
 RUSER    17         98.99900
 RUSER    19         1.02792
 RUSER    15         1.33200
 RUSER    16         632.80000
 RUSER    25         1
 RUSER    26         0
 END       0    0.00
 NY      131
  3.75000E-07  5.00000E-07  6.25000E-07  7.50000E-07  8.75000E-07  1.00000E-06
  1.12500E-06  1.25000E-06  1.37500E-06  1.50000E-06  1.62500E-06  1.75000E-06
  1.87500E-06  2.00000E-06  2.25000E-06  2.50000E-06  2.75000E-06  3.00000E-06
  3.25000E-06  3.50000E-06  3.75000E-06  4.00000E-06  4.50000E-06  5.00000E-06
  5.50000E-06  6.00000E-06  6.50000E-06  7.00000E-06  7.50000E-06  8.00000E-06
  9.00000E-06  1.00000E-05  1.10000E-05  1.20000E-05  1.30000E-05  1.40000E-05
  1.50000E-05  1.60000E-05  1.80000E-05  2.00000E-05  2.20000E-05  2.40000E-05
  2.60000E-05  2.80000E-05  3.00000E-05  3.20000E-05  3.60000E-05  4.00000E-05
  4.40000E-05  4.80000E-05  5.20000E-05  5.60000E-05  6.00000E-05  6.40000E-05
  7.20000E-05  8.00000E-05  8.80000E-05  9.60000E-05  1.04000E-04  1.12000E-04
  1.20000E-04  1.28000E-04  1.44000E-04  1.60000E-04  1.76000E-04  1.92000E-04
  2.08000E-04  2.24000E-04  2.40000E-04  2.56000E-04  2.88000E-04  3.20000E-04
  3.52000E-04  3.84000E-04  4.16000E-04  4.48000E-04  4.80000E-04  5.12000E-04
  5.76000E-04  6.40000E-04  7.04000E-04  7.68000E-04  8.32000E-04  8.96000E-04
  9.60000E-04  1.02400E-03  1.15200E-03  1.28000E-03  1.40800E-03  1.53600E-03
  1.66400E-03  1.79200E-03  1.92000E-03  2.01600E-03  2.27200E-03  2.52800E-03
  2.78400E-03  3.04000E-03  3.29600E-03  3.55200E-03  3.80800E-03  4.06400E-03
  4.57600E-03  5.08800E-03  5.60000E-03  6.11200E-03  6.62400E-03  7.13600E-03
  7.64800E-03  8.16000E-03  9.18400E-03  1.02080E-02  1.12320E-02  1.22560E-02
  1.32800E-02  1.43040E-02  1.53280E-02  1.63520E-02  1.84000E-02  2.04480E-02
  2.24960E-02  2.45440E-02  2.65920E-02  2.86400E-02  3.06880E-02  3.27360E-02
  3.68320E-02  4.09280E-02  4.50240E-02  4.91200E-02  5.32160E-02
  8.06966E-01  8.11262E-01  8.11158E-01  8.06226E-01  8.08737E-01  8.04177E-01
  8.05041E-01  8.00657E-01  8.06397E-01  8.04837E-01  8.04006E-01  8.04761E-01
  8.04747E-01  8.05002E-01  8.04050E-01  8.04467E-01  8.03921E-01  8.02341E-01
  8.02652E-01  8.02805E-01  8.03668E-01  8.03543E-01  8.02509E-01  8.03876E-01
  8.01088E-01  8.02608E-01  8.00582E-01  8.01392E-01  8.01706E-01  8.00640E-01
  7.99713E-01  8.00119E-01  8.00291E-01  7.99300E-01  7.98809E-01  7.98638E-01
  7.96850E-01  7.96350E-01  7.96321E-01  7.95878E-01  7.94287E-01  7.93811E-01
  7.91871E-01  7.91392E-01  7.89812E-01  7.89169E-01  7.87745E-01  7.85854E-01
  7.84389E-01  7.82039E-01  7.80271E-01  7.77530E-01  7.76228E-01  7.74282E-01
  7.69991E-01  7.66326E-01  7.62490E-01  7.58340E-01  7.54674E-01  7.51091E-01
  7.47195E-01  7.43732E-01  7.36028E-01  7.28808E-01  7.21626E-01  7.14858E-01
  7.07626E-01  7.00852E-01  6.93941E-01  6.86867E-01  6.73374E-01  6.59882E-01
  6.46975E-01  6.34459E-01  6.22370E-01  6.10315E-01  5.98516E-01  5.86738E-01
  5.64319E-01  5.43011E-01  5.22044E-01  5.02272E-01  4.83018E-01  4.64538E-01
  4.47343E-01  4.28862E-01  3.97060E-01  3.67641E-01  3.40508E-01  3.15432E-01
  2.91622E-01  2.70100E-01  2.50356E-01  2.37586E-01  2.03695E-01  1.74183E-01
  1.48385E-01  1.25923E-01  1.05526E-01  8.74412E-02  7.26650E-02  6.14120E-02
  4.24982E-02  3.11357E-02  2.34131E-02  1.68531E-02  1.19018E-02  9.83226E-03
  1.08772E-02  9.78715E-03  6.09358E-03  3.96547E-03 -6.44509E-04 -6.56154E-03
 -1.43749E-02 -1.68469E-02 -1.63440E-02 -1.38371E-02 -4.39881E-03  6.77426E-03
  7.94428E-03  5.99960E-03  2.68960E-03 -7.32706E-04  2.52406E-03  3.65453E-03
 -2.26397E-03 -2.35107E-03  7.22166E-04 -3.62729E-03 -1.28441E-03
