AutoSaveFileName0104.ASC
 IFORMY    0    .00
 (6E13.7)
 IFORMT    0    .00
 (6E13.7)
 IFORMW    0    .00
 (6E13.7)
 NINTT     0   -1.00
 DOUSNQ    0    1.00
 IQUAD     0    1.00
 PRWT      0    1.00
 PRY       0    1.00
 IPLRES    1    3.00
 IPLRES    2    3.00
 IPRINT    1    0.00
 IPRINT    2    2.00
 IPLFIT    1    0.00
 IPLFIT    2    0.00
 LINEPG    0   50.
 NONNEG    1    1.00
 IWT       0    5.00
 NQPROG    1    5.00
 NQPROG    2    5.00
 GMNMX     1    9.31153E-03
 GMNMX     2    3.34260E-03
 RUSER    10    -1.00
 NG        0    500.00
 NLINF     0    1.00
 IUSER    10    4.00
 RUSER    21    1.0
 RUSER    22   -1.0
 RUSER    23    0.0
 RUSER    18         291.96794
 RUSER    17         64.99900
 RUSER    19         1.03132
 RUSER    15         1.33200
 RUSER    16         632.80000
 RUSER    25         1
 RUSER    26         0
 END       0    0.00
 NY      162
  7.50000E-07  8.75000E-07  1.00000E-06  1.12500E-06  1.25000E-06  1.37500E-06
  1.50000E-06  1.62500E-06  1.75000E-06  1.87500E-06  2.00000E-06  2.25000E-06
  2.50000E-06  2.75000E-06  3.00000E-06  3.25000E-06  3.50000E-06  3.75000E-06
  4.00000E-06  4.50000E-06  5.00000E-06  5.50000E-06  6.00000E-06  6.50000E-06
  7.00000E-06  7.50000E-06  8.00000E-06  9.00000E-06  1.00000E-05  1.10000E-05
  1.20000E-05  1.30000E-05  1.40000E-05  1.50000E-05  1.60000E-05  1.80000E-05
  2.00000E-05  2.20000E-05  2.40000E-05  2.60000E-05  2.80000E-05  3.00000E-05
  3.20000E-05  3.60000E-05  4.00000E-05  4.40000E-05  4.80000E-05  5.20000E-05
  5.60000E-05  6.00000E-05  6.40000E-05  7.20000E-05  8.00000E-05  8.80000E-05
  9.60000E-05  1.04000E-04  1.12000E-04  1.20000E-04  1.28000E-04  1.44000E-04
  1.60000E-04  1.76000E-04  1.92000E-04  2.08000E-04  2.24000E-04  2.40000E-04
  2.56000E-04  2.88000E-04  3.20000E-04  3.52000E-04  3.84000E-04  4.16000E-04
  4.48000E-04  4.80000E-04  5.12000E-04  5.76000E-04  6.40000E-04  7.04000E-04
  7.68000E-04  8.32000E-04  8.96000E-04  9.60000E-04  1.02400E-03  1.15200E-03
  1.28000E-03  1.40800E-03  1.53600E-03  1.66400E-03  1.79200E-03  1.92000E-03
  2.01600E-03  2.27200E-03  2.52800E-03  2.78400E-03  3.04000E-03  3.29600E-03
  3.55200E-03  3.80800E-03  4.06400E-03  4.57600E-03  5.08800E-03  5.60000E-03
  6.11200E-03  6.62400E-03  7.13600E-03  7.64800E-03  8.16000E-03  9.18400E-03
  1.02080E-02  1.12320E-02  1.22560E-02  1.32800E-02  1.43040E-02  1.53280E-02
  1.63520E-02  1.84000E-02  2.04480E-02  2.24960E-02  2.45440E-02  2.65920E-02
  2.86400E-02  3.06880E-02  3.27360E-02  3.68320E-02  4.09280E-02  4.50240E-02
  4.91200E-02  5.32160E-02  5.73120E-02  6.14080E-02  6.55040E-02  7.36960E-02
  8.18880E-02  9.00800E-02  9.82720E-02  1.06464E-01  1.14656E-01  1.22848E-01
  1.31040E-01  1.47424E-01  1.63808E-01  1.80192E-01  1.96576E-01  2.12960E-01
  2.29344E-01  2.45728E-01  2.62112E-01  2.94880E-01  3.27648E-01  3.60416E-01
  3.93184E-01  4.25952E-01  4.58720E-01  4.91488E-01  5.24256E-01  5.89792E-01
  6.55328E-01  7.20864E-01  7.86400E-01  8.51936E-01  9.17472E-01  9.83008E-01
  1.00000E+00  9.99064E-01  9.98983E-01  9.94948E-01  9.98782E-01  9.94856E-01
  9.94884E-01  9.92941E-01  9.96162E-01  9.93768E-01  9.93754E-01  9.96532E-01
  9.96221E-01  9.93635E-01  9.92898E-01  9.93777E-01  9.93782E-01  9.90262E-01
  9.91367E-01  9.89439E-01  9.89442E-01  9.88285E-01  9.87671E-01  9.85196E-01
  9.84895E-01  9.84698E-01  9.84573E-01  9.81391E-01  9.79687E-01  9.78345E-01
  9.74899E-01  9.74624E-01  9.71988E-01  9.71061E-01  9.68617E-01  9.64497E-01
  9.61647E-01  9.57352E-01  9.54590E-01  9.50259E-01  9.46874E-01  9.42830E-01
  9.39642E-01  9.32708E-01  9.25864E-01  9.18250E-01  9.11094E-01  9.04039E-01
  8.97430E-01  8.90456E-01  8.84141E-01  8.70698E-01  8.57856E-01  8.44631E-01
  8.32067E-01  8.19359E-01  8.07165E-01  7.95855E-01  7.83929E-01  7.60601E-01
  7.37908E-01  7.16156E-01  6.94810E-01  6.74494E-01  6.54316E-01  6.35335E-01
  6.16694E-01  5.81020E-01  5.47522E-01  5.16006E-01  4.86490E-01  4.58457E-01
  4.32573E-01  4.07794E-01  3.85106E-01  3.42792E-01  3.05449E-01  2.72271E-01
  2.42663E-01  2.16264E-01  1.92842E-01  1.72112E-01  1.54065E-01  1.22660E-01
  9.84850E-02  7.91344E-02  6.37836E-02  5.10805E-02  4.03297E-02  3.19006E-02
  2.71233E-02  1.73113E-02  1.06083E-02  5.50478E-03  1.72293E-03 -2.23666E-04
 -5.98884E-04  4.09977E-04  1.01699E-03  1.86692E-03  4.32111E-03  6.11159E-03
  3.30095E-03 -4.26163E-04 -7.33541E-04 -1.76133E-04  1.40322E-04 -5.33491E-04
 -1.53642E-03  1.99206E-03  3.19473E-03  1.44088E-03  1.70855E-03  2.00653E-03
  4.10344E-04 -1.10738E-03  3.29296E-04  2.20427E-04  1.32045E-03  2.88144E-03
  2.05211E-03  2.40549E-03  1.71055E-03  3.73433E-03  2.15695E-04 -1.79855E-05
 -1.68709E-03  8.04790E-05  1.18313E-03 -1.03357E-03  2.60648E-04  4.24511E-04
  9.67415E-04 -6.74222E-04  2.02293E-05 -1.68518E-03 -2.45477E-04 -4.13775E-04
 -7.92240E-04  6.72491E-04 -9.46346E-04 -1.16273E-03  9.00026E-04 -6.76813E-04
  4.23634E-04  2.54385E-04  1.01479E-03  7.86978E-04 -1.30241E-03  1.28455E-04
 -5.56274E-04 -8.64074E-04 -1.22982E-03  1.21777E-04 -1.12916E-03  1.10740E-04
 -3.97795E-05 -2.94146E-04  7.83628E-04  5.00642E-04 -2.37370E-04  3.36427E-04
