AutoSaveFileName0165.ASC
 IFORMY    0    .00
 (6E13.7)
 IFORMT    0    .00
 (6E13.7)
 IFORMW    0    .00
 (6E13.7)
 NINTT     0   -1.00
 DOUSNQ    0    1.00
 IQUAD     0    1.00
 PRWT      0    1.00
 PRY       0    1.00
 IPLRES    1    3.00
 IPLRES    2    3.00
 IPRINT    1    0.00
 IPRINT    2    2.00
 IPLFIT    1    0.00
 IPLFIT    2    0.00
 LINEPG    0   50.
 NONNEG    1    1.00
 IWT       0    5.00
 NQPROG    1    5.00
 NQPROG    2    5.00
 GMNMX     1    4.93749E-03
 GMNMX     2    1.77243E-03
 RUSER    10    -1.00
 NG        0    500.00
 NLINF     0    1.00
 IUSER    10    4.00
 RUSER    21    1.0
 RUSER    22   -1.0
 RUSER    23    0.0
 RUSER    18         292.02325
 RUSER    17         94.99900
 RUSER    19         1.02990
 RUSER    15         1.33200
 RUSER    16         632.80000
 RUSER    25         1
 RUSER    26         0
 END       0    0.00
 NY      162
  7.50000E-07  8.75000E-07  1.00000E-06  1.12500E-06  1.25000E-06  1.37500E-06
  1.50000E-06  1.62500E-06  1.75000E-06  1.87500E-06  2.00000E-06  2.25000E-06
  2.50000E-06  2.75000E-06  3.00000E-06  3.25000E-06  3.50000E-06  3.75000E-06
  4.00000E-06  4.50000E-06  5.00000E-06  5.50000E-06  6.00000E-06  6.50000E-06
  7.00000E-06  7.50000E-06  8.00000E-06  9.00000E-06  1.00000E-05  1.10000E-05
  1.20000E-05  1.30000E-05  1.40000E-05  1.50000E-05  1.60000E-05  1.80000E-05
  2.00000E-05  2.20000E-05  2.40000E-05  2.60000E-05  2.80000E-05  3.00000E-05
  3.20000E-05  3.60000E-05  4.00000E-05  4.40000E-05  4.80000E-05  5.20000E-05
  5.60000E-05  6.00000E-05  6.40000E-05  7.20000E-05  8.00000E-05  8.80000E-05
  9.60000E-05  1.04000E-04  1.12000E-04  1.20000E-04  1.28000E-04  1.44000E-04
  1.60000E-04  1.76000E-04  1.92000E-04  2.08000E-04  2.24000E-04  2.40000E-04
  2.56000E-04  2.88000E-04  3.20000E-04  3.52000E-04  3.84000E-04  4.16000E-04
  4.48000E-04  4.80000E-04  5.12000E-04  5.76000E-04  6.40000E-04  7.04000E-04
  7.68000E-04  8.32000E-04  8.96000E-04  9.60000E-04  1.02400E-03  1.15200E-03
  1.28000E-03  1.40800E-03  1.53600E-03  1.66400E-03  1.79200E-03  1.92000E-03
  2.01600E-03  2.27200E-03  2.52800E-03  2.78400E-03  3.04000E-03  3.29600E-03
  3.55200E-03  3.80800E-03  4.06400E-03  4.57600E-03  5.08800E-03  5.60000E-03
  6.11200E-03  6.62400E-03  7.13600E-03  7.64800E-03  8.16000E-03  9.18400E-03
  1.02080E-02  1.12320E-02  1.22560E-02  1.32800E-02  1.43040E-02  1.53280E-02
  1.63520E-02  1.84000E-02  2.04480E-02  2.24960E-02  2.45440E-02  2.65920E-02
  2.86400E-02  3.06880E-02  3.27360E-02  3.68320E-02  4.09280E-02  4.50240E-02
  4.91200E-02  5.32160E-02  5.73120E-02  6.14080E-02  6.55040E-02  7.36960E-02
  8.18880E-02  9.00800E-02  9.82720E-02  1.06464E-01  1.14656E-01  1.22848E-01
  1.31040E-01  1.47424E-01  1.63808E-01  1.80192E-01  1.96576E-01  2.12960E-01
  2.29344E-01  2.45728E-01  2.62112E-01  2.94880E-01  3.27648E-01  3.60416E-01
  3.93184E-01  4.25952E-01  4.58720E-01  4.91488E-01  5.24256E-01  5.89792E-01
  6.55328E-01  7.20864E-01  7.86400E-01  8.51936E-01  9.17472E-01  9.83008E-01
  1.00000E+00  9.95610E-01  9.99511E-01  9.96388E-01  9.96994E-01  9.94646E-01
  9.94516E-01  9.94286E-01  9.93086E-01  9.91963E-01  9.91969E-01  9.91011E-01
  9.91681E-01  9.87985E-01  9.89662E-01  9.87188E-01  9.86397E-01  9.86109E-01
  9.85707E-01  9.83695E-01  9.80854E-01  9.79675E-01  9.77737E-01  9.76843E-01
  9.74557E-01  9.73924E-01  9.70931E-01  9.67999E-01  9.63694E-01  9.60074E-01
  9.57317E-01  9.54466E-01  9.49804E-01  9.47106E-01  9.44133E-01  9.36836E-01
  9.30508E-01  9.22937E-01  9.15974E-01  9.09704E-01  9.03569E-01  8.96670E-01
  8.90329E-01  8.77100E-01  8.64580E-01  8.52672E-01  8.39652E-01  8.28620E-01
  8.16233E-01  8.03624E-01  7.92244E-01  7.69885E-01  7.47751E-01  7.26696E-01
  7.05699E-01  6.85705E-01  6.66425E-01  6.47195E-01  6.28922E-01  5.92928E-01
  5.60044E-01  5.28772E-01  4.98792E-01  4.71251E-01  4.44772E-01  4.20307E-01
  3.97341E-01  3.53997E-01  3.15721E-01  2.81575E-01  2.50936E-01  2.23557E-01
  1.99435E-01  1.77781E-01  1.59101E-01  1.26323E-01  1.00162E-01  8.00509E-02
  6.39354E-02  5.17020E-02  4.19689E-02  3.39638E-02  2.77501E-02  1.74581E-02
  1.07573E-02  6.28482E-03  3.33458E-03  2.08847E-03  1.40284E-03  8.57120E-04
  1.72223E-04 -4.54747E-04 -1.36258E-03 -2.50032E-03 -1.43652E-03 -3.96045E-04
 -4.78019E-04 -5.56502E-04  1.10361E-03  2.39244E-03  1.24782E-03  1.51600E-03
  1.26636E-03  1.57099E-03  1.50414E-03  1.48652E-03  1.56274E-03  1.13003E-03
  1.85628E-04 -2.01475E-04  6.22103E-04  2.81715E-04 -5.12707E-04  1.16939E-03
  1.29736E-04 -1.02645E-03 -2.72225E-04 -1.28293E-03 -3.55743E-05  1.61774E-03
 -1.51091E-03 -1.36859E-03  3.93179E-04  5.33092E-04 -4.06603E-04  8.31820E-04
  6.22657E-04 -4.95079E-04 -1.00751E-03 -1.58123E-04 -8.51877E-04 -1.00923E-03
 -4.82779E-05 -2.34070E-04  1.67075E-03 -9.71962E-04 -1.69238E-05 -2.20983E-04
  8.87373E-05 -3.61921E-04 -9.88486E-05 -3.00185E-04 -2.03363E-04  3.02126E-04
  4.55203E-04  4.24344E-04  3.38060E-04  2.16490E-04 -1.43275E-04  2.47790E-04
 -2.59294E-04  4.26331E-05 -3.92725E-04  3.43874E-04  7.62347E-05  6.52123E-05
 -2.32309E-04  1.16867E-04 -3.30573E-04 -1.54664E-06  1.61260E-04 -5.31163E-05
