AutoSaveFileName0095.ASC
 IFORMY    0    .00
 (6E13.7)
 IFORMT    0    .00
 (6E13.7)
 IFORMW    0    .00
 (6E13.7)
 NINTT     0   -1.00
 DOUSNQ    0    1.00
 IQUAD          1.00
 PRWT      0    1.00
 PRY       0    1.00
 IPLRES    1    3.00
 IPLRES    2    3.00
 IPRINT    1    0.00
 IPRINT    2    2.00
 IPLFIT    1    0.00
 IPLFIT    2    0.00
 LINEPG    0   50.
 NONNEG    1    1.00
 IWT       0    5.00
 NQPROG    1    5.00
 NQPROG    2    5.00
 GMNMX     1    2.740E-05
 GMNMX     2    2.740E-02
 RUSER    10    -1.00
 NG        0    200.00
 NLINF     0    0.00
 IUSER    10    4.00
 RUSER    21    1.0
 RUSER    22   -1.0
 RUSER    23    0.0
 RUSER    18         292.19302
 RUSER    17         59.99800
 RUSER    19         1.02559
 RUSER    15         1.33200
 RUSER    16         632.80000
 RUSER    25         1
 RUSER    26         0
 END       0    0.00
 NY      188
  5.00000E-07  6.25000E-07  7.50000E-07  8.75000E-07  1.00000E-06  1.12500E-06
  1.25000E-06  1.37500E-06  1.50000E-06  1.62500E-06  1.75000E-06  1.87500E-06
  2.00000E-06  2.25000E-06  2.50000E-06  2.75000E-06  3.00000E-06  3.25000E-06
  3.50000E-06  3.75000E-06  4.00000E-06  4.50000E-06  5.00000E-06  5.50000E-06
  6.00000E-06  6.50000E-06  7.00000E-06  7.50000E-06  8.00000E-06  9.00000E-06
  1.00000E-05  1.10000E-05  1.20000E-05  1.30000E-05  1.40000E-05  1.50000E-05
  1.60000E-05  1.80000E-05  2.00000E-05  2.20000E-05  2.40000E-05  2.60000E-05
  2.80000E-05  3.00000E-05  3.20000E-05  3.60000E-05  4.00000E-05  4.40000E-05
  4.80000E-05  5.20000E-05  5.60000E-05  6.00000E-05  6.40000E-05  7.20000E-05
  8.00000E-05  8.80000E-05  9.60000E-05  1.04000E-04  1.12000E-04  1.20000E-04
  1.28000E-04  1.44000E-04  1.60000E-04  1.76000E-04  1.92000E-04  2.08000E-04
  2.24000E-04  2.40000E-04  2.56000E-04  2.88000E-04  3.20000E-04  3.52000E-04
  3.84000E-04  4.16000E-04  4.48000E-04  4.80000E-04  5.12000E-04  5.76000E-04
  6.40000E-04  7.04000E-04  7.68000E-04  8.32000E-04  8.96000E-04  9.60000E-04
  1.02400E-03  1.15200E-03  1.28000E-03  1.40800E-03  1.53600E-03  1.66400E-03
  1.79200E-03  1.92000E-03  2.01600E-03  2.27200E-03  2.52800E-03  2.78400E-03
  3.04000E-03  3.29600E-03  3.55200E-03  3.80800E-03  4.06400E-03  4.57600E-03
  5.08800E-03  5.60000E-03  6.11200E-03  6.62400E-03  7.13600E-03  7.64800E-03
  8.16000E-03  9.18400E-03  1.02080E-02  1.12320E-02  1.22560E-02  1.32800E-02
  1.43040E-02  1.53280E-02  1.63520E-02  1.84000E-02  2.04480E-02  2.24960E-02
  2.45440E-02  2.65920E-02  2.86400E-02  3.06880E-02  3.27360E-02  3.68320E-02
  4.09280E-02  4.50240E-02  4.91200E-02  5.32160E-02  5.73120E-02  6.14080E-02
  6.55040E-02  7.36960E-02  8.18880E-02  9.00800E-02  9.82720E-02  1.06464E-01
  1.14656E-01  1.22848E-01  1.31040E-01  1.47424E-01  1.63808E-01  1.80192E-01
  1.96576E-01  2.12960E-01  2.29344E-01  2.45728E-01  2.62112E-01  2.94880E-01
  3.27648E-01  3.60416E-01  3.93184E-01  4.25952E-01  4.58720E-01  4.91488E-01
  5.24256E-01  5.89792E-01  6.55328E-01  7.20864E-01  7.86400E-01  8.51936E-01
  9.17472E-01  9.83008E-01  1.04854E+00  1.17962E+00  1.31069E+00  1.44176E+00
  1.57283E+00  1.70390E+00  1.83498E+00  1.96605E+00  2.09712E+00  2.35926E+00
  2.62141E+00  2.88355E+00  3.14570E+00  3.40784E+00  3.66998E+00  3.93213E+00
  4.19427E+00  4.71856E+00  5.24285E+00  5.76714E+00  6.29142E+00  6.81571E+00
  7.34000E+00  7.86429E+00
  9.90312E-01  9.90691E-01  9.91307E-01  9.89614E-01  9.92478E-01  9.88639E-01
  9.89714E-01  9.88702E-01  9.86482E-01  9.86740E-01  9.87236E-01  9.87406E-01
  9.88389E-01  9.86217E-01  9.87230E-01  9.87256E-01  9.86887E-01  9.86608E-01
  9.86734E-01  9.86636E-01  9.86016E-01  9.86624E-01  9.86624E-01  9.87448E-01
  9.86838E-01  9.88922E-01  9.87996E-01  9.86445E-01  9.87703E-01  9.86032E-01
  9.85874E-01  9.85808E-01  9.85655E-01  9.86004E-01  9.85926E-01  9.85788E-01
  9.85527E-01  9.85202E-01  9.85483E-01  9.85457E-01  9.85162E-01  9.83901E-01
  9.84314E-01  9.84258E-01  9.83879E-01  9.83997E-01  9.83006E-01  9.82507E-01
  9.82044E-01  9.81797E-01  9.80995E-01  9.80878E-01  9.80485E-01  9.79441E-01
  9.77876E-01  9.77176E-01  9.76370E-01  9.75514E-01  9.74423E-01  9.73701E-01
  9.72636E-01  9.70703E-01  9.68643E-01  9.67085E-01  9.65342E-01  9.63570E-01
  9.61412E-01  9.59585E-01  9.57722E-01  9.53908E-01  9.50450E-01  9.46596E-01
  9.42924E-01  9.39005E-01  9.35612E-01  9.31890E-01  9.28248E-01  9.21229E-01
  9.13811E-01  9.06927E-01  8.99685E-01  8.92638E-01  8.85776E-01  8.78959E-01
  8.70669E-01  8.57265E-01  8.44007E-01  8.31132E-01  8.18392E-01  8.05848E-01
  7.93549E-01  7.81472E-01  7.72057E-01  7.48712E-01  7.26201E-01  7.04304E-01
  6.83037E-01  6.62594E-01  6.42866E-01  6.23755E-01  6.05494E-01  5.70389E-01
  5.37486E-01  5.06843E-01  4.78529E-01  4.51873E-01  4.26852E-01  4.03019E-01
  3.80904E-01  3.39983E-01  3.04223E-01  2.72836E-01  2.44794E-01  2.19825E-01
  1.97323E-01  1.77217E-01  1.59466E-01  1.27882E-01  1.04570E-01  8.59212E-02
  7.11810E-02  6.02506E-02  5.20675E-02  4.31370E-02  3.56073E-02  2.41243E-02
  1.36726E-02  5.19329E-03  2.41243E-03  3.77170E-03  7.10964E-03  7.70529E-03
  3.18961E-03 -5.57342E-03 -5.36768E-03  1.61547E-03  1.14739E-02  4.24108E-03
  3.26186E-03  4.95429E-03  6.22979E-03  4.13199E-03 -3.76899E-03 -4.75288E-03
  3.13002E-03  1.23128E-02 -1.02250E-03  5.87676E-03  1.78513E-03  5.26416E-03
 -1.14564E-02 -5.45658E-03 -3.19243E-03  3.62885E-04 -1.61341E-02 -1.10486E-02
 -8.22896E-03 -7.22012E-03  1.76485E-03  6.16305E-03 -5.40821E-03  1.58001E-04
  6.19566E-03 -6.92717E-04 -2.23132E-03  6.19690E-04 -2.98822E-03 -2.81435E-03
 -6.40474E-04 -3.05526E-03  7.09306E-03 -4.04842E-04  3.78257E-03  9.68976E-04
 -2.67259E-03 -4.62157E-03  3.72278E-03  6.54241E-03 -1.12154E-03 -3.73935E-03
  6.99850E-05 -1.17935E-03 -2.51029E-04  9.49664E-04  5.23623E-04  2.21830E-03
 -7.90876E-04 -1.20430E-03
