AutoSaveFileName0315.ASC
 IFORMY    0    .00
 (6E13.7)
 IFORMT    0    .00
 (6E13.7)
 IFORMW    0    .00
 (6E13.7)
 NINTT     0   -1.00
 DOUSNQ    0    1.00
 IQUAD          1.00
 PRWT      0    1.00
 PRY       0    1.00
 IPLRES    1    3.00
 IPLRES    2    3.00
 IPRINT    1    0.00
 IPRINT    2    2.00
 IPLFIT    1    0.00
 IPLFIT    2    0.00
 LINEPG    0   50.
 NONNEG    1    1.00
 IWT       0    5.00
 NQPROG    1    5.00
 NQPROG    2    5.00
 GMNMX     1    9.129E-06
 GMNMX     2    9.129E-03
 RUSER    10    -1.00
 NG        0    200.00
 NLINF     0    0.00
 IUSER    10    4.00
 RUSER    21    1.0
 RUSER    22   -1.0
 RUSER    23    0.0
 RUSER    18         292.20326
 RUSER    17         119.99900
 RUSER    19         1.02533
 RUSER    15         1.33200
 RUSER    16         632.80000
 RUSER    25         1
 RUSER    26         0
 END       0    0.00
 NY      131
  3.75000E-07  5.00000E-07  6.25000E-07  7.50000E-07  8.75000E-07  1.00000E-06
  1.12500E-06  1.25000E-06  1.37500E-06  1.50000E-06  1.62500E-06  1.75000E-06
  1.87500E-06  2.00000E-06  2.25000E-06  2.50000E-06  2.75000E-06  3.00000E-06
  3.25000E-06  3.50000E-06  3.75000E-06  4.00000E-06  4.50000E-06  5.00000E-06
  5.50000E-06  6.00000E-06  6.50000E-06  7.00000E-06  7.50000E-06  8.00000E-06
  9.00000E-06  1.00000E-05  1.10000E-05  1.20000E-05  1.30000E-05  1.40000E-05
  1.50000E-05  1.60000E-05  1.80000E-05  2.00000E-05  2.20000E-05  2.40000E-05
  2.60000E-05  2.80000E-05  3.00000E-05  3.20000E-05  3.60000E-05  4.00000E-05
  4.40000E-05  4.80000E-05  5.20000E-05  5.60000E-05  6.00000E-05  6.40000E-05
  7.20000E-05  8.00000E-05  8.80000E-05  9.60000E-05  1.04000E-04  1.12000E-04
  1.20000E-04  1.28000E-04  1.44000E-04  1.60000E-04  1.76000E-04  1.92000E-04
  2.08000E-04  2.24000E-04  2.40000E-04  2.56000E-04  2.88000E-04  3.20000E-04
  3.52000E-04  3.84000E-04  4.16000E-04  4.48000E-04  4.80000E-04  5.12000E-04
  5.76000E-04  6.40000E-04  7.04000E-04  7.68000E-04  8.32000E-04  8.96000E-04
  9.60000E-04  1.02400E-03  1.15200E-03  1.28000E-03  1.40800E-03  1.53600E-03
  1.66400E-03  1.79200E-03  1.92000E-03  2.01600E-03  2.27200E-03  2.52800E-03
  2.78400E-03  3.04000E-03  3.29600E-03  3.55200E-03  3.80800E-03  4.06400E-03
  4.57600E-03  5.08800E-03  5.60000E-03  6.11200E-03  6.62400E-03  7.13600E-03
  7.64800E-03  8.16000E-03  9.18400E-03  1.02080E-02  1.12320E-02  1.22560E-02
  1.32800E-02  1.43040E-02  1.53280E-02  1.63520E-02  1.84000E-02  2.04480E-02
  2.24960E-02  2.45440E-02  2.65920E-02  2.86400E-02  3.06880E-02  3.27360E-02
  3.68320E-02  4.09280E-02  4.50240E-02  4.91200E-02  5.32160E-02
  8.09387E-01  8.13403E-01  8.09618E-01  8.11660E-01  8.07594E-01  8.08339E-01
  8.07775E-01  8.08428E-01  8.08137E-01  8.10060E-01  8.09713E-01  8.06668E-01
  8.06335E-01  8.07377E-01  8.03711E-01  8.04835E-01  8.05889E-01  8.06580E-01
  8.06174E-01  8.04044E-01  8.04485E-01  8.05514E-01  8.05456E-01  8.05106E-01
  8.02357E-01  8.03525E-01  8.02850E-01  8.03747E-01  8.04281E-01  8.01964E-01
  8.01839E-01  8.00483E-01  8.00688E-01  7.99606E-01  7.99377E-01  7.98900E-01
  7.97948E-01  7.96884E-01  7.96680E-01  7.94147E-01  7.93637E-01  7.92025E-01
  7.91199E-01  7.89452E-01  7.88660E-01  7.87266E-01  7.84125E-01  7.81301E-01
  7.79449E-01  7.76601E-01  7.74245E-01  7.71491E-01  7.69512E-01  7.66837E-01
  7.62098E-01  7.57382E-01  7.52008E-01  7.47308E-01  7.41982E-01  7.38268E-01
  7.32925E-01  7.27936E-01  7.18512E-01  7.09365E-01  7.00411E-01  6.91068E-01
  6.82552E-01  6.73711E-01  6.64995E-01  6.56838E-01  6.40054E-01  6.23807E-01
  6.08305E-01  5.92782E-01  5.77517E-01  5.62700E-01  5.48483E-01  5.35162E-01
  5.08463E-01  4.83071E-01  4.59050E-01  4.36313E-01  4.14664E-01  3.94172E-01
  3.74700E-01  3.56521E-01  3.22846E-01  2.92146E-01  2.64469E-01  2.39572E-01
  2.17133E-01  1.97289E-01  1.78666E-01  1.66149E-01  1.36757E-01  1.14810E-01
  9.76460E-02  8.26094E-02  6.89699E-02  5.78709E-02  4.82646E-02  4.09650E-02
  2.90980E-02  2.06632E-02  1.66578E-02  1.31781E-02  7.12232E-03  1.22907E-04
 -5.37512E-03 -6.85017E-03 -5.53227E-03 -1.76658E-03 -4.02550E-03 -7.71777E-03
 -3.05226E-03 -1.77680E-03 -4.01576E-03 -6.05358E-03 -1.63839E-03  1.37577E-03
 -1.70181E-03 -1.62115E-03  2.31743E-03  6.92768E-03  3.83065E-03  7.16279E-04
 -4.93763E-03 -8.25253E-03 -3.75592E-03  1.19048E-03  9.84060E-03
